Initial State Manifold is S1/2.
Total pulse time: 578.99 us.
######################################################################## 

initial_state = [[0, 4, -2]]

pulse_train_U1 = [[0, 1, -1], [0, 2, -1], [0, 1, 1], [0, 3, -1], [0, 4, 1], [0, 2, 2], [0, 2, 0], [0, 2, -2], [0, 4, 0], [0, 3, 2], [0, 3, 0], [0, 4, -1], [0, 3, 1], [0, 4, -2]]
fractions_U1 = [0.06666666666666667, 0.07142857142857142, 0.07692307692307693, 0.08333333333333333, 0.09090909090909091, 0.1, 0.1111111111111111, 0.125, 0.14285714285714285, 0.16666666666666666, 0.2, 0.25, 0.3333333333333333, 0.5]
simulated_phase_mask_U1 = [0, 0, 0, 0, 0, 0, 0, 0, 0, 0, 0, 0, 0, 0]
fixed_phase_mask_U1 = [0, 0, 0, 0, 0, 0, 0, 0, 0, 0, 0, 0, 0, 0]

pulse_train_U2 = [[0, 4, -2], [0, 3, 1], [0, 4, -1], [0, 3, 0], [0, 3, 2], [0, 4, 0], [0, 2, -2], [0, 2, 0], [0, 2, 2], [0, 4, 1], [0, 3, -1], [0, 1, 1], [0, 2, -1], [0, 1, -1]]
fractions_U2 = [0.5, 0.3333333333333333, 0.25, 0.2, 0.16666666666666666, 0.14285714285714285, 0.125, 0.1111111111111111, 0.1, 0.09090909090909091, 0.08333333333333333, 0.07692307692307693, 0.07142857142857142, 0.06666666666666667]
simulated_phase_mask_U2 = [14, 13, 12, 11, 10, 9, 8, 7, 6, 5, 4, 3, 2, 1]
fixed_phase_mask_U2 = [1, 1, 1, 1, 1, 1, 1, 1, 1, 1, 1, 1, 1, 1]

s12_state_shelvings = []
s12_state_fractions = []
s12_state_fixed_phases = []
s12_state_simulated_phases = []

probe_trans = [[-2, 1, -1], [1, 2, -1], [0, 1, 1], [-1, 3, -1], [1, 4, 1], [1, 2, 2], [2, 2, 0], [0, 2, -2], [1, 4, 0], [1, 3, 2], [-1, 3, 0], [1, 4, -1], [0, 3, 1], [0, 4, -2]]

pulse_train_U2 = pulse_train_U2 + s12_state_shelvings
fractions_U2 = fractions_U2 + s12_state_fractions
fixed_phase_mask_U2 = fixed_phase_mask_U2 + s12_state_fixed_phases
simulated_phase_mask_U2 = simulated_phase_mask_U2 + s12_state_simulated_phases
######################################################################## 

