Dimension set = 16
Dimension found = 16
Cost = 1.4116568228207682
Total number of initial group guesses = 100 

Group: 
[[0, 0], [4, -2], [4, 1], [1, 1], [2, 1], [3, 0], [2, 2], [4, -1], [4, 0], [2, -1], [2, -2], [2, 0], [3, -1], [1, -1], [3, 1], [3, 2]] 

States: 
[[0, 0], [2, 1], [1, -1], [2, -1], [1, 1], [3, -1], [4, 1], [2, 2], [2, 0], [2, -2], [4, 0], [3, 2], [3, 0], [4, -1], [3, 1], [4, -2]] 

Mediators: 
[] 

Free: 
[[4, -4], [4, -3], [4, 2], [4, 3], [4, 4], [3, -3], [3, -2], [3, 3], [1, 0], [0, 2], [0, 1], [0, -1], [0, -2]] 

Paths: 
 Initial State Final State    Pi-Time
             0     [4, -2]  26.576675
             0      [4, 1] 118.798915
             0      [1, 1] 146.717481
             0      [2, 1] 293.026158
             0      [3, 0]  55.343366
             0      [2, 2] 116.860218
             0     [4, -1]  46.257521
             0      [4, 0]  61.724494
             0     [2, -1] 165.723217
             0     [2, -2]  78.401187
             0      [2, 0] 104.793595
             0     [3, -1] 123.374675
             0     [1, -1] 202.855139
             0      [3, 1]  37.802919
             0      [3, 2]  56.335165 

########################################################################