Dimension set = 4
Dimension found = 4
Cost = 0.03958604077672039
Total number of initial group guesses = 100 

Group: 
[[0, -2], [3, -3], [3, -2], [4, -4]] 

States: 
[[0, -2], [3, -2], [3, -3], [4, -4]] 

Mediators: 
[] 

Free: 
[[4, -3], [4, -2], [4, -1], [4, 0], [4, 1], [4, 2], [4, 3], [4, 4], [3, -1], [3, 0], [3, 1], [3, 2], [3, 3], [2, -2], [2, -1], [2, 0], [2, 1], [2, 2], [1, -1], [1, 0], [1, 1], [0, 2], [0, 1], [0, 0], [0, -1]] 

Paths: 
 Initial State Final State   Pi-Time
            -2     [3, -3] 35.554000
            -2     [3, -2] 42.983799
            -2     [4, -4] 19.470000 

########################################################################