Dimension set = 7
Dimension found = 7
Cost = 0.13610648136727596
Total number of initial group guesses = 100 

Group: 
[[0, 1], [4, 2], [3, 3], [4, -1], [4, 1], [3, 2], [4, 0]] 

States: 
[[0, 1], [3, 2], [4, 2], [4, 0], [3, 3], [4, 1], [4, -1]] 

Mediators: 
[] 

Free: 
[[4, -4], [4, -3], [4, -2], [4, 3], [4, 4], [3, -3], [3, -2], [3, -1], [3, 0], [3, 1], [2, -2], [2, -1], [2, 0], [2, 1], [2, 2], [1, -1], [1, 0], [1, 1], [0, 2], [0, 0], [0, -1], [0, -2]] 

Paths: 
 Initial State Final State   Pi-Time
             1      [4, 2] 48.498897
             1      [3, 3] 45.818750
             1     [4, -1] 37.672914
             1      [4, 1] 42.285364
             1      [3, 2] 52.091368
             1      [4, 0] 45.886274 

########################################################################