[{"0": [0, 3, 4, 0, 0, 2, 2, 2, 4, 2, 3, 1, 1, 2, 34, 37]}, null, null, 0, false, [], false, 0, [], null, 0, 1744313700.36207, 0, {}]
[{"0": [3, 3, 0, 4, 3, 4, 0, 2, 0, 2, 0, 1, 1, 1, 1, 1]}, null, null, 1, false, [], false, 0, [], null, 0, 1744313700.5767295, 0, {}]
[{"0": [2, 22, 43, 2, 4, 3, 2, 1, 4, 3, 5, 1, 2, 1, 3, 0]}, null, null, 1, false, [], false, 0, [], null, 0, 1744313700.7775638, 0, {}]
[{"0": [2, 35, 37, 28, 1, 0, 4, 0, 2, 2, 1, 3, 2, 1, 3, 1]}, null, null, 2, false, [], false, 0, [], null, 0, 1744313700.9910703, 0, {}]
[{"0": [2, 0, 3, 3, 2, 2, 2, 2, 2, 1, 3, 1, 46, 29, 38, 1]}, null, null, 2, false, [], false, 0, [], null, 0, 1744313701.1775098, 0, {}]
[{"0": [5, 0, 37, 36, 28, 1, 0, 1, 2, 1, 0, 2, 1, 0, 3, 5]}, null, null, 3, false, [], false, 0, [], null, 0, 1744313701.390443, 0, {}]
[{"0": [1, 2, 2, 3, 1, 28, 30, 39, 30, 36, 26, 33, 7, 2, 3, 3]}, null, null, 4, false, [], false, 0, [], null, 0, 1744313701.5891442, 0, {}]
[{"0": [36, 32, 20, 29, 30, 5, 0, 1, 1, 1, 3, 0, 1, 1, 2, 3]}, null, null, 4, false, [], false, 0, [], null, 0, 1744313701.775708, 0, {}]
[{"0": [6, 2, 0, 0, 6, 2, 1, 1, 2, 2, 0, 0, 2, 4, 31, 30]}, null, null, 5, false, [], false, 0, [], null, 0, 1744313701.9786286, 0, {}]
[{"0": [2, 1, 31, 34, 24, 1, 1, 0, 2, 1, 2, 0, 4, 1, 2, 2]}, null, null, 5, false, [], false, 0, [], null, 0, 1744313702.1932018, 0, {}]
[{"0": [2, 2, 1, 1, 0, 4, 3, 1, 2, 2, 1, 3, 0, 33, 3, 1]}, null, null, 6, false, [], false, 0, [], null, 0, 1744313702.377363, 0, {}]
[{"0": [2, 3, 0, 1, 26, 28, 24, 0, 2, 2, 2, 0, 1, 2, 1, 1]}, null, null, 7, false, [], false, 0, [], null, 0, 1744313702.5922291, 0, {}]
[{"0": [3, 38, 31, 31, 39, 28, 23, 39, 2, 2, 2, 26, 1, 1, 2, 2]}, null, null, 7, false, [], false, 0, [], null, 0, 1744313702.7951908, 0, {}]
[{"0": [2, 3, 1, 1, 30, 24, 37, 3, 0, 1, 3, 0, 3, 1, 2, 1]}, null, null, 8, false, [], false, 0, [], null, 0, 1744313702.9739795, 0, {}]
[{"0": [1, 32, 32, 36, 2, 0, 4, 1, 2, 1, 5, 3, 3, 0, 2, 0]}, null, null, 8, false, [], false, 0, [], null, 0, 1744313703.1920652, 0, {}]
[{"0": [2, 3, 1, 1, 25, 34, 42, 32, 39, 31, 28, 29, 25, 1, 2, 4]}, null, null, 9, false, [], false, 0, [], null, 0, 1744313703.388348, 0, {}]
[{"0": [1, 1, 0, 2, 1, 3, 4, 2, 0, 33, 30, 41, 34, 32, 45, 37]}, null, null, 10, false, [], false, 0, [], null, 0, 1744313703.5845294, 0, {}]
[{"0": [0, 3, 3, 1, 1, 3, 0, 2, 2, 0, 0, 1, 0, 2, 3, 1]}, null, null, 10, false, [], false, 0, [], null, 0, 1744313703.7765164, 0, {}]
[{"0": [1, 5, 1, 0, 1, 0, 1, 2, 0, 3, 0, 0, 2, 3, 1, 4]}, null, null, 11, false, [], false, 0, [], null, 0, 1744313703.9933898, 0, {}]
[{"0": [1, 2, 4, 4, 0, 2, 4, 7, 1, 1, 3, 2, 3, 0, 2, 3]}, null, null, 11, false, [], false, 0, [], null, 0, 1744313704.168628, 0, {}]
[{"0": [3, 4, 42, 32, 40, 38, 2, 1, 0, 1, 0, 1, 2, 0, 1, 1]}, null, null, 12, false, [], false, 0, [], null, 0, 1744313704.389607, 0, {}]
[{"0": [1, 33, 4, 0, 0, 1, 1, 2, 1, 2, 4, 4, 3, 3, 3, 2]}, null, null, 13, false, [], false, 0, [], null, 0, 1744313704.585978, 0, {}]
[{"0": [1, 2, 2, 2, 1, 1, 2, 2, 0, 3, 2, 3, 4, 4, 0, 0]}, null, null, 13, false, [], false, 0, [], null, 0, 1744313704.7898693, 0, {}]
[{"0": [1, 3, 1, 3, 0, 1, 0, 2, 1, 1, 1, 3, 1, 6, 2, 32]}, null, null, 14, false, [], false, 0, [], null, 0, 1744313704.9896336, 0, {}]
[{"0": [2, 32, 1, 1, 2, 2, 0, 1, 1, 3, 0, 1, 0, 2, 1, 3]}, null, null, 14, false, [], false, 0, [], null, 0, 1744313705.1699972, 0, {}]
[{"0": [38, 36, 0, 0, 1, 0, 0, 2, 3, 2, 0, 0, 3, 1, 2, 1]}, null, null, 15, false, [], false, 0, [], null, 0, 1744313705.369532, 0, {}]
[{"0": [3, 2, 1, 2, 0, 1, 5, 1, 1, 1, 2, 3, 0, 3, 3, 43]}, null, null, 16, false, [], false, 0, [], null, 0, 1744313705.5768945, 0, {}]
[{"0": [5, 4, 29, 28, 36, 22, 38, 30, 27, 28, 42, 2, 4, 0, 2, 3]}, null, null, 16, false, [], false, 0, [], null, 0, 1744313705.780096, 0, {}]
[{"0": [2, 2, 4, 0, 0, 2, 1, 0, 2, 2, 27, 41, 34, 1, 1, 1]}, null, null, 17, false, [], false, 0, [], null, 0, 1744313705.9721892, 0, {}]
[{"0": [1, 30, 24, 37, 22, 30, 32, 32, 40, 32, 38, 2, 2, 2, 1, 1]}, null, null, 17, false, [], false, 0, [], null, 0, 1744313706.1786768, 0, {}]
[{"0": [23, 0, 2, 1, 0, 1, 1, 2, 3, 1, 1, 4, 1, 3, 2, 2]}, null, null, 18, false, [], false, 0, [], null, 0, 1744313706.3783603, 0, {}]
[{"0": [3, 28, 1, 1, 5, 1, 1, 2, 0, 2, 5, 1, 2, 1, 1, 1]}, null, null, 19, false, [], false, 0, [], null, 0, 1744313706.57727, 0, {}]
[{"0": [1, 3, 29, 31, 4, 2, 2, 0, 0, 0, 1, 2, 1, 0, 4, 0]}, null, null, 19, false, [], false, 0, [], null, 0, 1744313706.7770052, 0, {}]
[{"0": [2, 0, 1, 2, 1, 3, 3, 1, 2, 1, 0, 2, 2, 2, 0, 6]}, null, null, 20, false, [], false, 0, [], null, 0, 1744313706.9957807, 0, {}]
[{"0": [1, 2, 1, 6, 2, 4, 2, 1, 1, 26, 25, 39, 32, 34, 26, 1]}, null, null, 20, false, [], false, 0, [], null, 0, 1744313707.1722467, 0, {}]
[{"0": [3, 33, 36, 26, 40, 40, 24, 27, 1, 2, 1, 0, 2, 1, 0, 1]}, null, null, 21, false, [], false, 0, [], null, 0, 1744313707.3711076, 0, {}]
[{"0": [1, 39, 37, 19, 35, 42, 37, 33, 44, 30, 32, 27, 0, 0, 2, 3]}, null, null, 22, false, [], false, 0, [], null, 0, 1744313707.5710866, 0, {}]
[{"0": [1, 0, 33, 5, 5, 2, 3, 6, 0, 1, 2, 2, 1, 2, 3, 1]}, null, null, 22, false, [], false, 0, [], null, 0, 1744313707.7705948, 0, {}]
[{"0": [4, 1, 3, 3, 1, 2, 0, 2, 5, 2, 2, 5, 1, 1, 0, 31]}, null, null, 23, false, [], false, 0, [], null, 0, 1744313707.9867966, 0, {}]
[{"0": [0, 2, 2, 3, 3, 3, 2, 3, 2, 26, 4, 2, 1, 2, 2, 2]}, null, null, 23, false, [], false, 0, [], null, 0, 1744313708.1790657, 0, {}]
[{"0": [3, 0, 1, 3, 3, 0, 3, 1, 2, 2, 1, 27, 3, 1, 1, 2]}, null, null, 24, false, [], false, 0, [], null, 0, 1744313708.377075, 0, {}]
[{"0": [0, 1, 0, 2, 1, 0, 2, 5, 3, 1, 0, 3, 0, 1, 5, 3]}, null, null, 25, false, [], false, 0, [], null, 0, 1744313708.57334, 0, {}]
[{"0": [3, 0, 4, 5, 0, 2, 1, 2, 3, 0, 33, 23, 24, 34, 25, 2]}, null, null, 25, false, [], false, 0, [], null, 0, 1744313708.7698467, 0, {}]
[{"0": [0, 1, 2, 1, 1, 4, 3, 3, 3, 4, 1, 0, 2, 30, 44, 1]}, null, null, 26, false, [], false, 0, [], null, 0, 1744313708.9734612, 0, {}]
[{"0": [2, 2, 0, 2, 1, 34, 34, 34, 26, 29, 34, 0, 1, 3, 1, 3]}, null, null, 27, false, [], false, 0, [], null, 0, 1744313709.1818612, 0, {}]
[{"0": [2, 25, 0, 3, 1, 2, 0, 0, 1, 5, 2, 4, 0, 1, 3, 0]}, null, null, 27, false, [], false, 0, [], null, 0, 1744313709.3785794, 0, {}]
[{"0": [0, 31, 1, 3, 1, 1, 1, 3, 0, 1, 3, 1, 4, 1, 1, 0]}, null, null, 28, false, [], false, 0, [], null, 0, 1744313709.573354, 0, {}]
[{"0": [1, 2, 3, 2, 0, 0, 1, 1, 3, 35, 34, 33, 31, 40, 31, 41]}, null, null, 28, false, [], false, 0, [], null, 0, 1744313709.7714646, 0, {}]
[{"0": [1, 1, 1, 0, 4, 1, 1, 1, 1, 31, 29, 27, 30, 3, 1, 2]}, null, null, 29, false, [], false, 0, [], null, 0, 1744313709.9738927, 0, {}]
[{"0": [2, 5, 44, 28, 3, 1, 0, 2, 4, 1, 3, 0, 1, 1, 3, 2]}, null, null, 30, false, [], false, 0, [], null, 0, 1744313710.1737273, 0, {}]
[{"0": [1, 29, 27, 32, 0, 2, 5, 1, 3, 0, 4, 2, 1, 2, 1, 4]}, null, null, 30, false, [], false, 0, [], null, 0, 1744313710.388259, 0, {}]
[{"0": [1, 30, 34, 32, 1, 2, 3, 2, 1, 1, 3, 1, 3, 2, 2, 4]}, null, null, 31, false, [], false, 0, [], null, 0, 1744313710.5915315, 0, {}]
[{"0": [0, 2, 48, 30, 27, 43, 30, 36, 33, 40, 23, 36, 2, 1, 2, 1]}, null, null, 31, false, [], false, 0, [], null, 0, 1744313710.772567, 0, {}]
[{"0": [1, 4, 3, 2, 1, 1, 4, 35, 29, 4, 1, 2, 2, 0, 4, 2]}, null, null, 32, false, [], false, 0, [], null, 0, 1744313710.9698758, 0, {}]
[{"0": [27, 25, 40, 36, 28, 35, 4, 2, 3, 0, 2, 1, 3, 3, 1, 2]}, null, null, 33, false, [], false, 0, [], null, 0, 1744313711.1940045, 0, {}]
[{"0": [0, 1, 3, 42, 30, 35, 27, 33, 31, 34, 1, 2, 3, 4, 1, 3]}, null, null, 33, false, [], false, 0, [], null, 0, 1744313711.3910236, 0, {}]
[{"0": [2, 1, 2, 3, 2, 1, 2, 1, 1, 2, 38, 28, 30, 35, 31, 40]}, null, null, 34, false, [], false, 0, [], null, 0, 1744313711.5696478, 0, {}]
[{"0": [2, 5, 0, 3, 2, 1, 1, 1, 1, 0, 4, 0, 4, 5, 1, 37]}, null, null, 34, false, [], false, 0, [], null, 0, 1744313711.7817736, 0, {}]
[{"0": [0, 37, 35, 27, 31, 39, 32, 24, 36, 33, 32, 32, 2, 0, 0, 4]}, null, null, 35, false, [], false, 0, [], null, 0, 1744313711.992328, 0, {}]
[{"0": [1, 0, 2, 0, 2, 1, 35, 31, 3, 2, 1, 1, 2, 2, 2, 1]}, null, null, 36, false, [], false, 0, [], null, 0, 1744313712.1792686, 0, {}]
[{"0": [2, 1, 0, 3, 2, 0, 1, 38, 35, 36, 0, 0, 3, 0, 1, 3]}, null, null, 36, false, [], false, 0, [], null, 0, 1744313712.3764393, 0, {}]
[{"0": [1, 1, 2, 0, 0, 1, 3, 0, 1, 44, 3, 1, 2, 1, 2, 4]}, null, null, 37, false, [], false, 0, [], null, 0, 1744313712.5785692, 0, {}]
[{"0": [2, 0, 1, 1, 2, 3, 1, 1, 2, 0, 32, 2, 2, 2, 3, 3]}, null, null, 37, false, [], false, 0, [], null, 0, 1744313712.7978978, 0, {}]
[{"0": [1, 1, 0, 1, 3, 0, 1, 4, 1, 2, 1, 2, 2, 4, 0, 2]}, null, null, 38, false, [], false, 0, [], null, 0, 1744313712.9768438, 0, {}]
[{"0": [39, 32, 41, 28, 3, 2, 1, 3, 3, 3, 1, 5, 0, 1, 2, 4]}, null, null, 39, false, [], false, 0, [], null, 0, 1744313713.1749597, 0, {}]
[{"0": [2, 36, 30, 30, 26, 2, 1, 2, 2, 2, 1, 2, 1, 1, 0, 3]}, null, null, 39, false, [], false, 0, [], null, 0, 1744313713.3728461, 0, {}]
[{"0": [32, 0, 5, 3, 0, 0, 4, 1, 25, 2, 1, 2, 0, 2, 3, 3]}, null, null, 40, false, [], false, 0, [], null, 0, 1744313713.5712948, 0, {}]
[{"0": [1, 0, 0, 0, 4, 1, 0, 1, 1, 2, 1, 2, 1, 4, 1, 2]}, null, null, 40, false, [], false, 0, [], null, 0, 1744313713.7743094, 0, {}]
[{"0": [3, 30, 37, 0, 0, 3, 1, 3, 4, 2, 4, 2, 2, 0, 1, 0]}, null, null, 41, false, [], false, 0, [], null, 0, 1744313713.995179, 0, {}]
[{"0": [1, 0, 1, 1, 0, 1, 3, 1, 2, 2, 3, 0, 0, 2, 0, 2]}, null, null, 42, false, [], false, 0, [], null, 0, 1744313714.173223, 0, {}]
[{"0": [4, 6, 4, 1, 3, 2, 3, 30, 32, 28, 28, 41, 3, 0, 1, 3]}, null, null, 42, false, [], false, 0, [], null, 0, 1744313714.369272, 0, {}]
[{"0": [1, 1, 2, 1, 1, 2, 4, 1, 1, 1, 33, 44, 24, 31, 2, 2]}, null, null, 43, false, [], false, 0, [], null, 0, 1744313714.580202, 0, {}]
[{"0": [0, 25, 30, 30, 25, 4, 0, 2, 0, 3, 0, 2, 1, 1, 1, 1]}, null, null, 43, false, [], false, 0, [], null, 0, 1744313714.780362, 0, {}]
[{"0": [4, 0, 1, 2, 1, 2, 2, 2, 2, 3, 3, 0, 33, 32, 39, 23]}, null, null, 44, false, [], false, 0, [], null, 0, 1744313714.9910157, 0, {}]
[{"0": [4, 0, 1, 2, 1, 2, 2, 0, 2, 4, 1, 2, 4, 0, 29, 33]}, null, null, 45, false, [], false, 0, [], null, 0, 1744313715.1750407, 0, {}]
[{"0": [4, 4, 2, 0, 1, 0, 5, 0, 1, 3, 0, 3, 5, 1, 1, 2]}, null, null, 45, false, [], false, 0, [], null, 0, 1744313715.374364, 0, {}]
[{"0": [1, 0, 1, 0, 1, 1, 2, 34, 1, 2, 2, 2, 1, 3, 1, 2]}, null, null, 46, false, [], false, 0, [], null, 0, 1744313715.5730083, 0, {}]
[{"0": [1, 3, 2, 31, 25, 2, 4, 2, 0, 0, 1, 4, 3, 0, 1, 1]}, null, null, 46, false, [], false, 0, [], null, 0, 1744313715.7733319, 0, {}]
[{"0": [3, 33, 36, 1, 4, 5, 1, 2, 4, 1, 2, 2, 2, 4, 2, 2]}, null, null, 47, false, [], false, 0, [], null, 0, 1744313715.977219, 0, {}]
[{"0": [1, 30, 37, 24, 2, 2, 4, 1, 2, 1, 3, 3, 3, 4, 0, 1]}, null, null, 48, false, [], false, 0, [], null, 0, 1744313716.174897, 0, {}]
[{"0": [1, 1, 1, 0, 4, 0, 0, 2, 5, 2, 30, 32, 31, 37, 1, 1]}, null, null, 48, false, [], false, 0, [], null, 0, 1744313716.370783, 0, {}]
[{"0": [2, 3, 2, 6, 3, 2, 3, 2, 0, 1, 0, 2, 1, 1, 1, 24]}, null, null, 49, false, [], false, 0, [], null, 0, 1744313716.5731177, 0, {}]
[{"0": [1, 1, 2, 3, 2, 2, 38, 3, 6, 2, 3, 1, 4, 0, 1, 0]}, null, null, 49, false, [], false, 0, [], null, 0, 1744313716.775653, 0, {}]
[{"0": [31, 33, 42, 29, 1, 4, 4, 2, 2, 1, 1, 1, 2, 2, 3, 0]}, null, null, 50, false, [], false, 0, [], null, 0, 1744313716.9737391, 0, {}]
[{"0": [1, 3, 32, 27, 47, 29, 1, 3, 3, 2, 3, 0, 0, 1, 2, 3]}, null, null, 51, false, [], false, 0, [], null, 0, 1744313717.1692743, 0, {}]
[{"0": [0, 4, 3, 3, 2, 1, 2, 1, 3, 3, 2, 1, 2, 2, 34, 32]}, null, null, 51, false, [], false, 0, [], null, 0, 1744313717.3678997, 0, {}]
[{"0": [6, 2, 0, 2, 4, 2, 1, 4, 0, 2, 2, 0, 0, 1, 1, 37]}, null, null, 52, false, [], false, 0, [], null, 0, 1744313717.5851486, 0, {}]
[{"0": [2, 1, 3, 2, 3, 0, 2, 1, 2, 2, 4, 0, 1, 1, 31, 27]}, null, null, 52, false, [], false, 0, [], null, 0, 1744313717.7739525, 0, {}]
[{"0": [3, 1, 1, 2, 1, 2, 4, 0, 2, 3, 0, 0, 0, 2, 3, 40]}, null, null, 53, false, [], false, 0, [], null, 0, 1744313717.9772315, 0, {}]
[{"0": [0, 3, 0, 5, 1, 1, 1, 6, 27, 33, 1, 1, 0, 1, 1, 2]}, null, null, 54, false, [], false, 0, [], null, 0, 1744313718.1771474, 0, {}]
[{"0": [1, 6, 2, 2, 1, 4, 1, 3, 41, 28, 24, 4, 3, 2, 4, 0]}, null, null, 54, false, [], false, 0, [], null, 0, 1744313718.3724127, 0, {}]
[{"0": [4, 41, 28, 34, 37, 36, 26, 34, 2, 5, 2, 2, 1, 1, 6, 1]}, null, null, 55, false, [], false, 0, [], null, 0, 1744313718.586918, 0, {}]
[{"0": [1, 0, 1, 5, 4, 3, 1, 0, 1, 2, 1, 1, 0, 42, 32, 31]}, null, null, 55, false, [], false, 0, [], null, 0, 1744313718.7843182, 0, {}]
[{"0": [38, 0, 0, 0, 1, 2, 1, 3, 2, 2, 2, 3, 4, 0, 2, 2]}, null, null, 56, false, [], false, 0, [], null, 0, 1744313718.9858606, 0, {}]
[{"0": [3, 2, 0, 1, 4, 3, 4, 35, 46, 36, 3, 0, 3, 1, 3, 0]}, null, null, 57, false, [], false, 0, [], null, 0, 1744313719.1795778, 0, {}]
[{"0": [1, 1, 0, 2, 3, 1, 2, 3, 2, 2, 3, 30, 34, 36, 32, 42]}, null, null, 57, false, [], false, 0, [], null, 0, 1744313719.3711193, 0, {}]
[{"0": [1, 1, 1, 2, 0, 1, 4, 1, 35, 27, 44, 38, 31, 30, 1, 4]}, null, null, 58, false, [], false, 0, [], null, 0, 1744313719.5831745, 0, {}]
[{"0": [1, 0, 1, 0, 3, 2, 5, 1, 3, 3, 0, 28, 1, 1, 2, 1]}, null, null, 58, false, [], false, 0, [], null, 0, 1744313719.7809358, 0, {}]
[{"0": [2, 1, 1, 2, 2, 2, 7, 3, 1, 3, 1, 39, 1, 3, 1, 1]}, null, null, 59, false, [], false, 0, [], null, 0, 1744313719.9725664, 0, {}]
[{"0": [1, 0, 4, 2, 1, 3, 5, 0, 0, 2, 3, 3, 0, 1, 2, 0]}, null, null, 60, false, [], false, 0, [], null, 0, 1744313720.1705053, 0, {}]
[{"0": [0, 2, 0, 6, 2, 2, 30, 1, 4, 6, 2, 1, 3, 5, 1, 5]}, null, null, 60, false, [], false, 0, [], null, 0, 1744313720.3658268, 0, {}]
[{"0": [0, 1, 2, 0, 1, 1, 2, 2, 1, 2, 2, 2, 0, 2, 1, 4]}, null, null, 61, false, [], false, 0, [], null, 0, 1744313720.5850117, 0, {}]
[{"0": [2, 34, 32, 41, 2, 3, 3, 3, 4, 4, 2, 0, 5, 2, 3, 1]}, null, null, 61, false, [], false, 0, [], null, 0, 1744313720.7814145, 0, {}]
[{"0": [1, 1, 37, 41, 35, 0, 3, 1, 1, 1, 0, 0, 3, 5, 4, 4]}, null, null, 62, false, [], false, 0, [], null, 0, 1744313720.983867, 0, {}]
[{"0": [1, 2, 1, 2, 1, 2, 1, 1, 2, 31, 29, 4, 1, 1, 2, 1]}, null, null, 63, false, [], false, 0, [], null, 0, 1744313721.1832483, 0, {}]
[{"0": [1, 1, 45, 35, 40, 30, 2, 0, 3, 0, 1, 4, 1, 4, 4, 2]}, null, null, 63, false, [], false, 0, [], null, 0, 1744313721.3647325, 0, {}]
[{"0": [3, 3, 2, 1, 1, 3, 2, 1, 3, 1, 1, 33, 33, 40, 43, 29]}, null, null, 64, false, [], false, 0, [], null, 0, 1744313721.579133, 0, {}]
[{"0": [2, 2, 1, 0, 2, 0, 0, 5, 35, 30, 33, 32, 32, 38, 27, 39]}, null, null, 64, false, [], false, 0, [], null, 0, 1744313721.7679365, 0, {}]
[{"0": [1, 3, 2, 34, 29, 4, 1, 2, 2, 4, 0, 1, 2, 1, 4, 1]}, null, null, 65, false, [], false, 0, [], null, 0, 1744313721.982878, 0, {}]
[{"0": [35, 8, 1, 3, 6, 1, 2, 2, 3, 2, 0, 1, 0, 3, 1, 2]}, null, null, 66, false, [], false, 0, [], null, 0, 1744313722.1805682, 0, {}]
[{"0": [29, 28, 32, 45, 32, 3, 1, 1, 1, 8, 3, 1, 0, 2, 0, 2]}, null, null, 66, false, [], false, 0, [], null, 0, 1744313722.3820434, 0, {}]
[{"0": [2, 31, 32, 2, 3, 0, 2, 1, 1, 1, 0, 1, 0, 4, 1, 1]}, null, null, 67, false, [], false, 0, [], null, 0, 1744313722.580139, 0, {}]
[{"0": [2, 2, 1, 1, 1, 3, 2, 2, 0, 0, 4, 1, 2, 6, 1, 3]}, null, null, 67, false, [], false, 0, [], null, 0, 1744313722.785214, 0, {}]
[{"0": [3, 2, 1, 3, 0, 5, 1, 3, 1, 1, 2, 1, 1, 1, 3, 36]}, null, null, 68, false, [], false, 0, [], null, 0, 1744313722.9684267, 0, {}]
[{"0": [4, 2, 5, 0, 1, 7, 0, 2, 35, 26, 32, 35, 2, 1, 4, 1]}, null, null, 69, false, [], false, 0, [], null, 0, 1744313723.17061, 0, {}]
[{"0": [0, 4, 3, 0, 3, 2, 2, 34, 38, 36, 42, 1, 2, 4, 1, 3]}, null, null, 69, false, [], false, 0, [], null, 0, 1744313723.365937, 0, {}]
[{"0": [1, 34, 31, 31, 35, 1, 2, 2, 0, 5, 3, 1, 4, 2, 1, 4]}, null, null, 70, false, [], false, 0, [], null, 0, 1744313723.5791876, 0, {}]
[{"0": [0, 1, 1, 1, 3, 3, 1, 3, 6, 33, 28, 2, 1, 3, 2, 2]}, null, null, 70, false, [], false, 0, [], null, 0, 1744313723.7690291, 0, {}]
[{"0": [3, 2, 4, 2, 1, 0, 0, 3, 2, 1, 4, 2, 3, 0, 4, 27]}, null, null, 71, false, [], false, 0, [], null, 0, 1744313723.9638526, 0, {}]
[{"0": [2, 3, 0, 1, 2, 3, 2, 2, 2, 1, 2, 3, 31, 3, 2, 1]}, null, null, 72, false, [], false, 0, [], null, 0, 1744313724.1772027, 0, {}]
[{"0": [2, 3, 1, 1, 0, 1, 39, 31, 29, 37, 32, 1, 3, 0, 2, 1]}, null, null, 72, false, [], false, 0, [], null, 0, 1744313724.384979, 0, {}]
[{"0": [0, 1, 3, 1, 0, 3, 1, 2, 3, 3, 3, 4, 1, 1, 0, 28]}, null, null, 73, false, [], false, 0, [], null, 0, 1744313724.5808716, 0, {}]
[{"0": [1, 3, 1, 1, 5, 0, 2, 3, 1, 2, 1, 2, 3, 0, 1, 2]}, null, null, 73, false, [], false, 0, [], null, 0, 1744313724.7602766, 0, {}]
[{"0": [3, 2, 0, 3, 1, 4, 1, 1, 2, 0, 0, 0, 0, 0, 2, 2]}, null, null, 74, false, [], false, 0, [], null, 0, 1744313724.973657, 0, {}]
[{"0": [2, 1, 0, 2, 1, 4, 1, 1, 2, 4, 1, 3, 1, 1, 36, 32]}, null, null, 75, false, [], false, 0, [], null, 0, 1744313725.1731582, 0, {}]
[{"0": [2, 1, 47, 37, 37, 51, 27, 33, 24, 39, 42, 37, 28, 1, 1, 1]}, null, null, 75, false, [], false, 0, [], null, 0, 1744313725.3662856, 0, {}]
[{"0": [3, 4, 3, 3, 1, 1, 2, 1, 1, 1, 1, 2, 38, 40, 2, 0]}, null, null, 76, false, [], false, 0, [], null, 0, 1744313725.584285, 0, {}]
[{"0": [46, 44, 5, 4, 0, 1, 0, 2, 2, 1, 2, 2, 1, 5, 1, 1]}, null, null, 77, false, [], false, 0, [], null, 0, 1744313725.782813, 0, {}]
[{"0": [3, 0, 1, 3, 8, 2, 3, 2, 4, 1, 0, 4, 3, 2, 1, 2]}, null, null, 77, false, [], false, 0, [], null, 0, 1744313725.9728673, 0, {}]
[{"0": [3, 1, 0, 2, 1, 3, 2, 31, 26, 3, 2, 2, 2, 2, 0, 3]}, null, null, 78, false, [], false, 0, [], null, 0, 1744313726.164654, 0, {}]
[{"0": [1, 0, 3, 3, 2, 3, 4, 2, 3, 3, 0, 0, 41, 3, 0, 4]}, null, null, 78, false, [], false, 0, [], null, 0, 1744313726.378093, 0, {}]
[{"0": [4, 1, 3, 0, 1, 1, 2, 2, 1, 2, 3, 2, 37, 40, 31, 23]}, null, null, 79, false, [], false, 0, [], null, 0, 1744313726.5662627, 0, {}]
[{"0": [4, 31, 41, 28, 2, 3, 2, 2, 4, 2, 1, 4, 1, 1, 1, 1]}, null, null, 80, false, [], false, 0, [], null, 0, 1744313726.7863495, 0, {}]
[{"0": [0, 0, 1, 1, 1, 1, 2, 2, 4, 33, 41, 28, 31, 41, 1, 5]}, null, null, 80, false, [], false, 0, [], null, 0, 1744313726.96579, 0, {}]
[{"0": [3, 0, 0, 5, 5, 3, 0, 5, 4, 4, 3, 1, 2, 35, 31, 39]}, null, null, 81, false, [], false, 0, [], null, 0, 1744313727.1610012, 0, {}]
[{"0": [1, 33, 34, 1, 1, 2, 1, 1, 2, 1, 1, 1, 5, 2, 3, 1]}, null, null, 81, false, [], false, 0, [], null, 0, 1744313727.3647559, 0, {}]
[{"0": [3, 1, 1, 1, 2, 0, 1, 1, 33, 4, 1, 5, 1, 1, 0, 0]}, null, null, 82, false, [], false, 0, [], null, 0, 1744313727.5844593, 0, {}]
[{"0": [1, 2, 0, 5, 2, 1, 3, 1, 2, 1, 2, 1, 26, 28, 1, 2]}, null, null, 83, false, [], false, 0, [], null, 0, 1744313727.7666206, 0, {}]
[{"0": [0, 1, 1, 2, 2, 0, 1, 1, 1, 2, 43, 42, 34, 38, 29, 35]}, null, null, 83, false, [], false, 0, [], null, 0, 1744313727.9764562, 0, {}]
[{"0": [3, 2, 2, 3, 4, 3, 4, 1, 33, 25, 37, 27, 38, 2, 4, 1]}, null, null, 84, false, [], false, 0, [], null, 0, 1744313728.1640387, 0, {}]
[{"0": [2, 0, 2, 1, 0, 1, 1, 5, 2, 34, 32, 37, 25, 3, 1, 2]}, null, null, 84, false, [], false, 0, [], null, 0, 1744313728.3655365, 0, {}]
[{"0": [0, 1, 33, 31, 38, 37, 29, 30, 42, 42, 2, 2, 2, 2, 3, 0]}, null, null, 85, false, [], false, 0, [], null, 0, 1744313728.5659814, 0, {}]
[{"0": [0, 2, 1, 1, 0, 4, 0, 1, 1, 40, 29, 26, 1, 0, 3, 0]}, null, null, 86, false, [], false, 0, [], null, 0, 1744313728.7846677, 0, {}]
[{"0": [5, 36, 37, 34, 37, 5, 4, 4, 1, 2, 1, 2, 5, 7, 2, 1]}, null, null, 86, false, [], false, 0, [], null, 0, 1744313728.975709, 0, {}]
[{"0": [1, 2, 2, 3, 23, 2, 2, 0, 2, 4, 1, 2, 1, 3, 2, 0]}, null, null, 87, false, [], false, 0, [], null, 0, 1744313729.176261, 0, {}]
[{"0": [2, 2, 0, 1, 0, 0, 2, 25, 34, 31, 27, 1, 1, 2, 2, 2]}, null, null, 87, false, [], false, 0, [], null, 0, 1744313729.3769052, 0, {}]
[{"0": [4, 1, 1, 1, 0, 5, 2, 1, 4, 1, 7, 3, 1, 1, 4, 31]}, null, null, 88, false, [], false, 0, [], null, 0, 1744313729.5776346, 0, {}]
[{"0": [2, 1, 1, 0, 2, 1, 1, 4, 37, 55, 27, 46, 32, 29, 37, 35]}, null, null, 89, false, [], false, 0, [], null, 0, 1744313729.782757, 0, {}]
[{"0": [1, 3, 3, 1, 0, 2, 0, 3, 3, 41, 40, 34, 37, 43, 30, 46]}, null, null, 89, false, [], false, 0, [], null, 0, 1744313729.9713733, 0, {}]
[{"0": [1, 0, 3, 2, 0, 1, 5, 1, 2, 1, 29, 39, 30, 37, 32, 29]}, null, null, 90, false, [], false, 0, [], null, 0, 1744313730.1659546, 0, {}]
[{"0": [24, 42, 2, 2, 3, 3, 0, 2, 3, 2, 2, 3, 1, 3, 4, 2]}, null, null, 90, false, [], false, 0, [], null, 0, 1744313730.3767867, 0, {}]
[{"0": [0, 3, 1, 1, 0, 0, 2, 37, 3, 3, 1, 2, 3, 1, 1, 2]}, null, null, 91, false, [], false, 0, [], null, 0, 1744313730.578129, 0, {}]
[{"0": [37, 33, 25, 3, 1, 2, 0, 0, 1, 3, 6, 5, 0, 0, 3, 4]}, null, null, 92, false, [], false, 0, [], null, 0, 1744313730.7672343, 0, {}]
[{"0": [1, 3, 6, 4, 2, 3, 3, 4, 3, 1, 2, 1, 0, 2, 0, 1]}, null, null, 92, false, [], false, 0, [], null, 0, 1744313730.9692986, 0, {}]
[{"0": [0, 1, 35, 40, 32, 32, 0, 4, 4, 2, 1, 1, 2, 0, 1, 2]}, null, null, 93, false, [], false, 0, [], null, 0, 1744313731.1724164, 0, {}]
[{"0": [2, 3, 1, 1, 1, 3, 1, 3, 33, 32, 0, 1, 2, 3, 1, 2]}, null, null, 93, false, [], false, 0, [], null, 0, 1744313731.36808, 0, {}]
[{"0": [0, 1, 3, 0, 4, 0, 1, 0, 0, 1, 27, 31, 26, 44, 41, 1]}, null, null, 94, false, [], false, 0, [], null, 0, 1744313731.5821137, 0, {}]
[{"0": [2, 0, 3, 4, 1, 1, 0, 3, 1, 1, 1, 4, 1, 0, 0, 37]}, null, null, 95, false, [], false, 0, [], null, 0, 1744313731.7722125, 0, {}]
[{"0": [0, 3, 0, 2, 1, 5, 2, 5, 3, 3, 0, 1, 5, 3, 2, 1]}, null, null, 95, false, [], false, 0, [], null, 0, 1744313731.9674797, 0, {}]
[{"0": [1, 2, 30, 42, 33, 27, 26, 34, 41, 32, 3, 2, 1, 4, 2, 1]}, null, null, 96, false, [], false, 0, [], null, 0, 1744313732.1678588, 0, {}]
[{"0": [3, 0, 37, 28, 38, 25, 36, 32, 32, 36, 34, 22, 32, 3, 0, 2]}, null, null, 96, false, [], false, 0, [], null, 0, 1744313732.3647819, 0, {}]
[{"0": [1, 23, 33, 35, 28, 38, 3, 1, 1, 2, 1, 4, 2, 2, 1, 1]}, null, null, 97, false, [], false, 0, [], null, 0, 1744313732.5655675, 0, {}]
[{"0": [3, 4, 2, 1, 1, 1, 0, 6, 1, 3, 0, 1, 32, 32, 2, 0]}, null, null, 98, false, [], false, 0, [], null, 0, 1744313732.7617724, 0, {}]
[{"0": [2, 3, 2, 2, 0, 1, 1, 5, 3, 2, 0, 4, 1, 3, 4, 32]}, null, null, 98, false, [], false, 0, [], null, 0, 1744313732.9605818, 0, {}]
[{"0": [4, 6, 0, 1, 0, 2, 2, 30, 4, 3, 1, 2, 1, 2, 1, 2]}, null, null, 99, false, [], false, 0, [], null, 0, 1744313733.1770132, 0, {}]
[{"0": [3, 0, 1, 7, 2, 5, 0, 0, 3, 2, 1, 3, 1, 0, 1, 3]}, null, null, 99, false, [], false, 0, [], null, 0, 1744313733.3799424, 0, {}]
[{"0": [2, 3, 3, 1, 3, 3, 2, 3, 1, 2, 2, 0, 3, 3, 1, 34]}, null, null, 100, false, [], false, 0, [], null, 0, 1744313733.5598075, 0, {}]
[{"0": [1, 2, 0, 1, 2, 3, 1, 31, 35, 27, 31, 0, 0, 1, 1, 1]}, null, null, 101, false, [], false, 0, [], null, 0, 1744313733.7779446, 0, {}]
[{"0": [3, 2, 2, 1, 4, 4, 2, 4, 33, 37, 34, 29, 28, 37, 35, 33]}, null, null, 101, false, [], false, 0, [], null, 0, 1744313733.9671526, 0, {}]
[{"0": [1, 38, 36, 28, 30, 0, 0, 0, 0, 0, 3, 4, 5, 1, 2, 3]}, null, null, 102, false, [], false, 0, [], null, 0, 1744313734.156609, 0, {}]
[{"0": [3, 2, 1, 2, 2, 2, 2, 2, 31, 35, 36, 38, 29, 38, 29, 32]}, null, null, 102, false, [], false, 0, [], null, 0, 1744313734.3668668, 0, {}]
[{"0": [0, 3, 1, 1, 2, 1, 3, 1, 32, 47, 32, 2, 2, 5, 2, 1]}, null, null, 103, false, [], false, 0, [], null, 0, 1744313734.566648, 0, {}]
[{"0": [0, 1, 4, 1, 1, 1, 1, 1, 2, 2, 2, 2, 1, 0, 29, 32]}, null, null, 104, false, [], false, 0, [], null, 0, 1744313734.7605531, 0, {}]
[{"0": [1, 1, 2, 0, 2, 1, 1, 2, 37, 32, 31, 0, 2, 1, 2, 3]}, null, null, 104, false, [], false, 0, [], null, 0, 1744313734.9607813, 0, {}]
[{"0": [0, 1, 1, 2, 4, 2, 1, 30, 1, 2, 2, 2, 3, 2, 0, 3]}, null, null, 105, false, [], false, 0, [], null, 0, 1744313735.1605322, 0, {}]
[{"0": [3, 1, 1, 0, 1, 0, 2, 41, 29, 30, 35, 38, 30, 7, 3, 4]}, null, null, 105, false, [], false, 0, [], null, 0, 1744313735.3657355, 0, {}]
[{"0": [1, 30, 34, 29, 2, 3, 2, 3, 2, 1, 1, 1, 1, 4, 2, 3]}, null, null, 106, false, [], false, 0, [], null, 0, 1744313735.5803592, 0, {}]
[{"0": [4, 1, 1, 1, 1, 1, 2, 1, 1, 2, 3, 1, 1, 4, 1, 33]}, null, null, 107, false, [], false, 0, [], null, 0, 1744313735.765848, 0, {}]
[{"0": [2, 31, 32, 27, 27, 37, 26, 37, 2, 2, 4, 2, 1, 1, 1, 2]}, null, null, 107, false, [], false, 0, [], null, 0, 1744313735.9807937, 0, {}]
[{"0": [0, 50, 1, 1, 4, 0, 2, 1, 0, 2, 3, 3, 3, 2, 1, 0]}, null, null, 108, false, [], false, 0, [], null, 0, 1744313736.1682608, 0, {}]
[{"0": [1, 32, 29, 36, 30, 38, 5, 1, 1, 7, 0, 1, 1, 1, 3, 3]}, null, null, 108, false, [], false, 0, [], null, 0, 1744313736.376428, 0, {}]
[{"0": [3, 20, 32, 37, 0, 0, 2, 4, 0, 0, 2, 3, 2, 2, 5, 4]}, null, null, 109, false, [], false, 0, [], null, 0, 1744313736.5643156, 0, {}]
[{"0": [3, 3, 3, 1, 2, 0, 1, 6, 7, 2, 3, 2, 1, 0, 31, 27]}, null, null, 110, false, [], false, 0, [], null, 0, 1744313736.7739916, 0, {}]
[{"0": [39, 40, 35, 25, 24, 33, 29, 39, 27, 28, 35, 37, 37, 30, 2, 3]}, null, null, 110, false, [], false, 0, [], null, 0, 1744313736.9603937, 0, {}]
[{"0": [3, 2, 4, 2, 2, 3, 2, 3, 3, 2, 4, 2, 2, 0, 3, 34]}, null, null, 111, false, [], false, 0, [], null, 0, 1744313737.1635368, 0, {}]
[{"0": [2, 33, 33, 33, 32, 2, 6, 1, 0, 5, 2, 0, 2, 3, 1, 2]}, null, null, 111, false, [], false, 0, [], null, 0, 1744313737.3569655, 0, {}]
[{"0": [3, 33, 38, 31, 1, 2, 3, 1, 0, 0, 1, 1, 2, 1, 0, 3]}, null, null, 112, false, [], false, 0, [], null, 0, 1744313737.5595984, 0, {}]
[{"0": [1, 34, 34, 22, 34, 32, 32, 27, 1, 6, 2, 2, 1, 3, 0, 0]}, null, null, 113, false, [], false, 0, [], null, 0, 1744313737.7668395, 0, {}]
[{"0": [2, 2, 3, 0, 3, 5, 2, 1, 44, 30, 2, 4, 2, 1, 0, 4]}, null, null, 113, false, [], false, 0, [], null, 0, 1744313737.9767437, 0, {}]
[{"0": [3, 0, 1, 1, 2, 2, 3, 3, 22, 32, 0, 3, 2, 1, 0, 2]}, null, null, 114, false, [], false, 0, [], null, 0, 1744313738.160231, 0, {}]
[{"0": [2, 1, 2, 3, 3, 2, 2, 3, 3, 2, 4, 1, 1, 27, 33, 43]}, null, null, 114, false, [], false, 0, [], null, 0, 1744313738.3623374, 0, {}]
[{"0": [1, 31, 43, 36, 39, 32, 46, 38, 33, 1, 3, 0, 2, 1, 3, 1]}, null, null, 115, false, [], false, 0, [], null, 0, 1744313738.5600116, 0, {}]
[{"0": [3, 4, 3, 0, 0, 2, 3, 2, 4, 1, 4, 3, 5, 14, 39, 28]}, null, null, 116, false, [], false, 0, [], null, 0, 1744313738.7619328, 0, {}]
[{"0": [2, 1, 0, 3, 2, 0, 4, 1, 3, 41, 34, 29, 32, 3, 1, 1]}, null, null, 116, false, [], false, 0, [], null, 0, 1744313738.9647853, 0, {}]
[{"0": [1, 38, 3, 2, 0, 2, 2, 0, 1, 2, 4, 0, 2, 4, 0, 2]}, null, null, 117, false, [], false, 0, [], null, 0, 1744313739.161223, 0, {}]
[{"0": [0, 4, 2, 1, 2, 3, 1, 26, 39, 21, 22, 35, 3, 3, 1, 3]}, null, null, 117, false, [], false, 0, [], null, 0, 1744313739.3588946, 0, {}]
[{"0": [4, 3, 1, 0, 3, 0, 3, 38, 3, 2, 1, 1, 3, 2, 1, 0]}, null, null, 118, false, [], false, 0, [], null, 0, 1744313739.5585096, 0, {}]
[{"0": [4, 0, 2, 2, 3, 3, 3, 31, 35, 29, 31, 4, 1, 4, 3, 2]}, null, null, 119, false, [], false, 0, [], null, 0, 1744313739.767526, 0, {}]
[{"0": [4, 35, 33, 43, 29, 33, 35, 37, 2, 4, 2, 1, 4, 0, 4, 1]}, null, null, 119, false, [], false, 0, [], null, 0, 1744313739.9680047, 0, {}]
[{"0": [40, 43, 33, 35, 33, 3, 0, 5, 2, 2, 1, 5, 1, 2, 3, 0]}, null, null, 120, false, [], false, 0, [], null, 0, 1744313740.1651626, 0, {}]
[{"0": [4, 2, 4, 5, 5, 0, 0, 2, 0, 27, 1, 5, 2, 1, 2, 3]}, null, null, 120, false, [], false, 0, [], null, 0, 1744313740.362103, 0, {}]
[{"0": [1, 35, 44, 27, 24, 36, 36, 29, 0, 4, 1, 0, 1, 3, 1, 1]}, null, null, 121, false, [], false, 0, [], null, 0, 1744313740.5586267, 0, {}]
[{"0": [3, 1, 36, 0, 2, 0, 1, 0, 1, 1, 1, 4, 3, 2, 1, 1]}, null, null, 122, false, [], false, 0, [], null, 0, 1744313740.776158, 0, {}]
[{"0": [28, 31, 46, 36, 4, 2, 3, 1, 0, 2, 5, 2, 3, 2, 1, 4]}, null, null, 122, false, [], false, 0, [], null, 0, 1744313740.9685304, 0, {}]
[{"0": [35, 36, 40, 35, 1, 1, 0, 1, 1, 2, 2, 5, 4, 2, 0, 4]}, null, null, 123, false, [], false, 0, [], null, 0, 1744313741.160752, 0, {}]
[{"0": [5, 3, 2, 4, 0, 2, 3, 0, 2, 1, 2, 1, 1, 2, 3, 28]}, null, null, 123, false, [], false, 0, [], null, 0, 1744313741.354844, 0, {}]
[{"0": [3, 33, 34, 28, 0, 4, 1, 3, 0, 0, 4, 2, 3, 0, 2, 1]}, null, null, 124, false, [], false, 0, [], null, 0, 1744313741.5722432, 0, {}]
[{"0": [1, 2, 22, 26, 35, 39, 23, 39, 1, 0, 4, 1, 2, 2, 1, 3]}, null, null, 125, false, [], false, 0, [], null, 0, 1744313741.770365, 0, {}]
[{"0": [5, 24, 31, 40, 43, 28, 29, 29, 30, 34, 28, 32, 43, 40, 38, 40]}, null, null, 125, false, [], false, 0, [], null, 0, 1744313741.959591, 0, {}]
[{"0": [36, 2, 2, 1, 2, 2, 3, 2, 0, 1, 0, 1, 0, 3, 1, 1]}, null, null, 126, false, [], false, 0, [], null, 0, 1744313742.1785083, 0, {}]
[{"0": [2, 1, 3, 1, 3, 0, 0, 32, 2, 3, 2, 4, 1, 1, 2, 3]}, null, null, 127, false, [], false, 0, [], null, 0, 1744313742.3560193, 0, {}]
[{"0": [2, 2, 1, 2, 1, 2, 2, 0, 36, 29, 26, 3, 3, 2, 1, 2]}, null, null, 127, false, [], false, 0, [], null, 0, 1744313742.575995, 0, {}]
[{"0": [0, 2, 27, 2, 1, 2, 2, 1, 2, 2, 4, 0, 3, 2, 5, 2]}, null, null, 128, false, [], false, 0, [], null, 0, 1744313742.7577786, 0, {}]
[{"0": [0, 2, 3, 2, 1, 2, 2, 0, 36, 1, 1, 0, 0, 3, 1, 2]}, null, null, 128, false, [], false, 0, [], null, 0, 1744313742.9594095, 0, {}]
[{"0": [4, 1, 1, 3, 2, 0, 1, 1, 37, 29, 31, 6, 6, 2, 1, 2]}, null, null, 129, false, [], false, 0, [], null, 0, 1744313743.1635756, 0, {}]
[{"0": [1, 2, 3, 2, 4, 2, 2, 3, 29, 41, 28, 31, 37, 38, 34, 28]}, null, null, 130, false, [], false, 0, [], null, 0, 1744313743.3684342, 0, {}]
[{"0": [0, 2, 1, 2, 1, 5, 1, 1, 4, 2, 0, 6, 3, 0, 1, 3]}, null, null, 130, false, [], false, 0, [], null, 0, 1744313743.560238, 0, {}]
[{"0": [3, 1, 29, 34, 35, 29, 30, 39, 35, 3, 2, 3, 5, 1, 3, 4]}, null, null, 131, false, [], false, 0, [], null, 0, 1744313743.756557, 0, {}]
[{"0": [4, 3, 23, 34, 24, 21, 33, 1, 0, 2, 1, 2, 2, 2, 0, 2]}, null, null, 131, false, [], false, 0, [], null, 0, 1744313743.970387, 0, {}]
[{"0": [2, 25, 29, 45, 48, 31, 31, 2, 1, 1, 0, 2, 3, 1, 5, 5]}, null, null, 132, false, [], false, 0, [], null, 0, 1744313744.173633, 0, {}]
[{"0": [1, 2, 3, 1, 1, 0, 1, 2, 5, 1, 2, 1, 39, 1, 6, 0]}, null, null, 133, false, [], false, 0, [], null, 0, 1744313744.3745573, 0, {}]
[{"0": [3, 3, 3, 1, 0, 2, 0, 43, 1, 1, 2, 0, 1, 2, 3, 1]}, null, null, 133, false, [], false, 0, [], null, 0, 1744313744.5538788, 0, {}]
[{"0": [34, 30, 1, 3, 1, 2, 0, 1, 1, 2, 2, 3, 1, 3, 4, 3]}, null, null, 134, false, [], false, 0, [], null, 0, 1744313744.771607, 0, {}]
[{"0": [3, 1, 0, 0, 1, 2, 1, 5, 1, 29, 38, 36, 30, 31, 37, 3]}, null, null, 134, false, [], false, 0, [], null, 0, 1744313744.97076, 0, {}]
[{"0": [1, 0, 0, 3, 2, 2, 0, 0, 2, 5, 3, 4, 4, 40, 0, 0]}, null, null, 135, false, [], false, 0, [], null, 0, 1744313745.1725993, 0, {}]
[{"0": [2, 2, 2, 1, 4, 0, 2, 2, 3, 2, 3, 1, 1, 2, 5, 5]}, null, null, 136, false, [], false, 0, [], null, 0, 1744313745.356535, 0, {}]
[{"0": [1, 2, 2, 4, 2, 4, 0, 36, 34, 4, 2, 6, 1, 3, 5, 2]}, null, null, 136, false, [], false, 0, [], null, 0, 1744313745.553672, 0, {}]
[{"0": [7, 1, 2, 1, 0, 2, 2, 26, 32, 39, 3, 6, 0, 2, 1, 3]}, null, null, 137, false, [], false, 0, [], null, 0, 1744313745.7594466, 0, {}]
[{"0": [0, 2, 1, 3, 1, 1, 1, 1, 1, 3, 3, 0, 31, 24, 39, 2]}, null, null, 137, false, [], false, 0, [], null, 0, 1744313745.9735613, 0, {}]
[{"0": [39, 3, 1, 3, 0, 2, 2, 1, 2, 4, 0, 1, 3, 3, 1, 2]}, null, null, 138, false, [], false, 0, [], null, 0, 1744313746.170991, 0, {}]
[{"0": [28, 26, 34, 3, 2, 5, 1, 2, 0, 3, 3, 5, 1, 0, 2, 2]}, null, null, 139, false, [], false, 0, [], null, 0, 1744313746.3715057, 0, {}]
[{"0": [0, 1, 0, 6, 0, 2, 3, 2, 2, 3, 1, 2, 1, 5, 4, 28]}, null, null, 139, false, [], false, 0, [], null, 0, 1744313746.5703661, 0, {}]
[{"0": [1, 2, 4, 1, 0, 2, 1, 0, 40, 34, 36, 0, 4, 1, 0, 5]}, null, null, 140, false, [], false, 0, [], null, 0, 1744313746.7720768, 0, {}]
[{"0": [3, 2, 4, 2, 2, 0, 1, 4, 1, 39, 40, 38, 43, 35, 1, 1]}, null, null, 140, false, [], false, 0, [], null, 0, 1744313746.9499595, 0, {}]
[{"0": [0, 0, 2, 39, 2, 2, 4, 1, 0, 2, 1, 2, 3, 1, 1, 6]}, null, null, 141, false, [], false, 0, [], null, 0, 1744313747.1550517, 0, {}]
[{"0": [0, 2, 0, 0, 1, 2, 0, 1, 1, 4, 1, 1, 1, 3, 1, 32]}, null, null, 142, false, [], false, 0, [], null, 0, 1744313747.3692055, 0, {}]
[{"0": [0, 1, 0, 0, 3, 0, 3, 5, 27, 33, 37, 5, 1, 0, 1, 1]}, null, null, 142, false, [], false, 0, [], null, 0, 1744313747.55131, 0, {}]
[{"0": [2, 4, 1, 0, 2, 1, 1, 1, 1, 2, 1, 4, 1, 2, 2, 32]}, null, null, 143, false, [], false, 0, [], null, 0, 1744313747.757638, 0, {}]
[{"0": [2, 1, 6, 2, 4, 1, 2, 2, 2, 2, 0, 4, 1, 1, 3, 1]}, null, null, 143, false, [], false, 0, [], null, 0, 1744313747.9520197, 0, {}]
[{"0": [1, 4, 2, 3, 1, 4, 6, 1, 2, 3, 0, 3, 26, 3, 1, 3]}, null, null, 144, false, [], false, 0, [], null, 0, 1744313748.1566625, 0, {}]
[{"0": [21, 47, 35, 36, 40, 0, 6, 2, 3, 4, 1, 1, 1, 0, 3, 1]}, null, null, 145, false, [], false, 0, [], null, 0, 1744313748.3686333, 0, {}]
[{"0": [33, 48, 27, 28, 28, 34, 39, 35, 34, 20, 3, 2, 2, 4, 2, 2]}, null, null, 145, false, [], false, 0, [], null, 0, 1744313748.5679524, 0, {}]
[{"0": [1, 1, 2, 5, 3, 6, 0, 1, 30, 27, 35, 40, 34, 34, 0, 3]}, null, null, 146, false, [], false, 0, [], null, 0, 1744313748.7667305, 0, {}]
[{"0": [1, 39, 34, 40, 36, 31, 40, 0, 1, 6, 2, 3, 1, 1, 1, 4]}, null, null, 146, false, [], false, 0, [], null, 0, 1744313748.9684618, 0, {}]
[{"0": [1, 3, 1, 2, 1, 3, 5, 2, 2, 2, 1, 1, 1, 3, 3, 38]}, null, null, 147, false, [], false, 0, [], null, 0, 1744313749.1693487, 0, {}]
[{"0": [3, 1, 3, 3, 1, 2, 1, 1, 1, 36, 40, 2, 1, 2, 3, 1]}, null, null, 148, false, [], false, 0, [], null, 0, 1744313749.3705187, 0, {}]
[{"0": [6, 1, 30, 36, 40, 1, 1, 1, 2, 2, 1, 1, 1, 3, 1, 3]}, null, null, 148, false, [], false, 0, [], null, 0, 1744313749.5650928, 0, {}]
[{"0": [3, 40, 2, 0, 3, 1, 2, 0, 2, 3, 2, 2, 5, 3, 4, 3]}, null, null, 149, false, [], false, 0, [], null, 0, 1744313749.7672498, 0, {}]
[{"0": [2, 1, 2, 0, 2, 1, 2, 4, 2, 1, 1, 3, 1, 1, 2, 30]}, null, null, 149, false, [], false, 0, [], null, 0, 1744313749.9706764, 0, {}]
[{"0": [2, 35, 38, 34, 26, 42, 39, 26, 32, 25, 30, 51, 34, 0, 1, 3]}, null, null, 150, true, [], false, 0, [], null, 0, 1744313750.149666, 0, {}]
