[{"0": [40, 19, 34, 26, 24, 35, 1, 2, 1, 1, 1, 3, 0, 2, 1, 4, 3]}, null, null, 0, false, [], false, 0, [], null, 0, 1744326336.641237, 0, {}]
[{"0": [2, 3, 1, 4, 1, 2, 3, 0, 4, 31, 27, 31, 27, 32, 27, 34, 35]}, null, null, 1, false, [], false, 0, [], null, 0, 1744326336.8627985, 0, {}]
[{"0": [2, 0, 1, 4, 2, 2, 3, 5, 1, 0, 1, 29, 22, 36, 37, 30, 39]}, null, null, 1, false, [], false, 0, [], null, 0, 1744326337.0928502, 0, {}]
[{"0": [0, 1, 1, 2, 2, 2, 4, 2, 3, 0, 2, 2, 3, 3, 2, 27, 2]}, null, null, 2, false, [], false, 0, [], null, 0, 1744326337.3032653, 0, {}]
[{"0": [1, 0, 4, 4, 0, 32, 44, 2, 2, 2, 1, 2, 1, 0, 2, 1, 1]}, null, null, 2, false, [], false, 0, [], null, 0, 1744326337.5206873, 0, {}]
[{"0": [0, 4, 3, 4, 2, 2, 2, 3, 3, 1, 39, 19, 25, 23, 42, 3, 0]}, null, null, 3, false, [], false, 0, [], null, 0, 1744326337.7348323, 0, {}]
[{"0": [1, 0, 5, 2, 3, 24, 30, 24, 28, 1, 3, 1, 1, 2, 2, 0, 3]}, null, null, 4, false, [], false, 0, [], null, 0, 1744326337.9505286, 0, {}]
[{"0": [3, 3, 0, 1, 3, 6, 4, 1, 2, 1, 1, 6, 1, 26, 28, 34, 1]}, null, null, 4, false, [], false, 0, [], null, 0, 1744326338.1677108, 0, {}]
[{"0": [1, 1, 0, 0, 34, 0, 0, 2, 2, 3, 2, 4, 1, 2, 2, 0, 0]}, null, null, 5, false, [], false, 0, [], null, 0, 1744326338.38284, 0, {}]
[{"0": [3, 2, 2, 2, 2, 2, 4, 2, 1, 28, 28, 15, 20, 26, 22, 22, 35]}, null, null, 5, false, [], false, 0, [], null, 0, 1744326338.604615, 0, {}]
[{"0": [1, 0, 1, 1, 0, 30, 20, 33, 33, 25, 32, 39, 31, 4, 0, 2, 2]}, null, null, 6, false, [], false, 0, [], null, 0, 1744326338.823722, 0, {}]
[{"0": [1, 3, 1, 2, 3, 4, 2, 1, 28, 33, 40, 2, 2, 4, 3, 1, 5]}, null, null, 7, false, [], false, 0, [], null, 0, 1744326339.0400836, 0, {}]
[{"0": [3, 5, 3, 0, 1, 0, 4, 2, 3, 3, 2, 2, 34, 32, 24, 23, 23]}, null, null, 7, false, [], false, 0, [], null, 0, 1744326339.2615995, 0, {}]
[{"0": [4, 1, 2, 3, 2, 0, 1, 2, 0, 1, 1, 1, 4, 7, 28, 35, 21]}, null, null, 8, false, [], false, 0, [], null, 0, 1744326339.4781733, 0, {}]
[{"0": [1, 3, 1, 2, 0, 3, 1, 1, 3, 4, 1, 3, 0, 1, 4, 18, 27]}, null, null, 8, false, [], false, 0, [], null, 0, 1744326339.69376, 0, {}]
[{"0": [0, 1, 1, 3, 1, 2, 5, 1, 1, 1, 2, 29, 30, 25, 25, 29, 21]}, null, null, 9, false, [], false, 0, [], null, 0, 1744326339.9118202, 0, {}]
[{"0": [1, 2, 1, 1, 0, 4, 1, 0, 3, 1, 6, 2, 1, 6, 7, 29, 23]}, null, null, 10, false, [], false, 0, [], null, 0, 1744326340.121653, 0, {}]
[{"0": [1, 1, 3, 4, 0, 0, 5, 0, 1, 1, 32, 33, 1, 2, 1, 3, 3]}, null, null, 10, false, [], false, 0, [], null, 0, 1744326340.3377976, 0, {}]
[{"0": [5, 4, 1, 0, 2, 1, 3, 2, 1, 28, 29, 23, 31, 25, 26, 26, 22]}, null, null, 11, false, [], false, 0, [], null, 0, 1744326340.550928, 0, {}]
[{"0": [2, 0, 3, 0, 0, 1, 4, 22, 29, 27, 3, 1, 0, 1, 1, 0, 2]}, null, null, 11, false, [], false, 0, [], null, 0, 1744326340.7811804, 0, {}]
[{"0": [2, 1, 2, 2, 3, 2, 2, 0, 4, 0, 3, 0, 2, 1, 22, 27, 22]}, null, null, 12, false, [], false, 0, [], null, 0, 1744326340.9918547, 0, {}]
[{"0": [1, 2, 1, 2, 1, 5, 1, 4, 0, 2, 0, 2, 2, 33, 25, 1, 1]}, null, null, 13, false, [], false, 0, [], null, 0, 1744326341.2063856, 0, {}]
[{"0": [25, 29, 29, 34, 30, 26, 25, 1, 2, 1, 1, 3, 1, 0, 2, 3, 1]}, null, null, 13, false, [], false, 0, [], null, 0, 1744326341.4167094, 0, {}]
[{"0": [2, 1, 2, 2, 1, 0, 2, 3, 3, 31, 39, 19, 28, 21, 23, 30, 1]}, null, null, 14, false, [], false, 0, [], null, 0, 1744326341.643808, 0, {}]
[{"0": [2, 4, 2, 2, 0, 0, 28, 28, 30, 28, 37, 27, 12, 25, 30, 24, 17]}, null, null, 14, false, [], false, 0, [], null, 0, 1744326341.856652, 0, {}]
[{"0": [2, 3, 1, 1, 1, 3, 4, 3, 0, 0, 23, 2, 0, 2, 5, 3, 1]}, null, null, 15, false, [], false, 0, [], null, 0, 1744326342.071575, 0, {}]
[{"0": [5, 2, 3, 3, 1, 1, 2, 4, 2, 2, 23, 2, 2, 4, 5, 2, 1]}, null, null, 16, false, [], false, 0, [], null, 0, 1744326342.2827106, 0, {}]
[{"0": [4, 0, 0, 1, 1, 2, 2, 2, 3, 1, 3, 3, 0, 0, 2, 29, 31]}, null, null, 16, false, [], false, 0, [], null, 0, 1744326342.519025, 0, {}]
[{"0": [2, 3, 2, 1, 2, 1, 1, 1, 26, 33, 29, 1, 2, 1, 0, 2, 4]}, null, null, 17, false, [], false, 0, [], null, 0, 1744326342.7146611, 0, {}]
[{"0": [1, 1, 2, 0, 0, 3, 1, 1, 3, 2, 3, 3, 1, 4, 35, 0, 1]}, null, null, 17, false, [], false, 0, [], null, 0, 1744326342.9513133, 0, {}]
[{"0": [1, 1, 1, 2, 3, 2, 0, 3, 1, 4, 5, 0, 33, 22, 24, 32, 32]}, null, null, 18, false, [], false, 0, [], null, 0, 1744326343.1557355, 0, {}]
[{"0": [2, 3, 1, 31, 30, 1, 0, 2, 0, 0, 2, 3, 0, 0, 3, 0, 1]}, null, null, 19, false, [], false, 0, [], null, 0, 1744326343.3817613, 0, {}]
[{"0": [1, 0, 0, 1, 1, 2, 2, 0, 32, 31, 2, 3, 1, 0, 1, 2, 1]}, null, null, 19, false, [], false, 0, [], null, 0, 1744326343.5956774, 0, {}]
[{"0": [1, 2, 1, 4, 3, 1, 35, 23, 26, 0, 0, 2, 7, 3, 0, 1, 0]}, null, null, 20, false, [], false, 0, [], null, 0, 1744326343.8113754, 0, {}]
[{"0": [3, 1, 2, 1, 1, 1, 26, 30, 25, 35, 24, 20, 40, 26, 39, 26, 25]}, null, null, 20, false, [], false, 0, [], null, 0, 1744326344.031238, 0, {}]
[{"0": [0, 3, 4, 2, 34, 33, 27, 30, 34, 17, 3, 4, 2, 5, 1, 2, 1]}, null, null, 21, false, [], false, 0, [], null, 0, 1744326344.2447748, 0, {}]
[{"0": [1, 4, 3, 3, 1, 2, 1, 1, 34, 35, 34, 34, 1, 0, 3, 1, 0]}, null, null, 22, false, [], false, 0, [], null, 0, 1744326344.4543307, 0, {}]
[{"0": [1, 0, 3, 2, 0, 1, 2, 1, 31, 35, 26, 2, 2, 1, 0, 2, 3]}, null, null, 22, false, [], false, 0, [], null, 0, 1744326344.6781807, 0, {}]
[{"0": [3, 1, 1, 2, 1, 0, 3, 1, 2, 0, 1, 4, 0, 1, 35, 40, 1]}, null, null, 23, false, [], false, 0, [], null, 0, 1744326344.8923538, 0, {}]
[{"0": [1, 0, 25, 33, 35, 30, 0, 0, 4, 3, 0, 2, 2, 3, 1, 0, 6]}, null, null, 23, false, [], false, 0, [], null, 0, 1744326345.1092653, 0, {}]
[{"0": [3, 4, 0, 1, 0, 2, 1, 1, 36, 28, 4, 2, 3, 3, 1, 2, 2]}, null, null, 24, false, [], false, 0, [], null, 0, 1744326345.3209677, 0, {}]
[{"0": [4, 0, 3, 2, 6, 1, 1, 24, 0, 2, 1, 5, 3, 0, 4, 3, 1]}, null, null, 25, false, [], false, 0, [], null, 0, 1744326345.5377612, 0, {}]
[{"0": [4, 0, 0, 0, 3, 2, 4, 1, 2, 2, 0, 4, 1, 1, 1, 1, 1]}, null, null, 25, false, [], false, 0, [], null, 0, 1744326345.7498145, 0, {}]
[{"0": [2, 1, 1, 0, 1, 2, 0, 3, 2, 1, 1, 3, 1, 3, 3, 4, 1]}, null, null, 26, false, [], false, 0, [], null, 0, 1744326345.9650135, 0, {}]
[{"0": [3, 3, 3, 3, 1, 2, 0, 1, 31, 34, 34, 1, 2, 2, 3, 1, 0]}, null, null, 27, false, [], false, 0, [], null, 0, 1744326346.1865106, 0, {}]
[{"0": [3, 0, 1, 3, 3, 0, 0, 4, 1, 3, 0, 1, 1, 2, 2, 2, 24]}, null, null, 27, false, [], false, 0, [], null, 0, 1744326346.408763, 0, {}]
[{"0": [1, 3, 3, 1, 1, 1, 0, 0, 1, 1, 1, 3, 0, 1, 29, 50, 36]}, null, null, 28, false, [], false, 0, [], null, 0, 1744326346.6229603, 0, {}]
[{"0": [30, 27, 29, 2, 1, 2, 2, 3, 1, 2, 2, 2, 1, 4, 2, 2, 0]}, null, null, 28, false, [], false, 0, [], null, 0, 1744326346.8304152, 0, {}]
[{"0": [2, 25, 2, 3, 0, 1, 2, 3, 4, 2, 1, 2, 0, 5, 4, 0, 2]}, null, null, 29, false, [], false, 0, [], null, 0, 1744326347.0552897, 0, {}]
[{"0": [2, 4, 1, 3, 2, 1, 2, 1, 1, 0, 3, 3, 3, 2, 2, 4, 1]}, null, null, 30, false, [], false, 0, [], null, 0, 1744326347.273084, 0, {}]
[{"0": [2, 1, 0, 1, 1, 2, 1, 3, 2, 30, 23, 30, 24, 30, 34, 30, 33]}, null, null, 30, false, [], false, 0, [], null, 0, 1744326347.490486, 0, {}]
[{"0": [1, 2, 2, 1, 2, 22, 2, 0, 2, 3, 1, 2, 0, 3, 2, 0, 3]}, null, null, 31, false, [], false, 0, [], null, 0, 1744326347.7216105, 0, {}]
[{"0": [1, 1, 3, 4, 1, 2, 1, 2, 0, 2, 1, 3, 3, 5, 32, 2, 3]}, null, null, 31, false, [], false, 0, [], null, 0, 1744326347.920612, 0, {}]
[{"0": [1, 1, 1, 1, 1, 2, 0, 1, 30, 5, 3, 2, 1, 1, 0, 1, 0]}, null, null, 32, false, [], false, 0, [], null, 0, 1744326348.1369152, 0, {}]
[{"0": [3, 2, 0, 0, 0, 1, 1, 1, 31, 4, 1, 1, 0, 0, 1, 1, 1]}, null, null, 33, false, [], false, 0, [], null, 0, 1744326348.3490725, 0, {}]
[{"0": [4, 4, 0, 0, 1, 1, 3, 1, 6, 2, 0, 2, 0, 23, 28, 29, 1]}, null, null, 33, false, [], false, 0, [], null, 0, 1744326348.565621, 0, {}]
[{"0": [3, 2, 6, 1, 1, 2, 2, 2, 39, 34, 36, 2, 2, 1, 2, 2, 3]}, null, null, 34, false, [], false, 0, [], null, 0, 1744326348.8042967, 0, {}]
[{"0": [2, 2, 2, 2, 21, 19, 21, 21, 33, 33, 25, 22, 24, 24, 31, 3, 2]}, null, null, 34, false, [], false, 0, [], null, 0, 1744326349.0108454, 0, {}]
[{"0": [0, 1, 2, 2, 3, 1, 3, 0, 1, 29, 35, 27, 29, 23, 2, 0, 2]}, null, null, 35, false, [], false, 0, [], null, 0, 1744326349.2303073, 0, {}]
[{"0": [1, 3, 1, 1, 2, 2, 0, 3, 0, 18, 23, 35, 33, 0, 1, 6, 2]}, null, null, 36, false, [], false, 0, [], null, 0, 1744326349.4496307, 0, {}]
[{"0": [0, 0, 4, 1, 1, 3, 2, 4, 2, 3, 28, 25, 24, 26, 5, 2, 1]}, null, null, 36, false, [], false, 0, [], null, 0, 1744326349.6620183, 0, {}]
[{"0": [2, 2, 1, 1, 2, 1, 2, 2, 2, 3, 1, 1, 29, 29, 34, 30, 32]}, null, null, 37, false, [], false, 0, [], null, 0, 1744326349.8769975, 0, {}]
[{"0": [1, 1, 1, 4, 1, 5, 0, 0, 1, 4, 2, 2, 4, 2, 3, 23, 25]}, null, null, 37, false, [], false, 0, [], null, 0, 1744326350.0885172, 0, {}]
[{"0": [0, 3, 1, 4, 3, 0, 3, 2, 1, 0, 2, 0, 0, 1, 0, 1, 37]}, null, null, 38, false, [], false, 0, [], null, 0, 1744326350.3025591, 0, {}]
[{"0": [1, 3, 0, 0, 2, 2, 5, 1, 3, 5, 3, 0, 0, 1, 1, 2, 1]}, null, null, 39, false, [], false, 0, [], null, 0, 1744326350.5363266, 0, {}]
[{"0": [0, 1, 1, 1, 1, 1, 1, 23, 32, 36, 27, 28, 32, 19, 35, 25, 24]}, null, null, 39, false, [], false, 0, [], null, 0, 1744326350.735054, 0, {}]
[{"0": [3, 1, 1, 1, 3, 1, 0, 4, 3, 1, 2, 2, 5, 2, 0, 2, 23]}, null, null, 40, false, [], false, 0, [], null, 0, 1744326350.9577308, 0, {}]
[{"0": [1, 4, 3, 4, 2, 0, 2, 1, 33, 26, 37, 22, 24, 25, 29, 32, 34]}, null, null, 40, false, [], false, 0, [], null, 0, 1744326351.1677988, 0, {}]
[{"0": [5, 4, 1, 2, 0, 1, 2, 3, 1, 4, 2, 0, 2, 29, 23, 15, 22]}, null, null, 41, false, [], false, 0, [], null, 0, 1744326351.388087, 0, {}]
[{"0": [0, 4, 3, 0, 0, 0, 1, 2, 1, 6, 9, 1, 32, 34, 26, 1, 1]}, null, null, 42, false, [], false, 0, [], null, 0, 1744326351.6182888, 0, {}]
[{"0": [2, 2, 0, 26, 29, 35, 33, 18, 21, 1, 4, 1, 6, 0, 3, 1, 2]}, null, null, 42, false, [], false, 0, [], null, 0, 1744326351.8159974, 0, {}]
[{"0": [2, 0, 1, 1, 1, 18, 0, 4, 2, 3, 2, 1, 3, 5, 0, 2, 0]}, null, null, 43, false, [], false, 0, [], null, 0, 1744326352.0440326, 0, {}]
[{"0": [0, 1, 1, 1, 1, 4, 0, 4, 1, 11, 2, 0, 25, 23, 14, 1, 0]}, null, null, 43, false, [], false, 0, [], null, 0, 1744326352.2490416, 0, {}]
[{"0": [2, 4, 0, 1, 0, 3, 4, 1, 2, 2, 0, 3, 0, 22, 32, 34, 34]}, null, null, 44, false, [], false, 0, [], null, 0, 1744326352.4764903, 0, {}]
[{"0": [26, 38, 34, 38, 35, 26, 29, 33, 21, 1, 1, 0, 4, 1, 4, 1, 3]}, null, null, 45, false, [], false, 0, [], null, 0, 1744326352.6866179, 0, {}]
[{"0": [3, 2, 1, 1, 1, 0, 0, 2, 1, 1, 2, 1, 0, 4, 33, 33, 30]}, null, null, 45, false, [], false, 0, [], null, 0, 1744326352.918529, 0, {}]
[{"0": [0, 5, 0, 0, 3, 23, 36, 39, 31, 1, 2, 2, 0, 1, 3, 1, 1]}, null, null, 46, false, [], false, 0, [], null, 0, 1744326353.1388955, 0, {}]
[{"0": [0, 1, 41, 24, 33, 32, 2, 3, 0, 0, 1, 2, 3, 0, 2, 1, 3]}, null, null, 46, false, [], false, 0, [], null, 0, 1744326353.3413537, 0, {}]
[{"0": [1, 0, 1, 1, 22, 29, 38, 22, 25, 35, 29, 18, 1, 1, 5, 1, 2]}, null, null, 47, false, [], false, 0, [], null, 0, 1744326353.567766, 0, {}]
[{"0": [3, 1, 2, 2, 3, 21, 26, 34, 34, 24, 30, 21, 31, 3, 2, 3, 0]}, null, null, 48, false, [], false, 0, [], null, 0, 1744326353.778449, 0, {}]
[{"0": [3, 2, 34, 26, 4, 0, 3, 2, 1, 1, 2, 2, 0, 1, 2, 2, 3]}, null, null, 48, false, [], false, 0, [], null, 0, 1744326353.982261, 0, {}]
[{"0": [2, 4, 2, 1, 1, 0, 40, 1, 0, 1, 3, 3, 2, 0, 1, 5, 1]}, null, null, 49, false, [], false, 0, [], null, 0, 1744326354.2090156, 0, {}]
[{"0": [0, 1, 1, 2, 2, 2, 0, 5, 3, 21, 5, 0, 2, 4, 1, 1, 1]}, null, null, 49, false, [], false, 0, [], null, 0, 1744326354.427457, 0, {}]
[{"0": [0, 5, 1, 0, 2, 3, 0, 1, 21, 26, 26, 42, 31, 32, 37, 2, 1]}, null, null, 50, false, [], false, 0, [], null, 0, 1744326354.6395364, 0, {}]
[{"0": [4, 0, 4, 1, 1, 2, 1, 4, 2, 1, 3, 25, 25, 27, 30, 26, 25]}, null, null, 51, false, [], false, 0, [], null, 0, 1744326354.8682446, 0, {}]
[{"0": [5, 2, 27, 30, 0, 0, 3, 1, 0, 3, 2, 1, 2, 2, 3, 2, 5]}, null, null, 51, false, [], false, 0, [], null, 0, 1744326355.0743494, 0, {}]
[{"0": [2, 0, 0, 1, 1, 1, 1, 2, 1, 0, 3, 2, 0, 1, 3, 0, 0]}, null, null, 52, false, [], false, 0, [], null, 0, 1744326355.2901423, 0, {}]
[{"0": [2, 1, 0, 3, 1, 4, 2, 4, 2, 0, 0, 0, 0, 3, 1, 2, 32]}, null, null, 52, false, [], false, 0, [], null, 0, 1744326355.5014837, 0, {}]
[{"0": [1, 2, 0, 0, 3, 3, 5, 0, 1, 2, 0, 1, 3, 1, 2, 1, 1]}, null, null, 53, false, [], false, 0, [], null, 0, 1744326355.7264988, 0, {}]
[{"0": [2, 2, 2, 2, 2, 2, 2, 1, 3, 3, 3, 2, 0, 2, 1, 2, 23]}, null, null, 54, false, [], false, 0, [], null, 0, 1744326355.945269, 0, {}]
[{"0": [4, 0, 2, 3, 1, 0, 26, 26, 25, 27, 1, 0, 5, 0, 3, 2, 2]}, null, null, 54, false, [], false, 0, [], null, 0, 1744326356.1560972, 0, {}]
[{"0": [5, 1, 2, 2, 7, 11, 1, 1, 1, 4, 2, 0, 5, 1, 5, 24, 30]}, null, null, 55, false, [], false, 0, [], null, 0, 1744326356.3663623, 0, {}]
[{"0": [21, 33, 1, 1, 3, 1, 3, 3, 0, 0, 3, 3, 1, 1, 1, 4, 5]}, null, null, 55, false, [], false, 0, [], null, 0, 1744326356.6030638, 0, {}]
[{"0": [1, 1, 4, 1, 1, 1, 3, 4, 1, 2, 4, 4, 5, 1, 1, 4, 32]}, null, null, 56, false, [], false, 0, [], null, 0, 1744326356.8032045, 0, {}]
[{"0": [3, 0, 2, 0, 1, 1, 3, 2, 3, 2, 4, 3, 3, 0, 2, 2, 27]}, null, null, 57, false, [], false, 0, [], null, 0, 1744326357.0385215, 0, {}]
[{"0": [4, 2, 1, 3, 2, 27, 1, 4, 1, 1, 4, 1, 1, 2, 4, 0, 2]}, null, null, 57, false, [], false, 0, [], null, 0, 1744326357.2503636, 0, {}]
[{"0": [1, 0, 1, 3, 0, 1, 2, 3, 2, 3, 1, 27, 5, 0, 1, 1, 0]}, null, null, 58, false, [], false, 0, [], null, 0, 1744326357.4565237, 0, {}]
[{"0": [2, 2, 0, 3, 2, 3, 0, 0, 0, 2, 2, 0, 3, 2, 27, 3, 1]}, null, null, 58, false, [], false, 0, [], null, 0, 1744326357.687626, 0, {}]
[{"0": [1, 0, 2, 1, 0, 32, 1, 2, 1, 7, 1, 0, 0, 1, 3, 3, 3]}, null, null, 59, false, [], false, 0, [], null, 0, 1744326357.8870077, 0, {}]
[{"0": [2, 1, 0, 1, 3, 0, 0, 4, 4, 0, 2, 0, 33, 32, 33, 35, 31]}, null, null, 60, false, [], false, 0, [], null, 0, 1744326358.106768, 0, {}]
[{"0": [1, 0, 1, 2, 0, 1, 1, 1, 2, 2, 2, 3, 1, 1, 32, 27, 23]}, null, null, 60, false, [], false, 0, [], null, 0, 1744326358.3226106, 0, {}]
[{"0": [1, 2, 1, 2, 1, 2, 2, 1, 1, 2, 1, 1, 1, 0, 3, 3, 2]}, null, null, 61, false, [], false, 0, [], null, 0, 1744326358.5489264, 0, {}]
[{"0": [0, 2, 0, 3, 1, 1, 1, 0, 0, 2, 1, 26, 41, 30, 29, 24, 24]}, null, null, 61, false, [], false, 0, [], null, 0, 1744326358.7587583, 0, {}]
[{"0": [4, 0, 2, 5, 1, 0, 1, 1, 0, 0, 2, 2, 1, 2, 0, 0, 1]}, null, null, 62, false, [], false, 0, [], null, 0, 1744326358.9682202, 0, {}]
[{"0": [3, 1, 1, 1, 2, 3, 1, 1, 4, 2, 1, 3, 1, 1, 1, 1, 36]}, null, null, 63, false, [], false, 0, [], null, 0, 1744326359.1902707, 0, {}]
[{"0": [2, 2, 2, 7, 1, 2, 3, 2, 2, 1, 1, 2, 2, 1, 2, 1, 0]}, null, null, 63, false, [], false, 0, [], null, 0, 1744326359.4156003, 0, {}]
[{"0": [3, 2, 2, 0, 3, 3, 0, 1, 4, 0, 3, 5, 2, 1, 3, 2, 45]}, null, null, 64, false, [], false, 0, [], null, 0, 1744326359.6160753, 0, {}]
[{"0": [3, 3, 2, 34, 21, 4, 1, 2, 0, 2, 0, 4, 2, 1, 1, 2, 4]}, null, null, 64, false, [], false, 0, [], null, 0, 1744326359.849279, 0, {}]
[{"0": [4, 4, 2, 2, 0, 4, 2, 2, 4, 3, 3, 0, 2, 1, 6, 1, 34]}, null, null, 65, false, [], false, 0, [], null, 0, 1744326360.060868, 0, {}]
[{"0": [2, 1, 0, 1, 4, 0, 28, 23, 23, 29, 26, 32, 38, 30, 25, 29, 2]}, null, null, 66, false, [], false, 0, [], null, 0, 1744326360.2700467, 0, {}]
[{"0": [0, 3, 0, 1, 1, 2, 3, 4, 2, 3, 1, 26, 27, 22, 22, 35, 32]}, null, null, 66, false, [], false, 0, [], null, 0, 1744326360.4916058, 0, {}]
[{"0": [1, 0, 1, 2, 0, 1, 3, 4, 34, 27, 1, 2, 1, 1, 5, 1, 1]}, null, null, 67, false, [], false, 0, [], null, 0, 1744326360.7118325, 0, {}]
[{"0": [1, 2, 4, 0, 1, 3, 3, 2, 1, 0, 1, 27, 0, 1, 1, 1, 1]}, null, null, 67, false, [], false, 0, [], null, 0, 1744326360.9351223, 0, {}]
[{"0": [1, 0, 2, 3, 2, 3, 2, 1, 1, 0, 1, 1, 1, 3, 6, 2, 30]}, null, null, 68, false, [], false, 0, [], null, 0, 1744326361.1422434, 0, {}]
[{"0": [2, 3, 2, 0, 2, 1, 28, 24, 22, 35, 36, 25, 6, 1, 2, 0, 2]}, null, null, 69, false, [], false, 0, [], null, 0, 1744326361.349835, 0, {}]
[{"0": [2, 3, 0, 2, 0, 1, 1, 2, 3, 3, 3, 3, 0, 1, 36, 30, 2]}, null, null, 69, false, [], false, 0, [], null, 0, 1744326361.5888367, 0, {}]
[{"0": [2, 0, 0, 1, 0, 1, 1, 1, 3, 1, 2, 3, 22, 33, 39, 21, 22]}, null, null, 70, false, [], false, 0, [], null, 0, 1744326361.7896736, 0, {}]
[{"0": [2, 2, 3, 4, 5, 31, 32, 3, 1, 1, 2, 1, 3, 0, 3, 5, 1]}, null, null, 70, false, [], false, 0, [], null, 0, 1744326362.0196857, 0, {}]
[{"0": [1, 3, 4, 1, 1, 4, 4, 1, 1, 1, 4, 0, 4, 2, 1, 1, 2]}, null, null, 71, false, [], false, 0, [], null, 0, 1744326362.2337902, 0, {}]
[{"0": [2, 1, 1, 1, 1, 31, 31, 20, 1, 1, 2, 3, 1, 2, 3, 1, 1]}, null, null, 72, false, [], false, 0, [], null, 0, 1744326362.4421942, 0, {}]
[{"0": [2, 4, 3, 1, 3, 0, 8, 3, 2, 26, 24, 27, 22, 28, 28, 19, 31]}, null, null, 72, false, [], false, 0, [], null, 0, 1744326362.6528497, 0, {}]
[{"0": [1, 1, 2, 2, 1, 3, 0, 2, 2, 1, 1, 27, 22, 1, 3, 1, 1]}, null, null, 73, false, [], false, 0, [], null, 0, 1744326362.8676734, 0, {}]
[{"0": [1, 4, 0, 27, 0, 2, 1, 2, 2, 2, 2, 1, 2, 1, 1, 3, 3]}, null, null, 73, false, [], false, 0, [], null, 0, 1744326363.0862515, 0, {}]
[{"0": [1, 2, 4, 1, 3, 0, 5, 2, 2, 28, 39, 22, 29, 27, 24, 29, 20]}, null, null, 74, false, [], false, 0, [], null, 0, 1744326363.3099995, 0, {}]
[{"0": [1, 2, 4, 0, 1, 0, 30, 21, 1, 3, 2, 0, 3, 2, 2, 3, 1]}, null, null, 75, false, [], false, 0, [], null, 0, 1744326363.5224545, 0, {}]
[{"0": [2, 1, 1, 2, 1, 1, 0, 30, 27, 30, 35, 0, 2, 0, 1, 1, 2]}, null, null, 75, false, [], false, 0, [], null, 0, 1744326363.737926, 0, {}]
[{"0": [4, 1, 1, 24, 33, 2, 1, 2, 1, 2, 0, 2, 1, 2, 1, 2, 1]}, null, null, 76, false, [], false, 0, [], null, 0, 1744326363.9493408, 0, {}]
[{"0": [0, 3, 23, 33, 45, 16, 22, 35, 25, 29, 1, 2, 1, 2, 1, 2, 2]}, null, null, 77, false, [], false, 0, [], null, 0, 1744326364.178627, 0, {}]
[{"0": [1, 1, 1, 3, 3, 1, 5, 3, 2, 3, 2, 2, 0, 3, 29, 35, 39]}, null, null, 77, false, [], false, 0, [], null, 0, 1744326364.3854594, 0, {}]
[{"0": [2, 5, 0, 2, 1, 3, 3, 1, 1, 1, 18, 22, 25, 26, 21, 2, 1]}, null, null, 78, false, [], false, 0, [], null, 0, 1744326364.608088, 0, {}]
[{"0": [22, 36, 1, 2, 2, 0, 2, 1, 0, 0, 3, 0, 1, 1, 2, 2, 1]}, null, null, 78, false, [], false, 0, [], null, 0, 1744326364.8182461, 0, {}]
[{"0": [0, 2, 2, 0, 2, 1, 23, 34, 2, 2, 3, 4, 4, 3, 4, 2, 0]}, null, null, 79, false, [], false, 0, [], null, 0, 1744326365.0558746, 0, {}]
[{"0": [2, 3, 1, 2, 1, 2, 33, 36, 32, 25, 26, 24, 1, 1, 3, 0, 2]}, null, null, 80, false, [], false, 0, [], null, 0, 1744326365.2564933, 0, {}]
[{"0": [3, 0, 1, 0, 2, 0, 4, 2, 1, 2, 4, 0, 4, 2, 18, 18, 30]}, null, null, 80, false, [], false, 0, [], null, 0, 1744326365.4705944, 0, {}]
[{"0": [26, 29, 22, 25, 31, 26, 22, 34, 29, 0, 2, 5, 1, 0, 2, 4, 1]}, null, null, 81, false, [], false, 0, [], null, 0, 1744326365.6830504, 0, {}]
[{"0": [1, 2, 1, 2, 3, 1, 27, 3, 0, 3, 1, 0, 1, 0, 2, 1, 0]}, null, null, 81, false, [], false, 0, [], null, 0, 1744326365.9208765, 0, {}]
[{"0": [2, 4, 2, 1, 6, 2, 32, 27, 0, 0, 0, 4, 0, 1, 1, 2, 1]}, null, null, 82, false, [], false, 0, [], null, 0, 1744326366.119675, 0, {}]
[{"0": [31, 0, 4, 5, 2, 0, 0, 1, 3, 2, 2, 0, 2, 0, 2, 2, 2]}, null, null, 83, false, [], false, 0, [], null, 0, 1744326366.3298888, 0, {}]
[{"0": [3, 3, 1, 2, 3, 2, 4, 5, 4, 3, 1, 28, 36, 32, 31, 33, 24]}, null, null, 83, false, [], false, 0, [], null, 0, 1744326366.5461004, 0, {}]
[{"0": [2, 2, 0, 0, 1, 2, 2, 36, 26, 35, 36, 33, 21, 2, 3, 0, 0]}, null, null, 84, false, [], false, 0, [], null, 0, 1744326366.777489, 0, {}]
[{"0": [26, 1, 4, 1, 2, 2, 4, 6, 2, 3, 3, 2, 1, 3, 0, 2, 1]}, null, null, 84, false, [], false, 0, [], null, 0, 1744326366.9924138, 0, {}]
[{"0": [2, 0, 3, 3, 1, 5, 0, 4, 1, 3, 1, 1, 29, 4, 1, 1, 4]}, null, null, 85, false, [], false, 0, [], null, 0, 1744326367.210587, 0, {}]
[{"0": [1, 0, 2, 3, 3, 0, 1, 36, 0, 3, 0, 4, 1, 3, 1, 1, 2]}, null, null, 86, false, [], false, 0, [], null, 0, 1744326367.4217296, 0, {}]
[{"0": [1, 2, 1, 2, 39, 29, 2, 3, 2, 3, 0, 2, 1, 3, 2, 0, 2]}, null, null, 86, false, [], false, 0, [], null, 0, 1744326367.63611, 0, {}]
[{"0": [2, 4, 2, 6, 2, 0, 2, 2, 1, 2, 25, 2, 2, 2, 2, 3, 2]}, null, null, 87, false, [], false, 0, [], null, 0, 1744326367.8598378, 0, {}]
[{"0": [28, 25, 1, 0, 2, 2, 2, 1, 3, 3, 0, 2, 1, 1, 3, 3, 1]}, null, null, 87, false, [], false, 0, [], null, 0, 1744326368.089207, 0, {}]
[{"0": [4, 2, 2, 1, 3, 1, 1, 22, 25, 29, 27, 21, 29, 33, 23, 27, 30]}, null, null, 88, false, [], false, 0, [], null, 0, 1744326368.301917, 0, {}]
[{"0": [4, 0, 0, 1, 5, 2, 2, 1, 1, 4, 1, 1, 35, 27, 36, 26, 37]}, null, null, 89, false, [], false, 0, [], null, 0, 1744326368.501731, 0, {}]
[{"0": [0, 1, 2, 30, 25, 26, 0, 2, 0, 3, 1, 0, 1, 2, 1, 1, 3]}, null, null, 89, false, [], false, 0, [], null, 0, 1744326368.7359247, 0, {}]
[{"0": [3, 1, 1, 1, 3, 4, 2, 3, 1, 2, 1, 1, 2, 2, 1, 2, 24]}, null, null, 90, false, [], false, 0, [], null, 0, 1744326368.9525027, 0, {}]
[{"0": [2, 2, 1, 0, 2, 2, 1, 1, 4, 2, 0, 33, 1, 0, 0, 1, 1]}, null, null, 90, false, [], false, 0, [], null, 0, 1744326369.159219, 0, {}]
[{"0": [29, 38, 19, 25, 16, 38, 42, 30, 23, 37, 36, 22, 29, 32, 26, 30, 27]}, null, null, 91, false, [], false, 0, [], null, 0, 1744326369.378421, 0, {}]
[{"0": [3, 1, 5, 1, 0, 0, 2, 3, 24, 28, 19, 41, 0, 1, 1, 2, 1]}, null, null, 92, false, [], false, 0, [], null, 0, 1744326369.6096337, 0, {}]
[{"0": [3, 3, 1, 3, 0, 27, 26, 32, 22, 35, 32, 36, 31, 30, 36, 31, 0]}, null, null, 92, false, [], false, 0, [], null, 0, 1744326369.8009763, 0, {}]
[{"0": [3, 1, 3, 2, 2, 0, 1, 2, 1, 3, 0, 3, 2, 3, 2, 23, 34]}, null, null, 93, false, [], false, 0, [], null, 0, 1744326370.0353065, 0, {}]
[{"0": [33, 24, 20, 38, 2, 2, 3, 4, 3, 2, 2, 5, 3, 1, 2, 3, 1]}, null, null, 93, false, [], false, 0, [], null, 0, 1744326370.2368457, 0, {}]
[{"0": [0, 2, 0, 3, 1, 23, 26, 28, 19, 24, 26, 26, 27, 37, 2, 3, 1]}, null, null, 94, false, [], false, 0, [], null, 0, 1744326370.446557, 0, {}]
[{"0": [0, 3, 4, 0, 3, 2, 0, 4, 3, 4, 3, 0, 4, 0, 2, 1, 32]}, null, null, 95, false, [], false, 0, [], null, 0, 1744326370.6795287, 0, {}]
[{"0": [2, 2, 3, 2, 0, 3, 1, 2, 30, 0, 1, 4, 1, 1, 2, 1, 3]}, null, null, 95, false, [], false, 0, [], null, 0, 1744326370.8779, 0, {}]
[{"0": [3, 0, 1, 2, 2, 1, 2, 0, 3, 4, 1, 2, 2, 4, 36, 0, 3]}, null, null, 96, false, [], false, 0, [], null, 0, 1744326371.1185555, 0, {}]
[{"0": [2, 1, 2, 1, 1, 2, 2, 4, 2, 4, 3, 4, 28, 27, 31, 3, 4]}, null, null, 96, false, [], false, 0, [], null, 0, 1744326371.3137782, 0, {}]
[{"0": [0, 2, 1, 2, 0, 2, 1, 0, 3, 0, 1, 3, 0, 25, 36, 22, 33]}, null, null, 97, false, [], false, 0, [], null, 0, 1744326371.5372179, 0, {}]
[{"0": [3, 2, 0, 0, 3, 3, 2, 1, 0, 0, 3, 0, 16, 28, 30, 1, 2]}, null, null, 98, false, [], false, 0, [], null, 0, 1744326371.7584975, 0, {}]
[{"0": [0, 2, 1, 3, 3, 1, 30, 0, 0, 3, 1, 2, 2, 1, 3, 0, 2]}, null, null, 98, false, [], false, 0, [], null, 0, 1744326371.98519, 0, {}]
[{"0": [0, 2, 2, 1, 2, 2, 27, 25, 0, 2, 2, 2, 1, 3, 1, 2, 3]}, null, null, 99, false, [], false, 0, [], null, 0, 1744326372.1808102, 0, {}]
[{"0": [2, 0, 25, 22, 30, 32, 5, 4, 3, 2, 2, 3, 2, 2, 0, 1, 1]}, null, null, 99, false, [], false, 0, [], null, 0, 1744326372.3969133, 0, {}]
[{"0": [1, 0, 2, 3, 3, 1, 2, 1, 2, 0, 1, 1, 2, 26, 18, 18, 27]}, null, null, 100, false, [], false, 0, [], null, 0, 1744326372.6261363, 0, {}]
[{"0": [3, 4, 31, 19, 37, 28, 18, 24, 30, 33, 30, 40, 29, 34, 20, 31, 18]}, null, null, 101, false, [], false, 0, [], null, 0, 1744326372.8402102, 0, {}]
[{"0": [0, 4, 2, 5, 1, 32, 1, 1, 1, 0, 2, 4, 2, 1, 3, 2, 2]}, null, null, 101, false, [], false, 0, [], null, 0, 1744326373.0660703, 0, {}]
[{"0": [1, 2, 0, 1, 0, 2, 1, 2, 1, 1, 3, 3, 1, 5, 2, 1, 34]}, null, null, 102, false, [], false, 0, [], null, 0, 1744326373.280771, 0, {}]
[{"0": [1, 1, 0, 0, 2, 2, 22, 23, 3, 6, 3, 0, 4, 3, 1, 2, 1]}, null, null, 102, false, [], false, 0, [], null, 0, 1744326373.4888597, 0, {}]
[{"0": [2, 5, 0, 5, 3, 1, 1, 3, 2, 3, 2, 0, 4, 0, 2, 3, 0]}, null, null, 103, false, [], false, 0, [], null, 0, 1744326373.7164457, 0, {}]
[{"0": [2, 2, 3, 0, 3, 1, 2, 22, 31, 11, 31, 32, 36, 41, 34, 32, 22]}, null, null, 104, false, [], false, 0, [], null, 0, 1744326373.9235597, 0, {}]
[{"0": [0, 5, 1, 2, 2, 1, 0, 2, 1, 2, 2, 1, 0, 3, 1, 0, 32]}, null, null, 104, false, [], false, 0, [], null, 0, 1744326374.1350646, 0, {}]
[{"0": [2, 1, 2, 1, 1, 1, 18, 20, 15, 23, 28, 30, 32, 31, 29, 35, 33]}, null, null, 105, false, [], false, 0, [], null, 0, 1744326374.3569338, 0, {}]
[{"0": [2, 1, 3, 39, 26, 20, 43, 0, 2, 3, 4, 1, 3, 0, 1, 2, 1]}, null, null, 105, false, [], false, 0, [], null, 0, 1744326374.5658755, 0, {}]
[{"0": [1, 1, 0, 1, 4, 2, 2, 2, 1, 4, 3, 5, 2, 31, 29, 32, 32]}, null, null, 106, false, [], false, 0, [], null, 0, 1744326374.7878218, 0, {}]
[{"0": [0, 2, 3, 6, 2, 0, 0, 1, 3, 1, 6, 26, 36, 22, 44, 29, 33]}, null, null, 107, false, [], false, 0, [], null, 0, 1744326375.0119028, 0, {}]
[{"0": [1, 1, 1, 2, 0, 3, 4, 1, 2, 3, 0, 1, 2, 1, 0, 4, 25]}, null, null, 107, false, [], false, 0, [], null, 0, 1744326375.228415, 0, {}]
[{"0": [2, 0, 1, 29, 30, 27, 0, 1, 3, 1, 0, 1, 3, 0, 1, 2, 1]}, null, null, 108, false, [], false, 0, [], null, 0, 1744326375.4309404, 0, {}]
[{"0": [2, 2, 1, 1, 0, 0, 2, 4, 2, 1, 1, 0, 2, 17, 26, 28, 35]}, null, null, 108, false, [], false, 0, [], null, 0, 1744326375.6707041, 0, {}]
[{"0": [1, 1, 3, 1, 3, 0, 4, 3, 2, 2, 20, 30, 2, 7, 1, 3, 5]}, null, null, 109, false, [], false, 0, [], null, 0, 1744326375.886539, 0, {}]
[{"0": [2, 5, 3, 2, 1, 2, 2, 1, 2, 1, 33, 35, 20, 2, 0, 0, 1]}, null, null, 110, false, [], false, 0, [], null, 0, 1744326376.0835433, 0, {}]
[{"0": [5, 0, 0, 1, 4, 4, 28, 33, 35, 30, 36, 42, 40, 24, 24, 23, 26]}, null, null, 110, false, [], false, 0, [], null, 0, 1744326376.296951, 0, {}]
[{"0": [1, 1, 4, 3, 1, 5, 5, 0, 1, 1, 25, 29, 33, 1, 2, 3, 3]}, null, null, 111, false, [], false, 0, [], null, 0, 1744326376.5373068, 0, {}]
[{"0": [3, 2, 2, 2, 0, 4, 2, 1, 3, 0, 2, 2, 0, 3, 1, 1, 2]}, null, null, 111, false, [], false, 0, [], null, 0, 1744326376.7409713, 0, {}]
[{"0": [3, 1, 39, 29, 30, 32, 31, 30, 39, 4, 2, 2, 3, 3, 3, 2, 2]}, null, null, 112, false, [], false, 0, [], null, 0, 1744326376.9538038, 0, {}]
[{"0": [2, 1, 2, 6, 1, 3, 2, 3, 1, 1, 1, 28, 28, 27, 37, 3, 1]}, null, null, 113, false, [], false, 0, [], null, 0, 1744326377.1834846, 0, {}]
[{"0": [4, 3, 3, 4, 1, 2, 3, 6, 4, 1, 3, 5, 1, 3, 2, 20, 27]}, null, null, 113, false, [], false, 0, [], null, 0, 1744326377.3864734, 0, {}]
[{"0": [0, 3, 4, 2, 2, 0, 1, 3, 0, 4, 2, 4, 4, 2, 35, 28, 19]}, null, null, 114, false, [], false, 0, [], null, 0, 1744326377.597406, 0, {}]
[{"0": [1, 1, 2, 5, 1, 3, 3, 2, 3, 1, 21, 30, 2, 3, 0, 1, 4]}, null, null, 114, false, [], false, 0, [], null, 0, 1744326377.8263075, 0, {}]
[{"0": [0, 3, 3, 2, 0, 1, 0, 3, 30, 21, 31, 21, 31, 32, 22, 33, 35]}, null, null, 115, false, [], false, 0, [], null, 0, 1744326378.034874, 0, {}]
[{"0": [1, 3, 3, 2, 3, 1, 0, 1, 2, 3, 1, 1, 1, 1, 2, 1, 26]}, null, null, 116, false, [], false, 0, [], null, 0, 1744326378.2516484, 0, {}]
[{"0": [1, 1, 1, 1, 24, 2, 3, 4, 4, 2, 2, 4, 2, 0, 2, 3, 3]}, null, null, 116, false, [], false, 0, [], null, 0, 1744326378.4785695, 0, {}]
[{"0": [3, 5, 2, 1, 1, 2, 1, 3, 7, 31, 25, 28, 19, 34, 23, 26, 33]}, null, null, 117, false, [], false, 0, [], null, 0, 1744326378.6932967, 0, {}]
[{"0": [0, 1, 24, 6, 1, 0, 2, 0, 4, 3, 2, 1, 1, 3, 3, 4, 3]}, null, null, 117, false, [], false, 0, [], null, 0, 1744326378.9194062, 0, {}]
[{"0": [3, 2, 1, 0, 1, 2, 1, 2, 1, 5, 2, 1, 1, 0, 1, 1, 3]}, null, null, 118, false, [], false, 0, [], null, 0, 1744326379.1265898, 0, {}]
[{"0": [2, 2, 0, 0, 0, 0, 1, 2, 26, 32, 0, 2, 3, 3, 4, 3, 1]}, null, null, 119, false, [], false, 0, [], null, 0, 1744326379.3467748, 0, {}]
[{"0": [3, 4, 3, 0, 1, 3, 4, 2, 1, 28, 30, 24, 25, 29, 4, 1, 0]}, null, null, 119, false, [], false, 0, [], null, 0, 1744326379.553142, 0, {}]
[{"0": [3, 2, 3, 3, 2, 3, 0, 1, 0, 1, 4, 0, 3, 24, 25, 24, 5]}, null, null, 120, false, [], false, 0, [], null, 0, 1744326379.7624643, 0, {}]
[{"0": [1, 3, 0, 1, 4, 3, 2, 1, 5, 1, 1, 1, 1, 2, 30, 2, 0]}, null, null, 120, false, [], false, 0, [], null, 0, 1744326379.9861028, 0, {}]
[{"0": [2, 5, 1, 1, 0, 31, 32, 30, 25, 30, 31, 0, 4, 1, 2, 0, 1]}, null, null, 121, false, [], false, 0, [], null, 0, 1744326380.1994076, 0, {}]
[{"0": [2, 1, 0, 0, 2, 1, 1, 1, 0, 2, 2, 3, 22, 1, 0, 1, 2]}, null, null, 122, false, [], false, 0, [], null, 0, 1744326380.414272, 0, {}]
[{"0": [2, 1, 32, 1, 1, 3, 0, 0, 3, 1, 2, 0, 2, 4, 2, 2, 1]}, null, null, 122, false, [], false, 0, [], null, 0, 1744326380.6452427, 0, {}]
[{"0": [5, 0, 0, 2, 0, 0, 2, 0, 31, 37, 36, 28, 22, 29, 39, 28, 22]}, null, null, 123, false, [], false, 0, [], null, 0, 1744326380.862453, 0, {}]
[{"0": [2, 3, 4, 1, 36, 22, 2, 3, 2, 2, 0, 1, 2, 1, 0, 0, 2]}, null, null, 123, false, [], false, 0, [], null, 0, 1744326381.0840757, 0, {}]
[{"0": [0, 4, 3, 31, 3, 0, 0, 2, 2, 2, 2, 3, 2, 7, 1, 2, 1]}, null, null, 124, false, [], false, 0, [], null, 0, 1744326381.2915037, 0, {}]
[{"0": [2, 0, 2, 5, 0, 1, 1, 1, 1, 32, 28, 31, 26, 27, 28, 34, 24]}, null, null, 125, false, [], false, 0, [], null, 0, 1744326381.5078907, 0, {}]
[{"0": [4, 0, 30, 22, 0, 1, 2, 3, 2, 3, 1, 1, 2, 3, 3, 5, 1]}, null, null, 125, false, [], false, 0, [], null, 0, 1744326381.7313209, 0, {}]
[{"0": [0, 1, 1, 3, 2, 0, 2, 2, 0, 0, 1, 1, 0, 1, 28, 24, 35]}, null, null, 126, false, [], false, 0, [], null, 0, 1744326381.9388452, 0, {}]
[{"0": [1, 3, 0, 35, 26, 22, 36, 28, 23, 34, 4, 2, 0, 2, 1, 1, 3]}, null, null, 127, false, [], false, 0, [], null, 0, 1744326382.1567256, 0, {}]
[{"0": [4, 1, 1, 0, 1, 0, 4, 3, 0, 2, 0, 3, 4, 3, 1, 1, 0]}, null, null, 127, false, [], false, 0, [], null, 0, 1744326382.372446, 0, {}]
[{"0": [2, 4, 1, 0, 2, 5, 2, 1, 2, 6, 2, 3, 0, 2, 0, 2, 38]}, null, null, 128, false, [], false, 0, [], null, 0, 1744326382.5962706, 0, {}]
[{"0": [2, 2, 3, 0, 0, 2, 4, 1, 2, 0, 0, 33, 3, 2, 1, 1, 3]}, null, null, 128, false, [], false, 0, [], null, 0, 1744326382.806131, 0, {}]
[{"0": [0, 2, 2, 3, 3, 2, 2, 1, 0, 4, 2, 34, 28, 33, 29, 29, 24]}, null, null, 129, false, [], false, 0, [], null, 0, 1744326383.017652, 0, {}]
[{"0": [1, 2, 4, 27, 25, 0, 2, 3, 2, 1, 1, 0, 1, 0, 0, 0, 2]}, null, null, 130, false, [], false, 0, [], null, 0, 1744326383.240747, 0, {}]
[{"0": [2, 2, 1, 3, 1, 1, 2, 40, 44, 1, 3, 2, 1, 2, 0, 3, 4]}, null, null, 130, false, [], false, 0, [], null, 0, 1744326383.4475808, 0, {}]
[{"0": [1, 3, 1, 1, 0, 0, 1, 3, 0, 1, 2, 0, 1, 24, 28, 31, 32]}, null, null, 131, false, [], false, 0, [], null, 0, 1744326383.669948, 0, {}]
[{"0": [3, 3, 4, 1, 1, 1, 1, 0, 2, 31, 23, 34, 32, 1, 3, 1, 1]}, null, null, 131, false, [], false, 0, [], null, 0, 1744326383.8863158, 0, {}]
[{"0": [3, 1, 0, 0, 5, 3, 2, 5, 4, 22, 27, 28, 29, 30, 25, 23, 25]}, null, null, 132, false, [], false, 0, [], null, 0, 1744326384.0989723, 0, {}]
[{"0": [3, 2, 1, 3, 1, 2, 29, 39, 28, 40, 24, 30, 33, 2, 2, 3, 3]}, null, null, 133, false, [], false, 0, [], null, 0, 1744326384.3144593, 0, {}]
[{"0": [5, 0, 1, 3, 0, 29, 3, 1, 4, 2, 1, 0, 1, 1, 0, 4, 4]}, null, null, 133, false, [], false, 0, [], null, 0, 1744326384.5393775, 0, {}]
[{"0": [0, 1, 1, 2, 3, 1, 0, 0, 2, 2, 1, 1, 30, 22, 22, 2, 4]}, null, null, 134, false, [], false, 0, [], null, 0, 1744326384.7543628, 0, {}]
[{"0": [25, 35, 26, 33, 26, 29, 22, 32, 37, 28, 32, 32, 30, 35, 3, 1, 1]}, null, null, 134, false, [], false, 0, [], null, 0, 1744326384.9626844, 0, {}]
[{"0": [0, 2, 0, 1, 2, 1, 0, 0, 3, 4, 1, 2, 2, 1, 4, 0, 22]}, null, null, 135, false, [], false, 0, [], null, 0, 1744326385.1804316, 0, {}]
[{"0": [2, 4, 4, 2, 2, 3, 2, 25, 29, 38, 19, 34, 39, 29, 32, 2, 1]}, null, null, 136, false, [], false, 0, [], null, 0, 1744326385.3954725, 0, {}]
[{"0": [2, 1, 1, 1, 2, 1, 1, 0, 20, 26, 28, 21, 28, 29, 23, 22, 36]}, null, null, 136, false, [], false, 0, [], null, 0, 1744326385.6170163, 0, {}]
[{"0": [1, 4, 1, 0, 1, 1, 2, 2, 34, 4, 2, 6, 2, 2, 3, 1, 4]}, null, null, 137, false, [], false, 0, [], null, 0, 1744326385.8356197, 0, {}]
[{"0": [1, 1, 2, 2, 1, 2, 3, 1, 0, 36, 29, 2, 1, 1, 4, 4, 1]}, null, null, 137, false, [], false, 0, [], null, 0, 1744326386.0515432, 0, {}]
[{"0": [1, 2, 4, 0, 5, 35, 2, 4, 3, 0, 3, 1, 2, 0, 1, 2, 3]}, null, null, 138, false, [], false, 0, [], null, 0, 1744326386.2765577, 0, {}]
[{"0": [2, 4, 0, 2, 4, 2, 0, 1, 3, 1, 1, 2, 2, 1, 2, 6, 0]}, null, null, 139, false, [], false, 0, [], null, 0, 1744326386.4814987, 0, {}]
[{"0": [0, 0, 26, 2, 1, 1, 2, 2, 1, 2, 3, 4, 0, 1, 2, 1, 1]}, null, null, 139, false, [], false, 0, [], null, 0, 1744326386.700445, 0, {}]
[{"0": [0, 3, 3, 2, 3, 1, 1, 3, 45, 31, 36, 1, 2, 0, 2, 3, 2]}, null, null, 140, false, [], false, 0, [], null, 0, 1744326386.9160876, 0, {}]
[{"0": [0, 0, 2, 1, 4, 0, 5, 3, 0, 5, 0, 3, 1, 26, 32, 4, 2]}, null, null, 140, false, [], false, 0, [], null, 0, 1744326387.136056, 0, {}]
[{"0": [3, 0, 0, 1, 2, 1, 24, 32, 30, 38, 31, 43, 1, 1, 1, 0, 3]}, null, null, 141, false, [], false, 0, [], null, 0, 1744326387.3517363, 0, {}]
[{"0": [4, 0, 2, 0, 37, 25, 25, 25, 24, 34, 26, 31, 2, 3, 1, 3, 0]}, null, null, 142, false, [], false, 0, [], null, 0, 1744326387.564161, 0, {}]
[{"0": [0, 2, 3, 1, 1, 3, 2, 0, 3, 1, 2, 3, 1, 0, 24, 27, 28]}, null, null, 142, false, [], false, 0, [], null, 0, 1744326387.7836955, 0, {}]
[{"0": [5, 2, 1, 4, 2, 0, 2, 1, 0, 3, 1, 3, 33, 41, 38, 31, 24]}, null, null, 143, false, [], false, 0, [], null, 0, 1744326387.9956965, 0, {}]
[{"0": [1, 5, 3, 4, 0, 25, 24, 3, 2, 1, 3, 1, 2, 2, 0, 0, 2]}, null, null, 143, false, [], false, 0, [], null, 0, 1744326388.2232344, 0, {}]
[{"0": [1, 1, 1, 1, 2, 0, 2, 0, 1, 1, 3, 3, 3, 0, 0, 1, 25]}, null, null, 144, false, [], false, 0, [], null, 0, 1744326388.4528806, 0, {}]
[{"0": [2, 1, 1, 1, 0, 0, 1, 2, 2, 0, 1, 3, 3, 4, 0, 2, 1]}, null, null, 145, false, [], false, 0, [], null, 0, 1744326388.6528563, 0, {}]
[{"0": [5, 1, 2, 5, 3, 2, 2, 3, 0, 2, 5, 1, 4, 2, 27, 28, 21]}, null, null, 145, false, [], false, 0, [], null, 0, 1744326388.8624015, 0, {}]
[{"0": [2, 4, 3, 1, 2, 1, 0, 2, 4, 4, 2, 2, 18, 42, 29, 2, 1]}, null, null, 146, false, [], false, 0, [], null, 0, 1744326389.0864608, 0, {}]
[{"0": [1, 3, 1, 3, 2, 0, 27, 2, 1, 2, 0, 6, 1, 2, 2, 1, 0]}, null, null, 146, false, [], false, 0, [], null, 0, 1744326389.3025246, 0, {}]
[{"0": [2, 1, 3, 1, 0, 4, 2, 1, 2, 3, 2, 2, 6, 2, 2, 2, 22]}, null, null, 147, false, [], false, 0, [], null, 0, 1744326389.5286443, 0, {}]
[{"0": [2, 1, 26, 2, 2, 1, 2, 1, 5, 3, 3, 1, 2, 4, 2, 1, 2]}, null, null, 148, false, [], false, 0, [], null, 0, 1744326389.739897, 0, {}]
[{"0": [3, 3, 1, 4, 3, 3, 31, 21, 37, 34, 25, 19, 22, 27, 33, 20, 27]}, null, null, 148, false, [], false, 0, [], null, 0, 1744326389.9513404, 0, {}]
[{"0": [1, 0, 3, 3, 0, 4, 3, 0, 1, 0, 1, 3, 3, 2, 1, 0, 3]}, null, null, 149, false, [], false, 0, [], null, 0, 1744326390.1712947, 0, {}]
[{"0": [3, 3, 0, 4, 1, 4, 1, 1, 2, 2, 35, 32, 22, 22, 27, 32, 29]}, null, null, 149, false, [], false, 0, [], null, 0, 1744326390.3914661, 0, {}]
[{"0": [2, 1, 1, 24, 31, 20, 25, 26, 26, 30, 29, 30, 31, 24, 26, 27, 1]}, null, null, 150, true, [], false, 0, [], null, 0, 1744326390.6050384, 0, {}]
