[{"0": [2, 27, 27, 32, 37, 31, 32, 39, 26, 23, 31, 31, 32, 33, 30, 31, 34]}, null, null, 0, false, [], false, 0, [], null, 0, 1744334494.1826131, 0, {}]
[{"0": [0, 26, 37, 33, 28, 27, 0, 2, 1, 4, 2, 1, 0, 1, 0, 0, 4]}, null, null, 1, false, [], false, 0, [], null, 0, 1744334494.4145734, 0, {}]
[{"0": [4, 2, 1, 0, 1, 0, 2, 29, 23, 3, 0, 1, 1, 0, 3, 2, 3]}, null, null, 1, false, [], false, 0, [], null, 0, 1744334494.6305032, 0, {}]
[{"0": [4, 0, 4, 40, 35, 30, 4, 1, 1, 4, 2, 3, 2, 2, 3, 1, 1]}, null, null, 2, false, [], false, 0, [], null, 0, 1744334494.8458939, 0, {}]
[{"0": [2, 28, 0, 1, 2, 0, 3, 3, 2, 2, 4, 3, 1, 4, 2, 3, 1]}, null, null, 2, false, [], false, 0, [], null, 0, 1744334495.0601587, 0, {}]
[{"0": [1, 2, 2, 30, 26, 25, 2, 0, 2, 1, 1, 2, 1, 2, 3, 4, 4]}, null, null, 3, false, [], false, 0, [], null, 0, 1744334495.2766993, 0, {}]
[{"0": [1, 23, 28, 1, 1, 3, 2, 2, 2, 0, 2, 2, 2, 2, 0, 3, 1]}, null, null, 4, false, [], false, 0, [], null, 0, 1744334495.483872, 0, {}]
[{"0": [26, 0, 2, 6, 1, 2, 2, 4, 2, 0, 5, 2, 3, 1, 0, 1, 3]}, null, null, 4, false, [], false, 0, [], null, 0, 1744334495.6956687, 0, {}]
[{"0": [1, 2, 3, 4, 41, 21, 35, 34, 7, 1, 2, 1, 2, 3, 1, 3, 0]}, null, null, 5, false, [], false, 0, [], null, 0, 1744334495.9227502, 0, {}]
[{"0": [0, 3, 2, 0, 1, 1, 1, 5, 39, 35, 22, 23, 34, 35, 25, 2, 2]}, null, null, 5, false, [], false, 0, [], null, 0, 1744334496.1403754, 0, {}]
[{"0": [0, 38, 30, 33, 24, 1, 2, 3, 1, 2, 1, 3, 1, 4, 1, 2, 1]}, null, null, 6, false, [], false, 0, [], null, 0, 1744334496.344089, 0, {}]
[{"0": [35, 29, 30, 31, 2, 1, 1, 1, 4, 4, 1, 3, 4, 5, 2, 2, 2]}, null, null, 7, false, [], false, 0, [], null, 0, 1744334496.5741003, 0, {}]
[{"0": [1, 4, 2, 1, 0, 3, 36, 24, 35, 30, 33, 33, 23, 36, 29, 4, 1]}, null, null, 7, false, [], false, 0, [], null, 0, 1744334496.782311, 0, {}]
[{"0": [35, 28, 24, 37, 32, 31, 35, 22, 29, 18, 4, 0, 3, 1, 2, 1, 0]}, null, null, 8, false, [], false, 0, [], null, 0, 1744334496.99596, 0, {}]
[{"0": [0, 36, 38, 23, 36, 33, 2, 4, 5, 1, 1, 2, 4, 3, 1, 2, 1]}, null, null, 8, false, [], false, 0, [], null, 0, 1744334497.220075, 0, {}]
[{"0": [2, 2, 2, 1, 5, 0, 29, 26, 24, 3, 1, 0, 2, 1, 2, 3, 0]}, null, null, 9, false, [], false, 0, [], null, 0, 1744334497.4342067, 0, {}]
[{"0": [4, 27, 33, 24, 25, 25, 26, 39, 34, 32, 20, 19, 2, 2, 2, 1, 2]}, null, null, 10, false, [], false, 0, [], null, 0, 1744334497.6639652, 0, {}]
[{"0": [3, 2, 2, 0, 5, 1, 5, 4, 2, 1, 2, 1, 3, 1, 3, 1, 2]}, null, null, 10, false, [], false, 0, [], null, 0, 1744334497.8663547, 0, {}]
[{"0": [3, 30, 27, 33, 0, 2, 2, 3, 2, 1, 1, 1, 3, 1, 2, 3, 4]}, null, null, 11, false, [], false, 0, [], null, 0, 1744334498.0997627, 0, {}]
[{"0": [1, 29, 23, 26, 27, 3, 0, 4, 1, 1, 1, 1, 2, 0, 3, 3, 1]}, null, null, 11, false, [], false, 0, [], null, 0, 1744334498.3183799, 0, {}]
[{"0": [0, 30, 2, 1, 2, 2, 1, 0, 2, 1, 1, 0, 1, 6, 3, 3, 2]}, null, null, 12, false, [], false, 0, [], null, 0, 1744334498.5334828, 0, {}]
[{"0": [3, 2, 4, 0, 35, 26, 17, 22, 35, 29, 32, 15, 40, 23, 33, 26, 30]}, null, null, 13, false, [], false, 0, [], null, 0, 1744334498.7386508, 0, {}]
[{"0": [3, 30, 23, 2, 3, 0, 0, 1, 0, 1, 1, 1, 1, 1, 1, 2, 2]}, null, null, 13, false, [], false, 0, [], null, 0, 1744334498.960254, 0, {}]
[{"0": [4, 21, 1, 1, 6, 3, 1, 3, 2, 1, 2, 2, 2, 1, 1, 6, 0]}, null, null, 14, false, [], false, 0, [], null, 0, 1744334499.1815832, 0, {}]
[{"0": [1, 25, 27, 4, 3, 1, 2, 3, 1, 1, 3, 2, 4, 1, 1, 2, 4]}, null, null, 14, false, [], false, 0, [], null, 0, 1744334499.4014027, 0, {}]
[{"0": [5, 19, 31, 31, 33, 27, 30, 39, 32, 1, 2, 4, 0, 2, 3, 3, 1]}, null, null, 15, false, [], false, 0, [], null, 0, 1744334499.600922, 0, {}]
[{"0": [1, 1, 0, 2, 1, 3, 2, 2, 1, 1, 2, 4, 2, 4, 2, 4, 4]}, null, null, 16, false, [], false, 0, [], null, 0, 1744334499.827619, 0, {}]
[{"0": [1, 26, 24, 2, 2, 3, 1, 2, 1, 0, 2, 0, 0, 2, 1, 1, 1]}, null, null, 16, false, [], false, 0, [], null, 0, 1744334500.0418508, 0, {}]
[{"0": [2, 4, 1, 0, 0, 1, 3, 0, 0, 3, 21, 30, 31, 34, 32, 31, 1]}, null, null, 17, false, [], false, 0, [], null, 0, 1744334500.2530951, 0, {}]
[{"0": [2, 0, 4, 3, 1, 4, 1, 25, 26, 22, 19, 31, 28, 2, 3, 3, 1]}, null, null, 17, false, [], false, 0, [], null, 0, 1744334500.4673624, 0, {}]
[{"0": [1, 33, 25, 26, 30, 24, 3, 3, 2, 2, 0, 0, 3, 3, 2, 3, 2]}, null, null, 18, false, [], false, 0, [], null, 0, 1744334500.6930962, 0, {}]
[{"0": [1, 1, 3, 1, 2, 3, 2, 2, 35, 29, 27, 30, 32, 27, 34, 13, 37]}, null, null, 19, false, [], false, 0, [], null, 0, 1744334500.9017558, 0, {}]
[{"0": [0, 42, 3, 0, 3, 2, 2, 3, 0, 4, 1, 3, 3, 2, 2, 4, 2]}, null, null, 19, false, [], false, 0, [], null, 0, 1744334501.1288416, 0, {}]
[{"0": [2, 30, 28, 37, 25, 23, 0, 2, 1, 2, 2, 3, 3, 2, 0, 1, 1]}, null, null, 20, false, [], false, 0, [], null, 0, 1744334501.328452, 0, {}]
[{"0": [38, 28, 2, 1, 1, 0, 2, 2, 2, 1, 4, 2, 1, 1, 3, 0, 0]}, null, null, 20, false, [], false, 0, [], null, 0, 1744334501.5544868, 0, {}]
[{"0": [2, 30, 30, 26, 2, 2, 2, 0, 2, 3, 3, 3, 0, 1, 5, 0, 4]}, null, null, 21, false, [], false, 0, [], null, 0, 1744334501.7796082, 0, {}]
[{"0": [2, 34, 2, 1, 2, 1, 0, 3, 1, 2, 2, 2, 0, 1, 2, 4, 0]}, null, null, 22, false, [], false, 0, [], null, 0, 1744334501.9950063, 0, {}]
[{"0": [2, 4, 1, 0, 2, 2, 28, 34, 31, 28, 26, 33, 2, 1, 2, 2, 5]}, null, null, 22, false, [], false, 0, [], null, 0, 1744334502.203308, 0, {}]
[{"0": [2, 2, 5, 23, 24, 31, 2, 5, 1, 2, 0, 0, 1, 1, 4, 1, 1]}, null, null, 23, false, [], false, 0, [], null, 0, 1744334502.4215794, 0, {}]
[{"0": [2, 2, 0, 2, 1, 1, 3, 1, 1, 1, 0, 1, 5, 1, 2, 2, 2]}, null, null, 23, false, [], false, 0, [], null, 0, 1744334502.6318066, 0, {}]
[{"0": [0, 23, 0, 3, 2, 1, 3, 4, 2, 1, 0, 4, 6, 3, 2, 2, 1]}, null, null, 24, false, [], false, 0, [], null, 0, 1744334502.8608978, 0, {}]
[{"0": [2, 27, 35, 32, 2, 1, 1, 2, 1, 2, 1, 1, 1, 1, 2, 1, 5]}, null, null, 25, false, [], false, 0, [], null, 0, 1744334503.0614376, 0, {}]
[{"0": [0, 30, 1, 2, 2, 1, 1, 3, 4, 1, 1, 0, 0, 5, 1, 2, 1]}, null, null, 25, false, [], false, 0, [], null, 0, 1744334503.2991235, 0, {}]
[{"0": [2, 21, 26, 4, 0, 2, 1, 4, 1, 1, 0, 2, 3, 0, 2, 6, 2]}, null, null, 26, false, [], false, 0, [], null, 0, 1744334503.5007658, 0, {}]
[{"0": [39, 27, 34, 28, 29, 33, 33, 30, 33, 35, 19, 2, 1, 1, 1, 1, 0]}, null, null, 27, false, [], false, 0, [], null, 0, 1744334503.7139003, 0, {}]
[{"0": [0, 3, 2, 4, 1, 1, 3, 38, 32, 31, 36, 40, 25, 1, 3, 2, 3]}, null, null, 27, false, [], false, 0, [], null, 0, 1744334503.932811, 0, {}]
[{"0": [3, 35, 1, 3, 0, 1, 3, 4, 4, 5, 4, 3, 0, 0, 1, 2, 1]}, null, null, 28, false, [], false, 0, [], null, 0, 1744334504.1470842, 0, {}]
[{"0": [1, 1, 0, 0, 0, 3, 1, 3, 4, 3, 43, 29, 30, 35, 22, 3, 4]}, null, null, 28, false, [], false, 0, [], null, 0, 1744334504.370706, 0, {}]
[{"0": [3, 41, 29, 35, 36, 35, 43, 30, 39, 31, 28, 30, 1, 0, 1, 2, 4]}, null, null, 29, false, [], false, 0, [], null, 0, 1744334504.5950532, 0, {}]
[{"0": [0, 31, 30, 27, 37, 39, 3, 1, 0, 3, 3, 5, 4, 2, 2, 3, 2]}, null, null, 30, false, [], false, 0, [], null, 0, 1744334504.8086698, 0, {}]
[{"0": [32, 28, 41, 26, 30, 33, 32, 36, 42, 2, 7, 2, 0, 2, 2, 0, 2]}, null, null, 30, false, [], false, 0, [], null, 0, 1744334505.0213544, 0, {}]
[{"0": [2, 30, 35, 39, 4, 3, 2, 1, 2, 1, 0, 1, 3, 1, 1, 1, 5]}, null, null, 31, false, [], false, 0, [], null, 0, 1744334505.2407262, 0, {}]
[{"0": [0, 33, 35, 19, 32, 36, 4, 1, 3, 2, 2, 5, 2, 0, 1, 0, 2]}, null, null, 31, false, [], false, 0, [], null, 0, 1744334505.4660764, 0, {}]
[{"0": [1, 1, 0, 1, 2, 0, 0, 1, 1, 1, 0, 0, 1, 3, 4, 4, 1]}, null, null, 32, false, [], false, 0, [], null, 0, 1744334505.671399, 0, {}]
[{"0": [2, 38, 29, 27, 34, 2, 1, 2, 2, 2, 1, 4, 1, 2, 4, 2, 3]}, null, null, 33, false, [], false, 0, [], null, 0, 1744334505.8868651, 0, {}]
[{"0": [1, 27, 1, 2, 5, 4, 3, 1, 3, 1, 2, 2, 1, 3, 2, 1, 1]}, null, null, 33, false, [], false, 0, [], null, 0, 1744334506.105664, 0, {}]
[{"0": [6, 43, 42, 31, 3, 0, 4, 4, 1, 1, 0, 3, 1, 1, 2, 4, 2]}, null, null, 34, false, [], false, 0, [], null, 0, 1744334506.3249505, 0, {}]
[{"0": [4, 17, 30, 1, 2, 4, 2, 5, 4, 1, 3, 0, 3, 1, 0, 2, 0]}, null, null, 34, false, [], false, 0, [], null, 0, 1744334506.5338438, 0, {}]
[{"0": [3, 30, 34, 26, 0, 3, 1, 2, 2, 2, 2, 2, 0, 4, 2, 2, 1]}, null, null, 35, false, [], false, 0, [], null, 0, 1744334506.7535129, 0, {}]
[{"0": [2, 30, 28, 35, 32, 24, 1, 1, 2, 2, 3, 4, 2, 0, 4, 1, 0]}, null, null, 36, false, [], false, 0, [], null, 0, 1744334506.978266, 0, {}]
[{"0": [2, 0, 2, 2, 2, 3, 1, 2, 0, 3, 3, 26, 43, 29, 29, 1, 0]}, null, null, 36, false, [], false, 0, [], null, 0, 1744334507.1874676, 0, {}]
[{"0": [2, 29, 3, 1, 2, 3, 4, 0, 3, 1, 1, 0, 0, 2, 2, 1, 1]}, null, null, 37, false, [], false, 0, [], null, 0, 1744334507.409038, 0, {}]
[{"0": [3, 28, 4, 2, 0, 4, 0, 1, 4, 4, 2, 0, 0, 0, 3, 2, 0]}, null, null, 37, false, [], false, 0, [], null, 0, 1744334507.6152582, 0, {}]
[{"0": [3, 39, 38, 4, 2, 1, 1, 1, 3, 1, 3, 1, 0, 0, 4, 5, 3]}, null, null, 38, false, [], false, 0, [], null, 0, 1744334507.832791, 0, {}]
[{"0": [1, 29, 36, 28, 27, 4, 1, 3, 1, 0, 2, 2, 0, 1, 6, 2, 1]}, null, null, 39, false, [], false, 0, [], null, 0, 1744334508.0572686, 0, {}]
[{"0": [0, 29, 2, 4, 0, 3, 4, 1, 2, 1, 4, 0, 1, 0, 5, 2, 0]}, null, null, 39, false, [], false, 0, [], null, 0, 1744334508.2773485, 0, {}]
[{"0": [30, 24, 1, 2, 0, 2, 3, 2, 2, 0, 1, 2, 2, 1, 4, 1, 3]}, null, null, 40, false, [], false, 0, [], null, 0, 1744334508.4884953, 0, {}]
[{"0": [2, 27, 7, 3, 2, 3, 2, 1, 0, 2, 5, 0, 1, 2, 1, 1, 4]}, null, null, 40, false, [], false, 0, [], null, 0, 1744334508.7057302, 0, {}]
[{"0": [3, 23, 0, 2, 3, 2, 2, 1, 0, 2, 5, 2, 4, 1, 2, 1, 2]}, null, null, 41, false, [], false, 0, [], null, 0, 1744334508.92099, 0, {}]
[{"0": [2, 33, 30, 22, 26, 36, 1, 0, 4, 4, 4, 1, 3, 1, 1, 2, 1]}, null, null, 42, false, [], false, 0, [], null, 0, 1744334509.1371984, 0, {}]
[{"0": [2, 28, 35, 31, 32, 21, 22, 15, 2, 1, 1, 2, 1, 2, 1, 1, 0]}, null, null, 42, false, [], false, 0, [], null, 0, 1744334509.3498297, 0, {}]
[{"0": [1, 3, 1, 7, 35, 2, 4, 1, 0, 1, 0, 0, 1, 2, 1, 0, 3]}, null, null, 43, false, [], false, 0, [], null, 0, 1744334509.5718474, 0, {}]
[{"0": [0, 30, 22, 29, 2, 5, 2, 5, 1, 1, 1, 2, 3, 1, 0, 0, 2]}, null, null, 43, false, [], false, 0, [], null, 0, 1744334509.7778432, 0, {}]
[{"0": [1, 33, 37, 33, 32, 34, 30, 26, 28, 34, 0, 1, 2, 1, 1, 2, 1]}, null, null, 44, false, [], false, 0, [], null, 0, 1744334509.99333, 0, {}]
[{"0": [3, 32, 28, 28, 2, 1, 0, 2, 10, 0, 5, 1, 2, 2, 2, 0, 1]}, null, null, 45, false, [], false, 0, [], null, 0, 1744334510.2164662, 0, {}]
[{"0": [1, 2, 0, 2, 1, 2, 0, 1, 1, 4, 2, 0, 3, 2, 0, 2, 1]}, null, null, 45, false, [], false, 0, [], null, 0, 1744334510.440568, 0, {}]
[{"0": [3, 1, 2, 1, 2, 3, 3, 0, 0, 3, 0, 2, 2, 2, 0, 1, 1]}, null, null, 46, false, [], false, 0, [], null, 0, 1744334510.6460598, 0, {}]
[{"0": [0, 33, 0, 1, 0, 3, 2, 2, 0, 1, 2, 2, 1, 1, 0, 3, 3]}, null, null, 46, false, [], false, 0, [], null, 0, 1744334510.8614447, 0, {}]
[{"0": [2, 28, 1, 3, 1, 4, 2, 1, 5, 0, 2, 3, 1, 1, 1, 2, 1]}, null, null, 47, false, [], false, 0, [], null, 0, 1744334511.0796168, 0, {}]
[{"0": [2, 29, 1, 4, 1, 2, 4, 2, 3, 2, 1, 1, 2, 1, 2, 1, 3]}, null, null, 48, false, [], false, 0, [], null, 0, 1744334511.3168588, 0, {}]
[{"0": [6, 31, 30, 31, 30, 30, 31, 29, 2, 2, 4, 1, 2, 1, 1, 7, 4]}, null, null, 48, false, [], false, 0, [], null, 0, 1744334511.5299685, 0, {}]
[{"0": [25, 1, 1, 2, 3, 5, 0, 3, 2, 2, 0, 1, 2, 1, 1, 2, 2]}, null, null, 49, false, [], false, 0, [], null, 0, 1744334511.739523, 0, {}]
[{"0": [2, 0, 0, 0, 1, 0, 39, 35, 2, 1, 1, 0, 1, 0, 1, 2, 1]}, null, null, 49, false, [], false, 0, [], null, 0, 1744334511.9463093, 0, {}]
[{"0": [1, 33, 2, 1, 2, 4, 1, 2, 3, 2, 2, 1, 0, 2, 2, 3, 1]}, null, null, 50, false, [], false, 0, [], null, 0, 1744334512.1705558, 0, {}]
[{"0": [0, 33, 1, 2, 1, 4, 1, 1, 1, 3, 3, 3, 3, 1, 1, 0, 3]}, null, null, 51, false, [], false, 0, [], null, 0, 1744334512.3756957, 0, {}]
[{"0": [39, 34, 29, 30, 31, 25, 36, 4, 3, 2, 0, 3, 1, 3, 1, 1, 2]}, null, null, 51, false, [], false, 0, [], null, 0, 1744334512.6040978, 0, {}]
[{"0": [4, 32, 32, 27, 38, 31, 27, 31, 34, 31, 2, 3, 1, 1, 2, 3, 1]}, null, null, 52, false, [], false, 0, [], null, 0, 1744334512.822789, 0, {}]
[{"0": [0, 5, 3, 1, 2, 1, 3, 1, 35, 35, 28, 31, 0, 2, 2, 5, 2]}, null, null, 52, false, [], false, 0, [], null, 0, 1744334513.0447962, 0, {}]
[{"0": [2, 1, 6, 2, 4, 4, 4, 31, 34, 24, 34, 1, 3, 4, 0, 1, 0]}, null, null, 53, false, [], false, 0, [], null, 0, 1744334513.2486792, 0, {}]
[{"0": [1, 28, 29, 35, 27, 22, 24, 26, 1, 1, 4, 1, 1, 0, 2, 0, 5]}, null, null, 54, false, [], false, 0, [], null, 0, 1744334513.4699368, 0, {}]
[{"0": [0, 30, 21, 29, 1, 1, 0, 4, 3, 1, 0, 1, 2, 0, 1, 3, 1]}, null, null, 54, false, [], false, 0, [], null, 0, 1744334513.6887667, 0, {}]
[{"0": [3, 14, 33, 27, 2, 0, 5, 1, 3, 1, 1, 2, 3, 1, 2, 2, 2]}, null, null, 55, false, [], false, 0, [], null, 0, 1744334513.906342, 0, {}]
[{"0": [3, 29, 25, 26, 25, 1, 1, 2, 4, 0, 0, 2, 1, 2, 2, 2, 1]}, null, null, 55, false, [], false, 0, [], null, 0, 1744334514.1143003, 0, {}]
[{"0": [5, 30, 30, 25, 2, 1, 4, 1, 1, 3, 1, 4, 1, 2, 3, 1, 4]}, null, null, 56, false, [], false, 0, [], null, 0, 1744334514.3364468, 0, {}]
[{"0": [3, 36, 20, 0, 1, 5, 2, 2, 4, 2, 2, 3, 3, 1, 1, 0, 4]}, null, null, 57, false, [], false, 0, [], null, 0, 1744334514.5469372, 0, {}]
[{"0": [1, 37, 2, 2, 1, 2, 2, 2, 2, 1, 4, 0, 2, 2, 1, 0, 1]}, null, null, 57, false, [], false, 0, [], null, 0, 1744334514.76454, 0, {}]
[{"0": [0, 29, 31, 28, 2, 1, 1, 3, 2, 1, 2, 3, 1, 0, 1, 0, 2]}, null, null, 58, false, [], false, 0, [], null, 0, 1744334514.9920444, 0, {}]
[{"0": [0, 1, 1, 3, 1, 3, 4, 0, 1, 1, 26, 21, 21, 35, 4, 0, 0]}, null, null, 58, false, [], false, 0, [], null, 0, 1744334515.2001798, 0, {}]
[{"0": [2, 23, 17, 39, 1, 5, 2, 3, 1, 2, 2, 2, 3, 4, 0, 2, 0]}, null, null, 59, false, [], false, 0, [], null, 0, 1744334515.4140399, 0, {}]
[{"0": [4, 32, 2, 1, 1, 3, 4, 3, 4, 0, 4, 2, 1, 1, 3, 2, 1]}, null, null, 60, false, [], false, 0, [], null, 0, 1744334515.6425502, 0, {}]
[{"0": [2, 5, 25, 24, 28, 2, 0, 1, 1, 2, 1, 3, 1, 3, 0, 2, 0]}, null, null, 60, false, [], false, 0, [], null, 0, 1744334515.855516, 0, {}]
[{"0": [2, 1, 2, 1, 3, 1, 5, 0, 2, 21, 1, 0, 2, 3, 1, 0, 0]}, null, null, 61, false, [], false, 0, [], null, 0, 1744334516.077297, 0, {}]
[{"0": [4, 2, 1, 2, 1, 2, 5, 31, 26, 27, 31, 27, 0, 1, 0, 0, 2]}, null, null, 61, false, [], false, 0, [], null, 0, 1744334516.2780163, 0, {}]
[{"0": [0, 2, 1, 1, 35, 21, 37, 32, 32, 28, 30, 25, 23, 29, 32, 32, 20]}, null, null, 62, false, [], false, 0, [], null, 0, 1744334516.5047004, 0, {}]
[{"0": [0, 2, 1, 3, 1, 2, 1, 0, 1, 1, 1, 1, 2, 2, 2, 1, 1]}, null, null, 63, false, [], false, 0, [], null, 0, 1744334516.7182019, 0, {}]
[{"0": [4, 35, 30, 25, 35, 35, 33, 33, 36, 33, 21, 1, 3, 3, 2, 1, 4]}, null, null, 63, false, [], false, 0, [], null, 0, 1744334516.9460225, 0, {}]
[{"0": [3, 32, 34, 44, 25, 30, 29, 30, 26, 36, 30, 25, 23, 28, 24, 28, 28]}, null, null, 64, false, [], false, 0, [], null, 0, 1744334517.1625285, 0, {}]
[{"0": [0, 1, 3, 3, 41, 0, 2, 4, 2, 0, 0, 1, 2, 1, 3, 1, 2]}, null, null, 64, false, [], false, 0, [], null, 0, 1744334517.3664465, 0, {}]
[{"0": [0, 0, 24, 28, 40, 28, 1, 0, 4, 2, 2, 3, 3, 1, 5, 2, 0]}, null, null, 65, false, [], false, 0, [], null, 0, 1744334517.5858023, 0, {}]
[{"0": [2, 17, 2, 2, 2, 1, 2, 2, 1, 1, 2, 1, 2, 3, 0, 1, 2]}, null, null, 66, false, [], false, 0, [], null, 0, 1744334517.805843, 0, {}]
[{"0": [5, 30, 24, 26, 23, 31, 25, 2, 2, 0, 0, 1, 5, 4, 1, 3, 1]}, null, null, 66, false, [], false, 0, [], null, 0, 1744334518.021799, 0, {}]
[{"0": [3, 35, 0, 3, 1, 3, 2, 2, 1, 2, 2, 1, 2, 1, 3, 1, 2]}, null, null, 67, false, [], false, 0, [], null, 0, 1744334518.2403522, 0, {}]
[{"0": [3, 4, 3, 0, 0, 1, 1, 6, 4, 3, 2, 1, 5, 0, 3, 1, 6]}, null, null, 67, false, [], false, 0, [], null, 0, 1744334518.4458659, 0, {}]
[{"0": [2, 2, 1, 2, 2, 26, 18, 28, 24, 25, 27, 2, 1, 4, 0, 4, 1]}, null, null, 68, false, [], false, 0, [], null, 0, 1744334518.661721, 0, {}]
[{"0": [2, 0, 1, 0, 0, 3, 2, 2, 2, 2, 4, 0, 1, 1, 0, 3, 1]}, null, null, 69, false, [], false, 0, [], null, 0, 1744334518.878669, 0, {}]
[{"0": [1, 45, 0, 3, 0, 2, 0, 2, 4, 2, 1, 0, 1, 4, 0, 1, 2]}, null, null, 69, false, [], false, 0, [], null, 0, 1744334519.0921607, 0, {}]
[{"0": [0, 29, 4, 2, 0, 1, 0, 1, 1, 0, 0, 2, 2, 1, 0, 2, 1]}, null, null, 70, false, [], false, 0, [], null, 0, 1744334519.327478, 0, {}]
[{"0": [2, 2, 5, 1, 0, 1, 34, 0, 0, 0, 1, 1, 1, 3, 0, 1, 0]}, null, null, 70, false, [], false, 0, [], null, 0, 1744334519.5317338, 0, {}]
[{"0": [2, 26, 36, 1, 1, 4, 1, 1, 0, 3, 1, 7, 2, 2, 4, 4, 0]}, null, null, 71, false, [], false, 0, [], null, 0, 1744334519.7440505, 0, {}]
[{"0": [3, 22, 25, 26, 24, 30, 30, 26, 25, 24, 28, 1, 2, 2, 3, 2, 3]}, null, null, 72, false, [], false, 0, [], null, 0, 1744334519.9687674, 0, {}]
[{"0": [0, 32, 20, 2, 2, 2, 0, 1, 2, 4, 4, 2, 5, 5, 0, 4, 1]}, null, null, 72, false, [], false, 0, [], null, 0, 1744334520.1847227, 0, {}]
[{"0": [2, 21, 27, 29, 39, 36, 32, 35, 38, 28, 2, 0, 1, 3, 3, 1, 2]}, null, null, 73, false, [], false, 0, [], null, 0, 1744334520.403479, 0, {}]
[{"0": [3, 35, 35, 33, 2, 1, 7, 1, 1, 2, 2, 3, 1, 6, 0, 0, 1]}, null, null, 73, false, [], false, 0, [], null, 0, 1744334520.6114185, 0, {}]
[{"0": [0, 24, 27, 25, 23, 32, 1, 1, 1, 0, 3, 2, 3, 3, 2, 1, 1]}, null, null, 74, false, [], false, 0, [], null, 0, 1744334520.8256874, 0, {}]
[{"0": [2, 2, 2, 0, 2, 0, 4, 3, 0, 2, 1, 1, 0, 0, 1, 0, 0]}, null, null, 75, false, [], false, 0, [], null, 0, 1744334521.0480585, 0, {}]
[{"0": [4, 23, 32, 22, 32, 1, 1, 0, 2, 2, 1, 4, 0, 1, 1, 1, 2]}, null, null, 75, false, [], false, 0, [], null, 0, 1744334521.2620466, 0, {}]
[{"0": [1, 23, 0, 1, 3, 1, 2, 0, 1, 4, 1, 4, 1, 0, 0, 2, 0]}, null, null, 76, false, [], false, 0, [], null, 0, 1744334521.4752636, 0, {}]
[{"0": [0, 2, 1, 0, 2, 3, 2, 27, 23, 29, 25, 28, 1, 0, 1, 2, 1]}, null, null, 77, false, [], false, 0, [], null, 0, 1744334521.699431, 0, {}]
[{"0": [28, 24, 24, 21, 26, 25, 24, 29, 28, 37, 23, 32, 29, 25, 29, 3, 1]}, null, null, 77, false, [], false, 0, [], null, 0, 1744334521.9187932, 0, {}]
[{"0": [4, 1, 2, 5, 36, 30, 2, 2, 2, 1, 2, 1, 0, 1, 4, 2, 2]}, null, null, 78, false, [], false, 0, [], null, 0, 1744334522.1305053, 0, {}]
[{"0": [1, 2, 1, 1, 3, 3, 2, 0, 1, 2, 33, 34, 32, 24, 1, 0, 7]}, null, null, 78, false, [], false, 0, [], null, 0, 1744334522.3571596, 0, {}]
[{"0": [2, 30, 33, 1, 1, 2, 0, 0, 0, 1, 1, 0, 1, 2, 3, 1, 1]}, null, null, 79, false, [], false, 0, [], null, 0, 1744334522.5607738, 0, {}]
[{"0": [0, 33, 2, 3, 2, 3, 3, 2, 2, 1, 3, 4, 1, 2, 1, 2, 1]}, null, null, 80, false, [], false, 0, [], null, 0, 1744334522.7809558, 0, {}]
[{"0": [7, 3, 1, 2, 1, 1, 0, 1, 1, 2, 2, 3, 2, 1, 1, 1, 2]}, null, null, 80, false, [], false, 0, [], null, 0, 1744334522.9939744, 0, {}]
[{"0": [2, 36, 0, 3, 3, 2, 4, 0, 2, 2, 2, 0, 0, 2, 1, 3, 4]}, null, null, 81, false, [], false, 0, [], null, 0, 1744334523.2108326, 0, {}]
[{"0": [4, 5, 0, 1, 0, 1, 1, 1, 2, 0, 2, 1, 3, 1, 1, 1, 2]}, null, null, 81, false, [], false, 0, [], null, 0, 1744334523.4274116, 0, {}]
[{"0": [6, 29, 32, 25, 38, 2, 2, 1, 2, 2, 3, 3, 3, 4, 1, 1, 1]}, null, null, 82, false, [], false, 0, [], null, 0, 1744334523.6476312, 0, {}]
[{"0": [2, 26, 38, 36, 1, 0, 3, 2, 2, 3, 1, 3, 3, 3, 5, 1, 4]}, null, null, 83, false, [], false, 0, [], null, 0, 1744334523.863971, 0, {}]
[{"0": [0, 32, 0, 0, 2, 1, 0, 1, 1, 1, 1, 2, 0, 1, 3, 2, 3]}, null, null, 83, false, [], false, 0, [], null, 0, 1744334524.0751214, 0, {}]
[{"0": [3, 1, 0, 4, 1, 4, 0, 1, 2, 3, 3, 1, 1, 0, 1, 3, 3]}, null, null, 84, false, [], false, 0, [], null, 0, 1744334524.3034682, 0, {}]
[{"0": [1, 22, 34, 31, 27, 30, 29, 22, 22, 1, 3, 1, 0, 3, 1, 1, 2]}, null, null, 84, false, [], false, 0, [], null, 0, 1744334524.5298002, 0, {}]
[{"0": [2, 31, 20, 29, 27, 34, 29, 0, 1, 2, 3, 2, 4, 1, 1, 1, 2]}, null, null, 85, false, [], false, 0, [], null, 0, 1744334524.7293386, 0, {}]
[{"0": [0, 32, 33, 37, 37, 34, 19, 38, 29, 31, 23, 2, 2, 1, 2, 2, 1]}, null, null, 86, false, [], false, 0, [], null, 0, 1744334524.942663, 0, {}]
[{"0": [1, 5, 4, 0, 2, 3, 0, 1, 3, 1, 33, 31, 31, 29, 32, 28, 25]}, null, null, 86, false, [], false, 0, [], null, 0, 1744334525.173142, 0, {}]
[{"0": [1, 28, 33, 27, 28, 1, 0, 6, 2, 2, 1, 4, 1, 1, 2, 3, 1]}, null, null, 87, false, [], false, 0, [], null, 0, 1744334525.3911147, 0, {}]
[{"0": [0, 2, 3, 1, 1, 2, 5, 28, 32, 30, 18, 4, 3, 3, 1, 1, 2]}, null, null, 87, false, [], false, 0, [], null, 0, 1744334525.6052363, 0, {}]
[{"0": [1, 32, 2, 0, 0, 1, 0, 0, 0, 2, 1, 1, 4, 2, 0, 1, 2]}, null, null, 88, false, [], false, 0, [], null, 0, 1744334525.8376448, 0, {}]
[{"0": [3, 29, 35, 41, 3, 0, 2, 1, 2, 2, 3, 0, 0, 4, 2, 0, 2]}, null, null, 89, false, [], false, 0, [], null, 0, 1744334526.0459964, 0, {}]
[{"0": [2, 2, 3, 0, 0, 3, 0, 39, 1, 1, 2, 4, 0, 0, 2, 1, 2]}, null, null, 89, false, [], false, 0, [], null, 0, 1744334526.2623372, 0, {}]
[{"0": [0, 39, 33, 27, 46, 40, 1, 4, 0, 1, 3, 0, 2, 1, 1, 4, 3]}, null, null, 90, false, [], false, 0, [], null, 0, 1744334526.4764662, 0, {}]
[{"0": [0, 29, 32, 33, 37, 26, 33, 31, 27, 36, 32, 21, 27, 33, 40, 25, 22]}, null, null, 90, false, [], false, 0, [], null, 0, 1744334526.6730235, 0, {}]
[{"0": [1, 32, 2, 1, 1, 0, 0, 0, 1, 3, 3, 2, 0, 1, 1, 1, 3]}, null, null, 91, false, [], false, 0, [], null, 0, 1744334526.8979871, 0, {}]
[{"0": [1, 22, 25, 44, 23, 33, 3, 2, 2, 3, 0, 3, 5, 1, 0, 2, 2]}, null, null, 92, false, [], false, 0, [], null, 0, 1744334527.1055264, 0, {}]
[{"0": [2, 1, 1, 3, 1, 2, 1, 1, 3, 1, 2, 3, 30, 37, 3, 0, 5]}, null, null, 92, false, [], false, 0, [], null, 0, 1744334527.3325353, 0, {}]
[{"0": [27, 37, 31, 35, 29, 30, 34, 43, 1, 1, 3, 1, 3, 1, 2, 1, 2]}, null, null, 93, false, [], false, 0, [], null, 0, 1744334527.555083, 0, {}]
[{"0": [2, 3, 2, 3, 1, 1, 2, 4, 3, 2, 19, 32, 28, 20, 2, 0, 1]}, null, null, 93, false, [], false, 0, [], null, 0, 1744334527.7718625, 0, {}]
[{"0": [6, 2, 1, 2, 20, 36, 31, 32, 30, 23, 24, 31, 2, 0, 0, 1, 2]}, null, null, 94, false, [], false, 0, [], null, 0, 1744334527.9862938, 0, {}]
[{"0": [2, 30, 1, 3, 4, 3, 2, 3, 4, 1, 2, 3, 4, 1, 1, 1, 4]}, null, null, 95, false, [], false, 0, [], null, 0, 1744334528.2153497, 0, {}]
[{"0": [36, 31, 4, 1, 0, 2, 3, 4, 0, 4, 3, 4, 3, 3, 1, 7, 3]}, null, null, 95, false, [], false, 0, [], null, 0, 1744334528.4200492, 0, {}]
[{"0": [1, 29, 35, 24, 18, 20, 3, 5, 1, 1, 1, 1, 1, 2, 1, 1, 2]}, null, null, 96, false, [], false, 0, [], null, 0, 1744334528.6340914, 0, {}]
[{"0": [2, 2, 3, 2, 2, 2, 0, 1, 0, 2, 2, 2, 1, 1, 2, 5, 1]}, null, null, 96, false, [], false, 0, [], null, 0, 1744334528.848067, 0, {}]
[{"0": [1, 24, 27, 31, 25, 0, 2, 0, 3, 0, 1, 4, 3, 2, 3, 2, 2]}, null, null, 97, false, [], false, 0, [], null, 0, 1744334529.0609643, 0, {}]
[{"0": [0, 4, 2, 2, 2, 2, 2, 26, 36, 1, 1, 2, 4, 2, 0, 1, 6]}, null, null, 98, false, [], false, 0, [], null, 0, 1744334529.2946975, 0, {}]
[{"0": [1, 2, 5, 2, 5, 3, 3, 29, 3, 2, 0, 1, 2, 0, 2, 4, 1]}, null, null, 98, false, [], false, 0, [], null, 0, 1744334529.4982202, 0, {}]
[{"0": [0, 27, 31, 29, 30, 4, 2, 1, 2, 5, 2, 3, 2, 3, 2, 1, 4]}, null, null, 99, false, [], false, 0, [], null, 0, 1744334529.7090588, 0, {}]
[{"0": [0, 1, 3, 1, 2, 0, 3, 4, 3, 1, 33, 25, 33, 30, 26, 33, 28]}, null, null, 99, false, [], false, 0, [], null, 0, 1744334529.9419515, 0, {}]
[{"0": [1, 2, 2, 1, 35, 2, 0, 2, 2, 1, 0, 0, 2, 1, 2, 4, 1]}, null, null, 100, false, [], false, 0, [], null, 0, 1744334530.1442118, 0, {}]
[{"0": [0, 23, 34, 31, 25, 23, 30, 28, 3, 0, 4, 3, 0, 1, 2, 1, 1]}, null, null, 101, false, [], false, 0, [], null, 0, 1744334530.3611608, 0, {}]
[{"0": [2, 3, 1, 2, 0, 4, 0, 3, 2, 2, 4, 32, 32, 34, 32, 21, 0]}, null, null, 101, false, [], false, 0, [], null, 0, 1744334530.5779383, 0, {}]
[{"0": [0, 34, 31, 24, 28, 2, 2, 0, 5, 2, 2, 0, 3, 2, 1, 2, 1]}, null, null, 102, false, [], false, 0, [], null, 0, 1744334530.81229, 0, {}]
[{"0": [2, 2, 1, 1, 4, 0, 3, 3, 26, 31, 25, 38, 28, 37, 32, 24, 27]}, null, null, 102, false, [], false, 0, [], null, 0, 1744334531.0100043, 0, {}]
[{"0": [0, 0, 2, 0, 0, 2, 0, 3, 2, 1, 0, 0, 0, 2, 1, 0, 31]}, null, null, 103, false, [], false, 0, [], null, 0, 1744334531.224897, 0, {}]
[{"0": [2, 2, 3, 2, 2, 2, 2, 1, 3, 1, 2, 4, 1, 2, 4, 0, 0]}, null, null, 104, false, [], false, 0, [], null, 0, 1744334531.4461482, 0, {}]
[{"0": [1, 1, 3, 2, 6, 4, 28, 25, 24, 26, 25, 32, 28, 19, 2, 1, 1]}, null, null, 104, false, [], false, 0, [], null, 0, 1744334531.6586804, 0, {}]
[{"0": [1, 25, 32, 0, 2, 2, 2, 2, 0, 1, 0, 2, 5, 4, 5, 1, 1]}, null, null, 105, false, [], false, 0, [], null, 0, 1744334531.8731415, 0, {}]
[{"0": [3, 27, 23, 27, 30, 29, 32, 23, 20, 28, 26, 34, 29, 26, 33, 30, 27]}, null, null, 105, false, [], false, 0, [], null, 0, 1744334532.1073613, 0, {}]
[{"0": [3, 0, 2, 1, 1, 5, 2, 30, 27, 29, 36, 31, 36, 29, 32, 33, 33]}, null, null, 106, false, [], false, 0, [], null, 0, 1744334532.3231857, 0, {}]
[{"0": [0, 33, 21, 23, 3, 1, 3, 4, 1, 0, 1, 2, 1, 1, 2, 3, 2]}, null, null, 107, false, [], false, 0, [], null, 0, 1744334532.5266588, 0, {}]
[{"0": [0, 1, 1, 1, 2, 1, 3, 1, 3, 25, 3, 6, 2, 1, 0, 3, 3]}, null, null, 107, false, [], false, 0, [], null, 0, 1744334532.7465332, 0, {}]
[{"0": [0, 1, 2, 2, 36, 3, 2, 1, 2, 3, 2, 1, 2, 3, 2, 0, 3]}, null, null, 108, false, [], false, 0, [], null, 0, 1744334532.9776907, 0, {}]
[{"0": [3, 1, 4, 1, 2, 1, 2, 21, 35, 26, 20, 34, 31, 34, 40, 26, 26]}, null, null, 108, false, [], false, 0, [], null, 0, 1744334533.177516, 0, {}]
[{"0": [2, 3, 0, 2, 3, 3, 2, 1, 2, 2, 2, 0, 41, 31, 20, 3, 1]}, null, null, 109, false, [], false, 0, [], null, 0, 1744334533.3957696, 0, {}]
[{"0": [1, 29, 32, 27, 3, 1, 2, 2, 1, 0, 4, 1, 1, 4, 0, 2, 3]}, null, null, 110, false, [], false, 0, [], null, 0, 1744334533.614423, 0, {}]
[{"0": [5, 1, 0, 28, 31, 33, 35, 32, 27, 1, 2, 1, 3, 3, 2, 2, 2]}, null, null, 110, false, [], false, 0, [], null, 0, 1744334533.8236158, 0, {}]
[{"0": [2, 31, 27, 3, 4, 1, 2, 1, 3, 3, 1, 1, 4, 1, 1, 2, 0]}, null, null, 111, false, [], false, 0, [], null, 0, 1744334534.0447388, 0, {}]
[{"0": [1, 26, 29, 25, 28, 34, 3, 1, 2, 4, 1, 2, 1, 6, 3, 3, 2]}, null, null, 111, false, [], false, 0, [], null, 0, 1744334534.2633858, 0, {}]
[{"0": [1, 40, 29, 29, 22, 30, 33, 23, 28, 37, 36, 26, 25, 22, 34, 24, 34]}, null, null, 112, false, [], false, 0, [], null, 0, 1744334534.4757218, 0, {}]
[{"0": [4, 21, 35, 21, 30, 26, 29, 0, 1, 1, 2, 1, 3, 0, 1, 2, 1]}, null, null, 113, false, [], false, 0, [], null, 0, 1744334534.6922536, 0, {}]
[{"0": [1, 29, 28, 34, 20, 36, 2, 1, 2, 2, 3, 5, 2, 0, 3, 4, 1]}, null, null, 113, false, [], false, 0, [], null, 0, 1744334534.9114497, 0, {}]
[{"0": [0, 25, 40, 32, 15, 3, 0, 2, 0, 0, 2, 1, 1, 0, 2, 2, 2]}, null, null, 114, false, [], false, 0, [], null, 0, 1744334535.1333, 0, {}]
[{"0": [2, 19, 30, 30, 35, 25, 24, 29, 32, 38, 28, 24, 11, 26, 31, 29, 0]}, null, null, 114, false, [], false, 0, [], null, 0, 1744334535.3418496, 0, {}]
[{"0": [0, 23, 35, 24, 2, 3, 0, 2, 1, 2, 2, 2, 3, 2, 3, 3, 2]}, null, null, 115, false, [], false, 0, [], null, 0, 1744334535.565502, 0, {}]
[{"0": [1, 33, 30, 25, 0, 4, 3, 3, 0, 2, 2, 1, 1, 0, 1, 0, 1]}, null, null, 116, false, [], false, 0, [], null, 0, 1744334535.7772994, 0, {}]
[{"0": [29, 15, 15, 28, 20, 21, 26, 29, 23, 4, 0, 3, 4, 2, 7, 3, 2]}, null, null, 116, false, [], false, 0, [], null, 0, 1744334535.9916115, 0, {}]
[{"0": [0, 29, 31, 21, 39, 1, 4, 0, 0, 1, 3, 0, 1, 1, 0, 0, 2]}, null, null, 117, false, [], false, 0, [], null, 0, 1744334536.22358, 0, {}]
[{"0": [2, 32, 2, 4, 0, 1, 1, 2, 2, 3, 1, 3, 2, 3, 4, 2, 0]}, null, null, 117, false, [], false, 0, [], null, 0, 1744334536.423901, 0, {}]
[{"0": [1, 1, 1, 3, 1, 3, 2, 4, 1, 0, 1, 1, 2, 22, 21, 2, 3]}, null, null, 118, false, [], false, 0, [], null, 0, 1744334536.640084, 0, {}]
[{"0": [1, 27, 29, 37, 25, 0, 2, 0, 1, 0, 1, 3, 0, 1, 3, 1, 1]}, null, null, 119, false, [], false, 0, [], null, 0, 1744334536.8747485, 0, {}]
[{"0": [2, 0, 1, 0, 0, 2, 1, 26, 21, 2, 1, 1, 2, 4, 1, 2, 2]}, null, null, 119, false, [], false, 0, [], null, 0, 1744334537.0831695, 0, {}]
[{"0": [0, 2, 3, 0, 0, 15, 30, 33, 17, 0, 1, 2, 0, 1, 1, 2, 1]}, null, null, 120, false, [], false, 0, [], null, 0, 1744334537.2907069, 0, {}]
[{"0": [4, 2, 1, 35, 28, 26, 36, 20, 2, 3, 1, 2, 1, 1, 1, 1, 2]}, null, null, 120, false, [], false, 0, [], null, 0, 1744334537.5056076, 0, {}]
[{"0": [1, 22, 2, 4, 1, 2, 2, 2, 1, 2, 0, 1, 0, 1, 3, 1, 4]}, null, null, 121, false, [], false, 0, [], null, 0, 1744334537.7404547, 0, {}]
[{"0": [2, 34, 1, 2, 5, 1, 1, 0, 0, 1, 1, 2, 4, 0, 2, 1, 3]}, null, null, 122, false, [], false, 0, [], null, 0, 1744334537.9492965, 0, {}]
[{"0": [3, 28, 4, 4, 2, 2, 4, 0, 2, 1, 1, 2, 1, 3, 1, 3, 2]}, null, null, 122, false, [], false, 0, [], null, 0, 1744334538.1553595, 0, {}]
[{"0": [1, 28, 26, 34, 29, 30, 34, 17, 27, 26, 4, 2, 2, 0, 2, 2, 2]}, null, null, 123, false, [], false, 0, [], null, 0, 1744334538.385156, 0, {}]
[{"0": [2, 29, 31, 20, 2, 1, 1, 2, 2, 1, 1, 1, 2, 1, 4, 4, 1]}, null, null, 123, false, [], false, 0, [], null, 0, 1744334538.602973, 0, {}]
[{"0": [0, 36, 40, 21, 25, 24, 26, 36, 32, 5, 1, 1, 1, 0, 5, 4, 1]}, null, null, 124, false, [], false, 0, [], null, 0, 1744334538.82161, 0, {}]
[{"0": [5, 37, 0, 1, 1, 2, 2, 3, 2, 3, 1, 4, 0, 2, 2, 0, 1]}, null, null, 125, false, [], false, 0, [], null, 0, 1744334539.0379689, 0, {}]
[{"0": [0, 28, 40, 36, 29, 23, 28, 28, 26, 25, 36, 21, 1, 0, 3, 4, 0]}, null, null, 125, false, [], false, 0, [], null, 0, 1744334539.2421596, 0, {}]
[{"0": [2, 30, 26, 34, 39, 28, 4, 2, 4, 1, 2, 2, 4, 2, 0, 4, 2]}, null, null, 126, false, [], false, 0, [], null, 0, 1744334539.4740086, 0, {}]
[{"0": [6, 1, 2, 2, 2, 26, 26, 37, 18, 37, 37, 27, 18, 29, 3, 3, 0]}, null, null, 127, false, [], false, 0, [], null, 0, 1744334539.6693032, 0, {}]
[{"0": [1, 32, 26, 20, 21, 6, 3, 2, 1, 1, 2, 4, 2, 2, 4, 3, 1]}, null, null, 127, false, [], false, 0, [], null, 0, 1744334539.8848577, 0, {}]
[{"0": [4, 21, 32, 29, 0, 1, 3, 2, 2, 3, 1, 0, 1, 2, 4, 0, 0]}, null, null, 128, false, [], false, 0, [], null, 0, 1744334540.123958, 0, {}]
[{"0": [2, 0, 1, 1, 2, 2, 0, 0, 1, 1, 1, 0, 2, 30, 25, 31, 34]}, null, null, 128, false, [], false, 0, [], null, 0, 1744334540.3290036, 0, {}]
[{"0": [3, 21, 23, 31, 25, 38, 27, 21, 1, 1, 7, 4, 0, 2, 7, 3, 3]}, null, null, 129, false, [], false, 0, [], null, 0, 1744334540.541542, 0, {}]
[{"0": [0, 26, 28, 24, 25, 2, 2, 1, 2, 2, 3, 0, 1, 0, 2, 0, 4]}, null, null, 130, false, [], false, 0, [], null, 0, 1744334540.7535033, 0, {}]
[{"0": [0, 36, 26, 25, 32, 22, 4, 1, 0, 23, 1, 1, 0, 2, 0, 1, 1]}, null, null, 130, false, [], false, 0, [], null, 0, 1744334540.9710255, 0, {}]
[{"0": [1, 0, 31, 0, 0, 4, 2, 0, 3, 1, 2, 1, 4, 2, 2, 1, 1]}, null, null, 131, false, [], false, 0, [], null, 0, 1744334541.2102523, 0, {}]
[{"0": [0, 0, 0, 2, 2, 2, 3, 2, 0, 2, 1, 1, 1, 1, 1, 2, 0]}, null, null, 131, false, [], false, 0, [], null, 0, 1744334541.413092, 0, {}]
[{"0": [0, 28, 23, 1, 0, 1, 1, 3, 2, 2, 1, 0, 2, 1, 6, 0, 3]}, null, null, 132, false, [], false, 0, [], null, 0, 1744334541.6224701, 0, {}]
[{"0": [2, 26, 30, 34, 28, 31, 24, 21, 2, 5, 2, 1, 3, 1, 2, 1, 1]}, null, null, 133, false, [], false, 0, [], null, 0, 1744334541.83501, 0, {}]
[{"0": [1, 26, 31, 33, 23, 23, 31, 27, 23, 0, 2, 1, 0, 3, 1, 2, 3]}, null, null, 133, false, [], false, 0, [], null, 0, 1744334542.0649197, 0, {}]
[{"0": [2, 1, 5, 0, 1, 3, 2, 2, 3, 6, 25, 25, 34, 31, 29, 37, 36]}, null, null, 134, false, [], false, 0, [], null, 0, 1744334542.2803113, 0, {}]
[{"0": [3, 2, 0, 3, 0, 0, 28, 2, 0, 2, 4, 2, 3, 1, 2, 0, 1]}, null, null, 134, false, [], false, 0, [], null, 0, 1744334542.493436, 0, {}]
[{"0": [31, 25, 26, 37, 1, 0, 1, 1, 3, 0, 1, 3, 1, 2, 0, 3, 1]}, null, null, 135, false, [], false, 0, [], null, 0, 1744334542.713141, 0, {}]
[{"0": [1, 23, 28, 25, 38, 1, 0, 1, 4, 2, 1, 1, 2, 3, 0, 1, 0]}, null, null, 136, false, [], false, 0, [], null, 0, 1744334542.9225025, 0, {}]
[{"0": [0, 3, 1, 1, 3, 2, 0, 4, 1, 1, 3, 1, 0, 0, 1, 3, 1]}, null, null, 136, false, [], false, 0, [], null, 0, 1744334543.1351316, 0, {}]
[{"0": [2, 22, 28, 30, 26, 29, 33, 1, 2, 3, 2, 1, 1, 2, 1, 2, 0]}, null, null, 137, false, [], false, 0, [], null, 0, 1744334543.3697176, 0, {}]
[{"0": [0, 2, 2, 0, 2, 1, 4, 25, 26, 28, 1, 2, 2, 2, 1, 3, 1]}, null, null, 137, false, [], false, 0, [], null, 0, 1744334543.5706666, 0, {}]
[{"0": [1, 2, 2, 1, 3, 2, 4, 2, 1, 0, 1, 5, 2, 2, 2, 1, 2]}, null, null, 138, false, [], false, 0, [], null, 0, 1744334543.8028426, 0, {}]
[{"0": [31, 1, 1, 1, 1, 0, 0, 0, 1, 24, 30, 23, 19, 2, 0, 0, 1]}, null, null, 139, false, [], false, 0, [], null, 0, 1744334544.0042975, 0, {}]
[{"0": [1, 32, 25, 30, 45, 3, 2, 1, 1, 1, 2, 3, 2, 4, 1, 3, 0]}, null, null, 139, false, [], false, 0, [], null, 0, 1744334544.2284548, 0, {}]
[{"0": [1, 34, 3, 1, 0, 3, 0, 2, 1, 4, 0, 0, 1, 3, 3, 0, 2]}, null, null, 140, false, [], false, 0, [], null, 0, 1744334544.441582, 0, {}]
[{"0": [2, 3, 0, 2, 1, 1, 3, 2, 2, 2, 2, 2, 2, 5, 1, 2, 1]}, null, null, 140, false, [], false, 0, [], null, 0, 1744334544.6675444, 0, {}]
[{"0": [0, 1, 1, 1, 1, 2, 1, 2, 0, 2, 1, 2, 1, 2, 3, 0, 1]}, null, null, 141, false, [], false, 0, [], null, 0, 1744334544.877453, 0, {}]
[{"0": [0, 30, 2, 2, 3, 2, 2, 3, 3, 0, 1, 1, 2, 2, 1, 1, 1]}, null, null, 142, false, [], false, 0, [], null, 0, 1744334545.0874884, 0, {}]
[{"0": [2, 26, 26, 0, 0, 1, 1, 1, 1, 2, 1, 5, 1, 0, 1, 1, 1]}, null, null, 142, false, [], false, 0, [], null, 0, 1744334545.321772, 0, {}]
[{"0": [2, 27, 2, 1, 0, 1, 2, 1, 4, 1, 4, 1, 3, 2, 0, 3, 1]}, null, null, 143, false, [], false, 0, [], null, 0, 1744334545.525135, 0, {}]
[{"0": [34, 29, 1, 2, 2, 1, 0, 3, 1, 4, 2, 2, 1, 3, 0, 5, 1]}, null, null, 143, false, [], false, 0, [], null, 0, 1744334545.7349935, 0, {}]
[{"0": [1, 2, 2, 1, 5, 2, 2, 3, 1, 3, 2, 3, 40, 38, 0, 2, 1]}, null, null, 144, false, [], false, 0, [], null, 0, 1744334545.967577, 0, {}]
[{"0": [3, 1, 1, 2, 1, 0, 1, 0, 0, 3, 2, 35, 2, 1, 3, 1, 3]}, null, null, 145, false, [], false, 0, [], null, 0, 1744334546.1755338, 0, {}]
[{"0": [1, 0, 1, 2, 0, 3, 6, 1, 1, 0, 3, 2, 3, 2, 0, 5, 1]}, null, null, 145, false, [], false, 0, [], null, 0, 1744334546.3936408, 0, {}]
[{"0": [0, 2, 2, 0, 2, 0, 2, 0, 3, 0, 1, 33, 2, 1, 2, 2, 2]}, null, null, 146, false, [], false, 0, [], null, 0, 1744334546.6081073, 0, {}]
[{"0": [3, 1, 4, 2, 3, 1, 3, 2, 6, 2, 1, 2, 1, 4, 0, 1, 1]}, null, null, 146, false, [], false, 0, [], null, 0, 1744334546.8254766, 0, {}]
[{"0": [4, 38, 30, 29, 30, 38, 30, 2, 0, 2, 0, 3, 2, 4, 1, 4, 7]}, null, null, 147, false, [], false, 0, [], null, 0, 1744334547.0491996, 0, {}]
[{"0": [2, 34, 30, 30, 29, 28, 35, 30, 25, 34, 21, 27, 34, 25, 34, 34, 15]}, null, null, 148, false, [], false, 0, [], null, 0, 1744334547.2528667, 0, {}]
[{"0": [1, 3, 1, 1, 3, 2, 4, 1, 1, 0, 3, 0, 13, 30, 24, 2, 1]}, null, null, 148, false, [], false, 0, [], null, 0, 1744334547.4877496, 0, {}]
[{"0": [2, 2, 1, 2, 37, 24, 2, 0, 2, 3, 1, 3, 0, 1, 3, 3, 3]}, null, null, 149, false, [], false, 0, [], null, 0, 1744334547.7050903, 0, {}]
[{"0": [1, 30, 30, 30, 2, 5, 3, 2, 1, 2, 2, 0, 0, 2, 1, 3, 2]}, null, null, 149, false, [], false, 0, [], null, 0, 1744334547.9062111, 0, {}]
[{"0": [1, 35, 3, 2, 1, 1, 2, 1, 1, 2, 0, 3, 5, 1, 0, 2, 2]}, null, null, 150, true, [], false, 0, [], null, 0, 1744334548.1364698, 0, {}]
