[{"0": [1, 2, 2, 2, 1, 4, 32, 34, 26, 2, 3, 0, 1, 2, 4, 1]}, null, null, 0, false, [], false, 0, [], null, 0, 1744320944.885255, 0, {}]
[{"0": [1, 36, 37, 30, 27, 1, 1, 0, 3, 3, 1, 0, 1, 2, 2, 0]}, null, null, 1, false, [], false, 0, [], null, 0, 1744320945.111128, 0, {}]
[{"0": [0, 37, 30, 23, 4, 1, 0, 1, 2, 0, 2, 2, 1, 5, 0, 0]}, null, null, 1, false, [], false, 0, [], null, 0, 1744320945.2996206, 0, {}]
[{"0": [25, 1, 5, 1, 2, 1, 6, 1, 2, 2, 5, 0, 5, 5, 2, 1]}, null, null, 2, false, [], false, 0, [], null, 0, 1744320945.5202851, 0, {}]
[{"0": [2, 2, 1, 1, 1, 4, 4, 3, 3, 2, 1, 2, 0, 4, 3, 1]}, null, null, 2, false, [], false, 0, [], null, 0, 1744320945.7230756, 0, {}]
[{"0": [2, 3, 1, 2, 3, 1, 1, 3, 1, 3, 3, 2, 4, 1, 4, 2]}, null, null, 3, false, [], false, 0, [], null, 0, 1744320945.9208705, 0, {}]
[{"0": [1, 33, 31, 27, 46, 39, 24, 1, 1, 1, 0, 1, 2, 1, 2, 2]}, null, null, 4, false, [], false, 0, [], null, 0, 1744320946.102959, 0, {}]
[{"0": [1, 4, 1, 1, 1, 2, 3, 1, 2, 1, 4, 1, 0, 1, 0, 2]}, null, null, 4, false, [], false, 0, [], null, 0, 1744320946.301648, 0, {}]
[{"0": [2, 35, 20, 30, 38, 4, 1, 1, 1, 5, 2, 2, 1, 4, 1, 1]}, null, null, 5, false, [], false, 0, [], null, 0, 1744320946.5113635, 0, {}]
[{"0": [3, 1, 3, 2, 2, 3, 0, 1, 2, 1, 1, 3, 2, 2, 1, 1]}, null, null, 5, false, [], false, 0, [], null, 0, 1744320946.7214162, 0, {}]
[{"0": [2, 2, 4, 4, 3, 1, 0, 0, 1, 3, 3, 2, 3, 0, 0, 2]}, null, null, 6, false, [], false, 0, [], null, 0, 1744320946.9033728, 0, {}]
[{"0": [1, 31, 29, 2, 3, 4, 1, 5, 2, 3, 1, 3, 3, 1, 3, 1]}, null, null, 7, false, [], false, 0, [], null, 0, 1744320947.1005785, 0, {}]
[{"0": [0, 2, 2, 0, 1, 2, 2, 2, 4, 1, 1, 1, 3, 2, 1, 0]}, null, null, 7, false, [], false, 0, [], null, 0, 1744320947.300774, 0, {}]
[{"0": [0, 28, 32, 1, 4, 3, 1, 2, 1, 3, 2, 2, 0, 1, 3, 1]}, null, null, 8, false, [], false, 0, [], null, 0, 1744320947.5182874, 0, {}]
[{"0": [4, 4, 1, 32, 30, 27, 2, 1, 0, 2, 2, 0, 2, 2, 0, 2]}, null, null, 8, false, [], false, 0, [], null, 0, 1744320947.698278, 0, {}]
[{"0": [0, 32, 32, 40, 23, 19, 34, 43, 32, 0, 3, 6, 1, 2, 4, 2]}, null, null, 9, false, [], false, 0, [], null, 0, 1744320947.9145262, 0, {}]
[{"0": [1, 23, 39, 25, 34, 28, 23, 35, 34, 25, 34, 26, 26, 34, 42, 38]}, null, null, 10, false, [], false, 0, [], null, 0, 1744320948.1186297, 0, {}]
[{"0": [36, 28, 25, 24, 38, 26, 2, 3, 1, 4, 2, 1, 0, 1, 2, 3]}, null, null, 10, false, [], false, 0, [], null, 0, 1744320948.3039026, 0, {}]
[{"0": [4, 20, 27, 29, 1, 2, 1, 1, 5, 2, 3, 2, 4, 2, 3, 3]}, null, null, 11, false, [], false, 0, [], null, 0, 1744320948.5168455, 0, {}]
[{"0": [2, 32, 28, 24, 1, 2, 5, 4, 4, 2, 2, 3, 3, 1, 2, 1]}, null, null, 11, false, [], false, 0, [], null, 0, 1744320948.721315, 0, {}]
[{"0": [1, 3, 1, 2, 1, 3, 1, 0, 25, 27, 24, 20, 29, 2, 2, 1]}, null, null, 12, false, [], false, 0, [], null, 0, 1744320948.915418, 0, {}]
[{"0": [29, 29, 1, 2, 1, 2, 5, 2, 1, 0, 0, 1, 3, 4, 3, 0]}, null, null, 13, false, [], false, 0, [], null, 0, 1744320949.117027, 0, {}]
[{"0": [1, 1, 1, 0, 1, 2, 1, 4, 0, 2, 0, 0, 2, 1, 3, 2]}, null, null, 13, false, [], false, 0, [], null, 0, 1744320949.3227077, 0, {}]
[{"0": [1, 2, 2, 0, 3, 2, 1, 1, 1, 3, 1, 0, 3, 1, 1, 1]}, null, null, 14, false, [], false, 0, [], null, 0, 1744320949.5085924, 0, {}]
[{"0": [4, 3, 2, 4, 4, 0, 2, 2, 3, 0, 2, 2, 2, 1, 4, 0]}, null, null, 14, false, [], false, 0, [], null, 0, 1744320949.7049909, 0, {}]
[{"0": [0, 30, 24, 43, 30, 38, 37, 36, 37, 23, 24, 27, 34, 28, 27, 1]}, null, null, 15, false, [], false, 0, [], null, 0, 1744320949.9161057, 0, {}]
[{"0": [1, 2, 3, 1, 2, 1, 3, 4, 1, 4, 0, 0, 2, 5, 0, 1]}, null, null, 16, false, [], false, 0, [], null, 0, 1744320950.099047, 0, {}]
[{"0": [2, 5, 3, 0, 2, 2, 2, 1, 1, 1, 1, 1, 1, 2, 0, 3]}, null, null, 16, false, [], false, 0, [], null, 0, 1744320950.303034, 0, {}]
[{"0": [1, 32, 23, 31, 1, 0, 1, 0, 1, 2, 1, 1, 4, 1, 3, 2]}, null, null, 17, false, [], false, 0, [], null, 0, 1744320950.5262382, 0, {}]
[{"0": [2, 30, 30, 34, 37, 2, 3, 1, 2, 1, 0, 2, 1, 2, 3, 0]}, null, null, 17, false, [], false, 0, [], null, 0, 1744320950.703493, 0, {}]
[{"0": [1, 30, 32, 29, 3, 1, 1, 1, 0, 3, 3, 4, 4, 1, 4, 1]}, null, null, 18, false, [], false, 0, [], null, 0, 1744320950.9187765, 0, {}]
[{"0": [0, 2, 2, 0, 1, 1, 1, 1, 2, 2, 1, 2, 32, 31, 0, 0]}, null, null, 19, false, [], false, 0, [], null, 0, 1744320951.120915, 0, {}]
[{"0": [2, 1, 2, 2, 0, 2, 26, 32, 27, 3, 2, 2, 2, 0, 2, 2]}, null, null, 19, false, [], false, 0, [], null, 0, 1744320951.3046436, 0, {}]
[{"0": [1, 1, 5, 2, 0, 3, 1, 3, 3, 0, 0, 2, 5, 2, 1, 2]}, null, null, 20, false, [], false, 0, [], null, 0, 1744320951.5192046, 0, {}]
[{"0": [2, 25, 26, 26, 22, 25, 22, 38, 29, 24, 26, 31, 36, 2, 0, 1]}, null, null, 20, false, [], false, 0, [], null, 0, 1744320951.7212093, 0, {}]
[{"0": [20, 0, 2, 3, 0, 2, 1, 1, 2, 3, 1, 3, 0, 2, 0, 2]}, null, null, 21, false, [], false, 0, [], null, 0, 1744320951.9032414, 0, {}]
[{"0": [1, 30, 29, 1, 2, 3, 1, 3, 2, 1, 2, 4, 2, 2, 0, 0]}, null, null, 22, false, [], false, 0, [], null, 0, 1744320952.1075666, 0, {}]
[{"0": [2, 32, 28, 26, 34, 38, 40, 34, 44, 31, 38, 34, 1, 1, 3, 0]}, null, null, 22, false, [], false, 0, [], null, 0, 1744320952.3077142, 0, {}]
[{"0": [1, 4, 0, 2, 1, 2, 22, 23, 33, 33, 38, 32, 29, 27, 2, 1]}, null, null, 23, false, [], false, 0, [], null, 0, 1744320952.505617, 0, {}]
[{"0": [2, 2, 3, 5, 2, 8, 24, 23, 21, 27, 25, 35, 28, 24, 34, 1]}, null, null, 23, false, [], false, 0, [], null, 0, 1744320952.720496, 0, {}]
[{"0": [2, 20, 28, 29, 20, 24, 26, 37, 40, 25, 26, 1, 2, 3, 1, 2]}, null, null, 24, false, [], false, 0, [], null, 0, 1744320952.9051263, 0, {}]
[{"0": [3, 29, 36, 30, 37, 25, 20, 2, 0, 1, 3, 2, 2, 1, 2, 1]}, null, null, 25, false, [], false, 0, [], null, 0, 1744320953.1220489, 0, {}]
[{"0": [25, 31, 31, 29, 31, 30, 20, 1, 1, 2, 2, 1, 3, 4, 3, 1]}, null, null, 25, false, [], false, 0, [], null, 0, 1744320953.3086174, 0, {}]
[{"0": [4, 26, 32, 25, 30, 4, 2, 0, 0, 0, 0, 2, 1, 2, 4, 2]}, null, null, 26, false, [], false, 0, [], null, 0, 1744320953.5293136, 0, {}]
[{"0": [18, 16, 31, 32, 31, 34, 1, 1, 2, 1, 2, 3, 2, 3, 2, 7]}, null, null, 27, false, [], false, 0, [], null, 0, 1744320953.7226357, 0, {}]
[{"0": [32, 0, 0, 2, 6, 1, 3, 2, 2, 0, 1, 1, 3, 4, 2, 1]}, null, null, 27, false, [], false, 0, [], null, 0, 1744320953.9094293, 0, {}]
[{"0": [2, 1, 2, 1, 3, 2, 3, 2, 2, 0, 4, 0, 2, 1, 0, 0]}, null, null, 28, false, [], false, 0, [], null, 0, 1744320954.1063504, 0, {}]
[{"0": [4, 26, 28, 29, 46, 43, 3, 4, 0, 2, 2, 1, 5, 2, 1, 2]}, null, null, 28, false, [], false, 0, [], null, 0, 1744320954.3043363, 0, {}]
[{"0": [27, 33, 35, 31, 32, 40, 28, 0, 1, 2, 1, 0, 1, 1, 2, 3]}, null, null, 29, false, [], false, 0, [], null, 0, 1744320954.5213523, 0, {}]
[{"0": [29, 32, 33, 35, 40, 39, 28, 42, 28, 34, 27, 1, 4, 2, 1, 1]}, null, null, 30, false, [], false, 0, [], null, 0, 1744320954.7115552, 0, {}]
[{"0": [29, 33, 28, 32, 22, 32, 35, 34, 29, 33, 33, 19, 32, 1, 1, 4]}, null, null, 30, false, [], false, 0, [], null, 0, 1744320954.9069974, 0, {}]
[{"0": [29, 24, 24, 30, 3, 0, 0, 1, 3, 3, 7, 1, 1, 1, 1, 1]}, null, null, 31, false, [], false, 0, [], null, 0, 1744320955.1169355, 0, {}]
[{"0": [25, 36, 35, 40, 30, 37, 45, 36, 3, 3, 3, 2, 1, 2, 1, 2]}, null, null, 31, false, [], false, 0, [], null, 0, 1744320955.309193, 0, {}]
[{"0": [1, 1, 3, 3, 1, 2, 4, 43, 0, 1, 3, 1, 1, 1, 1, 2]}, null, null, 32, false, [], false, 0, [], null, 0, 1744320955.5203476, 0, {}]
[{"0": [0, 3, 0, 2, 2, 3, 4, 4, 2, 2, 2, 28, 43, 35, 20, 22]}, null, null, 33, false, [], false, 0, [], null, 0, 1744320955.7039237, 0, {}]
[{"0": [1, 25, 34, 39, 30, 35, 31, 22, 27, 29, 26, 34, 31, 35, 40, 32]}, null, null, 33, false, [], false, 0, [], null, 0, 1744320955.9066103, 0, {}]
[{"0": [27, 33, 1, 1, 2, 2, 0, 0, 0, 4, 0, 4, 5, 4, 2, 1]}, null, null, 34, false, [], false, 0, [], null, 0, 1744320956.1034532, 0, {}]
[{"0": [0, 26, 23, 31, 18, 37, 30, 36, 37, 4, 2, 1, 1, 3, 3, 0]}, null, null, 34, false, [], false, 0, [], null, 0, 1744320956.3194108, 0, {}]
[{"0": [0, 31, 36, 31, 24, 1, 3, 0, 3, 1, 1, 2, 1, 2, 0, 1]}, null, null, 35, false, [], false, 0, [], null, 0, 1744320956.5052457, 0, {}]
[{"0": [7, 0, 1, 1, 0, 1, 1, 4, 0, 3, 4, 1, 2, 1, 1, 3]}, null, null, 36, false, [], false, 0, [], null, 0, 1744320956.722728, 0, {}]
[{"0": [4, 22, 38, 31, 19, 21, 39, 3, 1, 0, 2, 4, 4, 2, 3, 1]}, null, null, 36, false, [], false, 0, [], null, 0, 1744320956.9084816, 0, {}]
[{"0": [2, 28, 30, 3, 0, 0, 2, 1, 3, 1, 2, 2, 1, 1, 0, 4]}, null, null, 37, false, [], false, 0, [], null, 0, 1744320957.1175437, 0, {}]
[{"0": [4, 25, 20, 33, 0, 3, 2, 1, 3, 0, 1, 4, 5, 6, 3, 0]}, null, null, 37, false, [], false, 0, [], null, 0, 1744320957.3031693, 0, {}]
[{"0": [0, 31, 3, 1, 0, 5, 1, 1, 1, 2, 2, 3, 2, 3, 2, 0]}, null, null, 38, false, [], false, 0, [], null, 0, 1744320957.5203776, 0, {}]
[{"0": [2, 24, 2, 3, 1, 1, 4, 1, 4, 1, 3, 3, 0, 2, 2, 1]}, null, null, 39, false, [], false, 0, [], null, 0, 1744320957.704429, 0, {}]
[{"0": [2, 27, 35, 26, 1, 0, 3, 3, 3, 0, 3, 3, 3, 3, 0, 2]}, null, null, 39, false, [], false, 0, [], null, 0, 1744320957.9203236, 0, {}]
[{"0": [2, 37, 24, 33, 30, 41, 32, 33, 43, 37, 39, 28, 24, 36, 29, 32]}, null, null, 40, false, [], false, 0, [], null, 0, 1744320958.105728, 0, {}]
[{"0": [1, 1, 2, 3, 1, 4, 34, 0, 2, 1, 0, 3, 3, 3, 4, 1]}, null, null, 40, false, [], false, 0, [], null, 0, 1744320958.3225076, 0, {}]
[{"0": [6, 25, 36, 31, 46, 38, 39, 4, 3, 1, 2, 1, 1, 0, 4, 2]}, null, null, 41, false, [], false, 0, [], null, 0, 1744320958.514528, 0, {}]
[{"0": [0, 1, 1, 4, 3, 27, 30, 0, 2, 3, 3, 3, 2, 2, 0, 2]}, null, null, 42, false, [], false, 0, [], null, 0, 1744320958.7284474, 0, {}]
[{"0": [1, 23, 0, 0, 1, 0, 1, 0, 2, 0, 4, 4, 4, 8, 3, 3]}, null, null, 42, false, [], false, 0, [], null, 0, 1744320958.9120965, 0, {}]
[{"0": [1, 1, 2, 0, 1, 3, 0, 1, 2, 3, 0, 1, 1, 4, 1, 3]}, null, null, 43, false, [], false, 0, [], null, 0, 1744320959.1043408, 0, {}]
[{"0": [1, 26, 34, 41, 28, 24, 38, 43, 43, 29, 27, 28, 42, 17, 24, 32]}, null, null, 43, false, [], false, 0, [], null, 0, 1744320959.3304422, 0, {}]
[{"0": [3, 2, 3, 4, 4, 4, 2, 2, 0, 2, 1, 0, 0, 2, 3, 2]}, null, null, 44, false, [], false, 0, [], null, 0, 1744320959.5116124, 0, {}]
[{"0": [1, 31, 2, 2, 2, 3, 0, 4, 1, 2, 1, 2, 3, 3, 1, 2]}, null, null, 45, false, [], false, 0, [], null, 0, 1744320959.7168705, 0, {}]
[{"0": [0, 31, 30, 27, 24, 37, 24, 28, 26, 3, 2, 2, 1, 0, 3, 3]}, null, null, 45, false, [], false, 0, [], null, 0, 1744320959.9080942, 0, {}]
[{"0": [0, 38, 39, 35, 30, 28, 37, 36, 35, 23, 37, 32, 21, 36, 30, 29]}, null, null, 46, false, [], false, 0, [], null, 0, 1744320960.122435, 0, {}]
[{"0": [1, 35, 22, 23, 1, 4, 3, 3, 3, 0, 3, 4, 2, 1, 1, 0]}, null, null, 46, false, [], false, 0, [], null, 0, 1744320960.3069189, 0, {}]
[{"0": [3, 28, 31, 27, 31, 25, 3, 1, 4, 2, 3, 1, 1, 2, 3, 3]}, null, null, 47, false, [], false, 0, [], null, 0, 1744320960.5235956, 0, {}]
[{"0": [30, 36, 3, 3, 2, 2, 2, 4, 3, 3, 1, 0, 2, 1, 1, 1]}, null, null, 48, false, [], false, 0, [], null, 0, 1744320960.713955, 0, {}]
[{"0": [3, 24, 1, 1, 1, 3, 2, 3, 0, 3, 1, 3, 1, 3, 4, 31]}, null, null, 48, false, [], false, 0, [], null, 0, 1744320960.9214354, 0, {}]
[{"0": [6, 31, 34, 32, 24, 29, 36, 34, 26, 2, 2, 1, 1, 3, 0, 1]}, null, null, 49, false, [], false, 0, [], null, 0, 1744320961.1041646, 0, {}]
[{"0": [1, 37, 31, 24, 31, 25, 34, 31, 25, 35, 32, 3, 0, 0, 1, 3]}, null, null, 49, false, [], false, 0, [], null, 0, 1744320961.322758, 0, {}]
[{"0": [1, 25, 24, 21, 32, 24, 2, 1, 0, 2, 4, 1, 0, 4, 0, 1]}, null, null, 50, false, [], false, 0, [], null, 0, 1744320961.522707, 0, {}]
[{"0": [0, 4, 1, 4, 2, 2, 0, 0, 6, 4, 1, 5, 3, 2, 3, 1]}, null, null, 51, false, [], false, 0, [], null, 0, 1744320961.705381, 0, {}]
[{"0": [0, 3, 2, 4, 3, 1, 2, 2, 3, 1, 2, 6, 2, 1, 0, 0]}, null, null, 51, false, [], false, 0, [], null, 0, 1744320961.9195082, 0, {}]
[{"0": [2, 1, 3, 4, 3, 3, 2, 1, 3, 1, 1, 1, 1, 1, 1, 2]}, null, null, 52, false, [], false, 0, [], null, 0, 1744320962.120606, 0, {}]
[{"0": [2, 40, 4, 2, 5, 1, 0, 3, 1, 2, 2, 4, 1, 2, 0, 1]}, null, null, 52, false, [], false, 0, [], null, 0, 1744320962.304529, 0, {}]
[{"0": [28, 2, 1, 0, 2, 1, 5, 5, 4, 2, 2, 2, 0, 3, 0, 4]}, null, null, 53, false, [], false, 0, [], null, 0, 1744320962.5084698, 0, {}]
[{"0": [1, 28, 32, 30, 31, 27, 27, 20, 40, 2, 6, 4, 0, 4, 3, 3]}, null, null, 54, false, [], false, 0, [], null, 0, 1744320962.7217088, 0, {}]
[{"0": [1, 20, 1, 2, 1, 3, 1, 2, 3, 2, 4, 3, 4, 0, 2, 0]}, null, null, 54, false, [], false, 0, [], null, 0, 1744320962.9204807, 0, {}]
[{"0": [23, 30, 29, 24, 38, 32, 29, 29, 39, 22, 33, 0, 0, 0, 2, 2]}, null, null, 55, false, [], false, 0, [], null, 0, 1744320963.1117125, 0, {}]
[{"0": [3, 28, 31, 34, 27, 2, 4, 0, 5, 0, 5, 2, 1, 5, 2, 0]}, null, null, 55, false, [], false, 0, [], null, 0, 1744320963.3064396, 0, {}]
[{"0": [0, 22, 21, 2, 0, 1, 1, 1, 1, 0, 2, 2, 2, 2, 3, 2]}, null, null, 56, false, [], false, 0, [], null, 0, 1744320963.5190878, 0, {}]
[{"0": [4, 2, 4, 0, 2, 1, 22, 2, 2, 1, 2, 2, 4, 0, 3, 2]}, null, null, 57, false, [], false, 0, [], null, 0, 1744320963.718762, 0, {}]
[{"0": [0, 1, 2, 2, 3, 4, 3, 3, 2, 1, 1, 2, 0, 1, 3, 2]}, null, null, 57, false, [], false, 0, [], null, 0, 1744320963.9271894, 0, {}]
[{"0": [1, 34, 25, 32, 30, 26, 1, 1, 1, 0, 1, 1, 0, 2, 2, 4]}, null, null, 58, false, [], false, 0, [], null, 0, 1744320964.1192105, 0, {}]
[{"0": [3, 32, 0, 5, 1, 1, 0, 2, 5, 1, 1, 2, 3, 2, 3, 4]}, null, null, 58, false, [], false, 0, [], null, 0, 1744320964.326612, 0, {}]
[{"0": [1, 1, 2, 0, 1, 3, 31, 30, 23, 1, 3, 6, 1, 4, 2, 1]}, null, null, 59, false, [], false, 0, [], null, 0, 1744320964.505986, 0, {}]
[{"0": [19, 27, 31, 27, 36, 1, 0, 0, 3, 2, 3, 2, 2, 4, 0, 2]}, null, null, 60, false, [], false, 0, [], null, 0, 1744320964.717981, 0, {}]
[{"0": [2, 2, 0, 3, 4, 3, 1, 1, 4, 1, 4, 1, 0, 2, 2, 1]}, null, null, 60, false, [], false, 0, [], null, 0, 1744320964.92491, 0, {}]
[{"0": [2, 34, 20, 26, 22, 1, 0, 2, 3, 3, 0, 2, 0, 0, 1, 3]}, null, null, 61, false, [], false, 0, [], null, 0, 1744320965.1122093, 0, {}]
[{"0": [3, 3, 1, 2, 1, 2, 1, 0, 1, 3, 2, 0, 5, 3, 3, 0]}, null, null, 61, false, [], false, 0, [], null, 0, 1744320965.3077707, 0, {}]
[{"0": [3, 42, 21, 32, 26, 28, 2, 3, 3, 4, 3, 1, 2, 1, 2, 1]}, null, null, 62, false, [], false, 0, [], null, 0, 1744320965.516667, 0, {}]
[{"0": [2, 28, 23, 0, 3, 2, 2, 2, 2, 0, 0, 1, 1, 1, 1, 1]}, null, null, 63, false, [], false, 0, [], null, 0, 1744320965.7218277, 0, {}]
[{"0": [2, 28, 33, 24, 31, 25, 25, 3, 0, 1, 1, 1, 1, 2, 0, 1]}, null, null, 63, false, [], false, 0, [], null, 0, 1744320965.906806, 0, {}]
[{"0": [35, 28, 3, 1, 2, 2, 2, 1, 1, 4, 2, 3, 3, 1, 2, 1]}, null, null, 64, false, [], false, 0, [], null, 0, 1744320966.1207035, 0, {}]
[{"0": [2, 37, 21, 24, 20, 24, 32, 28, 22, 30, 1, 2, 3, 1, 1, 1]}, null, null, 64, false, [], false, 0, [], null, 0, 1744320966.327065, 0, {}]
[{"0": [0, 29, 33, 2, 0, 1, 2, 2, 0, 2, 2, 3, 2, 4, 2, 2]}, null, null, 65, false, [], false, 0, [], null, 0, 1744320966.5230153, 0, {}]
[{"0": [4, 28, 40, 17, 4, 0, 3, 4, 2, 2, 2, 1, 4, 2, 2, 2]}, null, null, 66, false, [], false, 0, [], null, 0, 1744320966.7227182, 0, {}]
[{"0": [3, 23, 29, 28, 37, 31, 27, 1, 0, 2, 1, 1, 2, 3, 5, 1]}, null, null, 66, false, [], false, 0, [], null, 0, 1744320966.9108784, 0, {}]
[{"0": [0, 29, 28, 33, 28, 27, 4, 0, 1, 2, 2, 0, 3, 1, 1, 5]}, null, null, 67, false, [], false, 0, [], null, 0, 1744320967.1125371, 0, {}]
[{"0": [4, 29, 34, 26, 2, 1, 0, 4, 1, 4, 8, 2, 1, 2, 2, 2]}, null, null, 67, false, [], false, 0, [], null, 0, 1744320967.3203287, 0, {}]
[{"0": [2, 30, 3, 0, 1, 1, 3, 0, 1, 2, 2, 0, 3, 8, 2, 1]}, null, null, 68, false, [], false, 0, [], null, 0, 1744320967.5030835, 0, {}]
[{"0": [24, 37, 26, 19, 34, 27, 30, 23, 27, 28, 3, 3, 1, 1, 2, 0]}, null, null, 69, false, [], false, 0, [], null, 0, 1744320967.7019513, 0, {}]
[{"0": [1, 3, 3, 2, 1, 3, 26, 25, 4, 0, 1, 1, 0, 0, 2, 3]}, null, null, 69, false, [], false, 0, [], null, 0, 1744320967.9168127, 0, {}]
[{"0": [3, 29, 26, 36, 28, 31, 29, 30, 1, 2, 2, 2, 2, 1, 0, 2]}, null, null, 70, false, [], false, 0, [], null, 0, 1744320968.120619, 0, {}]
[{"0": [34, 28, 22, 45, 0, 1, 1, 0, 2, 2, 2, 3, 1, 1, 1, 2]}, null, null, 70, false, [], false, 0, [], null, 0, 1744320968.3071342, 0, {}]
[{"0": [2, 2, 3, 1, 0, 35, 4, 3, 1, 3, 2, 1, 1, 2, 1, 0]}, null, null, 71, false, [], false, 0, [], null, 0, 1744320968.5158815, 0, {}]
[{"0": [35, 28, 22, 28, 25, 30, 32, 30, 3, 2, 3, 0, 1, 1, 0, 4]}, null, null, 72, false, [], false, 0, [], null, 0, 1744320968.7061915, 0, {}]
[{"0": [4, 25, 25, 31, 29, 0, 1, 1, 0, 3, 3, 1, 1, 0, 0, 2]}, null, null, 72, false, [], false, 0, [], null, 0, 1744320968.918514, 0, {}]
[{"0": [3, 31, 24, 20, 37, 1, 1, 1, 1, 1, 4, 1, 0, 2, 2, 2]}, null, null, 73, false, [], false, 0, [], null, 0, 1744320969.1272254, 0, {}]
[{"0": [0, 14, 31, 26, 27, 14, 27, 28, 4, 1, 0, 1, 2, 2, 1, 4]}, null, null, 73, false, [], false, 0, [], null, 0, 1744320969.3194594, 0, {}]
[{"0": [0, 1, 0, 1, 1, 1, 2, 29, 24, 0, 1, 1, 1, 1, 2, 0]}, null, null, 74, false, [], false, 0, [], null, 0, 1744320969.5117345, 0, {}]
[{"0": [1, 34, 22, 2, 2, 2, 0, 0, 1, 2, 2, 2, 3, 1, 3, 2]}, null, null, 75, false, [], false, 0, [], null, 0, 1744320969.7231932, 0, {}]
[{"0": [7, 32, 2, 1, 4, 1, 1, 3, 2, 5, 1, 2, 3, 2, 1, 2]}, null, null, 75, false, [], false, 0, [], null, 0, 1744320969.9080946, 0, {}]
[{"0": [2, 33, 1, 2, 4, 0, 1, 2, 0, 0, 1, 1, 1, 1, 0, 1]}, null, null, 76, false, [], false, 0, [], null, 0, 1744320970.1202443, 0, {}]
[{"0": [2, 35, 22, 32, 23, 30, 26, 26, 5, 2, 2, 0, 0, 1, 0, 3]}, null, null, 77, false, [], false, 0, [], null, 0, 1744320970.3118927, 0, {}]
[{"0": [2, 22, 6, 4, 1, 0, 1, 2, 0, 3, 2, 1, 1, 1, 4, 3]}, null, null, 77, false, [], false, 0, [], null, 0, 1744320970.519721, 0, {}]
[{"0": [1, 0, 0, 3, 0, 2, 1, 2, 1, 3, 0, 2, 1, 2, 4, 6]}, null, null, 78, false, [], false, 0, [], null, 0, 1744320970.7206285, 0, {}]
[{"0": [0, 36, 31, 26, 24, 3, 1, 2, 0, 3, 3, 3, 2, 2, 3, 3]}, null, null, 78, false, [], false, 0, [], null, 0, 1744320970.922911, 0, {}]
[{"0": [1, 27, 31, 24, 27, 28, 24, 31, 36, 22, 30, 0, 2, 1, 4, 4]}, null, null, 79, false, [], false, 0, [], null, 0, 1744320971.114429, 0, {}]
[{"0": [3, 22, 3, 2, 5, 1, 0, 3, 1, 1, 1, 4, 0, 1, 2, 3]}, null, null, 80, false, [], false, 0, [], null, 0, 1744320971.3195887, 0, {}]
[{"0": [2, 23, 25, 33, 30, 1, 4, 0, 3, 1, 3, 2, 0, 1, 1, 3]}, null, null, 80, false, [], false, 0, [], null, 0, 1744320971.5185337, 0, {}]
[{"0": [0, 30, 27, 1, 2, 3, 2, 0, 4, 0, 2, 1, 1, 3, 3, 3]}, null, null, 81, false, [], false, 0, [], null, 0, 1744320971.7058527, 0, {}]
[{"0": [3, 2, 2, 5, 1, 1, 1, 0, 8, 1, 2, 5, 0, 1, 3, 3]}, null, null, 81, false, [], false, 0, [], null, 0, 1744320971.9106512, 0, {}]
[{"0": [1, 2, 2, 1, 27, 2, 1, 1, 3, 2, 0, 5, 3, 3, 2, 2]}, null, null, 82, false, [], false, 0, [], null, 0, 1744320972.1097825, 0, {}]
[{"0": [35, 19, 37, 19, 28, 27, 22, 2, 1, 3, 0, 2, 4, 3, 3, 2]}, null, null, 83, false, [], false, 0, [], null, 0, 1744320972.3135545, 0, {}]
[{"0": [0, 21, 22, 19, 1, 1, 5, 0, 1, 1, 3, 1, 3, 2, 1, 1]}, null, null, 83, false, [], false, 0, [], null, 0, 1744320972.52766, 0, {}]
[{"0": [1, 29, 4, 2, 2, 1, 1, 2, 3, 0, 0, 1, 1, 2, 0, 2]}, null, null, 84, false, [], false, 0, [], null, 0, 1744320972.711789, 0, {}]
[{"0": [1, 0, 3, 2, 33, 22, 23, 1, 1, 1, 1, 1, 2, 0, 2, 2]}, null, null, 84, false, [], false, 0, [], null, 0, 1744320972.928808, 0, {}]
[{"0": [3, 29, 25, 25, 39, 20, 36, 29, 2, 1, 5, 0, 1, 1, 3, 1]}, null, null, 85, false, [], false, 0, [], null, 0, 1744320973.1230102, 0, {}]
[{"0": [0, 28, 39, 22, 2, 1, 2, 3, 0, 2, 30, 36, 33, 30, 33, 3]}, null, null, 86, false, [], false, 0, [], null, 0, 1744320973.30552, 0, {}]
[{"0": [1, 28, 2, 3, 1, 2, 2, 1, 2, 0, 1, 1, 1, 0, 2, 2]}, null, null, 86, false, [], false, 0, [], null, 0, 1744320973.5263102, 0, {}]
[{"0": [1, 23, 28, 35, 30, 25, 31, 29, 26, 1, 1, 3, 0, 3, 1, 1]}, null, null, 87, false, [], false, 0, [], null, 0, 1744320973.7074323, 0, {}]
[{"0": [1, 27, 32, 20, 31, 31, 3, 2, 2, 5, 1, 1, 2, 2, 3, 2]}, null, null, 87, false, [], false, 0, [], null, 0, 1744320973.925749, 0, {}]
[{"0": [0, 35, 0, 2, 0, 3, 1, 0, 3, 2, 2, 2, 1, 0, 3, 1]}, null, null, 88, false, [], false, 0, [], null, 0, 1744320974.1199002, 0, {}]
[{"0": [26, 1, 6, 4, 4, 0, 2, 0, 4, 0, 2, 2, 1, 0, 3, 0]}, null, null, 89, false, [], false, 0, [], null, 0, 1744320974.3091166, 0, {}]
[{"0": [2, 29, 35, 26, 2, 3, 0, 0, 1, 3, 1, 1, 0, 3, 3, 2]}, null, null, 89, false, [], false, 0, [], null, 0, 1744320974.5107017, 0, {}]
[{"0": [3, 32, 33, 3, 1, 3, 0, 6, 1, 1, 2, 4, 6, 1, 1, 2]}, null, null, 90, false, [], false, 0, [], null, 0, 1744320974.7228143, 0, {}]
[{"0": [2, 1, 2, 1, 4, 2, 1, 7, 4, 3, 1, 2, 2, 0, 3, 3]}, null, null, 90, false, [], false, 0, [], null, 0, 1744320974.9248822, 0, {}]
[{"0": [3, 1, 1, 28, 17, 34, 31, 43, 29, 28, 22, 24, 37, 2, 2, 1]}, null, null, 91, false, [], false, 0, [], null, 0, 1744320975.1163366, 0, {}]
[{"0": [1, 28, 30, 27, 21, 33, 23, 2, 2, 3, 3, 0, 3, 1, 0, 1]}, null, null, 92, false, [], false, 0, [], null, 0, 1744320975.3162415, 0, {}]
[{"0": [0, 24, 36, 34, 30, 39, 24, 33, 3, 0, 1, 1, 4, 0, 3, 0]}, null, null, 92, false, [], false, 0, [], null, 0, 1744320975.5114236, 0, {}]
[{"0": [2, 3, 0, 3, 3, 1, 2, 2, 1, 0, 1, 2, 4, 5, 1, 1]}, null, null, 93, false, [], false, 0, [], null, 0, 1744320975.7101226, 0, {}]
[{"0": [2, 3, 5, 1, 3, 1, 4, 0, 4, 1, 3, 2, 3, 1, 2, 2]}, null, null, 93, false, [], false, 0, [], null, 0, 1744320975.9141877, 0, {}]
[{"0": [2, 1, 1, 3, 2, 4, 2, 1, 1, 3, 3, 1, 1, 1, 1, 2]}, null, null, 94, false, [], false, 0, [], null, 0, 1744320976.109422, 0, {}]
[{"0": [2, 33, 22, 38, 6, 2, 4, 1, 1, 0, 1, 1, 2, 4, 1, 2]}, null, null, 95, false, [], false, 0, [], null, 0, 1744320976.3099003, 0, {}]
[{"0": [3, 23, 37, 32, 2, 1, 3, 1, 1, 2, 3, 2, 2, 3, 2, 0]}, null, null, 95, false, [], false, 0, [], null, 0, 1744320976.5260556, 0, {}]
[{"0": [4, 32, 0, 3, 2, 3, 1, 5, 4, 6, 0, 3, 1, 2, 1, 1]}, null, null, 96, false, [], false, 0, [], null, 0, 1744320976.7071269, 0, {}]
[{"0": [2, 27, 21, 24, 19, 2, 0, 0, 2, 1, 3, 0, 2, 2, 2, 4]}, null, null, 96, false, [], false, 0, [], null, 0, 1744320976.9284532, 0, {}]
[{"0": [2, 30, 25, 30, 3, 0, 2, 3, 3, 1, 2, 3, 3, 1, 1, 2]}, null, null, 97, false, [], false, 0, [], null, 0, 1744320977.1286635, 0, {}]
[{"0": [1, 26, 33, 22, 27, 33, 36, 3, 1, 0, 4, 3, 1, 0, 2, 0]}, null, null, 98, false, [], false, 0, [], null, 0, 1744320977.3183806, 0, {}]
[{"0": [2, 37, 40, 25, 33, 30, 0, 2, 2, 1, 2, 3, 1, 1, 3, 2]}, null, null, 98, false, [], false, 0, [], null, 0, 1744320977.5101883, 0, {}]
[{"0": [3, 33, 26, 30, 31, 29, 35, 24, 3, 1, 1, 1, 5, 2, 1, 3]}, null, null, 99, false, [], false, 0, [], null, 0, 1744320977.70844, 0, {}]
[{"0": [1, 2, 0, 4, 3, 3, 2, 2, 1, 0, 3, 1, 1, 1, 0, 0]}, null, null, 99, false, [], false, 0, [], null, 0, 1744320977.9279087, 0, {}]
[{"0": [31, 33, 29, 26, 32, 27, 1, 1, 1, 5, 2, 3, 2, 5, 1, 2]}, null, null, 100, false, [], false, 0, [], null, 0, 1744320978.1284065, 0, {}]
[{"0": [3, 28, 28, 31, 29, 3, 0, 0, 6, 4, 1, 3, 3, 2, 1, 1]}, null, null, 101, false, [], false, 0, [], null, 0, 1744320978.3221493, 0, {}]
[{"0": [23, 28, 46, 0, 1, 1, 0, 4, 0, 0, 1, 1, 0, 1, 2, 1]}, null, null, 101, false, [], false, 0, [], null, 0, 1744320978.5195417, 0, {}]
[{"0": [3, 32, 30, 32, 21, 2, 2, 4, 1, 1, 3, 3, 4, 1, 5, 3]}, null, null, 102, false, [], false, 0, [], null, 0, 1744320978.7177281, 0, {}]
[{"0": [2, 1, 4, 3, 3, 0, 3, 3, 3, 1, 0, 1, 1, 3, 1, 1]}, null, null, 102, false, [], false, 0, [], null, 0, 1744320978.91764, 0, {}]
[{"0": [1, 30, 34, 27, 25, 1, 4, 1, 0, 2, 4, 1, 2, 3, 4, 0]}, null, null, 103, false, [], false, 0, [], null, 0, 1744320979.1157727, 0, {}]
[{"0": [1, 26, 6, 3, 3, 0, 3, 2, 3, 0, 2, 4, 2, 4, 1, 1]}, null, null, 104, false, [], false, 0, [], null, 0, 1744320979.3231795, 0, {}]
[{"0": [3, 27, 34, 28, 26, 37, 2, 0, 1, 4, 2, 2, 1, 2, 1, 0]}, null, null, 104, false, [], false, 0, [], null, 0, 1744320979.5103908, 0, {}]
[{"0": [1, 28, 29, 38, 34, 5, 2, 2, 4, 3, 1, 2, 1, 1, 3, 2]}, null, null, 105, false, [], false, 0, [], null, 0, 1744320979.7111168, 0, {}]
[{"0": [0, 31, 34, 33, 27, 3, 5, 0, 0, 0, 2, 1, 1, 1, 2, 1]}, null, null, 105, false, [], false, 0, [], null, 0, 1744320979.9204938, 0, {}]
[{"0": [2, 28, 33, 28, 38, 24, 4, 3, 1, 1, 2, 0, 1, 1, 0, 0]}, null, null, 106, false, [], false, 0, [], null, 0, 1744320980.110663, 0, {}]
[{"0": [3, 27, 37, 40, 34, 32, 34, 34, 40, 34, 30, 30, 36, 40, 31, 31]}, null, null, 107, false, [], false, 0, [], null, 0, 1744320980.316428, 0, {}]
[{"0": [35, 1, 3, 2, 0, 1, 1, 2, 5, 3, 2, 0, 2, 2, 2, 2]}, null, null, 107, false, [], false, 0, [], null, 0, 1744320980.5141954, 0, {}]
[{"0": [2, 18, 39, 1, 3, 1, 1, 1, 3, 2, 1, 3, 1, 1, 1, 0]}, null, null, 108, false, [], false, 0, [], null, 0, 1744320980.7101367, 0, {}]
[{"0": [3, 26, 26, 35, 4, 1, 7, 2, 2, 1, 3, 2, 3, 2, 3, 2]}, null, null, 108, false, [], false, 0, [], null, 0, 1744320980.9129152, 0, {}]
[{"0": [4, 1, 1, 2, 2, 1, 2, 1, 5, 4, 2, 0, 4, 2, 1, 3]}, null, null, 109, false, [], false, 0, [], null, 0, 1744320981.1138563, 0, {}]
[{"0": [1, 23, 40, 35, 22, 18, 31, 27, 26, 24, 35, 29, 24, 28, 2, 1]}, null, null, 110, false, [], false, 0, [], null, 0, 1744320981.3120773, 0, {}]
[{"0": [1, 29, 32, 26, 28, 34, 34, 18, 25, 29, 32, 19, 17, 27, 30, 1]}, null, null, 110, false, [], false, 0, [], null, 0, 1744320981.5187886, 0, {}]
[{"0": [2, 30, 27, 31, 2, 2, 4, 1, 2, 2, 1, 3, 0, 0, 3, 2]}, null, null, 111, false, [], false, 0, [], null, 0, 1744320981.720499, 0, {}]
[{"0": [1, 1, 1, 2, 1, 3, 0, 1, 0, 2, 2, 0, 2, 2, 0, 3]}, null, null, 111, false, [], false, 0, [], null, 0, 1744320981.9154594, 0, {}]
[{"0": [0, 0, 3, 2, 2, 2, 0, 1, 0, 1, 0, 0, 3, 1, 1, 2]}, null, null, 112, false, [], false, 0, [], null, 0, 1744320982.1201274, 0, {}]
[{"0": [2, 33, 34, 42, 32, 1, 3, 0, 1, 1, 1, 1, 2, 1, 3, 0]}, null, null, 113, false, [], false, 0, [], null, 0, 1744320982.3129036, 0, {}]
[{"0": [30, 33, 2, 1, 3, 2, 3, 1, 3, 0, 3, 4, 0, 3, 3, 0]}, null, null, 113, false, [], false, 0, [], null, 0, 1744320982.5183687, 0, {}]
[{"0": [3, 20, 24, 26, 3, 3, 0, 3, 1, 0, 0, 1, 0, 2, 1, 2]}, null, null, 114, false, [], false, 0, [], null, 0, 1744320982.7078178, 0, {}]
[{"0": [3, 22, 28, 25, 32, 38, 20, 15, 27, 24, 0, 1, 2, 0, 4, 1]}, null, null, 114, false, [], false, 0, [], null, 0, 1744320982.9181173, 0, {}]
[{"0": [2, 1, 0, 2, 3, 1, 3, 2, 0, 1, 0, 1, 1, 34, 31, 33]}, null, null, 115, false, [], false, 0, [], null, 0, 1744320983.1142445, 0, {}]
[{"0": [5, 29, 25, 19, 33, 19, 22, 26, 29, 3, 3, 3, 2, 1, 3, 2]}, null, null, 116, false, [], false, 0, [], null, 0, 1744320983.3090115, 0, {}]
[{"0": [1, 3, 0, 1, 5, 25, 4, 1, 5, 0, 0, 3, 1, 3, 1, 0]}, null, null, 116, false, [], false, 0, [], null, 0, 1744320983.5162332, 0, {}]
[{"0": [2, 23, 2, 2, 1, 3, 4, 7, 1, 1, 1, 0, 1, 1, 1, 0]}, null, null, 117, false, [], false, 0, [], null, 0, 1744320983.7107801, 0, {}]
[{"0": [0, 40, 28, 22, 20, 4, 1, 3, 0, 6, 2, 1, 0, 1, 1, 3]}, null, null, 117, false, [], false, 0, [], null, 0, 1744320983.9151587, 0, {}]
[{"0": [0, 2, 3, 1, 2, 1, 2, 2, 2, 1, 0, 1, 0, 4, 2, 3]}, null, null, 118, false, [], false, 0, [], null, 0, 1744320984.1191475, 0, {}]
[{"0": [1, 1, 2, 22, 20, 25, 32, 0, 2, 2, 1, 2, 1, 3, 1, 3]}, null, null, 119, false, [], false, 0, [], null, 0, 1744320984.32506, 0, {}]
[{"0": [4, 0, 3, 0, 1, 2, 4, 2, 2, 5, 2, 3, 2, 1, 1, 0]}, null, null, 119, false, [], false, 0, [], null, 0, 1744320984.5143902, 0, {}]
[{"0": [3, 0, 0, 2, 2, 2, 1, 3, 3, 0, 1, 1, 1, 1, 2, 0]}, null, null, 120, false, [], false, 0, [], null, 0, 1744320984.7187552, 0, {}]
[{"0": [3, 27, 28, 27, 32, 22, 40, 30, 28, 39, 25, 28, 42, 36, 29, 31]}, null, null, 120, false, [], false, 0, [], null, 0, 1744320984.913045, 0, {}]
[{"0": [1, 31, 24, 4, 4, 0, 0, 1, 0, 1, 2, 2, 5, 5, 1, 1]}, null, null, 121, false, [], false, 0, [], null, 0, 1744320985.1139393, 0, {}]
[{"0": [5, 19, 29, 32, 37, 2, 0, 1, 2, 2, 1, 0, 3, 0, 2, 2]}, null, null, 122, false, [], false, 0, [], null, 0, 1744320985.3144083, 0, {}]
[{"0": [3, 1, 1, 1, 4, 1, 2, 3, 3, 3, 1, 2, 2, 0, 0, 2]}, null, null, 122, false, [], false, 0, [], null, 0, 1744320985.526659, 0, {}]
[{"0": [1, 33, 34, 30, 35, 30, 31, 4, 2, 5, 2, 1, 1, 0, 1, 1]}, null, null, 123, false, [], false, 0, [], null, 0, 1744320985.7045407, 0, {}]
[{"0": [2, 32, 38, 30, 32, 20, 1, 2, 2, 3, 2, 4, 2, 1, 1, 1]}, null, null, 123, false, [], false, 0, [], null, 0, 1744320985.9202511, 0, {}]
[{"0": [1, 25, 0, 3, 3, 3, 3, 2, 4, 0, 0, 2, 2, 2, 3, 1]}, null, null, 124, false, [], false, 0, [], null, 0, 1744320986.1171415, 0, {}]
[{"0": [2, 3, 3, 2, 3, 0, 2, 2, 0, 1, 5, 1, 3, 0, 0, 1]}, null, null, 125, false, [], false, 0, [], null, 0, 1744320986.3084712, 0, {}]
[{"0": [21, 0, 0, 1, 7, 4, 2, 3, 2, 6, 2, 2, 1, 2, 0, 2]}, null, null, 125, false, [], false, 0, [], null, 0, 1744320986.513894, 0, {}]
[{"0": [2, 18, 26, 31, 40, 23, 36, 31, 0, 2, 1, 1, 1, 4, 1, 3]}, null, null, 126, false, [], false, 0, [], null, 0, 1744320986.7223172, 0, {}]
[{"0": [1, 28, 30, 37, 24, 30, 29, 2, 1, 4, 2, 1, 2, 1, 1, 3]}, null, null, 127, false, [], false, 0, [], null, 0, 1744320986.9099035, 0, {}]
[{"0": [0, 30, 1, 1, 3, 1, 1, 1, 3, 2, 1, 4, 1, 2, 3, 7]}, null, null, 127, false, [], false, 0, [], null, 0, 1744320987.110284, 0, {}]
[{"0": [3, 33, 20, 41, 34, 30, 27, 21, 32, 3, 3, 1, 1, 5, 6, 0]}, null, null, 128, false, [], false, 0, [], null, 0, 1744320987.3135588, 0, {}]
[{"0": [26, 33, 35, 1, 1, 2, 1, 2, 4, 2, 0, 2, 3, 1, 1, 1]}, null, null, 128, false, [], false, 0, [], null, 0, 1744320987.5090501, 0, {}]
[{"0": [4, 29, 19, 24, 21, 1, 2, 2, 0, 4, 2, 2, 0, 3, 1, 1]}, null, null, 129, false, [], false, 0, [], null, 0, 1744320987.7129152, 0, {}]
[{"0": [24, 16, 27, 26, 26, 3, 4, 2, 0, 3, 2, 1, 2, 0, 1, 2]}, null, null, 130, false, [], false, 0, [], null, 0, 1744320987.9197307, 0, {}]
[{"0": [2, 40, 29, 1, 7, 1, 3, 1, 2, 0, 1, 0, 2, 2, 1, 3]}, null, null, 130, false, [], false, 0, [], null, 0, 1744320988.1236637, 0, {}]
[{"0": [7, 25, 25, 3, 0, 0, 1, 1, 4, 4, 0, 3, 2, 2, 0, 1]}, null, null, 131, false, [], false, 0, [], null, 0, 1744320988.3143823, 0, {}]
[{"0": [1, 0, 2, 1, 1, 1, 2, 4, 0, 1, 3, 4, 4, 4, 0, 1]}, null, null, 131, false, [], false, 0, [], null, 0, 1744320988.528469, 0, {}]
[{"0": [2, 28, 25, 33, 24, 2, 1, 4, 0, 2, 1, 2, 3, 2, 2, 7]}, null, null, 132, false, [], false, 0, [], null, 0, 1744320988.711014, 0, {}]
[{"0": [4, 2, 1, 2, 0, 1, 0, 1, 4, 0, 2, 1, 2, 1, 3, 3]}, null, null, 133, false, [], false, 0, [], null, 0, 1744320988.9115548, 0, {}]
[{"0": [3, 26, 32, 48, 33, 3, 2, 1, 3, 3, 2, 2, 3, 0, 1, 0]}, null, null, 133, false, [], false, 0, [], null, 0, 1744320989.1258004, 0, {}]
[{"0": [2, 1, 0, 0, 1, 1, 0, 1, 3, 2, 2, 1, 0, 0, 0, 2]}, null, null, 134, false, [], false, 0, [], null, 0, 1744320989.324478, 0, {}]
[{"0": [1, 32, 34, 1, 1, 1, 1, 3, 2, 1, 0, 4, 1, 0, 2, 6]}, null, null, 134, false, [], false, 0, [], null, 0, 1744320989.5131443, 0, {}]
[{"0": [2, 2, 0, 2, 2, 2, 2, 3, 4, 2, 3, 1, 7, 2, 0, 1]}, null, null, 135, false, [], false, 0, [], null, 0, 1744320989.7154298, 0, {}]
[{"0": [1, 33, 33, 37, 21, 36, 4, 1, 2, 1, 0, 1, 0, 3, 4, 3]}, null, null, 136, false, [], false, 0, [], null, 0, 1744320989.921896, 0, {}]
[{"0": [3, 26, 37, 35, 33, 25, 23, 3, 1, 2, 1, 4, 1, 3, 6, 5]}, null, null, 136, false, [], false, 0, [], null, 0, 1744320990.118274, 0, {}]
[{"0": [0, 25, 35, 28, 38, 2, 4, 4, 1, 3, 3, 2, 0, 4, 2, 3]}, null, null, 137, false, [], false, 0, [], null, 0, 1744320990.3123171, 0, {}]
[{"0": [2, 26, 25, 1, 2, 2, 2, 5, 1, 3, 0, 3, 1, 2, 0, 0]}, null, null, 137, false, [], false, 0, [], null, 0, 1744320990.520015, 0, {}]
[{"0": [1, 2, 28, 31, 1, 2, 3, 2, 2, 2, 2, 1, 2, 1, 3, 0]}, null, null, 138, false, [], false, 0, [], null, 0, 1744320990.7159595, 0, {}]
[{"0": [2, 25, 26, 27, 16, 18, 2, 2, 1, 1, 0, 3, 1, 3, 3, 0]}, null, null, 139, false, [], false, 0, [], null, 0, 1744320990.91814, 0, {}]
[{"0": [3, 2, 1, 1, 2, 3, 1, 2, 3, 0, 2, 4, 3, 2, 1, 1]}, null, null, 139, false, [], false, 0, [], null, 0, 1744320991.1259274, 0, {}]
[{"0": [0, 27, 27, 3, 3, 2, 1, 1, 1, 4, 1, 4, 1, 3, 2, 0]}, null, null, 140, false, [], false, 0, [], null, 0, 1744320991.3166907, 0, {}]
[{"0": [30, 2, 1, 2, 1, 1, 0, 1, 2, 1, 1, 2, 3, 3, 3, 0]}, null, null, 140, false, [], false, 0, [], null, 0, 1744320991.5196054, 0, {}]
[{"0": [1, 18, 17, 12, 29, 0, 1, 3, 1, 2, 2, 1, 2, 3, 0, 4]}, null, null, 141, false, [], false, 0, [], null, 0, 1744320991.7079184, 0, {}]
[{"0": [1, 27, 32, 28, 0, 3, 1, 2, 2, 2, 1, 3, 1, 1, 4, 0]}, null, null, 142, false, [], false, 0, [], null, 0, 1744320991.911464, 0, {}]
[{"0": [1, 1, 3, 1, 2, 0, 3, 38, 1, 3, 1, 1, 2, 0, 0, 2]}, null, null, 142, false, [], false, 0, [], null, 0, 1744320992.1209843, 0, {}]
[{"0": [2, 1, 2, 1, 2, 2, 3, 0, 2, 2, 0, 3, 0, 5, 1, 3]}, null, null, 143, false, [], false, 0, [], null, 0, 1744320992.3124347, 0, {}]
[{"0": [28, 29, 27, 32, 25, 2, 0, 2, 1, 2, 4, 2, 1, 1, 2, 0]}, null, null, 143, false, [], false, 0, [], null, 0, 1744320992.5170844, 0, {}]
[{"0": [5, 21, 1, 0, 1, 3, 2, 2, 2, 3, 0, 2, 1, 4, 1, 3]}, null, null, 144, false, [], false, 0, [], null, 0, 1744320992.7130525, 0, {}]
[{"0": [2, 1, 1, 2, 0, 0, 0, 1, 0, 2, 0, 0, 1, 0, 3, 3]}, null, null, 145, false, [], false, 0, [], null, 0, 1744320992.9115236, 0, {}]
[{"0": [1, 3, 2, 4, 0, 2, 26, 27, 31, 31, 30, 29, 2, 1, 3, 2]}, null, null, 145, false, [], false, 0, [], null, 0, 1744320993.1163993, 0, {}]
[{"0": [2, 30, 26, 39, 36, 22, 21, 4, 1, 1, 4, 2, 2, 3, 2, 4]}, null, null, 146, false, [], false, 0, [], null, 0, 1744320993.328226, 0, {}]
[{"0": [2, 25, 4, 2, 2, 2, 2, 1, 2, 1, 1, 1, 0, 2, 1, 3]}, null, null, 146, false, [], false, 0, [], null, 0, 1744320993.5155435, 0, {}]
[{"0": [30, 18, 28, 22, 1, 2, 2, 1, 3, 1, 1, 2, 0, 2, 4, 0]}, null, null, 147, false, [], false, 0, [], null, 0, 1744320993.7083514, 0, {}]
[{"0": [0, 31, 21, 2, 0, 0, 1, 0, 1, 0, 2, 0, 3, 2, 1, 0]}, null, null, 148, false, [], false, 0, [], null, 0, 1744320993.9073048, 0, {}]
[{"0": [2, 35, 36, 26, 38, 28, 32, 34, 2, 3, 3, 3, 2, 2, 4, 5]}, null, null, 148, false, [], false, 0, [], null, 0, 1744320994.1060126, 0, {}]
[{"0": [5, 35, 25, 31, 28, 26, 39, 4, 0, 1, 1, 0, 0, 0, 2, 4]}, null, null, 149, false, [], false, 0, [], null, 0, 1744320994.3144133, 0, {}]
[{"0": [28, 24, 35, 26, 34, 28, 23, 37, 2, 3, 1, 5, 1, 1, 3, 3]}, null, null, 149, false, [], false, 0, [], null, 0, 1744320994.5286558, 0, {}]
[{"0": [4, 34, 1, 3, 2, 1, 1, 1, 1, 1, 0, 1, 2, 4, 1, 0]}, null, null, 150, true, [], false, 0, [], null, 0, 1744320994.7176297, 0, {}]
