[{"0": [2, 2, 1, 1, 1, 4, 2, 2, 2, 27, 30, 25, 2, 0, 0, 5]}, null, null, 0, false, [], false, 0, [], null, 0, 1744321695.7064307, 0, {}]
[{"0": [4, 3, 1, 3, 4, 4, 1, 35, 26, 22, 33, 21, 27, 41, 32, 39]}, null, null, 1, false, [], false, 0, [], null, 0, 1744321695.9398756, 0, {}]
[{"0": [25, 39, 27, 34, 33, 28, 31, 0, 2, 0, 3, 2, 4, 1, 2, 2]}, null, null, 1, false, [], false, 0, [], null, 0, 1744321696.141715, 0, {}]
[{"0": [1, 0, 0, 5, 5, 2, 1, 2, 2, 7, 1, 2, 2, 2, 3, 26]}, null, null, 2, false, [], false, 0, [], null, 0, 1744321696.3220608, 0, {}]
[{"0": [30, 28, 39, 4, 2, 0, 1, 1, 1, 2, 0, 1, 3, 3, 2, 2]}, null, null, 2, false, [], false, 0, [], null, 0, 1744321696.53021, 0, {}]
[{"0": [24, 42, 28, 16, 33, 2, 0, 2, 1, 2, 2, 1, 2, 3, 2, 1]}, null, null, 3, false, [], false, 0, [], null, 0, 1744321696.737729, 0, {}]
[{"0": [29, 4, 2, 1, 1, 2, 0, 2, 1, 1, 2, 1, 0, 3, 1, 1]}, null, null, 4, false, [], false, 0, [], null, 0, 1744321696.9219508, 0, {}]
[{"0": [1, 1, 3, 0, 0, 7, 4, 0, 2, 2, 1, 1, 1, 1, 2, 2]}, null, null, 4, false, [], false, 0, [], null, 0, 1744321697.1227095, 0, {}]
[{"0": [2, 2, 3, 1, 0, 3, 2, 1, 1, 3, 1, 1, 1, 2, 24, 27]}, null, null, 5, false, [], false, 0, [], null, 0, 1744321697.3291492, 0, {}]
[{"0": [4, 3, 2, 0, 1, 2, 5, 1, 0, 4, 2, 1, 1, 2, 3, 3]}, null, null, 5, false, [], false, 0, [], null, 0, 1744321697.5214937, 0, {}]
[{"0": [1, 0, 4, 27, 30, 28, 36, 31, 2, 1, 2, 0, 2, 2, 0, 3]}, null, null, 6, false, [], false, 0, [], null, 0, 1744321697.739079, 0, {}]
[{"0": [2, 2, 4, 2, 1, 5, 1, 1, 1, 0, 25, 29, 39, 33, 32, 31]}, null, null, 7, false, [], false, 0, [], null, 0, 1744321697.9190469, 0, {}]
[{"0": [3, 0, 4, 2, 4, 2, 2, 1, 33, 32, 31, 35, 38, 22, 31, 35]}, null, null, 7, false, [], false, 0, [], null, 0, 1744321698.123662, 0, {}]
[{"0": [1, 1, 3, 0, 4, 1, 2, 0, 5, 34, 29, 1, 2, 1, 0, 1]}, null, null, 8, false, [], false, 0, [], null, 0, 1744321698.3321793, 0, {}]
[{"0": [1, 2, 27, 33, 0, 0, 0, 3, 1, 1, 0, 2, 4, 2, 2, 4]}, null, null, 8, false, [], false, 0, [], null, 0, 1744321698.5391746, 0, {}]
[{"0": [0, 0, 5, 4, 38, 32, 34, 28, 29, 29, 35, 24, 32, 30, 38, 25]}, null, null, 9, false, [], false, 0, [], null, 0, 1744321698.7271028, 0, {}]
[{"0": [1, 2, 0, 1, 2, 1, 0, 3, 2, 3, 32, 4, 3, 1, 2, 5]}, null, null, 10, false, [], false, 0, [], null, 0, 1744321698.9368222, 0, {}]
[{"0": [31, 24, 31, 42, 29, 23, 2, 1, 1, 0, 3, 0, 0, 2, 0, 1]}, null, null, 10, false, [], false, 0, [], null, 0, 1744321699.13115, 0, {}]
[{"0": [1, 1, 1, 1, 2, 5, 2, 2, 2, 0, 3, 1, 1, 0, 2, 1]}, null, null, 11, false, [], false, 0, [], null, 0, 1744321699.3264043, 0, {}]
[{"0": [1, 1, 0, 2, 2, 1, 1, 4, 3, 2, 2, 0, 3, 0, 4, 2]}, null, null, 11, false, [], false, 0, [], null, 0, 1744321699.5246162, 0, {}]
[{"0": [3, 1, 38, 16, 40, 31, 28, 33, 34, 27, 29, 32, 31, 17, 28, 3]}, null, null, 12, false, [], false, 0, [], null, 0, 1744321699.7193983, 0, {}]
[{"0": [1, 1, 4, 0, 37, 1, 0, 2, 3, 1, 2, 2, 2, 0, 1, 1]}, null, null, 13, false, [], false, 0, [], null, 0, 1744321699.9276097, 0, {}]
[{"0": [4, 2, 0, 0, 2, 1, 3, 1, 2, 1, 3, 1, 2, 30, 3, 2]}, null, null, 13, false, [], false, 0, [], null, 0, 1744321700.1290236, 0, {}]
[{"0": [1, 4, 4, 3, 2, 2, 0, 5, 3, 3, 38, 31, 30, 31, 0, 0]}, null, null, 14, false, [], false, 0, [], null, 0, 1744321700.3190975, 0, {}]
[{"0": [29, 35, 32, 36, 35, 30, 40, 3, 2, 2, 0, 2, 2, 1, 2, 1]}, null, null, 14, false, [], false, 0, [], null, 0, 1744321700.5285394, 0, {}]
[{"0": [1, 2, 0, 0, 3, 6, 1, 3, 3, 3, 0, 4, 1, 2, 3, 30]}, null, null, 15, false, [], false, 0, [], null, 0, 1744321700.7233737, 0, {}]
[{"0": [5, 1, 27, 30, 24, 31, 3, 3, 1, 2, 1, 6, 1, 6, 2, 5]}, null, null, 16, false, [], false, 0, [], null, 0, 1744321700.9256983, 0, {}]
[{"0": [5, 2, 0, 1, 1, 1, 0, 3, 3, 2, 0, 4, 4, 2, 2, 5]}, null, null, 16, false, [], false, 0, [], null, 0, 1744321701.140308, 0, {}]
[{"0": [0, 2, 1, 2, 1, 1, 1, 0, 0, 1, 2, 2, 36, 32, 28, 35]}, null, null, 17, false, [], false, 0, [], null, 0, 1744321701.3204982, 0, {}]
[{"0": [27, 35, 3, 4, 4, 2, 2, 2, 0, 2, 3, 2, 2, 2, 0, 2]}, null, null, 17, false, [], false, 0, [], null, 0, 1744321701.5238595, 0, {}]
[{"0": [1, 2, 2, 2, 2, 3, 29, 30, 37, 2, 2, 3, 1, 3, 5, 3]}, null, null, 18, false, [], false, 0, [], null, 0, 1744321701.7384355, 0, {}]
[{"0": [35, 0, 2, 2, 0, 1, 1, 1, 1, 2, 1, 2, 0, 0, 1, 2]}, null, null, 19, false, [], false, 0, [], null, 0, 1744321701.9373708, 0, {}]
[{"0": [0, 3, 4, 1, 1, 1, 0, 0, 1, 0, 3, 5, 3, 2, 1, 2]}, null, null, 19, false, [], false, 0, [], null, 0, 1744321702.13326, 0, {}]
[{"0": [4, 1, 1, 1, 3, 3, 1, 2, 3, 1, 1, 4, 3, 23, 31, 27]}, null, null, 20, false, [], false, 0, [], null, 0, 1744321702.325802, 0, {}]
[{"0": [1, 0, 1, 38, 25, 24, 29, 29, 2, 4, 2, 0, 1, 0, 5, 1]}, null, null, 20, false, [], false, 0, [], null, 0, 1744321702.5381382, 0, {}]
[{"0": [2, 2, 3, 4, 3, 2, 2, 1, 4, 1, 3, 0, 1, 1, 2, 1]}, null, null, 21, false, [], false, 0, [], null, 0, 1744321702.7284718, 0, {}]
[{"0": [2, 3, 4, 0, 3, 2, 1, 2, 26, 40, 31, 27, 1, 1, 1, 1]}, null, null, 22, false, [], false, 0, [], null, 0, 1744321702.921125, 0, {}]
[{"0": [3, 1, 2, 1, 0, 5, 1, 28, 0, 1, 1, 1, 4, 2, 2, 0]}, null, null, 22, false, [], false, 0, [], null, 0, 1744321703.1249392, 0, {}]
[{"0": [3, 2, 3, 0, 33, 3, 2, 0, 6, 1, 4, 18, 27, 1, 0, 2]}, null, null, 23, false, [], false, 0, [], null, 0, 1744321703.319012, 0, {}]
[{"0": [2, 0, 0, 2, 31, 33, 27, 26, 33, 26, 3, 1, 5, 0, 3, 1]}, null, null, 23, false, [], false, 0, [], null, 0, 1744321703.5361392, 0, {}]
[{"0": [2, 7, 5, 3, 3, 4, 1, 1, 32, 23, 2, 1, 2, 3, 2, 2]}, null, null, 24, false, [], false, 0, [], null, 0, 1744321703.7205653, 0, {}]
[{"0": [3, 2, 2, 2, 1, 2, 4, 0, 2, 2, 2, 3, 2, 2, 2, 23]}, null, null, 25, false, [], false, 0, [], null, 0, 1744321703.9211156, 0, {}]
[{"0": [5, 0, 0, 1, 1, 2, 0, 33, 33, 30, 29, 26, 33, 38, 3, 1]}, null, null, 25, false, [], false, 0, [], null, 0, 1744321704.1229513, 0, {}]
[{"0": [1, 0, 0, 1, 2, 0, 2, 1, 2, 1, 3, 1, 2, 2, 2, 4]}, null, null, 26, false, [], false, 0, [], null, 0, 1744321704.327267, 0, {}]
[{"0": [1, 1, 2, 1, 1, 2, 1, 3, 30, 29, 31, 32, 0, 2, 2, 0]}, null, null, 27, false, [], false, 0, [], null, 0, 1744321704.5355427, 0, {}]
[{"0": [3, 3, 3, 1, 2, 1, 2, 3, 2, 23, 26, 21, 21, 30, 33, 2]}, null, null, 27, false, [], false, 0, [], null, 0, 1744321704.723249, 0, {}]
[{"0": [2, 1, 0, 0, 1, 2, 4, 1, 3, 6, 3, 2, 2, 4, 1, 25]}, null, null, 28, false, [], false, 0, [], null, 0, 1744321704.9401085, 0, {}]
[{"0": [1, 2, 0, 3, 3, 26, 38, 3, 2, 0, 1, 3, 2, 2, 1, 1]}, null, null, 28, false, [], false, 0, [], null, 0, 1744321705.1198077, 0, {}]
[{"0": [26, 36, 19, 26, 34, 23, 26, 20, 30, 36, 1, 0, 3, 1, 0, 3]}, null, null, 29, false, [], false, 0, [], null, 0, 1744321705.3213484, 0, {}]
[{"0": [26, 29, 26, 29, 27, 21, 32, 36, 35, 39, 29, 30, 33, 3, 1, 1]}, null, null, 30, false, [], false, 0, [], null, 0, 1744321705.5205827, 0, {}]
[{"0": [4, 1, 3, 3, 4, 1, 5, 0, 2, 2, 28, 1, 3, 1, 0, 4]}, null, null, 30, false, [], false, 0, [], null, 0, 1744321705.7349072, 0, {}]
[{"0": [33, 5, 3, 0, 3, 2, 0, 1, 3, 5, 1, 3, 0, 2, 1, 0]}, null, null, 31, false, [], false, 0, [], null, 0, 1744321705.9348445, 0, {}]
[{"0": [1, 5, 2, 4, 1, 1, 3, 0, 2, 3, 38, 31, 34, 26, 4, 2]}, null, null, 31, false, [], false, 0, [], null, 0, 1744321706.125706, 0, {}]
[{"0": [0, 1, 2, 2, 1, 6, 5, 4, 1, 2, 3, 24, 32, 33, 38, 3]}, null, null, 32, false, [], false, 0, [], null, 0, 1744321706.3180902, 0, {}]
[{"0": [28, 25, 0, 3, 2, 0, 3, 1, 3, 1, 1, 2, 1, 1, 1, 2]}, null, null, 33, false, [], false, 0, [], null, 0, 1744321706.525492, 0, {}]
[{"0": [0, 4, 3, 0, 1, 3, 0, 1, 2, 31, 26, 29, 21, 29, 33, 27]}, null, null, 33, false, [], false, 0, [], null, 0, 1744321706.724952, 0, {}]
[{"0": [1, 3, 4, 25, 30, 39, 2, 3, 2, 0, 1, 2, 3, 1, 0, 0]}, null, null, 34, false, [], false, 0, [], null, 0, 1744321706.9180942, 0, {}]
[{"0": [4, 3, 2, 26, 33, 24, 28, 0, 0, 1, 2, 0, 4, 2, 1, 1]}, null, null, 34, false, [], false, 0, [], null, 0, 1744321707.1292894, 0, {}]
[{"0": [0, 2, 31, 1, 0, 3, 3, 2, 0, 4, 2, 1, 1, 3, 2, 3]}, null, null, 35, false, [], false, 0, [], null, 0, 1744321707.3185537, 0, {}]
[{"0": [5, 2, 3, 2, 1, 1, 44, 33, 1, 1, 2, 2, 3, 0, 0, 2]}, null, null, 36, false, [], false, 0, [], null, 0, 1744321707.5228324, 0, {}]
[{"0": [4, 0, 0, 2, 1, 1, 3, 4, 5, 2, 3, 3, 25, 26, 30, 23]}, null, null, 36, false, [], false, 0, [], null, 0, 1744321707.736081, 0, {}]
[{"0": [2, 2, 3, 4, 3, 2, 45, 34, 28, 24, 42, 30, 25, 23, 34, 36]}, null, null, 37, false, [], false, 0, [], null, 0, 1744321707.9376757, 0, {}]
[{"0": [2, 2, 1, 23, 31, 33, 29, 33, 1, 2, 4, 6, 2, 0, 1, 0]}, null, null, 37, false, [], false, 0, [], null, 0, 1744321708.1231437, 0, {}]
[{"0": [3, 5, 2, 1, 2, 3, 2, 2, 2, 6, 0, 3, 32, 36, 30, 42]}, null, null, 38, false, [], false, 0, [], null, 0, 1744321708.3356, 0, {}]
[{"0": [3, 1, 4, 37, 29, 1, 1, 3, 2, 1, 0, 2, 1, 3, 2, 2]}, null, null, 39, false, [], false, 0, [], null, 0, 1744321708.5381687, 0, {}]
[{"0": [4, 0, 30, 35, 1, 2, 1, 2, 1, 2, 2, 1, 0, 3, 4, 1]}, null, null, 39, false, [], false, 0, [], null, 0, 1744321708.733101, 0, {}]
[{"0": [2, 1, 4, 5, 2, 2, 2, 4, 2, 0, 27, 0, 3, 1, 2, 0]}, null, null, 40, false, [], false, 0, [], null, 0, 1744321708.9371216, 0, {}]
[{"0": [0, 2, 1, 3, 3, 0, 4, 2, 2, 3, 4, 1, 38, 27, 28, 28]}, null, null, 40, false, [], false, 0, [], null, 0, 1744321709.125102, 0, {}]
[{"0": [3, 4, 3, 27, 35, 4, 4, 1, 3, 3, 3, 0, 3, 3, 2, 2]}, null, null, 41, false, [], false, 0, [], null, 0, 1744321709.3417609, 0, {}]
[{"0": [21, 24, 1, 5, 1, 1, 3, 4, 1, 2, 1, 3, 0, 2, 2, 2]}, null, null, 42, false, [], false, 0, [], null, 0, 1744321709.5206597, 0, {}]
[{"0": [2, 2, 1, 5, 0, 3, 4, 2, 32, 30, 27, 32, 27, 30, 40, 29]}, null, null, 42, false, [], false, 0, [], null, 0, 1744321709.7199678, 0, {}]
[{"0": [3, 4, 34, 25, 25, 29, 30, 33, 33, 33, 32, 42, 35, 27, 27, 1]}, null, null, 43, false, [], false, 0, [], null, 0, 1744321709.923621, 0, {}]
[{"0": [28, 29, 34, 38, 26, 35, 32, 27, 26, 33, 29, 30, 35, 34, 1, 3]}, null, null, 43, false, [], false, 0, [], null, 0, 1744321710.1196172, 0, {}]
[{"0": [1, 1, 39, 28, 31, 20, 34, 25, 31, 1, 3, 2, 0, 1, 1, 1]}, null, null, 44, false, [], false, 0, [], null, 0, 1744321710.3245113, 0, {}]
[{"0": [0, 0, 1, 2, 4, 4, 0, 3, 1, 1, 1, 2, 4, 1, 0, 3]}, null, null, 45, false, [], false, 0, [], null, 0, 1744321710.5377927, 0, {}]
[{"0": [2, 3, 3, 2, 0, 3, 29, 29, 34, 43, 31, 35, 36, 24, 24, 31]}, null, null, 45, false, [], false, 0, [], null, 0, 1744321710.7221007, 0, {}]
[{"0": [3, 3, 3, 2, 2, 2, 3, 2, 3, 2, 2, 1, 4, 2, 1, 33]}, null, null, 46, false, [], false, 0, [], null, 0, 1744321710.919231, 0, {}]
[{"0": [5, 1, 2, 1, 1, 1, 0, 4, 29, 3, 3, 0, 2, 2, 1, 3]}, null, null, 46, false, [], false, 0, [], null, 0, 1744321711.1288047, 0, {}]
[{"0": [1, 2, 1, 1, 1, 2, 1, 4, 2, 33, 39, 4, 2, 0, 2, 2]}, null, null, 47, false, [], false, 0, [], null, 0, 1744321711.3336415, 0, {}]
[{"0": [36, 0, 2, 0, 1, 3, 1, 2, 2, 3, 1, 2, 3, 2, 1, 3]}, null, null, 48, false, [], false, 0, [], null, 0, 1744321711.5281856, 0, {}]
[{"0": [3, 4, 2, 2, 2, 0, 1, 3, 1, 0, 2, 2, 0, 4, 1, 6]}, null, null, 48, false, [], false, 0, [], null, 0, 1744321711.7182794, 0, {}]
[{"0": [2, 1, 30, 22, 31, 3, 5, 4, 3, 1, 3, 1, 1, 1, 0, 3]}, null, null, 49, false, [], false, 0, [], null, 0, 1744321711.9279628, 0, {}]
[{"0": [0, 1, 6, 2, 0, 4, 2, 3, 2, 2, 1, 1, 0, 1, 0, 30]}, null, null, 49, false, [], false, 0, [], null, 0, 1744321712.1239321, 0, {}]
[{"0": [3, 1, 1, 5, 4, 2, 2, 2, 2, 2, 3, 1, 1, 2, 1, 19]}, null, null, 50, false, [], false, 0, [], null, 0, 1744321712.3353107, 0, {}]
[{"0": [3, 4, 0, 0, 0, 2, 1, 42, 4, 1, 1, 1, 0, 4, 0, 4]}, null, null, 51, false, [], false, 0, [], null, 0, 1744321712.531858, 0, {}]
[{"0": [1, 1, 1, 2, 5, 1, 0, 2, 1, 1, 2, 2, 2, 3, 2, 32]}, null, null, 51, false, [], false, 0, [], null, 0, 1744321712.7255344, 0, {}]
[{"0": [0, 0, 2, 1, 2, 3, 4, 1, 1, 0, 2, 35, 29, 34, 22, 4]}, null, null, 52, false, [], false, 0, [], null, 0, 1744321712.937198, 0, {}]
[{"0": [20, 33, 27, 32, 32, 28, 29, 26, 1, 1, 2, 1, 1, 0, 1, 3]}, null, null, 52, false, [], false, 0, [], null, 0, 1744321713.1198025, 0, {}]
[{"0": [1, 2, 3, 0, 1, 2, 2, 2, 0, 2, 2, 2, 2, 1, 0, 30]}, null, null, 53, false, [], false, 0, [], null, 0, 1744321713.3318667, 0, {}]
[{"0": [3, 2, 2, 0, 3, 1, 4, 1, 1, 1, 6, 3, 3, 2, 2, 0]}, null, null, 54, false, [], false, 0, [], null, 0, 1744321713.5212438, 0, {}]
[{"0": [3, 3, 2, 2, 3, 2, 2, 34, 31, 30, 32, 2, 2, 3, 2, 0]}, null, null, 54, false, [], false, 0, [], null, 0, 1744321713.7323549, 0, {}]
[{"0": [0, 3, 2, 2, 2, 2, 0, 3, 3, 3, 3, 1, 0, 5, 38, 1]}, null, null, 55, false, [], false, 0, [], null, 0, 1744321713.934537, 0, {}]
[{"0": [4, 4, 0, 1, 1, 3, 3, 2, 1, 2, 2, 2, 2, 1, 1, 1]}, null, null, 55, false, [], false, 0, [], null, 0, 1744321714.1298094, 0, {}]
[{"0": [0, 2, 1, 4, 1, 2, 30, 27, 28, 28, 22, 21, 26, 37, 31, 29]}, null, null, 56, false, [], false, 0, [], null, 0, 1744321714.3179104, 0, {}]
[{"0": [27, 2, 0, 2, 0, 0, 1, 3, 2, 2, 0, 3, 0, 1, 1, 1]}, null, null, 57, false, [], false, 0, [], null, 0, 1744321714.5245264, 0, {}]
[{"0": [1, 1, 2, 2, 2, 2, 2, 0, 1, 3, 1, 2, 3, 1, 3, 1]}, null, null, 57, false, [], false, 0, [], null, 0, 1744321714.7381928, 0, {}]
[{"0": [0, 2, 0, 3, 2, 2, 3, 1, 2, 31, 23, 40, 3, 0, 3, 4]}, null, null, 58, false, [], false, 0, [], null, 0, 1744321714.9346457, 0, {}]
[{"0": [29, 32, 0, 1, 1, 1, 4, 1, 3, 4, 1, 2, 1, 2, 5, 4]}, null, null, 58, false, [], false, 0, [], null, 0, 1744321715.127868, 0, {}]
[{"0": [1, 3, 2, 2, 2, 1, 5, 0, 35, 26, 38, 29, 38, 32, 36, 28]}, null, null, 59, false, [], false, 0, [], null, 0, 1744321715.319423, 0, {}]
[{"0": [2, 2, 1, 5, 0, 29, 2, 3, 2, 1, 1, 2, 3, 1, 1, 0]}, null, null, 60, false, [], false, 0, [], null, 0, 1744321715.5245297, 0, {}]
[{"0": [2, 0, 2, 3, 5, 2, 30, 23, 29, 27, 31, 0, 1, 1, 1, 2]}, null, null, 60, false, [], false, 0, [], null, 0, 1744321715.7323825, 0, {}]
[{"0": [1, 1, 1, 2, 1, 3, 3, 0, 5, 0, 2, 1, 27, 32, 39, 32]}, null, null, 61, false, [], false, 0, [], null, 0, 1744321715.9314735, 0, {}]
[{"0": [2, 5, 3, 1, 1, 3, 5, 3, 3, 2, 1, 3, 1, 2, 2, 1]}, null, null, 61, false, [], false, 0, [], null, 0, 1744321716.1246953, 0, {}]
[{"0": [3, 0, 1, 2, 2, 2, 5, 2, 1, 1, 35, 4, 2, 2, 5, 4]}, null, null, 62, false, [], false, 0, [], null, 0, 1744321716.3241775, 0, {}]
[{"0": [4, 3, 1, 5, 2, 1, 0, 24, 26, 40, 27, 29, 3, 3, 3, 0]}, null, null, 63, false, [], false, 0, [], null, 0, 1744321716.515075, 0, {}]
[{"0": [3, 0, 5, 2, 5, 2, 2, 0, 2, 0, 0, 3, 2, 30, 24, 0]}, null, null, 63, false, [], false, 0, [], null, 0, 1744321716.716225, 0, {}]
[{"0": [37, 36, 42, 36, 32, 40, 1, 1, 3, 0, 1, 5, 2, 1, 2, 0]}, null, null, 64, false, [], false, 0, [], null, 0, 1744321716.9200358, 0, {}]
[{"0": [0, 1, 3, 1, 3, 2, 3, 3, 1, 0, 2, 1, 3, 35, 26, 25]}, null, null, 64, false, [], false, 0, [], null, 0, 1744321717.1174104, 0, {}]
[{"0": [1, 1, 3, 36, 30, 42, 2, 0, 3, 4, 1, 3, 1, 3, 1, 1]}, null, null, 65, false, [], false, 0, [], null, 0, 1744321717.321667, 0, {}]
[{"0": [2, 0, 39, 31, 38, 28, 19, 31, 1, 1, 3, 4, 2, 1, 1, 3]}, null, null, 66, false, [], false, 0, [], null, 0, 1744321717.5253923, 0, {}]
[{"0": [0, 3, 25, 22, 24, 30, 28, 1, 2, 0, 2, 2, 4, 4, 2, 2]}, null, null, 66, false, [], false, 0, [], null, 0, 1744321717.7170827, 0, {}]
[{"0": [3, 4, 2, 30, 32, 1, 1, 2, 4, 0, 2, 2, 1, 1, 1, 1]}, null, null, 67, false, [], false, 0, [], null, 0, 1744321717.9268699, 0, {}]
[{"0": [0, 2, 37, 26, 42, 3, 3, 1, 1, 2, 1, 1, 3, 3, 1, 2]}, null, null, 67, false, [], false, 0, [], null, 0, 1744321718.139326, 0, {}]
[{"0": [0, 1, 0, 1, 0, 5, 3, 2, 1, 1, 0, 2, 2, 0, 34, 29]}, null, null, 68, false, [], false, 0, [], null, 0, 1744321718.338757, 0, {}]
[{"0": [7, 1, 3, 3, 0, 33, 29, 24, 25, 3, 2, 2, 1, 5, 2, 1]}, null, null, 69, false, [], false, 0, [], null, 0, 1744321718.534031, 0, {}]
[{"0": [3, 1, 4, 2, 1, 2, 2, 3, 1, 1, 3, 2, 1, 0, 15, 34]}, null, null, 69, false, [], false, 0, [], null, 0, 1744321718.7263796, 0, {}]
[{"0": [3, 2, 4, 22, 32, 3, 2, 2, 0, 2, 3, 1, 1, 1, 2, 2]}, null, null, 70, false, [], false, 0, [], null, 0, 1744321718.920457, 0, {}]
[{"0": [5, 0, 2, 1, 0, 0, 1, 29, 33, 34, 33, 29, 36, 39, 24, 19]}, null, null, 70, false, [], false, 0, [], null, 0, 1744321719.118656, 0, {}]
[{"0": [4, 3, 2, 0, 4, 3, 3, 1, 3, 1, 2, 26, 0, 2, 3, 2]}, null, null, 71, false, [], false, 0, [], null, 0, 1744321719.3193977, 0, {}]
[{"0": [2, 6, 2, 3, 2, 1, 1, 2, 2, 1, 1, 35, 32, 26, 28, 36]}, null, null, 72, false, [], false, 0, [], null, 0, 1744321719.5317662, 0, {}]
[{"0": [5, 0, 3, 1, 0, 2, 1, 2, 2, 1, 3, 0, 1, 1, 2, 2]}, null, null, 72, false, [], false, 0, [], null, 0, 1744321719.7158358, 0, {}]
[{"0": [2, 3, 2, 1, 2, 3, 1, 43, 1, 3, 0, 4, 2, 1, 2, 0]}, null, null, 73, false, [], false, 0, [], null, 0, 1744321719.9245658, 0, {}]
[{"0": [2, 1, 1, 3, 0, 0, 2, 0, 2, 2, 3, 3, 1, 3, 1, 27]}, null, null, 73, false, [], false, 0, [], null, 0, 1744321720.1325853, 0, {}]
[{"0": [0, 1, 1, 1, 0, 1, 1, 22, 32, 42, 36, 35, 37, 32, 40, 32]}, null, null, 74, false, [], false, 0, [], null, 0, 1744321720.3354096, 0, {}]
[{"0": [1, 1, 2, 2, 2, 2, 2, 1, 3, 1, 2, 42, 27, 1, 1, 1]}, null, null, 75, false, [], false, 0, [], null, 0, 1744321720.5361385, 0, {}]
[{"0": [1, 1, 2, 3, 0, 5, 0, 6, 0, 0, 28, 29, 30, 22, 26, 31]}, null, null, 75, false, [], false, 0, [], null, 0, 1744321720.7221746, 0, {}]
[{"0": [2, 0, 0, 1, 2, 3, 1, 1, 2, 0, 1, 0, 0, 28, 35, 23]}, null, null, 76, false, [], false, 0, [], null, 0, 1744321720.923024, 0, {}]
[{"0": [1, 1, 1, 2, 1, 2, 3, 34, 34, 31, 35, 0, 2, 0, 1, 4]}, null, null, 77, false, [], false, 0, [], null, 0, 1744321721.1393363, 0, {}]
[{"0": [2, 2, 0, 1, 0, 29, 2, 0, 2, 3, 1, 3, 2, 0, 3, 2]}, null, null, 77, false, [], false, 0, [], null, 0, 1744321721.3167863, 0, {}]
[{"0": [2, 4, 4, 2, 2, 1, 3, 0, 2, 2, 2, 2, 0, 2, 3, 2]}, null, null, 78, false, [], false, 0, [], null, 0, 1744321721.5264132, 0, {}]
[{"0": [3, 3, 1, 1, 0, 1, 0, 2, 2, 0, 1, 0, 1, 2, 2, 0]}, null, null, 78, false, [], false, 0, [], null, 0, 1744321721.7248385, 0, {}]
[{"0": [0, 1, 1, 1, 2, 2, 1, 1, 3, 34, 28, 15, 26, 34, 37, 33]}, null, null, 79, false, [], false, 0, [], null, 0, 1744321721.9167511, 0, {}]
[{"0": [1, 0, 1, 2, 2, 4, 4, 33, 34, 22, 34, 28, 33, 43, 31, 39]}, null, null, 80, false, [], false, 0, [], null, 0, 1744321722.1253152, 0, {}]
[{"0": [3, 2, 4, 0, 2, 3, 2, 1, 2, 0, 3, 0, 3, 3, 1, 35]}, null, null, 80, false, [], false, 0, [], null, 0, 1744321722.3284101, 0, {}]
[{"0": [2, 3, 38, 28, 29, 42, 38, 42, 20, 23, 36, 31, 30, 32, 1, 0]}, null, null, 81, false, [], false, 0, [], null, 0, 1744321722.523666, 0, {}]
[{"0": [1, 4, 2, 2, 3, 32, 24, 32, 24, 32, 18, 43, 0, 0, 1, 2]}, null, null, 81, false, [], false, 0, [], null, 0, 1744321722.7334294, 0, {}]
[{"0": [0, 1, 4, 0, 4, 1, 2, 2, 2, 2, 2, 1, 1, 3, 2, 2]}, null, null, 82, false, [], false, 0, [], null, 0, 1744321722.9250402, 0, {}]
[{"0": [1, 2, 4, 3, 2, 1, 5, 2, 0, 1, 2, 3, 0, 2, 1, 3]}, null, null, 83, false, [], false, 0, [], null, 0, 1744321723.1210988, 0, {}]
[{"0": [2, 2, 26, 35, 25, 1, 0, 1, 1, 2, 0, 2, 3, 4, 3, 2]}, null, null, 83, false, [], false, 0, [], null, 0, 1744321723.330856, 0, {}]
[{"0": [2, 2, 2, 5, 0, 3, 2, 1, 2, 3, 2, 1, 1, 0, 2, 2]}, null, null, 84, false, [], false, 0, [], null, 0, 1744321723.5201418, 0, {}]
[{"0": [1, 2, 2, 0, 2, 33, 32, 1, 2, 3, 3, 5, 3, 0, 3, 1]}, null, null, 84, false, [], false, 0, [], null, 0, 1744321723.72884, 0, {}]
[{"0": [3, 1, 2, 0, 2, 1, 2, 2, 1, 1, 1, 3, 5, 1, 2, 2]}, null, null, 85, false, [], false, 0, [], null, 0, 1744321723.9187882, 0, {}]
[{"0": [3, 0, 2, 2, 0, 1, 2, 2, 21, 31, 38, 2, 1, 3, 1, 4]}, null, null, 86, false, [], false, 0, [], null, 0, 1744321724.125807, 0, {}]
[{"0": [31, 30, 0, 1, 3, 0, 1, 2, 0, 5, 2, 2, 0, 0, 2, 1]}, null, null, 86, false, [], false, 0, [], null, 0, 1744321724.3373163, 0, {}]
[{"0": [2, 0, 1, 3, 2, 0, 32, 3, 4, 0, 1, 2, 0, 3, 2, 1]}, null, null, 87, false, [], false, 0, [], null, 0, 1744321724.5154018, 0, {}]
[{"0": [1, 2, 0, 2, 2, 0, 1, 2, 24, 23, 2, 2, 2, 0, 3, 3]}, null, null, 87, false, [], false, 0, [], null, 0, 1744321724.7160254, 0, {}]
[{"0": [1, 1, 2, 2, 4, 0, 2, 3, 1, 3, 1, 36, 20, 28, 2, 1]}, null, null, 88, false, [], false, 0, [], null, 0, 1744321724.919684, 0, {}]
[{"0": [2, 1, 31, 2, 0, 1, 3, 1, 2, 1, 2, 1, 1, 2, 3, 2]}, null, null, 89, false, [], false, 0, [], null, 0, 1744321725.1349397, 0, {}]
[{"0": [0, 3, 2, 3, 3, 2, 1, 2, 3, 1, 1, 28, 33, 26, 26, 30]}, null, null, 89, false, [], false, 0, [], null, 0, 1744321725.3202732, 0, {}]
[{"0": [28, 31, 28, 28, 25, 38, 28, 23, 30, 19, 27, 34, 2, 2, 0, 2]}, null, null, 90, false, [], false, 0, [], null, 0, 1744321725.5204144, 0, {}]
[{"0": [2, 29, 33, 24, 1, 1, 2, 2, 2, 1, 1, 3, 1, 4, 1, 1]}, null, null, 90, false, [], false, 0, [], null, 0, 1744321725.7183955, 0, {}]
[{"0": [26, 33, 22, 32, 28, 30, 38, 24, 32, 40, 4, 3, 0, 3, 0, 4]}, null, null, 91, false, [], false, 0, [], null, 0, 1744321725.92215, 0, {}]
[{"0": [3, 2, 0, 1, 1, 1, 4, 2, 2, 2, 5, 2, 32, 28, 35, 32]}, null, null, 92, false, [], false, 0, [], null, 0, 1744321726.1164422, 0, {}]
[{"0": [3, 1, 28, 20, 32, 30, 25, 29, 24, 32, 34, 31, 3, 4, 3, 0]}, null, null, 92, false, [], false, 0, [], null, 0, 1744321726.3333488, 0, {}]
[{"0": [3, 5, 2, 1, 3, 1, 1, 0, 0, 3, 37, 26, 31, 32, 24, 5]}, null, null, 93, false, [], false, 0, [], null, 0, 1744321726.527225, 0, {}]
[{"0": [2, 2, 2, 3, 0, 3, 5, 1, 2, 2, 29, 5, 0, 2, 1, 0]}, null, null, 93, false, [], false, 0, [], null, 0, 1744321726.724071, 0, {}]
[{"0": [3, 2, 1, 1, 30, 3, 2, 2, 0, 2, 1, 0, 2, 1, 2, 1]}, null, null, 94, false, [], false, 0, [], null, 0, 1744321726.919586, 0, {}]
[{"0": [0, 2, 2, 3, 1, 1, 2, 2, 3, 2, 1, 3, 2, 2, 4, 3]}, null, null, 95, false, [], false, 0, [], null, 0, 1744321727.1169956, 0, {}]
[{"0": [22, 36, 26, 30, 1, 0, 2, 2, 4, 3, 3, 4, 2, 5, 2, 0]}, null, null, 95, false, [], false, 0, [], null, 0, 1744321727.3233352, 0, {}]
[{"0": [0, 1, 2, 1, 0, 27, 2, 3, 2, 1, 3, 4, 1, 1, 4, 4]}, null, null, 96, false, [], false, 0, [], null, 0, 1744321727.5393567, 0, {}]
[{"0": [1, 3, 5, 1, 1, 1, 5, 3, 2, 3, 3, 0, 4, 2, 22, 23]}, null, null, 96, false, [], false, 0, [], null, 0, 1744321727.7188766, 0, {}]
[{"0": [2, 0, 1, 3, 1, 1, 3, 1, 2, 0, 1, 1, 0, 27, 3, 3]}, null, null, 97, false, [], false, 0, [], null, 0, 1744321727.9302144, 0, {}]
[{"0": [4, 1, 0, 2, 1, 2, 2, 1, 1, 2, 4, 0, 0, 1, 1, 2]}, null, null, 98, false, [], false, 0, [], null, 0, 1744321728.1304693, 0, {}]
[{"0": [2, 1, 1, 1, 0, 2, 2, 6, 6, 3, 2, 0, 1, 2, 5, 27]}, null, null, 98, false, [], false, 0, [], null, 0, 1744321728.3200092, 0, {}]
[{"0": [1, 1, 2, 0, 0, 1, 3, 3, 2, 4, 3, 1, 3, 1, 28, 31]}, null, null, 99, false, [], false, 0, [], null, 0, 1744321728.5330813, 0, {}]
[{"0": [3, 3, 1, 2, 0, 1, 1, 1, 1, 2, 4, 1, 34, 40, 32, 44]}, null, null, 99, false, [], false, 0, [], null, 0, 1744321728.7199068, 0, {}]
[{"0": [3, 1, 0, 1, 2, 0, 2, 1, 5, 1, 3, 1, 21, 2, 2, 1]}, null, null, 100, false, [], false, 0, [], null, 0, 1744321728.9279592, 0, {}]
[{"0": [3, 2, 1, 2, 3, 3, 2, 1, 2, 1, 2, 29, 29, 27, 1, 3]}, null, null, 101, false, [], false, 0, [], null, 0, 1744321729.1203835, 0, {}]
[{"0": [2, 3, 1, 27, 25, 24, 38, 20, 29, 22, 33, 30, 45, 29, 29, 25]}, null, null, 101, false, [], false, 0, [], null, 0, 1744321729.324137, 0, {}]
[{"0": [37, 28, 38, 25, 39, 30, 25, 33, 39, 34, 29, 39, 41, 20, 2, 3]}, null, null, 102, false, [], false, 0, [], null, 0, 1744321729.536994, 0, {}]
[{"0": [2, 1, 4, 3, 3, 0, 2, 1, 1, 2, 2, 1, 40, 34, 26, 33]}, null, null, 102, false, [], false, 0, [], null, 0, 1744321729.73629, 0, {}]
[{"0": [2, 0, 0, 2, 31, 27, 35, 29, 29, 1, 1, 3, 0, 3, 1, 2]}, null, null, 103, false, [], false, 0, [], null, 0, 1744321729.9234908, 0, {}]
[{"0": [0, 2, 2, 2, 0, 1, 4, 2, 3, 0, 4, 2, 0, 1, 3, 4]}, null, null, 104, false, [], false, 0, [], null, 0, 1744321730.1177187, 0, {}]
[{"0": [1, 2, 0, 2, 40, 2, 2, 1, 1, 2, 5, 0, 3, 2, 2, 4]}, null, null, 104, false, [], false, 0, [], null, 0, 1744321730.3223011, 0, {}]
[{"0": [3, 2, 3, 3, 3, 0, 1, 3, 18, 40, 28, 1, 3, 1, 2, 3]}, null, null, 105, false, [], false, 0, [], null, 0, 1744321730.528046, 0, {}]
[{"0": [4, 0, 0, 1, 2, 1, 1, 1, 1, 6, 3, 0, 43, 32, 25, 24]}, null, null, 105, false, [], false, 0, [], null, 0, 1744321730.7293558, 0, {}]
[{"0": [0, 3, 0, 35, 30, 0, 1, 1, 2, 2, 1, 4, 0, 2, 3, 1]}, null, null, 106, false, [], false, 0, [], null, 0, 1744321730.9215226, 0, {}]
[{"0": [5, 2, 1, 4, 1, 4, 14, 2, 1, 0, 2, 3, 3, 0, 1, 0]}, null, null, 107, false, [], false, 0, [], null, 0, 1744321731.119731, 0, {}]
[{"0": [2, 2, 2, 0, 2, 3, 1, 2, 1, 3, 4, 0, 5, 2, 31, 30]}, null, null, 107, false, [], false, 0, [], null, 0, 1744321731.3288102, 0, {}]
[{"0": [0, 7, 2, 0, 0, 33, 32, 26, 0, 3, 1, 0, 3, 1, 1, 1]}, null, null, 108, false, [], false, 0, [], null, 0, 1744321731.5236356, 0, {}]
[{"0": [30, 21, 28, 1, 1, 2, 1, 2, 1, 2, 0, 1, 2, 1, 0, 2]}, null, null, 108, false, [], false, 0, [], null, 0, 1744321731.7382956, 0, {}]
[{"0": [38, 23, 29, 35, 32, 37, 41, 23, 42, 25, 25, 28, 1, 2, 0, 3]}, null, null, 109, false, [], false, 0, [], null, 0, 1744321731.923522, 0, {}]
[{"0": [3, 2, 4, 0, 1, 0, 3, 1, 1, 2, 1, 6, 2, 1, 2, 1]}, null, null, 110, false, [], false, 0, [], null, 0, 1744321732.1176772, 0, {}]
[{"0": [33, 27, 35, 34, 30, 34, 37, 32, 19, 22, 22, 2, 3, 0, 2, 1]}, null, null, 110, false, [], false, 0, [], null, 0, 1744321732.3228462, 0, {}]
[{"0": [4, 2, 2, 0, 1, 2, 0, 2, 3, 2, 1, 0, 34, 35, 33, 4]}, null, null, 111, false, [], false, 0, [], null, 0, 1744321732.5317097, 0, {}]
[{"0": [1, 1, 2, 2, 2, 1, 42, 26, 29, 18, 28, 26, 30, 36, 0, 0]}, null, null, 111, false, [], false, 0, [], null, 0, 1744321732.733844, 0, {}]
[{"0": [0, 0, 5, 2, 1, 2, 2, 3, 2, 3, 1, 3, 3, 2, 2, 6]}, null, null, 112, false, [], false, 0, [], null, 0, 1744321732.925779, 0, {}]
[{"0": [3, 1, 1, 0, 0, 1, 2, 3, 3, 1, 2, 4, 2, 3, 2, 2]}, null, null, 113, false, [], false, 0, [], null, 0, 1744321733.138593, 0, {}]
[{"0": [1, 3, 1, 2, 3, 7, 1, 5, 4, 0, 1, 0, 1, 2, 4, 21]}, null, null, 113, false, [], false, 0, [], null, 0, 1744321733.3390646, 0, {}]
[{"0": [2, 2, 1, 3, 2, 3, 1, 5, 1, 4, 1, 3, 2, 2, 2, 2]}, null, null, 114, false, [], false, 0, [], null, 0, 1744321733.5197103, 0, {}]
[{"0": [1, 1, 0, 0, 0, 0, 1, 0, 1, 32, 42, 2, 3, 2, 3, 1]}, null, null, 114, false, [], false, 0, [], null, 0, 1744321733.7177415, 0, {}]
[{"0": [30, 27, 1, 1, 2, 2, 1, 2, 1, 2, 1, 3, 3, 4, 3, 0]}, null, null, 115, false, [], false, 0, [], null, 0, 1744321733.9312675, 0, {}]
[{"0": [1, 1, 2, 2, 2, 2, 0, 30, 23, 23, 30, 22, 1, 2, 0, 2]}, null, null, 116, false, [], false, 0, [], null, 0, 1744321734.121053, 0, {}]
[{"0": [0, 1, 1, 0, 1, 2, 2, 2, 2, 1, 34, 30, 23, 29, 26, 4]}, null, null, 116, false, [], false, 0, [], null, 0, 1744321734.3367217, 0, {}]
[{"0": [26, 35, 24, 3, 1, 3, 3, 2, 2, 1, 2, 0, 2, 1, 2, 5]}, null, null, 117, false, [], false, 0, [], null, 0, 1744321734.5348299, 0, {}]
[{"0": [0, 1, 0, 0, 2, 4, 2, 2, 26, 25, 28, 3, 2, 4, 1, 2]}, null, null, 117, false, [], false, 0, [], null, 0, 1744321734.7219527, 0, {}]
[{"0": [2, 1, 3, 2, 0, 1, 1, 2, 16, 23, 25, 0, 0, 2, 6, 0]}, null, null, 118, false, [], false, 0, [], null, 0, 1744321734.9211123, 0, {}]
[{"0": [1, 5, 36, 36, 26, 1, 2, 4, 2, 1, 1, 3, 0, 1, 4, 2]}, null, null, 119, false, [], false, 0, [], null, 0, 1744321735.124007, 0, {}]
[{"0": [3, 4, 2, 2, 0, 22, 24, 37, 35, 30, 39, 34, 21, 29, 32, 32]}, null, null, 119, false, [], false, 0, [], null, 0, 1744321735.3293684, 0, {}]
[{"0": [3, 2, 2, 2, 4, 1, 2, 2, 1, 1, 34, 2, 2, 4, 4, 1]}, null, null, 120, false, [], false, 0, [], null, 0, 1744321735.5285716, 0, {}]
[{"0": [0, 2, 3, 1, 0, 0, 0, 1, 1, 0, 0, 0, 25, 42, 26, 38]}, null, null, 120, false, [], false, 0, [], null, 0, 1744321735.7259917, 0, {}]
[{"0": [1, 1, 1, 4, 2, 1, 2, 3, 2, 3, 2, 27, 27, 35, 22, 34]}, null, null, 121, false, [], false, 0, [], null, 0, 1744321735.923495, 0, {}]
[{"0": [2, 2, 0, 1, 1, 0, 2, 5, 2, 4, 0, 0, 0, 3, 1, 22]}, null, null, 122, false, [], false, 0, [], null, 0, 1744321736.14024, 0, {}]
[{"0": [1, 0, 0, 2, 2, 2, 1, 2, 1, 4, 3, 4, 2, 0, 1, 1]}, null, null, 122, false, [], false, 0, [], null, 0, 1744321736.3201685, 0, {}]
[{"0": [2, 3, 2, 6, 26, 3, 3, 3, 1, 4, 2, 1, 2, 2, 2, 2]}, null, null, 123, false, [], false, 0, [], null, 0, 1744321736.527277, 0, {}]
[{"0": [3, 2, 2, 1, 1, 1, 1, 1, 40, 26, 35, 31, 22, 37, 35, 31]}, null, null, 123, false, [], false, 0, [], null, 0, 1744321736.7183132, 0, {}]
[{"0": [1, 0, 3, 2, 0, 3, 4, 4, 6, 1, 0, 25, 33, 29, 34, 35]}, null, null, 124, false, [], false, 0, [], null, 0, 1744321736.9333918, 0, {}]
[{"0": [1, 1, 0, 4, 2, 1, 0, 1, 0, 5, 3, 2, 4, 3, 0, 20]}, null, null, 125, false, [], false, 0, [], null, 0, 1744321737.126909, 0, {}]
[{"0": [39, 31, 35, 28, 22, 35, 39, 24, 28, 31, 2, 1, 5, 1, 3, 1]}, null, null, 125, false, [], false, 0, [], null, 0, 1744321737.3234422, 0, {}]
[{"0": [1, 2, 1, 1, 0, 3, 27, 0, 0, 2, 1, 2, 4, 2, 1, 1]}, null, null, 126, false, [], false, 0, [], null, 0, 1744321737.5180917, 0, {}]
[{"0": [1, 4, 0, 4, 2, 0, 1, 2, 0, 2, 2, 0, 0, 0, 3, 0]}, null, null, 127, false, [], false, 0, [], null, 0, 1744321737.7248163, 0, {}]
[{"0": [1, 1, 1, 29, 30, 35, 36, 25, 37, 36, 22, 38, 32, 1, 0, 1]}, null, null, 127, false, [], false, 0, [], null, 0, 1744321737.9381618, 0, {}]
[{"0": [0, 1, 0, 4, 0, 2, 1, 2, 5, 33, 5, 2, 1, 1, 2, 1]}, null, null, 128, false, [], false, 0, [], null, 0, 1744321738.12145, 0, {}]
[{"0": [2, 1, 1, 1, 2, 1, 1, 1, 32, 20, 34, 1, 0, 2, 1, 1]}, null, null, 128, false, [], false, 0, [], null, 0, 1744321738.3388705, 0, {}]
[{"0": [5, 3, 3, 2, 4, 33, 30, 24, 29, 1, 2, 3, 0, 1, 1, 2]}, null, null, 129, false, [], false, 0, [], null, 0, 1744321738.5240514, 0, {}]
[{"0": [1, 4, 5, 2, 0, 0, 1, 2, 1, 0, 1, 3, 5, 3, 2, 25]}, null, null, 130, false, [], false, 0, [], null, 0, 1744321738.7418444, 0, {}]
[{"0": [4, 1, 0, 0, 0, 2, 4, 1, 3, 1, 0, 3, 28, 30, 3, 2]}, null, null, 130, false, [], false, 0, [], null, 0, 1744321738.918186, 0, {}]
[{"0": [0, 1, 7, 1, 3, 2, 1, 3, 1, 4, 0, 2, 2, 34, 17, 35]}, null, null, 131, false, [], false, 0, [], null, 0, 1744321739.1233094, 0, {}]
[{"0": [2, 4, 2, 1, 4, 1, 1, 3, 2, 0, 27, 28, 23, 30, 30, 27]}, null, null, 131, false, [], false, 0, [], null, 0, 1744321739.338766, 0, {}]
[{"0": [2, 2, 1, 0, 1, 1, 38, 20, 21, 26, 24, 28, 32, 1, 0, 2]}, null, null, 132, false, [], false, 0, [], null, 0, 1744321739.518854, 0, {}]
[{"0": [1, 3, 1, 3, 2, 1, 2, 1, 0, 0, 1, 1, 2, 1, 39, 23]}, null, null, 133, false, [], false, 0, [], null, 0, 1744321739.7317305, 0, {}]
[{"0": [0, 0, 2, 0, 2, 5, 35, 28, 31, 31, 34, 34, 41, 3, 3, 2]}, null, null, 133, false, [], false, 0, [], null, 0, 1744321739.9287412, 0, {}]
[{"0": [1, 2, 2, 30, 33, 39, 2, 1, 4, 0, 2, 1, 2, 2, 2, 1]}, null, null, 134, false, [], false, 0, [], null, 0, 1744321740.1260517, 0, {}]
[{"0": [1, 7, 36, 38, 33, 3, 2, 6, 1, 3, 3, 2, 0, 2, 0, 2]}, null, null, 134, false, [], false, 0, [], null, 0, 1744321740.3398678, 0, {}]
[{"0": [1, 2, 1, 2, 3, 27, 27, 21, 5, 2, 2, 0, 4, 4, 4, 1]}, null, null, 135, false, [], false, 0, [], null, 0, 1744321740.5456014, 0, {}]
[{"0": [0, 2, 23, 33, 40, 3, 1, 2, 1, 3, 1, 1, 1, 3, 1, 0]}, null, null, 136, false, [], false, 0, [], null, 0, 1744321740.7270427, 0, {}]
[{"0": [3, 2, 2, 4, 4, 4, 2, 2, 0, 2, 3, 2, 2, 3, 1, 1]}, null, null, 136, false, [], false, 0, [], null, 0, 1744321740.9260302, 0, {}]
[{"0": [39, 2, 1, 1, 2, 3, 4, 1, 1, 2, 2, 1, 2, 3, 1, 2]}, null, null, 137, false, [], false, 0, [], null, 0, 1744321741.120456, 0, {}]
[{"0": [0, 3, 0, 1, 0, 1, 2, 0, 2, 3, 3, 2, 2, 2, 5, 23]}, null, null, 137, false, [], false, 0, [], null, 0, 1744321741.3359506, 0, {}]
[{"0": [4, 2, 30, 38, 28, 32, 25, 17, 37, 23, 1, 3, 2, 1, 1, 2]}, null, null, 138, false, [], false, 0, [], null, 0, 1744321741.53924, 0, {}]
[{"0": [2, 2, 2, 2, 8, 4, 2, 4, 1, 1, 2, 31, 23, 37, 34, 24]}, null, null, 139, false, [], false, 0, [], null, 0, 1744321741.723952, 0, {}]
[{"0": [1, 1, 2, 1, 1, 2, 1, 2, 2, 3, 0, 1, 0, 1, 2, 28]}, null, null, 139, false, [], false, 0, [], null, 0, 1744321741.9366503, 0, {}]
[{"0": [1, 3, 0, 1, 1, 26, 25, 20, 21, 31, 37, 28, 36, 1, 3, 0]}, null, null, 140, false, [], false, 0, [], null, 0, 1744321742.135157, 0, {}]
[{"0": [29, 26, 23, 1, 2, 1, 0, 2, 5, 1, 0, 1, 1, 2, 3, 2]}, null, null, 140, false, [], false, 0, [], null, 0, 1744321742.3276527, 0, {}]
[{"0": [3, 3, 0, 1, 1, 26, 29, 29, 23, 27, 27, 36, 0, 3, 3, 4]}, null, null, 141, false, [], false, 0, [], null, 0, 1744321742.5266085, 0, {}]
[{"0": [4, 3, 0, 6, 30, 26, 27, 33, 31, 34, 32, 29, 26, 33, 39, 31]}, null, null, 142, false, [], false, 0, [], null, 0, 1744321742.729998, 0, {}]
[{"0": [1, 4, 0, 27, 37, 36, 37, 39, 1, 1, 1, 4, 1, 3, 2, 2]}, null, null, 142, false, [], false, 0, [], null, 0, 1744321742.9299397, 0, {}]
[{"0": [3, 3, 3, 2, 2, 0, 2, 3, 1, 1, 0, 2, 0, 1, 1, 1]}, null, null, 143, false, [], false, 0, [], null, 0, 1744321743.1343746, 0, {}]
[{"0": [2, 2, 19, 35, 35, 25, 19, 30, 2, 3, 2, 0, 2, 1, 0, 1]}, null, null, 143, false, [], false, 0, [], null, 0, 1744321743.3342948, 0, {}]
[{"0": [1, 4, 5, 1, 4, 1, 1, 1, 3, 1, 1, 27, 3, 1, 0, 4]}, null, null, 144, false, [], false, 0, [], null, 0, 1744321743.5209913, 0, {}]
[{"0": [3, 1, 0, 3, 3, 1, 1, 3, 2, 3, 0, 1, 3, 2, 2, 3]}, null, null, 145, false, [], false, 0, [], null, 0, 1744321743.7299974, 0, {}]
[{"0": [1, 1, 3, 5, 2, 4, 1, 1, 5, 3, 34, 32, 27, 33, 34, 24]}, null, null, 145, false, [], false, 0, [], null, 0, 1744321743.9384155, 0, {}]
[{"0": [2, 5, 2, 0, 33, 2, 0, 1, 0, 0, 2, 4, 2, 4, 0, 0]}, null, null, 146, false, [], false, 0, [], null, 0, 1744321744.13578, 0, {}]
[{"0": [2, 3, 0, 3, 27, 38, 30, 19, 26, 3, 1, 1, 2, 3, 1, 3]}, null, null, 146, false, [], false, 0, [], null, 0, 1744321744.3308883, 0, {}]
[{"0": [2, 1, 0, 3, 3, 0, 0, 0, 0, 27, 26, 34, 24, 25, 20, 30]}, null, null, 147, false, [], false, 0, [], null, 0, 1744321744.524715, 0, {}]
[{"0": [1, 0, 4, 2, 29, 28, 24, 1, 2, 1, 0, 0, 3, 1, 0, 1]}, null, null, 148, false, [], false, 0, [], null, 0, 1744321744.7368758, 0, {}]
[{"0": [2, 2, 3, 2, 1, 1, 3, 1, 1, 1, 31, 0, 1, 3, 3, 2]}, null, null, 148, false, [], false, 0, [], null, 0, 1744321744.9402025, 0, {}]
[{"0": [1, 2, 3, 1, 0, 1, 26, 29, 24, 31, 35, 25, 30, 31, 25, 23]}, null, null, 149, false, [], false, 0, [], null, 0, 1744321745.1272166, 0, {}]
[{"0": [1, 2, 0, 5, 1, 1, 0, 1, 2, 0, 1, 1, 3, 25, 19, 28]}, null, null, 149, false, [], false, 0, [], null, 0, 1744321745.3267398, 0, {}]
[{"0": [1, 0, 2, 2, 3, 2, 1, 23, 1, 1, 2, 2, 0, 1, 3, 1]}, null, null, 150, true, [], false, 0, [], null, 0, 1744321745.5298924, 0, {}]
