[{"0": [2, 32, 37, 37, 28, 34, 31, 36, 1, 2, 3, 1, 2, 1, 3]}, null, null, 0, false, [], false, 0, [], null, 0, 1744310755.1584368, 0, {}]
[{"0": [5, 35, 29, 1, 2, 1, 1, 1, 0, 1, 1, 0, 1, 2, 1]}, null, null, 1, false, [], false, 0, [], null, 0, 1744310755.3820107, 0, {}]
[{"0": [1, 25, 35, 1, 1, 3, 2, 1, 4, 0, 1, 1, 0, 2, 3]}, null, null, 1, false, [], false, 0, [], null, 0, 1744310755.5759337, 0, {}]
[{"0": [1, 33, 2, 1, 2, 1, 1, 3, 0, 0, 1, 2, 1, 0, 1]}, null, null, 2, false, [], false, 0, [], null, 0, 1744310755.77742, 0, {}]
[{"0": [2, 44, 35, 36, 32, 36, 25, 0, 2, 3, 6, 6, 0, 1, 1]}, null, null, 2, false, [], false, 0, [], null, 0, 1744310755.982941, 0, {}]
[{"0": [31, 43, 44, 0, 5, 1, 0, 1, 3, 2, 0, 5, 4, 4, 4]}, null, null, 3, false, [], false, 0, [], null, 0, 1744310756.1808789, 0, {}]
[{"0": [1, 29, 33, 37, 27, 1, 1, 2, 3, 3, 0, 1, 2, 1, 0]}, null, null, 4, false, [], false, 0, [], null, 0, 1744310756.3786342, 0, {}]
[{"0": [6, 2, 1, 3, 2, 0, 1, 2, 2, 0, 2, 1, 32, 38, 33]}, null, null, 4, false, [], false, 0, [], null, 0, 1744310756.581127, 0, {}]
[{"0": [0, 34, 2, 3, 0, 1, 1, 1, 0, 2, 3, 1, 1, 1, 1]}, null, null, 5, false, [], false, 0, [], null, 0, 1744310756.7810283, 0, {}]
[{"0": [4, 36, 1, 1, 3, 3, 0, 2, 0, 2, 5, 1, 0, 1, 0]}, null, null, 5, false, [], false, 0, [], null, 0, 1744310756.962916, 0, {}]
[{"0": [2, 23, 30, 29, 37, 37, 32, 35, 38, 1, 1, 0, 1, 0, 3]}, null, null, 6, false, [], false, 0, [], null, 0, 1744310757.1643414, 0, {}]
[{"0": [3, 3, 2, 0, 0, 4, 2, 4, 34, 1, 3, 3, 3, 0, 1]}, null, null, 7, false, [], false, 0, [], null, 0, 1744310757.380753, 0, {}]
[{"0": [3, 24, 32, 1, 0, 3, 1, 1, 6, 2, 2, 3, 2, 1, 2]}, null, null, 7, false, [], false, 0, [], null, 0, 1744310757.5663114, 0, {}]
[{"0": [3, 32, 28, 5, 1, 0, 3, 5, 4, 1, 2, 1, 2, 0, 1]}, null, null, 8, false, [], false, 0, [], null, 0, 1744310757.771227, 0, {}]
[{"0": [2, 26, 29, 26, 28, 35, 2, 0, 4, 1, 0, 3, 1, 3, 2]}, null, null, 8, false, [], false, 0, [], null, 0, 1744310757.9794478, 0, {}]
[{"0": [1, 30, 32, 48, 27, 32, 34, 1, 2, 3, 3, 0, 1, 0, 2]}, null, null, 9, false, [], false, 0, [], null, 0, 1744310758.1818857, 0, {}]
[{"0": [1, 25, 4, 2, 5, 1, 3, 1, 2, 2, 0, 0, 1, 2, 3]}, null, null, 10, false, [], false, 0, [], null, 0, 1744310758.3803494, 0, {}]
[{"0": [4, 0, 5, 0, 5, 0, 1, 2, 3, 3, 0, 24, 3, 1, 2]}, null, null, 10, false, [], false, 0, [], null, 0, 1744310758.5772731, 0, {}]
[{"0": [0, 30, 36, 34, 27, 1, 1, 1, 1, 1, 3, 3, 1, 3, 2]}, null, null, 11, false, [], false, 0, [], null, 0, 1744310758.7788262, 0, {}]
[{"0": [0, 39, 29, 35, 32, 35, 3, 3, 0, 2, 1, 1, 1, 4, 2]}, null, null, 11, false, [], false, 0, [], null, 0, 1744310758.9738567, 0, {}]
[{"0": [1, 32, 2, 0, 5, 2, 2, 2, 0, 2, 1, 1, 2, 1, 1]}, null, null, 12, false, [], false, 0, [], null, 0, 1744310759.168825, 0, {}]
[{"0": [2, 37, 25, 44, 24, 28, 40, 38, 40, 44, 1, 3, 2, 1, 1]}, null, null, 13, false, [], false, 0, [], null, 0, 1744310759.381633, 0, {}]
[{"0": [0, 25, 28, 39, 37, 3, 0, 0, 2, 2, 1, 5, 1, 1, 2]}, null, null, 13, false, [], false, 0, [], null, 0, 1744310759.5635123, 0, {}]
[{"0": [2, 29, 32, 31, 39, 23, 29, 36, 40, 32, 4, 4, 3, 2, 3]}, null, null, 14, false, [], false, 0, [], null, 0, 1744310759.773784, 0, {}]
[{"0": [2, 0, 3, 5, 1, 1, 0, 4, 3, 2, 2, 1, 38, 31, 37]}, null, null, 14, false, [], false, 0, [], null, 0, 1744310759.9661822, 0, {}]
[{"0": [0, 28, 36, 1, 1, 0, 2, 0, 1, 2, 3, 0, 0, 3, 2]}, null, null, 15, false, [], false, 0, [], null, 0, 1744310760.1714127, 0, {}]
[{"0": [3, 40, 29, 37, 36, 37, 2, 2, 2, 1, 4, 2, 1, 2, 2]}, null, null, 16, false, [], false, 0, [], null, 0, 1744310760.3654232, 0, {}]
[{"0": [0, 3, 1, 0, 0, 2, 31, 30, 3, 2, 1, 0, 3, 0, 1]}, null, null, 16, false, [], false, 0, [], null, 0, 1744310760.5697641, 0, {}]
[{"0": [1, 40, 28, 3, 0, 1, 2, 3, 4, 0, 2, 4, 0, 3, 3]}, null, null, 17, false, [], false, 0, [], null, 0, 1744310760.7711277, 0, {}]
[{"0": [1, 2, 31, 4, 1, 1, 1, 0, 1, 6, 2, 3, 2, 2, 1]}, null, null, 17, false, [], false, 0, [], null, 0, 1744310760.977043, 0, {}]
[{"0": [4, 31, 32, 29, 33, 1, 4, 2, 1, 2, 2, 1, 3, 2, 1]}, null, null, 18, false, [], false, 0, [], null, 0, 1744310761.1681485, 0, {}]
[{"0": [0, 36, 29, 0, 1, 1, 1, 4, 2, 2, 5, 2, 0, 0, 2]}, null, null, 19, false, [], false, 0, [], null, 0, 1744310761.3723156, 0, {}]
[{"0": [2, 40, 32, 36, 29, 32, 1, 2, 1, 1, 0, 1, 0, 4, 2]}, null, null, 19, false, [], false, 0, [], null, 0, 1744310761.5651877, 0, {}]
[{"0": [0, 24, 43, 36, 37, 0, 3, 3, 2, 2, 1, 3, 4, 1, 4]}, null, null, 20, false, [], false, 0, [], null, 0, 1744310761.7722409, 0, {}]
[{"0": [1, 29, 29, 37, 33, 4, 0, 2, 1, 2, 2, 4, 1, 1, 1]}, null, null, 20, false, [], false, 0, [], null, 0, 1744310761.9603908, 0, {}]
[{"0": [1, 22, 40, 41, 27, 36, 38, 35, 44, 30, 2, 1, 0, 2, 1]}, null, null, 21, false, [], false, 0, [], null, 0, 1744310762.1729453, 0, {}]
[{"0": [3, 35, 28, 38, 3, 2, 5, 1, 2, 2, 1, 2, 3, 4, 1]}, null, null, 22, false, [], false, 0, [], null, 0, 1744310762.376899, 0, {}]
[{"0": [1, 0, 0, 0, 1, 3, 4, 2, 3, 2, 2, 3, 42, 33, 26]}, null, null, 22, false, [], false, 0, [], null, 0, 1744310762.5700908, 0, {}]
[{"0": [0, 27, 1, 1, 1, 1, 1, 1, 3, 0, 2, 0, 2, 1, 3]}, null, null, 23, false, [], false, 0, [], null, 0, 1744310762.781622, 0, {}]
[{"0": [2, 37, 3, 2, 2, 1, 0, 2, 1, 1, 1, 0, 2, 2, 2]}, null, null, 23, false, [], false, 0, [], null, 0, 1744310762.9737122, 0, {}]
[{"0": [1, 35, 37, 2, 3, 2, 2, 1, 2, 3, 3, 0, 2, 0, 1]}, null, null, 24, false, [], false, 0, [], null, 0, 1744310763.174194, 0, {}]
[{"0": [1, 29, 27, 34, 36, 46, 1, 2, 3, 1, 0, 1, 2, 4, 1]}, null, null, 25, false, [], false, 0, [], null, 0, 1744310763.3695393, 0, {}]
[{"0": [4, 27, 34, 35, 38, 33, 29, 32, 1, 4, 1, 2, 0, 3, 2]}, null, null, 25, false, [], false, 0, [], null, 0, 1744310763.5822015, 0, {}]
[{"0": [3, 40, 31, 33, 41, 0, 3, 1, 1, 1, 1, 1, 1, 3, 1]}, null, null, 26, false, [], false, 0, [], null, 0, 1744310763.7830963, 0, {}]
[{"0": [2, 41, 30, 37, 19, 42, 43, 37, 41, 37, 30, 33, 17, 36, 1]}, null, null, 27, false, [], false, 0, [], null, 0, 1744310763.9620566, 0, {}]
[{"0": [1, 2, 32, 0, 0, 3, 3, 2, 0, 0, 3, 3, 5, 0, 2]}, null, null, 27, false, [], false, 0, [], null, 0, 1744310764.1734638, 0, {}]
[{"0": [0, 33, 36, 33, 3, 2, 2, 0, 3, 1, 0, 2, 2, 4, 1]}, null, null, 28, false, [], false, 0, [], null, 0, 1744310764.3709016, 0, {}]
[{"0": [1, 29, 31, 32, 30, 30, 34, 36, 28, 28, 35, 38, 39, 35, 35]}, null, null, 28, false, [], false, 0, [], null, 0, 1744310764.5616288, 0, {}]
[{"0": [0, 32, 41, 27, 2, 2, 0, 1, 0, 2, 2, 0, 1, 2, 2]}, null, null, 29, false, [], false, 0, [], null, 0, 1744310764.7695572, 0, {}]
[{"0": [1, 27, 0, 2, 3, 3, 3, 3, 0, 2, 2, 3, 3, 1, 1]}, null, null, 30, false, [], false, 0, [], null, 0, 1744310764.9797916, 0, {}]
[{"0": [4, 31, 0, 1, 2, 4, 2, 2, 3, 0, 0, 3, 2, 2, 3]}, null, null, 30, false, [], false, 0, [], null, 0, 1744310765.1738496, 0, {}]
[{"0": [0, 1, 2, 3, 5, 0, 1, 1, 0, 5, 2, 39, 45, 40, 34]}, null, null, 31, false, [], false, 0, [], null, 0, 1744310765.384351, 0, {}]
[{"0": [1, 31, 37, 0, 1, 2, 4, 1, 1, 2, 3, 1, 0, 1, 2]}, null, null, 31, false, [], false, 0, [], null, 0, 1744310765.5752013, 0, {}]
[{"0": [2, 32, 33, 31, 34, 41, 28, 33, 27, 37, 1, 1, 7, 0, 3]}, null, null, 32, false, [], false, 0, [], null, 0, 1744310765.7667742, 0, {}]
[{"0": [3, 38, 41, 25, 30, 35, 42, 0, 0, 1, 2, 3, 0, 1, 4]}, null, null, 33, false, [], false, 0, [], null, 0, 1744310765.9711368, 0, {}]
[{"0": [2, 38, 31, 28, 34, 33, 33, 22, 2, 1, 1, 0, 3, 5, 0]}, null, null, 33, false, [], false, 0, [], null, 0, 1744310766.164617, 0, {}]
[{"0": [3, 31, 3, 2, 2, 2, 2, 0, 4, 1, 1, 3, 1, 1, 1]}, null, null, 34, false, [], false, 0, [], null, 0, 1744310766.3673894, 0, {}]
[{"0": [1, 28, 25, 1, 0, 1, 0, 3, 3, 1, 0, 2, 1, 1, 1]}, null, null, 34, false, [], false, 0, [], null, 0, 1744310766.56604, 0, {}]
[{"0": [1, 31, 35, 2, 3, 3, 5, 2, 2, 2, 1, 4, 1, 5, 2]}, null, null, 35, false, [], false, 0, [], null, 0, 1744310766.7816222, 0, {}]
[{"0": [3, 26, 3, 2, 3, 2, 1, 4, 0, 3, 2, 1, 1, 6, 2]}, null, null, 36, false, [], false, 0, [], null, 0, 1744310766.9781501, 0, {}]
[{"0": [3, 33, 34, 0, 3, 4, 0, 2, 2, 4, 3, 3, 0, 1, 1]}, null, null, 36, false, [], false, 0, [], null, 0, 1744310767.1718066, 0, {}]
[{"0": [3, 32, 43, 33, 34, 3, 2, 4, 4, 1, 2, 0, 2, 0, 2]}, null, null, 37, false, [], false, 0, [], null, 0, 1744310767.3680549, 0, {}]
[{"0": [1, 34, 43, 31, 30, 35, 37, 41, 31, 1, 1, 3, 6, 0, 2]}, null, null, 37, false, [], false, 0, [], null, 0, 1744310767.574002, 0, {}]
[{"0": [2, 33, 27, 40, 28, 4, 3, 1, 4, 2, 4, 4, 0, 0, 1]}, null, null, 38, false, [], false, 0, [], null, 0, 1744310767.7671561, 0, {}]
[{"0": [2, 26, 39, 41, 28, 2, 2, 1, 2, 2, 3, 4, 3, 4, 1]}, null, null, 39, false, [], false, 0, [], null, 0, 1744310767.977209, 0, {}]
[{"0": [36, 33, 26, 5, 2, 1, 0, 2, 0, 3, 1, 0, 1, 0, 3]}, null, null, 39, false, [], false, 0, [], null, 0, 1744310768.1689997, 0, {}]
[{"0": [3, 30, 22, 27, 28, 31, 34, 32, 43, 29, 41, 39, 32, 40, 3]}, null, null, 40, false, [], false, 0, [], null, 0, 1744310768.3701944, 0, {}]
[{"0": [1, 1, 39, 46, 30, 34, 21, 20, 27, 5, 1, 1, 3, 0, 0]}, null, null, 40, false, [], false, 0, [], null, 0, 1744310768.5819917, 0, {}]
[{"0": [0, 40, 32, 33, 2, 4, 1, 1, 2, 1, 1, 3, 1, 2, 1]}, null, null, 41, false, [], false, 0, [], null, 0, 1744310768.7757242, 0, {}]
[{"0": [2, 4, 2, 1, 0, 1, 2, 1, 1, 0, 1, 0, 2, 2, 4]}, null, null, 42, false, [], false, 0, [], null, 0, 1744310768.969038, 0, {}]
[{"0": [0, 28, 4, 0, 2, 0, 5, 2, 1, 1, 1, 1, 1, 0, 2]}, null, null, 42, false, [], false, 0, [], null, 0, 1744310769.178863, 0, {}]
[{"0": [2, 25, 36, 2, 0, 0, 2, 0, 5, 1, 2, 3, 1, 1, 0]}, null, null, 43, false, [], false, 0, [], null, 0, 1744310769.368753, 0, {}]
[{"0": [1, 33, 46, 1, 0, 2, 1, 2, 2, 5, 6, 1, 1, 2, 2]}, null, null, 43, false, [], false, 0, [], null, 0, 1744310769.5773776, 0, {}]
[{"0": [5, 36, 2, 2, 5, 0, 3, 2, 2, 1, 2, 4, 0, 1, 4]}, null, null, 44, false, [], false, 0, [], null, 0, 1744310769.777832, 0, {}]
[{"0": [1, 2, 0, 4, 3, 0, 2, 2, 24, 3, 1, 1, 3, 1, 2]}, null, null, 45, false, [], false, 0, [], null, 0, 1744310769.9796443, 0, {}]
[{"0": [1, 31, 30, 1, 3, 1, 0, 1, 2, 5, 0, 0, 2, 2, 0]}, null, null, 45, false, [], false, 0, [], null, 0, 1744310770.1720803, 0, {}]
[{"0": [2, 32, 23, 28, 34, 27, 24, 29, 31, 1, 2, 1, 1, 1, 1]}, null, null, 46, false, [], false, 0, [], null, 0, 1744310770.3740163, 0, {}]
[{"0": [0, 39, 1, 2, 3, 3, 2, 1, 2, 2, 1, 2, 2, 3, 2]}, null, null, 46, false, [], false, 0, [], null, 0, 1744310770.5618346, 0, {}]
[{"0": [2, 25, 27, 34, 28, 37, 32, 31, 31, 31, 30, 28, 39, 31, 28]}, null, null, 47, false, [], false, 0, [], null, 0, 1744310770.7752678, 0, {}]
[{"0": [1, 36, 35, 2, 3, 0, 3, 2, 2, 2, 0, 1, 1, 0, 5]}, null, null, 48, false, [], false, 0, [], null, 0, 1744310770.9627447, 0, {}]
[{"0": [0, 31, 0, 3, 1, 4, 5, 2, 1, 3, 0, 2, 1, 2, 2]}, null, null, 48, false, [], false, 0, [], null, 0, 1744310771.1668515, 0, {}]
[{"0": [4, 24, 2, 2, 0, 1, 1, 1, 1, 4, 5, 2, 1, 0, 3]}, null, null, 49, false, [], false, 0, [], null, 0, 1744310771.373606, 0, {}]
[{"0": [1, 42, 43, 32, 2, 1, 1, 2, 0, 4, 0, 3, 0, 2, 0]}, null, null, 49, false, [], false, 0, [], null, 0, 1744310771.5778296, 0, {}]
[{"0": [2, 27, 31, 35, 3, 4, 3, 1, 1, 5, 2, 4, 2, 2, 1]}, null, null, 50, false, [], false, 0, [], null, 0, 1744310771.7732658, 0, {}]
[{"0": [0, 18, 25, 27, 24, 34, 33, 38, 30, 25, 28, 21, 36, 36, 40]}, null, null, 51, false, [], false, 0, [], null, 0, 1744310771.958782, 0, {}]
[{"0": [0, 30, 22, 48, 27, 24, 25, 30, 28, 0, 3, 4, 2, 1, 2]}, null, null, 51, false, [], false, 0, [], null, 0, 1744310772.1671112, 0, {}]
[{"0": [26, 31, 34, 37, 27, 31, 34, 0, 0, 1, 1, 3, 2, 1, 0]}, null, null, 52, false, [], false, 0, [], null, 0, 1744310772.373678, 0, {}]
[{"0": [3, 31, 28, 33, 28, 0, 1, 1, 2, 2, 4, 1, 1, 2, 1]}, null, null, 52, false, [], false, 0, [], null, 0, 1744310772.5672133, 0, {}]
[{"0": [2, 32, 24, 38, 35, 30, 36, 1, 3, 1, 3, 3, 3, 2, 4]}, null, null, 53, false, [], false, 0, [], null, 0, 1744310772.7810388, 0, {}]
[{"0": [2, 42, 24, 1, 2, 1, 2, 2, 4, 1, 2, 4, 0, 2, 1]}, null, null, 54, false, [], false, 0, [], null, 0, 1744310772.9607177, 0, {}]
[{"0": [1, 42, 5, 4, 0, 0, 2, 2, 2, 0, 1, 2, 3, 1, 4]}, null, null, 54, false, [], false, 0, [], null, 0, 1744310773.1707244, 0, {}]
[{"0": [3, 24, 35, 38, 33, 37, 1, 1, 1, 4, 1, 1, 3, 0, 4]}, null, null, 55, false, [], false, 0, [], null, 0, 1744310773.3814359, 0, {}]
[{"0": [3, 30, 30, 28, 38, 3, 2, 1, 0, 2, 4, 0, 0, 3, 2]}, null, null, 55, false, [], false, 0, [], null, 0, 1744310773.5726318, 0, {}]
[{"0": [4, 42, 40, 3, 0, 3, 1, 2, 5, 2, 2, 0, 0, 0, 1]}, null, null, 56, false, [], false, 0, [], null, 0, 1744310773.7664037, 0, {}]
[{"0": [2, 30, 32, 31, 36, 26, 32, 42, 43, 38, 32, 30, 1, 5, 2]}, null, null, 57, false, [], false, 0, [], null, 0, 1744310773.9692488, 0, {}]
[{"0": [3, 0, 2, 1, 2, 4, 35, 47, 31, 30, 35, 1, 0, 1, 3]}, null, null, 57, false, [], false, 0, [], null, 0, 1744310774.1800363, 0, {}]
[{"0": [3, 38, 27, 1, 2, 2, 2, 2, 2, 1, 4, 3, 1, 5, 2]}, null, null, 58, false, [], false, 0, [], null, 0, 1744310774.3770337, 0, {}]
[{"0": [1, 34, 2, 2, 2, 2, 1, 0, 2, 1, 2, 5, 2, 4, 4]}, null, null, 58, false, [], false, 0, [], null, 0, 1744310774.5719006, 0, {}]
[{"0": [3, 45, 34, 2, 1, 0, 3, 3, 4, 2, 4, 1, 1, 2, 3]}, null, null, 59, false, [], false, 0, [], null, 0, 1744310774.7750418, 0, {}]
[{"0": [0, 39, 36, 41, 35, 42, 2, 2, 1, 3, 0, 3, 0, 0, 1]}, null, null, 60, false, [], false, 0, [], null, 0, 1744310774.9656022, 0, {}]
[{"0": [1, 29, 34, 1, 1, 2, 0, 2, 2, 0, 0, 1, 0, 2, 3]}, null, null, 60, false, [], false, 0, [], null, 0, 1744310775.1782992, 0, {}]
[{"0": [1, 38, 1, 3, 1, 3, 2, 2, 3, 2, 1, 3, 1, 1, 0]}, null, null, 61, false, [], false, 0, [], null, 0, 1744310775.3768039, 0, {}]
[{"0": [0, 26, 40, 33, 41, 21, 31, 40, 28, 44, 1, 1, 1, 0, 3]}, null, null, 61, false, [], false, 0, [], null, 0, 1744310775.5784411, 0, {}]
[{"0": [1, 33, 23, 1, 3, 0, 3, 3, 0, 2, 1, 2, 2, 1, 2]}, null, null, 62, false, [], false, 0, [], null, 0, 1744310775.7757673, 0, {}]
[{"0": [1, 35, 32, 3, 1, 3, 1, 3, 1, 1, 4, 2, 1, 2, 7]}, null, null, 63, false, [], false, 0, [], null, 0, 1744310775.9648125, 0, {}]
[{"0": [1, 28, 32, 25, 29, 37, 30, 0, 3, 4, 3, 1, 0, 1, 2]}, null, null, 63, false, [], false, 0, [], null, 0, 1744310776.1680117, 0, {}]
[{"0": [8, 26, 23, 28, 36, 36, 30, 28, 3, 4, 3, 1, 3, 2, 1]}, null, null, 64, false, [], false, 0, [], null, 0, 1744310776.3739967, 0, {}]
[{"0": [0, 37, 1, 2, 1, 0, 1, 1, 2, 1, 0, 0, 2, 3, 3]}, null, null, 64, false, [], false, 0, [], null, 0, 1744310776.571993, 0, {}]
[{"0": [1, 29, 27, 31, 27, 37, 29, 31, 29, 2, 1, 4, 1, 1, 2]}, null, null, 65, false, [], false, 0, [], null, 0, 1744310776.767684, 0, {}]
[{"0": [2, 33, 32, 2, 0, 1, 7, 1, 2, 1, 2, 0, 4, 2, 2]}, null, null, 66, false, [], false, 0, [], null, 0, 1744310776.978933, 0, {}]
[{"0": [2, 33, 35, 29, 29, 4, 1, 5, 1, 1, 3, 2, 3, 7, 3]}, null, null, 66, false, [], false, 0, [], null, 0, 1744310777.1727793, 0, {}]
[{"0": [1, 21, 35, 30, 29, 3, 1, 1, 4, 3, 4, 3, 2, 3, 2]}, null, null, 67, false, [], false, 0, [], null, 0, 1744310777.3647256, 0, {}]
[{"0": [2, 42, 3, 1, 0, 3, 1, 3, 1, 3, 1, 2, 3, 0, 2]}, null, null, 67, false, [], false, 0, [], null, 0, 1744310777.5814524, 0, {}]
[{"0": [0, 33, 37, 45, 33, 2, 3, 1, 1, 1, 1, 3, 3, 1, 4]}, null, null, 68, false, [], false, 0, [], null, 0, 1744310777.7588983, 0, {}]
[{"0": [2, 44, 1, 0, 0, 3, 0, 0, 1, 1, 1, 2, 3, 2, 1]}, null, null, 69, false, [], false, 0, [], null, 0, 1744310777.9657345, 0, {}]
[{"0": [1, 36, 2, 4, 1, 1, 2, 2, 3, 0, 4, 3, 0, 4, 2]}, null, null, 69, false, [], false, 0, [], null, 0, 1744310778.175221, 0, {}]
[{"0": [4, 36, 38, 38, 28, 1, 2, 0, 0, 1, 3, 3, 2, 2, 3]}, null, null, 70, false, [], false, 0, [], null, 0, 1744310778.3752515, 0, {}]
[{"0": [4, 42, 28, 2, 2, 1, 2, 4, 0, 0, 0, 1, 1, 1, 2]}, null, null, 70, false, [], false, 0, [], null, 0, 1744310778.5671659, 0, {}]
[{"0": [1, 33, 2, 3, 1, 3, 5, 4, 4, 3, 3, 1, 3, 2, 1]}, null, null, 71, false, [], false, 0, [], null, 0, 1744310778.7788143, 0, {}]
[{"0": [0, 41, 26, 47, 45, 35, 35, 34, 47, 31, 31, 2, 1, 2, 4]}, null, null, 72, false, [], false, 0, [], null, 0, 1744310778.9740927, 0, {}]
[{"0": [2, 29, 32, 40, 33, 34, 37, 40, 39, 34, 30, 41, 44, 1, 5]}, null, null, 72, false, [], false, 0, [], null, 0, 1744310779.1618264, 0, {}]
[{"0": [0, 34, 35, 27, 31, 2, 1, 0, 1, 2, 0, 4, 4, 3, 0]}, null, null, 73, false, [], false, 0, [], null, 0, 1744310779.370856, 0, {}]
[{"0": [0, 43, 37, 29, 45, 1, 2, 3, 1, 3, 1, 1, 1, 0, 2]}, null, null, 73, false, [], false, 0, [], null, 0, 1744310779.5635204, 0, {}]
[{"0": [3, 37, 1, 4, 2, 3, 3, 2, 1, 1, 0, 1, 2, 2, 1]}, null, null, 74, false, [], false, 0, [], null, 0, 1744310779.779039, 0, {}]
[{"0": [2, 36, 35, 34, 2, 2, 4, 2, 2, 2, 4, 2, 2, 1, 2]}, null, null, 75, false, [], false, 0, [], null, 0, 1744310779.9698534, 0, {}]
[{"0": [1, 38, 40, 38, 46, 1, 1, 3, 1, 3, 1, 2, 2, 0, 2]}, null, null, 75, false, [], false, 0, [], null, 0, 1744310780.1745822, 0, {}]
[{"0": [0, 46, 30, 29, 0, 2, 4, 0, 1, 0, 2, 1, 6, 3, 1]}, null, null, 76, false, [], false, 0, [], null, 0, 1744310780.3778195, 0, {}]
[{"0": [3, 31, 5, 2, 0, 0, 1, 1, 1, 2, 1, 1, 1, 2, 1]}, null, null, 77, false, [], false, 0, [], null, 0, 1744310780.5632088, 0, {}]
[{"0": [1, 41, 34, 33, 3, 3, 3, 2, 1, 2, 3, 0, 1, 8, 2]}, null, null, 77, false, [], false, 0, [], null, 0, 1744310780.7730691, 0, {}]
[{"0": [2, 0, 2, 2, 0, 3, 38, 38, 31, 31, 37, 2, 1, 2, 3]}, null, null, 78, false, [], false, 0, [], null, 0, 1744310780.9785218, 0, {}]
[{"0": [1, 36, 32, 44, 36, 31, 39, 3, 4, 0, 3, 4, 1, 1, 2]}, null, null, 78, false, [], false, 0, [], null, 0, 1744310781.1670518, 0, {}]
[{"0": [3, 2, 1, 1, 2, 3, 3, 3, 26, 26, 42, 42, 35, 30, 1]}, null, null, 79, false, [], false, 0, [], null, 0, 1744310781.381011, 0, {}]
[{"0": [4, 36, 28, 33, 30, 1, 1, 1, 1, 2, 1, 1, 1, 1, 2]}, null, null, 80, false, [], false, 0, [], null, 0, 1744310781.574757, 0, {}]
[{"0": [0, 37, 25, 31, 3, 1, 4, 1, 2, 1, 5, 0, 1, 0, 0]}, null, null, 80, false, [], false, 0, [], null, 0, 1744310781.7695022, 0, {}]
[{"0": [0, 29, 33, 30, 36, 36, 0, 2, 0, 4, 4, 0, 4, 1, 1]}, null, null, 81, false, [], false, 0, [], null, 0, 1744310781.977855, 0, {}]
[{"0": [3, 31, 26, 46, 34, 35, 33, 35, 30, 33, 42, 34, 24, 40, 31]}, null, null, 81, false, [], false, 0, [], null, 0, 1744310782.168537, 0, {}]
[{"0": [0, 33, 31, 31, 25, 32, 45, 29, 32, 27, 1, 4, 4, 1, 2]}, null, null, 82, false, [], false, 0, [], null, 0, 1744310782.3782825, 0, {}]
[{"0": [1, 38, 37, 30, 28, 29, 3, 0, 3, 1, 2, 1, 1, 3, 0]}, null, null, 83, false, [], false, 0, [], null, 0, 1744310782.5733788, 0, {}]
[{"0": [2, 32, 38, 32, 27, 40, 27, 39, 33, 41, 29, 32, 1, 0, 1]}, null, null, 83, false, [], false, 0, [], null, 0, 1744310782.7693267, 0, {}]
[{"0": [4, 32, 28, 36, 31, 27, 33, 39, 4, 2, 1, 1, 3, 0, 4]}, null, null, 84, false, [], false, 0, [], null, 0, 1744310782.9592245, 0, {}]
[{"0": [1, 46, 29, 3, 2, 0, 3, 1, 0, 1, 1, 1, 1, 1, 0]}, null, null, 84, false, [], false, 0, [], null, 0, 1744310783.1646414, 0, {}]
[{"0": [4, 3, 3, 38, 4, 2, 3, 3, 1, 1, 1, 2, 1, 4, 2]}, null, null, 85, false, [], false, 0, [], null, 0, 1744310783.3781853, 0, {}]
[{"0": [0, 32, 41, 2, 3, 3, 1, 4, 3, 5, 5, 1, 2, 3, 1]}, null, null, 86, false, [], false, 0, [], null, 0, 1744310783.572209, 0, {}]
[{"0": [2, 34, 1, 4, 3, 1, 1, 1, 0, 5, 0, 1, 2, 2, 0]}, null, null, 86, false, [], false, 0, [], null, 0, 1744310783.7717059, 0, {}]
[{"0": [3, 4, 5, 3, 2, 3, 2, 3, 1, 0, 1, 2, 2, 2, 0]}, null, null, 87, false, [], false, 0, [], null, 0, 1744310783.9818099, 0, {}]
[{"0": [2, 37, 4, 2, 1, 2, 0, 0, 4, 1, 1, 1, 3, 2, 5]}, null, null, 87, false, [], false, 0, [], null, 0, 1744310784.1741512, 0, {}]
[{"0": [0, 30, 37, 1, 2, 1, 2, 2, 2, 0, 3, 2, 1, 0, 0]}, null, null, 88, false, [], false, 0, [], null, 0, 1744310784.368313, 0, {}]
[{"0": [1, 29, 29, 2, 1, 2, 3, 2, 1, 1, 5, 3, 2, 4, 1]}, null, null, 89, false, [], false, 0, [], null, 0, 1744310784.5804548, 0, {}]
[{"0": [2, 1, 43, 29, 39, 4, 0, 1, 2, 3, 2, 1, 6, 3, 0]}, null, null, 89, false, [], false, 0, [], null, 0, 1744310784.774186, 0, {}]
[{"0": [7, 40, 39, 33, 38, 1, 2, 1, 1, 0, 2, 2, 2, 2, 2]}, null, null, 90, false, [], false, 0, [], null, 0, 1744310784.9792256, 0, {}]
[{"0": [1, 24, 27, 2, 1, 2, 0, 1, 2, 3, 0, 1, 4, 1, 1]}, null, null, 90, false, [], false, 0, [], null, 0, 1744310785.1702654, 0, {}]
[{"0": [2, 31, 39, 32, 30, 43, 1, 2, 2, 1, 1, 3, 2, 1, 0]}, null, null, 91, false, [], false, 0, [], null, 0, 1744310785.3753405, 0, {}]
[{"0": [2, 35, 24, 1, 2, 1, 1, 4, 3, 1, 2, 2, 2, 0, 5]}, null, null, 92, false, [], false, 0, [], null, 0, 1744310785.5687447, 0, {}]
[{"0": [2, 36, 37, 4, 3, 3, 3, 1, 1, 1, 1, 2, 0, 3, 2]}, null, null, 92, false, [], false, 0, [], null, 0, 1744310785.7681675, 0, {}]
[{"0": [1, 36, 22, 38, 4, 5, 2, 5, 4, 0, 3, 1, 1, 1, 4]}, null, null, 93, false, [], false, 0, [], null, 0, 1744310785.9817693, 0, {}]
[{"0": [2, 27, 0, 1, 1, 3, 2, 3, 5, 3, 2, 2, 4, 2, 2]}, null, null, 93, false, [], false, 0, [], null, 0, 1744310786.1794667, 0, {}]
[{"0": [0, 31, 23, 38, 32, 34, 36, 4, 1, 5, 0, 1, 2, 1, 0]}, null, null, 94, false, [], false, 0, [], null, 0, 1744310786.3807557, 0, {}]
[{"0": [0, 27, 6, 5, 2, 1, 2, 4, 2, 3, 4, 16, 2, 2, 2]}, null, null, 95, false, [], false, 0, [], null, 0, 1744310786.5731566, 0, {}]
[{"0": [2, 31, 1, 0, 2, 2, 1, 2, 4, 3, 0, 1, 3, 1, 1]}, null, null, 95, false, [], false, 0, [], null, 0, 1744310786.758473, 0, {}]
[{"0": [0, 30, 32, 25, 41, 2, 2, 3, 1, 1, 3, 2, 0, 2, 3]}, null, null, 96, false, [], false, 0, [], null, 0, 1744310786.9809103, 0, {}]
[{"0": [6, 23, 37, 35, 34, 1, 3, 0, 3, 1, 3, 1, 4, 0, 1]}, null, null, 96, false, [], false, 0, [], null, 0, 1744310787.180658, 0, {}]
[{"0": [2, 33, 38, 42, 25, 36, 52, 24, 33, 40, 32, 36, 39, 35, 27]}, null, null, 97, false, [], false, 0, [], null, 0, 1744310787.3742518, 0, {}]
[{"0": [1, 0, 3, 3, 0, 1, 34, 31, 39, 36, 28, 1, 1, 2, 2]}, null, null, 98, false, [], false, 0, [], null, 0, 1744310787.5666041, 0, {}]
[{"0": [1, 32, 41, 2, 4, 0, 2, 3, 4, 1, 5, 3, 1, 0, 1]}, null, null, 98, false, [], false, 0, [], null, 0, 1744310787.7746384, 0, {}]
[{"0": [1, 33, 29, 34, 32, 42, 42, 31, 24, 34, 33, 43, 28, 2, 2]}, null, null, 99, false, [], false, 0, [], null, 0, 1744310787.964011, 0, {}]
[{"0": [0, 32, 31, 1, 2, 2, 2, 1, 4, 0, 1, 3, 1, 3, 2]}, null, null, 99, false, [], false, 0, [], null, 0, 1744310788.1721294, 0, {}]
[{"0": [0, 28, 0, 4, 1, 0, 3, 2, 1, 0, 1, 3, 1, 3, 2]}, null, null, 100, false, [], false, 0, [], null, 0, 1744310788.366219, 0, {}]
[{"0": [36, 3, 1, 2, 1, 1, 0, 0, 1, 5, 1, 2, 3, 0, 2]}, null, null, 101, false, [], false, 0, [], null, 0, 1744310788.5815983, 0, {}]
[{"0": [5, 21, 44, 3, 2, 2, 2, 1, 0, 3, 1, 2, 2, 1, 1]}, null, null, 101, false, [], false, 0, [], null, 0, 1744310788.7793603, 0, {}]
[{"0": [2, 30, 29, 33, 30, 38, 42, 37, 45, 32, 30, 26, 32, 31, 37]}, null, null, 102, false, [], false, 0, [], null, 0, 1744310788.9738533, 0, {}]
[{"0": [1, 3, 4, 1, 33, 29, 32, 38, 35, 45, 2, 2, 0, 1, 3]}, null, null, 102, false, [], false, 0, [], null, 0, 1744310789.1734993, 0, {}]
[{"0": [0, 36, 4, 2, 1, 1, 3, 0, 0, 2, 1, 4, 4, 2, 1]}, null, null, 103, false, [], false, 0, [], null, 0, 1744310789.3686545, 0, {}]
[{"0": [0, 3, 1, 2, 0, 1, 3, 2, 5, 31, 40, 35, 30, 32, 1]}, null, null, 104, false, [], false, 0, [], null, 0, 1744310789.5798173, 0, {}]
[{"0": [4, 28, 41, 37, 27, 44, 36, 33, 0, 3, 1, 2, 1, 1, 2]}, null, null, 104, false, [], false, 0, [], null, 0, 1744310789.7824075, 0, {}]
[{"0": [1, 39, 36, 28, 37, 26, 3, 3, 0, 0, 1, 2, 2, 1, 3]}, null, null, 105, false, [], false, 0, [], null, 0, 1744310789.97912, 0, {}]
[{"0": [2, 46, 31, 30, 40, 49, 37, 34, 37, 31, 3, 0, 1, 3, 2]}, null, null, 105, false, [], false, 0, [], null, 0, 1744310790.1818757, 0, {}]
[{"0": [3, 32, 0, 1, 2, 1, 2, 1, 2, 1, 1, 3, 0, 2, 1]}, null, null, 106, false, [], false, 0, [], null, 0, 1744310790.3618379, 0, {}]
[{"0": [3, 40, 42, 37, 42, 2, 1, 3, 3, 1, 2, 0, 1, 2, 0]}, null, null, 107, false, [], false, 0, [], null, 0, 1744310790.5753167, 0, {}]
[{"0": [5, 29, 33, 36, 40, 38, 25, 1, 2, 1, 3, 1, 4, 1, 2]}, null, null, 107, false, [], false, 0, [], null, 0, 1744310790.7607226, 0, {}]
[{"0": [2, 34, 34, 32, 31, 32, 31, 48, 36, 28, 1, 1, 1, 1, 1]}, null, null, 108, false, [], false, 0, [], null, 0, 1744310790.9740558, 0, {}]
[{"0": [3, 26, 44, 25, 32, 1, 1, 3, 0, 5, 1, 2, 2, 6, 1]}, null, null, 108, false, [], false, 0, [], null, 0, 1744310791.1599464, 0, {}]
[{"0": [1, 26, 46, 29, 32, 32, 39, 35, 0, 4, 1, 1, 3, 0, 0]}, null, null, 109, false, [], false, 0, [], null, 0, 1744310791.371804, 0, {}]
[{"0": [3, 29, 33, 37, 38, 47, 38, 38, 34, 39, 39, 37, 29, 51, 27]}, null, null, 110, false, [], false, 0, [], null, 0, 1744310791.5640738, 0, {}]
[{"0": [2, 38, 44, 33, 36, 31, 31, 44, 39, 39, 26, 38, 23, 38, 2]}, null, null, 110, false, [], false, 0, [], null, 0, 1744310791.7779267, 0, {}]
[{"0": [2, 35, 35, 35, 35, 34, 29, 1, 1, 2, 3, 3, 3, 4, 3]}, null, null, 111, false, [], false, 0, [], null, 0, 1744310791.9688394, 0, {}]
[{"0": [5, 34, 30, 25, 1, 6, 4, 4, 2, 4, 0, 3, 3, 2, 0]}, null, null, 111, false, [], false, 0, [], null, 0, 1744310792.1805942, 0, {}]
[{"0": [5, 43, 29, 33, 35, 23, 2, 1, 1, 2, 0, 3, 4, 0, 1]}, null, null, 112, false, [], false, 0, [], null, 0, 1744310792.3788064, 0, {}]
[{"0": [1, 33, 38, 27, 31, 35, 27, 40, 27, 3, 1, 2, 4, 0, 3]}, null, null, 113, false, [], false, 0, [], null, 0, 1744310792.5807178, 0, {}]
[{"0": [2, 28, 32, 4, 1, 3, 0, 2, 3, 2, 4, 0, 3, 0, 1]}, null, null, 113, false, [], false, 0, [], null, 0, 1744310792.7733078, 0, {}]
[{"0": [0, 28, 31, 27, 0, 3, 3, 0, 1, 3, 0, 5, 0, 0, 5]}, null, null, 114, false, [], false, 0, [], null, 0, 1744310792.9610603, 0, {}]
[{"0": [1, 1, 1, 3, 3, 3, 2, 1, 4, 2, 0, 2, 0, 3, 3]}, null, null, 114, false, [], false, 0, [], null, 0, 1744310793.179807, 0, {}]
[{"0": [1, 32, 31, 36, 31, 38, 42, 42, 34, 27, 42, 31, 2, 1, 0]}, null, null, 115, false, [], false, 0, [], null, 0, 1744310793.3718698, 0, {}]
[{"0": [1, 22, 1, 2, 1, 5, 4, 2, 1, 0, 2, 2, 3, 4, 1]}, null, null, 116, false, [], false, 0, [], null, 0, 1744310793.5624433, 0, {}]
[{"0": [5, 30, 32, 29, 29, 37, 31, 26, 1, 2, 2, 0, 2, 3, 0]}, null, null, 116, false, [], false, 0, [], null, 0, 1744310793.7602854, 0, {}]
[{"0": [2, 4, 4, 40, 36, 0, 2, 3, 0, 4, 2, 1, 4, 0, 3]}, null, null, 117, false, [], false, 0, [], null, 0, 1744310793.9810061, 0, {}]
[{"0": [3, 30, 32, 2, 0, 2, 2, 4, 3, 1, 1, 2, 3, 1, 4]}, null, null, 117, false, [], false, 0, [], null, 0, 1744310794.1769953, 0, {}]
[{"0": [0, 26, 34, 3, 1, 1, 2, 1, 0, 2, 1, 1, 1, 6, 3]}, null, null, 118, false, [], false, 0, [], null, 0, 1744310794.376868, 0, {}]
[{"0": [2, 38, 33, 31, 37, 2, 2, 2, 0, 3, 1, 3, 1, 1, 4]}, null, null, 119, false, [], false, 0, [], null, 0, 1744310794.5720901, 0, {}]
[{"0": [3, 39, 33, 38, 46, 24, 39, 32, 1, 2, 1, 4, 2, 0, 1]}, null, null, 119, false, [], false, 0, [], null, 0, 1744310794.7783518, 0, {}]
[{"0": [0, 39, 2, 1, 3, 2, 1, 3, 2, 2, 0, 4, 3, 0, 1]}, null, null, 120, false, [], false, 0, [], null, 0, 1744310794.9764848, 0, {}]
[{"0": [33, 37, 2, 1, 2, 4, 3, 2, 3, 0, 2, 0, 0, 1, 4]}, null, null, 120, false, [], false, 0, [], null, 0, 1744310795.1586335, 0, {}]
[{"0": [0, 30, 3, 2, 1, 1, 1, 3, 2, 0, 3, 4, 3, 3, 1]}, null, null, 121, false, [], false, 0, [], null, 0, 1744310795.3708878, 0, {}]
[{"0": [2, 3, 2, 1, 1, 26, 2, 2, 0, 1, 1, 5, 0, 2, 0]}, null, null, 122, false, [], false, 0, [], null, 0, 1744310795.5615082, 0, {}]
[{"0": [7, 31, 0, 1, 0, 2, 6, 1, 3, 1, 1, 1, 2, 3, 0]}, null, null, 122, false, [], false, 0, [], null, 0, 1744310795.7839985, 0, {}]
[{"0": [2, 39, 26, 39, 30, 27, 34, 31, 35, 35, 23, 27, 1, 1, 1]}, null, null, 123, false, [], false, 0, [], null, 0, 1744310795.9775882, 0, {}]
[{"0": [1, 34, 32, 1, 1, 3, 2, 3, 2, 4, 1, 1, 2, 3, 1]}, null, null, 123, false, [], false, 0, [], null, 0, 1744310796.1713915, 0, {}]
[{"0": [1, 32, 1, 2, 2, 1, 1, 2, 2, 2, 0, 2, 0, 1, 2]}, null, null, 124, false, [], false, 0, [], null, 0, 1744310796.362296, 0, {}]
[{"0": [2, 30, 29, 0, 1, 2, 2, 2, 2, 1, 2, 0, 3, 0, 1]}, null, null, 125, false, [], false, 0, [], null, 0, 1744310796.5725324, 0, {}]
[{"0": [1, 34, 1, 0, 0, 1, 3, 0, 1, 0, 3, 2, 2, 1, 2]}, null, null, 125, false, [], false, 0, [], null, 0, 1744310796.7628253, 0, {}]
[{"0": [1, 38, 3, 0, 2, 1, 3, 1, 1, 5, 2, 1, 3, 2, 1]}, null, null, 126, false, [], false, 0, [], null, 0, 1744310796.9600675, 0, {}]
[{"0": [1, 33, 31, 33, 36, 39, 37, 26, 0, 1, 3, 1, 5, 2, 1]}, null, null, 127, false, [], false, 0, [], null, 0, 1744310797.158932, 0, {}]
[{"0": [2, 1, 1, 4, 1, 31, 1, 4, 4, 1, 1, 2, 1, 0, 4]}, null, null, 127, false, [], false, 0, [], null, 0, 1744310797.3741307, 0, {}]
[{"0": [3, 38, 32, 32, 38, 25, 22, 40, 30, 2, 5, 1, 0, 1, 1]}, null, null, 128, false, [], false, 0, [], null, 0, 1744310797.5618691, 0, {}]
[{"0": [2, 46, 40, 31, 33, 29, 26, 2, 0, 3, 3, 8, 3, 0, 0]}, null, null, 128, false, [], false, 0, [], null, 0, 1744310797.7822351, 0, {}]
[{"0": [1, 38, 25, 0, 3, 3, 2, 0, 2, 0, 1, 2, 2, 2, 4]}, null, null, 129, false, [], false, 0, [], null, 0, 1744310797.9654644, 0, {}]
[{"0": [0, 37, 39, 39, 36, 47, 33, 46, 36, 1, 1, 2, 2, 1, 1]}, null, null, 130, false, [], false, 0, [], null, 0, 1744310798.1597147, 0, {}]
[{"0": [1, 38, 28, 36, 42, 0, 5, 3, 3, 1, 3, 1, 2, 0, 1]}, null, null, 130, false, [], false, 0, [], null, 0, 1744310798.3663552, 0, {}]
[{"0": [3, 30, 1, 2, 5, 0, 1, 0, 0, 1, 3, 1, 3, 2, 0]}, null, null, 131, false, [], false, 0, [], null, 0, 1744310798.597301, 0, {}]
[{"0": [4, 2, 1, 4, 1, 2, 3, 2, 2, 3, 4, 3, 1, 1, 1]}, null, null, 131, false, [], false, 0, [], null, 0, 1744310798.7793796, 0, {}]
[{"0": [43, 33, 32, 35, 36, 1, 2, 0, 1, 4, 2, 1, 3, 0, 2]}, null, null, 132, false, [], false, 0, [], null, 0, 1744310798.9771652, 0, {}]
[{"0": [1, 34, 28, 37, 26, 31, 27, 38, 30, 33, 42, 40, 37, 0, 3]}, null, null, 133, false, [], false, 0, [], null, 0, 1744310799.1734262, 0, {}]
[{"0": [6, 37, 37, 2, 2, 3, 3, 2, 3, 1, 0, 1, 1, 5, 2]}, null, null, 133, false, [], false, 0, [], null, 0, 1744310799.3722332, 0, {}]
[{"0": [1, 37, 28, 27, 34, 45, 2, 3, 1, 1, 0, 1, 0, 0, 2]}, null, null, 134, false, [], false, 0, [], null, 0, 1744310799.5589893, 0, {}]
[{"0": [1, 4, 1, 2, 3, 28, 40, 41, 2, 3, 1, 4, 2, 2, 1]}, null, null, 134, false, [], false, 0, [], null, 0, 1744310799.775457, 0, {}]
[{"0": [2, 1, 0, 0, 22, 35, 37, 39, 36, 36, 39, 23, 23, 32, 41]}, null, null, 135, false, [], false, 0, [], null, 0, 1744310799.9812207, 0, {}]
[{"0": [2, 27, 25, 23, 34, 2, 1, 1, 3, 3, 3, 0, 4, 2, 1]}, null, null, 136, false, [], false, 0, [], null, 0, 1744310800.1722302, 0, {}]
[{"0": [3, 46, 37, 34, 36, 36, 38, 2, 3, 1, 1, 0, 2, 4, 2]}, null, null, 136, false, [], false, 0, [], null, 0, 1744310800.3612323, 0, {}]
[{"0": [4, 34, 39, 1, 3, 2, 0, 2, 3, 1, 0, 5, 1, 1, 3]}, null, null, 137, false, [], false, 0, [], null, 0, 1744310800.5750582, 0, {}]
[{"0": [4, 36, 26, 2, 3, 1, 0, 1, 5, 0, 2, 2, 2, 1, 2]}, null, null, 137, false, [], false, 0, [], null, 0, 1744310800.7778332, 0, {}]
[{"0": [3, 31, 31, 40, 24, 30, 47, 0, 2, 0, 1, 4, 2, 1, 4]}, null, null, 138, false, [], false, 0, [], null, 0, 1744310800.9625454, 0, {}]
[{"0": [3, 41, 0, 3, 2, 1, 1, 0, 2, 7, 0, 1, 2, 0, 3]}, null, null, 139, false, [], false, 0, [], null, 0, 1744310801.164343, 0, {}]
[{"0": [2, 37, 4, 0, 1, 3, 3, 0, 1, 0, 2, 1, 2, 1, 1]}, null, null, 139, false, [], false, 0, [], null, 0, 1744310801.3745203, 0, {}]
[{"0": [2, 49, 41, 26, 39, 41, 29, 39, 37, 2, 3, 1, 4, 1, 1]}, null, null, 140, false, [], false, 0, [], null, 0, 1744310801.5733187, 0, {}]
[{"0": [0, 40, 2, 2, 5, 2, 3, 2, 0, 3, 1, 1, 0, 2, 1]}, null, null, 140, false, [], false, 0, [], null, 0, 1744310801.7613468, 0, {}]
[{"0": [4, 31, 34, 26, 33, 33, 24, 27, 38, 33, 30, 28, 33, 41, 3]}, null, null, 141, false, [], false, 0, [], null, 0, 1744310801.9852395, 0, {}]
[{"0": [1, 35, 3, 1, 3, 3, 0, 0, 0, 1, 1, 0, 3, 2, 0]}, null, null, 142, false, [], false, 0, [], null, 0, 1744310802.1676838, 0, {}]
[{"0": [2, 34, 35, 2, 1, 0, 1, 4, 2, 0, 2, 0, 0, 2, 2]}, null, null, 142, false, [], false, 0, [], null, 0, 1744310802.363888, 0, {}]
[{"0": [4, 31, 36, 38, 38, 33, 1, 2, 0, 1, 0, 0, 1, 2, 4]}, null, null, 143, false, [], false, 0, [], null, 0, 1744310802.576039, 0, {}]
[{"0": [5, 34, 1, 2, 5, 1, 4, 0, 3, 0, 3, 1, 2, 2, 1]}, null, null, 143, false, [], false, 0, [], null, 0, 1744310802.776178, 0, {}]
[{"0": [4, 44, 32, 2, 2, 2, 2, 3, 1, 2, 0, 3, 3, 2, 4]}, null, null, 144, false, [], false, 0, [], null, 0, 1744310802.960418, 0, {}]
[{"0": [31, 33, 35, 35, 2, 1, 3, 1, 2, 3, 5, 2, 0, 1, 2]}, null, null, 145, false, [], false, 0, [], null, 0, 1744310803.1777022, 0, {}]
[{"0": [2, 29, 32, 28, 43, 35, 39, 41, 39, 25, 3, 4, 5, 2, 2]}, null, null, 145, false, [], false, 0, [], null, 0, 1744310803.3800263, 0, {}]
[{"0": [4, 37, 19, 1, 0, 7, 1, 4, 0, 4, 0, 3, 1, 3, 2]}, null, null, 146, false, [], false, 0, [], null, 0, 1744310803.5609422, 0, {}]
[{"0": [0, 31, 2, 0, 3, 4, 2, 3, 1, 1, 1, 1, 2, 2, 2]}, null, null, 146, false, [], false, 0, [], null, 0, 1744310803.7720528, 0, {}]
[{"0": [3, 33, 29, 2, 0, 3, 4, 1, 0, 2, 1, 5, 1, 6, 5]}, null, null, 147, false, [], false, 0, [], null, 0, 1744310803.973481, 0, {}]
[{"0": [4, 29, 2, 4, 3, 2, 0, 1, 2, 2, 1, 4, 4, 2, 1]}, null, null, 148, false, [], false, 0, [], null, 0, 1744310804.1690378, 0, {}]
[{"0": [2, 44, 1, 2, 1, 0, 2, 1, 2, 2, 0, 2, 3, 0, 1]}, null, null, 148, false, [], false, 0, [], null, 0, 1744310804.3619416, 0, {}]
[{"0": [0, 34, 42, 38, 35, 39, 24, 44, 47, 38, 32, 38, 29, 38, 29]}, null, null, 149, false, [], false, 0, [], null, 0, 1744310804.581763, 0, {}]
[{"0": [1, 22, 1, 4, 7, 1, 4, 2, 0, 0, 4, 0, 4, 1, 1]}, null, null, 149, false, [], false, 0, [], null, 0, 1744310804.7703874, 0, {}]
[{"0": [3, 5, 1, 2, 1, 0, 0, 3, 2, 0, 2, 0, 4, 5, 2]}, null, null, 150, true, [], false, 0, [], null, 0, 1744310804.966565, 0, {}]
