[{"0": [4, 1, 1, 1, 2, 2, 1, 2, 1, 1, 0, 2, 3, 2, 25, 28, 25]}, null, null, 0, false, [], false, 0, [], null, 0, 1744327044.8937154, 0, {}]
[{"0": [0, 1, 2, 2, 2, 3, 0, 3, 2, 2, 1, 0, 3, 21, 5, 2, 1]}, null, null, 1, false, [], false, 0, [], null, 0, 1744327045.1302693, 0, {}]
[{"0": [2, 0, 0, 1, 3, 3, 2, 2, 0, 2, 33, 0, 2, 0, 5, 2, 2]}, null, null, 1, false, [], false, 0, [], null, 0, 1744327045.3350825, 0, {}]
[{"0": [1, 3, 1, 3, 2, 2, 3, 3, 1, 1, 30, 28, 1, 2, 1, 1, 2]}, null, null, 2, false, [], false, 0, [], null, 0, 1744327045.5603058, 0, {}]
[{"0": [1, 1, 2, 1, 1, 2, 3, 0, 2, 2, 1, 2, 3, 4, 1, 32, 33]}, null, null, 2, false, [], false, 0, [], null, 0, 1744327045.7728398, 0, {}]
[{"0": [2, 0, 2, 1, 26, 1, 0, 2, 3, 1, 4, 2, 1, 5, 0, 0, 1]}, null, null, 3, false, [], false, 0, [], null, 0, 1744327045.9903557, 0, {}]
[{"0": [1, 1, 1, 2, 2, 0, 24, 1, 1, 1, 1, 0, 3, 3, 2, 3, 0]}, null, null, 4, false, [], false, 0, [], null, 0, 1744327046.2065158, 0, {}]
[{"0": [31, 28, 2, 0, 1, 4, 3, 3, 6, 0, 3, 2, 1, 4, 3, 3, 5]}, null, null, 4, false, [], false, 0, [], null, 0, 1744327046.4379573, 0, {}]
[{"0": [0, 0, 2, 0, 1, 2, 2, 2, 1, 0, 1, 2, 4, 3, 3, 3, 32]}, null, null, 5, false, [], false, 0, [], null, 0, 1744327046.6338415, 0, {}]
[{"0": [1, 0, 1, 1, 0, 1, 1, 2, 0, 25, 1, 1, 2, 2, 0, 0, 1]}, null, null, 5, false, [], false, 0, [], null, 0, 1744327046.8616357, 0, {}]
[{"0": [2, 1, 2, 2, 0, 3, 3, 2, 1, 1, 2, 2, 1, 0, 1, 0, 30]}, null, null, 6, false, [], false, 0, [], null, 0, 1744327047.0740328, 0, {}]
[{"0": [34, 4, 3, 2, 0, 1, 2, 4, 3, 0, 0, 0, 35, 37, 21, 30, 35]}, null, null, 7, false, [], false, 0, [], null, 0, 1744327047.2906737, 0, {}]
[{"0": [0, 2, 0, 2, 1, 26, 0, 2, 2, 2, 2, 0, 3, 3, 1, 4, 1]}, null, null, 7, false, [], false, 0, [], null, 0, 1744327047.5043437, 0, {}]
[{"0": [1, 4, 2, 1, 3, 2, 0, 3, 1, 2, 1, 1, 3, 2, 28, 24, 28]}, null, null, 8, false, [], false, 0, [], null, 0, 1744327047.719131, 0, {}]
[{"0": [6, 1, 0, 3, 3, 2, 0, 2, 0, 2, 4, 3, 4, 0, 2, 0, 31]}, null, null, 8, false, [], false, 0, [], null, 0, 1744327047.934945, 0, {}]
[{"0": [27, 37, 0, 1, 4, 0, 1, 1, 2, 1, 4, 1, 0, 1, 1, 2, 1]}, null, null, 9, false, [], false, 0, [], null, 0, 1744327048.1553257, 0, {}]
[{"0": [2, 4, 2, 2, 29, 2, 1, 3, 1, 2, 0, 3, 2, 0, 3, 3, 0]}, null, null, 10, false, [], false, 0, [], null, 0, 1744327048.3719068, 0, {}]
[{"0": [2, 1, 6, 1, 1, 2, 3, 3, 4, 2, 3, 1, 3, 2, 0, 1, 29]}, null, null, 10, false, [], false, 0, [], null, 0, 1744327048.5915475, 0, {}]
[{"0": [3, 2, 1, 3, 0, 0, 23, 26, 2, 1, 0, 1, 2, 0, 1, 3, 4]}, null, null, 11, false, [], false, 0, [], null, 0, 1744327048.8128912, 0, {}]
[{"0": [1, 1, 0, 2, 0, 2, 2, 2, 42, 30, 1, 4, 4, 3, 3, 0, 0]}, null, null, 11, false, [], false, 0, [], null, 0, 1744327049.025202, 0, {}]
[{"0": [0, 2, 5, 2, 2, 1, 2, 0, 0, 0, 0, 0, 1, 30, 28, 30, 24]}, null, null, 12, false, [], false, 0, [], null, 0, 1744327049.2427104, 0, {}]
[{"0": [1, 0, 1, 3, 3, 2, 3, 0, 5, 1, 2, 0, 25, 38, 36, 33, 35]}, null, null, 13, false, [], false, 0, [], null, 0, 1744327049.4710376, 0, {}]
[{"0": [2, 2, 1, 1, 2, 2, 0, 4, 1, 0, 1, 1, 2, 3, 2, 2, 33]}, null, null, 13, false, [], false, 0, [], null, 0, 1744327049.6759498, 0, {}]
[{"0": [33, 38, 33, 29, 28, 30, 39, 25, 39, 31, 22, 0, 2, 1, 5, 2, 1]}, null, null, 14, false, [], false, 0, [], null, 0, 1744327049.907315, 0, {}]
[{"0": [1, 1, 2, 1, 1, 1, 0, 0, 1, 2, 0, 1, 1, 1, 2, 2, 2]}, null, null, 14, false, [], false, 0, [], null, 0, 1744327050.0985396, 0, {}]
[{"0": [2, 1, 2, 2, 2, 0, 0, 4, 1, 1, 0, 1, 3, 3, 2, 1, 31]}, null, null, 15, false, [], false, 0, [], null, 0, 1744327050.3293052, 0, {}]
[{"0": [3, 0, 3, 2, 3, 0, 2, 3, 1, 4, 2, 3, 28, 28, 31, 22, 23]}, null, null, 16, false, [], false, 0, [], null, 0, 1744327050.5357153, 0, {}]
[{"0": [1, 0, 2, 1, 0, 2, 2, 3, 4, 3, 1, 1, 4, 2, 0, 0, 39]}, null, null, 16, false, [], false, 0, [], null, 0, 1744327050.7678633, 0, {}]
[{"0": [4, 2, 2, 2, 0, 1, 4, 3, 2, 0, 1, 1, 3, 4, 0, 4, 2]}, null, null, 17, false, [], false, 0, [], null, 0, 1744327050.9875402, 0, {}]
[{"0": [3, 0, 2, 1, 2, 2, 0, 0, 1, 0, 1, 2, 2, 1, 0, 2, 3]}, null, null, 17, false, [], false, 0, [], null, 0, 1744327051.1929386, 0, {}]
[{"0": [2, 2, 2, 1, 5, 31, 29, 31, 29, 29, 24, 5, 1, 1, 0, 2, 0]}, null, null, 18, false, [], false, 0, [], null, 0, 1744327051.415873, 0, {}]
[{"0": [2, 1, 0, 1, 0, 1, 4, 1, 0, 0, 0, 0, 1, 4, 26, 31, 28]}, null, null, 19, false, [], false, 0, [], null, 0, 1744327051.6273305, 0, {}]
[{"0": [0, 1, 3, 3, 1, 35, 27, 1, 2, 4, 1, 1, 4, 2, 2, 1, 0]}, null, null, 19, false, [], false, 0, [], null, 0, 1744327051.8388443, 0, {}]
[{"0": [3, 2, 3, 5, 2, 0, 1, 0, 1, 32, 4, 0, 3, 4, 1, 4, 1]}, null, null, 20, false, [], false, 0, [], null, 0, 1744327052.075063, 0, {}]
[{"0": [0, 2, 1, 2, 1, 2, 1, 2, 0, 2, 2, 3, 4, 1, 33, 31, 30]}, null, null, 20, false, [], false, 0, [], null, 0, 1744327052.2731082, 0, {}]
[{"0": [1, 2, 1, 2, 0, 1, 0, 4, 25, 2, 3, 1, 4, 1, 6, 2, 2]}, null, null, 21, false, [], false, 0, [], null, 0, 1744327052.4870594, 0, {}]
[{"0": [20, 3, 1, 3, 3, 1, 1, 0, 1, 1, 0, 2, 3, 3, 2, 0, 3]}, null, null, 22, false, [], false, 0, [], null, 0, 1744327052.710702, 0, {}]
[{"0": [2, 2, 1, 0, 2, 2, 1, 4, 2, 4, 2, 2, 3, 3, 1, 0, 0]}, null, null, 22, false, [], false, 0, [], null, 0, 1744327052.930676, 0, {}]
[{"0": [1, 0, 1, 1, 2, 0, 1, 2, 5, 1, 3, 36, 36, 1, 0, 2, 0]}, null, null, 23, false, [], false, 0, [], null, 0, 1744327053.1448324, 0, {}]
[{"0": [1, 1, 2, 0, 1, 0, 4, 1, 1, 1, 5, 2, 3, 2, 36, 33, 27]}, null, null, 23, false, [], false, 0, [], null, 0, 1744327053.3504274, 0, {}]
[{"0": [4, 3, 2, 2, 0, 2, 36, 29, 19, 27, 27, 29, 0, 1, 3, 3, 0]}, null, null, 24, false, [], false, 0, [], null, 0, 1744327053.5778346, 0, {}]
[{"0": [6, 4, 1, 1, 0, 2, 2, 1, 1, 4, 23, 3, 3, 2, 4, 0, 1]}, null, null, 25, false, [], false, 0, [], null, 0, 1744327053.7923007, 0, {}]
[{"0": [1, 5, 3, 0, 2, 1, 5, 1, 2, 2, 1, 4, 29, 26, 31, 0, 2]}, null, null, 25, false, [], false, 0, [], null, 0, 1744327054.0154474, 0, {}]
[{"0": [0, 3, 4, 1, 3, 3, 2, 2, 2, 2, 3, 4, 1, 2, 2, 1, 2]}, null, null, 26, false, [], false, 0, [], null, 0, 1744327054.2301521, 0, {}]
[{"0": [2, 1, 0, 2, 24, 28, 3, 0, 2, 3, 3, 1, 3, 3, 0, 1, 1]}, null, null, 27, false, [], false, 0, [], null, 0, 1744327054.4444385, 0, {}]
[{"0": [0, 3, 0, 32, 1, 6, 1, 5, 3, 3, 5, 2, 3, 2, 1, 1, 1]}, null, null, 27, false, [], false, 0, [], null, 0, 1744327054.6644092, 0, {}]
[{"0": [4, 2, 3, 1, 2, 1, 2, 0, 4, 2, 26, 1, 2, 3, 0, 0, 1]}, null, null, 28, false, [], false, 0, [], null, 0, 1744327054.8757071, 0, {}]
[{"0": [0, 4, 1, 1, 1, 0, 2, 3, 1, 2, 1, 24, 0, 1, 5, 1, 2]}, null, null, 28, false, [], false, 0, [], null, 0, 1744327055.0907261, 0, {}]
[{"0": [1, 1, 5, 1, 0, 1, 0, 0, 4, 1, 32, 17, 28, 19, 1, 1, 0]}, null, null, 29, false, [], false, 0, [], null, 0, 1744327055.3075283, 0, {}]
[{"0": [1, 4, 1, 1, 3, 1, 1, 3, 2, 0, 7, 2, 33, 24, 33, 28, 39]}, null, null, 30, false, [], false, 0, [], null, 0, 1744327055.517153, 0, {}]
[{"0": [2, 3, 2, 1, 3, 1, 2, 1, 2, 1, 29, 33, 35, 41, 28, 6, 4]}, null, null, 30, false, [], false, 0, [], null, 0, 1744327055.745952, 0, {}]
[{"0": [3, 0, 4, 2, 3, 1, 2, 0, 1, 2, 0, 2, 2, 25, 25, 31, 20]}, null, null, 31, false, [], false, 0, [], null, 0, 1744327055.971907, 0, {}]
[{"0": [1, 2, 3, 1, 1, 32, 24, 36, 23, 26, 2, 4, 3, 0, 2, 3, 3]}, null, null, 31, false, [], false, 0, [], null, 0, 1744327056.17003, 0, {}]
[{"0": [2, 2, 0, 3, 1, 3, 1, 2, 30, 27, 29, 22, 32, 3, 0, 3, 3]}, null, null, 32, false, [], false, 0, [], null, 0, 1744327056.4037933, 0, {}]
[{"0": [3, 0, 2, 5, 5, 3, 4, 5, 1, 1, 4, 3, 2, 0, 29, 35, 1]}, null, null, 33, false, [], false, 0, [], null, 0, 1744327056.6030064, 0, {}]
[{"0": [2, 2, 3, 0, 4, 1, 0, 2, 3, 2, 1, 1, 0, 1, 4, 1, 35]}, null, null, 33, false, [], false, 0, [], null, 0, 1744327056.8389854, 0, {}]
[{"0": [1, 1, 4, 25, 22, 37, 2, 0, 2, 1, 2, 1, 4, 2, 1, 1, 3]}, null, null, 34, false, [], false, 0, [], null, 0, 1744327057.0555408, 0, {}]
[{"0": [1, 1, 1, 2, 0, 0, 1, 4, 1, 2, 2, 0, 1, 0, 2, 1, 35]}, null, null, 34, false, [], false, 0, [], null, 0, 1744327057.2631807, 0, {}]
[{"0": [3, 0, 0, 4, 2, 4, 4, 2, 0, 2, 31, 31, 34, 30, 32, 21, 39]}, null, null, 35, false, [], false, 0, [], null, 0, 1744327057.4868429, 0, {}]
[{"0": [33, 30, 40, 27, 27, 35, 26, 31, 32, 2, 0, 1, 3, 1, 0, 1, 2]}, null, null, 36, false, [], false, 0, [], null, 0, 1744327057.688826, 0, {}]
[{"0": [3, 1, 1, 3, 3, 1, 0, 2, 1, 1, 1, 2, 4, 2, 2, 3, 2]}, null, null, 36, false, [], false, 0, [], null, 0, 1744327057.9023001, 0, {}]
[{"0": [0, 0, 1, 2, 1, 1, 2, 23, 34, 29, 40, 36, 20, 38, 28, 30, 32]}, null, null, 37, false, [], false, 0, [], null, 0, 1744327058.121389, 0, {}]
[{"0": [1, 2, 1, 0, 0, 0, 0, 2, 2, 3, 2, 2, 1, 2, 38, 17, 33]}, null, null, 37, false, [], false, 0, [], null, 0, 1744327058.3431106, 0, {}]
[{"0": [1, 2, 0, 0, 1, 2, 1, 3, 4, 0, 0, 37, 0, 3, 1, 0, 2]}, null, null, 38, false, [], false, 0, [], null, 0, 1744327058.5656683, 0, {}]
[{"0": [2, 4, 4, 4, 1, 1, 0, 2, 3, 2, 0, 2, 27, 23, 31, 32, 28]}, null, null, 39, false, [], false, 0, [], null, 0, 1744327058.7744372, 0, {}]
[{"0": [4, 5, 3, 1, 4, 0, 4, 0, 3, 3, 1, 0, 1, 3, 1, 23, 26]}, null, null, 39, false, [], false, 0, [], null, 0, 1744327058.9878519, 0, {}]
[{"0": [1, 1, 2, 0, 1, 4, 1, 2, 0, 29, 32, 1, 4, 4, 1, 1, 3]}, null, null, 40, false, [], false, 0, [], null, 0, 1744327059.203574, 0, {}]
[{"0": [2, 5, 28, 23, 34, 30, 35, 36, 26, 29, 24, 25, 1, 0, 1, 2, 2]}, null, null, 40, false, [], false, 0, [], null, 0, 1744327059.4395337, 0, {}]
[{"0": [0, 1, 3, 2, 2, 1, 1, 2, 0, 1, 0, 0, 0, 1, 1, 2, 36]}, null, null, 41, false, [], false, 0, [], null, 0, 1744327059.6542385, 0, {}]
[{"0": [0, 2, 36, 20, 28, 0, 2, 1, 2, 3, 5, 0, 0, 0, 2, 1, 2]}, null, null, 42, false, [], false, 0, [], null, 0, 1744327059.865945, 0, {}]
[{"0": [1, 2, 3, 2, 1, 1, 4, 2, 2, 19, 1, 3, 3, 2, 1, 2, 3]}, null, null, 42, false, [], false, 0, [], null, 0, 1744327060.0800107, 0, {}]
[{"0": [2, 3, 37, 32, 23, 36, 39, 1, 3, 0, 1, 1, 2, 0, 1, 1, 3]}, null, null, 43, false, [], false, 0, [], null, 0, 1744327060.2974045, 0, {}]
[{"0": [0, 0, 2, 3, 4, 20, 3, 4, 2, 1, 0, 1, 4, 0, 3, 1, 3]}, null, null, 43, false, [], false, 0, [], null, 0, 1744327060.5078142, 0, {}]
[{"0": [0, 0, 23, 28, 29, 33, 1, 1, 2, 3, 1, 2, 0, 1, 2, 2, 3]}, null, null, 44, false, [], false, 0, [], null, 0, 1744327060.7202086, 0, {}]
[{"0": [3, 3, 2, 0, 0, 2, 3, 1, 2, 1, 31, 31, 28, 31, 24, 30, 23]}, null, null, 45, false, [], false, 0, [], null, 0, 1744327060.9457939, 0, {}]
[{"0": [2, 2, 2, 1, 3, 1, 1, 4, 36, 23, 1, 2, 0, 1, 0, 0, 2]}, null, null, 45, false, [], false, 0, [], null, 0, 1744327061.153345, 0, {}]
[{"0": [3, 2, 4, 1, 2, 0, 2, 2, 0, 2, 0, 36, 0, 1, 2, 1, 1]}, null, null, 46, false, [], false, 0, [], null, 0, 1744327061.383603, 0, {}]
[{"0": [2, 2, 0, 1, 4, 1, 1, 1, 1, 2, 1, 4, 0, 2, 1, 1, 22]}, null, null, 46, false, [], false, 0, [], null, 0, 1744327061.596694, 0, {}]
[{"0": [3, 3, 1, 6, 4, 1, 1, 3, 4, 1, 3, 5, 36, 2, 1, 0, 1]}, null, null, 47, false, [], false, 0, [], null, 0, 1744327061.8144069, 0, {}]
[{"0": [4, 2, 35, 29, 27, 32, 20, 31, 28, 33, 25, 1, 3, 2, 2, 2, 3]}, null, null, 48, false, [], false, 0, [], null, 0, 1744327062.019694, 0, {}]
[{"0": [29, 35, 30, 29, 29, 34, 31, 1, 2, 0, 1, 2, 3, 0, 0, 1, 3]}, null, null, 48, false, [], false, 0, [], null, 0, 1744327062.245524, 0, {}]
[{"0": [5, 0, 1, 4, 3, 2, 1, 4, 5, 3, 1, 3, 3, 36, 23, 2, 1]}, null, null, 49, false, [], false, 0, [], null, 0, 1744327062.4539244, 0, {}]
[{"0": [0, 3, 0, 1, 1, 1, 2, 0, 3, 0, 0, 3, 3, 24, 31, 31, 34]}, null, null, 49, false, [], false, 0, [], null, 0, 1744327062.669642, 0, {}]
[{"0": [3, 2, 3, 2, 1, 3, 3, 0, 0, 1, 1, 27, 27, 17, 26, 29, 26]}, null, null, 50, false, [], false, 0, [], null, 0, 1744327062.8909981, 0, {}]
[{"0": [4, 6, 3, 2, 4, 3, 3, 0, 32, 2, 3, 2, 3, 2, 0, 2, 2]}, null, null, 51, false, [], false, 0, [], null, 0, 1744327063.1038876, 0, {}]
[{"0": [4, 2, 1, 1, 2, 3, 2, 25, 32, 32, 30, 29, 34, 34, 3, 0, 0]}, null, null, 51, false, [], false, 0, [], null, 0, 1744327063.3322222, 0, {}]
[{"0": [4, 1, 1, 4, 0, 4, 3, 2, 0, 2, 2, 2, 29, 26, 2, 1, 1]}, null, null, 52, false, [], false, 0, [], null, 0, 1744327063.5346978, 0, {}]
[{"0": [0, 0, 0, 2, 33, 26, 34, 30, 23, 3, 0, 4, 2, 1, 0, 0, 1]}, null, null, 52, false, [], false, 0, [], null, 0, 1744327063.7574844, 0, {}]
[{"0": [27, 33, 23, 3, 2, 3, 2, 4, 1, 2, 1, 2, 1, 1, 1, 5, 1]}, null, null, 53, false, [], false, 0, [], null, 0, 1744327063.9869282, 0, {}]
[{"0": [2, 2, 2, 38, 34, 33, 32, 2, 2, 2, 6, 1, 4, 2, 1, 0, 0]}, null, null, 54, false, [], false, 0, [], null, 0, 1744327064.2018416, 0, {}]
[{"0": [1, 2, 2, 3, 3, 0, 1, 2, 1, 4, 3, 28, 39, 35, 31, 28, 27]}, null, null, 54, false, [], false, 0, [], null, 0, 1744327064.407531, 0, {}]
[{"0": [2, 4, 2, 1, 2, 2, 2, 2, 2, 1, 3, 3, 3, 1, 23, 31, 32]}, null, null, 55, false, [], false, 0, [], null, 0, 1744327064.6284785, 0, {}]
[{"0": [19, 45, 23, 20, 33, 34, 35, 2, 2, 2, 0, 2, 22, 30, 35, 27, 35]}, null, null, 55, false, [], false, 0, [], null, 0, 1744327064.8412664, 0, {}]
[{"0": [2, 0, 4, 4, 1, 1, 3, 1, 22, 23, 20, 4, 1, 1, 1, 2, 1]}, null, null, 56, false, [], false, 0, [], null, 0, 1744327065.0712483, 0, {}]
[{"0": [0, 3, 0, 31, 36, 26, 31, 21, 41, 31, 5, 0, 3, 2, 2, 4, 4]}, null, null, 57, false, [], false, 0, [], null, 0, 1744327065.2788265, 0, {}]
[{"0": [2, 1, 2, 3, 1, 1, 3, 1, 0, 3, 4, 0, 2, 0, 33, 22, 31]}, null, null, 57, false, [], false, 0, [], null, 0, 1744327065.4941046, 0, {}]
[{"0": [2, 1, 1, 0, 2, 1, 2, 1, 0, 1, 0, 2, 4, 0, 30, 2, 2]}, null, null, 58, false, [], false, 0, [], null, 0, 1744327065.7062867, 0, {}]
[{"0": [1, 2, 4, 2, 2, 0, 1, 3, 1, 2, 25, 36, 32, 39, 23, 32, 23]}, null, null, 58, false, [], false, 0, [], null, 0, 1744327065.9167454, 0, {}]
[{"0": [1, 4, 1, 0, 2, 2, 0, 3, 1, 1, 0, 0, 4, 2, 4, 2, 4]}, null, null, 59, false, [], false, 0, [], null, 0, 1744327066.1351676, 0, {}]
[{"0": [2, 3, 2, 4, 2, 22, 31, 27, 0, 2, 3, 3, 1, 1, 2, 2, 1]}, null, null, 60, false, [], false, 0, [], null, 0, 1744327066.3553932, 0, {}]
[{"0": [1, 1, 2, 2, 4, 1, 4, 1, 1, 4, 5, 2, 0, 42, 28, 28, 30]}, null, null, 60, false, [], false, 0, [], null, 0, 1744327066.5700808, 0, {}]
[{"0": [2, 0, 2, 0, 4, 1, 2, 0, 1, 3, 1, 2, 1, 3, 24, 2, 2]}, null, null, 61, false, [], false, 0, [], null, 0, 1744327066.7857103, 0, {}]
[{"0": [1, 1, 1, 2, 0, 2, 4, 0, 1, 1, 0, 3, 1, 0, 0, 22, 0]}, null, null, 61, false, [], false, 0, [], null, 0, 1744327067.0032876, 0, {}]
[{"0": [1, 3, 3, 1, 2, 0, 2, 4, 3, 0, 31, 3, 2, 1, 3, 1, 0]}, null, null, 62, false, [], false, 0, [], null, 0, 1744327067.238986, 0, {}]
[{"0": [1, 0, 1, 2, 2, 1, 3, 0, 2, 1, 22, 19, 33, 19, 27, 28, 15]}, null, null, 63, false, [], false, 0, [], null, 0, 1744327067.434854, 0, {}]
[{"0": [0, 3, 1, 1, 22, 31, 3, 0, 0, 3, 2, 2, 1, 2, 4, 6, 1]}, null, null, 63, false, [], false, 0, [], null, 0, 1744327067.6644032, 0, {}]
[{"0": [4, 1, 3, 0, 2, 4, 1, 0, 0, 3, 1, 2, 25, 0, 2, 2, 2]}, null, null, 64, false, [], false, 0, [], null, 0, 1744327067.879279, 0, {}]
[{"0": [2, 0, 1, 3, 1, 3, 0, 2, 30, 29, 3, 1, 2, 1, 1, 2, 2]}, null, null, 64, false, [], false, 0, [], null, 0, 1744327068.0884676, 0, {}]
[{"0": [2, 4, 0, 2, 3, 1, 3, 1, 3, 1, 1, 28, 25, 35, 31, 24, 33]}, null, null, 65, false, [], false, 0, [], null, 0, 1744327068.3024757, 0, {}]
[{"0": [3, 0, 26, 27, 0, 3, 1, 3, 2, 1, 3, 1, 3, 1, 1, 1, 2]}, null, null, 66, false, [], false, 0, [], null, 0, 1744327068.5295238, 0, {}]
[{"0": [1, 2, 3, 2, 1, 3, 2, 1, 34, 3, 1, 0, 0, 3, 1, 3, 1]}, null, null, 66, false, [], false, 0, [], null, 0, 1744327068.7395864, 0, {}]
[{"0": [4, 2, 2, 4, 1, 1, 1, 25, 25, 35, 28, 36, 25, 38, 34, 19, 26]}, null, null, 67, false, [], false, 0, [], null, 0, 1744327068.973227, 0, {}]
[{"0": [2, 2, 0, 3, 1, 2, 2, 2, 2, 2, 31, 1, 2, 1, 4, 1, 3]}, null, null, 67, false, [], false, 0, [], null, 0, 1744327069.182802, 0, {}]
[{"0": [3, 3, 1, 1, 3, 2, 1, 4, 1, 2, 2, 1, 0, 1, 3, 26, 42]}, null, null, 68, false, [], false, 0, [], null, 0, 1744327069.4025192, 0, {}]
[{"0": [30, 29, 24, 43, 31, 33, 3, 0, 0, 0, 1, 0, 9, 25, 4, 0, 2]}, null, null, 69, false, [], false, 0, [], null, 0, 1744327069.6005583, 0, {}]
[{"0": [1, 2, 1, 0, 32, 31, 40, 0, 3, 3, 1, 2, 0, 1, 1, 2, 1]}, null, null, 69, false, [], false, 0, [], null, 0, 1744327069.8250108, 0, {}]
[{"0": [2, 1, 3, 0, 0, 1, 2, 2, 0, 1, 2, 25, 1, 1, 1, 2, 2]}, null, null, 70, false, [], false, 0, [], null, 0, 1744327070.0393183, 0, {}]
[{"0": [0, 1, 24, 1, 3, 5, 4, 1, 1, 1, 2, 4, 2, 1, 0, 1, 0]}, null, null, 70, false, [], false, 0, [], null, 0, 1744327070.2630527, 0, {}]
[{"0": [25, 30, 32, 27, 38, 40, 27, 27, 31, 22, 22, 35, 30, 22, 34, 29, 2]}, null, null, 71, false, [], false, 0, [], null, 0, 1744327070.4746997, 0, {}]
[{"0": [1, 0, 6, 35, 35, 0, 2, 6, 2, 4, 2, 3, 2, 1, 2, 1, 0]}, null, null, 72, false, [], false, 0, [], null, 0, 1744327070.6878202, 0, {}]
[{"0": [2, 1, 3, 0, 2, 4, 2, 3, 3, 2, 2, 3, 2, 0, 0, 3, 2]}, null, null, 72, false, [], false, 0, [], null, 0, 1744327070.9065776, 0, {}]
[{"0": [28, 29, 25, 26, 0, 3, 1, 0, 2, 1, 2, 3, 6, 0, 1, 1, 0]}, null, null, 73, false, [], false, 0, [], null, 0, 1744327071.1221116, 0, {}]
[{"0": [2, 1, 3, 2, 3, 0, 0, 0, 3, 1, 22, 17, 32, 22, 28, 30, 23]}, null, null, 73, false, [], false, 0, [], null, 0, 1744327071.3434048, 0, {}]
[{"0": [0, 30, 4, 0, 1, 2, 3, 1, 1, 1, 1, 2, 2, 2, 0, 0, 2]}, null, null, 74, false, [], false, 0, [], null, 0, 1744327071.550382, 0, {}]
[{"0": [2, 2, 1, 5, 39, 3, 1, 3, 0, 3, 2, 3, 3, 0, 3, 2, 2]}, null, null, 75, false, [], false, 0, [], null, 0, 1744327071.7779453, 0, {}]
[{"0": [1, 0, 2, 2, 1, 3, 4, 3, 28, 22, 22, 28, 26, 26, 36, 0, 0]}, null, null, 75, false, [], false, 0, [], null, 0, 1744327071.9954536, 0, {}]
[{"0": [0, 3, 19, 28, 24, 4, 1, 2, 2, 1, 1, 2, 1, 2, 0, 1, 3]}, null, null, 76, false, [], false, 0, [], null, 0, 1744327072.2041318, 0, {}]
[{"0": [3, 1, 4, 26, 0, 1, 3, 1, 2, 2, 4, 3, 1, 0, 0, 4, 2]}, null, null, 77, false, [], false, 0, [], null, 0, 1744327072.4209132, 0, {}]
[{"0": [2, 0, 0, 2, 2, 1, 3, 4, 4, 0, 2, 2, 1, 2, 1, 2, 2]}, null, null, 77, false, [], false, 0, [], null, 0, 1744327072.645365, 0, {}]
[{"0": [0, 3, 1, 3, 0, 3, 0, 2, 0, 1, 0, 0, 0, 2, 1, 25, 40]}, null, null, 78, false, [], false, 0, [], null, 0, 1744327072.8703105, 0, {}]
[{"0": [2, 0, 0, 4, 2, 31, 38, 29, 22, 3, 2, 1, 2, 1, 3, 3, 0]}, null, null, 78, false, [], false, 0, [], null, 0, 1744327073.0706997, 0, {}]
[{"0": [1, 1, 1, 2, 2, 2, 1, 1, 2, 0, 6, 29, 34, 33, 25, 19, 0]}, null, null, 79, false, [], false, 0, [], null, 0, 1744327073.304379, 0, {}]
[{"0": [1, 27, 31, 30, 30, 37, 29, 22, 4, 4, 2, 2, 0, 1, 0, 1, 4]}, null, null, 80, false, [], false, 0, [], null, 0, 1744327073.5061476, 0, {}]
[{"0": [1, 0, 0, 2, 1, 2, 1, 2, 4, 2, 2, 2, 4, 1, 36, 39, 22]}, null, null, 80, false, [], false, 0, [], null, 0, 1744327073.718051, 0, {}]
[{"0": [5, 0, 4, 1, 4, 4, 2, 3, 0, 28, 1, 1, 0, 4, 1, 1, 1]}, null, null, 81, false, [], false, 0, [], null, 0, 1744327073.9483058, 0, {}]
[{"0": [2, 1, 1, 2, 3, 2, 0, 28, 29, 27, 29, 18, 30, 27, 21, 21, 1]}, null, null, 81, false, [], false, 0, [], null, 0, 1744327074.1657164, 0, {}]
[{"0": [1, 3, 1, 0, 3, 1, 1, 0, 1, 2, 1, 2, 0, 1, 3, 0, 0]}, null, null, 82, false, [], false, 0, [], null, 0, 1744327074.3749642, 0, {}]
[{"0": [2, 1, 1, 3, 2, 3, 3, 2, 0, 0, 0, 0, 2, 1, 2, 5, 26]}, null, null, 83, false, [], false, 0, [], null, 0, 1744327074.5970936, 0, {}]
[{"0": [1, 1, 0, 33, 1, 1, 3, 4, 2, 1, 1, 0, 2, 3, 1, 2, 1]}, null, null, 83, false, [], false, 0, [], null, 0, 1744327074.8002062, 0, {}]
[{"0": [1, 3, 3, 3, 0, 0, 1, 2, 2, 2, 0, 4, 1, 0, 1, 2, 4]}, null, null, 84, false, [], false, 0, [], null, 0, 1744327075.0328743, 0, {}]
[{"0": [1, 4, 1, 2, 2, 1, 34, 29, 35, 26, 24, 0, 0, 0, 1, 3, 0]}, null, null, 84, false, [], false, 0, [], null, 0, 1744327075.2439451, 0, {}]
[{"0": [3, 0, 1, 25, 25, 28, 31, 28, 33, 25, 2, 1, 0, 0, 2, 2, 1]}, null, null, 85, false, [], false, 0, [], null, 0, 1744327075.467784, 0, {}]
[{"0": [3, 5, 31, 27, 0, 2, 2, 1, 2, 1, 5, 0, 1, 0, 3, 4, 0]}, null, null, 86, false, [], false, 0, [], null, 0, 1744327075.6718807, 0, {}]
[{"0": [1, 4, 2, 2, 2, 0, 0, 3, 1, 0, 3, 2, 2, 4, 0, 2, 30]}, null, null, 86, false, [], false, 0, [], null, 0, 1744327075.8973584, 0, {}]
[{"0": [33, 4, 1, 0, 3, 2, 1, 0, 0, 1, 24, 26, 18, 32, 2, 1, 1]}, null, null, 87, false, [], false, 0, [], null, 0, 1744327076.120554, 0, {}]
[{"0": [4, 1, 3, 1, 0, 0, 1, 1, 3, 5, 25, 23, 27, 26, 29, 36, 27]}, null, null, 87, false, [], false, 0, [], null, 0, 1744327076.3280876, 0, {}]
[{"0": [2, 3, 1, 2, 2, 28, 27, 26, 27, 22, 16, 0, 0, 3, 2, 2, 1]}, null, null, 88, false, [], false, 0, [], null, 0, 1744327076.5485282, 0, {}]
[{"0": [3, 1, 1, 1, 1, 1, 3, 2, 1, 1, 0, 0, 25, 32, 35, 24, 33]}, null, null, 89, false, [], false, 0, [], null, 0, 1744327076.7704608, 0, {}]
[{"0": [1, 1, 3, 1, 2, 3, 0, 1, 2, 3, 27, 31, 29, 34, 39, 24, 32]}, null, null, 89, false, [], false, 0, [], null, 0, 1744327076.9730916, 0, {}]
[{"0": [2, 1, 2, 0, 2, 3, 1, 1, 4, 2, 4, 31, 29, 29, 1, 3, 2]}, null, null, 90, false, [], false, 0, [], null, 0, 1744327077.2016394, 0, {}]
[{"0": [1, 1, 2, 1, 2, 0, 0, 1, 0, 4, 0, 19, 24, 3, 2, 5, 1]}, null, null, 90, false, [], false, 0, [], null, 0, 1744327077.4094725, 0, {}]
[{"0": [2, 1, 2, 3, 0, 1, 1, 0, 0, 1, 5, 24, 36, 31, 24, 25, 30]}, null, null, 91, false, [], false, 0, [], null, 0, 1744327077.6308162, 0, {}]
[{"0": [3, 2, 5, 0, 2, 2, 2, 39, 30, 2, 4, 1, 2, 1, 1, 3, 0]}, null, null, 92, false, [], false, 0, [], null, 0, 1744327077.846926, 0, {}]
[{"0": [3, 0, 0, 1, 0, 2, 3, 0, 23, 4, 1, 4, 1, 1, 1, 3, 0]}, null, null, 92, false, [], false, 0, [], null, 0, 1744327078.0612833, 0, {}]
[{"0": [1, 2, 4, 4, 1, 1, 2, 1, 0, 1, 2, 2, 0, 1, 40, 30, 1]}, null, null, 93, false, [], false, 0, [], null, 0, 1744327078.2672021, 0, {}]
[{"0": [5, 3, 2, 1, 1, 1, 7, 37, 32, 27, 30, 2, 1, 3, 2, 4, 0]}, null, null, 93, false, [], false, 0, [], null, 0, 1744327078.4871063, 0, {}]
[{"0": [4, 2, 1, 3, 6, 2, 3, 2, 2, 1, 3, 2, 2, 2, 24, 26, 28]}, null, null, 94, false, [], false, 0, [], null, 0, 1744327078.7059953, 0, {}]
[{"0": [0, 1, 3, 0, 3, 1, 1, 1, 4, 0, 28, 29, 37, 27, 34, 37, 34]}, null, null, 95, false, [], false, 0, [], null, 0, 1744327078.9338157, 0, {}]
[{"0": [3, 5, 2, 29, 22, 32, 20, 23, 0, 0, 3, 1, 4, 1, 2, 3, 1]}, null, null, 95, false, [], false, 0, [], null, 0, 1744327079.1503785, 0, {}]
[{"0": [3, 3, 0, 32, 30, 37, 2, 2, 4, 0, 2, 1, 1, 6, 2, 2, 2]}, null, null, 96, false, [], false, 0, [], null, 0, 1744327079.3593092, 0, {}]
[{"0": [0, 1, 2, 1, 0, 2, 1, 0, 30, 28, 33, 0, 2, 0, 2, 1, 1]}, null, null, 96, false, [], false, 0, [], null, 0, 1744327079.5797613, 0, {}]
[{"0": [24, 28, 39, 43, 27, 27, 25, 23, 28, 2, 0, 2, 3, 0, 1, 2, 1]}, null, null, 97, false, [], false, 0, [], null, 0, 1744327079.7918963, 0, {}]
[{"0": [2, 1, 4, 0, 32, 31, 22, 31, 1, 3, 0, 1, 2, 3, 2, 0, 2]}, null, null, 98, false, [], false, 0, [], null, 0, 1744327080.0258102, 0, {}]
[{"0": [1, 6, 28, 0, 1, 1, 2, 0, 1, 1, 3, 1, 4, 0, 1, 3, 3]}, null, null, 98, false, [], false, 0, [], null, 0, 1744327080.2411764, 0, {}]
[{"0": [2, 0, 8, 0, 27, 27, 3, 1, 1, 4, 3, 5, 1, 2, 1, 0, 1]}, null, null, 99, false, [], false, 0, [], null, 0, 1744327080.4548128, 0, {}]
[{"0": [4, 2, 0, 1, 2, 1, 0, 2, 1, 3, 1, 4, 1, 2, 2, 0, 2]}, null, null, 99, false, [], false, 0, [], null, 0, 1744327080.6492531, 0, {}]
[{"0": [2, 2, 2, 1, 1, 28, 0, 1, 2, 2, 0, 1, 1, 1, 3, 1, 0]}, null, null, 100, false, [], false, 0, [], null, 0, 1744327080.877631, 0, {}]
[{"0": [2, 2, 1, 1, 3, 3, 0, 1, 1, 0, 0, 2, 3, 1, 2, 1, 0]}, null, null, 101, false, [], false, 0, [], null, 0, 1744327081.1040452, 0, {}]
[{"0": [1, 2, 1, 1, 1, 2, 4, 0, 3, 36, 30, 24, 34, 35, 30, 51, 33]}, null, null, 101, false, [], false, 0, [], null, 0, 1744327081.3096774, 0, {}]
[{"0": [2, 1, 2, 3, 2, 0, 22, 1, 3, 1, 3, 2, 1, 0, 2, 1, 0]}, null, null, 102, false, [], false, 0, [], null, 0, 1744327081.5363464, 0, {}]
[{"0": [2, 4, 1, 0, 3, 2, 3, 6, 2, 1, 1, 0, 1, 2, 1, 31, 33]}, null, null, 102, false, [], false, 0, [], null, 0, 1744327081.7565207, 0, {}]
[{"0": [2, 0, 2, 2, 2, 1, 27, 34, 1, 2, 3, 2, 1, 2, 2, 1, 1]}, null, null, 103, false, [], false, 0, [], null, 0, 1744327081.9639049, 0, {}]
[{"0": [3, 4, 1, 0, 3, 0, 1, 1, 2, 5, 0, 1, 1, 3, 4, 0, 4]}, null, null, 104, false, [], false, 0, [], null, 0, 1744327082.1667974, 0, {}]
[{"0": [2, 4, 0, 1, 1, 3, 1, 4, 1, 0, 32, 1, 2, 1, 4, 5, 1]}, null, null, 104, false, [], false, 0, [], null, 0, 1744327082.3881192, 0, {}]
[{"0": [0, 0, 32, 1, 3, 1, 3, 1, 2, 1, 3, 1, 2, 1, 0, 1, 1]}, null, null, 105, false, [], false, 0, [], null, 0, 1744327082.61175, 0, {}]
[{"0": [2, 29, 2, 3, 1, 3, 0, 1, 2, 0, 3, 1, 2, 3, 1, 2, 1]}, null, null, 105, false, [], false, 0, [], null, 0, 1744327082.822238, 0, {}]
[{"0": [0, 1, 1, 3, 0, 2, 4, 2, 2, 1, 31, 4, 3, 4, 0, 2, 1]}, null, null, 106, false, [], false, 0, [], null, 0, 1744327083.0565841, 0, {}]
[{"0": [1, 4, 2, 2, 1, 2, 1, 3, 2, 31, 28, 1, 1, 1, 0, 1, 1]}, null, null, 107, false, [], false, 0, [], null, 0, 1744327083.2573595, 0, {}]
[{"0": [1, 0, 1, 5, 0, 3, 1, 1, 1, 1, 0, 4, 2, 0, 4, 4, 0]}, null, null, 107, false, [], false, 0, [], null, 0, 1744327083.4854627, 0, {}]
[{"0": [2, 2, 1, 2, 0, 2, 1, 0, 25, 20, 18, 23, 28, 37, 34, 33, 22]}, null, null, 108, false, [], false, 0, [], null, 0, 1744327083.692464, 0, {}]
[{"0": [3, 1, 2, 2, 2, 26, 1, 0, 0, 2, 0, 2, 5, 3, 0, 0, 1]}, null, null, 108, false, [], false, 0, [], null, 0, 1744327083.9096987, 0, {}]
[{"0": [2, 3, 2, 0, 1, 1, 0, 1, 2, 0, 2, 27, 38, 34, 33, 24, 28]}, null, null, 109, false, [], false, 0, [], null, 0, 1744327084.132451, 0, {}]
[{"0": [2, 1, 27, 1, 1, 2, 0, 2, 0, 0, 1, 3, 2, 1, 2, 2, 0]}, null, null, 110, false, [], false, 0, [], null, 0, 1744327084.3343604, 0, {}]
[{"0": [1, 2, 1, 3, 3, 3, 1, 1, 2, 2, 1, 2, 2, 3, 0, 1, 19]}, null, null, 110, false, [], false, 0, [], null, 0, 1744327084.5584204, 0, {}]
[{"0": [3, 1, 2, 0, 1, 0, 0, 2, 0, 2, 1, 1, 1, 0, 3, 1, 39]}, null, null, 111, false, [], false, 0, [], null, 0, 1744327084.789183, 0, {}]
[{"0": [2, 1, 2, 30, 29, 0, 1, 1, 0, 1, 1, 1, 0, 2, 2, 3, 3]}, null, null, 111, false, [], false, 0, [], null, 0, 1744327084.9931989, 0, {}]
[{"0": [0, 1, 2, 2, 3, 3, 0, 1, 2, 1, 2, 1, 1, 2, 22, 23, 33]}, null, null, 112, false, [], false, 0, [], null, 0, 1744327085.2046616, 0, {}]
[{"0": [4, 3, 2, 3, 1, 1, 2, 1, 2, 2, 2, 26, 2, 0, 5, 2, 0]}, null, null, 113, false, [], false, 0, [], null, 0, 1744327085.4304028, 0, {}]
[{"0": [0, 20, 16, 27, 29, 38, 26, 25, 29, 32, 33, 27, 33, 28, 14, 23, 40]}, null, null, 113, false, [], false, 0, [], null, 0, 1744327085.6394486, 0, {}]
[{"0": [3, 1, 3, 0, 23, 23, 25, 2, 4, 2, 1, 3, 3, 0, 1, 0, 2]}, null, null, 114, false, [], false, 0, [], null, 0, 1744327085.8558495, 0, {}]
[{"0": [2, 3, 21, 17, 34, 26, 2, 2, 1, 1, 1, 2, 1, 2, 2, 1, 3]}, null, null, 114, false, [], false, 0, [], null, 0, 1744327086.0843651, 0, {}]
[{"0": [0, 2, 0, 2, 0, 2, 2, 1, 4, 0, 6, 4, 1, 0, 22, 28, 2]}, null, null, 115, false, [], false, 0, [], null, 0, 1744327086.2949154, 0, {}]
[{"0": [30, 29, 18, 28, 24, 35, 4, 2, 2, 3, 3, 2, 2, 2, 1, 3, 1]}, null, null, 116, false, [], false, 0, [], null, 0, 1744327086.5059211, 0, {}]
[{"0": [1, 5, 1, 0, 1, 3, 3, 4, 4, 4, 4, 2, 2, 0, 31, 30, 27]}, null, null, 116, false, [], false, 0, [], null, 0, 1744327086.720849, 0, {}]
[{"0": [0, 6, 1, 2, 33, 30, 20, 16, 1, 5, 1, 1, 3, 1, 2, 4, 0]}, null, null, 117, false, [], false, 0, [], null, 0, 1744327086.9486346, 0, {}]
[{"0": [3, 3, 3, 3, 0, 0, 0, 6, 4, 6, 1, 24, 33, 30, 27, 29, 21]}, null, null, 117, false, [], false, 0, [], null, 0, 1744327087.1568408, 0, {}]
[{"0": [1, 2, 1, 2, 1, 2, 5, 5, 1, 1, 3, 0, 3, 0, 33, 37, 22]}, null, null, 118, false, [], false, 0, [], null, 0, 1744327087.3811166, 0, {}]
[{"0": [1, 0, 29, 24, 0, 1, 2, 1, 2, 2, 2, 0, 0, 1, 0, 0, 1]}, null, null, 119, false, [], false, 0, [], null, 0, 1744327087.5934727, 0, {}]
[{"0": [1, 1, 3, 1, 5, 2, 2, 1, 2, 0, 0, 2, 22, 19, 32, 32, 1]}, null, null, 119, false, [], false, 0, [], null, 0, 1744327087.8032894, 0, {}]
[{"0": [0, 4, 2, 2, 2, 19, 26, 34, 30, 28, 21, 2, 0, 1, 1, 6, 6]}, null, null, 120, false, [], false, 0, [], null, 0, 1744327088.026371, 0, {}]
[{"0": [1, 1, 0, 2, 2, 2, 0, 31, 0, 3, 0, 0, 3, 3, 0, 0, 1]}, null, null, 120, false, [], false, 0, [], null, 0, 1744327088.2473795, 0, {}]
[{"0": [0, 1, 3, 2, 0, 29, 30, 1, 3, 1, 1, 2, 0, 1, 1, 2, 1]}, null, null, 121, false, [], false, 0, [], null, 0, 1744327088.454452, 0, {}]
[{"0": [1, 3, 3, 1, 0, 1, 1, 4, 29, 24, 27, 22, 24, 28, 23, 37, 39]}, null, null, 122, false, [], false, 0, [], null, 0, 1744327088.678741, 0, {}]
[{"0": [0, 4, 6, 1, 0, 1, 37, 28, 29, 34, 26, 32, 24, 34, 24, 38, 34]}, null, null, 122, false, [], false, 0, [], null, 0, 1744327088.8960655, 0, {}]
[{"0": [2, 3, 1, 2, 3, 3, 0, 23, 24, 24, 1, 2, 1, 2, 0, 4, 1]}, null, null, 123, false, [], false, 0, [], null, 0, 1744327089.1123157, 0, {}]
[{"0": [1, 4, 3, 5, 2, 1, 26, 28, 34, 31, 28, 30, 2, 0, 1, 1, 1]}, null, null, 123, false, [], false, 0, [], null, 0, 1744327089.3332384, 0, {}]
[{"0": [1, 1, 1, 3, 6, 2, 5, 1, 3, 2, 0, 1, 1, 1, 5, 2, 3]}, null, null, 124, false, [], false, 0, [], null, 0, 1744327089.5370748, 0, {}]
[{"0": [23, 37, 24, 0, 1, 1, 0, 2, 2, 1, 3, 1, 0, 2, 1, 2, 4]}, null, null, 125, false, [], false, 0, [], null, 0, 1744327089.749801, 0, {}]
[{"0": [0, 4, 0, 6, 4, 4, 0, 2, 19, 1, 2, 0, 3, 3, 2, 2, 0]}, null, null, 125, false, [], false, 0, [], null, 0, 1744327089.9726057, 0, {}]
[{"0": [2, 1, 37, 22, 30, 30, 32, 26, 2, 2, 2, 1, 2, 1, 1, 1, 1]}, null, null, 126, false, [], false, 0, [], null, 0, 1744327090.182918, 0, {}]
[{"0": [2, 1, 1, 0, 0, 36, 25, 28, 1, 3, 2, 0, 0, 0, 2, 1, 2]}, null, null, 127, false, [], false, 0, [], null, 0, 1744327090.404392, 0, {}]
[{"0": [2, 0, 2, 1, 5, 1, 2, 4, 2, 4, 1, 3, 2, 1, 2, 0, 1]}, null, null, 127, false, [], false, 0, [], null, 0, 1744327090.630411, 0, {}]
[{"0": [2, 1, 1, 3, 4, 1, 1, 1, 3, 0, 0, 0, 1, 27, 33, 24, 30]}, null, null, 128, false, [], false, 0, [], null, 0, 1744327090.8385024, 0, {}]
[{"0": [0, 2, 1, 0, 2, 5, 1, 1, 1, 2, 3, 1, 1, 2, 0, 2, 26]}, null, null, 128, false, [], false, 0, [], null, 0, 1744327091.0563164, 0, {}]
[{"0": [30, 1, 1, 0, 1, 2, 1, 1, 2, 0, 0, 4, 1, 0, 4, 4, 1]}, null, null, 129, false, [], false, 0, [], null, 0, 1744327091.2798924, 0, {}]
[{"0": [2, 2, 0, 5, 3, 1, 0, 2, 1, 1, 2, 4, 1, 3, 2, 0, 30]}, null, null, 130, false, [], false, 0, [], null, 0, 1744327091.487073, 0, {}]
[{"0": [25, 4, 0, 2, 1, 3, 5, 3, 1, 1, 2, 1, 2, 1, 3, 2, 3]}, null, null, 130, false, [], false, 0, [], null, 0, 1744327091.7187724, 0, {}]
[{"0": [1, 4, 3, 1, 3, 0, 0, 1, 0, 2, 1, 1, 1, 1, 32, 1, 2]}, null, null, 131, false, [], false, 0, [], null, 0, 1744327091.9270585, 0, {}]
[{"0": [4, 1, 1, 1, 2, 4, 22, 32, 27, 31, 35, 30, 33, 35, 28, 30, 22]}, null, null, 131, false, [], false, 0, [], null, 0, 1744327092.137814, 0, {}]
[{"0": [2, 0, 1, 0, 3, 2, 28, 30, 32, 21, 24, 36, 32, 31, 31, 40, 31]}, null, null, 132, false, [], false, 0, [], null, 0, 1744327092.3463156, 0, {}]
[{"0": [1, 3, 24, 29, 28, 35, 1, 1, 0, 2, 4, 6, 1, 0, 0, 3, 0]}, null, null, 133, false, [], false, 0, [], null, 0, 1744327092.585706, 0, {}]
[{"0": [3, 2, 1, 1, 25, 35, 26, 2, 2, 4, 2, 4, 3, 3, 1, 2, 4]}, null, null, 133, false, [], false, 0, [], null, 0, 1744327092.7991142, 0, {}]
[{"0": [1, 2, 4, 2, 1, 2, 1, 2, 1, 1, 2, 2, 3, 2, 1, 3, 34]}, null, null, 134, false, [], false, 0, [], null, 0, 1744327093.0129485, 0, {}]
[{"0": [0, 2, 1, 5, 31, 29, 22, 23, 23, 34, 28, 29, 30, 30, 33, 35, 28]}, null, null, 134, false, [], false, 0, [], null, 0, 1744327093.2175822, 0, {}]
[{"0": [2, 2, 5, 4, 1, 2, 1, 0, 1, 3, 5, 43, 26, 22, 27, 32, 25]}, null, null, 135, false, [], false, 0, [], null, 0, 1744327093.4375558, 0, {}]
[{"0": [1, 4, 2, 3, 1, 1, 3, 1, 2, 15, 21, 27, 21, 4, 0, 5, 2]}, null, null, 136, false, [], false, 0, [], null, 0, 1744327093.6538522, 0, {}]
[{"0": [3, 0, 3, 4, 3, 0, 1, 2, 0, 40, 31, 36, 33, 37, 38, 26, 29]}, null, null, 136, false, [], false, 0, [], null, 0, 1744327093.8725655, 0, {}]
[{"0": [2, 1, 3, 2, 34, 37, 1, 4, 3, 3, 3, 2, 3, 2, 2, 1, 3]}, null, null, 137, false, [], false, 0, [], null, 0, 1744327094.0891352, 0, {}]
[{"0": [2, 3, 19, 28, 5, 0, 2, 4, 2, 4, 3, 1, 5, 3, 3, 1, 1]}, null, null, 137, false, [], false, 0, [], null, 0, 1744327094.2945867, 0, {}]
[{"0": [4, 2, 2, 1, 2, 1, 2, 2, 2, 2, 2, 0, 1, 34, 25, 29, 42]}, null, null, 138, false, [], false, 0, [], null, 0, 1744327094.5207226, 0, {}]
[{"0": [0, 1, 0, 2, 3, 4, 4, 2, 0, 4, 1, 32, 26, 25, 3, 3, 2]}, null, null, 139, false, [], false, 0, [], null, 0, 1744327094.74965, 0, {}]
[{"0": [2, 0, 1, 2, 1, 2, 0, 2, 3, 0, 0, 1, 2, 29, 22, 32, 33]}, null, null, 139, false, [], false, 0, [], null, 0, 1744327094.9574063, 0, {}]
[{"0": [34, 26, 31, 22, 2, 3, 2, 4, 2, 2, 0, 1, 2, 1, 3, 1, 2]}, null, null, 140, false, [], false, 0, [], null, 0, 1744327095.1601653, 0, {}]
[{"0": [3, 5, 0, 1, 2, 3, 4, 32, 23, 1, 0, 0, 0, 3, 1, 1, 3]}, null, null, 140, false, [], false, 0, [], null, 0, 1744327095.3930802, 0, {}]
[{"0": [1, 3, 1, 3, 1, 3, 2, 1, 1, 1, 1, 1, 1, 2, 34, 31, 1]}, null, null, 141, false, [], false, 0, [], null, 0, 1744327095.6011293, 0, {}]
[{"0": [1, 2, 0, 1, 4, 0, 3, 3, 1, 1, 28, 23, 34, 26, 35, 23, 31]}, null, null, 142, false, [], false, 0, [], null, 0, 1744327095.8205905, 0, {}]
[{"0": [2, 1, 1, 1, 33, 1, 3, 2, 2, 0, 2, 1, 3, 2, 5, 3, 0]}, null, null, 142, false, [], false, 0, [], null, 0, 1744327096.0422149, 0, {}]
[{"0": [24, 2, 2, 2, 2, 3, 1, 5, 1, 5, 2, 5, 1, 1, 2, 1, 2]}, null, null, 143, false, [], false, 0, [], null, 0, 1744327096.2629926, 0, {}]
[{"0": [1, 1, 3, 34, 40, 28, 1, 1, 1, 3, 0, 2, 2, 1, 2, 2, 4]}, null, null, 143, false, [], false, 0, [], null, 0, 1744327096.4631228, 0, {}]
[{"0": [6, 1, 1, 0, 1, 0, 2, 2, 2, 1, 2, 2, 1, 1, 3, 2, 23]}, null, null, 144, false, [], false, 0, [], null, 0, 1744327096.6912947, 0, {}]
[{"0": [1, 2, 0, 2, 1, 1, 1, 3, 1, 27, 27, 26, 27, 38, 21, 20, 19]}, null, null, 145, false, [], false, 0, [], null, 0, 1744327096.9022486, 0, {}]
[{"0": [1, 3, 29, 33, 35, 34, 3, 2, 2, 0, 1, 0, 2, 1, 1, 0, 0]}, null, null, 145, false, [], false, 0, [], null, 0, 1744327097.126583, 0, {}]
[{"0": [1, 5, 5, 3, 1, 2, 1, 0, 0, 1, 1, 2, 2, 1, 4, 1, 20]}, null, null, 146, false, [], false, 0, [], null, 0, 1744327097.3403723, 0, {}]
[{"0": [1, 5, 2, 0, 4, 2, 27, 2, 1, 0, 3, 3, 3, 3, 0, 0, 1]}, null, null, 146, false, [], false, 0, [], null, 0, 1744327097.5560338, 0, {}]
[{"0": [1, 3, 1, 4, 2, 1, 3, 1, 35, 30, 25, 5, 3, 2, 3, 0, 3]}, null, null, 147, false, [], false, 0, [], null, 0, 1744327097.775294, 0, {}]
[{"0": [2, 3, 2, 4, 1, 0, 2, 1, 1, 2, 3, 2, 3, 5, 28, 32, 2]}, null, null, 148, false, [], false, 0, [], null, 0, 1744327097.980383, 0, {}]
[{"0": [1, 4, 1, 0, 2, 0, 1, 1, 0, 0, 4, 3, 3, 3, 19, 2, 1]}, null, null, 148, false, [], false, 0, [], null, 0, 1744327098.2056801, 0, {}]
[{"0": [0, 2, 0, 0, 24, 1, 3, 4, 3, 1, 0, 1, 5, 3, 3, 2, 3]}, null, null, 149, false, [], false, 0, [], null, 0, 1744327098.4233012, 0, {}]
[{"0": [2, 1, 3, 3, 4, 2, 34, 36, 24, 27, 27, 28, 26, 30, 29, 30, 32]}, null, null, 149, false, [], false, 0, [], null, 0, 1744327098.6307993, 0, {}]
[{"0": [16, 29, 29, 27, 0, 3, 0, 1, 4, 4, 2, 0, 3, 2, 2, 1, 4]}, null, null, 150, true, [], false, 0, [], null, 0, 1744327098.8597088, 0, {}]
