[{"0": [3, 2, 2, 1, 1, 2, 0, 1, 2, 4, 2, 3, 2, 2, 3, 0, 35]}, null, null, 0, false, [], false, 0, [], null, 0, 1744325907.0244224, 0, {}]
[{"0": [2, 2, 0, 1, 3, 4, 1, 2, 1, 1, 3, 1, 3, 2, 2, 2, 36]}, null, null, 1, false, [], false, 0, [], null, 0, 1744325907.2588396, 0, {}]
[{"0": [2, 0, 1, 4, 1, 2, 1, 1, 1, 29, 37, 40, 6, 3, 0, 2, 1]}, null, null, 1, false, [], false, 0, [], null, 0, 1744325907.4662366, 0, {}]
[{"0": [0, 2, 0, 2, 0, 2, 4, 1, 0, 1, 3, 5, 1, 0, 3, 3, 1]}, null, null, 2, false, [], false, 0, [], null, 0, 1744325907.6838844, 0, {}]
[{"0": [1, 0, 1, 2, 1, 0, 3, 4, 1, 2, 0, 38, 41, 3, 0, 3, 1]}, null, null, 2, false, [], false, 0, [], null, 0, 1744325907.8922083, 0, {}]
[{"0": [2, 1, 4, 3, 2, 1, 2, 2, 3, 3, 21, 31, 39, 40, 34, 36, 30]}, null, null, 3, false, [], false, 0, [], null, 0, 1744325908.1243472, 0, {}]
[{"0": [1, 0, 2, 26, 2, 2, 2, 0, 3, 2, 3, 2, 1, 1, 1, 1, 6]}, null, null, 4, false, [], false, 0, [], null, 0, 1744325908.3445978, 0, {}]
[{"0": [2, 3, 2, 3, 31, 31, 4, 0, 4, 1, 0, 3, 1, 0, 0, 3, 4]}, null, null, 4, false, [], false, 0, [], null, 0, 1744325908.5589576, 0, {}]
[{"0": [0, 1, 0, 4, 1, 1, 2, 0, 1, 1, 2, 4, 2, 0, 1, 0, 39]}, null, null, 5, false, [], false, 0, [], null, 0, 1744325908.764054, 0, {}]
[{"0": [4, 0, 2, 27, 25, 33, 31, 29, 28, 22, 2, 3, 4, 3, 2, 1, 1]}, null, null, 5, false, [], false, 0, [], null, 0, 1744325908.9890945, 0, {}]
[{"0": [1, 2, 2, 2, 4, 2, 2, 6, 2, 3, 4, 0, 1, 1, 1, 2, 37]}, null, null, 6, false, [], false, 0, [], null, 0, 1744325909.193596, 0, {}]
[{"0": [1, 2, 4, 1, 1, 2, 3, 2, 0, 2, 3, 0, 36, 38, 36, 24, 29]}, null, null, 7, false, [], false, 0, [], null, 0, 1744325909.409974, 0, {}]
[{"0": [1, 1, 1, 1, 1, 2, 0, 3, 2, 1, 1, 0, 3, 2, 1, 1, 2]}, null, null, 7, false, [], false, 0, [], null, 0, 1744325909.6271665, 0, {}]
[{"0": [1, 3, 0, 37, 1, 2, 2, 10, 1, 0, 5, 1, 4, 7, 4, 2, 2]}, null, null, 8, false, [], false, 0, [], null, 0, 1744325909.8417706, 0, {}]
[{"0": [34, 35, 27, 1, 3, 0, 0, 1, 2, 2, 2, 3, 1, 2, 0, 3, 0]}, null, null, 8, false, [], false, 0, [], null, 0, 1744325910.062496, 0, {}]
[{"0": [2, 2, 4, 2, 3, 3, 1, 2, 0, 1, 38, 31, 31, 28, 46, 2, 1]}, null, null, 9, false, [], false, 0, [], null, 0, 1744325910.2907827, 0, {}]
[{"0": [1, 3, 3, 4, 2, 3, 1, 3, 33, 32, 22, 27, 29, 30, 38, 35, 30]}, null, null, 10, false, [], false, 0, [], null, 0, 1744325910.5048113, 0, {}]
[{"0": [1, 2, 33, 26, 33, 48, 32, 33, 35, 0, 0, 1, 0, 1, 0, 2, 2]}, null, null, 10, false, [], false, 0, [], null, 0, 1744325910.71874, 0, {}]
[{"0": [3, 0, 7, 1, 1, 1, 2, 0, 4, 0, 3, 1, 1, 1, 35, 1, 2]}, null, null, 11, false, [], false, 0, [], null, 0, 1744325910.9365942, 0, {}]
[{"0": [5, 3, 2, 1, 5, 3, 0, 2, 2, 1, 1, 3, 2, 2, 1, 0, 28]}, null, null, 11, false, [], false, 0, [], null, 0, 1744325911.1450446, 0, {}]
[{"0": [1, 2, 1, 0, 4, 3, 1, 1, 1, 5, 1, 1, 23, 1, 0, 3, 1]}, null, null, 12, false, [], false, 0, [], null, 0, 1744325911.359102, 0, {}]
[{"0": [1, 0, 34, 32, 41, 26, 27, 30, 37, 30, 29, 0, 2, 3, 3, 3, 2]}, null, null, 13, false, [], false, 0, [], null, 0, 1744325911.582963, 0, {}]
[{"0": [1, 3, 6, 2, 3, 4, 1, 1, 4, 3, 1, 3, 2, 3, 32, 28, 3]}, null, null, 13, false, [], false, 0, [], null, 0, 1744325911.7921002, 0, {}]
[{"0": [1, 1, 3, 0, 0, 1, 2, 0, 0, 26, 37, 28, 22, 26, 36, 44, 31]}, null, null, 14, false, [], false, 0, [], null, 0, 1744325912.0117273, 0, {}]
[{"0": [2, 3, 0, 4, 1, 0, 2, 3, 3, 31, 28, 1, 2, 1, 3, 3, 1]}, null, null, 14, false, [], false, 0, [], null, 0, 1744325912.224273, 0, {}]
[{"0": [1, 2, 2, 1, 4, 2, 30, 31, 33, 2, 2, 3, 1, 2, 4, 0, 1]}, null, null, 15, false, [], false, 0, [], null, 0, 1744325912.4566853, 0, {}]
[{"0": [1, 6, 27, 20, 24, 0, 5, 2, 5, 2, 2, 1, 2, 0, 3, 3, 3]}, null, null, 16, false, [], false, 0, [], null, 0, 1744325912.666456, 0, {}]
[{"0": [0, 5, 4, 1, 2, 1, 0, 1, 1, 1, 0, 5, 1, 1, 2, 22, 29]}, null, null, 16, false, [], false, 0, [], null, 0, 1744325912.8798249, 0, {}]
[{"0": [2, 2, 3, 1, 2, 31, 28, 25, 3, 5, 3, 2, 0, 2, 2, 1, 2]}, null, null, 17, false, [], false, 0, [], null, 0, 1744325913.0966926, 0, {}]
[{"0": [28, 3, 2, 0, 1, 1, 3, 0, 2, 1, 0, 1, 1, 0, 1, 1, 2]}, null, null, 17, false, [], false, 0, [], null, 0, 1744325913.3187766, 0, {}]
[{"0": [3, 0, 3, 1, 1, 1, 0, 3, 31, 28, 29, 22, 33, 22, 23, 0, 2]}, null, null, 18, false, [], false, 0, [], null, 0, 1744325913.532729, 0, {}]
[{"0": [1, 0, 2, 2, 2, 3, 1, 3, 30, 38, 1, 2, 0, 2, 3, 0, 0]}, null, null, 19, false, [], false, 0, [], null, 0, 1744325913.747207, 0, {}]
[{"0": [0, 1, 1, 2, 1, 4, 2, 1, 2, 2, 3, 2, 3, 0, 1, 0, 16]}, null, null, 19, false, [], false, 0, [], null, 0, 1744325913.9681091, 0, {}]
[{"0": [3, 2, 1, 1, 1, 0, 1, 5, 1, 0, 3, 26, 39, 25, 26, 30, 34]}, null, null, 20, false, [], false, 0, [], null, 0, 1744325914.1828935, 0, {}]
[{"0": [0, 1, 3, 1, 3, 4, 33, 32, 31, 2, 1, 0, 2, 1, 6, 1, 2]}, null, null, 20, false, [], false, 0, [], null, 0, 1744325914.396195, 0, {}]
[{"0": [1, 2, 1, 3, 5, 0, 4, 0, 1, 1, 1, 38, 23, 40, 23, 31, 22]}, null, null, 21, false, [], false, 0, [], null, 0, 1744325914.6086388, 0, {}]
[{"0": [5, 0, 0, 3, 34, 29, 36, 26, 32, 34, 41, 29, 39, 43, 26, 1, 3]}, null, null, 22, false, [], false, 0, [], null, 0, 1744325914.8283038, 0, {}]
[{"0": [1, 1, 3, 3, 32, 28, 34, 41, 28, 36, 2, 2, 1, 2, 5, 4, 1]}, null, null, 22, false, [], false, 0, [], null, 0, 1744325915.059208, 0, {}]
[{"0": [1, 1, 0, 2, 1, 3, 4, 1, 3, 34, 1, 2, 3, 3, 3, 0, 1]}, null, null, 23, false, [], false, 0, [], null, 0, 1744325915.2650537, 0, {}]
[{"0": [1, 3, 4, 0, 3, 0, 30, 21, 39, 3, 2, 0, 2, 2, 3, 3, 0]}, null, null, 23, false, [], false, 0, [], null, 0, 1744325915.4738996, 0, {}]
[{"0": [29, 34, 3, 0, 4, 1, 5, 2, 5, 2, 4, 3, 2, 2, 1, 1, 0]}, null, null, 24, false, [], false, 0, [], null, 0, 1744325915.7022839, 0, {}]
[{"0": [5, 0, 22, 23, 29, 34, 31, 23, 29, 16, 36, 27, 28, 31, 32, 35, 28]}, null, null, 25, false, [], false, 0, [], null, 0, 1744325915.9201112, 0, {}]
[{"0": [1, 0, 2, 2, 3, 1, 1, 4, 1, 0, 2, 3, 3, 1, 19, 29, 31]}, null, null, 25, false, [], false, 0, [], null, 0, 1744325916.1278036, 0, {}]
[{"0": [1, 2, 0, 1, 1, 1, 2, 2, 0, 3, 28, 32, 33, 23, 29, 32, 23]}, null, null, 26, false, [], false, 0, [], null, 0, 1744325916.3390968, 0, {}]
[{"0": [2, 0, 3, 3, 1, 4, 1, 42, 28, 35, 28, 4, 2, 2, 3, 0, 3]}, null, null, 27, false, [], false, 0, [], null, 0, 1744325916.576135, 0, {}]
[{"0": [0, 0, 1, 1, 1, 2, 3, 2, 1, 2, 34, 34, 25, 30, 33, 36, 32]}, null, null, 27, false, [], false, 0, [], null, 0, 1744325916.7767997, 0, {}]
[{"0": [5, 3, 3, 4, 2, 1, 1, 1, 2, 0, 32, 35, 2, 3, 0, 2, 2]}, null, null, 28, false, [], false, 0, [], null, 0, 1744325917.0018117, 0, {}]
[{"0": [29, 40, 35, 22, 27, 1, 5, 3, 1, 0, 0, 4, 0, 1, 0, 5, 4]}, null, null, 28, false, [], false, 0, [], null, 0, 1744325917.2264462, 0, {}]
[{"0": [0, 1, 1, 1, 3, 1, 1, 2, 1, 1, 0, 5, 1, 0, 37, 28, 2]}, null, null, 29, false, [], false, 0, [], null, 0, 1744325917.4430425, 0, {}]
[{"0": [2, 1, 43, 2, 1, 2, 2, 1, 4, 1, 1, 3, 2, 3, 4, 2, 2]}, null, null, 30, false, [], false, 0, [], null, 0, 1744325917.6516423, 0, {}]
[{"0": [1, 0, 2, 2, 35, 1, 1, 2, 4, 4, 1, 1, 4, 1, 3, 1, 2]}, null, null, 30, false, [], false, 0, [], null, 0, 1744325917.8572505, 0, {}]
[{"0": [3, 3, 1, 1, 1, 1, 1, 3, 1, 23, 33, 0, 4, 5, 0, 2, 5]}, null, null, 31, false, [], false, 0, [], null, 0, 1744325918.0940762, 0, {}]
[{"0": [1, 2, 3, 2, 0, 3, 0, 1, 0, 0, 0, 5, 4, 1, 2, 1, 3]}, null, null, 31, false, [], false, 0, [], null, 0, 1744325918.302716, 0, {}]
[{"0": [0, 0, 1, 0, 1, 2, 0, 3, 1, 21, 22, 27, 24, 21, 32, 23, 25]}, null, null, 32, false, [], false, 0, [], null, 0, 1744325918.510251, 0, {}]
[{"0": [1, 3, 3, 3, 2, 1, 0, 3, 1, 1, 25, 25, 5, 4, 1, 1, 2]}, null, null, 33, false, [], false, 0, [], null, 0, 1744325918.7296422, 0, {}]
[{"0": [0, 1, 3, 2, 3, 2, 1, 27, 27, 21, 24, 26, 27, 30, 37, 0, 1]}, null, null, 33, false, [], false, 0, [], null, 0, 1744325918.9471674, 0, {}]
[{"0": [3, 2, 1, 4, 1, 2, 3, 2, 2, 2, 2, 0, 2, 26, 27, 38, 25]}, null, null, 34, false, [], false, 0, [], null, 0, 1744325919.1644504, 0, {}]
[{"0": [0, 1, 1, 0, 2, 3, 1, 2, 1, 3, 0, 2, 1, 1, 2, 1, 1]}, null, null, 34, false, [], false, 0, [], null, 0, 1744325919.3816345, 0, {}]
[{"0": [35, 36, 24, 32, 32, 2, 2, 2, 5, 1, 2, 1, 4, 0, 3, 3, 5]}, null, null, 35, false, [], false, 0, [], null, 0, 1744325919.596989, 0, {}]
[{"0": [0, 4, 1, 2, 5, 25, 22, 21, 25, 0, 2, 3, 2, 0, 1, 4, 1]}, null, null, 36, false, [], false, 0, [], null, 0, 1744325919.8213289, 0, {}]
[{"0": [4, 0, 2, 1, 25, 26, 31, 27, 31, 3, 1, 2, 3, 0, 0, 2, 0]}, null, null, 36, false, [], false, 0, [], null, 0, 1744325920.0245242, 0, {}]
[{"0": [23, 2, 1, 3, 3, 3, 1, 2, 2, 2, 1, 1, 0, 2, 2, 0, 4]}, null, null, 37, false, [], false, 0, [], null, 0, 1744325920.2449956, 0, {}]
[{"0": [1, 1, 1, 2, 1, 1, 2, 3, 1, 4, 4, 2, 2, 2, 0, 0, 0]}, null, null, 37, false, [], false, 0, [], null, 0, 1744325920.4656649, 0, {}]
[{"0": [1, 2, 1, 29, 20, 0, 1, 3, 0, 2, 2, 0, 3, 2, 2, 3, 3]}, null, null, 38, false, [], false, 0, [], null, 0, 1744325920.6794841, 0, {}]
[{"0": [1, 1, 1, 4, 4, 1, 0, 2, 0, 2, 1, 3, 0, 1, 1, 17, 31]}, null, null, 39, false, [], false, 0, [], null, 0, 1744325920.891408, 0, {}]
[{"0": [2, 1, 0, 1, 32, 1, 1, 4, 0, 4, 1, 0, 1, 1, 1, 2, 2]}, null, null, 39, false, [], false, 0, [], null, 0, 1744325921.1086218, 0, {}]
[{"0": [3, 4, 0, 0, 2, 2, 1, 35, 31, 39, 35, 2, 0, 1, 3, 2, 0]}, null, null, 40, false, [], false, 0, [], null, 0, 1744325921.3420184, 0, {}]
[{"0": [0, 2, 4, 2, 1, 1, 3, 3, 29, 3, 2, 0, 4, 2, 3, 0, 3]}, null, null, 40, false, [], false, 0, [], null, 0, 1744325921.539248, 0, {}]
[{"0": [0, 3, 2, 2, 28, 2, 0, 3, 4, 3, 0, 3, 2, 4, 2, 1, 3]}, null, null, 41, false, [], false, 0, [], null, 0, 1744325921.7636917, 0, {}]
[{"0": [2, 2, 2, 4, 1, 2, 24, 0, 2, 1, 2, 2, 0, 4, 5, 1, 3]}, null, null, 42, false, [], false, 0, [], null, 0, 1744325921.9819298, 0, {}]
[{"0": [2, 4, 4, 2, 26, 1, 1, 2, 1, 1, 2, 1, 0, 5, 3, 1, 0]}, null, null, 42, false, [], false, 0, [], null, 0, 1744325922.2050862, 0, {}]
[{"0": [1, 1, 0, 0, 1, 5, 3, 0, 2, 2, 1, 3, 28, 26, 25, 34, 29]}, null, null, 43, false, [], false, 0, [], null, 0, 1744325922.4094696, 0, {}]
[{"0": [1, 3, 3, 3, 2, 2, 3, 1, 3, 3, 4, 2, 0, 4, 2, 1, 39]}, null, null, 43, false, [], false, 0, [], null, 0, 1744325922.6400266, 0, {}]
[{"0": [2, 1, 5, 2, 4, 1, 1, 2, 2, 0, 2, 0, 21, 24, 27, 3, 2]}, null, null, 44, false, [], false, 0, [], null, 0, 1744325922.8464315, 0, {}]
[{"0": [1, 1, 1, 2, 0, 2, 0, 2, 4, 2, 4, 2, 2, 3, 30, 25, 26]}, null, null, 45, false, [], false, 0, [], null, 0, 1744325923.0657494, 0, {}]
[{"0": [1, 3, 3, 1, 2, 4, 1, 2, 1, 3, 1, 2, 0, 1, 1, 2, 24]}, null, null, 45, false, [], false, 0, [], null, 0, 1744325923.295107, 0, {}]
[{"0": [0, 1, 2, 2, 1, 2, 6, 23, 20, 34, 29, 24, 23, 34, 24, 25, 33]}, null, null, 46, false, [], false, 0, [], null, 0, 1744325923.4961588, 0, {}]
[{"0": [0, 1, 4, 1, 2, 3, 0, 4, 33, 2, 1, 3, 1, 1, 1, 3, 1]}, null, null, 46, false, [], false, 0, [], null, 0, 1744325923.713592, 0, {}]
[{"0": [3, 3, 1, 2, 1, 1, 1, 0, 1, 1, 3, 3, 1, 1, 1, 2, 4]}, null, null, 47, false, [], false, 0, [], null, 0, 1744325923.9320197, 0, {}]
[{"0": [5, 2, 2, 1, 0, 2, 1, 2, 0, 2, 33, 29, 22, 2, 2, 0, 2]}, null, null, 48, false, [], false, 0, [], null, 0, 1744325924.1499524, 0, {}]
[{"0": [3, 1, 3, 5, 1, 4, 5, 1, 3, 2, 1, 1, 3, 5, 2, 30, 28]}, null, null, 48, false, [], false, 0, [], null, 0, 1744325924.3620749, 0, {}]
[{"0": [3, 2, 4, 1, 1, 0, 0, 2, 1, 1, 3, 2, 2, 2, 33, 26, 23]}, null, null, 49, false, [], false, 0, [], null, 0, 1744325924.594085, 0, {}]
[{"0": [1, 2, 2, 24, 25, 2, 1, 2, 2, 1, 3, 1, 0, 0, 2, 2, 0]}, null, null, 49, false, [], false, 0, [], null, 0, 1744325924.8050044, 0, {}]
[{"0": [2, 3, 1, 1, 0, 0, 0, 2, 3, 1, 2, 2, 28, 32, 30, 24, 2]}, null, null, 50, false, [], false, 0, [], null, 0, 1744325925.01438, 0, {}]
[{"0": [2, 4, 3, 3, 0, 2, 17, 25, 1, 2, 3, 1, 3, 1, 0, 1, 0]}, null, null, 51, false, [], false, 0, [], null, 0, 1744325925.2256186, 0, {}]
[{"0": [0, 0, 0, 0, 3, 6, 33, 33, 38, 32, 30, 30, 4, 1, 2, 3, 1]}, null, null, 51, false, [], false, 0, [], null, 0, 1744325925.4457123, 0, {}]
[{"0": [0, 3, 3, 0, 3, 0, 0, 2, 0, 1, 2, 2, 1, 3, 2, 0, 34]}, null, null, 52, false, [], false, 0, [], null, 0, 1744325925.6554976, 0, {}]
[{"0": [3, 1, 2, 2, 1, 3, 25, 1, 1, 3, 1, 1, 2, 0, 1, 6, 4]}, null, null, 52, false, [], false, 0, [], null, 0, 1744325925.8844151, 0, {}]
[{"0": [0, 3, 1, 4, 2, 3, 0, 6, 2, 2, 3, 1, 0, 30, 37, 31, 23]}, null, null, 53, false, [], false, 0, [], null, 0, 1744325926.0841408, 0, {}]
[{"0": [32, 25, 28, 25, 2, 0, 3, 2, 0, 2, 3, 1, 0, 1, 3, 1, 0]}, null, null, 54, false, [], false, 0, [], null, 0, 1744325926.3107486, 0, {}]
[{"0": [2, 3, 2, 0, 2, 2, 4, 1, 36, 39, 36, 0, 1, 1, 2, 0, 2]}, null, null, 54, false, [], false, 0, [], null, 0, 1744325926.5326798, 0, {}]
[{"0": [22, 27, 1, 3, 1, 0, 3, 0, 3, 1, 2, 3, 4, 2, 1, 0, 2]}, null, null, 55, false, [], false, 0, [], null, 0, 1744325926.746107, 0, {}]
[{"0": [2, 1, 3, 0, 1, 2, 0, 2, 3, 0, 0, 1, 1, 1, 28, 25, 14]}, null, null, 55, false, [], false, 0, [], null, 0, 1744325926.9559586, 0, {}]
[{"0": [3, 2, 3, 0, 3, 3, 1, 28, 23, 2, 2, 1, 1, 2, 3, 2, 3]}, null, null, 56, false, [], false, 0, [], null, 0, 1744325927.1731422, 0, {}]
[{"0": [27, 31, 34, 21, 26, 25, 21, 19, 2, 2, 1, 0, 1, 3, 2, 2, 0]}, null, null, 57, false, [], false, 0, [], null, 0, 1744325927.3897674, 0, {}]
[{"0": [0, 1, 3, 0, 2, 2, 1, 1, 2, 2, 2, 27, 29, 26, 40, 0, 2]}, null, null, 57, false, [], false, 0, [], null, 0, 1744325927.607922, 0, {}]
[{"0": [2, 3, 2, 0, 0, 1, 28, 35, 0, 0, 3, 2, 2, 4, 4, 1, 1]}, null, null, 58, false, [], false, 0, [], null, 0, 1744325927.8334134, 0, {}]
[{"0": [2, 3, 2, 24, 29, 32, 1, 0, 3, 0, 3, 0, 4, 2, 3, 2, 3]}, null, null, 58, false, [], false, 0, [], null, 0, 1744325928.0521164, 0, {}]
[{"0": [3, 1, 3, 0, 30, 39, 4, 1, 3, 2, 2, 2, 1, 4, 3, 1, 3]}, null, null, 59, false, [], false, 0, [], null, 0, 1744325928.2748258, 0, {}]
[{"0": [3, 1, 1, 2, 3, 1, 2, 3, 1, 3, 1, 2, 1, 3, 2, 38, 2]}, null, null, 60, false, [], false, 0, [], null, 0, 1744325928.4710715, 0, {}]
[{"0": [2, 3, 1, 4, 1, 1, 1, 2, 2, 1, 3, 3, 2, 0, 37, 26, 23]}, null, null, 60, false, [], false, 0, [], null, 0, 1744325928.694685, 0, {}]
[{"0": [0, 1, 5, 1, 1, 1, 0, 0, 2, 2, 1, 3, 1, 1, 1, 22, 35]}, null, null, 61, false, [], false, 0, [], null, 0, 1744325928.9036481, 0, {}]
[{"0": [4, 1, 6, 1, 0, 3, 2, 2, 1, 2, 1, 1, 0, 2, 27, 42, 30]}, null, null, 61, false, [], false, 0, [], null, 0, 1744325929.130795, 0, {}]
[{"0": [2, 4, 2, 4, 3, 3, 1, 2, 0, 2, 2, 0, 3, 2, 2, 2, 28]}, null, null, 62, false, [], false, 0, [], null, 0, 1744325929.3462186, 0, {}]
[{"0": [2, 2, 1, 0, 1, 2, 27, 33, 0, 2, 2, 3, 1, 4, 4, 4, 3]}, null, null, 63, false, [], false, 0, [], null, 0, 1744325929.5601149, 0, {}]
[{"0": [2, 2, 0, 2, 1, 0, 3, 2, 31, 1, 2, 2, 4, 2, 2, 1, 2]}, null, null, 63, false, [], false, 0, [], null, 0, 1744325929.783801, 0, {}]
[{"0": [0, 2, 1, 2, 1, 3, 29, 33, 23, 33, 31, 31, 26, 36, 26, 28, 22]}, null, null, 64, false, [], false, 0, [], null, 0, 1744325930.0001104, 0, {}]
[{"0": [1, 0, 0, 1, 2, 2, 0, 0, 1, 1, 3, 0, 2, 1, 2, 33, 25]}, null, null, 64, false, [], false, 0, [], null, 0, 1744325930.2075362, 0, {}]
[{"0": [2, 1, 2, 1, 1, 3, 0, 3, 2, 0, 1, 0, 1, 3, 0, 2, 0]}, null, null, 65, false, [], false, 0, [], null, 0, 1744325930.4300013, 0, {}]
[{"0": [2, 1, 3, 32, 33, 29, 22, 28, 29, 27, 1, 1, 3, 1, 2, 0, 1]}, null, null, 66, false, [], false, 0, [], null, 0, 1744325930.6397579, 0, {}]
[{"0": [1, 1, 1, 1, 33, 32, 23, 19, 0, 3, 1, 1, 0, 2, 3, 1, 1]}, null, null, 66, false, [], false, 0, [], null, 0, 1744325930.8645625, 0, {}]
[{"0": [1, 1, 3, 0, 2, 2, 0, 1, 1, 4, 1, 5, 0, 3, 2, 2, 2]}, null, null, 67, false, [], false, 0, [], null, 0, 1744325931.0805178, 0, {}]
[{"0": [0, 3, 1, 3, 4, 1, 0, 0, 2, 1, 0, 31, 40, 30, 26, 36, 25]}, null, null, 67, false, [], false, 0, [], null, 0, 1744325931.2961814, 0, {}]
[{"0": [0, 3, 0, 1, 4, 1, 2, 1, 1, 2, 5, 25, 0, 2, 2, 3, 1]}, null, null, 68, false, [], false, 0, [], null, 0, 1744325931.5116122, 0, {}]
[{"0": [28, 34, 29, 33, 40, 35, 23, 1, 1, 4, 1, 0, 3, 2, 1, 0, 0]}, null, null, 69, false, [], false, 0, [], null, 0, 1744325931.727117, 0, {}]
[{"0": [1, 2, 5, 3, 1, 6, 0, 2, 2, 2, 4, 0, 1, 0, 1, 4, 5]}, null, null, 69, false, [], false, 0, [], null, 0, 1744325931.93987, 0, {}]
[{"0": [2, 1, 1, 3, 1, 1, 3, 4, 1, 2, 1, 1, 3, 1, 3, 3, 28]}, null, null, 70, false, [], false, 0, [], null, 0, 1744325932.1531305, 0, {}]
[{"0": [1, 3, 1, 5, 5, 3, 0, 0, 2, 3, 1, 0, 2, 2, 22, 39, 29]}, null, null, 70, false, [], false, 0, [], null, 0, 1744325932.3839028, 0, {}]
[{"0": [1, 0, 1, 0, 1, 0, 1, 5, 0, 0, 5, 0, 2, 1, 31, 40, 3]}, null, null, 71, false, [], false, 0, [], null, 0, 1744325932.5861104, 0, {}]
[{"0": [3, 2, 1, 4, 28, 2, 1, 2, 3, 1, 2, 0, 2, 1, 2, 2, 2]}, null, null, 72, false, [], false, 0, [], null, 0, 1744325932.8188906, 0, {}]
[{"0": [0, 4, 2, 0, 0, 0, 2, 2, 1, 46, 23, 25, 32, 30, 26, 4, 3]}, null, null, 72, false, [], false, 0, [], null, 0, 1744325933.0235581, 0, {}]
[{"0": [0, 3, 1, 3, 1, 2, 1, 2, 2, 2, 2, 27, 36, 21, 22, 28, 33]}, null, null, 73, false, [], false, 0, [], null, 0, 1744325933.2477987, 0, {}]
[{"0": [3, 1, 0, 0, 37, 29, 32, 31, 26, 28, 41, 5, 8, 0, 2, 0, 1]}, null, null, 73, false, [], false, 0, [], null, 0, 1744325933.460424, 0, {}]
[{"0": [0, 1, 3, 3, 30, 2, 1, 2, 2, 1, 1, 1, 1, 1, 0, 3, 0]}, null, null, 74, false, [], false, 0, [], null, 0, 1744325933.6696784, 0, {}]
[{"0": [3, 2, 0, 0, 2, 3, 3, 32, 30, 3, 0, 1, 4, 0, 1, 2, 3]}, null, null, 75, false, [], false, 0, [], null, 0, 1744325933.8883681, 0, {}]
[{"0": [1, 6, 1, 1, 2, 3, 2, 3, 2, 2, 1, 2, 0, 1, 23, 3, 3]}, null, null, 75, false, [], false, 0, [], null, 0, 1744325934.1107502, 0, {}]
[{"0": [3, 3, 0, 3, 2, 3, 24, 29, 26, 26, 24, 34, 2, 3, 1, 1, 3]}, null, null, 76, false, [], false, 0, [], null, 0, 1744325934.3213398, 0, {}]
[{"0": [1, 1, 1, 1, 0, 1, 1, 0, 1, 0, 2, 1, 2, 2, 33, 31, 42]}, null, null, 77, false, [], false, 0, [], null, 0, 1744325934.5396519, 0, {}]
[{"0": [4, 0, 3, 6, 1, 0, 2, 3, 2, 0, 3, 0, 1, 1, 1, 2, 27]}, null, null, 77, false, [], false, 0, [], null, 0, 1744325934.7534587, 0, {}]
[{"0": [1, 2, 3, 0, 3, 32, 33, 30, 28, 27, 30, 30, 38, 21, 31, 6, 0]}, null, null, 78, false, [], false, 0, [], null, 0, 1744325934.9697156, 0, {}]
[{"0": [2, 3, 1, 1, 1, 2, 0, 24, 24, 2, 2, 0, 0, 3, 1, 0, 2]}, null, null, 78, false, [], false, 0, [], null, 0, 1744325935.191437, 0, {}]
[{"0": [4, 2, 29, 30, 27, 32, 2, 2, 1, 1, 1, 1, 5, 5, 4, 0, 5]}, null, null, 79, false, [], false, 0, [], null, 0, 1744325935.4197993, 0, {}]
[{"0": [2, 0, 4, 1, 1, 1, 2, 33, 1, 1, 1, 3, 2, 3, 4, 2, 2]}, null, null, 80, false, [], false, 0, [], null, 0, 1744325935.6291745, 0, {}]
[{"0": [3, 1, 1, 2, 2, 25, 29, 27, 35, 31, 26, 23, 40, 33, 24, 33, 26]}, null, null, 80, false, [], false, 0, [], null, 0, 1744325935.8414261, 0, {}]
[{"0": [0, 2, 5, 0, 1, 3, 24, 23, 28, 29, 37, 31, 4, 2, 0, 0, 2]}, null, null, 81, false, [], false, 0, [], null, 0, 1744325936.0606873, 0, {}]
[{"0": [3, 2, 1, 0, 0, 3, 2, 1, 4, 1, 32, 0, 2, 3, 1, 4, 2]}, null, null, 81, false, [], false, 0, [], null, 0, 1744325936.28819, 0, {}]
[{"0": [0, 3, 1, 2, 22, 27, 28, 1, 3, 5, 1, 4, 3, 2, 2, 1, 0]}, null, null, 82, false, [], false, 0, [], null, 0, 1744325936.4855087, 0, {}]
[{"0": [2, 2, 2, 1, 2, 2, 0, 1, 1, 35, 25, 26, 31, 25, 2, 4, 0]}, null, null, 83, false, [], false, 0, [], null, 0, 1744325936.7245324, 0, {}]
[{"0": [2, 3, 2, 1, 2, 2, 5, 3, 1, 0, 4, 0, 3, 0, 0, 1, 2]}, null, null, 83, false, [], false, 0, [], null, 0, 1744325936.9254465, 0, {}]
[{"0": [1, 1, 1, 3, 3, 1, 22, 39, 2, 0, 4, 5, 2, 1, 2, 0, 1]}, null, null, 84, false, [], false, 0, [], null, 0, 1744325937.1405442, 0, {}]
[{"0": [2, 3, 3, 1, 2, 1, 3, 4, 0, 1, 1, 1, 0, 2, 27, 23, 26]}, null, null, 84, false, [], false, 0, [], null, 0, 1744325937.358593, 0, {}]
[{"0": [3, 2, 1, 2, 4, 0, 1, 4, 2, 3, 2, 5, 3, 3, 2, 2, 1]}, null, null, 85, false, [], false, 0, [], null, 0, 1744325937.5727265, 0, {}]
[{"0": [0, 5, 2, 2, 2, 0, 2, 2, 2, 34, 27, 27, 2, 3, 0, 2, 1]}, null, null, 86, false, [], false, 0, [], null, 0, 1744325937.7888522, 0, {}]
[{"0": [2, 2, 1, 0, 3, 3, 1, 1, 3, 2, 3, 2, 1, 2, 27, 1, 2]}, null, null, 86, false, [], false, 0, [], null, 0, 1744325938.008414, 0, {}]
[{"0": [2, 0, 2, 1, 3, 1, 2, 1, 5, 4, 1, 1, 1, 0, 1, 2, 23]}, null, null, 87, false, [], false, 0, [], null, 0, 1744325938.2215385, 0, {}]
[{"0": [0, 1, 1, 2, 3, 2, 1, 3, 2, 2, 2, 2, 1, 2, 2, 2, 30]}, null, null, 87, false, [], false, 0, [], null, 0, 1744325938.4389625, 0, {}]
[{"0": [2, 5, 31, 28, 34, 30, 36, 20, 17, 25, 2, 2, 0, 0, 1, 3, 3]}, null, null, 88, false, [], false, 0, [], null, 0, 1744325938.6551063, 0, {}]
[{"0": [4, 0, 3, 2, 0, 0, 2, 2, 1, 0, 2, 2, 2, 0, 1, 36, 29]}, null, null, 89, false, [], false, 0, [], null, 0, 1744325938.8907359, 0, {}]
[{"0": [1, 1, 3, 0, 38, 27, 34, 26, 22, 37, 3, 1, 0, 0, 4, 2, 5]}, null, null, 89, false, [], false, 0, [], null, 0, 1744325939.112838, 0, {}]
[{"0": [1, 0, 2, 0, 0, 0, 0, 2, 2, 1, 30, 24, 30, 16, 24, 1, 1]}, null, null, 90, false, [], false, 0, [], null, 0, 1744325939.3034484, 0, {}]
[{"0": [1, 1, 1, 2, 33, 28, 23, 37, 18, 33, 28, 30, 33, 38, 27, 24, 32]}, null, null, 90, false, [], false, 0, [], null, 0, 1744325939.5291593, 0, {}]
[{"0": [29, 1, 0, 0, 0, 2, 1, 1, 2, 1, 1, 2, 1, 1, 3, 3, 1]}, null, null, 91, false, [], false, 0, [], null, 0, 1744325939.7460225, 0, {}]
[{"0": [1, 1, 28, 0, 1, 3, 1, 1, 3, 2, 1, 3, 4, 0, 0, 2, 0]}, null, null, 92, false, [], false, 0, [], null, 0, 1744325939.9560964, 0, {}]
[{"0": [2, 3, 0, 0, 2, 1, 1, 0, 2, 1, 1, 1, 7, 0, 3, 4, 31]}, null, null, 92, false, [], false, 0, [], null, 0, 1744325940.174797, 0, {}]
[{"0": [1, 1, 0, 2, 0, 0, 2, 1, 0, 3, 0, 1, 1, 1, 4, 3, 36]}, null, null, 93, false, [], false, 0, [], null, 0, 1744325940.3921099, 0, {}]
[{"0": [22, 29, 33, 29, 33, 29, 1, 0, 0, 3, 0, 0, 2, 4, 2, 2, 2]}, null, null, 93, false, [], false, 0, [], null, 0, 1744325940.6087282, 0, {}]
[{"0": [33, 36, 32, 28, 25, 33, 1, 3, 2, 1, 0, 1, 2, 1, 2, 2, 1]}, null, null, 94, false, [], false, 0, [], null, 0, 1744325940.83153, 0, {}]
[{"0": [6, 6, 4, 1, 2, 3, 0, 37, 27, 42, 29, 24, 34, 31, 25, 43, 30]}, null, null, 95, false, [], false, 0, [], null, 0, 1744325941.0475109, 0, {}]
[{"0": [2, 3, 2, 1, 3, 2, 30, 34, 33, 38, 24, 30, 2, 0, 2, 1, 1]}, null, null, 95, false, [], false, 0, [], null, 0, 1744325941.25989, 0, {}]
[{"0": [0, 0, 2, 2, 0, 0, 4, 31, 29, 27, 21, 1, 0, 2, 6, 2, 0]}, null, null, 96, false, [], false, 0, [], null, 0, 1744325941.4947376, 0, {}]
[{"0": [1, 0, 1, 3, 2, 3, 0, 2, 4, 2, 3, 32, 25, 25, 2, 2, 0]}, null, null, 96, false, [], false, 0, [], null, 0, 1744325941.6929886, 0, {}]
[{"0": [3, 2, 2, 3, 28, 34, 38, 26, 28, 28, 1, 3, 0, 1, 0, 0, 1]}, null, null, 97, false, [], false, 0, [], null, 0, 1744325941.908515, 0, {}]
[{"0": [2, 2, 0, 3, 0, 30, 28, 29, 42, 29, 36, 36, 1, 2, 0, 1, 1]}, null, null, 98, false, [], false, 0, [], null, 0, 1744325942.11969, 0, {}]
[{"0": [2, 2, 1, 1, 2, 29, 1, 1, 4, 2, 2, 3, 2, 2, 3, 1, 1]}, null, null, 98, false, [], false, 0, [], null, 0, 1744325942.3350646, 0, {}]
[{"0": [1, 1, 1, 2, 0, 3, 1, 2, 2, 3, 2, 3, 3, 1, 1, 2, 30]}, null, null, 99, false, [], false, 0, [], null, 0, 1744325942.570437, 0, {}]
[{"0": [2, 1, 1, 3, 3, 1, 4, 3, 2, 2, 2, 0, 1, 0, 3, 1, 0]}, null, null, 99, false, [], false, 0, [], null, 0, 1744325942.7862947, 0, {}]
[{"0": [4, 1, 1, 1, 1, 3, 0, 7, 24, 26, 4, 1, 0, 3, 1, 5, 4]}, null, null, 100, false, [], false, 0, [], null, 0, 1744325942.9844747, 0, {}]
[{"0": [0, 1, 2, 0, 2, 5, 2, 3, 1, 34, 36, 27, 37, 45, 30, 33, 1]}, null, null, 101, false, [], false, 0, [], null, 0, 1744325943.20015, 0, {}]
[{"0": [6, 1, 1, 3, 2, 27, 31, 1, 3, 2, 1, 0, 0, 1, 0, 2, 0]}, null, null, 101, false, [], false, 0, [], null, 0, 1744325943.434126, 0, {}]
[{"0": [1, 2, 4, 3, 1, 2, 31, 25, 2, 0, 2, 2, 0, 3, 1, 1, 3]}, null, null, 102, false, [], false, 0, [], null, 0, 1744325943.638108, 0, {}]
[{"0": [2, 1, 0, 2, 4, 1, 2, 33, 33, 31, 34, 28, 27, 34, 29, 33, 21]}, null, null, 102, false, [], false, 0, [], null, 0, 1744325943.8528209, 0, {}]
[{"0": [31, 30, 19, 28, 36, 37, 34, 38, 25, 1, 3, 1, 2, 1, 2, 1, 2]}, null, null, 103, false, [], false, 0, [], null, 0, 1744325944.0787537, 0, {}]
[{"0": [0, 4, 2, 2, 0, 0, 3, 3, 1, 2, 1, 2, 3, 32, 25, 0, 0]}, null, null, 104, false, [], false, 0, [], null, 0, 1744325944.287003, 0, {}]
[{"0": [1, 4, 0, 1, 3, 3, 28, 26, 18, 46, 20, 3, 1, 1, 2, 1, 2]}, null, null, 104, false, [], false, 0, [], null, 0, 1744325944.5009978, 0, {}]
[{"0": [22, 34, 34, 39, 29, 28, 37, 31, 29, 19, 2, 1, 1, 2, 4, 1, 3]}, null, null, 105, false, [], false, 0, [], null, 0, 1744325944.7163157, 0, {}]
[{"0": [5, 1, 2, 1, 1, 3, 1, 1, 24, 3, 1, 4, 1, 1, 1, 5, 1]}, null, null, 105, false, [], false, 0, [], null, 0, 1744325944.9417048, 0, {}]
[{"0": [2, 0, 0, 1, 0, 0, 2, 1, 28, 35, 36, 28, 31, 1, 2, 4, 3]}, null, null, 106, false, [], false, 0, [], null, 0, 1744325945.1580765, 0, {}]
[{"0": [2, 1, 3, 2, 2, 1, 4, 1, 2, 28, 2, 1, 2, 2, 1, 2, 2]}, null, null, 107, false, [], false, 0, [], null, 0, 1744325945.3832068, 0, {}]
[{"0": [3, 3, 0, 4, 3, 2, 1, 1, 22, 3, 1, 1, 2, 2, 3, 2, 1]}, null, null, 107, false, [], false, 0, [], null, 0, 1744325945.5921752, 0, {}]
[{"0": [1, 0, 1, 4, 2, 4, 0, 0, 4, 31, 17, 35, 28, 27, 40, 29, 24]}, null, null, 108, false, [], false, 0, [], null, 0, 1744325945.8092055, 0, {}]
[{"0": [2, 3, 2, 2, 2, 2, 1, 0, 1, 2, 1, 1, 1, 2, 32, 26, 30]}, null, null, 108, false, [], false, 0, [], null, 0, 1744325946.0198455, 0, {}]
[{"0": [2, 1, 2, 1, 2, 1, 1, 1, 2, 3, 1, 1, 3, 3, 3, 1, 4]}, null, null, 109, false, [], false, 0, [], null, 0, 1744325946.255857, 0, {}]
[{"0": [1, 3, 4, 2, 2, 1, 0, 4, 24, 1, 3, 4, 1, 2, 4, 1, 2]}, null, null, 110, false, [], false, 0, [], null, 0, 1744325946.4590132, 0, {}]
[{"0": [1, 1, 1, 0, 0, 1, 2, 3, 0, 5, 3, 1, 2, 4, 2, 26, 29]}, null, null, 110, false, [], false, 0, [], null, 0, 1744325946.6854231, 0, {}]
[{"0": [3, 1, 4, 3, 2, 0, 3, 4, 2, 1, 3, 35, 23, 35, 24, 28, 34]}, null, null, 111, false, [], false, 0, [], null, 0, 1744325946.888069, 0, {}]
[{"0": [1, 4, 30, 36, 35, 26, 2, 1, 0, 4, 1, 2, 2, 2, 3, 2, 0]}, null, null, 111, false, [], false, 0, [], null, 0, 1744325947.1068413, 0, {}]
[{"0": [1, 0, 38, 31, 30, 2, 3, 1, 3, 3, 0, 2, 2, 4, 0, 4, 1]}, null, null, 112, false, [], false, 0, [], null, 0, 1744325947.3312228, 0, {}]
[{"0": [1, 3, 3, 0, 2, 32, 24, 28, 1, 3, 3, 4, 1, 4, 0, 5, 3]}, null, null, 113, false, [], false, 0, [], null, 0, 1744325947.5369015, 0, {}]
[{"0": [3, 1, 1, 25, 36, 34, 28, 28, 36, 30, 24, 27, 27, 32, 0, 2, 1]}, null, null, 113, false, [], false, 0, [], null, 0, 1744325947.7580163, 0, {}]
[{"0": [1, 3, 0, 1, 0, 2, 5, 2, 3, 0, 0, 2, 1, 0, 36, 30, 30]}, null, null, 114, false, [], false, 0, [], null, 0, 1744325947.971281, 0, {}]
[{"0": [4, 5, 1, 2, 1, 3, 4, 2, 1, 1, 3, 0, 2, 0, 1, 2, 37]}, null, null, 114, false, [], false, 0, [], null, 0, 1744325948.1942492, 0, {}]
[{"0": [3, 2, 2, 27, 39, 0, 1, 1, 3, 1, 2, 0, 2, 4, 0, 3, 0]}, null, null, 115, false, [], false, 0, [], null, 0, 1744325948.419955, 0, {}]
[{"0": [0, 1, 2, 2, 1, 1, 0, 3, 3, 1, 2, 1, 2, 5, 0, 0, 3]}, null, null, 116, false, [], false, 0, [], null, 0, 1744325948.636946, 0, {}]
[{"0": [19, 43, 24, 29, 24, 2, 0, 1, 1, 2, 3, 2, 0, 2, 0, 1, 2]}, null, null, 116, false, [], false, 0, [], null, 0, 1744325948.8444886, 0, {}]
[{"0": [2, 0, 2, 1, 0, 2, 3, 2, 5, 1, 2, 4, 27, 35, 33, 4, 3]}, null, null, 117, false, [], false, 0, [], null, 0, 1744325949.0551412, 0, {}]
[{"0": [2, 4, 3, 6, 1, 4, 0, 2, 2, 2, 3, 0, 1, 2, 26, 28, 33]}, null, null, 117, false, [], false, 0, [], null, 0, 1744325949.2884228, 0, {}]
[{"0": [0, 1, 1, 1, 2, 1, 6, 1, 0, 3, 3, 1, 30, 21, 1, 2, 1]}, null, null, 118, false, [], false, 0, [], null, 0, 1744325949.5050828, 0, {}]
[{"0": [2, 1, 1, 2, 4, 2, 2, 31, 19, 30, 34, 26, 29, 25, 29, 25, 28]}, null, null, 119, false, [], false, 0, [], null, 0, 1744325949.7227082, 0, {}]
[{"0": [37, 35, 0, 2, 1, 2, 2, 1, 1, 1, 3, 3, 1, 1, 2, 2, 1]}, null, null, 119, false, [], false, 0, [], null, 0, 1744325949.9263124, 0, {}]
[{"0": [0, 4, 0, 1, 35, 1, 1, 0, 4, 3, 2, 1, 2, 4, 2, 0, 3]}, null, null, 120, false, [], false, 0, [], null, 0, 1744325950.1423774, 0, {}]
[{"0": [2, 1, 0, 8, 0, 3, 6, 2, 2, 2, 3, 3, 1, 2, 3, 28, 29]}, null, null, 120, false, [], false, 0, [], null, 0, 1744325950.3660276, 0, {}]
[{"0": [2, 4, 2, 1, 2, 1, 3, 32, 25, 1, 1, 2, 3, 2, 2, 0, 0]}, null, null, 121, false, [], false, 0, [], null, 0, 1744325950.569119, 0, {}]
[{"0": [0, 6, 1, 0, 3, 2, 1, 0, 1, 32, 32, 21, 29, 38, 25, 27, 26]}, null, null, 122, false, [], false, 0, [], null, 0, 1744325950.7879727, 0, {}]
[{"0": [2, 0, 3, 1, 6, 0, 0, 0, 0, 1, 1, 1, 37, 32, 23, 38, 36]}, null, null, 122, false, [], false, 0, [], null, 0, 1744325951.0073273, 0, {}]
[{"0": [3, 3, 2, 2, 1, 2, 1, 1, 2, 2, 3, 34, 32, 28, 25, 26, 23]}, null, null, 123, false, [], false, 0, [], null, 0, 1744325951.223369, 0, {}]
[{"0": [27, 42, 0, 1, 4, 1, 4, 2, 2, 3, 2, 0, 0, 4, 1, 2, 2]}, null, null, 123, false, [], false, 0, [], null, 0, 1744325951.4447901, 0, {}]
[{"0": [3, 1, 1, 1, 3, 1, 3, 0, 1, 1, 3, 2, 4, 1, 1, 36, 39]}, null, null, 124, false, [], false, 0, [], null, 0, 1744325951.6546507, 0, {}]
[{"0": [3, 4, 1, 0, 2, 1, 2, 2, 1, 1, 3, 1, 2, 1, 2, 3, 4]}, null, null, 125, false, [], false, 0, [], null, 0, 1744325951.8898475, 0, {}]
[{"0": [0, 3, 32, 35, 1, 2, 0, 2, 0, 1, 0, 3, 4, 2, 1, 0, 1]}, null, null, 125, false, [], false, 0, [], null, 0, 1744325952.0986538, 0, {}]
[{"0": [1, 2, 1, 5, 2, 3, 3, 1, 1, 26, 41, 26, 2, 1, 3, 0, 1]}, null, null, 126, false, [], false, 0, [], null, 0, 1744325952.3038409, 0, {}]
[{"0": [34, 27, 31, 45, 37, 20, 36, 24, 34, 2, 3, 2, 1, 0, 0, 3, 5]}, null, null, 127, false, [], false, 0, [], null, 0, 1744325952.523522, 0, {}]
[{"0": [1, 2, 0, 35, 26, 31, 37, 30, 32, 1, 1, 2, 1, 3, 4, 2, 6]}, null, null, 127, false, [], false, 0, [], null, 0, 1744325952.736112, 0, {}]
[{"0": [2, 4, 1, 1, 5, 2, 1, 3, 25, 27, 24, 26, 35, 37, 27, 28, 2]}, null, null, 128, false, [], false, 0, [], null, 0, 1744325952.95386, 0, {}]
[{"0": [3, 1, 1, 2, 1, 1, 5, 3, 2, 1, 1, 4, 2, 4, 3, 37, 36]}, null, null, 128, false, [], false, 0, [], null, 0, 1744325953.185082, 0, {}]
[{"0": [38, 30, 24, 32, 26, 27, 36, 35, 36, 4, 2, 2, 2, 2, 4, 2, 2]}, null, null, 129, false, [], false, 0, [], null, 0, 1744325953.3887277, 0, {}]
[{"0": [1, 3, 1, 1, 0, 30, 32, 33, 3, 2, 0, 0, 0, 2, 1, 2, 0]}, null, null, 130, false, [], false, 0, [], null, 0, 1744325953.6173496, 0, {}]
[{"0": [0, 3, 0, 29, 30, 24, 3, 0, 2, 2, 4, 3, 2, 2, 0, 1, 1]}, null, null, 130, false, [], false, 0, [], null, 0, 1744325953.8311307, 0, {}]
[{"0": [1, 1, 1, 2, 1, 4, 0, 3, 1, 28, 30, 2, 2, 1, 1, 4, 1]}, null, null, 131, false, [], false, 0, [], null, 0, 1744325954.0317996, 0, {}]
[{"0": [1, 2, 2, 1, 2, 2, 0, 2, 29, 40, 28, 25, 2, 3, 3, 1, 2]}, null, null, 131, false, [], false, 0, [], null, 0, 1744325954.2546272, 0, {}]
[{"0": [0, 0, 1, 1, 39, 30, 0, 1, 1, 3, 1, 5, 2, 1, 1, 1, 3]}, null, null, 132, false, [], false, 0, [], null, 0, 1744325954.4876676, 0, {}]
[{"0": [3, 0, 1, 1, 1, 0, 5, 2, 4, 2, 1, 26, 37, 26, 27, 35, 25]}, null, null, 133, false, [], false, 0, [], null, 0, 1744325954.699298, 0, {}]
[{"0": [1, 1, 1, 1, 29, 2, 5, 2, 3, 1, 0, 3, 4, 1, 2, 1, 6]}, null, null, 133, false, [], false, 0, [], null, 0, 1744325954.913323, 0, {}]
[{"0": [1, 2, 2, 1, 1, 0, 1, 3, 29, 26, 30, 29, 45, 28, 30, 31, 29]}, null, null, 134, false, [], false, 0, [], null, 0, 1744325955.1225348, 0, {}]
[{"0": [3, 2, 1, 2, 4, 1, 1, 3, 0, 1, 2, 3, 29, 37, 1, 1, 1]}, null, null, 134, false, [], false, 0, [], null, 0, 1744325955.3502126, 0, {}]
[{"0": [1, 5, 1, 0, 0, 2, 1, 1, 1, 1, 0, 3, 1, 2, 3, 0, 1]}, null, null, 135, false, [], false, 0, [], null, 0, 1744325955.5685084, 0, {}]
[{"0": [2, 2, 1, 4, 0, 4, 0, 0, 3, 1, 0, 3, 1, 2, 0, 1, 27]}, null, null, 136, false, [], false, 0, [], null, 0, 1744325955.7678413, 0, {}]
[{"0": [5, 4, 0, 2, 1, 0, 2, 2, 1, 3, 1, 2, 4, 0, 2, 2, 37]}, null, null, 136, false, [], false, 0, [], null, 0, 1744325955.993525, 0, {}]
[{"0": [0, 2, 5, 0, 4, 2, 1, 1, 3, 2, 0, 1, 1, 5, 1, 4, 25]}, null, null, 137, false, [], false, 0, [], null, 0, 1744325956.208859, 0, {}]
[{"0": [1, 1, 4, 0, 6, 3, 2, 1, 2, 2, 0, 2, 4, 2, 2, 2, 2]}, null, null, 137, false, [], false, 0, [], null, 0, 1744325956.4336445, 0, {}]
[{"0": [0, 1, 2, 3, 4, 3, 1, 1, 0, 2, 1, 2, 2, 3, 2, 23, 29]}, null, null, 138, false, [], false, 0, [], null, 0, 1744325956.6394699, 0, {}]
[{"0": [1, 1, 1, 0, 2, 5, 4, 39, 26, 3, 2, 2, 0, 1, 3, 0, 2]}, null, null, 139, false, [], false, 0, [], null, 0, 1744325956.865376, 0, {}]
[{"0": [3, 3, 1, 1, 33, 30, 28, 29, 36, 35, 31, 23, 25, 22, 33, 2, 3]}, null, null, 139, false, [], false, 0, [], null, 0, 1744325957.0679712, 0, {}]
[{"0": [1, 2, 3, 0, 2, 26, 44, 1, 0, 2, 1, 2, 0, 2, 3, 0, 3]}, null, null, 140, false, [], false, 0, [], null, 0, 1744325957.2971354, 0, {}]
[{"0": [1, 3, 2, 2, 0, 29, 31, 36, 35, 21, 27, 33, 21, 31, 3, 3, 0]}, null, null, 140, false, [], false, 0, [], null, 0, 1744325957.5051756, 0, {}]
[{"0": [1, 1, 37, 25, 1, 3, 2, 1, 1, 2, 3, 3, 0, 3, 3, 1, 1]}, null, null, 141, false, [], false, 0, [], null, 0, 1744325957.7317355, 0, {}]
[{"0": [35, 41, 2, 1, 1, 0, 1, 0, 3, 2, 0, 0, 4, 1, 1, 4, 0]}, null, null, 142, false, [], false, 0, [], null, 0, 1744325957.9474764, 0, {}]
[{"0": [1, 2, 1, 3, 3, 2, 0, 2, 0, 1, 1, 5, 34, 32, 38, 1, 1]}, null, null, 142, false, [], false, 0, [], null, 0, 1744325958.1624622, 0, {}]
[{"0": [1, 2, 0, 1, 3, 1, 3, 1, 4, 18, 39, 2, 1, 0, 6, 3, 2]}, null, null, 143, false, [], false, 0, [], null, 0, 1744325958.3749006, 0, {}]
[{"0": [4, 2, 6, 0, 27, 32, 25, 34, 36, 25, 27, 23, 28, 28, 29, 0, 2]}, null, null, 143, false, [], false, 0, [], null, 0, 1744325958.6093516, 0, {}]
[{"0": [0, 0, 1, 1, 2, 3, 0, 2, 25, 38, 41, 21, 37, 22, 35, 31, 28]}, null, null, 144, false, [], false, 0, [], null, 0, 1744325958.8060288, 0, {}]
[{"0": [0, 5, 0, 1, 3, 0, 3, 2, 2, 2, 1, 1, 4, 2, 3, 0, 1]}, null, null, 145, false, [], false, 0, [], null, 0, 1744325959.037895, 0, {}]
[{"0": [1, 1, 2, 3, 3, 3, 1, 1, 32, 5, 1, 1, 1, 1, 3, 4, 3]}, null, null, 145, false, [], false, 0, [], null, 0, 1744325959.237095, 0, {}]
[{"0": [1, 4, 0, 2, 0, 1, 2, 0, 1, 1, 2, 1, 3, 2, 1, 24, 36]}, null, null, 146, false, [], false, 0, [], null, 0, 1744325959.4562771, 0, {}]
[{"0": [3, 3, 2, 1, 1, 0, 0, 2, 1, 1, 1, 2, 4, 0, 0, 4, 2]}, null, null, 146, false, [], false, 0, [], null, 0, 1744325959.6676388, 0, {}]
[{"0": [3, 0, 0, 27, 23, 31, 30, 31, 33, 26, 3, 2, 2, 2, 4, 2, 1]}, null, null, 147, false, [], false, 0, [], null, 0, 1744325959.8860352, 0, {}]
[{"0": [5, 1, 2, 4, 1, 2, 4, 3, 2, 40, 33, 0, 1, 0, 0, 2, 2]}, null, null, 148, false, [], false, 0, [], null, 0, 1744325960.1276858, 0, {}]
[{"0": [1, 3, 1, 1, 1, 4, 5, 2, 3, 0, 4, 4, 3, 2, 5, 4, 2]}, null, null, 148, false, [], false, 0, [], null, 0, 1744325960.3311644, 0, {}]
[{"0": [1, 4, 1, 2, 1, 3, 1, 2, 0, 1, 25, 28, 35, 0, 1, 0, 0]}, null, null, 149, false, [], false, 0, [], null, 0, 1744325960.5325394, 0, {}]
[{"0": [1, 1, 0, 1, 3, 4, 0, 4, 2, 2, 1, 38, 1, 0, 3, 2, 2]}, null, null, 149, false, [], false, 0, [], null, 0, 1744325960.7718232, 0, {}]
[{"0": [2, 1, 0, 2, 0, 2, 3, 2, 4, 2, 1, 0, 1, 3, 1, 30, 33]}, null, null, 150, true, [], false, 0, [], null, 0, 1744325960.9730396, 0, {}]
