[{"0": [0, 1, 5, 0, 2, 0, 2, 3, 2, 6, 0, 1, 3, 3, 0, 3, 3]}, null, null, 0, false, [], false, 0, [], null, 0, 1744334760.3556194, 0, {}]
[{"0": [3, 35, 31, 27, 30, 26, 26, 31, 26, 32, 3, 1, 1, 2, 1, 3, 2]}, null, null, 1, false, [], false, 0, [], null, 0, 1744334760.600909, 0, {}]
[{"0": [0, 39, 35, 31, 2, 3, 5, 0, 3, 1, 2, 1, 3, 2, 1, 2, 3]}, null, null, 1, false, [], false, 0, [], null, 0, 1744334760.8089895, 0, {}]
[{"0": [26, 28, 32, 28, 25, 18, 29, 27, 27, 1, 2, 2, 1, 0, 1, 3, 4]}, null, null, 2, false, [], false, 0, [], null, 0, 1744334761.0307083, 0, {}]
[{"0": [0, 30, 1, 2, 0, 3, 2, 2, 1, 2, 1, 1, 1, 1, 0, 3, 3]}, null, null, 2, false, [], false, 0, [], null, 0, 1744334761.2319753, 0, {}]
[{"0": [2, 23, 19, 26, 21, 32, 34, 22, 38, 25, 33, 19, 27, 30, 20, 27, 38]}, null, null, 3, false, [], false, 0, [], null, 0, 1744334761.4685574, 0, {}]
[{"0": [3, 25, 28, 31, 28, 27, 1, 2, 3, 1, 1, 0, 1, 0, 1, 0, 2]}, null, null, 4, false, [], false, 0, [], null, 0, 1744334761.6720068, 0, {}]
[{"0": [0, 0, 0, 2, 2, 3, 3, 1, 2, 3, 2, 1, 4, 0, 3, 1, 1]}, null, null, 4, false, [], false, 0, [], null, 0, 1744334761.8901262, 0, {}]
[{"0": [2, 22, 18, 33, 30, 33, 31, 2, 2, 2, 1, 0, 2, 3, 3, 3, 4]}, null, null, 5, false, [], false, 0, [], null, 0, 1744334762.1146855, 0, {}]
[{"0": [0, 29, 16, 28, 32, 28, 18, 32, 41, 24, 1, 0, 1, 0, 1, 2, 2]}, null, null, 5, false, [], false, 0, [], null, 0, 1744334762.3110254, 0, {}]
[{"0": [5, 24, 23, 36, 36, 26, 1, 2, 2, 1, 1, 3, 0, 1, 3, 1, 4]}, null, null, 6, false, [], false, 0, [], null, 0, 1744334762.531762, 0, {}]
[{"0": [2, 0, 0, 3, 3, 0, 26, 32, 31, 30, 35, 25, 3, 1, 0, 1, 2]}, null, null, 7, false, [], false, 0, [], null, 0, 1744334762.753912, 0, {}]
[{"0": [1, 29, 38, 27, 29, 29, 18, 40, 21, 36, 32, 1, 0, 1, 0, 4, 1]}, null, null, 7, false, [], false, 0, [], null, 0, 1744334762.9726532, 0, {}]
[{"0": [2, 2, 1, 1, 1, 2, 26, 33, 30, 34, 35, 27, 24, 37, 27, 26, 21]}, null, null, 8, false, [], false, 0, [], null, 0, 1744334763.1994379, 0, {}]
[{"0": [0, 4, 2, 1, 2, 0, 1, 2, 1, 0, 1, 2, 4, 0, 3, 1, 4]}, null, null, 8, false, [], false, 0, [], null, 0, 1744334763.4164295, 0, {}]
[{"0": [1, 25, 4, 3, 3, 4, 1, 2, 0, 3, 1, 2, 1, 2, 1, 2, 2]}, null, null, 9, false, [], false, 0, [], null, 0, 1744334763.6282036, 0, {}]
[{"0": [1, 24, 34, 2, 2, 1, 1, 1, 2, 0, 1, 2, 1, 2, 2, 2, 1]}, null, null, 10, false, [], false, 0, [], null, 0, 1744334763.8418458, 0, {}]
[{"0": [1, 2, 3, 0, 0, 2, 1, 2, 1, 3, 0, 1, 1, 1, 2, 0, 2]}, null, null, 10, false, [], false, 0, [], null, 0, 1744334764.0542135, 0, {}]
[{"0": [2, 35, 31, 32, 33, 27, 18, 3, 2, 1, 1, 2, 0, 3, 1, 1, 0]}, null, null, 11, false, [], false, 0, [], null, 0, 1744334764.276834, 0, {}]
[{"0": [0, 2, 0, 2, 0, 0, 0, 1, 2, 0, 0, 0, 0, 3, 25, 32, 29]}, null, null, 11, false, [], false, 0, [], null, 0, 1744334764.4917626, 0, {}]
[{"0": [3, 27, 36, 24, 3, 1, 2, 1, 1, 1, 1, 2, 7, 2, 3, 5, 2]}, null, null, 12, false, [], false, 0, [], null, 0, 1744334764.7143145, 0, {}]
[{"0": [4, 0, 2, 3, 0, 5, 3, 2, 2, 1, 0, 3, 0, 1, 4, 0, 0]}, null, null, 13, false, [], false, 0, [], null, 0, 1744334764.9310718, 0, {}]
[{"0": [2, 3, 1, 1, 1, 1, 0, 1, 2, 3, 25, 23, 2, 0, 1, 3, 3]}, null, null, 13, false, [], false, 0, [], null, 0, 1744334765.1360774, 0, {}]
[{"0": [4, 34, 41, 30, 25, 30, 23, 27, 2, 0, 0, 2, 2, 2, 0, 0, 1]}, null, null, 14, false, [], false, 0, [], null, 0, 1744334765.3586147, 0, {}]
[{"0": [0, 1, 5, 1, 5, 1, 2, 30, 1, 0, 3, 1, 1, 2, 2, 1, 1]}, null, null, 14, false, [], false, 0, [], null, 0, 1744334765.5774388, 0, {}]
[{"0": [2, 1, 3, 1, 3, 1, 2, 2, 3, 3, 35, 0, 2, 5, 1, 0, 0]}, null, null, 15, false, [], false, 0, [], null, 0, 1744334765.7905285, 0, {}]
[{"0": [1, 2, 3, 1, 0, 2, 1, 2, 1, 2, 2, 3, 3, 1, 4, 2, 25]}, null, null, 16, false, [], false, 0, [], null, 0, 1744334766.0009215, 0, {}]
[{"0": [4, 5, 4, 0, 1, 4, 0, 1, 1, 5, 0, 4, 1, 1, 2, 6, 42]}, null, null, 16, false, [], false, 0, [], null, 0, 1744334766.2214782, 0, {}]
[{"0": [0, 20, 23, 29, 17, 32, 0, 2, 1, 1, 2, 5, 2, 1, 2, 0, 1]}, null, null, 17, false, [], false, 0, [], null, 0, 1744334766.4489956, 0, {}]
[{"0": [1, 31, 26, 27, 21, 27, 3, 2, 0, 1, 0, 3, 1, 2, 0, 2, 2]}, null, null, 17, false, [], false, 0, [], null, 0, 1744334766.6516316, 0, {}]
[{"0": [1, 24, 36, 0, 1, 1, 0, 3, 0, 3, 2, 4, 1, 2, 1, 2, 1]}, null, null, 18, false, [], false, 0, [], null, 0, 1744334766.8766818, 0, {}]
[{"0": [25, 2, 2, 1, 1, 2, 2, 3, 2, 1, 3, 3, 2, 2, 2, 4, 1]}, null, null, 19, false, [], false, 0, [], null, 0, 1744334767.0977674, 0, {}]
[{"0": [1, 49, 1, 3, 0, 3, 6, 2, 2, 2, 0, 4, 4, 3, 0, 2, 0]}, null, null, 19, false, [], false, 0, [], null, 0, 1744334767.3142893, 0, {}]
[{"0": [5, 31, 33, 37, 0, 1, 0, 2, 4, 5, 0, 0, 0, 4, 1, 3, 0]}, null, null, 20, false, [], false, 0, [], null, 0, 1744334767.5242097, 0, {}]
[{"0": [4, 0, 2, 2, 0, 1, 1, 2, 1, 4, 4, 3, 1, 1, 2, 21, 16]}, null, null, 20, false, [], false, 0, [], null, 0, 1744334767.7469926, 0, {}]
[{"0": [0, 0, 4, 1, 0, 0, 1, 1, 33, 39, 34, 24, 31, 29, 22, 36, 33]}, null, null, 21, false, [], false, 0, [], null, 0, 1744334767.9459915, 0, {}]
[{"0": [21, 31, 27, 0, 1, 2, 1, 4, 3, 0, 2, 1, 1, 3, 2, 3, 0]}, null, null, 22, false, [], false, 0, [], null, 0, 1744334768.1654894, 0, {}]
[{"0": [3, 28, 3, 2, 1, 3, 1, 1, 7, 2, 1, 2, 0, 2, 3, 1, 1]}, null, null, 22, false, [], false, 0, [], null, 0, 1744334768.396634, 0, {}]
[{"0": [1, 33, 0, 4, 4, 1, 1, 2, 1, 1, 0, 1, 1, 2, 1, 2, 1]}, null, null, 23, false, [], false, 0, [], null, 0, 1744334768.6061459, 0, {}]
[{"0": [0, 38, 23, 28, 1, 2, 3, 2, 0, 5, 2, 1, 1, 4, 2, 3, 1]}, null, null, 23, false, [], false, 0, [], null, 0, 1744334768.8213668, 0, {}]
[{"0": [0, 28, 25, 17, 3, 0, 2, 1, 1, 0, 1, 2, 4, 1, 2, 3, 1]}, null, null, 24, false, [], false, 0, [], null, 0, 1744334769.044238, 0, {}]
[{"0": [2, 3, 1, 0, 0, 1, 2, 1, 2, 1, 1, 3, 5, 3, 2, 2, 2]}, null, null, 25, false, [], false, 0, [], null, 0, 1744334769.2479792, 0, {}]
[{"0": [1, 1, 0, 1, 0, 3, 3, 5, 1, 29, 29, 36, 23, 2, 1, 1, 0]}, null, null, 25, false, [], false, 0, [], null, 0, 1744334769.477244, 0, {}]
[{"0": [1, 24, 2, 0, 2, 1, 4, 1, 2, 1, 3, 2, 1, 1, 0, 1, 1]}, null, null, 26, false, [], false, 0, [], null, 0, 1744334769.69784, 0, {}]
[{"0": [0, 24, 1, 2, 1, 2, 1, 0, 1, 2, 2, 3, 2, 1, 2, 1, 1]}, null, null, 27, false, [], false, 0, [], null, 0, 1744334769.9075887, 0, {}]
[{"0": [0, 17, 33, 29, 30, 30, 32, 34, 24, 26, 35, 2, 4, 4, 2, 1, 2]}, null, null, 27, false, [], false, 0, [], null, 0, 1744334770.1170018, 0, {}]
[{"0": [29, 6, 1, 0, 2, 7, 1, 2, 4, 2, 0, 2, 2, 5, 1, 1, 1]}, null, null, 28, false, [], false, 0, [], null, 0, 1744334770.3421376, 0, {}]
[{"0": [0, 31, 22, 27, 27, 3, 0, 3, 1, 1, 2, 2, 3, 4, 0, 3, 1]}, null, null, 28, false, [], false, 0, [], null, 0, 1744334770.562742, 0, {}]
[{"0": [2, 0, 4, 3, 1, 2, 4, 1, 4, 1, 25, 28, 32, 31, 31, 20, 24]}, null, null, 29, false, [], false, 0, [], null, 0, 1744334770.773916, 0, {}]
[{"0": [2, 1, 1, 1, 0, 6, 2, 3, 1, 0, 4, 1, 0, 4, 1, 1, 34]}, null, null, 30, false, [], false, 0, [], null, 0, 1744334770.9950068, 0, {}]
[{"0": [2, 27, 29, 28, 31, 26, 36, 1, 0, 2, 0, 0, 2, 2, 3, 1, 1]}, null, null, 30, false, [], false, 0, [], null, 0, 1744334771.1970205, 0, {}]
[{"0": [4, 17, 2, 0, 3, 3, 2, 2, 1, 0, 1, 2, 4, 4, 3, 2, 3]}, null, null, 31, false, [], false, 0, [], null, 0, 1744334771.4229262, 0, {}]
[{"0": [2, 30, 3, 2, 1, 2, 2, 2, 3, 2, 4, 2, 2, 1, 3, 3, 2]}, null, null, 31, false, [], false, 0, [], null, 0, 1744334771.6292179, 0, {}]
[{"0": [0, 22, 29, 28, 27, 23, 25, 27, 23, 21, 20, 21, 2, 0, 0, 3, 5]}, null, null, 32, false, [], false, 0, [], null, 0, 1744334771.860437, 0, {}]
[{"0": [1, 26, 19, 0, 0, 4, 2, 1, 3, 0, 1, 2, 2, 0, 2, 2, 2]}, null, null, 33, false, [], false, 0, [], null, 0, 1744334772.0627131, 0, {}]
[{"0": [1, 2, 0, 3, 2, 1, 5, 31, 29, 1, 4, 0, 2, 2, 3, 3, 1]}, null, null, 33, false, [], false, 0, [], null, 0, 1744334772.2796736, 0, {}]
[{"0": [2, 29, 1, 2, 3, 1, 2, 1, 0, 1, 2, 1, 2, 2, 4, 1, 0]}, null, null, 34, false, [], false, 0, [], null, 0, 1744334772.4974656, 0, {}]
[{"0": [3, 27, 29, 21, 26, 34, 33, 39, 4, 1, 0, 2, 0, 2, 3, 1, 2]}, null, null, 34, false, [], false, 0, [], null, 0, 1744334772.7321088, 0, {}]
[{"0": [5, 32, 6, 1, 2, 2, 2, 2, 1, 2, 1, 2, 3, 5, 0, 1, 0]}, null, null, 35, false, [], false, 0, [], null, 0, 1744334772.9378912, 0, {}]
[{"0": [28, 28, 32, 26, 33, 28, 30, 30, 29, 36, 24, 4, 1, 1, 2, 2, 0]}, null, null, 36, false, [], false, 0, [], null, 0, 1744334773.156441, 0, {}]
[{"0": [3, 4, 0, 2, 2, 1, 3, 1, 0, 0, 0, 32, 26, 39, 32, 2, 1]}, null, null, 36, false, [], false, 0, [], null, 0, 1744334773.3715127, 0, {}]
[{"0": [0, 1, 0, 0, 2, 1, 3, 5, 2, 1, 4, 3, 2, 6, 3, 37, 2]}, null, null, 37, false, [], false, 0, [], null, 0, 1744334773.5905488, 0, {}]
[{"0": [0, 25, 27, 2, 2, 2, 2, 3, 1, 2, 5, 3, 2, 1, 1, 0, 0]}, null, null, 37, false, [], false, 0, [], null, 0, 1744334773.8059623, 0, {}]
[{"0": [2, 21, 2, 2, 0, 2, 1, 3, 5, 0, 0, 3, 1, 1, 6, 4, 4]}, null, null, 38, false, [], false, 0, [], null, 0, 1744334774.0163364, 0, {}]
[{"0": [0, 4, 1, 2, 0, 1, 1, 5, 28, 35, 30, 36, 3, 1, 2, 1, 2]}, null, null, 39, false, [], false, 0, [], null, 0, 1744334774.244618, 0, {}]
[{"0": [2, 19, 32, 30, 26, 29, 24, 28, 32, 29, 18, 29, 19, 35, 33, 35, 33]}, null, null, 39, false, [], false, 0, [], null, 0, 1744334774.4474573, 0, {}]
[{"0": [1, 2, 1, 2, 1, 1, 2, 2, 0, 3, 6, 4, 31, 31, 25, 21, 34]}, null, null, 40, false, [], false, 0, [], null, 0, 1744334774.6653266, 0, {}]
[{"0": [1, 30, 33, 21, 28, 30, 23, 34, 28, 1, 1, 3, 2, 1, 4, 2, 0]}, null, null, 40, false, [], false, 0, [], null, 0, 1744334774.8811128, 0, {}]
[{"0": [1, 0, 32, 22, 33, 18, 27, 27, 2, 3, 2, 2, 2, 2, 2, 0, 1]}, null, null, 41, false, [], false, 0, [], null, 0, 1744334775.0976908, 0, {}]
[{"0": [1, 29, 22, 24, 30, 33, 37, 24, 33, 2, 1, 2, 4, 1, 4, 1, 1]}, null, null, 42, false, [], false, 0, [], null, 0, 1744334775.3134625, 0, {}]
[{"0": [3, 0, 2, 0, 3, 0, 2, 0, 2, 4, 1, 3, 1, 1, 4, 0, 0]}, null, null, 42, false, [], false, 0, [], null, 0, 1744334775.53551, 0, {}]
[{"0": [3, 3, 1, 1, 2, 3, 0, 4, 1, 0, 2, 3, 2, 2, 4, 1, 0]}, null, null, 43, false, [], false, 0, [], null, 0, 1744334775.7439373, 0, {}]
[{"0": [1, 23, 22, 22, 31, 1, 2, 1, 0, 0, 2, 3, 1, 0, 1, 3, 5]}, null, null, 43, false, [], false, 0, [], null, 0, 1744334775.9604294, 0, {}]
[{"0": [25, 11, 29, 21, 25, 29, 25, 32, 29, 0, 5, 1, 1, 3, 1, 1, 2]}, null, null, 44, false, [], false, 0, [], null, 0, 1744334776.2000287, 0, {}]
[{"0": [0, 2, 1, 2, 0, 0, 26, 21, 25, 34, 25, 28, 16, 25, 41, 29, 26]}, null, null, 45, false, [], false, 0, [], null, 0, 1744334776.395339, 0, {}]
[{"0": [3, 1, 6, 2, 2, 0, 4, 2, 1, 4, 1, 2, 1, 2, 2, 2, 31]}, null, null, 45, false, [], false, 0, [], null, 0, 1744334776.6122143, 0, {}]
[{"0": [3, 2, 4, 3, 0, 1, 3, 3, 3, 4, 33, 0, 3, 4, 0, 3, 2]}, null, null, 46, false, [], false, 0, [], null, 0, 1744334776.829666, 0, {}]
[{"0": [1, 0, 2, 1, 1, 1, 1, 2, 1, 2, 1, 3, 1, 1, 2, 0, 41]}, null, null, 46, false, [], false, 0, [], null, 0, 1744334777.0451915, 0, {}]
[{"0": [0, 3, 0, 2, 1, 3, 0, 2, 3, 0, 23, 31, 31, 32, 20, 30, 26]}, null, null, 47, false, [], false, 0, [], null, 0, 1744334777.271178, 0, {}]
[{"0": [1, 26, 30, 40, 32, 25, 2, 2, 1, 2, 0, 0, 0, 2, 2, 0, 0]}, null, null, 48, false, [], false, 0, [], null, 0, 1744334777.4943829, 0, {}]
[{"0": [1, 37, 0, 2, 1, 2, 2, 0, 7, 2, 2, 2, 0, 2, 1, 2, 2]}, null, null, 48, false, [], false, 0, [], null, 0, 1744334777.707856, 0, {}]
[{"0": [0, 3, 3, 1, 3, 3, 0, 3, 1, 2, 3, 1, 2, 0, 2, 29, 3]}, null, null, 49, false, [], false, 0, [], null, 0, 1744334777.9216328, 0, {}]
[{"0": [1, 39, 28, 1, 1, 1, 3, 4, 1, 0, 2, 3, 2, 1, 2, 2, 2]}, null, null, 49, false, [], false, 0, [], null, 0, 1744334778.1366277, 0, {}]
[{"0": [1, 28, 31, 2, 1, 3, 3, 2, 0, 0, 2, 1, 1, 0, 1, 1, 3]}, null, null, 50, false, [], false, 0, [], null, 0, 1744334778.3630495, 0, {}]
[{"0": [1, 40, 40, 5, 1, 2, 1, 2, 5, 1, 2, 3, 3, 1, 0, 3, 2]}, null, null, 51, false, [], false, 0, [], null, 0, 1744334778.5695012, 0, {}]
[{"0": [0, 26, 1, 0, 1, 1, 1, 3, 4, 2, 4, 5, 3, 1, 4, 1, 0]}, null, null, 51, false, [], false, 0, [], null, 0, 1744334778.783569, 0, {}]
[{"0": [1, 30, 23, 27, 23, 29, 2, 1, 2, 0, 5, 2, 0, 1, 1, 2, 0]}, null, null, 52, false, [], false, 0, [], null, 0, 1744334779.0123138, 0, {}]
[{"0": [1, 38, 4, 2, 0, 0, 3, 3, 0, 6, 2, 2, 1, 1, 2, 3, 1]}, null, null, 52, false, [], false, 0, [], null, 0, 1744334779.220066, 0, {}]
[{"0": [2, 26, 2, 1, 0, 0, 2, 1, 7, 4, 3, 2, 1, 1, 0, 0, 1]}, null, null, 53, false, [], false, 0, [], null, 0, 1744334779.426296, 0, {}]
[{"0": [1, 32, 34, 32, 21, 1, 1, 0, 1, 3, 1, 1, 3, 3, 2, 0, 0]}, null, null, 54, false, [], false, 0, [], null, 0, 1744334779.6481419, 0, {}]
[{"0": [0, 33, 29, 30, 32, 25, 26, 21, 25, 24, 26, 14, 22, 28, 26, 27, 23]}, null, null, 54, false, [], false, 0, [], null, 0, 1744334779.873932, 0, {}]
[{"0": [2, 1, 0, 2, 0, 2, 1, 1, 5, 1, 0, 2, 1, 2, 2, 1, 1]}, null, null, 55, false, [], false, 0, [], null, 0, 1744334780.0805566, 0, {}]
[{"0": [5, 31, 22, 31, 1, 1, 2, 1, 2, 0, 4, 0, 1, 2, 2, 1, 3]}, null, null, 55, false, [], false, 0, [], null, 0, 1744334780.2969778, 0, {}]
[{"0": [2, 0, 2, 1, 1, 1, 1, 2, 0, 1, 2, 1, 29, 26, 31, 28, 1]}, null, null, 56, false, [], false, 0, [], null, 0, 1744334780.5152097, 0, {}]
[{"0": [0, 0, 2, 0, 1, 2, 3, 2, 1, 0, 24, 24, 19, 18, 33, 37, 30]}, null, null, 57, false, [], false, 0, [], null, 0, 1744334780.7333202, 0, {}]
[{"0": [4, 27, 26, 21, 1, 1, 2, 0, 1, 5, 2, 0, 3, 1, 2, 0, 3]}, null, null, 57, false, [], false, 0, [], null, 0, 1744334780.9648705, 0, {}]
[{"0": [1, 30, 24, 35, 19, 36, 29, 23, 12, 2, 0, 1, 4, 4, 6, 0, 1]}, null, null, 58, false, [], false, 0, [], null, 0, 1744334781.1802783, 0, {}]
[{"0": [3, 3, 0, 0, 1, 1, 2, 2, 0, 0, 0, 0, 0, 1, 0, 2, 29]}, null, null, 58, false, [], false, 0, [], null, 0, 1744334781.387889, 0, {}]
[{"0": [0, 30, 3, 4, 0, 0, 1, 0, 4, 2, 1, 3, 27, 30, 26, 29, 4]}, null, null, 59, false, [], false, 0, [], null, 0, 1744334781.6022327, 0, {}]
[{"0": [1, 24, 25, 21, 30, 27, 29, 22, 4, 1, 2, 2, 0, 0, 0, 1, 2]}, null, null, 60, false, [], false, 0, [], null, 0, 1744334781.8272483, 0, {}]
[{"0": [31, 2, 5, 3, 2, 1, 1, 1, 0, 0, 33, 33, 30, 22, 1, 1, 0]}, null, null, 60, false, [], false, 0, [], null, 0, 1744334782.039382, 0, {}]
[{"0": [1, 3, 1, 3, 0, 0, 2, 1, 4, 33, 22, 30, 29, 28, 31, 2, 3]}, null, null, 61, false, [], false, 0, [], null, 0, 1744334782.2520626, 0, {}]
[{"0": [1, 37, 23, 32, 24, 2, 2, 1, 3, 5, 1, 0, 3, 1, 0, 1, 0]}, null, null, 61, false, [], false, 0, [], null, 0, 1744334782.476602, 0, {}]
[{"0": [16, 26, 33, 27, 29, 24, 4, 0, 0, 3, 0, 3, 1, 1, 2, 0, 2]}, null, null, 62, false, [], false, 0, [], null, 0, 1744334782.676466, 0, {}]
[{"0": [29, 27, 1, 1, 2, 3, 2, 1, 2, 1, 2, 0, 3, 4, 1, 3, 1]}, null, null, 63, false, [], false, 0, [], null, 0, 1744334782.8974667, 0, {}]
[{"0": [1, 1, 0, 1, 2, 2, 0, 2, 3, 2, 0, 0, 4, 1, 2, 1, 23]}, null, null, 63, false, [], false, 0, [], null, 0, 1744334783.1153107, 0, {}]
[{"0": [1, 24, 1, 2, 2, 0, 0, 1, 2, 0, 3, 4, 1, 4, 3, 0, 2]}, null, null, 64, false, [], false, 0, [], null, 0, 1744334783.323607, 0, {}]
[{"0": [5, 32, 23, 27, 24, 29, 1, 1, 2, 0, 1, 3, 6, 0, 5, 1, 0]}, null, null, 64, false, [], false, 0, [], null, 0, 1744334783.552442, 0, {}]
[{"0": [0, 27, 32, 24, 27, 24, 22, 27, 3, 2, 1, 2, 4, 0, 0, 1, 3]}, null, null, 65, false, [], false, 0, [], null, 0, 1744334783.7667613, 0, {}]
[{"0": [3, 25, 26, 37, 24, 29, 40, 23, 32, 0, 0, 1, 2, 3, 4, 2, 0]}, null, null, 66, false, [], false, 0, [], null, 0, 1744334783.9956007, 0, {}]
[{"0": [1, 37, 30, 31, 18, 5, 0, 2, 2, 2, 0, 3, 0, 1, 4, 0, 1]}, null, null, 66, false, [], false, 0, [], null, 0, 1744334784.2063625, 0, {}]
[{"0": [26, 23, 32, 31, 23, 26, 23, 2, 2, 1, 0, 2, 0, 0, 1, 3, 1]}, null, null, 67, false, [], false, 0, [], null, 0, 1744334784.421222, 0, {}]
[{"0": [0, 2, 1, 28, 3, 6, 3, 0, 0, 0, 1, 1, 1, 1, 2, 3, 1]}, null, null, 67, false, [], false, 0, [], null, 0, 1744334784.6370053, 0, {}]
[{"0": [3, 3, 3, 5, 3, 0, 2, 0, 3, 0, 2, 2, 0, 2, 1, 0, 0]}, null, null, 68, false, [], false, 0, [], null, 0, 1744334784.8467236, 0, {}]
[{"0": [2, 25, 23, 25, 27, 24, 19, 3, 1, 4, 0, 0, 3, 1, 1, 2, 2]}, null, null, 69, false, [], false, 0, [], null, 0, 1744334785.061999, 0, {}]
[{"0": [4, 1, 3, 3, 0, 18, 17, 40, 30, 28, 35, 0, 2, 5, 3, 2, 0]}, null, null, 69, false, [], false, 0, [], null, 0, 1744334785.2929869, 0, {}]
[{"0": [0, 26, 1, 4, 1, 0, 6, 1, 3, 2, 3, 3, 1, 3, 1, 0, 2]}, null, null, 70, false, [], false, 0, [], null, 0, 1744334785.5085094, 0, {}]
[{"0": [5, 26, 1, 3, 2, 3, 1, 3, 3, 1, 1, 0, 1, 1, 0, 2, 1]}, null, null, 70, false, [], false, 0, [], null, 0, 1744334785.7177465, 0, {}]
[{"0": [2, 2, 2, 0, 0, 2, 0, 2, 1, 3, 1, 2, 2, 0, 1, 3, 3]}, null, null, 71, false, [], false, 0, [], null, 0, 1744334785.9452443, 0, {}]
[{"0": [2, 24, 1, 2, 2, 1, 3, 3, 0, 1, 3, 1, 7, 1, 1, 2, 1]}, null, null, 72, false, [], false, 0, [], null, 0, 1744334786.1469963, 0, {}]
[{"0": [2, 1, 2, 1, 1, 0, 2, 1, 2, 1, 1, 0, 1, 2, 3, 3, 1]}, null, null, 72, false, [], false, 0, [], null, 0, 1744334786.3717394, 0, {}]
[{"0": [0, 1, 28, 2, 2, 3, 0, 2, 5, 1, 4, 1, 3, 1, 1, 4, 2]}, null, null, 73, false, [], false, 0, [], null, 0, 1744334786.5917773, 0, {}]
[{"0": [1, 35, 2, 2, 2, 3, 1, 1, 2, 3, 1, 0, 0, 3, 1, 3, 0]}, null, null, 73, false, [], false, 0, [], null, 0, 1744334786.8090284, 0, {}]
[{"0": [0, 25, 1, 1, 1, 2, 4, 0, 2, 0, 2, 1, 1, 3, 1, 0, 1]}, null, null, 74, false, [], false, 0, [], null, 0, 1744334787.0182347, 0, {}]
[{"0": [1, 25, 27, 32, 22, 26, 24, 23, 7, 0, 1, 0, 3, 1, 1, 0, 2]}, null, null, 75, false, [], false, 0, [], null, 0, 1744334787.2331614, 0, {}]
[{"0": [0, 28, 2, 2, 3, 2, 2, 1, 1, 0, 4, 1, 1, 0, 1, 1, 2]}, null, null, 75, false, [], false, 0, [], null, 0, 1744334787.4437556, 0, {}]
[{"0": [1, 4, 3, 4, 1, 1, 24, 29, 5, 1, 2, 1, 1, 0, 0, 2, 0]}, null, null, 76, false, [], false, 0, [], null, 0, 1744334787.6770709, 0, {}]
[{"0": [0, 19, 4, 0, 5, 0, 0, 0, 2, 1, 4, 1, 3, 1, 3, 4, 3]}, null, null, 77, false, [], false, 0, [], null, 0, 1744334787.8774683, 0, {}]
[{"0": [1, 24, 28, 27, 40, 21, 0, 1, 2, 4, 1, 1, 1, 1, 2, 0, 2]}, null, null, 77, false, [], false, 0, [], null, 0, 1744334788.0975053, 0, {}]
[{"0": [3, 28, 2, 1, 1, 3, 0, 1, 2, 2, 2, 1, 1, 2, 4, 1, 4]}, null, null, 78, false, [], false, 0, [], null, 0, 1744334788.3280568, 0, {}]
[{"0": [1, 26, 34, 33, 37, 28, 33, 29, 29, 27, 31, 18, 35, 28, 35, 32, 25]}, null, null, 78, false, [], false, 0, [], null, 0, 1744334788.5376315, 0, {}]
[{"0": [1, 24, 44, 0, 3, 0, 1, 3, 1, 1, 2, 3, 0, 2, 2, 2, 0]}, null, null, 79, false, [], false, 0, [], null, 0, 1744334788.7471762, 0, {}]
[{"0": [30, 1, 2, 0, 1, 0, 1, 1, 1, 1, 2, 0, 0, 1, 0, 1, 0]}, null, null, 80, false, [], false, 0, [], null, 0, 1744334788.9594564, 0, {}]
[{"0": [29, 33, 29, 32, 24, 37, 25, 27, 26, 26, 21, 1, 2, 3, 3, 3, 2]}, null, null, 80, false, [], false, 0, [], null, 0, 1744334789.1898282, 0, {}]
[{"0": [2, 1, 1, 0, 1, 2, 1, 2, 2, 0, 4, 2, 1, 1, 26, 31, 30]}, null, null, 81, false, [], false, 0, [], null, 0, 1744334789.3955028, 0, {}]
[{"0": [2, 34, 30, 30, 33, 36, 1, 2, 0, 3, 0, 1, 0, 2, 2, 2, 2]}, null, null, 81, false, [], false, 0, [], null, 0, 1744334789.6278968, 0, {}]
[{"0": [2, 2, 2, 0, 0, 2, 1, 2, 0, 1, 0, 3, 1, 1, 2, 1, 20]}, null, null, 82, false, [], false, 0, [], null, 0, 1744334789.8262055, 0, {}]
[{"0": [1, 33, 29, 3, 1, 3, 2, 0, 0, 1, 2, 3, 0, 3, 2, 5, 3]}, null, null, 83, false, [], false, 0, [], null, 0, 1744334790.0593717, 0, {}]
[{"0": [3, 1, 3, 1, 3, 2, 3, 0, 0, 0, 1, 1, 1, 1, 2, 2, 2]}, null, null, 83, false, [], false, 0, [], null, 0, 1744334790.2618158, 0, {}]
[{"0": [0, 15, 29, 30, 31, 2, 1, 1, 0, 3, 0, 2, 4, 2, 3, 3, 2]}, null, null, 84, false, [], false, 0, [], null, 0, 1744334790.4760988, 0, {}]
[{"0": [3, 22, 34, 24, 21, 22, 2, 1, 1, 5, 3, 2, 1, 1, 2, 0, 4]}, null, null, 84, false, [], false, 0, [], null, 0, 1744334790.7044692, 0, {}]
[{"0": [3, 0, 1, 1, 1, 4, 31, 0, 1, 1, 1, 3, 3, 1, 2, 3, 0]}, null, null, 85, false, [], false, 0, [], null, 0, 1744334790.924199, 0, {}]
[{"0": [1, 1, 2, 1, 1, 1, 3, 0, 2, 1, 1, 1, 0, 1, 1, 2, 0]}, null, null, 86, false, [], false, 0, [], null, 0, 1744334791.13036, 0, {}]
[{"0": [1, 3, 2, 1, 0, 4, 29, 26, 27, 23, 31, 26, 20, 1, 2, 1, 1]}, null, null, 86, false, [], false, 0, [], null, 0, 1744334791.3577523, 0, {}]
[{"0": [2, 33, 23, 18, 19, 2, 1, 1, 4, 2, 4, 2, 4, 2, 1, 2, 2]}, null, null, 87, false, [], false, 0, [], null, 0, 1744334791.5668318, 0, {}]
[{"0": [1, 23, 26, 27, 24, 2, 5, 1, 4, 2, 2, 1, 2, 1, 1, 1, 1]}, null, null, 87, false, [], false, 0, [], null, 0, 1744334791.7791617, 0, {}]
[{"0": [2, 1, 0, 0, 1, 2, 1, 3, 2, 2, 2, 3, 2, 2, 5, 2, 17]}, null, null, 88, false, [], false, 0, [], null, 0, 1744334792.003839, 0, {}]
[{"0": [4, 1, 3, 0, 3, 0, 1, 1, 1, 1, 27, 28, 4, 3, 2, 1, 0]}, null, null, 89, false, [], false, 0, [], null, 0, 1744334792.208707, 0, {}]
[{"0": [2, 27, 31, 20, 3, 4, 0, 2, 2, 1, 5, 2, 3, 3, 3, 0, 2]}, null, null, 89, false, [], false, 0, [], null, 0, 1744334792.4347556, 0, {}]
[{"0": [0, 24, 35, 23, 3, 3, 2, 2, 2, 3, 2, 1, 4, 2, 3, 1, 1]}, null, null, 90, false, [], false, 0, [], null, 0, 1744334792.65931, 0, {}]
[{"0": [2, 2, 1, 1, 1, 22, 20, 26, 1, 4, 2, 2, 2, 3, 2, 6, 1]}, null, null, 90, false, [], false, 0, [], null, 0, 1744334792.8822093, 0, {}]
[{"0": [1, 27, 24, 34, 26, 37, 32, 1, 1, 4, 0, 1, 3, 3, 1, 1, 0]}, null, null, 91, false, [], false, 0, [], null, 0, 1744334793.078169, 0, {}]
[{"0": [2, 0, 0, 1, 21, 2, 1, 2, 3, 3, 3, 0, 3, 1, 3, 5, 1]}, null, null, 92, false, [], false, 0, [], null, 0, 1744334793.3071845, 0, {}]
[{"0": [1, 1, 3, 2, 3, 2, 2, 1, 0, 1, 0, 2, 39, 26, 23, 26, 23]}, null, null, 92, false, [], false, 0, [], null, 0, 1744334793.5146375, 0, {}]
[{"0": [1, 2, 0, 1, 5, 1, 1, 1, 2, 3, 35, 2, 0, 2, 3, 0, 2]}, null, null, 93, false, [], false, 0, [], null, 0, 1744334793.7400615, 0, {}]
[{"0": [0, 1, 1, 2, 3, 3, 3, 0, 4, 0, 2, 30, 1, 4, 0, 0, 3]}, null, null, 93, false, [], false, 0, [], null, 0, 1744334793.9426801, 0, {}]
[{"0": [2, 29, 1, 2, 3, 0, 2, 0, 2, 0, 2, 6, 1, 2, 2, 3, 1]}, null, null, 94, false, [], false, 0, [], null, 0, 1744334794.1595242, 0, {}]
[{"0": [3, 30, 28, 32, 25, 1, 2, 3, 1, 1, 2, 2, 1, 2, 0, 0, 0]}, null, null, 95, false, [], false, 0, [], null, 0, 1744334794.3927925, 0, {}]
[{"0": [3, 34, 0, 0, 1, 3, 0, 4, 3, 2, 0, 0, 3, 1, 1, 1, 1]}, null, null, 95, false, [], false, 0, [], null, 0, 1744334794.6128433, 0, {}]
[{"0": [2, 1, 3, 1, 3, 4, 0, 1, 1, 1, 3, 3, 0, 2, 0, 2, 29]}, null, null, 96, false, [], false, 0, [], null, 0, 1744334794.8157883, 0, {}]
[{"0": [0, 42, 30, 1, 2, 0, 1, 2, 2, 2, 2, 0, 2, 2, 0, 3, 0]}, null, null, 96, false, [], false, 0, [], null, 0, 1744334795.0403626, 0, {}]
[{"0": [0, 1, 0, 0, 2, 1, 0, 4, 1, 5, 6, 1, 38, 23, 0, 1, 1]}, null, null, 97, false, [], false, 0, [], null, 0, 1744334795.2614334, 0, {}]
[{"0": [2, 0, 4, 4, 1, 3, 1, 3, 3, 4, 0, 0, 1, 2, 0, 2, 33]}, null, null, 98, false, [], false, 0, [], null, 0, 1744334795.4610167, 0, {}]
[{"0": [2, 2, 1, 2, 1, 2, 4, 0, 2, 2, 3, 1, 0, 0, 0, 19, 31]}, null, null, 98, false, [], false, 0, [], null, 0, 1744334795.6902802, 0, {}]
[{"0": [0, 25, 3, 0, 3, 4, 1, 1, 3, 2, 0, 3, 4, 1, 2, 0, 7]}, null, null, 99, false, [], false, 0, [], null, 0, 1744334795.907253, 0, {}]
[{"0": [1, 3, 1, 1, 1, 2, 2, 0, 2, 3, 1, 2, 3, 1, 3, 25, 30]}, null, null, 99, false, [], false, 0, [], null, 0, 1744334796.1088006, 0, {}]
[{"0": [2, 1, 3, 28, 26, 26, 29, 34, 26, 26, 17, 30, 22, 29, 24, 5, 3]}, null, null, 100, false, [], false, 0, [], null, 0, 1744334796.3312137, 0, {}]
[{"0": [0, 29, 29, 3, 1, 0, 2, 1, 1, 1, 1, 2, 1, 1, 2, 0, 2]}, null, null, 101, false, [], false, 0, [], null, 0, 1744334796.55734, 0, {}]
[{"0": [0, 32, 31, 23, 23, 24, 26, 32, 26, 31, 2, 0, 0, 1, 2, 2, 1]}, null, null, 101, false, [], false, 0, [], null, 0, 1744334796.757794, 0, {}]
[{"0": [4, 24, 24, 27, 34, 35, 1, 0, 6, 0, 1, 2, 1, 0, 3, 2, 2]}, null, null, 102, false, [], false, 0, [], null, 0, 1744334796.9863598, 0, {}]
[{"0": [1, 31, 28, 30, 35, 28, 32, 29, 32, 30, 32, 20, 23, 29, 40, 31, 36]}, null, null, 102, false, [], false, 0, [], null, 0, 1744334797.199419, 0, {}]
[{"0": [3, 22, 37, 24, 25, 29, 25, 31, 28, 26, 30, 28, 32, 27, 31, 2, 2]}, null, null, 103, false, [], false, 0, [], null, 0, 1744334797.4196346, 0, {}]
[{"0": [0, 28, 28, 34, 19, 38, 39, 1, 0, 1, 2, 1, 2, 2, 1, 4, 1]}, null, null, 104, false, [], false, 0, [], null, 0, 1744334797.6338007, 0, {}]
[{"0": [2, 22, 26, 23, 37, 19, 3, 0, 1, 1, 2, 0, 3, 0, 3, 2, 2]}, null, null, 104, false, [], false, 0, [], null, 0, 1744334797.8770857, 0, {}]
[{"0": [1, 1, 1, 1, 0, 2, 2, 1, 1, 0, 2, 0, 0, 0, 1, 0, 2]}, null, null, 105, false, [], false, 0, [], null, 0, 1744334798.0768294, 0, {}]
[{"0": [0, 5, 0, 2, 1, 2, 2, 0, 4, 1, 3, 2, 0, 2, 0, 1, 5]}, null, null, 105, false, [], false, 0, [], null, 0, 1744334798.2985506, 0, {}]
[{"0": [0, 1, 3, 1, 3, 0, 3, 2, 1, 1, 4, 1, 3, 0, 2, 1, 30]}, null, null, 106, false, [], false, 0, [], null, 0, 1744334798.5038638, 0, {}]
[{"0": [0, 0, 2, 1, 2, 2, 2, 0, 2, 2, 2, 2, 1, 0, 0, 3, 0]}, null, null, 107, false, [], false, 0, [], null, 0, 1744334798.7264035, 0, {}]
[{"0": [1, 2, 0, 0, 0, 1, 4, 1, 4, 0, 29, 3, 2, 1, 0, 2, 0]}, null, null, 107, false, [], false, 0, [], null, 0, 1744334798.93227, 0, {}]
[{"0": [1, 0, 0, 1, 3, 0, 1, 3, 2, 3, 3, 2, 1, 3, 2, 1, 25]}, null, null, 108, false, [], false, 0, [], null, 0, 1744334799.151252, 0, {}]
[{"0": [2, 5, 2, 1, 1, 2, 19, 38, 2, 3, 4, 1, 2, 0, 1, 4, 1]}, null, null, 108, false, [], false, 0, [], null, 0, 1744334799.3767931, 0, {}]
[{"0": [2, 25, 0, 2, 3, 0, 1, 1, 4, 1, 1, 1, 4, 1, 3, 3, 2]}, null, null, 109, false, [], false, 0, [], null, 0, 1744334799.5969863, 0, {}]
[{"0": [3, 18, 20, 29, 27, 19, 38, 25, 28, 33, 32, 1, 1, 2, 1, 5, 3]}, null, null, 110, false, [], false, 0, [], null, 0, 1744334799.8152354, 0, {}]
[{"0": [2, 15, 23, 33, 30, 0, 1, 4, 2, 1, 0, 2, 3, 1, 1, 0, 2]}, null, null, 110, false, [], false, 0, [], null, 0, 1744334800.023185, 0, {}]
[{"0": [1, 19, 27, 29, 30, 32, 30, 24, 33, 2, 2, 1, 1, 0, 1, 1, 0]}, null, null, 111, false, [], false, 0, [], null, 0, 1744334800.241338, 0, {}]
[{"0": [0, 1, 0, 2, 1, 3, 2, 2, 1, 2, 0, 20, 23, 24, 36, 24, 25]}, null, null, 111, false, [], false, 0, [], null, 0, 1744334800.457866, 0, {}]
[{"0": [2, 4, 4, 1, 2, 1, 1, 2, 2, 2, 3, 3, 0, 3, 1, 2, 2]}, null, null, 112, false, [], false, 0, [], null, 0, 1744334800.678011, 0, {}]
[{"0": [2, 0, 1, 0, 4, 1, 2, 0, 0, 23, 5, 0, 1, 0, 4, 1, 2]}, null, null, 113, false, [], false, 0, [], null, 0, 1744334800.8849938, 0, {}]
[{"0": [0, 2, 0, 2, 3, 30, 2, 2, 3, 0, 1, 1, 3, 2, 3, 4, 0]}, null, null, 113, false, [], false, 0, [], null, 0, 1744334801.114725, 0, {}]
[{"0": [23, 35, 31, 2, 2, 0, 1, 3, 1, 1, 4, 1, 3, 1, 3, 4, 1]}, null, null, 114, false, [], false, 0, [], null, 0, 1744334801.3244798, 0, {}]
[{"0": [2, 26, 23, 19, 33, 16, 28, 37, 26, 28, 0, 1, 3, 1, 1, 2, 1]}, null, null, 114, false, [], false, 0, [], null, 0, 1744334801.5353708, 0, {}]
[{"0": [2, 21, 1, 2, 1, 1, 3, 0, 1, 2, 2, 2, 0, 2, 2, 2, 1]}, null, null, 115, false, [], false, 0, [], null, 0, 1744334801.7549064, 0, {}]
[{"0": [1, 3, 0, 2, 2, 1, 2, 2, 2, 0, 1, 0, 3, 2, 1, 1, 36]}, null, null, 116, false, [], false, 0, [], null, 0, 1744334801.979658, 0, {}]
[{"0": [1, 41, 2, 3, 0, 2, 3, 3, 4, 3, 3, 5, 0, 0, 3, 3, 0]}, null, null, 116, false, [], false, 0, [], null, 0, 1744334802.1831813, 0, {}]
[{"0": [2, 1, 2, 6, 0, 5, 2, 2, 4, 3, 0, 2, 1, 3, 2, 2, 29]}, null, null, 117, false, [], false, 0, [], null, 0, 1744334802.4019117, 0, {}]
[{"0": [2, 26, 3, 2, 2, 2, 2, 1, 0, 1, 4, 2, 4, 2, 2, 2, 1]}, null, null, 117, false, [], false, 0, [], null, 0, 1744334802.6252625, 0, {}]
[{"0": [0, 1, 2, 0, 2, 2, 4, 0, 1, 2, 3, 28, 27, 43, 21, 29, 3]}, null, null, 118, false, [], false, 0, [], null, 0, 1744334802.8459978, 0, {}]
[{"0": [29, 0, 2, 36, 25, 35, 27, 3, 6, 0, 4, 2, 3, 1, 1, 2, 3]}, null, null, 119, false, [], false, 0, [], null, 0, 1744334803.0483854, 0, {}]
[{"0": [3, 0, 2, 2, 2, 0, 4, 2, 1, 3, 1, 0, 4, 2, 0, 3, 2]}, null, null, 119, false, [], false, 0, [], null, 0, 1744334803.2769299, 0, {}]
[{"0": [0, 1, 1, 1, 3, 4, 1, 0, 3, 3, 2, 1, 3, 0, 0, 1, 27]}, null, null, 120, false, [], false, 0, [], null, 0, 1744334803.4899166, 0, {}]
[{"0": [2, 37, 24, 23, 3, 0, 2, 2, 1, 2, 2, 2, 3, 2, 3, 3, 0]}, null, null, 120, false, [], false, 0, [], null, 0, 1744334803.7054138, 0, {}]
[{"0": [0, 28, 4, 1, 1, 0, 4, 2, 2, 1, 3, 5, 0, 0, 2, 1, 3]}, null, null, 121, false, [], false, 0, [], null, 0, 1744334803.9114764, 0, {}]
[{"0": [1, 1, 3, 1, 29, 21, 31, 35, 34, 31, 36, 32, 32, 37, 26, 29, 28]}, null, null, 122, false, [], false, 0, [], null, 0, 1744334804.1349905, 0, {}]
[{"0": [1, 34, 36, 25, 35, 1, 2, 4, 4, 3, 1, 1, 2, 3, 1, 2, 3]}, null, null, 122, false, [], false, 0, [], null, 0, 1744334804.3506696, 0, {}]
[{"0": [1, 1, 4, 2, 3, 1, 1, 1, 0, 0, 0, 0, 2, 2, 2, 2, 30]}, null, null, 123, false, [], false, 0, [], null, 0, 1744334804.5704956, 0, {}]
[{"0": [1, 1, 0, 2, 0, 2, 2, 1, 0, 1, 1, 1, 2, 3, 29, 27, 29]}, null, null, 123, false, [], false, 0, [], null, 0, 1744334804.7933793, 0, {}]
[{"0": [2, 28, 3, 3, 1, 0, 1, 3, 2, 2, 0, 2, 3, 2, 0, 0, 4]}, null, null, 124, false, [], false, 0, [], null, 0, 1744334805.0032809, 0, {}]
[{"0": [1, 1, 1, 4, 1, 3, 1, 1, 1, 0, 1, 1, 7, 2, 4, 1, 4]}, null, null, 125, false, [], false, 0, [], null, 0, 1744334805.2332182, 0, {}]
[{"0": [2, 4, 5, 2, 4, 1, 1, 4, 1, 3, 0, 2, 1, 2, 1, 2, 22]}, null, null, 125, false, [], false, 0, [], null, 0, 1744334805.4373074, 0, {}]
[{"0": [0, 30, 37, 23, 25, 26, 33, 2, 2, 3, 2, 3, 0, 1, 2, 0, 1]}, null, null, 126, false, [], false, 0, [], null, 0, 1744334805.6508324, 0, {}]
[{"0": [1, 14, 1, 2, 3, 1, 1, 2, 1, 1, 4, 4, 3, 2, 2, 3, 4]}, null, null, 127, false, [], false, 0, [], null, 0, 1744334805.8778503, 0, {}]
[{"0": [3, 21, 26, 2, 1, 2, 2, 1, 0, 0, 0, 2, 2, 3, 2, 2, 2]}, null, null, 127, false, [], false, 0, [], null, 0, 1744334806.081221, 0, {}]
[{"0": [2, 30, 38, 3, 1, 2, 0, 0, 0, 1, 2, 2, 1, 1, 2, 1, 1]}, null, null, 128, false, [], false, 0, [], null, 0, 1744334806.3186846, 0, {}]
[{"0": [3, 30, 33, 35, 31, 30, 31, 29, 1, 3, 1, 3, 0, 4, 1, 4, 1]}, null, null, 128, false, [], false, 0, [], null, 0, 1744334806.5174506, 0, {}]
[{"0": [2, 0, 5, 0, 3, 1, 1, 1, 1, 1, 2, 2, 1, 1, 0, 2, 2]}, null, null, 129, false, [], false, 0, [], null, 0, 1744334806.7443802, 0, {}]
[{"0": [1, 30, 15, 30, 21, 22, 3, 1, 3, 0, 0, 1, 2, 0, 2, 0, 0]}, null, null, 130, false, [], false, 0, [], null, 0, 1744334806.9566283, 0, {}]
[{"0": [3, 30, 40, 26, 30, 2, 2, 0, 1, 3, 5, 0, 2, 4, 2, 1, 2]}, null, null, 130, false, [], false, 0, [], null, 0, 1744334807.1773055, 0, {}]
[{"0": [2, 2, 3, 2, 5, 1, 3, 0, 2, 2, 2, 0, 2, 2, 4, 3, 31]}, null, null, 131, false, [], false, 0, [], null, 0, 1744334807.3941028, 0, {}]
[{"0": [0, 29, 21, 2, 0, 1, 3, 5, 2, 1, 2, 0, 0, 3, 2, 2, 2]}, null, null, 131, false, [], false, 0, [], null, 0, 1744334807.605402, 0, {}]
[{"0": [2, 3, 2, 2, 1, 28, 28, 37, 1, 3, 1, 0, 4, 1, 1, 1, 4]}, null, null, 132, false, [], false, 0, [], null, 0, 1744334807.8225996, 0, {}]
[{"0": [1, 26, 20, 36, 31, 21, 0, 3, 1, 2, 4, 1, 0, 2, 2, 0, 1]}, null, null, 133, false, [], false, 0, [], null, 0, 1744334808.0417047, 0, {}]
[{"0": [1, 21, 23, 25, 29, 14, 36, 24, 26, 34, 26, 35, 29, 27, 23, 29, 22]}, null, null, 133, false, [], false, 0, [], null, 0, 1744334808.2618015, 0, {}]
[{"0": [35, 30, 31, 32, 19, 2, 2, 0, 2, 4, 2, 1, 4, 4, 1, 1, 4]}, null, null, 134, false, [], false, 0, [], null, 0, 1744334808.465827, 0, {}]
[{"0": [2, 23, 33, 25, 2, 1, 2, 0, 0, 0, 2, 2, 1, 1, 2, 3, 1]}, null, null, 134, false, [], false, 0, [], null, 0, 1744334808.686228, 0, {}]
[{"0": [0, 1, 23, 31, 0, 4, 3, 2, 1, 0, 1, 1, 0, 0, 1, 2, 3]}, null, null, 135, false, [], false, 0, [], null, 0, 1744334808.9011354, 0, {}]
[{"0": [3, 32, 36, 31, 27, 37, 1, 2, 2, 5, 2, 1, 4, 2, 0, 4, 1]}, null, null, 136, false, [], false, 0, [], null, 0, 1744334809.121125, 0, {}]
[{"0": [1, 27, 27, 20, 21, 32, 19, 28, 31, 23, 21, 25, 27, 28, 34, 26, 26]}, null, null, 136, false, [], false, 0, [], null, 0, 1744334809.3316908, 0, {}]
[{"0": [1, 3, 1, 2, 0, 4, 1, 2, 3, 1, 4, 2, 4, 5, 1, 2, 1]}, null, null, 137, false, [], false, 0, [], null, 0, 1744334809.5641303, 0, {}]
[{"0": [1, 32, 40, 0, 1, 1, 3, 2, 1, 1, 0, 1, 3, 5, 2, 1, 4]}, null, null, 137, false, [], false, 0, [], null, 0, 1744334809.771945, 0, {}]
[{"0": [1, 4, 2, 0, 1, 0, 3, 1, 1, 23, 31, 2, 0, 1, 2, 2, 2]}, null, null, 138, false, [], false, 0, [], null, 0, 1744334809.995654, 0, {}]
[{"0": [1, 1, 24, 30, 29, 3, 2, 0, 1, 2, 2, 3, 3, 1, 3, 3, 1]}, null, null, 139, false, [], false, 0, [], null, 0, 1744334810.2017553, 0, {}]
[{"0": [1, 22, 25, 36, 31, 34, 20, 41, 28, 1, 1, 2, 1, 4, 0, 3, 2]}, null, null, 139, false, [], false, 0, [], null, 0, 1744334810.4273524, 0, {}]
[{"0": [3, 1, 1, 1, 2, 2, 1, 0, 2, 3, 25, 4, 2, 1, 1, 2, 1]}, null, null, 140, false, [], false, 0, [], null, 0, 1744334810.6347768, 0, {}]
[{"0": [0, 20, 2, 2, 5, 2, 4, 2, 1, 0, 2, 1, 0, 1, 1, 2, 3]}, null, null, 140, false, [], false, 0, [], null, 0, 1744334810.8602653, 0, {}]
[{"0": [0, 26, 22, 19, 24, 3, 2, 2, 1, 0, 1, 0, 1, 1, 5, 2, 3]}, null, null, 141, false, [], false, 0, [], null, 0, 1744334811.0760686, 0, {}]
[{"0": [0, 41, 1, 2, 0, 5, 2, 3, 0, 1, 2, 2, 1, 3, 1, 1, 2]}, null, null, 142, false, [], false, 0, [], null, 0, 1744334811.3142548, 0, {}]
[{"0": [1, 0, 2, 1, 0, 2, 2, 2, 0, 1, 0, 0, 0, 3, 5, 3, 26]}, null, null, 142, false, [], false, 0, [], null, 0, 1744334811.517934, 0, {}]
[{"0": [0, 31, 24, 31, 3, 2, 3, 2, 3, 4, 1, 3, 1, 1, 3, 4, 5]}, null, null, 143, false, [], false, 0, [], null, 0, 1744334811.716517, 0, {}]
[{"0": [2, 2, 1, 7, 1, 0, 1, 4, 1, 2, 32, 24, 20, 29, 29, 32, 1]}, null, null, 143, false, [], false, 0, [], null, 0, 1744334811.9510417, 0, {}]
[{"0": [1, 3, 1, 3, 3, 1, 5, 3, 2, 4, 24, 22, 2, 4, 1, 0, 0]}, null, null, 144, false, [], false, 0, [], null, 0, 1744334812.149956, 0, {}]
[{"0": [1, 1, 3, 0, 2, 2, 1, 0, 1, 1, 3, 4, 2, 3, 1, 0, 0]}, null, null, 145, false, [], false, 0, [], null, 0, 1744334812.3710005, 0, {}]
[{"0": [1, 38, 34, 26, 23, 25, 25, 4, 3, 3, 3, 1, 1, 2, 1, 0, 2]}, null, null, 145, false, [], false, 0, [], null, 0, 1744334812.5919092, 0, {}]
[{"0": [2, 29, 22, 27, 28, 25, 41, 2, 0, 1, 2, 0, 1, 1, 1, 5, 1]}, null, null, 146, false, [], false, 0, [], null, 0, 1744334812.8031583, 0, {}]
[{"0": [3, 26, 36, 30, 3, 3, 2, 2, 0, 1, 0, 0, 1, 2, 5, 2, 0]}, null, null, 146, false, [], false, 0, [], null, 0, 1744334813.0209303, 0, {}]
[{"0": [4, 24, 4, 0, 2, 1, 2, 2, 3, 1, 1, 1, 0, 3, 0, 3, 5]}, null, null, 147, false, [], false, 0, [], null, 0, 1744334813.2353342, 0, {}]
[{"0": [1, 31, 0, 3, 1, 0, 2, 1, 2, 0, 1, 2, 0, 1, 2, 4, 4]}, null, null, 148, false, [], false, 0, [], null, 0, 1744334813.451985, 0, {}]
[{"0": [0, 19, 32, 31, 3, 5, 1, 4, 2, 2, 3, 1, 1, 1, 0, 0, 2]}, null, null, 148, false, [], false, 0, [], null, 0, 1744334813.6697214, 0, {}]
[{"0": [38, 33, 27, 18, 34, 26, 34, 39, 29, 29, 34, 1, 1, 3, 2, 1, 0]}, null, null, 149, false, [], false, 0, [], null, 0, 1744334813.8964977, 0, {}]
[{"0": [2, 0, 1, 2, 1, 2, 1, 2, 1, 2, 2, 1, 1, 1, 3, 2, 26]}, null, null, 149, false, [], false, 0, [], null, 0, 1744334814.098476, 0, {}]
[{"0": [3, 35, 31, 30, 2, 0, 3, 3, 3, 1, 2, 1, 0, 0, 0, 0, 0]}, null, null, 150, true, [], false, 0, [], null, 0, 1744334814.3308392, 0, {}]
