[{"0": [21, 25, 36, 34, 38, 30, 2, 2, 1, 3, 1, 1, 2, 1, 4, 3, 3, 0]}, null, null, 0, false, [], false, 0, [], null, 0, 1744332710.7434556, 0, {}]
[{"0": [1, 0, 2, 6, 4, 5, 2, 1, 0, 1, 3, 3, 4, 1, 3, 29, 3, 3]}, null, null, 1, false, [], false, 0, [], null, 0, 1744332710.9981034, 0, {}]
[{"0": [2, 1, 1, 2, 1, 1, 2, 2, 2, 3, 1, 2, 1, 2, 0, 1, 1, 1]}, null, null, 1, false, [], false, 0, [], null, 0, 1744332711.2081697, 0, {}]
[{"0": [28, 26, 32, 32, 34, 43, 1, 34, 0, 3, 22, 4, 21, 22, 26, 27, 29, 34]}, null, null, 2, false, [], false, 0, [], null, 0, 1744332711.4231193, 0, {}]
[{"0": [30, 30, 0, 34, 5, 5, 34, 3, 35, 27, 31, 33, 24, 37, 27, 28, 29, 31]}, null, null, 2, false, [], false, 0, [], null, 0, 1744332711.6433597, 0, {}]
[{"0": [26, 4, 25, 3, 3, 1, 0, 2, 9, 0, 0, 3, 6, 2, 3, 2, 4, 0]}, null, null, 3, false, [], false, 0, [], null, 0, 1744332711.8598323, 0, {}]
[{"0": [28, 28, 29, 25, 32, 39, 34, 39, 30, 39, 33, 33, 31, 26, 22, 28, 34, 33]}, null, null, 4, false, [], false, 0, [], null, 0, 1744332712.0569615, 0, {}]
[{"0": [34, 23, 26, 26, 23, 45, 33, 29, 36, 34, 28, 2, 1, 1, 6, 1, 2, 25]}, null, null, 4, false, [], false, 0, [], null, 0, 1744332712.2918975, 0, {}]
[{"0": [32, 0, 2, 2, 2, 1, 1, 1, 5, 0, 1, 0, 0, 6, 4, 0, 1, 0]}, null, null, 5, false, [], false, 0, [], null, 0, 1744332712.5106418, 0, {}]
[{"0": [5, 43, 36, 32, 34, 40, 16, 30, 32, 30, 25, 1, 26, 3, 4, 1, 4, 1]}, null, null, 5, false, [], false, 0, [], null, 0, 1744332712.726791, 0, {}]
[{"0": [21, 34, 31, 27, 18, 31, 48, 0, 27, 32, 0, 0, 1, 0, 1, 2, 1, 2]}, null, null, 6, false, [], false, 0, [], null, 0, 1744332712.937691, 0, {}]
[{"0": [29, 38, 27, 27, 1, 37, 1, 2, 30, 3, 25, 34, 32, 37, 35, 32, 37, 29]}, null, null, 7, false, [], false, 0, [], null, 0, 1744332713.1521282, 0, {}]
[{"0": [38, 40, 1, 28, 2, 2, 4, 2, 2, 0, 0, 2, 2, 4, 0, 2, 5, 4]}, null, null, 7, false, [], false, 0, [], null, 0, 1744332713.3712382, 0, {}]
[{"0": [37, 0, 4, 2, 3, 2, 2, 3, 2, 1, 2, 3, 1, 3, 1, 2, 3, 2]}, null, null, 8, false, [], false, 0, [], null, 0, 1744332713.5890627, 0, {}]
[{"0": [22, 25, 24, 22, 35, 37, 26, 23, 29, 35, 28, 26, 32, 32, 31, 26, 34, 40]}, null, null, 8, false, [], false, 0, [], null, 0, 1744332713.8117564, 0, {}]
[{"0": [34, 29, 30, 26, 30, 31, 29, 36, 21, 30, 46, 36, 32, 1, 0, 35, 29, 21]}, null, null, 9, false, [], false, 0, [], null, 0, 1744332714.0341644, 0, {}]
[{"0": [1, 3, 2, 0, 5, 2, 2, 3, 1, 2, 2, 0, 33, 3, 27, 38, 1, 32]}, null, null, 10, false, [], false, 0, [], null, 0, 1744332714.2226212, 0, {}]
[{"0": [1, 1, 3, 3, 1, 0, 6, 1, 2, 2, 4, 2, 2, 0, 3, 4, 0, 4]}, null, null, 10, false, [], false, 0, [], null, 0, 1744332714.458795, 0, {}]
[{"0": [26, 36, 34, 33, 32, 36, 26, 33, 2, 24, 5, 33, 28, 36, 34, 28, 29, 36]}, null, null, 11, false, [], false, 0, [], null, 0, 1744332714.6772134, 0, {}]
[{"0": [26, 27, 1, 29, 20, 2, 3, 29, 1, 0, 2, 2, 2, 2, 1, 2, 6, 2]}, null, null, 11, false, [], false, 0, [], null, 0, 1744332714.8880036, 0, {}]
[{"0": [27, 3, 2, 3, 0, 0, 3, 3, 39, 25, 28, 4, 1, 3, 1, 1, 22, 3]}, null, null, 12, false, [], false, 0, [], null, 0, 1744332715.1152873, 0, {}]
[{"0": [3, 40, 1, 3, 6, 2, 1, 2, 1, 3, 1, 2, 0, 1, 2, 2, 1, 2]}, null, null, 13, false, [], false, 0, [], null, 0, 1744332715.32738, 0, {}]
[{"0": [1, 42, 33, 42, 29, 29, 43, 32, 0, 1, 1, 0, 2, 2, 1, 1, 1, 0]}, null, null, 13, false, [], false, 0, [], null, 0, 1744332715.538431, 0, {}]
[{"0": [1, 35, 38, 34, 27, 32, 16, 27, 29, 0, 31, 27, 26, 37, 24, 2, 43, 1]}, null, null, 14, false, [], false, 0, [], null, 0, 1744332715.7569802, 0, {}]
[{"0": [2, 27, 29, 38, 32, 33, 28, 28, 30, 31, 18, 33, 0, 30, 33, 0, 2, 3]}, null, null, 14, false, [], false, 0, [], null, 0, 1744332715.9561248, 0, {}]
[{"0": [4, 0, 0, 2, 40, 27, 32, 41, 1, 22, 2, 1, 1, 33, 29, 30, 29, 29]}, null, null, 15, false, [], false, 0, [], null, 0, 1744332716.1812832, 0, {}]
[{"0": [32, 46, 27, 29, 27, 32, 31, 1, 25, 2, 1, 5, 4, 4, 2, 3, 1, 1]}, null, null, 16, false, [], false, 0, [], null, 0, 1744332716.3997488, 0, {}]
[{"0": [33, 1, 25, 2, 37, 3, 31, 3, 2, 4, 2, 0, 3, 4, 2, 1, 1, 4]}, null, null, 16, false, [], false, 0, [], null, 0, 1744332716.625912, 0, {}]
[{"0": [31, 32, 1, 3, 2, 1, 3, 1, 2, 1, 1, 2, 2, 1, 0, 2, 0, 2]}, null, null, 17, false, [], false, 0, [], null, 0, 1744332716.8515048, 0, {}]
[{"0": [38, 30, 28, 40, 32, 26, 32, 23, 40, 27, 34, 38, 33, 27, 39, 28, 34, 27]}, null, null, 17, false, [], false, 0, [], null, 0, 1744332717.0657048, 0, {}]
[{"0": [35, 20, 28, 33, 22, 25, 29, 38, 36, 3, 0, 4, 3, 2, 1, 26, 35, 0]}, null, null, 18, false, [], false, 0, [], null, 0, 1744332717.272496, 0, {}]
[{"0": [29, 5, 1, 24, 26, 31, 31, 24, 34, 37, 31, 27, 27, 19, 1, 41, 1, 3]}, null, null, 19, false, [], false, 0, [], null, 0, 1744332717.487575, 0, {}]
[{"0": [1, 17, 27, 29, 0, 5, 27, 30, 26, 16, 1, 35, 4, 1, 1, 5, 1, 1]}, null, null, 19, false, [], false, 0, [], null, 0, 1744332717.7116272, 0, {}]
[{"0": [26, 23, 28, 32, 1, 3, 1, 31, 36, 4, 30, 4, 3, 3, 0, 4, 2, 0]}, null, null, 20, false, [], false, 0, [], null, 0, 1744332717.9106236, 0, {}]
[{"0": [34, 0, 4, 2, 26, 4, 21, 0, 30, 2, 4, 1, 1, 1, 1, 1, 3, 1]}, null, null, 20, false, [], false, 0, [], null, 0, 1744332718.134182, 0, {}]
[{"0": [33, 1, 23, 1, 31, 38, 26, 2, 2, 1, 1, 1, 0, 2, 4, 3, 1, 1]}, null, null, 21, false, [], false, 0, [], null, 0, 1744332718.3581645, 0, {}]
[{"0": [35, 3, 1, 1, 1, 3, 0, 0, 2, 1, 2, 1, 0, 3, 0, 1, 1, 1]}, null, null, 22, false, [], false, 0, [], null, 0, 1744332718.586691, 0, {}]
[{"0": [30, 30, 29, 31, 38, 24, 35, 37, 31, 36, 41, 37, 32, 27, 32, 27, 30, 42]}, null, null, 22, false, [], false, 0, [], null, 0, 1744332718.784479, 0, {}]
[{"0": [22, 31, 37, 29, 35, 34, 36, 25, 38, 32, 23, 0, 1, 3, 1, 1, 44, 4]}, null, null, 23, false, [], false, 0, [], null, 0, 1744332718.9919472, 0, {}]
[{"0": [1, 3, 29, 26, 27, 31, 27, 30, 29, 33, 37, 27, 0, 23, 1, 3, 38, 4]}, null, null, 23, false, [], false, 0, [], null, 0, 1744332719.2246816, 0, {}]
[{"0": [3, 40, 34, 31, 28, 31, 27, 36, 39, 2, 1, 32, 5, 36, 1, 35, 32, 35]}, null, null, 24, false, [], false, 0, [], null, 0, 1744332719.4681878, 0, {}]
[{"0": [25, 32, 24, 26, 25, 28, 3, 34, 2, 30, 39, 5, 36, 0, 2, 1, 1, 2]}, null, null, 25, false, [], false, 0, [], null, 0, 1744332719.7026067, 0, {}]
[{"0": [23, 33, 34, 2, 24, 1, 3, 36, 0, 0, 3, 0, 1, 2, 3, 3, 1, 2]}, null, null, 25, false, [], false, 0, [], null, 0, 1744332719.9240286, 0, {}]
[{"0": [28, 30, 27, 27, 0, 2, 0, 4, 3, 1, 1, 0, 2, 2, 0, 3, 7, 4]}, null, null, 26, false, [], false, 0, [], null, 0, 1744332720.1670604, 0, {}]
[{"0": [34, 0, 3, 2, 2, 1, 2, 1, 2, 1, 0, 2, 0, 2, 0, 1, 1, 2]}, null, null, 27, false, [], false, 0, [], null, 0, 1744332720.421488, 0, {}]
[{"0": [32, 34, 31, 31, 37, 28, 30, 32, 31, 22, 37, 37, 32, 29, 28, 28, 2, 1]}, null, null, 27, false, [], false, 0, [], null, 0, 1744332720.6504128, 0, {}]
[{"0": [26, 4, 1, 1, 2, 0, 1, 0, 3, 4, 1, 2, 2, 3, 32, 3, 34, 1]}, null, null, 28, false, [], false, 0, [], null, 0, 1744332720.8931048, 0, {}]
[{"0": [25, 1, 1, 0, 1, 4, 1, 6, 5, 3, 1, 4, 3, 6, 3, 2, 3, 31]}, null, null, 28, false, [], false, 0, [], null, 0, 1744332721.128672, 0, {}]
[{"0": [5, 1, 2, 1, 2, 3, 1, 1, 1, 2, 1, 1, 3, 2, 0, 3, 2, 0]}, null, null, 29, false, [], false, 0, [], null, 0, 1744332721.3751278, 0, {}]
[{"0": [9, 2, 2, 1, 2, 2, 3, 2, 33, 1, 1, 1, 3, 0, 4, 3, 0, 0]}, null, null, 30, false, [], false, 0, [], null, 0, 1744332721.6109366, 0, {}]
[{"0": [32, 31, 1, 19, 18, 3, 2, 3, 0, 3, 0, 3, 0, 1, 0, 1, 0, 24]}, null, null, 30, false, [], false, 0, [], null, 0, 1744332721.8369682, 0, {}]
[{"0": [25, 1, 0, 0, 1, 3, 3, 1, 0, 1, 1, 5, 22, 29, 32, 30, 25, 36]}, null, null, 31, false, [], false, 0, [], null, 0, 1744332722.063938, 0, {}]
[{"0": [33, 3, 35, 30, 23, 21, 25, 37, 35, 29, 26, 18, 36, 29, 30, 22, 32, 26]}, null, null, 31, false, [], false, 0, [], null, 0, 1744332722.3155215, 0, {}]
[{"0": [30, 30, 27, 37, 35, 25, 30, 23, 31, 34, 37, 29, 27, 33, 0, 40, 33, 0]}, null, null, 32, false, [], false, 0, [], null, 0, 1744332722.5532513, 0, {}]
[{"0": [23, 29, 30, 30, 36, 31, 0, 4, 4, 26, 37, 33, 33, 27, 2, 32, 1, 2]}, null, null, 33, false, [], false, 0, [], null, 0, 1744332722.7812343, 0, {}]
[{"0": [0, 26, 39, 33, 29, 33, 37, 37, 43, 26, 30, 22, 2, 29, 5, 0, 2, 1]}, null, null, 33, false, [], false, 0, [], null, 0, 1744332723.038384, 0, {}]
[{"0": [1, 0, 23, 30, 34, 27, 36, 1, 2, 0, 3, 3, 27, 0, 0, 1, 0, 2]}, null, null, 34, false, [], false, 0, [], null, 0, 1744332723.2606926, 0, {}]
[{"0": [22, 33, 40, 23, 34, 0, 43, 1, 1, 1, 31, 33, 28, 32, 36, 30, 25, 34]}, null, null, 34, false, [], false, 0, [], null, 0, 1744332723.5102909, 0, {}]
[{"0": [29, 2, 41, 2, 20, 3, 2, 2, 1, 3, 3, 2, 2, 4, 7, 1, 3, 1]}, null, null, 35, false, [], false, 0, [], null, 0, 1744332723.7352107, 0, {}]
[{"0": [33, 19, 39, 2, 1, 24, 25, 32, 28, 34, 3, 1, 20, 34, 42, 29, 31, 38]}, null, null, 36, false, [], false, 0, [], null, 0, 1744332723.973978, 0, {}]
[{"0": [32, 1, 2, 0, 2, 2, 6, 2, 0, 1, 2, 2, 3, 0, 3, 1, 2, 2]}, null, null, 36, false, [], false, 0, [], null, 0, 1744332724.2159538, 0, {}]
[{"0": [37, 3, 1, 2, 1, 43, 27, 27, 35, 33, 25, 38, 27, 23, 25, 35, 30, 28]}, null, null, 37, false, [], false, 0, [], null, 0, 1744332724.4599576, 0, {}]
[{"0": [1, 24, 33, 29, 32, 21, 27, 31, 25, 30, 30, 36, 34, 22, 27, 2, 0, 0]}, null, null, 37, false, [], false, 0, [], null, 0, 1744332724.7172134, 0, {}]
[{"0": [4, 44, 33, 31, 30, 32, 30, 27, 32, 2, 27, 3, 35, 24, 2, 6, 4, 1]}, null, null, 38, false, [], false, 0, [], null, 0, 1744332724.939913, 0, {}]
[{"0": [31, 32, 29, 35, 26, 27, 4, 28, 0, 30, 2, 35, 2, 5, 1, 3, 1, 0]}, null, null, 39, false, [], false, 0, [], null, 0, 1744332725.1773353, 0, {}]
[{"0": [32, 22, 41, 37, 0, 28, 0, 36, 1, 34, 0, 4, 1, 3, 4, 3, 3, 5]}, null, null, 39, false, [], false, 0, [], null, 0, 1744332725.4177337, 0, {}]
[{"0": [27, 1, 33, 3, 2, 1, 1, 6, 2, 3, 1, 3, 1, 2, 3, 0, 3, 3]}, null, null, 40, false, [], false, 0, [], null, 0, 1744332725.6620393, 0, {}]
[{"0": [34, 31, 3, 0, 35, 22, 39, 23, 24, 23, 31, 34, 31, 4, 1, 0, 0, 1]}, null, null, 40, false, [], false, 0, [], null, 0, 1744332725.8916433, 0, {}]
[{"0": [34, 25, 32, 1, 3, 3, 1, 39, 31, 1, 1, 2, 1, 2, 1, 3, 3, 35]}, null, null, 41, false, [], false, 0, [], null, 0, 1744332726.1382558, 0, {}]
[{"0": [34, 22, 33, 36, 30, 0, 3, 1, 2, 2, 2, 3, 4, 2, 4, 2, 30, 2]}, null, null, 42, false, [], false, 0, [], null, 0, 1744332726.375807, 0, {}]
[{"0": [3, 28, 24, 31, 22, 21, 27, 30, 33, 31, 35, 35, 29, 0, 22, 0, 3, 2]}, null, null, 42, false, [], false, 0, [], null, 0, 1744332726.6147604, 0, {}]
[{"0": [2, 1, 2, 1, 4, 1, 1, 2, 1, 0, 3, 5, 4, 1, 0, 3, 4, 1]}, null, null, 43, false, [], false, 0, [], null, 0, 1744332726.855856, 0, {}]
[{"0": [25, 33, 38, 26, 35, 32, 26, 2, 39, 25, 30, 2, 29, 42, 30, 35, 32, 30]}, null, null, 43, false, [], false, 0, [], null, 0, 1744332727.0774922, 0, {}]
[{"0": [29, 33, 27, 28, 2, 16, 2, 0, 4, 2, 0, 2, 0, 3, 3, 2, 2, 1]}, null, null, 44, false, [], false, 0, [], null, 0, 1744332727.322786, 0, {}]
[{"0": [22, 3, 32, 26, 0, 36, 32, 39, 32, 23, 33, 38, 28, 29, 22, 27, 20, 33]}, null, null, 45, false, [], false, 0, [], null, 0, 1744332727.553646, 0, {}]
[{"0": [25, 30, 0, 24, 3, 0, 3, 2, 3, 1, 3, 1, 1, 0, 5, 3, 0, 4]}, null, null, 45, false, [], false, 0, [], null, 0, 1744332727.820796, 0, {}]
[{"0": [31, 30, 27, 35, 0, 23, 36, 29, 28, 29, 26, 34, 44, 2, 0, 28, 32, 29]}, null, null, 46, false, [], false, 0, [], null, 0, 1744332728.0247936, 0, {}]
[{"0": [31, 39, 43, 4, 2, 32, 33, 30, 27, 32, 32, 35, 25, 29, 29, 41, 2, 26]}, null, null, 46, false, [], false, 0, [], null, 0, 1744332728.2796986, 0, {}]
[{"0": [4, 36, 30, 34, 22, 40, 33, 44, 28, 31, 37, 32, 0, 29, 32, 3, 30, 26]}, null, null, 47, false, [], false, 0, [], null, 0, 1744332728.5279422, 0, {}]
[{"0": [1, 2, 3, 5, 2, 2, 1, 3, 2, 3, 1, 3, 0, 2, 1, 29, 26, 24]}, null, null, 48, false, [], false, 0, [], null, 0, 1744332728.7515907, 0, {}]
[{"0": [29, 30, 21, 30, 28, 32, 32, 3, 22, 0, 37, 2, 4, 1, 2, 2, 2, 3]}, null, null, 48, false, [], false, 0, [], null, 0, 1744332728.9860644, 0, {}]
[{"0": [28, 21, 38, 26, 1, 31, 4, 0, 2, 5, 5, 2, 2, 1, 3, 1, 2, 2]}, null, null, 49, false, [], false, 0, [], null, 0, 1744332729.2273366, 0, {}]
[{"0": [28, 3, 0, 37, 1, 4, 3, 4, 1, 0, 2, 1, 1, 4, 4, 3, 2, 2]}, null, null, 49, false, [], false, 0, [], null, 0, 1744332729.4569304, 0, {}]
[{"0": [27, 24, 1, 0, 1, 4, 0, 1, 2, 2, 3, 1, 1, 2, 1, 2, 2, 1]}, null, null, 50, false, [], false, 0, [], null, 0, 1744332729.7002008, 0, {}]
[{"0": [25, 28, 34, 30, 31, 35, 34, 35, 34, 28, 33, 23, 30, 31, 39, 31, 22, 37]}, null, null, 51, false, [], false, 0, [], null, 0, 1744332729.949692, 0, {}]
[{"0": [31, 4, 2, 1, 1, 1, 3, 1, 5, 5, 1, 0, 4, 1, 1, 1, 3, 4]}, null, null, 51, false, [], false, 0, [], null, 0, 1744332730.1738257, 0, {}]
[{"0": [46, 0, 3, 2, 0, 2, 3, 0, 0, 4, 0, 3, 42, 33, 0, 31, 1, 24]}, null, null, 52, false, [], false, 0, [], null, 0, 1744332730.4085295, 0, {}]
[{"0": [0, 0, 3, 2, 3, 1, 4, 2, 2, 3, 1, 6, 2, 2, 2, 29, 31, 38]}, null, null, 52, false, [], false, 0, [], null, 0, 1744332730.6126268, 0, {}]
[{"0": [29, 31, 28, 44, 26, 29, 1, 36, 2, 0, 5, 2, 3, 2, 4, 2, 3, 3]}, null, null, 53, false, [], false, 0, [], null, 0, 1744332730.8240755, 0, {}]
[{"0": [39, 36, 33, 0, 39, 3, 29, 3, 32, 34, 25, 31, 19, 29, 26, 17, 24, 35]}, null, null, 54, false, [], false, 0, [], null, 0, 1744332731.043175, 0, {}]
[{"0": [42, 28, 0, 2, 33, 31, 26, 31, 29, 25, 30, 30, 29, 32, 38, 26, 35, 25]}, null, null, 54, false, [], false, 0, [], null, 0, 1744332731.2545075, 0, {}]
[{"0": [19, 29, 26, 31, 41, 28, 39, 35, 38, 32, 31, 30, 27, 37, 23, 34, 31, 35]}, null, null, 55, false, [], false, 0, [], null, 0, 1744332731.4783053, 0, {}]
[{"0": [27, 35, 4, 1, 2, 1, 32, 32, 36, 27, 33, 0, 36, 28, 27, 35, 30, 30]}, null, null, 55, false, [], false, 0, [], null, 0, 1744332731.7020965, 0, {}]
[{"0": [2, 30, 29, 38, 32, 33, 25, 30, 27, 32, 31, 29, 22, 24, 44, 24, 2, 27]}, null, null, 56, false, [], false, 0, [], null, 0, 1744332731.9013197, 0, {}]
[{"0": [37, 2, 4, 1, 3, 1, 1, 0, 1, 1, 3, 2, 3, 3, 1, 4, 2, 42]}, null, null, 57, false, [], false, 0, [], null, 0, 1744332732.1093118, 0, {}]
[{"0": [4, 0, 1, 0, 3, 1, 4, 3, 2, 2, 1, 1, 0, 0, 1, 3, 1, 3]}, null, null, 57, false, [], false, 0, [], null, 0, 1744332732.3204618, 0, {}]
[{"0": [30, 28, 28, 33, 35, 0, 31, 2, 37, 1, 6, 2, 1, 2, 4, 3, 1, 1]}, null, null, 58, false, [], false, 0, [], null, 0, 1744332732.556195, 0, {}]
[{"0": [30, 22, 43, 3, 28, 31, 0, 34, 1, 2, 3, 1, 1, 2, 0, 1, 1, 3]}, null, null, 58, false, [], false, 0, [], null, 0, 1744332732.7653387, 0, {}]
[{"0": [38, 3, 1, 0, 29, 2, 0, 4, 0, 2, 1, 1, 2, 0, 3, 2, 0, 2]}, null, null, 59, false, [], false, 0, [], null, 0, 1744332732.9847891, 0, {}]
[{"0": [23, 1, 30, 38, 29, 35, 29, 27, 34, 24, 35, 36, 0, 28, 3, 1, 19, 32]}, null, null, 60, false, [], false, 0, [], null, 0, 1744332733.1831808, 0, {}]
[{"0": [33, 30, 26, 1, 20, 34, 25, 33, 3, 34, 20, 25, 27, 25, 33, 22, 33, 27]}, null, null, 60, false, [], false, 0, [], null, 0, 1744332733.3956656, 0, {}]
[{"0": [30, 4, 0, 2, 0, 2, 2, 2, 1, 3, 1, 3, 0, 0, 26, 21, 4, 1]}, null, null, 61, false, [], false, 0, [], null, 0, 1744332733.6143122, 0, {}]
[{"0": [38, 2, 2, 0, 0, 1, 4, 3, 1, 1, 4, 1, 2, 2, 2, 2, 2, 2]}, null, null, 61, false, [], false, 0, [], null, 0, 1744332733.826818, 0, {}]
[{"0": [3, 27, 28, 29, 36, 35, 0, 1, 30, 0, 26, 37, 2, 1, 1, 3, 0, 2]}, null, null, 62, false, [], false, 0, [], null, 0, 1744332734.0591831, 0, {}]
[{"0": [25, 32, 34, 33, 31, 4, 23, 37, 0, 3, 0, 2, 2, 2, 4, 1, 3, 0]}, null, null, 63, false, [], false, 0, [], null, 0, 1744332734.255954, 0, {}]
[{"0": [30, 20, 4, 32, 1, 2, 34, 0, 1, 3, 3, 3, 1, 1, 3, 1, 2, 0]}, null, null, 63, false, [], false, 0, [], null, 0, 1744332734.4681928, 0, {}]
[{"0": [22, 2, 22, 38, 1, 30, 17, 33, 36, 34, 28, 34, 30, 29, 26, 27, 31, 42]}, null, null, 64, false, [], false, 0, [], null, 0, 1744332734.6912017, 0, {}]
[{"0": [29, 35, 25, 37, 31, 32, 36, 25, 26, 23, 32, 20, 21, 31, 24, 26, 35, 27]}, null, null, 64, false, [], false, 0, [], null, 0, 1744332734.9063513, 0, {}]
[{"0": [41, 29, 33, 30, 28, 1, 1, 0, 0, 1, 2, 6, 1, 3, 3, 1, 2, 2]}, null, null, 65, false, [], false, 0, [], null, 0, 1744332735.1065936, 0, {}]
[{"0": [2, 36, 28, 35, 27, 42, 27, 27, 34, 33, 39, 31, 25, 31, 24, 31, 2, 2]}, null, null, 66, false, [], false, 0, [], null, 0, 1744332735.3273094, 0, {}]
[{"0": [3, 34, 35, 39, 35, 33, 24, 29, 32, 37, 1, 32, 3, 0, 30, 1, 29, 33]}, null, null, 66, false, [], false, 0, [], null, 0, 1744332735.5394652, 0, {}]
[{"0": [28, 20, 33, 41, 32, 31, 39, 1, 30, 35, 3, 28, 2, 1, 24, 29, 35, 23]}, null, null, 67, false, [], false, 0, [], null, 0, 1744332735.7645836, 0, {}]
[{"0": [24, 36, 29, 22, 31, 25, 0, 31, 1, 29, 35, 36, 31, 26, 37, 28, 35, 34]}, null, null, 67, false, [], false, 0, [], null, 0, 1744332735.9796736, 0, {}]
[{"0": [34, 2, 28, 3, 0, 2, 1, 0, 1, 2, 2, 2, 2, 2, 2, 3, 1, 1]}, null, null, 68, false, [], false, 0, [], null, 0, 1744332736.1931212, 0, {}]
[{"0": [27, 1, 1, 1, 3, 1, 1, 2, 3, 2, 1, 1, 3, 3, 0, 2, 3, 2]}, null, null, 69, false, [], false, 0, [], null, 0, 1744332736.4173906, 0, {}]
[{"0": [37, 31, 26, 40, 36, 3, 3, 1, 0, 6, 36, 35, 24, 36, 41, 32, 36, 30]}, null, null, 69, false, [], false, 0, [], null, 0, 1744332736.6307936, 0, {}]
[{"0": [36, 28, 22, 27, 35, 30, 22, 23, 27, 25, 32, 26, 29, 32, 34, 27, 2, 36]}, null, null, 70, false, [], false, 0, [], null, 0, 1744332736.828871, 0, {}]
[{"0": [3, 28, 20, 28, 32, 29, 25, 28, 29, 30, 22, 27, 4, 33, 31, 31, 2, 3]}, null, null, 70, false, [], false, 0, [], null, 0, 1744332737.055008, 0, {}]
[{"0": [2, 1, 5, 1, 0, 4, 1, 3, 0, 1, 32, 40, 0, 5, 1, 2, 1, 3]}, null, null, 71, false, [], false, 0, [], null, 0, 1744332737.2729173, 0, {}]
[{"0": [30, 31, 30, 34, 35, 30, 27, 26, 32, 1, 30, 33, 2, 1, 1, 5, 3, 2]}, null, null, 72, false, [], false, 0, [], null, 0, 1744332737.482472, 0, {}]
[{"0": [22, 29, 37, 39, 1, 19, 1, 1, 2, 33, 30, 32, 31, 34, 39, 32, 23, 34]}, null, null, 72, false, [], false, 0, [], null, 0, 1744332737.6837766, 0, {}]
[{"0": [24, 28, 33, 0, 25, 0, 30, 27, 24, 36, 31, 28, 33, 37, 42, 32, 36, 30]}, null, null, 73, false, [], false, 0, [], null, 0, 1744332737.919854, 0, {}]
[{"0": [31, 2, 2, 1, 0, 1, 5, 1, 2, 1, 3, 2, 4, 0, 2, 1, 1, 0]}, null, null, 73, false, [], false, 0, [], null, 0, 1744332738.1238117, 0, {}]
[{"0": [24, 18, 37, 29, 32, 30, 23, 30, 28, 35, 29, 41, 31, 27, 32, 22, 29, 42]}, null, null, 74, false, [], false, 0, [], null, 0, 1744332738.3549814, 0, {}]
[{"0": [30, 0, 3, 1, 1, 3, 2, 2, 2, 1, 1, 1, 2, 0, 3, 24, 37, 30]}, null, null, 75, false, [], false, 0, [], null, 0, 1744332738.5504932, 0, {}]
[{"0": [4, 0, 1, 28, 34, 38, 24, 5, 4, 2, 1, 2, 34, 2, 35, 2, 42, 26]}, null, null, 75, false, [], false, 0, [], null, 0, 1744332738.7637863, 0, {}]
[{"0": [3, 6, 0, 1, 1, 1, 1, 0, 4, 2, 3, 1, 0, 1, 2, 34, 3, 2]}, null, null, 76, false, [], false, 0, [], null, 0, 1744332738.9909532, 0, {}]
[{"0": [45, 29, 40, 30, 29, 2, 35, 2, 1, 27, 1, 28, 28, 28, 31, 38, 26, 36]}, null, null, 77, false, [], false, 0, [], null, 0, 1744332739.2030673, 0, {}]
[{"0": [18, 40, 36, 31, 2, 26, 2, 1, 3, 1, 2, 3, 1, 2, 2, 2, 3, 2]}, null, null, 77, false, [], false, 0, [], null, 0, 1744332739.417482, 0, {}]
[{"0": [25, 2, 1, 2, 0, 1, 3, 1, 0, 0, 3, 6, 5, 2, 1, 2, 0, 1]}, null, null, 78, false, [], false, 0, [], null, 0, 1744332739.6255267, 0, {}]
[{"0": [30, 2, 40, 26, 20, 42, 25, 29, 29, 29, 35, 33, 28, 0, 1, 4, 1, 4]}, null, null, 78, false, [], false, 0, [], null, 0, 1744332739.835541, 0, {}]
[{"0": [29, 38, 18, 24, 0, 29, 2, 3, 25, 29, 27, 35, 28, 38, 30, 33, 26, 31]}, null, null, 79, false, [], false, 0, [], null, 0, 1744332740.0530179, 0, {}]
[{"0": [1, 33, 22, 30, 3, 3, 1, 6, 0, 2, 3, 0, 3, 1, 37, 1, 38, 1]}, null, null, 80, false, [], false, 0, [], null, 0, 1744332740.2559314, 0, {}]
[{"0": [1, 35, 20, 31, 0, 1, 1, 2, 1, 4, 2, 24, 22, 1, 2, 1, 2, 2]}, null, null, 80, false, [], false, 0, [], null, 0, 1744332740.4585803, 0, {}]
[{"0": [27, 37, 38, 45, 43, 28, 31, 35, 2, 27, 2, 37, 32, 34, 1, 2, 2, 3]}, null, null, 81, false, [], false, 0, [], null, 0, 1744332740.6414917, 0, {}]
[{"0": [28, 23, 32, 40, 2, 22, 24, 2, 27, 3, 1, 30, 28, 30, 24, 34, 37, 31]}, null, null, 81, false, [], false, 0, [], null, 0, 1744332740.8461552, 0, {}]
[{"0": [32, 25, 1, 35, 0, 31, 2, 1, 30, 30, 32, 27, 29, 32, 37, 33, 28, 33]}, null, null, 82, false, [], false, 0, [], null, 0, 1744332741.026029, 0, {}]
[{"0": [33, 3, 34, 26, 1, 1, 2, 2, 2, 3, 1, 3, 2, 3, 1, 3, 3, 4]}, null, null, 83, false, [], false, 0, [], null, 0, 1744332741.2189794, 0, {}]
[{"0": [27, 28, 33, 34, 26, 27, 37, 35, 29, 38, 38, 32, 32, 33, 34, 29, 30, 32]}, null, null, 83, false, [], false, 0, [], null, 0, 1744332741.4104328, 0, {}]
[{"0": [27, 32, 29, 22, 28, 24, 42, 43, 25, 37, 26, 30, 32, 17, 24, 30, 34, 2]}, null, null, 84, false, [], false, 0, [], null, 0, 1744332741.614396, 0, {}]
[{"0": [3, 26, 25, 30, 23, 23, 33, 23, 41, 32, 30, 27, 42, 42, 36, 1, 1, 4]}, null, null, 84, false, [], false, 0, [], null, 0, 1744332741.7926593, 0, {}]
[{"0": [0, 3, 1, 2, 2, 2, 2, 1, 3, 38, 3, 31, 1, 0, 1, 1, 1, 1]}, null, null, 85, false, [], false, 0, [], null, 0, 1744332741.9969938, 0, {}]
[{"0": [20, 30, 31, 36, 24, 34, 34, 1, 23, 1, 32, 0, 0, 2, 2, 2, 4, 3]}, null, null, 86, false, [], false, 0, [], null, 0, 1744332742.1894147, 0, {}]
[{"0": [37, 20, 26, 29, 1, 29, 1, 20, 30, 36, 31, 37, 36, 35, 38, 35, 33, 25]}, null, null, 86, false, [], false, 0, [], null, 0, 1744332742.3842237, 0, {}]
[{"0": [33, 3, 27, 2, 2, 2, 1, 2, 0, 1, 1, 1, 1, 0, 2, 2, 3, 2]}, null, null, 87, false, [], false, 0, [], null, 0, 1744332742.5675125, 0, {}]
[{"0": [36, 5, 2, 1, 2, 2, 3, 0, 3, 2, 2, 1, 0, 1, 3, 2, 1, 2]}, null, null, 87, false, [], false, 0, [], null, 0, 1744332742.7773843, 0, {}]
[{"0": [27, 27, 35, 28, 26, 26, 32, 27, 15, 34, 25, 34, 31, 28, 30, 26, 24, 38]}, null, null, 88, false, [], false, 0, [], null, 0, 1744332742.9627123, 0, {}]
[{"0": [36, 0, 5, 2, 0, 1, 0, 3, 4, 34, 36, 34, 32, 37, 43, 2, 31, 28]}, null, null, 89, false, [], false, 0, [], null, 0, 1744332743.149091, 0, {}]
[{"0": [2, 27, 30, 32, 32, 26, 35, 37, 31, 37, 30, 2, 38, 2, 31, 3, 28, 3]}, null, null, 89, false, [], false, 0, [], null, 0, 1744332743.3468025, 0, {}]
[{"0": [0, 2, 2, 4, 2, 2, 4, 2, 28, 40, 1, 2, 1, 3, 2, 3, 2, 2]}, null, null, 90, false, [], false, 0, [], null, 0, 1744332743.5414293, 0, {}]
[{"0": [23, 22, 24, 33, 30, 6, 32, 2, 29, 2, 33, 1, 1, 2, 3, 3, 6, 0]}, null, null, 90, false, [], false, 0, [], null, 0, 1744332743.7519145, 0, {}]
[{"0": [34, 1, 30, 35, 39, 1, 1, 28, 32, 28, 27, 35, 33, 26, 24, 25, 32, 33]}, null, null, 91, false, [], false, 0, [], null, 0, 1744332743.9332042, 0, {}]
[{"0": [31, 34, 0, 23, 28, 27, 46, 34, 31, 30, 30, 25, 31, 27, 35, 18, 30, 22]}, null, null, 92, false, [], false, 0, [], null, 0, 1744332744.1174617, 0, {}]
[{"0": [30, 6, 0, 2, 1, 2, 0, 0, 3, 2, 1, 2, 1, 1, 3, 0, 2, 1]}, null, null, 92, false, [], false, 0, [], null, 0, 1744332744.309861, 0, {}]
[{"0": [28, 25, 37, 39, 28, 1, 2, 3, 1, 1, 1, 1, 2, 1, 1, 0, 2, 1]}, null, null, 93, false, [], false, 0, [], null, 0, 1744332744.5117197, 0, {}]
[{"0": [3, 27, 39, 22, 30, 30, 25, 3, 0, 2, 28, 19, 22, 0, 30, 1, 29, 23]}, null, null, 93, false, [], false, 0, [], null, 0, 1744332744.6964648, 0, {}]
[{"0": [3, 3, 4, 5, 1, 0, 4, 3, 1, 19, 32, 22, 1, 34, 24, 5, 1, 3]}, null, null, 94, false, [], false, 0, [], null, 0, 1744332744.8986046, 0, {}]
[{"0": [23, 36, 28, 38, 26, 26, 3, 34, 21, 1, 2, 2, 26, 25, 28, 28, 29, 33]}, null, null, 95, false, [], false, 0, [], null, 0, 1744332745.0905502, 0, {}]
[{"0": [33, 31, 34, 0, 40, 24, 2, 1, 3, 4, 1, 4, 2, 4, 1, 1, 3, 1]}, null, null, 95, false, [], false, 0, [], null, 0, 1744332745.284714, 0, {}]
[{"0": [27, 2, 30, 3, 3, 2, 1, 1, 2, 0, 0, 2, 3, 1, 0, 2, 0, 6]}, null, null, 96, false, [], false, 0, [], null, 0, 1744332745.4835155, 0, {}]
[{"0": [29, 3, 33, 5, 0, 0, 1, 2, 2, 2, 2, 0, 1, 2, 2, 3, 2, 3]}, null, null, 96, false, [], false, 0, [], null, 0, 1744332745.664118, 0, {}]
[{"0": [30, 26, 26, 31, 32, 38, 26, 19, 28, 39, 33, 37, 32, 31, 26, 39, 31, 35]}, null, null, 97, false, [], false, 0, [], null, 0, 1744332745.8682685, 0, {}]
[{"0": [33, 41, 36, 2, 2, 26, 28, 36, 25, 26, 34, 29, 30, 24, 33, 2, 29, 31]}, null, null, 98, false, [], false, 0, [], null, 0, 1744332746.0638363, 0, {}]
[{"0": [36, 2, 1, 1, 1, 3, 1, 3, 2, 2, 5, 31, 30, 3, 2, 1, 4, 2]}, null, null, 98, false, [], false, 0, [], null, 0, 1744332746.247097, 0, {}]
[{"0": [28, 40, 39, 31, 33, 36, 28, 22, 2, 39, 2, 2, 0, 2, 5, 2, 3, 2]}, null, null, 99, false, [], false, 0, [], null, 0, 1744332746.4297385, 0, {}]
[{"0": [34, 30, 46, 32, 36, 32, 0, 2, 2, 1, 1, 1, 0, 1, 1, 1, 5, 2]}, null, null, 99, false, [], false, 0, [], null, 0, 1744332746.6394029, 0, {}]
[{"0": [32, 1, 33, 2, 33, 1, 24, 2, 2, 1, 2, 2, 2, 0, 1, 2, 1, 2]}, null, null, 100, false, [], false, 0, [], null, 0, 1744332746.8280435, 0, {}]
[{"0": [0, 33, 28, 1, 1, 4, 2, 4, 22, 25, 25, 29, 32, 26, 25, 21, 35, 35]}, null, null, 101, false, [], false, 0, [], null, 0, 1744332747.0280428, 0, {}]
[{"0": [32, 2, 2, 0, 1, 0, 4, 2, 3, 1, 1, 4, 2, 2, 2, 1, 2, 0]}, null, null, 101, false, [], false, 0, [], null, 0, 1744332747.211209, 0, {}]
[{"0": [36, 36, 33, 44, 26, 27, 38, 34, 28, 37, 25, 31, 40, 32, 34, 44, 21, 39]}, null, null, 102, false, [], false, 0, [], null, 0, 1744332747.3936522, 0, {}]
[{"0": [0, 0, 33, 31, 29, 36, 28, 31, 29, 33, 29, 23, 39, 0, 28, 6, 31, 1]}, null, null, 102, false, [], false, 0, [], null, 0, 1744332747.5956407, 0, {}]
[{"0": [0, 29, 34, 34, 38, 28, 28, 28, 34, 2, 24, 1, 1, 2, 2, 6, 2, 2]}, null, null, 103, false, [], false, 0, [], null, 0, 1744332747.800587, 0, {}]
[{"0": [33, 25, 30, 30, 29, 32, 28, 25, 0, 2, 37, 31, 18, 28, 35, 31, 25, 31]}, null, null, 104, false, [], false, 0, [], null, 0, 1744332747.9773967, 0, {}]
[{"0": [36, 32, 30, 2, 33, 22, 3, 32, 0, 0, 1, 4, 3, 1, 1, 0, 3, 1]}, null, null, 104, false, [], false, 0, [], null, 0, 1744332748.1828837, 0, {}]
[{"0": [41, 4, 2, 3, 1, 1, 2, 1, 2, 2, 0, 0, 2, 1, 0, 0, 2, 6]}, null, null, 105, false, [], false, 0, [], null, 0, 1744332748.3753703, 0, {}]
[{"0": [42, 4, 0, 2, 2, 39, 30, 42, 30, 27, 26, 33, 27, 29, 26, 31, 28, 30]}, null, null, 105, false, [], false, 0, [], null, 0, 1744332748.5729802, 0, {}]
[{"0": [28, 25, 23, 27, 30, 21, 26, 30, 29, 42, 32, 32, 19, 31, 22, 27, 26, 32]}, null, null, 106, false, [], false, 0, [], null, 0, 1744332748.752892, 0, {}]
[{"0": [30, 0, 3, 3, 2, 2, 2, 1, 3, 4, 5, 0, 4, 30, 15, 35, 1, 28]}, null, null, 107, false, [], false, 0, [], null, 0, 1744332748.9415724, 0, {}]
[{"0": [30, 1, 0, 3, 2, 5, 2, 3, 2, 2, 2, 1, 3, 34, 0, 1, 3, 0]}, null, null, 107, false, [], false, 0, [], null, 0, 1744332749.1443439, 0, {}]
[{"0": [20, 36, 21, 29, 27, 33, 27, 36, 1, 21, 38, 0, 34, 21, 31, 33, 34, 28]}, null, null, 108, false, [], false, 0, [], null, 0, 1744332749.3605642, 0, {}]
[{"0": [38, 27, 37, 0, 25, 3, 6, 3, 2, 4, 2, 5, 0, 0, 1, 1, 5, 3]}, null, null, 108, false, [], false, 0, [], null, 0, 1744332749.5803943, 0, {}]
[{"0": [23, 0, 21, 2, 2, 1, 2, 3, 3, 1, 2, 3, 2, 3, 2, 2, 3, 2]}, null, null, 109, false, [], false, 0, [], null, 0, 1744332749.780422, 0, {}]
[{"0": [32, 0, 1, 2, 1, 0, 0, 2, 0, 4, 2, 3, 3, 1, 2, 1, 0, 0]}, null, null, 110, false, [], false, 0, [], null, 0, 1744332750.0046823, 0, {}]
[{"0": [19, 29, 24, 34, 27, 32, 35, 24, 31, 28, 28, 31, 34, 38, 30, 25, 31, 26]}, null, null, 110, false, [], false, 0, [], null, 0, 1744332750.2082233, 0, {}]
[{"0": [2, 32, 38, 27, 32, 29, 30, 30, 26, 24, 37, 33, 27, 31, 37, 1, 3, 31]}, null, null, 111, false, [], false, 0, [], null, 0, 1744332750.4272554, 0, {}]
[{"0": [1, 26, 1, 1, 0, 0, 2, 4, 29, 38, 29, 30, 2, 39, 0, 23, 3, 5]}, null, null, 111, false, [], false, 0, [], null, 0, 1744332750.6380484, 0, {}]
[{"0": [4, 2, 1, 4, 2, 2, 3, 0, 3, 0, 0, 0, 2, 23, 21, 31, 30, 35]}, null, null, 112, false, [], false, 0, [], null, 0, 1744332750.841064, 0, {}]
[{"0": [2, 2, 1, 1, 26, 3, 30, 1, 31, 3, 5, 25, 35, 34, 28, 37, 47, 28]}, null, null, 113, false, [], false, 0, [], null, 0, 1744332751.0604298, 0, {}]
[{"0": [34, 1, 21, 32, 37, 35, 0, 0, 1, 4, 1, 1, 4, 0, 3, 5, 2, 3]}, null, null, 113, false, [], false, 0, [], null, 0, 1744332751.2671754, 0, {}]
[{"0": [26, 2, 4, 3, 2, 2, 2, 3, 0, 1, 0, 3, 3, 1, 3, 0, 1, 2]}, null, null, 114, false, [], false, 0, [], null, 0, 1744332751.4843652, 0, {}]
[{"0": [31, 2, 4, 3, 2, 0, 1, 0, 1, 6, 4, 1, 3, 2, 3, 1, 1, 1]}, null, null, 114, false, [], false, 0, [], null, 0, 1744332751.7026434, 0, {}]
[{"0": [23, 2, 3, 2, 2, 2, 1, 3, 4, 1, 3, 3, 1, 2, 5, 26, 31, 21]}, null, null, 115, false, [], false, 0, [], null, 0, 1744332751.8996484, 0, {}]
[{"0": [2, 1, 34, 32, 33, 41, 31, 24, 32, 23, 31, 26, 32, 3, 25, 0, 2, 4]}, null, null, 116, false, [], false, 0, [], null, 0, 1744332752.1309068, 0, {}]
[{"0": [20, 23, 0, 0, 27, 33, 29, 28, 28, 2, 22, 2, 33, 1, 22, 33, 31, 33]}, null, null, 116, false, [], false, 0, [], null, 0, 1744332752.334839, 0, {}]
[{"0": [1, 3, 1, 2, 3, 4, 4, 1, 27, 1, 2, 3, 2, 3, 2, 4, 3, 6]}, null, null, 117, false, [], false, 0, [], null, 0, 1744332752.552167, 0, {}]
[{"0": [26, 0, 2, 32, 38, 3, 1, 2, 33, 24, 28, 27, 29, 19, 22, 31, 33, 35]}, null, null, 117, false, [], false, 0, [], null, 0, 1744332752.751062, 0, {}]
[{"0": [32, 36, 1, 35, 27, 29, 33, 1, 0, 3, 3, 2, 2, 0, 4, 2, 3, 1]}, null, null, 118, false, [], false, 0, [], null, 0, 1744332752.9611804, 0, {}]
[{"0": [36, 3, 2, 0, 1, 1, 0, 2, 2, 1, 2, 4, 5, 0, 1, 1, 3, 7]}, null, null, 119, false, [], false, 0, [], null, 0, 1744332753.1765203, 0, {}]
[{"0": [27, 38, 26, 30, 45, 30, 22, 28, 21, 34, 42, 36, 38, 26, 26, 26, 1, 35]}, null, null, 119, false, [], false, 0, [], null, 0, 1744332753.3864686, 0, {}]
[{"0": [1, 31, 36, 3, 4, 1, 1, 1, 3, 3, 2, 0, 1, 1, 3, 2, 3, 16]}, null, null, 120, false, [], false, 0, [], null, 0, 1744332753.6207662, 0, {}]
[{"0": [1, 1, 1, 3, 3, 1, 3, 1, 2, 0, 0, 2, 38, 2, 1, 3, 2, 0]}, null, null, 120, false, [], false, 0, [], null, 0, 1744332753.8138826, 0, {}]
[{"0": [33, 32, 28, 36, 0, 1, 30, 4, 36, 1, 1, 2, 3, 1, 1, 2, 2, 2]}, null, null, 121, false, [], false, 0, [], null, 0, 1744332754.0311587, 0, {}]
[{"0": [41, 19, 1, 28, 3, 0, 25, 2, 1, 3, 1, 1, 0, 0, 0, 3, 0, 0]}, null, null, 122, false, [], false, 0, [], null, 0, 1744332754.2361891, 0, {}]
[{"0": [24, 1, 21, 20, 2, 40, 32, 28, 25, 32, 41, 39, 22, 29, 26, 30, 28, 34]}, null, null, 122, false, [], false, 0, [], null, 0, 1744332754.4468782, 0, {}]
[{"0": [37, 5, 3, 3, 0, 3, 2, 2, 1, 3, 3, 5, 0, 1, 1, 3, 0, 4]}, null, null, 123, false, [], false, 0, [], null, 0, 1744332754.6670637, 0, {}]
[{"0": [48, 42, 29, 36, 30, 28, 38, 32, 41, 32, 3, 2, 25, 2, 2, 1, 2, 17]}, null, null, 123, false, [], false, 0, [], null, 0, 1744332754.8767884, 0, {}]
[{"0": [3, 31, 28, 28, 31, 35, 26, 24, 0, 24, 43, 18, 28, 27, 1, 34, 0, 29]}, null, null, 124, false, [], false, 0, [], null, 0, 1744332755.0934145, 0, {}]
[{"0": [2, 2, 1, 1, 3, 0, 3, 0, 2, 1, 40, 32, 27, 33, 4, 30, 0, 31]}, null, null, 125, false, [], false, 0, [], null, 0, 1744332755.3010952, 0, {}]
[{"0": [31, 41, 22, 28, 39, 1, 37, 3, 40, 35, 1, 3, 20, 36, 39, 3, 0, 3]}, null, null, 125, false, [], false, 0, [], null, 0, 1744332755.5110357, 0, {}]
[{"0": [24, 18, 32, 26, 2, 1, 31, 3, 35, 28, 30, 27, 3, 3, 2, 0, 27, 37]}, null, null, 126, false, [], false, 0, [], null, 0, 1744332755.7271812, 0, {}]
[{"0": [32, 0, 0, 1, 0, 0, 0, 1, 2, 4, 0, 1, 3, 22, 31, 23, 44, 29]}, null, null, 127, false, [], false, 0, [], null, 0, 1744332755.948328, 0, {}]
[{"0": [24, 3, 22, 2, 2, 3, 7, 1, 1, 1, 1, 2, 2, 3, 0, 4, 4, 3]}, null, null, 127, false, [], false, 0, [], null, 0, 1744332756.1667714, 0, {}]
[{"0": [25, 31, 25, 25, 31, 37, 29, 23, 26, 42, 31, 30, 36, 22, 33, 29, 38, 26]}, null, null, 128, false, [], false, 0, [], null, 0, 1744332756.3610997, 0, {}]
[{"0": [33, 3, 1, 1, 2, 0, 2, 0, 29, 42, 25, 23, 38, 42, 3, 26, 2, 41]}, null, null, 128, false, [], false, 0, [], null, 0, 1744332756.5861115, 0, {}]
[{"0": [2, 30, 29, 36, 25, 35, 35, 20, 31, 35, 1, 31, 2, 3, 2, 0, 2, 2]}, null, null, 129, false, [], false, 0, [], null, 0, 1744332756.8061128, 0, {}]
[{"0": [34, 3, 3, 2, 30, 39, 31, 4, 35, 5, 1, 0, 1, 4, 4, 3, 1, 2]}, null, null, 130, false, [], false, 0, [], null, 0, 1744332756.9989364, 0, {}]
[{"0": [23, 36, 27, 2, 26, 2, 23, 29, 2, 3, 37, 37, 32, 2, 2, 0, 0, 1]}, null, null, 130, false, [], false, 0, [], null, 0, 1744332757.2264223, 0, {}]
[{"0": [31, 5, 4, 37, 1, 28, 36, 1, 1, 2, 0, 6, 1, 1, 0, 2, 2, 1]}, null, null, 131, false, [], false, 0, [], null, 0, 1744332757.4311905, 0, {}]
[{"0": [25, 0, 4, 2, 0, 1, 31, 33, 35, 37, 30, 39, 25, 37, 28, 40, 24, 33]}, null, null, 131, false, [], false, 0, [], null, 0, 1744332757.6344817, 0, {}]
[{"0": [32, 34, 38, 26, 24, 33, 31, 25, 37, 31, 29, 20, 34, 16, 37, 24, 29, 3]}, null, null, 132, false, [], false, 0, [], null, 0, 1744332757.8463268, 0, {}]
[{"0": [1, 30, 20, 31, 14, 31, 35, 27, 23, 34, 34, 27, 31, 38, 0, 36, 32, 30]}, null, null, 133, false, [], false, 0, [], null, 0, 1744332758.0631666, 0, {}]
[{"0": [0, 29, 36, 35, 22, 24, 26, 29, 36, 38, 36, 2, 24, 34, 27, 25, 3, 2]}, null, null, 133, false, [], false, 0, [], null, 0, 1744332758.2739546, 0, {}]
[{"0": [34, 22, 27, 32, 21, 28, 35, 31, 1, 26, 28, 1, 2, 0, 6, 1, 1, 1]}, null, null, 134, false, [], false, 0, [], null, 0, 1744332758.493056, 0, {}]
[{"0": [40, 41, 39, 45, 34, 2, 3, 36, 2, 31, 5, 2, 3, 1, 4, 1, 0, 4]}, null, null, 134, false, [], false, 0, [], null, 0, 1744332758.7018445, 0, {}]
[{"0": [28, 28, 1, 37, 2, 30, 28, 30, 32, 35, 33, 34, 32, 29, 35, 32, 22, 31]}, null, null, 135, false, [], false, 0, [], null, 0, 1744332758.9274168, 0, {}]
[{"0": [1, 44, 2, 1, 1, 3, 2, 1, 5, 1, 0, 1, 0, 2, 1, 4, 1, 0]}, null, null, 136, false, [], false, 0, [], null, 0, 1744332759.1651888, 0, {}]
[{"0": [34, 40, 27, 38, 33, 26, 33, 33, 28, 26, 31, 34, 33, 34, 26, 26, 28, 24]}, null, null, 136, false, [], false, 0, [], null, 0, 1744332759.3931403, 0, {}]
[{"0": [1, 24, 39, 26, 24, 21, 38, 22, 25, 30, 35, 42, 27, 32, 1, 34, 0, 1]}, null, null, 137, false, [], false, 0, [], null, 0, 1744332759.6342394, 0, {}]
[{"0": [1, 20, 3, 0, 2, 2, 4, 1, 4, 1, 1, 28, 2, 26, 1, 0, 4, 1]}, null, null, 137, false, [], false, 0, [], null, 0, 1744332759.8657336, 0, {}]
[{"0": [24, 34, 33, 19, 29, 2, 3, 30, 30, 33, 2, 40, 39, 26, 26, 18, 38, 38]}, null, null, 138, false, [], false, 0, [], null, 0, 1744332760.0906413, 0, {}]
[{"0": [36, 23, 33, 3, 37, 1, 28, 4, 33, 2, 2, 2, 0, 0, 3, 0, 0, 4]}, null, null, 139, false, [], false, 0, [], null, 0, 1744332760.3231742, 0, {}]
[{"0": [37, 3, 32, 19, 2, 32, 2, 4, 3, 2, 1, 1, 1, 0, 1, 1, 1, 2]}, null, null, 139, false, [], false, 0, [], null, 0, 1744332760.5592551, 0, {}]
[{"0": [28, 1, 32, 3, 1, 0, 2, 2, 0, 5, 0, 1, 1, 6, 0, 2, 0, 4]}, null, null, 140, false, [], false, 0, [], null, 0, 1744332760.8004584, 0, {}]
[{"0": [38, 37, 6, 1, 1, 1, 1, 0, 2, 1, 1, 2, 0, 1, 2, 3, 1, 1]}, null, null, 140, false, [], false, 0, [], null, 0, 1744332761.0134683, 0, {}]
[{"0": [2, 31, 27, 26, 36, 30, 0, 2, 1, 1, 4, 0, 2, 4, 41, 1, 3, 2]}, null, null, 141, false, [], false, 0, [], null, 0, 1744332761.2636242, 0, {}]
[{"0": [3, 24, 39, 19, 24, 24, 26, 25, 28, 26, 36, 23, 5, 40, 3, 1, 1, 2]}, null, null, 142, false, [], false, 0, [], null, 0, 1744332761.4943125, 0, {}]
[{"0": [2, 1, 2, 0, 3, 27, 21, 33, 1, 26, 7, 2, 5, 18, 2, 1, 3, 2]}, null, null, 142, false, [], false, 0, [], null, 0, 1744332761.7207026, 0, {}]
[{"0": [4, 37, 26, 24, 2, 34, 2, 2, 5, 2, 4, 31, 28, 1, 3, 1, 0, 1]}, null, null, 143, false, [], false, 0, [], null, 0, 1744332761.975019, 0, {}]
[{"0": [41, 0, 2, 33, 2, 1, 21, 1, 2, 3, 3, 0, 1, 4, 2, 4, 6, 0]}, null, null, 143, false, [], false, 0, [], null, 0, 1744332762.1901655, 0, {}]
[{"0": [25, 2, 30, 28, 30, 21, 30, 34, 29, 39, 38, 29, 25, 33, 27, 39, 35, 34]}, null, null, 144, false, [], false, 0, [], null, 0, 1744332762.4330587, 0, {}]
[{"0": [2, 1, 0, 1, 1, 0, 1, 32, 30, 28, 30, 20, 35, 30, 30, 30, 33, 32]}, null, null, 145, false, [], false, 0, [], null, 0, 1744332762.6542275, 0, {}]
[{"0": [2, 42, 32, 35, 36, 37, 35, 37, 25, 2, 32, 30, 29, 28, 0, 35, 22, 1]}, null, null, 145, false, [], false, 0, [], null, 0, 1744332762.878945, 0, {}]
[{"0": [5, 29, 30, 29, 22, 27, 22, 35, 23, 24, 33, 1, 32, 2, 30, 0, 36, 1]}, null, null, 146, false, [], false, 0, [], null, 0, 1744332763.1219566, 0, {}]
[{"0": [31, 28, 2, 2, 20, 25, 33, 1, 42, 5, 1, 4, 1, 1, 2, 2, 2, 5]}, null, null, 146, false, [], false, 0, [], null, 0, 1744332763.365701, 0, {}]
[{"0": [31, 30, 1, 0, 30, 1, 27, 2, 33, 31, 27, 33, 26, 29, 28, 30, 31, 37]}, null, null, 147, false, [], false, 0, [], null, 0, 1744332763.584014, 0, {}]
[{"0": [33, 0, 31, 1, 33, 2, 2, 38, 29, 32, 41, 39, 30, 34, 31, 33, 28, 26]}, null, null, 148, false, [], false, 0, [], null, 0, 1744332763.817835, 0, {}]
[{"0": [34, 32, 5, 22, 31, 24, 29, 33, 45, 23, 35, 20, 34, 33, 24, 37, 28, 27]}, null, null, 148, false, [], false, 0, [], null, 0, 1744332764.064642, 0, {}]
[{"0": [20, 26, 35, 38, 25, 25, 44, 22, 25, 42, 33, 25, 33, 38, 28, 30, 29, 30]}, null, null, 149, false, [], false, 0, [], null, 0, 1744332764.291299, 0, {}]
[{"0": [1, 22, 34, 30, 39, 28, 27, 40, 27, 43, 38, 42, 27, 24, 0, 26, 34, 33]}, null, null, 149, false, [], false, 0, [], null, 0, 1744332764.5177631, 0, {}]
[{"0": [1, 36, 17, 27, 25, 28, 31, 26, 44, 29, 3, 30, 1, 2, 21, 2, 1, 0]}, null, null, 150, true, [], false, 0, [], null, 0, 1744332764.7519019, 0, {}]
