[{"0": [32, 19, 23, 25, 27, 30, 31, 29, 35, 1, 1, 2, 5, 1, 3, 5, 3, 2]}, null, null, 0, false, [], false, 0, [], null, 0, 1744333120.71599, 0, {}]
[{"0": [30, 31, 33, 28, 29, 30, 28, 30, 36, 2, 1, 41, 2, 28, 1, 3, 1, 0]}, null, null, 1, false, [], false, 0, [], null, 0, 1744333120.9656384, 0, {}]
[{"0": [24, 31, 23, 32, 28, 24, 36, 36, 38, 2, 2, 0, 25, 31, 23, 28, 25, 25]}, null, null, 1, false, [], false, 0, [], null, 0, 1744333121.1642332, 0, {}]
[{"0": [37, 32, 24, 1, 27, 0, 3, 29, 19, 2, 2, 3, 0, 1, 2, 1, 1, 0]}, null, null, 2, false, [], false, 0, [], null, 0, 1744333121.3747213, 0, {}]
[{"0": [21, 0, 23, 0, 1, 0, 2, 2, 3, 1, 5, 0, 3, 1, 3, 2, 2, 0]}, null, null, 2, false, [], false, 0, [], null, 0, 1744333121.5886295, 0, {}]
[{"0": [33, 2, 2, 3, 1, 2, 3, 1, 1, 2, 1, 0, 0, 4, 2, 1, 4, 1]}, null, null, 3, false, [], false, 0, [], null, 0, 1744333121.8177729, 0, {}]
[{"0": [31, 1, 2, 1, 5, 0, 3, 1, 37, 32, 18, 24, 31, 31, 27, 31, 33, 2]}, null, null, 4, false, [], false, 0, [], null, 0, 1744333122.0304909, 0, {}]
[{"0": [35, 2, 3, 3, 2, 0, 1, 2, 0, 1, 3, 1, 0, 1, 21, 3, 20, 1]}, null, null, 4, false, [], false, 0, [], null, 0, 1744333122.2466223, 0, {}]
[{"0": [0, 37, 31, 28, 24, 27, 32, 37, 27, 32, 3, 35, 0, 22, 4, 3, 4, 3]}, null, null, 5, false, [], false, 0, [], null, 0, 1744333122.4535506, 0, {}]
[{"0": [35, 30, 30, 27, 29, 26, 2, 33, 0, 4, 33, 33, 24, 4, 2, 2, 0, 0]}, null, null, 5, false, [], false, 0, [], null, 0, 1744333122.674585, 0, {}]
[{"0": [28, 24, 40, 28, 3, 25, 36, 4, 1, 1, 2, 2, 1, 3, 2, 1, 0, 2]}, null, null, 6, false, [], false, 0, [], null, 0, 1744333122.8909426, 0, {}]
[{"0": [35, 0, 3, 1, 0, 3, 1, 0, 3, 2, 1, 2, 1, 2, 0, 0, 0, 0]}, null, null, 7, false, [], false, 0, [], null, 0, 1744333123.1063366, 0, {}]
[{"0": [29, 1, 0, 2, 1, 0, 0, 1, 1, 2, 1, 3, 1, 1, 4, 2, 0, 3]}, null, null, 7, false, [], false, 0, [], null, 0, 1744333123.3366673, 0, {}]
[{"0": [27, 35, 27, 30, 28, 35, 28, 21, 28, 35, 1, 0, 3, 0, 3, 1, 2, 26]}, null, null, 8, false, [], false, 0, [], null, 0, 1744333123.5413702, 0, {}]
[{"0": [1, 18, 1, 4, 3, 3, 2, 24, 29, 23, 33, 32, 1, 32, 3, 20, 0, 37]}, null, null, 8, false, [], false, 0, [], null, 0, 1744333123.7741961, 0, {}]
[{"0": [2, 47, 31, 30, 33, 30, 32, 25, 34, 27, 30, 26, 29, 5, 2, 2, 0, 1]}, null, null, 9, false, [], false, 0, [], null, 0, 1744333123.984208, 0, {}]
[{"0": [31, 33, 21, 39, 23, 37, 1, 33, 2, 24, 2, 21, 3, 29, 35, 3, 1, 3]}, null, null, 10, false, [], false, 0, [], null, 0, 1744333124.1977768, 0, {}]
[{"0": [23, 25, 1, 25, 31, 35, 32, 0, 2, 1, 1, 1, 2, 2, 1, 3, 4, 2]}, null, null, 10, false, [], false, 0, [], null, 0, 1744333124.4158304, 0, {}]
[{"0": [26, 27, 4, 27, 1, 3, 0, 1, 2, 2, 0, 2, 4, 1, 1, 1, 4, 2]}, null, null, 11, false, [], false, 0, [], null, 0, 1744333124.6242115, 0, {}]
[{"0": [27, 3, 3, 1, 3, 1, 4, 2, 4, 1, 1, 4, 1, 1, 2, 0, 1, 1]}, null, null, 11, false, [], false, 0, [], null, 0, 1744333124.845451, 0, {}]
[{"0": [28, 36, 1, 1, 2, 1, 2, 0, 1, 2, 1, 0, 1, 0, 0, 4, 19, 1]}, null, null, 12, false, [], false, 0, [], null, 0, 1744333125.0568507, 0, {}]
[{"0": [3, 33, 27, 19, 23, 41, 25, 1, 3, 1, 1, 30, 37, 1, 27, 28, 1, 2]}, null, null, 13, false, [], false, 0, [], null, 0, 1744333125.2688782, 0, {}]
[{"0": [0, 2, 2, 24, 27, 28, 5, 0, 1, 29, 5, 28, 3, 3, 1, 1, 1, 1]}, null, null, 13, false, [], false, 0, [], null, 0, 1744333125.4947734, 0, {}]
[{"0": [36, 37, 29, 31, 21, 0, 41, 0, 5, 2, 0, 3, 0, 2, 1, 2, 1, 0]}, null, null, 14, false, [], false, 0, [], null, 0, 1744333125.7056267, 0, {}]
[{"0": [28, 31, 3, 24, 22, 29, 1, 34, 2, 22, 26, 31, 27, 30, 36, 27, 30, 43]}, null, null, 14, false, [], false, 0, [], null, 0, 1744333125.9304278, 0, {}]
[{"0": [30, 1, 2, 0, 31, 30, 28, 22, 31, 34, 38, 30, 25, 27, 30, 23, 32, 24]}, null, null, 15, false, [], false, 0, [], null, 0, 1744333126.1437118, 0, {}]
[{"0": [14, 35, 29, 33, 32, 27, 37, 26, 35, 35, 32, 37, 26, 19, 35, 30, 27, 30]}, null, null, 16, false, [], false, 0, [], null, 0, 1744333126.3666291, 0, {}]
[{"0": [25, 35, 26, 30, 25, 22, 31, 28, 24, 32, 29, 42, 23, 33, 39, 23, 4, 28]}, null, null, 16, false, [], false, 0, [], null, 0, 1744333126.580758, 0, {}]
[{"0": [2, 1, 5, 1, 0, 2, 3, 3, 0, 2, 2, 2, 2, 1, 4, 1, 24, 0]}, null, null, 17, false, [], false, 0, [], null, 0, 1744333126.801189, 0, {}]
[{"0": [36, 38, 26, 26, 18, 25, 29, 35, 31, 1, 35, 38, 2, 38, 1, 1, 1, 0]}, null, null, 17, false, [], false, 0, [], null, 0, 1744333127.0067449, 0, {}]
[{"0": [36, 30, 30, 34, 25, 26, 4, 25, 4, 1, 0, 2, 1, 2, 4, 3, 4, 2]}, null, null, 18, false, [], false, 0, [], null, 0, 1744333127.2408032, 0, {}]
[{"0": [19, 4, 25, 1, 3, 30, 2, 2, 29, 46, 32, 2, 0, 4, 1, 1, 2, 2]}, null, null, 19, false, [], false, 0, [], null, 0, 1744333127.4517937, 0, {}]
[{"0": [2, 25, 1, 1, 4, 3, 2, 1, 1, 2, 2, 1, 1, 2, 1, 1, 3, 3]}, null, null, 19, false, [], false, 0, [], null, 0, 1744333127.6787953, 0, {}]
[{"0": [28, 31, 38, 29, 23, 25, 30, 18, 33, 33, 28, 25, 31, 2, 4, 2, 30, 38]}, null, null, 20, false, [], false, 0, [], null, 0, 1744333127.8781147, 0, {}]
[{"0": [24, 30, 33, 26, 24, 30, 37, 30, 23, 38, 33, 32, 27, 28, 30, 35, 24, 1]}, null, null, 20, false, [], false, 0, [], null, 0, 1744333128.1062627, 0, {}]
[{"0": [1, 26, 32, 22, 36, 33, 37, 29, 39, 38, 32, 46, 20, 18, 28, 4, 42, 2]}, null, null, 21, false, [], false, 0, [], null, 0, 1744333128.330041, 0, {}]
[{"0": [2, 1, 0, 2, 0, 2, 3, 0, 6, 1, 2, 1, 3, 2, 2, 5, 3, 2]}, null, null, 22, false, [], false, 0, [], null, 0, 1744333128.5331376, 0, {}]
[{"0": [21, 30, 26, 25, 30, 5, 30, 2, 22, 1, 25, 24, 2, 3, 4, 2, 5, 2]}, null, null, 22, false, [], false, 0, [], null, 0, 1744333128.7496524, 0, {}]
[{"0": [30, 38, 3, 37, 2, 1, 5, 0, 3, 1, 11, 0, 0, 1, 3, 4, 2, 2]}, null, null, 23, false, [], false, 0, [], null, 0, 1744333128.969677, 0, {}]
[{"0": [34, 2, 35, 6, 3, 0, 0, 4, 1, 1, 1, 5, 0, 1, 4, 3, 0, 2]}, null, null, 23, false, [], false, 0, [], null, 0, 1744333129.184742, 0, {}]
[{"0": [33, 30, 32, 28, 34, 27, 42, 31, 19, 31, 28, 22, 39, 39, 38, 33, 26, 30]}, null, null, 24, false, [], false, 0, [], null, 0, 1744333129.3890321, 0, {}]
[{"0": [34, 2, 2, 1, 38, 37, 34, 1, 2, 1, 1, 2, 1, 0, 3, 22, 1, 20]}, null, null, 25, false, [], false, 0, [], null, 0, 1744333129.6052165, 0, {}]
[{"0": [1, 1, 4, 0, 2, 3, 5, 1, 0, 3, 6, 2, 28, 2, 30, 1, 2, 3]}, null, null, 25, false, [], false, 0, [], null, 0, 1744333129.8318417, 0, {}]
[{"0": [0, 3, 2, 0, 0, 3, 4, 2, 36, 6, 34, 28, 2, 2, 4, 3, 2, 4]}, null, null, 26, false, [], false, 0, [], null, 0, 1744333130.0561366, 0, {}]
[{"0": [28, 23, 29, 35, 0, 31, 33, 43, 1, 2, 1, 5, 0, 0, 4, 3, 2, 2]}, null, null, 27, false, [], false, 0, [], null, 0, 1744333130.262229, 0, {}]
[{"0": [40, 0, 29, 1, 1, 1, 3, 3, 0, 1, 1, 4, 1, 1, 1, 1, 0, 3]}, null, null, 27, false, [], false, 0, [], null, 0, 1744333130.4775577, 0, {}]
[{"0": [35, 1, 39, 35, 42, 37, 24, 28, 34, 36, 27, 33, 31, 25, 36, 34, 24, 33]}, null, null, 28, false, [], false, 0, [], null, 0, 1744333130.6972969, 0, {}]
[{"0": [32, 30, 30, 28, 25, 28, 25, 32, 28, 21, 29, 5, 2, 32, 44, 27, 33, 20]}, null, null, 28, false, [], false, 0, [], null, 0, 1744333130.921891, 0, {}]
[{"0": [35, 1, 2, 36, 36, 31, 29, 23, 35, 36, 40, 27, 27, 24, 29, 5, 32, 0]}, null, null, 29, false, [], false, 0, [], null, 0, 1744333131.1311913, 0, {}]
[{"0": [1, 1, 24, 34, 33, 29, 29, 32, 35, 28, 30, 30, 3, 29, 2, 27, 2, 38]}, null, null, 30, false, [], false, 0, [], null, 0, 1744333131.343762, 0, {}]
[{"0": [4, 0, 3, 1, 3, 1, 2, 3, 7, 23, 1, 1, 0, 1, 1, 2, 1, 2]}, null, null, 30, false, [], false, 0, [], null, 0, 1744333131.5544624, 0, {}]
[{"0": [36, 32, 29, 30, 19, 0, 20, 1, 21, 2, 1, 0, 1, 3, 3, 3, 2, 1]}, null, null, 31, false, [], false, 0, [], null, 0, 1744333131.7679994, 0, {}]
[{"0": [23, 28, 24, 3, 32, 2, 0, 0, 1, 1, 2, 2, 1, 1, 0, 3, 2, 1]}, null, null, 31, false, [], false, 0, [], null, 0, 1744333131.9840243, 0, {}]
[{"0": [26, 30, 35, 0, 28, 2, 3, 1, 1, 1, 35, 33, 1, 0, 30, 32, 34, 30]}, null, null, 32, false, [], false, 0, [], null, 0, 1744333132.2021875, 0, {}]
[{"0": [35, 22, 39, 27, 32, 38, 33, 33, 27, 25, 30, 34, 33, 37, 28, 23, 29, 26]}, null, null, 33, false, [], false, 0, [], null, 0, 1744333132.4187806, 0, {}]
[{"0": [36, 33, 31, 26, 30, 18, 36, 40, 1, 3, 36, 33, 33, 26, 33, 1, 34, 41]}, null, null, 33, false, [], false, 0, [], null, 0, 1744333132.6334713, 0, {}]
[{"0": [29, 28, 33, 27, 27, 30, 47, 32, 30, 39, 35, 22, 2, 29, 2, 3, 0, 2]}, null, null, 34, false, [], false, 0, [], null, 0, 1744333132.851115, 0, {}]
[{"0": [0, 1, 1, 3, 1, 1, 2, 2, 5, 2, 4, 4, 2, 2, 41, 25, 32, 23]}, null, null, 34, false, [], false, 0, [], null, 0, 1744333133.0803053, 0, {}]
[{"0": [35, 24, 2, 2, 0, 27, 0, 21, 1, 28, 28, 2, 1, 0, 2, 1, 2, 2]}, null, null, 35, false, [], false, 0, [], null, 0, 1744333133.2991116, 0, {}]
[{"0": [25, 34, 1, 21, 1, 27, 2, 0, 2, 2, 3, 3, 3, 1, 5, 2, 1, 0]}, null, null, 36, false, [], false, 0, [], null, 0, 1744333133.5089147, 0, {}]
[{"0": [34, 32, 2, 24, 4, 2, 1, 2, 1, 3, 3, 3, 1, 2, 2, 0, 1, 1]}, null, null, 36, false, [], false, 0, [], null, 0, 1744333133.7271245, 0, {}]
[{"0": [27, 34, 27, 41, 29, 2, 0, 2, 1, 1, 0, 4, 2, 30, 24, 24, 27, 28]}, null, null, 37, false, [], false, 0, [], null, 0, 1744333133.9401147, 0, {}]
[{"0": [35, 7, 38, 0, 3, 3, 2, 2, 2, 1, 1, 0, 2, 2, 3, 2, 0, 0]}, null, null, 37, false, [], false, 0, [], null, 0, 1744333134.1610317, 0, {}]
[{"0": [1, 29, 23, 33, 39, 31, 27, 25, 32, 34, 42, 26, 0, 44, 29, 27, 31, 1]}, null, null, 38, false, [], false, 0, [], null, 0, 1744333134.3688009, 0, {}]
[{"0": [2, 22, 1, 4, 1, 35, 31, 22, 27, 2, 30, 4, 23, 32, 24, 2, 33, 35]}, null, null, 39, false, [], false, 0, [], null, 0, 1744333134.603042, 0, {}]
[{"0": [35, 29, 29, 21, 27, 45, 0, 32, 2, 39, 1, 32, 5, 31, 27, 32, 24, 35]}, null, null, 39, false, [], false, 0, [], null, 0, 1744333134.8170626, 0, {}]
[{"0": [23, 25, 3, 27, 33, 36, 25, 0, 28, 18, 35, 23, 30, 25, 31, 37, 32, 27]}, null, null, 40, false, [], false, 0, [], null, 0, 1744333135.034499, 0, {}]
[{"0": [25, 4, 1, 1, 3, 1, 2, 1, 0, 1, 1, 5, 2, 2, 3, 3, 1, 0]}, null, null, 40, false, [], false, 0, [], null, 0, 1744333135.2559128, 0, {}]
[{"0": [27, 28, 0, 2, 1, 2, 2, 4, 3, 2, 5, 2, 2, 2, 3, 3, 2, 1]}, null, null, 41, false, [], false, 0, [], null, 0, 1744333135.457579, 0, {}]
[{"0": [27, 20, 34, 26, 3, 0, 32, 26, 30, 31, 31, 32, 29, 29, 24, 26, 30, 1]}, null, null, 42, false, [], false, 0, [], null, 0, 1744333135.6913173, 0, {}]
[{"0": [31, 0, 0, 2, 2, 4, 1, 1, 2, 2, 0, 4, 3, 2, 31, 0, 30, 2]}, null, null, 42, false, [], false, 0, [], null, 0, 1744333135.8888738, 0, {}]
[{"0": [32, 2, 6, 3, 2, 3, 3, 2, 41, 21, 4, 22, 4, 6, 2, 0, 4, 1]}, null, null, 43, false, [], false, 0, [], null, 0, 1744333136.1210449, 0, {}]
[{"0": [28, 36, 31, 31, 28, 26, 31, 1, 37, 32, 1, 35, 2, 3, 5, 2, 1, 2]}, null, null, 43, false, [], false, 0, [], null, 0, 1744333136.3329027, 0, {}]
[{"0": [26, 25, 29, 2, 29, 37, 3, 32, 2, 3, 20, 22, 29, 30, 29, 31, 28, 24]}, null, null, 44, false, [], false, 0, [], null, 0, 1744333136.5542572, 0, {}]
[{"0": [33, 21, 35, 1, 2, 0, 0, 3, 1, 0, 1, 1, 0, 3, 1, 4, 2, 4]}, null, null, 45, false, [], false, 0, [], null, 0, 1744333136.751148, 0, {}]
[{"0": [40, 1, 2, 2, 2, 1, 6, 1, 2, 2, 0, 1, 1, 3, 1, 3, 1, 1]}, null, null, 45, false, [], false, 0, [], null, 0, 1744333136.9730551, 0, {}]
[{"0": [30, 25, 29, 24, 39, 39, 30, 22, 29, 34, 27, 34, 31, 40, 31, 36, 33, 36]}, null, null, 46, false, [], false, 0, [], null, 0, 1744333137.198101, 0, {}]
[{"0": [38, 0, 1, 3, 2, 3, 2, 2, 4, 0, 3, 2, 1, 1, 36, 0, 35, 40]}, null, null, 46, false, [], false, 0, [], null, 0, 1744333137.411137, 0, {}]
[{"0": [2, 3, 2, 3, 3, 1, 0, 4, 1, 2, 2, 1, 1, 1, 3, 26, 14, 3]}, null, null, 47, false, [], false, 0, [], null, 0, 1744333137.638025, 0, {}]
[{"0": [34, 26, 24, 23, 39, 33, 28, 30, 2, 31, 30, 2, 2, 3, 1, 1, 2, 0]}, null, null, 48, false, [], false, 0, [], null, 0, 1744333137.8579748, 0, {}]
[{"0": [38, 29, 41, 31, 3, 33, 5, 28, 27, 1, 3, 2, 2, 1, 0, 4, 2, 3]}, null, null, 48, false, [], false, 0, [], null, 0, 1744333138.0502808, 0, {}]
[{"0": [29, 4, 37, 22, 24, 1, 1, 1, 2, 4, 2, 1, 4, 1, 2, 2, 5, 0]}, null, null, 49, false, [], false, 0, [], null, 0, 1744333138.289777, 0, {}]
[{"0": [29, 35, 1, 2, 29, 26, 28, 38, 28, 33, 29, 23, 3, 2, 2, 4, 1, 0]}, null, null, 49, false, [], false, 0, [], null, 0, 1744333138.5059283, 0, {}]
[{"0": [27, 3, 1, 2, 3, 3, 2, 0, 2, 1, 1, 2, 1, 0, 1, 2, 3, 0]}, null, null, 50, false, [], false, 0, [], null, 0, 1744333138.7079244, 0, {}]
[{"0": [32, 30, 21, 31, 25, 21, 34, 39, 19, 35, 28, 31, 37, 25, 30, 2, 40, 26]}, null, null, 51, false, [], false, 0, [], null, 0, 1744333138.9248836, 0, {}]
[{"0": [1, 23, 31, 40, 30, 29, 37, 20, 33, 27, 27, 35, 26, 2, 31, 29, 2, 0]}, null, null, 51, false, [], false, 0, [], null, 0, 1744333139.1364093, 0, {}]
[{"0": [2, 4, 2, 2, 2, 4, 3, 1, 2, 1, 3, 0, 4, 3, 1, 2, 2, 1]}, null, null, 52, false, [], false, 0, [], null, 0, 1744333139.37005, 0, {}]
[{"0": [29, 33, 32, 28, 41, 29, 4, 46, 22, 27, 36, 1, 1, 0, 2, 1, 2, 0]}, null, null, 52, false, [], false, 0, [], null, 0, 1744333139.5669339, 0, {}]
[{"0": [34, 30, 3, 32, 0, 2, 1, 1, 4, 5, 2, 4, 2, 3, 2, 3, 1, 1]}, null, null, 53, false, [], false, 0, [], null, 0, 1744333139.7905855, 0, {}]
[{"0": [33, 25, 0, 31, 23, 1, 1, 0, 3, 1, 1, 3, 2, 2, 1, 4, 1, 2]}, null, null, 54, false, [], false, 0, [], null, 0, 1744333140.0068207, 0, {}]
[{"0": [27, 0, 2, 1, 5, 4, 0, 2, 2, 0, 1, 1, 4, 3, 3, 0, 1, 3]}, null, null, 54, false, [], false, 0, [], null, 0, 1744333140.216888, 0, {}]
[{"0": [31, 32, 22, 33, 30, 30, 28, 25, 29, 25, 34, 3, 1, 3, 2, 28, 1, 2]}, null, null, 55, false, [], false, 0, [], null, 0, 1744333140.4332745, 0, {}]
[{"0": [0, 29, 28, 2, 0, 0, 0, 1, 1, 3, 3, 0, 4, 43, 36, 2, 34, 0]}, null, null, 55, false, [], false, 0, [], null, 0, 1744333140.656506, 0, {}]
[{"0": [4, 1, 0, 0, 2, 2, 2, 1, 0, 4, 31, 2, 31, 1, 37, 1, 34, 33]}, null, null, 56, false, [], false, 0, [], null, 0, 1744333140.8875873, 0, {}]
[{"0": [24, 27, 40, 36, 24, 32, 45, 2, 38, 2, 1, 36, 38, 24, 28, 30, 34, 29]}, null, null, 57, false, [], false, 0, [], null, 0, 1744333141.0955818, 0, {}]
[{"0": [29, 1, 1, 28, 2, 21, 32, 0, 1, 2, 0, 0, 0, 3, 3, 1, 0, 3]}, null, null, 57, false, [], false, 0, [], null, 0, 1744333141.3020113, 0, {}]
[{"0": [26, 1, 1, 23, 31, 33, 25, 0, 5, 2, 5, 3, 0, 2, 2, 0, 1, 1]}, null, null, 58, false, [], false, 0, [], null, 0, 1744333141.528744, 0, {}]
[{"0": [31, 3, 3, 0, 1, 6, 1, 1, 1, 2, 2, 1, 2, 1, 1, 4, 2, 3]}, null, null, 58, false, [], false, 0, [], null, 0, 1744333141.7596674, 0, {}]
[{"0": [30, 26, 30, 19, 22, 29, 23, 27, 27, 27, 31, 17, 32, 30, 27, 3, 1, 0]}, null, null, 59, false, [], false, 0, [], null, 0, 1744333141.9619026, 0, {}]
[{"0": [2, 34, 44, 23, 2, 2, 2, 0, 1, 30, 36, 24, 24, 43, 2, 31, 0, 26]}, null, null, 60, false, [], false, 0, [], null, 0, 1744333142.175269, 0, {}]
[{"0": [3, 35, 22, 34, 36, 24, 30, 27, 33, 28, 21, 2, 29, 0, 2, 5, 26, 2]}, null, null, 60, false, [], false, 0, [], null, 0, 1744333142.4017406, 0, {}]
[{"0": [26, 2, 1, 31, 35, 37, 31, 4, 28, 29, 3, 2, 30, 3, 5, 0, 1, 3]}, null, null, 61, false, [], false, 0, [], null, 0, 1744333142.6141315, 0, {}]
[{"0": [29, 1, 21, 27, 1, 26, 24, 5, 3, 2, 22, 29, 28, 21, 18, 34, 26, 34]}, null, null, 61, false, [], false, 0, [], null, 0, 1744333142.8253899, 0, {}]
[{"0": [23, 2, 30, 4, 4, 2, 32, 0, 2, 1, 3, 3, 0, 1, 3, 3, 0, 3]}, null, null, 62, false, [], false, 0, [], null, 0, 1744333143.043074, 0, {}]
[{"0": [39, 2, 2, 1, 1, 0, 0, 4, 2, 1, 4, 2, 2, 2, 1, 4, 2, 2]}, null, null, 63, false, [], false, 0, [], null, 0, 1744333143.2561398, 0, {}]
[{"0": [25, 18, 34, 33, 30, 24, 28, 23, 33, 25, 33, 28, 34, 32, 15, 28, 26, 32]}, null, null, 63, false, [], false, 0, [], null, 0, 1744333143.4805725, 0, {}]
[{"0": [31, 25, 34, 29, 35, 38, 40, 25, 30, 34, 22, 24, 33, 30, 27, 32, 0, 39]}, null, null, 64, false, [], false, 0, [], null, 0, 1744333143.6874328, 0, {}]
[{"0": [6, 1, 7, 3, 2, 2, 3, 1, 1, 2, 2, 0, 0, 4, 4, 27, 1, 2]}, null, null, 64, false, [], false, 0, [], null, 0, 1744333143.9149497, 0, {}]
[{"0": [2, 5, 2, 1, 2, 1, 1, 4, 3, 2, 1, 1, 1, 2, 2, 23, 34, 26]}, null, null, 65, false, [], false, 0, [], null, 0, 1744333144.1320055, 0, {}]
[{"0": [22, 35, 22, 33, 2, 4, 23, 0, 35, 4, 4, 3, 1, 2, 0, 1, 1, 0]}, null, null, 66, false, [], false, 0, [], null, 0, 1744333144.3337502, 0, {}]
[{"0": [32, 27, 33, 32, 1, 0, 29, 0, 0, 25, 29, 28, 30, 20, 26, 30, 16, 25]}, null, null, 66, false, [], false, 0, [], null, 0, 1744333144.5701756, 0, {}]
[{"0": [28, 3, 21, 36, 1, 2, 0, 1, 2, 2, 2, 4, 2, 0, 1, 1, 0, 3]}, null, null, 67, false, [], false, 0, [], null, 0, 1744333144.7752597, 0, {}]
[{"0": [19, 2, 35, 0, 0, 2, 5, 4, 2, 1, 1, 0, 2, 4, 0, 1, 1, 1]}, null, null, 67, false, [], false, 0, [], null, 0, 1744333145.009996, 0, {}]
[{"0": [30, 2, 2, 3, 37, 24, 28, 27, 32, 26, 38, 19, 28, 41, 1, 0, 3, 2]}, null, null, 68, false, [], false, 0, [], null, 0, 1744333145.2019606, 0, {}]
[{"0": [0, 27, 33, 24, 37, 31, 31, 20, 34, 31, 42, 36, 20, 27, 25, 0, 39, 4]}, null, null, 69, false, [], false, 0, [], null, 0, 1744333145.4391637, 0, {}]
[{"0": [3, 31, 29, 30, 27, 27, 35, 22, 0, 28, 17, 4, 29, 0, 2, 1, 3, 2]}, null, null, 69, false, [], false, 0, [], null, 0, 1744333145.646585, 0, {}]
[{"0": [24, 32, 31, 34, 38, 16, 24, 23, 6, 25, 4, 25, 2, 2, 29, 29, 31, 29]}, null, null, 70, false, [], false, 0, [], null, 0, 1744333145.862836, 0, {}]
[{"0": [31, 34, 26, 36, 3, 24, 40, 19, 0, 1, 1, 3, 0, 2, 3, 3, 4, 4]}, null, null, 70, false, [], false, 0, [], null, 0, 1744333146.081397, 0, {}]
[{"0": [34, 2, 28, 3, 30, 2, 33, 0, 28, 31, 1, 2, 35, 29, 29, 27, 30, 29]}, null, null, 71, false, [], false, 0, [], null, 0, 1744333146.297207, 0, {}]
[{"0": [29, 4, 2, 1, 20, 22, 4, 2, 1, 1, 19, 22, 34, 30, 25, 33, 35, 32]}, null, null, 72, false, [], false, 0, [], null, 0, 1744333146.506303, 0, {}]
[{"0": [29, 30, 30, 30, 23, 29, 29, 26, 23, 40, 35, 27, 23, 27, 35, 36, 33, 27]}, null, null, 72, false, [], false, 0, [], null, 0, 1744333146.7466278, 0, {}]
[{"0": [34, 2, 2, 4, 2, 42, 29, 20, 30, 35, 28, 29, 24, 36, 28, 28, 20, 37]}, null, null, 73, false, [], false, 0, [], null, 0, 1744333146.938441, 0, {}]
[{"0": [3, 2, 1, 3, 1, 3, 2, 0, 2, 2, 0, 4, 2, 0, 1, 2, 1, 18]}, null, null, 73, false, [], false, 0, [], null, 0, 1744333147.1657326, 0, {}]
[{"0": [1, 3, 1, 1, 2, 1, 0, 2, 1, 3, 0, 1, 31, 3, 1, 41, 33, 37]}, null, null, 74, false, [], false, 0, [], null, 0, 1744333147.3757868, 0, {}]
[{"0": [33, 26, 35, 19, 24, 34, 1, 29, 33, 1, 30, 3, 38, 28, 20, 29, 31, 21]}, null, null, 75, false, [], false, 0, [], null, 0, 1744333147.598399, 0, {}]
[{"0": [31, 28, 18, 3, 37, 38, 2, 18, 34, 29, 33, 28, 20, 32, 25, 34, 34, 20]}, null, null, 75, false, [], false, 0, [], null, 0, 1744333147.818106, 0, {}]
[{"0": [26, 29, 3, 1, 2, 3, 3, 1, 1, 2, 5, 2, 2, 2, 2, 3, 2, 3]}, null, null, 76, false, [], false, 0, [], null, 0, 1744333148.0322952, 0, {}]
[{"0": [26, 3, 1, 2, 3, 0, 1, 3, 2, 1, 2, 3, 1, 2, 0, 3, 2, 2]}, null, null, 77, false, [], false, 0, [], null, 0, 1744333148.2465053, 0, {}]
[{"0": [30, 38, 1, 1, 2, 0, 1, 2, 2, 3, 4, 1, 1, 0, 1, 2, 0, 41]}, null, null, 77, false, [], false, 0, [], null, 0, 1744333148.4711854, 0, {}]
[{"0": [32, 3, 3, 1, 5, 1, 1, 2, 4, 0, 4, 2, 0, 3, 32, 2, 26, 26]}, null, null, 78, false, [], false, 0, [], null, 0, 1744333148.6830373, 0, {}]
[{"0": [1, 31, 43, 28, 31, 29, 30, 1, 1, 2, 2, 39, 2, 41, 4, 30, 3, 22]}, null, null, 78, false, [], false, 0, [], null, 0, 1744333148.9009595, 0, {}]
[{"0": [37, 30, 28, 25, 25, 25, 31, 4, 30, 4, 27, 2, 4, 1, 2, 2, 1, 4]}, null, null, 79, false, [], false, 0, [], null, 0, 1744333149.1233504, 0, {}]
[{"0": [32, 18, 26, 26, 2, 27, 1, 30, 3, 1, 4, 1, 0, 0, 5, 1, 1, 1]}, null, null, 80, false, [], false, 0, [], null, 0, 1744333149.3200657, 0, {}]
[{"0": [36, 2, 28, 1, 27, 3, 28, 4, 1, 2, 3, 0, 0, 0, 2, 2, 3, 1]}, null, null, 80, false, [], false, 0, [], null, 0, 1744333149.543818, 0, {}]
[{"0": [34, 3, 2, 0, 2, 1, 1, 4, 0, 2, 1, 4, 3, 2, 2, 0, 2, 3]}, null, null, 81, false, [], false, 0, [], null, 0, 1744333149.7762928, 0, {}]
[{"0": [28, 21, 20, 22, 31, 2, 3, 1, 2, 0, 1, 2, 4, 1, 1, 2, 1, 2]}, null, null, 81, false, [], false, 0, [], null, 0, 1744333149.9749029, 0, {}]
[{"0": [28, 1, 1, 1, 0, 2, 1, 1, 2, 0, 1, 2, 0, 1, 1, 28, 1, 25]}, null, null, 82, false, [], false, 0, [], null, 0, 1744333150.2011065, 0, {}]
[{"0": [1, 26, 30, 38, 17, 29, 20, 32, 30, 24, 32, 0, 24, 20, 2, 34, 5, 31]}, null, null, 83, false, [], false, 0, [], null, 0, 1744333150.4078825, 0, {}]
[{"0": [2, 0, 2, 2, 3, 0, 1, 5, 3, 1, 1, 2, 1, 2, 0, 1, 2, 0]}, null, null, 83, false, [], false, 0, [], null, 0, 1744333150.6237628, 0, {}]
[{"0": [17, 36, 28, 2, 3, 2, 31, 35, 27, 3, 0, 1, 2, 0, 1, 1, 2, 1]}, null, null, 84, false, [], false, 0, [], null, 0, 1744333150.83612, 0, {}]
[{"0": [42, 37, 4, 35, 2, 0, 1, 0, 2, 2, 2, 0, 0, 11, 23, 22, 21, 23]}, null, null, 84, false, [], false, 0, [], null, 0, 1744333151.0576708, 0, {}]
[{"0": [35, 2, 1, 0, 3, 3, 3, 1, 0, 0, 0, 2, 1, 5, 0, 1, 4, 2]}, null, null, 85, false, [], false, 0, [], null, 0, 1744333151.2735171, 0, {}]
[{"0": [28, 4, 1, 1, 1, 3, 2, 2, 2, 3, 1, 0, 2, 3, 0, 0, 2, 2]}, null, null, 86, false, [], false, 0, [], null, 0, 1744333151.5081506, 0, {}]
[{"0": [37, 30, 27, 42, 29, 35, 28, 24, 37, 28, 27, 43, 27, 27, 33, 33, 36, 4]}, null, null, 86, false, [], false, 0, [], null, 0, 1744333151.7049718, 0, {}]
[{"0": [24, 0, 3, 2, 3, 1, 4, 1, 1, 1, 6, 0, 4, 0, 23, 2, 28, 3]}, null, null, 87, false, [], false, 0, [], null, 0, 1744333151.9238763, 0, {}]
[{"0": [4, 39, 28, 35, 24, 29, 36, 33, 35, 34, 22, 37, 1, 2, 31, 2, 30, 0]}, null, null, 87, false, [], false, 0, [], null, 0, 1744333152.1460118, 0, {}]
[{"0": [24, 20, 29, 28, 25, 37, 27, 1, 32, 30, 0, 29, 2, 4, 5, 0, 1, 0]}, null, null, 88, false, [], false, 0, [], null, 0, 1744333152.3705401, 0, {}]
[{"0": [31, 37, 17, 25, 1, 23, 1, 3, 1, 3, 4, 6, 4, 2, 0, 2, 4, 4]}, null, null, 89, false, [], false, 0, [], null, 0, 1744333152.5671086, 0, {}]
[{"0": [19, 35, 37, 4, 2, 23, 2, 4, 1, 2, 1, 3, 0, 2, 1, 4, 0, 0]}, null, null, 89, false, [], false, 0, [], null, 0, 1744333152.7890174, 0, {}]
[{"0": [19, 26, 2, 2, 2, 3, 2, 2, 4, 2, 2, 3, 0, 1, 2, 6, 1, 2]}, null, null, 90, false, [], false, 0, [], null, 0, 1744333153.0095434, 0, {}]
[{"0": [34, 30, 34, 31, 29, 33, 30, 32, 38, 22, 35, 28, 25, 25, 32, 31, 20, 22]}, null, null, 90, false, [], false, 0, [], null, 0, 1744333153.2263808, 0, {}]
[{"0": [23, 1, 3, 2, 3, 5, 0, 5, 4, 3, 1, 2, 2, 0, 2, 24, 29, 0]}, null, null, 91, false, [], false, 0, [], null, 0, 1744333153.4547272, 0, {}]
[{"0": [22, 1, 1, 1, 2, 2, 2, 1, 2, 1, 4, 2, 1, 27, 26, 4, 28, 2]}, null, null, 92, false, [], false, 0, [], null, 0, 1744333153.671044, 0, {}]
[{"0": [1, 1, 2, 0, 2, 4, 0, 1, 0, 1, 1, 2, 2, 3, 0, 32, 1, 1]}, null, null, 92, false, [], false, 0, [], null, 0, 1744333153.8778856, 0, {}]
[{"0": [29, 27, 20, 41, 20, 30, 3, 32, 3, 3, 4, 21, 31, 33, 38, 30, 26, 33]}, null, null, 93, false, [], false, 0, [], null, 0, 1744333154.1011186, 0, {}]
[{"0": [22, 23, 19, 0, 30, 2, 27, 2, 2, 27, 29, 41, 37, 31, 33, 33, 38, 26]}, null, null, 93, false, [], false, 0, [], null, 0, 1744333154.3121407, 0, {}]
[{"0": [28, 4, 19, 24, 3, 2, 50, 29, 29, 22, 39, 27, 34, 23, 29, 31, 28, 30]}, null, null, 94, false, [], false, 0, [], null, 0, 1744333154.5348184, 0, {}]
[{"0": [24, 3, 2, 2, 2, 1, 1, 1, 4, 4, 3, 3, 1, 1, 3, 2, 3, 0]}, null, null, 95, false, [], false, 0, [], null, 0, 1744333154.745814, 0, {}]
[{"0": [30, 29, 23, 34, 27, 26, 2, 27, 28, 25, 35, 33, 33, 32, 27, 27, 31, 1]}, null, null, 95, false, [], false, 0, [], null, 0, 1744333154.9564862, 0, {}]
[{"0": [27, 28, 30, 1, 3, 2, 1, 36, 39, 26, 32, 23, 37, 33, 1, 31, 32, 2]}, null, null, 96, false, [], false, 0, [], null, 0, 1744333155.170409, 0, {}]
[{"0": [32, 1, 1, 3, 1, 2, 1, 1, 2, 0, 2, 0, 3, 1, 3, 2, 31, 1]}, null, null, 96, false, [], false, 0, [], null, 0, 1744333155.3983684, 0, {}]
[{"0": [23, 31, 28, 30, 28, 25, 30, 0, 32, 0, 27, 3, 27, 30, 2, 4, 3, 1]}, null, null, 97, false, [], false, 0, [], null, 0, 1744333155.612173, 0, {}]
[{"0": [4, 1, 0, 2, 38, 1, 28, 2, 3, 2, 1, 4, 3, 1, 2, 8, 2, 4]}, null, null, 98, false, [], false, 0, [], null, 0, 1744333155.8434584, 0, {}]
[{"0": [33, 3, 16, 0, 1, 20, 25, 34, 36, 32, 35, 3, 2, 1, 1, 1, 24, 22]}, null, null, 98, false, [], false, 0, [], null, 0, 1744333156.0510278, 0, {}]
[{"0": [27, 26, 5, 0, 25, 32, 27, 29, 33, 32, 24, 42, 27, 26, 24, 28, 35, 26]}, null, null, 99, false, [], false, 0, [], null, 0, 1744333156.269861, 0, {}]
[{"0": [32, 2, 1, 2, 1, 2, 3, 1, 1, 5, 2, 0, 1, 1, 0, 0, 3, 3]}, null, null, 99, false, [], false, 0, [], null, 0, 1744333156.4793098, 0, {}]
[{"0": [26, 6, 2, 0, 2, 1, 3, 1, 0, 1, 1, 1, 4, 1, 2, 24, 33, 0]}, null, null, 100, false, [], false, 0, [], null, 0, 1744333156.6969728, 0, {}]
[{"0": [1, 24, 20, 35, 30, 23, 31, 21, 25, 23, 2, 3, 30, 2, 29, 23, 28, 2]}, null, null, 101, false, [], false, 0, [], null, 0, 1744333156.9103541, 0, {}]
[{"0": [2, 1, 3, 4, 2, 1, 3, 1, 3, 2, 0, 0, 4, 1, 1, 2, 1, 1]}, null, null, 101, false, [], false, 0, [], null, 0, 1744333157.126801, 0, {}]
[{"0": [31, 25, 32, 35, 35, 1, 27, 0, 36, 26, 2, 2, 2, 1, 1, 0, 1, 1]}, null, null, 102, false, [], false, 0, [], null, 0, 1744333157.344365, 0, {}]
[{"0": [31, 41, 0, 0, 29, 3, 24, 2, 1, 1, 1, 3, 2, 2, 1, 1, 0, 3]}, null, null, 102, false, [], false, 0, [], null, 0, 1744333157.5553572, 0, {}]
[{"0": [31, 2, 2, 3, 0, 1, 0, 1, 1, 1, 1, 3, 1, 0, 3, 1, 3, 2]}, null, null, 103, false, [], false, 0, [], null, 0, 1744333157.7855546, 0, {}]
[{"0": [25, 30, 20, 26, 26, 35, 27, 26, 32, 32, 30, 23, 30, 23, 28, 32, 23, 6]}, null, null, 104, false, [], false, 0, [], null, 0, 1744333157.9879217, 0, {}]
[{"0": [29, 30, 27, 30, 37, 24, 34, 24, 35, 39, 31, 26, 29, 29, 20, 21, 34, 39]}, null, null, 104, false, [], false, 0, [], null, 0, 1744333158.206514, 0, {}]
[{"0": [26, 4, 2, 1, 1, 0, 2, 2, 2, 2, 3, 2, 1, 1, 0, 1, 2, 0]}, null, null, 105, false, [], false, 0, [], null, 0, 1744333158.4151697, 0, {}]
[{"0": [24, 1, 4, 2, 2, 3, 0, 3, 1, 0, 3, 32, 2, 28, 2, 6, 1, 1]}, null, null, 105, false, [], false, 0, [], null, 0, 1744333158.652422, 0, {}]
[{"0": [26, 1, 1, 1, 24, 34, 23, 31, 1, 23, 27, 4, 33, 0, 2, 1, 5, 4]}, null, null, 106, false, [], false, 0, [], null, 0, 1744333158.8720634, 0, {}]
[{"0": [25, 36, 20, 32, 35, 4, 26, 24, 0, 26, 19, 43, 25, 34, 29, 29, 23, 32]}, null, null, 107, false, [], false, 0, [], null, 0, 1744333159.0766406, 0, {}]
[{"0": [29, 33, 25, 2, 19, 2, 1, 33, 25, 19, 38, 25, 44, 27, 40, 31, 23, 32]}, null, null, 107, false, [], false, 0, [], null, 0, 1744333159.2903628, 0, {}]
[{"0": [31, 2, 1, 2, 4, 3, 3, 1, 0, 2, 1, 0, 1, 2, 1, 0, 0, 1]}, null, null, 108, false, [], false, 0, [], null, 0, 1744333159.5086205, 0, {}]
[{"0": [33, 31, 23, 23, 40, 37, 27, 0, 1, 1, 3, 25, 21, 29, 24, 29, 33, 32]}, null, null, 108, false, [], false, 0, [], null, 0, 1744333159.7180662, 0, {}]
[{"0": [37, 1, 3, 2, 2, 1, 2, 0, 1, 1, 5, 2, 0, 0, 1, 25, 4, 43]}, null, null, 109, false, [], false, 0, [], null, 0, 1744333159.9523652, 0, {}]
[{"0": [2, 0, 1, 0, 1, 2, 1, 1, 0, 1, 3, 5, 1, 1, 29, 0, 32, 30]}, null, null, 110, false, [], false, 0, [], null, 0, 1744333160.1678455, 0, {}]
[{"0": [1, 0, 4, 3, 0, 1, 0, 1, 6, 41, 6, 1, 24, 0, 36, 33, 40, 30]}, null, null, 110, false, [], false, 0, [], null, 0, 1744333160.3708699, 0, {}]
[{"0": [27, 27, 28, 34, 34, 34, 35, 23, 28, 28, 1, 3, 0, 2, 4, 2, 3, 1]}, null, null, 111, false, [], false, 0, [], null, 0, 1744333160.601973, 0, {}]
[{"0": [22, 35, 3, 36, 0, 0, 3, 3, 4, 2, 4, 1, 3, 1, 5, 2, 1, 0]}, null, null, 111, false, [], false, 0, [], null, 0, 1744333160.8134527, 0, {}]
[{"0": [23, 1, 26, 0, 4, 1, 1, 1, 2, 2, 2, 2, 2, 2, 2, 4, 1, 2]}, null, null, 112, false, [], false, 0, [], null, 0, 1744333161.030149, 0, {}]
[{"0": [43, 30, 3, 6, 0, 1, 2, 1, 2, 2, 5, 3, 1, 3, 2, 1, 2, 0]}, null, null, 113, false, [], false, 0, [], null, 0, 1744333161.260336, 0, {}]
[{"0": [30, 26, 24, 15, 28, 39, 27, 23, 25, 35, 33, 2, 1, 35, 27, 27, 30, 1]}, null, null, 113, false, [], false, 0, [], null, 0, 1744333161.4687488, 0, {}]
[{"0": [37, 2, 1, 2, 2, 0, 2, 0, 4, 3, 1, 28, 33, 2, 35, 2, 30, 3]}, null, null, 114, false, [], false, 0, [], null, 0, 1744333161.6731398, 0, {}]
[{"0": [3, 4, 0, 4, 2, 5, 3, 1, 1, 1, 28, 43, 2, 26, 1, 3, 1, 0]}, null, null, 114, false, [], false, 0, [], null, 0, 1744333161.8982677, 0, {}]
[{"0": [22, 32, 32, 24, 29, 25, 2, 33, 1, 2, 30, 24, 1, 2, 1, 3, 5, 2]}, null, null, 115, false, [], false, 0, [], null, 0, 1744333162.1179678, 0, {}]
[{"0": [23, 40, 25, 2, 31, 4, 0, 3, 1, 2, 1, 1, 2, 0, 22, 26, 28, 27]}, null, null, 116, false, [], false, 0, [], null, 0, 1744333162.323903, 0, {}]
[{"0": [30, 3, 29, 32, 3, 2, 1, 4, 4, 2, 0, 2, 3, 0, 2, 0, 4, 3]}, null, null, 116, false, [], false, 0, [], null, 0, 1744333162.5494316, 0, {}]
[{"0": [25, 0, 5, 4, 1, 2, 2, 1, 1, 4, 1, 3, 0, 1, 0, 1, 3, 1]}, null, null, 117, false, [], false, 0, [], null, 0, 1744333162.7571554, 0, {}]
[{"0": [35, 38, 20, 30, 4, 0, 32, 40, 23, 42, 34, 21, 41, 33, 26, 29, 23, 21]}, null, null, 117, false, [], false, 0, [], null, 0, 1744333162.9854615, 0, {}]
[{"0": [30, 35, 31, 33, 32, 30, 36, 26, 38, 36, 25, 40, 27, 28, 30, 0, 21, 1]}, null, null, 118, false, [], false, 0, [], null, 0, 1744333163.2123077, 0, {}]
[{"0": [30, 4, 2, 0, 0, 3, 3, 2, 0, 1, 2, 0, 2, 2, 1, 4, 3, 21]}, null, null, 119, false, [], false, 0, [], null, 0, 1744333163.4103022, 0, {}]
[{"0": [2, 3, 0, 4, 3, 1, 2, 2, 1, 2, 0, 0, 2, 0, 1, 1, 4, 1]}, null, null, 119, false, [], false, 0, [], null, 0, 1744333163.6429048, 0, {}]
[{"0": [23, 38, 33, 26, 23, 1, 32, 2, 5, 5, 3, 2, 3, 2, 1, 0, 1, 0]}, null, null, 120, false, [], false, 0, [], null, 0, 1744333163.8366284, 0, {}]
[{"0": [29, 25, 0, 26, 2, 1, 17, 4, 0, 2, 1, 4, 2, 1, 4, 3, 0, 3]}, null, null, 120, false, [], false, 0, [], null, 0, 1744333164.0694666, 0, {}]
[{"0": [31, 36, 1, 2, 0, 4, 0, 1, 0, 1, 5, 2, 1, 1, 2, 2, 2, 1]}, null, null, 121, false, [], false, 0, [], null, 0, 1744333164.303864, 0, {}]
[{"0": [37, 0, 19, 2, 36, 28, 35, 22, 32, 33, 36, 29, 2, 3, 0, 30, 33, 38]}, null, null, 122, false, [], false, 0, [], null, 0, 1744333164.5115247, 0, {}]
[{"0": [38, 26, 23, 18, 31, 34, 23, 41, 32, 27, 25, 35, 20, 34, 30, 36, 1, 32]}, null, null, 122, false, [], false, 0, [], null, 0, 1744333164.718475, 0, {}]
[{"0": [1, 29, 34, 32, 23, 1, 0, 30, 22, 33, 24, 2, 2, 30, 1, 37, 1, 37]}, null, null, 123, false, [], false, 0, [], null, 0, 1744333164.9325316, 0, {}]
[{"0": [2, 30, 27, 24, 28, 38, 37, 26, 2, 1, 21, 3, 1, 36, 2, 3, 3, 4]}, null, null, 123, false, [], false, 0, [], null, 0, 1744333165.148741, 0, {}]
[{"0": [35, 38, 1, 35, 40, 27, 2, 32, 1, 19, 1, 0, 1, 26, 23, 21, 35, 31]}, null, null, 124, false, [], false, 0, [], null, 0, 1744333165.3643165, 0, {}]
[{"0": [28, 39, 36, 31, 3, 33, 3, 1, 1, 29, 1, 1, 2, 3, 2, 3, 2, 4]}, null, null, 125, false, [], false, 0, [], null, 0, 1744333165.5766459, 0, {}]
[{"0": [26, 2, 23, 3, 27, 0, 1, 1, 0, 1, 2, 2, 6, 2, 2, 3, 1, 1]}, null, null, 125, false, [], false, 0, [], null, 0, 1744333165.7940204, 0, {}]
[{"0": [31, 2, 4, 0, 3, 5, 3, 3, 2, 1, 1, 2, 1, 2, 0, 1, 0, 0]}, null, null, 126, false, [], false, 0, [], null, 0, 1744333166.0248456, 0, {}]
[{"0": [27, 29, 30, 29, 27, 36, 32, 27, 19, 26, 0, 1, 3, 4, 2, 31, 34, 37]}, null, null, 127, false, [], false, 0, [], null, 0, 1744333166.231961, 0, {}]
[{"0": [24, 1, 30, 20, 23, 39, 29, 27, 28, 25, 22, 30, 34, 34, 28, 1, 25, 2]}, null, null, 127, false, [], false, 0, [], null, 0, 1744333166.4606314, 0, {}]
[{"0": [3, 30, 35, 45, 33, 35, 32, 19, 24, 28, 26, 30, 3, 28, 26, 32, 2, 3]}, null, null, 128, false, [], false, 0, [], null, 0, 1744333166.6659493, 0, {}]
[{"0": [28, 2, 1, 4, 2, 4, 2, 1, 27, 1, 25, 2, 2, 0, 1, 0, 1, 0]}, null, null, 128, false, [], false, 0, [], null, 0, 1744333166.9041321, 0, {}]
[{"0": [44, 28, 25, 1, 2, 27, 4, 3, 2, 0, 32, 4, 3, 4, 1, 0, 1, 3]}, null, null, 129, false, [], false, 0, [], null, 0, 1744333167.1039796, 0, {}]
[{"0": [37, 32, 26, 1, 31, 3, 2, 2, 1, 1, 1, 0, 0, 1, 3, 1, 3, 2]}, null, null, 130, false, [], false, 0, [], null, 0, 1744333167.3193874, 0, {}]
[{"0": [33, 0, 28, 3, 3, 2, 3, 2, 3, 0, 0, 2, 2, 3, 3, 3, 3, 2]}, null, null, 130, false, [], false, 0, [], null, 0, 1744333167.5318108, 0, {}]
[{"0": [27, 1, 3, 2, 2, 2, 0, 2, 3, 3, 1, 1, 0, 0, 1, 2, 0, 0]}, null, null, 131, false, [], false, 0, [], null, 0, 1744333167.7566507, 0, {}]
[{"0": [27, 0, 4, 2, 2, 2, 33, 36, 20, 34, 29, 21, 24, 23, 37, 34, 26, 18]}, null, null, 131, false, [], false, 0, [], null, 0, 1744333167.957894, 0, {}]
[{"0": [2, 44, 33, 23, 32, 30, 29, 28, 35, 27, 29, 30, 38, 0, 25, 2, 33, 2]}, null, null, 132, false, [], false, 0, [], null, 0, 1744333168.1902425, 0, {}]
[{"0": [3, 2, 2, 4, 3, 1, 1, 1, 1, 8, 30, 2, 28, 1, 1, 5, 2, 2]}, null, null, 133, false, [], false, 0, [], null, 0, 1744333168.4129102, 0, {}]
[{"0": [34, 26, 27, 35, 32, 30, 35, 22, 29, 32, 2, 2, 2, 2, 2, 1, 1, 2]}, null, null, 133, false, [], false, 0, [], null, 0, 1744333168.6203673, 0, {}]
[{"0": [26, 4, 21, 31, 2, 28, 29, 32, 1, 27, 33, 34, 1, 5, 0, 0, 0, 23]}, null, null, 134, false, [], false, 0, [], null, 0, 1744333168.83461, 0, {}]
[{"0": [26, 3, 27, 3, 0, 0, 3, 0, 1, 3, 1, 1, 30, 3, 1, 2, 0, 2]}, null, null, 134, false, [], false, 0, [], null, 0, 1744333169.0498774, 0, {}]
[{"0": [34, 29, 3, 1, 2, 2, 2, 2, 3, 0, 1, 4, 1, 2, 4, 2, 2, 0]}, null, null, 135, false, [], false, 0, [], null, 0, 1744333169.2743895, 0, {}]
[{"0": [36, 34, 30, 28, 25, 20, 20, 31, 37, 29, 2, 0, 0, 1, 27, 30, 30, 31]}, null, null, 136, false, [], false, 0, [], null, 0, 1744333169.482893, 0, {}]
[{"0": [35, 0, 0, 0, 3, 2, 1, 1, 4, 0, 2, 2, 6, 4, 2, 38, 4, 27]}, null, null, 136, false, [], false, 0, [], null, 0, 1744333169.708814, 0, {}]
[{"0": [1, 42, 33, 39, 33, 30, 33, 28, 27, 24, 32, 39, 2, 30, 4, 1, 2, 1]}, null, null, 137, false, [], false, 0, [], null, 0, 1744333169.9104896, 0, {}]
[{"0": [2, 1, 3, 4, 3, 2, 1, 2, 1, 0, 1, 2, 3, 3, 3, 0, 2, 1]}, null, null, 137, false, [], false, 0, [], null, 0, 1744333170.118802, 0, {}]
[{"0": [28, 31, 28, 35, 27, 0, 27, 21, 27, 0, 4, 1, 2, 1, 3, 1, 2, 2]}, null, null, 138, false, [], false, 0, [], null, 0, 1744333170.3386784, 0, {}]
[{"0": [37, 27, 1, 25, 1, 2, 3, 2, 4, 1, 4, 1, 2, 0, 3, 1, 2, 3]}, null, null, 139, false, [], false, 0, [], null, 0, 1744333170.5719054, 0, {}]
[{"0": [30, 2, 1, 3, 0, 8, 4, 2, 2, 2, 2, 0, 2, 1, 4, 1, 1, 2]}, null, null, 139, false, [], false, 0, [], null, 0, 1744333170.776523, 0, {}]
[{"0": [36, 2, 4, 2, 2, 1, 3, 3, 4, 1, 0, 2, 5, 2, 5, 1, 4, 0]}, null, null, 140, false, [], false, 0, [], null, 0, 1744333170.9893677, 0, {}]
[{"0": [32, 32, 3, 0, 2, 0, 1, 1, 1, 1, 0, 0, 2, 5, 3, 1, 2, 30]}, null, null, 140, false, [], false, 0, [], null, 0, 1744333171.2061114, 0, {}]
[{"0": [1, 40, 33, 21, 32, 25, 31, 35, 24, 35, 38, 36, 29, 22, 4, 35, 32, 36]}, null, null, 141, false, [], false, 0, [], null, 0, 1744333171.424703, 0, {}]
[{"0": [1, 28, 30, 37, 28, 31, 26, 24, 28, 3, 4, 27, 23, 26, 1, 1, 1, 1]}, null, null, 142, false, [], false, 0, [], null, 0, 1744333171.6393428, 0, {}]
[{"0": [20, 29, 28, 38, 33, 30, 2, 25, 19, 1, 0, 0, 1, 2, 3, 2, 2, 3]}, null, null, 142, false, [], false, 0, [], null, 0, 1744333171.8629181, 0, {}]
[{"0": [0, 2, 36, 30, 2, 23, 1, 36, 25, 1, 2, 5, 1, 3, 2, 0, 0, 3]}, null, null, 143, false, [], false, 0, [], null, 0, 1744333172.0951912, 0, {}]
[{"0": [28, 1, 34, 3, 35, 5, 0, 2, 0, 2, 2, 0, 4, 2, 4, 2, 2, 1]}, null, null, 143, false, [], false, 0, [], null, 0, 1744333172.2967837, 0, {}]
[{"0": [40, 5, 0, 2, 3, 0, 0, 1, 3, 0, 1, 2, 3, 4, 2, 0, 1, 4]}, null, null, 144, false, [], false, 0, [], null, 0, 1744333172.516053, 0, {}]
[{"0": [34, 43, 24, 31, 35, 38, 39, 28, 27, 2, 4, 25, 32, 29, 29, 29, 28, 31]}, null, null, 145, false, [], false, 0, [], null, 0, 1744333172.7251205, 0, {}]
[{"0": [38, 3, 1, 2, 0, 1, 2, 0, 2, 1, 1, 2, 1, 3, 2, 41, 1, 38]}, null, null, 145, false, [], false, 0, [], null, 0, 1744333172.943386, 0, {}]
[{"0": [0, 36, 29, 29, 30, 28, 33, 34, 34, 28, 33, 30, 31, 30, 6, 31, 32, 2]}, null, null, 146, false, [], false, 0, [], null, 0, 1744333173.1614642, 0, {}]
[{"0": [1, 30, 1, 2, 24, 34, 30, 26, 34, 0, 26, 1, 1, 2, 29, 3, 3, 3]}, null, null, 146, false, [], false, 0, [], null, 0, 1744333173.384289, 0, {}]
[{"0": [37, 33, 28, 41, 2, 1, 20, 3, 2, 34, 1, 38, 1, 32, 36, 34, 31, 27]}, null, null, 147, false, [], false, 0, [], null, 0, 1744333173.596456, 0, {}]
[{"0": [25, 22, 31, 1, 31, 3, 37, 3, 3, 29, 34, 27, 29, 22, 25, 29, 27, 2]}, null, null, 148, false, [], false, 0, [], null, 0, 1744333173.809378, 0, {}]
[{"0": [32, 32, 31, 0, 35, 30, 3, 33, 26, 28, 31, 32, 31, 32, 23, 24, 26, 30]}, null, null, 148, false, [], false, 0, [], null, 0, 1744333174.0234044, 0, {}]
[{"0": [22, 5, 2, 2, 2, 1, 1, 0, 0, 5, 2, 4, 0, 0, 3, 1, 3, 2]}, null, null, 149, false, [], false, 0, [], null, 0, 1744333174.245287, 0, {}]
[{"0": [33, 25, 28, 30, 22, 24, 36, 31, 32, 30, 28, 27, 22, 35, 21, 25, 35, 4]}, null, null, 149, false, [], false, 0, [], null, 0, 1744333174.4535818, 0, {}]
[{"0": [2, 28, 37, 34, 33, 25, 35, 33, 25, 27, 37, 24, 28, 32, 34, 4, 32, 3]}, null, null, 150, true, [], false, 0, [], null, 0, 1744333174.686168, 0, {}]
