[{"0": [1, 2, 0, 3, 0, 2, 0, 0, 1, 31, 32, 40, 21, 36, 25]}, null, null, 0, false, [], false, 0, [], null, 0, 1744308578.7590873, 0, {}]
[{"0": [8, 1, 2, 1, 35, 33, 29, 28, 3, 1, 1, 2, 4, 1, 0]}, null, null, 1, false, [], false, 0, [], null, 0, 1744308578.9674253, 0, {}]
[{"0": [2, 0, 1, 0, 1, 2, 5, 39, 34, 52, 1, 3, 1, 3, 1]}, null, null, 1, false, [], false, 0, [], null, 0, 1744308579.1573825, 0, {}]
[{"0": [1, 2, 3, 1, 4, 4, 30, 30, 39, 2, 0, 5, 0, 2, 0]}, null, null, 2, false, [], false, 0, [], null, 0, 1744308579.363046, 0, {}]
[{"0": [4, 0, 1, 2, 3, 1, 45, 38, 41, 31, 43, 34, 3, 2, 0]}, null, null, 2, false, [], false, 0, [], null, 0, 1744308579.57621, 0, {}]
[{"0": [1, 3, 3, 1, 0, 1, 2, 0, 2, 0, 2, 44, 1, 1, 1]}, null, null, 3, false, [], false, 0, [], null, 0, 1744308579.7560296, 0, {}]
[{"0": [3, 2, 1, 0, 1, 4, 0, 0, 1, 2, 39, 41, 0, 1, 2]}, null, null, 4, false, [], false, 0, [], null, 0, 1744308579.9754863, 0, {}]
[{"0": [2, 2, 0, 2, 1, 0, 2, 1, 2, 33, 2, 2, 1, 1, 2]}, null, null, 4, false, [], false, 0, [], null, 0, 1744308580.1581573, 0, {}]
[{"0": [1, 0, 5, 1, 3, 42, 31, 31, 36, 26, 37, 33, 1, 5, 1]}, null, null, 5, false, [], false, 0, [], null, 0, 1744308580.3632889, 0, {}]
[{"0": [1, 2, 0, 0, 25, 37, 40, 37, 40, 40, 37, 3, 5, 1, 1]}, null, null, 5, false, [], false, 0, [], null, 0, 1744308580.5615983, 0, {}]
[{"0": [2, 5, 3, 3, 4, 4, 2, 0, 35, 32, 33, 37, 39, 45, 33]}, null, null, 6, false, [], false, 0, [], null, 0, 1744308580.7504394, 0, {}]
[{"0": [1, 1, 1, 2, 48, 49, 35, 4, 3, 1, 1, 2, 1, 2, 1]}, null, null, 7, false, [], false, 0, [], null, 0, 1744308580.9591954, 0, {}]
[{"0": [4, 1, 5, 1, 3, 1, 35, 30, 32, 37, 0, 1, 3, 2, 2]}, null, null, 7, false, [], false, 0, [], null, 0, 1744308581.1750941, 0, {}]
[{"0": [2, 3, 1, 38, 38, 33, 32, 38, 0, 2, 1, 1, 1, 1, 0]}, null, null, 8, false, [], false, 0, [], null, 0, 1744308581.393977, 0, {}]
[{"0": [1, 1, 1, 2, 1, 0, 1, 36, 33, 2, 2, 2, 0, 1, 1]}, null, null, 8, false, [], false, 0, [], null, 0, 1744308581.5711017, 0, {}]
[{"0": [2, 2, 1, 4, 0, 2, 32, 41, 38, 33, 1, 3, 2, 2, 1]}, null, null, 9, false, [], false, 0, [], null, 0, 1744308581.7634113, 0, {}]
[{"0": [1, 2, 2, 42, 31, 7, 4, 0, 1, 0, 3, 0, 4, 0, 2]}, null, null, 10, false, [], false, 0, [], null, 0, 1744308581.9761543, 0, {}]
[{"0": [0, 2, 0, 0, 0, 0, 3, 0, 2, 0, 2, 34, 37, 5, 1]}, null, null, 10, false, [], false, 0, [], null, 0, 1744308582.1681557, 0, {}]
[{"0": [2, 3, 1, 1, 4, 41, 41, 39, 22, 2, 1, 0, 1, 5, 2]}, null, null, 11, false, [], false, 0, [], null, 0, 1744308582.368605, 0, {}]
[{"0": [4, 1, 32, 46, 33, 0, 1, 2, 0, 5, 0, 4, 2, 0, 4]}, null, null, 11, false, [], false, 0, [], null, 0, 1744308582.5613663, 0, {}]
[{"0": [3, 0, 1, 1, 2, 2, 36, 31, 34, 30, 32, 30, 4, 1, 4]}, null, null, 12, false, [], false, 0, [], null, 0, 1744308582.7730725, 0, {}]
[{"0": [4, 2, 0, 3, 3, 0, 41, 39, 36, 39, 36, 38, 37, 38, 32]}, null, null, 13, false, [], false, 0, [], null, 0, 1744308582.979195, 0, {}]
[{"0": [1, 37, 33, 30, 3, 2, 2, 4, 3, 3, 1, 2, 1, 0, 2]}, null, null, 13, false, [], false, 0, [], null, 0, 1744308583.167054, 0, {}]
[{"0": [4, 2, 4, 23, 26, 38, 28, 42, 30, 45, 36, 2, 0, 2, 2]}, null, null, 14, false, [], false, 0, [], null, 0, 1744308583.3586252, 0, {}]
[{"0": [3, 2, 3, 1, 0, 1, 6, 0, 2, 0, 4, 0, 0, 35, 32]}, null, null, 14, false, [], false, 0, [], null, 0, 1744308583.5750027, 0, {}]
[{"0": [0, 1, 0, 0, 0, 40, 2, 1, 3, 3, 3, 1, 0, 2, 2]}, null, null, 15, false, [], false, 0, [], null, 0, 1744308583.7540147, 0, {}]
[{"0": [2, 0, 4, 1, 2, 5, 6, 1, 2, 4, 36, 30, 0, 4, 2]}, null, null, 16, false, [], false, 0, [], null, 0, 1744308583.96367, 0, {}]
[{"0": [3, 5, 3, 0, 23, 39, 39, 36, 27, 21, 4, 1, 0, 0, 2]}, null, null, 16, false, [], false, 0, [], null, 0, 1744308584.154755, 0, {}]
[{"0": [1, 1, 1, 38, 2, 2, 1, 3, 2, 2, 1, 2, 1, 6, 2]}, null, null, 17, false, [], false, 0, [], null, 0, 1744308584.3533008, 0, {}]
[{"0": [1, 0, 1, 1, 1, 3, 37, 46, 28, 32, 0, 1, 3, 2, 3]}, null, null, 17, false, [], false, 0, [], null, 0, 1744308584.571877, 0, {}]
[{"0": [0, 8, 4, 1, 0, 0, 0, 1, 26, 35, 34, 33, 33, 35, 40]}, null, null, 18, false, [], false, 0, [], null, 0, 1744308584.7648764, 0, {}]
[{"0": [0, 1, 1, 32, 29, 0, 2, 0, 3, 3, 2, 1, 0, 1, 2]}, null, null, 19, false, [], false, 0, [], null, 0, 1744308584.953776, 0, {}]
[{"0": [2, 2, 3, 2, 1, 4, 39, 35, 38, 3, 0, 2, 0, 0, 6]}, null, null, 19, false, [], false, 0, [], null, 0, 1744308585.1610744, 0, {}]
[{"0": [3, 1, 1, 2, 1, 42, 45, 2, 1, 3, 1, 2, 3, 1, 4]}, null, null, 20, false, [], false, 0, [], null, 0, 1744308585.3779845, 0, {}]
[{"0": [3, 4, 0, 4, 2, 44, 3, 4, 1, 4, 1, 1, 0, 2, 1]}, null, null, 20, false, [], false, 0, [], null, 0, 1744308585.5579212, 0, {}]
[{"0": [1, 4, 2, 5, 5, 1, 5, 1, 1, 4, 52, 32, 33, 46, 41]}, null, null, 21, false, [], false, 0, [], null, 0, 1744308585.7726731, 0, {}]
[{"0": [4, 2, 1, 4, 36, 1, 0, 3, 2, 0, 3, 1, 4, 1, 3]}, null, null, 22, false, [], false, 0, [], null, 0, 1744308585.9725194, 0, {}]
[{"0": [3, 1, 3, 2, 2, 1, 1, 43, 27, 24, 39, 44, 1, 1, 4]}, null, null, 22, false, [], false, 0, [], null, 0, 1744308586.154342, 0, {}]
[{"0": [1, 4, 25, 45, 28, 3, 2, 1, 3, 3, 2, 2, 1, 0, 0]}, null, null, 23, false, [], false, 0, [], null, 0, 1744308586.3703334, 0, {}]
[{"0": [2, 3, 0, 1, 2, 1, 2, 42, 34, 29, 37, 31, 44, 35, 1]}, null, null, 23, false, [], false, 0, [], null, 0, 1744308586.5741315, 0, {}]
[{"0": [2, 4, 2, 3, 3, 0, 2, 2, 37, 24, 30, 31, 3, 1, 0]}, null, null, 24, false, [], false, 0, [], null, 0, 1744308586.7553403, 0, {}]
[{"0": [1, 0, 1, 3, 37, 36, 32, 2, 2, 5, 2, 5, 3, 2, 1]}, null, null, 25, false, [], false, 0, [], null, 0, 1744308586.9721036, 0, {}]
[{"0": [3, 0, 1, 1, 3, 2, 1, 2, 3, 2, 44, 43, 0, 4, 1]}, null, null, 25, false, [], false, 0, [], null, 0, 1744308587.1570113, 0, {}]
[{"0": [0, 1, 1, 3, 3, 3, 3, 2, 3, 4, 26, 38, 35, 23, 31]}, null, null, 26, false, [], false, 0, [], null, 0, 1744308587.3731425, 0, {}]
[{"0": [1, 2, 1, 3, 40, 40, 37, 2, 3, 2, 3, 1, 3, 2, 4]}, null, null, 27, false, [], false, 0, [], null, 0, 1744308587.5587175, 0, {}]
[{"0": [2, 3, 4, 1, 30, 40, 32, 23, 28, 2, 1, 1, 1, 1, 2]}, null, null, 27, false, [], false, 0, [], null, 0, 1744308587.783847, 0, {}]
[{"0": [1, 0, 1, 1, 1, 1, 4, 2, 32, 41, 40, 3, 2, 4, 3]}, null, null, 28, false, [], false, 0, [], null, 0, 1744308587.972487, 0, {}]
[{"0": [2, 0, 2, 1, 1, 38, 31, 35, 31, 35, 37, 0, 3, 1, 0]}, null, null, 28, false, [], false, 0, [], null, 0, 1744308588.1621404, 0, {}]
[{"0": [1, 4, 1, 4, 2, 34, 44, 1, 0, 3, 2, 2, 1, 3, 0]}, null, null, 29, false, [], false, 0, [], null, 0, 1744308588.360388, 0, {}]
[{"0": [1, 0, 4, 3, 3, 3, 2, 2, 2, 4, 30, 34, 39, 32, 1]}, null, null, 30, false, [], false, 0, [], null, 0, 1744308588.5578563, 0, {}]
[{"0": [3, 1, 1, 5, 1, 0, 2, 1, 33, 1, 1, 2, 1, 2, 1]}, null, null, 30, false, [], false, 0, [], null, 0, 1744308588.7659938, 0, {}]
[{"0": [3, 0, 0, 0, 2, 5, 1, 3, 2, 1, 0, 3, 0, 2, 0]}, null, null, 31, false, [], false, 0, [], null, 0, 1744308588.9604218, 0, {}]
[{"0": [2, 0, 3, 1, 0, 4, 1, 1, 2, 35, 1, 4, 2, 1, 4]}, null, null, 31, false, [], false, 0, [], null, 0, 1744308589.1696882, 0, {}]
[{"0": [2, 0, 4, 35, 40, 33, 37, 35, 37, 27, 32, 31, 1, 2, 0]}, null, null, 32, false, [], false, 0, [], null, 0, 1744308589.3608665, 0, {}]
[{"0": [2, 2, 1, 1, 3, 2, 2, 26, 16, 39, 35, 1, 1, 2, 3]}, null, null, 33, false, [], false, 0, [], null, 0, 1744308589.5620775, 0, {}]
[{"0": [1, 3, 5, 0, 40, 34, 25, 2, 1, 3, 1, 4, 0, 2, 3]}, null, null, 33, false, [], false, 0, [], null, 0, 1744308589.7638178, 0, {}]
[{"0": [2, 3, 1, 0, 5, 0, 1, 26, 3, 1, 0, 3, 1, 2, 2]}, null, null, 34, false, [], false, 0, [], null, 0, 1744308589.978463, 0, {}]
[{"0": [0, 1, 0, 0, 7, 0, 6, 34, 29, 41, 0, 1, 3, 2, 1]}, null, null, 34, false, [], false, 0, [], null, 0, 1744308590.1585925, 0, {}]
[{"0": [3, 2, 0, 26, 1, 1, 1, 1, 0, 2, 2, 1, 1, 4, 1]}, null, null, 35, false, [], false, 0, [], null, 0, 1744308590.3529115, 0, {}]
[{"0": [0, 3, 1, 0, 4, 8, 4, 27, 2, 0, 0, 3, 0, 0, 5]}, null, null, 36, false, [], false, 0, [], null, 0, 1744308590.5688078, 0, {}]
[{"0": [0, 1, 2, 2, 1, 1, 5, 1, 3, 0, 2, 37, 35, 2, 0]}, null, null, 36, false, [], false, 0, [], null, 0, 1744308590.7586641, 0, {}]
[{"0": [1, 3, 3, 1, 4, 40, 30, 32, 34, 2, 4, 4, 1, 1, 2]}, null, null, 37, false, [], false, 0, [], null, 0, 1744308590.9720685, 0, {}]
[{"0": [4, 35, 40, 39, 2, 5, 1, 2, 2, 4, 3, 2, 3, 0, 2]}, null, null, 37, false, [], false, 0, [], null, 0, 1744308591.1740277, 0, {}]
[{"0": [3, 1, 1, 1, 3, 0, 2, 2, 25, 5, 1, 1, 2, 2, 5]}, null, null, 38, false, [], false, 0, [], null, 0, 1744308591.3739293, 0, {}]
[{"0": [1, 0, 3, 1, 1, 2, 3, 2, 42, 39, 22, 1, 2, 1, 4]}, null, null, 39, false, [], false, 0, [], null, 0, 1744308591.553209, 0, {}]
[{"0": [2, 2, 1, 0, 1, 2, 2, 0, 1, 3, 3, 44, 2, 3, 4]}, null, null, 39, false, [], false, 0, [], null, 0, 1744308591.7698, 0, {}]
[{"0": [2, 1, 1, 6, 2, 0, 2, 2, 1, 1, 3, 29, 29, 37, 43]}, null, null, 40, false, [], false, 0, [], null, 0, 1744308591.9704297, 0, {}]
[{"0": [1, 1, 4, 2, 0, 1, 2, 2, 1, 3, 2, 25, 35, 39, 41]}, null, null, 40, false, [], false, 0, [], null, 0, 1744308592.1702933, 0, {}]
[{"0": [5, 2, 3, 2, 2, 2, 4, 6, 4, 47, 32, 2, 1, 1, 2]}, null, null, 41, false, [], false, 0, [], null, 0, 1744308592.3736308, 0, {}]
[{"0": [1, 1, 1, 35, 1, 3, 3, 1, 2, 2, 3, 1, 2, 4, 2]}, null, null, 42, false, [], false, 0, [], null, 0, 1744308592.572056, 0, {}]
[{"0": [0, 0, 1, 1, 1, 0, 34, 0, 1, 2, 2, 2, 2, 2, 3]}, null, null, 42, false, [], false, 0, [], null, 0, 1744308592.7658312, 0, {}]
[{"0": [2, 3, 1, 2, 3, 1, 2, 24, 28, 46, 33, 29, 30, 0, 1]}, null, null, 43, false, [], false, 0, [], null, 0, 1744308592.9683383, 0, {}]
[{"0": [0, 2, 1, 2, 4, 2, 5, 41, 34, 31, 44, 39, 44, 36, 29]}, null, null, 43, false, [], false, 0, [], null, 0, 1744308593.1607277, 0, {}]
[{"0": [1, 0, 0, 2, 37, 1, 1, 1, 5, 3, 1, 1, 1, 1, 0]}, null, null, 44, false, [], false, 0, [], null, 0, 1744308593.3558576, 0, {}]
[{"0": [2, 0, 3, 1, 1, 0, 1, 33, 37, 34, 38, 25, 26, 42, 26]}, null, null, 45, false, [], false, 0, [], null, 0, 1744308593.5703926, 0, {}]
[{"0": [3, 2, 34, 34, 35, 30, 33, 39, 44, 30, 46, 34, 38, 39, 35]}, null, null, 45, false, [], false, 0, [], null, 0, 1744308593.7682748, 0, {}]
[{"0": [42, 2, 2, 1, 3, 1, 3, 1, 0, 2, 1, 1, 1, 2, 2]}, null, null, 46, false, [], false, 0, [], null, 0, 1744308593.9639056, 0, {}]
[{"0": [0, 2, 2, 1, 2, 0, 2, 1, 46, 40, 28, 32, 25, 1, 4]}, null, null, 46, false, [], false, 0, [], null, 0, 1744308594.1533325, 0, {}]
[{"0": [1, 0, 4, 3, 28, 2, 2, 1, 3, 3, 6, 0, 5, 0, 1]}, null, null, 47, false, [], false, 0, [], null, 0, 1744308594.3736625, 0, {}]
[{"0": [4, 1, 1, 2, 1, 5, 2, 1, 2, 2, 1, 32, 32, 1, 1]}, null, null, 48, false, [], false, 0, [], null, 0, 1744308594.5559118, 0, {}]
[{"0": [1, 2, 2, 35, 46, 4, 1, 3, 1, 1, 4, 5, 1, 4, 1]}, null, null, 48, false, [], false, 0, [], null, 0, 1744308594.7744706, 0, {}]
[{"0": [4, 2, 0, 1, 0, 4, 37, 31, 35, 33, 34, 0, 2, 1, 2]}, null, null, 49, false, [], false, 0, [], null, 0, 1744308594.9579287, 0, {}]
[{"0": [3, 3, 6, 1, 0, 4, 3, 29, 33, 26, 30, 28, 34, 41, 44]}, null, null, 49, false, [], false, 0, [], null, 0, 1744308595.1674323, 0, {}]
[{"0": [4, 3, 2, 4, 0, 4, 1, 32, 0, 4, 0, 2, 4, 3, 1]}, null, null, 50, false, [], false, 0, [], null, 0, 1744308595.3767607, 0, {}]
[{"0": [1, 1, 2, 2, 0, 2, 0, 31, 35, 39, 41, 25, 30, 1, 2]}, null, null, 51, false, [], false, 0, [], null, 0, 1744308595.5539904, 0, {}]
[{"0": [2, 2, 1, 0, 2, 1, 2, 2, 3, 2, 3, 40, 37, 38, 2]}, null, null, 51, false, [], false, 0, [], null, 0, 1744308595.7727542, 0, {}]
[{"0": [2, 4, 0, 1, 1, 33, 31, 28, 7, 1, 3, 4, 2, 1, 4]}, null, null, 52, false, [], false, 0, [], null, 0, 1744308595.9529066, 0, {}]
[{"0": [1, 0, 2, 2, 2, 1, 2, 34, 32, 1, 1, 1, 1, 3, 3]}, null, null, 52, false, [], false, 0, [], null, 0, 1744308596.1677835, 0, {}]
[{"0": [1, 2, 1, 1, 3, 4, 20, 45, 30, 38, 29, 37, 35, 35, 41]}, null, null, 53, false, [], false, 0, [], null, 0, 1744308596.3551068, 0, {}]
[{"0": [0, 3, 4, 0, 1, 29, 36, 2, 4, 3, 1, 2, 0, 2, 1]}, null, null, 54, false, [], false, 0, [], null, 0, 1744308596.5702257, 0, {}]
[{"0": [1, 1, 2, 32, 32, 0, 1, 2, 1, 3, 1, 1, 1, 2, 0]}, null, null, 54, false, [], false, 0, [], null, 0, 1744308596.769689, 0, {}]
[{"0": [4, 2, 2, 26, 37, 27, 38, 36, 35, 35, 33, 31, 42, 1, 3]}, null, null, 55, false, [], false, 0, [], null, 0, 1744308596.9519339, 0, {}]
[{"0": [1, 6, 1, 1, 1, 2, 1, 1, 1, 33, 37, 19, 48, 30, 41]}, null, null, 55, false, [], false, 0, [], null, 0, 1744308597.1645532, 0, {}]
[{"0": [1, 1, 1, 5, 4, 2, 5, 0, 0, 1, 33, 34, 31, 24, 27]}, null, null, 56, false, [], false, 0, [], null, 0, 1744308597.3530407, 0, {}]
[{"0": [4, 4, 1, 3, 2, 4, 2, 4, 31, 48, 34, 26, 42, 27, 33]}, null, null, 57, false, [], false, 0, [], null, 0, 1744308597.5653484, 0, {}]
[{"0": [2, 1, 2, 3, 4, 1, 0, 0, 1, 34, 1, 1, 4, 1, 2]}, null, null, 57, false, [], false, 0, [], null, 0, 1744308597.7514532, 0, {}]
[{"0": [2, 2, 2, 3, 2, 0, 42, 31, 0, 2, 0, 1, 2, 2, 1]}, null, null, 58, false, [], false, 0, [], null, 0, 1744308597.9668226, 0, {}]
[{"0": [1, 2, 4, 1, 1, 2, 0, 2, 34, 36, 34, 1, 3, 1, 0]}, null, null, 58, false, [], false, 0, [], null, 0, 1744308598.156825, 0, {}]
[{"0": [0, 2, 4, 2, 34, 2, 2, 0, 1, 2, 2, 1, 3, 2, 2]}, null, null, 59, false, [], false, 0, [], null, 0, 1744308598.3556714, 0, {}]
[{"0": [1, 28, 36, 26, 30, 37, 38, 46, 29, 4, 1, 2, 0, 2, 1]}, null, null, 60, false, [], false, 0, [], null, 0, 1744308598.5533934, 0, {}]
[{"0": [4, 1, 5, 3, 0, 2, 36, 38, 28, 36, 38, 26, 35, 1, 0]}, null, null, 60, false, [], false, 0, [], null, 0, 1744308598.758152, 0, {}]
[{"0": [0, 2, 39, 38, 34, 37, 19, 35, 33, 6, 4, 2, 1, 0, 3]}, null, null, 61, false, [], false, 0, [], null, 0, 1744308598.9711437, 0, {}]
[{"0": [4, 0, 1, 3, 4, 22, 35, 35, 0, 4, 0, 5, 0, 0, 1]}, null, null, 61, false, [], false, 0, [], null, 0, 1744308599.1686845, 0, {}]
[{"0": [1, 1, 1, 1, 0, 2, 4, 0, 35, 23, 32, 34, 1, 3, 1]}, null, null, 62, false, [], false, 0, [], null, 0, 1744308599.3682997, 0, {}]
[{"0": [2, 0, 2, 1, 2, 2, 3, 2, 2, 5, 44, 34, 35, 36, 53]}, null, null, 63, false, [], false, 0, [], null, 0, 1744308599.5689669, 0, {}]
[{"0": [2, 0, 2, 2, 2, 2, 0, 0, 28, 33, 29, 46, 3, 2, 1]}, null, null, 63, false, [], false, 0, [], null, 0, 1744308599.7515388, 0, {}]
[{"0": [0, 1, 2, 1, 1, 49, 4, 1, 2, 1, 1, 4, 2, 0, 2]}, null, null, 64, false, [], false, 0, [], null, 0, 1744308599.9545047, 0, {}]
[{"0": [0, 2, 2, 42, 41, 36, 29, 41, 7, 0, 0, 2, 1, 1, 2]}, null, null, 64, false, [], false, 0, [], null, 0, 1744308600.15453, 0, {}]
[{"0": [2, 0, 1, 1, 1, 2, 3, 30, 1, 2, 2, 8, 4, 3, 2]}, null, null, 65, false, [], false, 0, [], null, 0, 1744308600.370049, 0, {}]
[{"0": [2, 2, 3, 3, 1, 0, 31, 33, 35, 2, 2, 3, 1, 1, 3]}, null, null, 66, false, [], false, 0, [], null, 0, 1744308600.574041, 0, {}]
[{"0": [4, 42, 28, 1, 2, 2, 4, 0, 3, 1, 2, 1, 3, 1, 4]}, null, null, 66, false, [], false, 0, [], null, 0, 1744308600.7620525, 0, {}]
[{"0": [32, 30, 39, 32, 24, 40, 4, 3, 1, 4, 1, 5, 1, 0, 3]}, null, null, 67, false, [], false, 0, [], null, 0, 1744308600.9567173, 0, {}]
[{"0": [4, 37, 34, 30, 23, 0, 2, 1, 1, 2, 1, 0, 2, 3, 2]}, null, null, 67, false, [], false, 0, [], null, 0, 1744308601.1714542, 0, {}]
[{"0": [0, 1, 2, 0, 2, 4, 2, 0, 31, 42, 48, 27, 39, 3, 0]}, null, null, 68, false, [], false, 0, [], null, 0, 1744308601.3646374, 0, {}]
[{"0": [2, 4, 2, 1, 1, 3, 1, 33, 1, 1, 1, 1, 1, 1, 0]}, null, null, 69, false, [], false, 0, [], null, 0, 1744308601.5701475, 0, {}]
[{"0": [4, 1, 2, 1, 1, 32, 4, 2, 2, 0, 2, 2, 4, 3, 1]}, null, null, 69, false, [], false, 0, [], null, 0, 1744308601.7604735, 0, {}]
[{"0": [3, 2, 1, 1, 1, 2, 2, 1, 0, 42, 48, 24, 35, 24, 33]}, null, null, 70, false, [], false, 0, [], null, 0, 1744308601.9589515, 0, {}]
[{"0": [1, 3, 5, 1, 45, 43, 29, 3, 4, 0, 1, 4, 1, 1, 4]}, null, null, 70, false, [], false, 0, [], null, 0, 1744308602.1556501, 0, {}]
[{"0": [1, 3, 3, 1, 1, 3, 2, 0, 2, 40, 37, 29, 1, 0, 0]}, null, null, 71, false, [], false, 0, [], null, 0, 1744308602.3567593, 0, {}]
[{"0": [2, 1, 3, 29, 38, 29, 41, 44, 4, 2, 2, 2, 3, 0, 2]}, null, null, 72, false, [], false, 0, [], null, 0, 1744308602.5746448, 0, {}]
[{"0": [4, 2, 6, 0, 27, 30, 36, 2, 2, 2, 1, 3, 1, 0, 1]}, null, null, 72, false, [], false, 0, [], null, 0, 1744308602.7542567, 0, {}]
[{"0": [1, 0, 1, 2, 2, 30, 31, 30, 41, 3, 1, 3, 1, 1, 1]}, null, null, 73, false, [], false, 0, [], null, 0, 1744308602.9522302, 0, {}]
[{"0": [2, 1, 1, 2, 1, 4, 18, 30, 0, 2, 1, 2, 5, 0, 3]}, null, null, 73, false, [], false, 0, [], null, 0, 1744308603.1698003, 0, {}]
[{"0": [1, 4, 2, 2, 2, 1, 0, 41, 2, 0, 2, 3, 3, 2, 2]}, null, null, 74, false, [], false, 0, [], null, 0, 1744308603.3661237, 0, {}]
[{"0": [2, 4, 1, 0, 2, 1, 1, 0, 4, 1, 2, 34, 37, 30, 29]}, null, null, 75, false, [], false, 0, [], null, 0, 1744308603.55895, 0, {}]
[{"0": [5, 0, 3, 1, 0, 2, 3, 1, 2, 46, 1, 2, 0, 2, 0]}, null, null, 75, false, [], false, 0, [], null, 0, 1744308603.7574935, 0, {}]
[{"0": [0, 3, 2, 3, 2, 0, 2, 0, 36, 34, 36, 31, 31, 37, 34]}, null, null, 76, false, [], false, 0, [], null, 0, 1744308603.9522955, 0, {}]
[{"0": [3, 1, 2, 1, 1, 2, 1, 0, 0, 37, 36, 34, 34, 33, 34]}, null, null, 77, false, [], false, 0, [], null, 0, 1744308604.1720517, 0, {}]
[{"0": [40, 28, 31, 37, 36, 23, 30, 34, 31, 30, 41, 2, 0, 1, 4]}, null, null, 77, false, [], false, 0, [], null, 0, 1744308604.354326, 0, {}]
[{"0": [1, 3, 1, 4, 1, 3, 39, 37, 37, 25, 38, 37, 32, 6, 0]}, null, null, 78, false, [], false, 0, [], null, 0, 1744308604.5721972, 0, {}]
[{"0": [5, 2, 29, 37, 31, 3, 0, 0, 3, 2, 6, 4, 2, 0, 2]}, null, null, 78, false, [], false, 0, [], null, 0, 1744308604.7550988, 0, {}]
[{"0": [3, 1, 0, 2, 0, 4, 3, 3, 3, 1, 4, 1, 0, 2, 3]}, null, null, 79, false, [], false, 0, [], null, 0, 1744308604.9704254, 0, {}]
[{"0": [0, 2, 3, 1, 2, 6, 1, 2, 1, 4, 1, 2, 29, 37, 2]}, null, null, 80, false, [], false, 0, [], null, 0, 1744308605.150844, 0, {}]
[{"0": [2, 4, 1, 2, 2, 32, 37, 2, 1, 2, 0, 1, 1, 2, 2]}, null, null, 80, false, [], false, 0, [], null, 0, 1744308605.369386, 0, {}]
[{"0": [4, 1, 0, 1, 3, 9, 1, 1, 0, 32, 26, 1, 6, 1, 4]}, null, null, 81, false, [], false, 0, [], null, 0, 1744308605.5552583, 0, {}]
[{"0": [3, 0, 2, 1, 1, 3, 2, 2, 34, 36, 37, 30, 3, 5, 2]}, null, null, 81, false, [], false, 0, [], null, 0, 1744308605.7697432, 0, {}]
[{"0": [1, 4, 0, 2, 1, 0, 5, 32, 37, 42, 2, 2, 0, 1, 0]}, null, null, 82, false, [], false, 0, [], null, 0, 1744308605.966906, 0, {}]
[{"0": [3, 1, 5, 3, 7, 4, 24, 27, 39, 33, 37, 41, 24, 2, 1]}, null, null, 83, false, [], false, 0, [], null, 0, 1744308606.1541522, 0, {}]
[{"0": [3, 2, 2, 1, 2, 2, 3, 38, 43, 40, 33, 39, 3, 2, 1]}, null, null, 83, false, [], false, 0, [], null, 0, 1744308606.3633478, 0, {}]
[{"0": [2, 7, 0, 1, 0, 0, 0, 0, 3, 0, 0, 33, 34, 30, 36]}, null, null, 84, false, [], false, 0, [], null, 0, 1744308606.5540211, 0, {}]
[{"0": [2, 4, 2, 36, 31, 32, 30, 30, 35, 42, 35, 3, 0, 1, 1]}, null, null, 84, false, [], false, 0, [], null, 0, 1744308606.7772017, 0, {}]
[{"0": [2, 3, 4, 2, 4, 3, 36, 41, 2, 0, 1, 2, 3, 3, 1]}, null, null, 85, false, [], false, 0, [], null, 0, 1744308606.9742818, 0, {}]
[{"0": [5, 0, 29, 1, 2, 2, 1, 1, 2, 0, 2, 3, 2, 2, 2]}, null, null, 86, false, [], false, 0, [], null, 0, 1744308607.157823, 0, {}]
[{"0": [2, 2, 0, 0, 1, 27, 37, 18, 7, 1, 2, 2, 4, 3, 1]}, null, null, 86, false, [], false, 0, [], null, 0, 1744308607.3523605, 0, {}]
[{"0": [2, 1, 3, 1, 3, 1, 3, 1, 24, 35, 38, 2, 3, 0, 2]}, null, null, 87, false, [], false, 0, [], null, 0, 1744308607.5554833, 0, {}]
[{"0": [3, 1, 1, 1, 1, 1, 3, 2, 2, 2, 31, 34, 31, 31, 33]}, null, null, 87, false, [], false, 0, [], null, 0, 1744308607.7642817, 0, {}]
[{"0": [1, 3, 2, 2, 26, 28, 34, 45, 32, 24, 32, 26, 24, 40, 41]}, null, null, 88, false, [], false, 0, [], null, 0, 1744308607.9687643, 0, {}]
[{"0": [3, 2, 31, 3, 1, 1, 0, 2, 3, 1, 0, 1, 0, 3, 0]}, null, null, 89, false, [], false, 0, [], null, 0, 1744308608.1512167, 0, {}]
[{"0": [1, 0, 0, 0, 1, 4, 2, 3, 2, 2, 43, 32, 1, 1, 3]}, null, null, 89, false, [], false, 0, [], null, 0, 1744308608.3558154, 0, {}]
[{"0": [4, 0, 3, 0, 4, 0, 2, 0, 1, 35, 27, 24, 32, 30, 36]}, null, null, 90, false, [], false, 0, [], null, 0, 1744308608.5635402, 0, {}]
[{"0": [2, 1, 2, 0, 1, 2, 0, 1, 0, 1, 3, 0, 2, 32, 43]}, null, null, 90, false, [], false, 0, [], null, 0, 1744308608.7543752, 0, {}]
[{"0": [4, 2, 0, 2, 2, 2, 4, 5, 2, 0, 37, 1, 4, 2, 5]}, null, null, 91, false, [], false, 0, [], null, 0, 1744308608.9695344, 0, {}]
[{"0": [2, 2, 2, 30, 2, 0, 1, 2, 0, 0, 0, 4, 2, 3, 0]}, null, null, 92, false, [], false, 0, [], null, 0, 1744308609.1698346, 0, {}]
[{"0": [2, 0, 2, 2, 0, 37, 2, 2, 0, 3, 3, 0, 2, 2, 1]}, null, null, 92, false, [], false, 0, [], null, 0, 1744308609.3722377, 0, {}]
[{"0": [3, 2, 4, 1, 3, 36, 39, 0, 1, 3, 1, 2, 0, 0, 2]}, null, null, 93, false, [], false, 0, [], null, 0, 1744308609.57409, 0, {}]
[{"0": [1, 2, 0, 29, 2, 0, 1, 0, 2, 2, 1, 3, 0, 1, 2]}, null, null, 93, false, [], false, 0, [], null, 0, 1744308609.7748253, 0, {}]
[{"0": [2, 1, 1, 2, 3, 0, 1, 28, 3, 1, 4, 3, 0, 1, 3]}, null, null, 94, false, [], false, 0, [], null, 0, 1744308609.955648, 0, {}]
[{"0": [2, 3, 0, 3, 28, 0, 0, 2, 1, 3, 2, 2, 3, 3, 2]}, null, null, 95, false, [], false, 0, [], null, 0, 1744308610.1548226, 0, {}]
[{"0": [0, 1, 2, 2, 1, 1, 1, 4, 1, 30, 35, 24, 33, 33, 3]}, null, null, 95, false, [], false, 0, [], null, 0, 1744308610.371414, 0, {}]
[{"0": [2, 3, 3, 1, 3, 3, 2, 3, 1, 1, 27, 43, 34, 20, 25]}, null, null, 96, false, [], false, 0, [], null, 0, 1744308610.5689318, 0, {}]
[{"0": [0, 2, 2, 3, 32, 1, 2, 1, 3, 2, 4, 2, 1, 2, 1]}, null, null, 96, false, [], false, 0, [], null, 0, 1744308610.7527635, 0, {}]
[{"0": [0, 0, 1, 2, 1, 40, 23, 37, 44, 39, 33, 46, 33, 2, 4]}, null, null, 97, false, [], false, 0, [], null, 0, 1744308610.9662957, 0, {}]
[{"0": [2, 2, 4, 3, 29, 1, 2, 2, 1, 1, 1, 2, 2, 2, 2]}, null, null, 98, false, [], false, 0, [], null, 0, 1744308611.1747925, 0, {}]
[{"0": [1, 0, 0, 3, 3, 2, 1, 1, 47, 3, 3, 1, 1, 1, 1]}, null, null, 98, false, [], false, 0, [], null, 0, 1744308611.3707607, 0, {}]
[{"0": [2, 4, 3, 1, 3, 3, 1, 1, 4, 1, 45, 37, 2, 2, 1]}, null, null, 99, false, [], false, 0, [], null, 0, 1744308611.5693054, 0, {}]
[{"0": [4, 2, 1, 3, 38, 34, 30, 34, 2, 3, 1, 2, 2, 2, 2]}, null, null, 99, false, [], false, 0, [], null, 0, 1744308611.768637, 0, {}]
[{"0": [4, 0, 1, 2, 1, 0, 1, 2, 38, 2, 2, 4, 5, 1, 2]}, null, null, 100, false, [], false, 0, [], null, 0, 1744308611.9728901, 0, {}]
[{"0": [2, 0, 3, 0, 2, 3, 32, 5, 1, 2, 2, 3, 1, 2, 4]}, null, null, 101, false, [], false, 0, [], null, 0, 1744308612.171943, 0, {}]
[{"0": [1, 21, 36, 0, 2, 3, 2, 1, 2, 2, 0, 0, 2, 2, 1]}, null, null, 101, false, [], false, 0, [], null, 0, 1744308612.3618948, 0, {}]
[{"0": [2, 40, 2, 2, 6, 3, 3, 1, 0, 2, 7, 2, 3, 2, 0]}, null, null, 102, false, [], false, 0, [], null, 0, 1744308612.5500355, 0, {}]
[{"0": [1, 0, 1, 41, 3, 5, 1, 3, 4, 1, 0, 3, 5, 0, 3]}, null, null, 102, false, [], false, 0, [], null, 0, 1744308612.7742493, 0, {}]
[{"0": [4, 1, 3, 1, 2, 2, 2, 1, 27, 28, 42, 1, 2, 2, 4]}, null, null, 103, false, [], false, 0, [], null, 0, 1744308612.9527235, 0, {}]
[{"0": [2, 2, 2, 5, 2, 0, 2, 2, 29, 1, 1, 2, 1, 1, 2]}, null, null, 104, false, [], false, 0, [], null, 0, 1744308613.1676302, 0, {}]
[{"0": [1, 4, 2, 2, 4, 1, 1, 32, 1, 0, 0, 3, 0, 2, 2]}, null, null, 104, false, [], false, 0, [], null, 0, 1744308613.3564777, 0, {}]
[{"0": [3, 2, 3, 2, 0, 1, 1, 22, 36, 34, 32, 38, 34, 30, 39]}, null, null, 105, false, [], false, 0, [], null, 0, 1744308613.5713778, 0, {}]
[{"0": [2, 2, 1, 3, 3, 25, 3, 2, 2, 1, 1, 0, 3, 2, 4]}, null, null, 105, false, [], false, 0, [], null, 0, 1744308613.7670329, 0, {}]
[{"0": [1, 3, 37, 33, 42, 4, 2, 2, 3, 3, 3, 4, 2, 3, 3]}, null, null, 106, false, [], false, 0, [], null, 0, 1744308613.9656196, 0, {}]
[{"0": [2, 1, 2, 0, 26, 32, 30, 1, 4, 2, 3, 0, 1, 3, 1]}, null, null, 107, false, [], false, 0, [], null, 0, 1744308614.1682873, 0, {}]
[{"0": [1, 3, 2, 2, 3, 1, 24, 32, 3, 1, 2, 1, 4, 2, 1]}, null, null, 107, false, [], false, 0, [], null, 0, 1744308614.3724747, 0, {}]
[{"0": [2, 2, 3, 1, 29, 31, 42, 33, 41, 35, 32, 31, 4, 4, 1]}, null, null, 108, false, [], false, 0, [], null, 0, 1744308614.572237, 0, {}]
[{"0": [2, 3, 30, 32, 0, 0, 2, 2, 2, 0, 4, 1, 2, 2, 2]}, null, null, 108, false, [], false, 0, [], null, 0, 1744308614.765049, 0, {}]
[{"0": [2, 2, 3, 1, 0, 2, 7, 3, 39, 31, 37, 27, 38, 40, 0]}, null, null, 109, false, [], false, 0, [], null, 0, 1744308614.9554646, 0, {}]
[{"0": [1, 3, 6, 3, 1, 2, 1, 3, 1, 1, 1, 1, 33, 46, 2]}, null, null, 110, false, [], false, 0, [], null, 0, 1744308615.1702332, 0, {}]
[{"0": [3, 4, 3, 4, 46, 39, 39, 30, 30, 36, 38, 3, 0, 2, 1]}, null, null, 110, false, [], false, 0, [], null, 0, 1744308615.373543, 0, {}]
[{"0": [3, 0, 2, 37, 37, 0, 3, 1, 3, 2, 1, 0, 2, 1, 3]}, null, null, 111, false, [], false, 0, [], null, 0, 1744308615.5690386, 0, {}]
[{"0": [2, 2, 3, 30, 1, 1, 2, 1, 0, 2, 1, 2, 1, 0, 1]}, null, null, 111, false, [], false, 0, [], null, 0, 1744308615.7511854, 0, {}]
[{"0": [2, 1, 1, 3, 7, 2, 0, 31, 27, 24, 37, 41, 43, 38, 39]}, null, null, 112, false, [], false, 0, [], null, 0, 1744308615.9739003, 0, {}]
[{"0": [2, 1, 1, 37, 34, 40, 31, 0, 3, 1, 0, 2, 4, 2, 4]}, null, null, 113, false, [], false, 0, [], null, 0, 1744308616.1491659, 0, {}]
[{"0": [5, 35, 23, 3, 3, 3, 2, 4, 2, 0, 2, 1, 3, 1, 2]}, null, null, 113, false, [], false, 0, [], null, 0, 1744308616.3537002, 0, {}]
[{"0": [32, 39, 32, 32, 41, 0, 2, 2, 2, 0, 0, 2, 2, 3, 1]}, null, null, 114, false, [], false, 0, [], null, 0, 1744308616.5720603, 0, {}]
[{"0": [28, 34, 34, 31, 44, 3, 2, 3, 1, 1, 2, 3, 1, 3, 2]}, null, null, 114, false, [], false, 0, [], null, 0, 1744308616.771753, 0, {}]
[{"0": [0, 0, 2, 5, 1, 0, 1, 38, 34, 1, 0, 4, 1, 1, 1]}, null, null, 115, false, [], false, 0, [], null, 0, 1744308616.9531372, 0, {}]
[{"0": [37, 1, 4, 1, 2, 1, 2, 2, 0, 1, 2, 2, 1, 1, 1]}, null, null, 116, false, [], false, 0, [], null, 0, 1744308617.1566973, 0, {}]
[{"0": [3, 1, 2, 1, 1, 2, 1, 33, 45, 29, 32, 0, 0, 2, 3]}, null, null, 116, false, [], false, 0, [], null, 0, 1744308617.369066, 0, {}]
[{"0": [3, 1, 1, 1, 2, 40, 43, 0, 5, 2, 1, 4, 1, 1, 2]}, null, null, 117, false, [], false, 0, [], null, 0, 1744308617.566934, 0, {}]
[{"0": [3, 1, 1, 1, 1, 2, 41, 32, 36, 32, 39, 4, 2, 2, 2]}, null, null, 117, false, [], false, 0, [], null, 0, 1744308617.767834, 0, {}]
[{"0": [3, 2, 2, 51, 30, 34, 27, 33, 33, 43, 35, 39, 29, 28, 28]}, null, null, 118, false, [], false, 0, [], null, 0, 1744308617.9631088, 0, {}]
[{"0": [2, 5, 5, 1, 2, 2, 1, 3, 27, 2, 3, 1, 5, 0, 0]}, null, null, 119, false, [], false, 0, [], null, 0, 1744308618.162198, 0, {}]
[{"0": [1, 0, 0, 1, 0, 2, 4, 42, 33, 46, 34, 40, 1, 2, 0]}, null, null, 119, false, [], false, 0, [], null, 0, 1744308618.3609312, 0, {}]
[{"0": [0, 1, 33, 33, 30, 27, 33, 29, 39, 31, 31, 41, 38, 36, 28]}, null, null, 120, false, [], false, 0, [], null, 0, 1744308618.5617433, 0, {}]
[{"0": [1, 2, 2, 1, 2, 0, 1, 1, 3, 0, 32, 34, 23, 46, 43]}, null, null, 120, false, [], false, 0, [], null, 0, 1744308618.7716653, 0, {}]
[{"0": [2, 1, 0, 4, 4, 0, 2, 2, 2, 3, 37, 0, 1, 1, 4]}, null, null, 121, false, [], false, 0, [], null, 0, 1744308618.9744031, 0, {}]
[{"0": [1, 0, 30, 4, 2, 6, 4, 1, 4, 2, 3, 2, 2, 2, 1]}, null, null, 122, false, [], false, 0, [], null, 0, 1744308619.1683328, 0, {}]
[{"0": [1, 0, 1, 2, 2, 2, 2, 29, 28, 4, 4, 1, 4, 0, 1]}, null, null, 122, false, [], false, 0, [], null, 0, 1744308619.370527, 0, {}]
[{"0": [3, 3, 3, 5, 34, 22, 34, 31, 34, 42, 44, 35, 36, 38, 0]}, null, null, 123, false, [], false, 0, [], null, 0, 1744308619.5691733, 0, {}]
[{"0": [1, 2, 4, 2, 1, 27, 38, 47, 49, 33, 41, 2, 3, 3, 2]}, null, null, 123, false, [], false, 0, [], null, 0, 1744308619.770237, 0, {}]
[{"0": [4, 4, 1, 3, 0, 2, 1, 1, 4, 4, 26, 30, 49, 40, 2]}, null, null, 124, false, [], false, 0, [], null, 0, 1744308619.967118, 0, {}]
[{"0": [2, 4, 5, 33, 0, 2, 5, 1, 1, 2, 1, 2, 1, 3, 1]}, null, null, 125, false, [], false, 0, [], null, 0, 1744308620.1589494, 0, {}]
[{"0": [4, 1, 4, 3, 30, 36, 2, 1, 1, 3, 0, 1, 2, 3, 2]}, null, null, 125, false, [], false, 0, [], null, 0, 1744308620.367327, 0, {}]
[{"0": [4, 1, 5, 2, 2, 1, 0, 1, 2, 0, 1, 5, 36, 41, 40]}, null, null, 126, false, [], false, 0, [], null, 0, 1744308620.5695488, 0, {}]
[{"0": [45, 38, 41, 35, 35, 50, 34, 2, 2, 0, 3, 3, 2, 3, 2]}, null, null, 127, false, [], false, 0, [], null, 0, 1744308620.76878, 0, {}]
[{"0": [27, 40, 37, 4, 2, 5, 1, 2, 1, 2, 1, 0, 0, 0, 3]}, null, null, 127, false, [], false, 0, [], null, 0, 1744308620.9669502, 0, {}]
[{"0": [2, 1, 0, 4, 1, 1, 39, 3, 2, 3, 0, 0, 2, 1, 2]}, null, null, 128, false, [], false, 0, [], null, 0, 1744308621.1650336, 0, {}]
[{"0": [3, 1, 0, 0, 3, 2, 1, 40, 36, 42, 29, 37, 4, 0, 5]}, null, null, 128, false, [], false, 0, [], null, 0, 1744308621.3632927, 0, {}]
[{"0": [2, 3, 2, 3, 0, 4, 42, 36, 39, 27, 44, 22, 51, 28, 31]}, null, null, 129, false, [], false, 0, [], null, 0, 1744308621.5578291, 0, {}]
[{"0": [3, 1, 0, 2, 4, 0, 2, 0, 1, 39, 20, 3, 1, 1, 1]}, null, null, 130, false, [], false, 0, [], null, 0, 1744308621.7760024, 0, {}]
[{"0": [33, 36, 1, 1, 0, 1, 0, 0, 1, 2, 0, 4, 1, 3, 4]}, null, null, 130, false, [], false, 0, [], null, 0, 1744308621.9744246, 0, {}]
[{"0": [2, 1, 42, 29, 28, 32, 36, 35, 43, 33, 40, 2, 5, 5, 6]}, null, null, 131, false, [], false, 0, [], null, 0, 1744308622.1550303, 0, {}]
[{"0": [1, 0, 0, 1, 35, 2, 2, 2, 2, 3, 1, 1, 1, 1, 1]}, null, null, 131, false, [], false, 0, [], null, 0, 1744308622.3705788, 0, {}]
[{"0": [3, 2, 0, 5, 1, 1, 2, 35, 2, 3, 1, 4, 3, 2, 1]}, null, null, 132, false, [], false, 0, [], null, 0, 1744308622.5598068, 0, {}]
[{"0": [1, 39, 2, 2, 2, 2, 1, 3, 1, 3, 3, 0, 1, 3, 2]}, null, null, 133, false, [], false, 0, [], null, 0, 1744308622.7599394, 0, {}]
[{"0": [1, 3, 2, 2, 3, 3, 3, 52, 41, 28, 30, 50, 39, 31, 32]}, null, null, 133, false, [], false, 0, [], null, 0, 1744308622.9629004, 0, {}]
[{"0": [0, 1, 2, 1, 1, 2, 1, 1, 27, 34, 34, 34, 35, 36, 2]}, null, null, 134, false, [], false, 0, [], null, 0, 1744308623.1570303, 0, {}]
[{"0": [2, 1, 2, 2, 3, 3, 30, 45, 32, 31, 3, 3, 1, 1, 1]}, null, null, 134, false, [], false, 0, [], null, 0, 1744308623.360409, 0, {}]
[{"0": [1, 3, 1, 1, 3, 1, 2, 1, 3, 3, 3, 5, 2, 1, 3]}, null, null, 135, false, [], false, 0, [], null, 0, 1744308623.5596147, 0, {}]
[{"0": [3, 0, 4, 1, 4, 3, 0, 0, 0, 3, 34, 35, 35, 36, 24]}, null, null, 136, false, [], false, 0, [], null, 0, 1744308623.7537384, 0, {}]
[{"0": [1, 0, 1, 1, 1, 4, 3, 3, 0, 1, 1, 42, 50, 37, 1]}, null, null, 136, false, [], false, 0, [], null, 0, 1744308623.9582326, 0, {}]
[{"0": [1, 5, 1, 2, 1, 2, 40, 30, 36, 40, 0, 2, 2, 4, 1]}, null, null, 137, false, [], false, 0, [], null, 0, 1744308624.1751735, 0, {}]
[{"0": [1, 5, 4, 3, 3, 1, 1, 2, 1, 33, 29, 41, 32, 34, 41]}, null, null, 137, false, [], false, 0, [], null, 0, 1744308624.374783, 0, {}]
[{"0": [0, 2, 1, 3, 23, 34, 2, 1, 1, 1, 0, 1, 4, 2, 1]}, null, null, 138, false, [], false, 0, [], null, 0, 1744308624.5543225, 0, {}]
[{"0": [2, 1, 2, 0, 5, 1, 2, 0, 34, 33, 39, 42, 2, 3, 1]}, null, null, 139, false, [], false, 0, [], null, 0, 1744308624.770123, 0, {}]
[{"0": [2, 1, 0, 4, 2, 1, 3, 1, 33, 38, 38, 0, 2, 1, 1]}, null, null, 139, false, [], false, 0, [], null, 0, 1744308624.9576097, 0, {}]
[{"0": [3, 0, 0, 5, 2, 0, 3, 3, 31, 36, 31, 41, 36, 48, 1]}, null, null, 140, false, [], false, 0, [], null, 0, 1744308625.1595817, 0, {}]
[{"0": [2, 4, 1, 4, 5, 1, 2, 3, 2, 1, 3, 28, 2, 3, 2]}, null, null, 140, false, [], false, 0, [], null, 0, 1744308625.3758845, 0, {}]
[{"0": [2, 5, 2, 2, 1, 1, 0, 26, 34, 30, 43, 43, 39, 36, 37]}, null, null, 141, false, [], false, 0, [], null, 0, 1744308625.5633712, 0, {}]
[{"0": [1, 1, 2, 2, 1, 2, 5, 1, 0, 0, 2, 34, 4, 3, 5]}, null, null, 142, false, [], false, 0, [], null, 0, 1744308625.764339, 0, {}]
[{"0": [3, 1, 2, 1, 3, 1, 4, 1, 3, 4, 30, 36, 43, 41, 30]}, null, null, 142, false, [], false, 0, [], null, 0, 1744308625.9583595, 0, {}]
[{"0": [1, 0, 2, 3, 2, 2, 32, 38, 36, 26, 19, 2, 3, 0, 2]}, null, null, 143, false, [], false, 0, [], null, 0, 1744308626.163753, 0, {}]
[{"0": [3, 2, 3, 3, 4, 1, 1, 3, 2, 2, 40, 33, 26, 34, 36]}, null, null, 143, false, [], false, 0, [], null, 0, 1744308626.3619916, 0, {}]
[{"0": [3, 6, 0, 1, 1, 2, 34, 39, 39, 1, 1, 0, 1, 1, 1]}, null, null, 144, false, [], false, 0, [], null, 0, 1744308626.5573254, 0, {}]
[{"0": [6, 1, 0, 1, 2, 3, 1, 5, 2, 4, 1, 1, 36, 4, 2]}, null, null, 145, false, [], false, 0, [], null, 0, 1744308626.756257, 0, {}]
[{"0": [1, 2, 1, 2, 0, 2, 0, 1, 3, 2, 1, 2, 33, 47, 3]}, null, null, 145, false, [], false, 0, [], null, 0, 1744308626.9681647, 0, {}]
[{"0": [1, 3, 1, 3, 4, 3, 2, 2, 0, 1, 38, 37, 41, 27, 1]}, null, null, 146, false, [], false, 0, [], null, 0, 1744308627.1700997, 0, {}]
[{"0": [1, 1, 2, 1, 0, 0, 0, 0, 4, 4, 2, 38, 35, 42, 35]}, null, null, 146, false, [], false, 0, [], null, 0, 1744308627.3535402, 0, {}]
[{"0": [4, 5, 0, 3, 2, 1, 4, 35, 31, 3, 1, 0, 6, 3, 1]}, null, null, 147, false, [], false, 0, [], null, 0, 1744308627.5710847, 0, {}]
[{"0": [6, 2, 0, 2, 0, 34, 33, 39, 39, 40, 36, 2, 2, 1, 0]}, null, null, 148, false, [], false, 0, [], null, 0, 1744308627.7534702, 0, {}]
[{"0": [0, 30, 35, 31, 30, 39, 40, 46, 32, 30, 3, 1, 1, 2, 1]}, null, null, 148, false, [], false, 0, [], null, 0, 1744308627.9690797, 0, {}]
[{"0": [2, 4, 2, 1, 1, 2, 2, 33, 30, 31, 33, 1, 3, 1, 0]}, null, null, 149, false, [], false, 0, [], null, 0, 1744308628.1673582, 0, {}]
[{"0": [1, 0, 3, 38, 1, 0, 5, 5, 1, 3, 2, 4, 1, 1, 2]}, null, null, 149, false, [], false, 0, [], null, 0, 1744308628.352918, 0, {}]
[{"0": [1, 3, 2, 2, 2, 1, 2, 37, 34, 27, 28, 30, 1, 2, 3]}, null, null, 150, true, [], false, 0, [], null, 0, 1744308628.5715199, 0, {}]
