[{"0": [2, 2, 3, 1, 0, 3, 1, 0, 2, 1, 1, 2, 2, 35, 35, 27]}, null, null, 0, false, [], false, 0, [], null, 0, 1744322983.0270483, 0, {}]
[{"0": [2, 1, 1, 1, 1, 5, 0, 0, 1, 4, 1, 3, 1, 3, 23, 2]}, null, null, 1, false, [], false, 0, [], null, 0, 1744322983.228278, 0, {}]
[{"0": [1, 5, 2, 3, 1, 1, 3, 0, 0, 3, 0, 2, 25, 0, 0, 4]}, null, null, 1, false, [], false, 0, [], null, 0, 1744322983.4332306, 0, {}]
[{"0": [2, 0, 2, 1, 1, 33, 40, 30, 1, 2, 1, 1, 1, 1, 2, 2]}, null, null, 2, false, [], false, 0, [], null, 0, 1744322983.6333754, 0, {}]
[{"0": [3, 2, 27, 0, 0, 0, 1, 3, 1, 2, 1, 1, 1, 1, 3, 1]}, null, null, 2, false, [], false, 0, [], null, 0, 1744322983.831007, 0, {}]
[{"0": [4, 0, 1, 1, 2, 2, 3, 1, 3, 5, 5, 1, 2, 1, 1, 3]}, null, null, 3, false, [], false, 0, [], null, 0, 1744322984.0511987, 0, {}]
[{"0": [1, 0, 2, 2, 1, 0, 3, 35, 24, 40, 37, 32, 29, 27, 33, 25]}, null, null, 4, false, [], false, 0, [], null, 0, 1744322984.25336, 0, {}]
[{"0": [26, 27, 31, 20, 36, 1, 1, 3, 1, 1, 0, 0, 2, 0, 3, 0]}, null, null, 4, false, [], false, 0, [], null, 0, 1744322984.4511676, 0, {}]
[{"0": [1, 2, 2, 30, 2, 1, 0, 0, 2, 1, 2, 2, 2, 3, 2, 1]}, null, null, 5, false, [], false, 0, [], null, 0, 1744322984.652086, 0, {}]
[{"0": [29, 28, 36, 32, 35, 3, 1, 1, 3, 1, 3, 1, 2, 1, 1, 1]}, null, null, 5, false, [], false, 0, [], null, 0, 1744322984.8513157, 0, {}]
[{"0": [26, 6, 1, 1, 2, 3, 1, 2, 0, 2, 3, 1, 2, 1, 5, 0]}, null, null, 6, false, [], false, 0, [], null, 0, 1744322985.0461233, 0, {}]
[{"0": [1, 1, 2, 2, 6, 3, 0, 35, 23, 1, 1, 0, 2, 2, 1, 0]}, null, null, 7, false, [], false, 0, [], null, 0, 1744322985.2369928, 0, {}]
[{"0": [1, 4, 1, 2, 1, 0, 2, 2, 0, 2, 1, 1, 0, 1, 1, 3]}, null, null, 7, false, [], false, 0, [], null, 0, 1744322985.443784, 0, {}]
[{"0": [1, 4, 1, 0, 4, 2, 1, 4, 1, 4, 1, 2, 0, 4, 31, 38]}, null, null, 8, false, [], false, 0, [], null, 0, 1744322985.636463, 0, {}]
[{"0": [0, 1, 2, 0, 1, 1, 3, 0, 0, 2, 26, 27, 1, 2, 1, 2]}, null, null, 8, false, [], false, 0, [], null, 0, 1744322985.8332062, 0, {}]
[{"0": [23, 42, 30, 29, 31, 33, 24, 1, 1, 0, 2, 3, 2, 1, 0, 2]}, null, null, 9, false, [], false, 0, [], null, 0, 1744322986.0490198, 0, {}]
[{"0": [2, 5, 1, 3, 4, 2, 3, 4, 2, 3, 2, 2, 2, 0, 0, 2]}, null, null, 10, false, [], false, 0, [], null, 0, 1744322986.2487597, 0, {}]
[{"0": [32, 35, 0, 2, 1, 4, 1, 5, 1, 1, 0, 5, 2, 3, 3, 0]}, null, null, 10, false, [], false, 0, [], null, 0, 1744322986.4534407, 0, {}]
[{"0": [0, 2, 0, 2, 1, 2, 3, 3, 3, 2, 1, 1, 1, 1, 0, 4]}, null, null, 11, false, [], false, 0, [], null, 0, 1744322986.6362948, 0, {}]
[{"0": [1, 0, 2, 1, 4, 1, 0, 1, 1, 2, 0, 0, 1, 3, 2, 1]}, null, null, 11, false, [], false, 0, [], null, 0, 1744322986.8495648, 0, {}]
[{"0": [42, 1, 0, 2, 1, 1, 0, 4, 1, 1, 3, 0, 1, 1, 0, 3]}, null, null, 12, false, [], false, 0, [], null, 0, 1744322987.0446627, 0, {}]
[{"0": [29, 38, 0, 0, 3, 2, 3, 3, 4, 2, 1, 1, 5, 2, 1, 1]}, null, null, 13, false, [], false, 0, [], null, 0, 1744322987.2463348, 0, {}]
[{"0": [2, 2, 2, 2, 5, 3, 1, 3, 1, 2, 0, 1, 4, 33, 21, 3]}, null, null, 13, false, [], false, 0, [], null, 0, 1744322987.4510057, 0, {}]
[{"0": [3, 2, 0, 2, 1, 1, 0, 2, 1, 39, 3, 2, 3, 0, 3, 2]}, null, null, 14, false, [], false, 0, [], null, 0, 1744322987.6311834, 0, {}]
[{"0": [1, 1, 1, 1, 3, 3, 1, 6, 1, 0, 2, 45, 23, 35, 26, 24]}, null, null, 14, false, [], false, 0, [], null, 0, 1744322987.8489223, 0, {}]
[{"0": [4, 2, 0, 24, 44, 36, 2, 0, 3, 3, 1, 1, 4, 2, 4, 0]}, null, null, 15, false, [], false, 0, [], null, 0, 1744322988.0530882, 0, {}]
[{"0": [3, 1, 1, 36, 0, 4, 1, 2, 1, 1, 1, 3, 1, 0, 2, 1]}, null, null, 16, false, [], false, 0, [], null, 0, 1744322988.248046, 0, {}]
[{"0": [2, 3, 3, 0, 0, 1, 1, 2, 0, 2, 3, 0, 3, 2, 34, 3]}, null, null, 16, false, [], false, 0, [], null, 0, 1744322988.4462032, 0, {}]
[{"0": [3, 1, 2, 0, 2, 2, 8, 1, 0, 0, 3, 2, 3, 1, 2, 2]}, null, null, 17, false, [], false, 0, [], null, 0, 1744322988.6358771, 0, {}]
[{"0": [2, 3, 1, 1, 1, 5, 3, 2, 1, 2, 0, 3, 2, 1, 5, 4]}, null, null, 17, false, [], false, 0, [], null, 0, 1744322988.8444576, 0, {}]
[{"0": [3, 1, 2, 0, 2, 4, 0, 1, 2, 1, 0, 0, 1, 0, 2, 1]}, null, null, 18, false, [], false, 0, [], null, 0, 1744322989.0438194, 0, {}]
[{"0": [1, 1, 1, 1, 2, 1, 0, 4, 1, 1, 1, 0, 4, 0, 2, 30]}, null, null, 19, false, [], false, 0, [], null, 0, 1744322989.2338886, 0, {}]
[{"0": [2, 2, 1, 3, 3, 1, 3, 0, 2, 3, 1, 4, 1, 1, 0, 26]}, null, null, 19, false, [], false, 0, [], null, 0, 1744322989.4456103, 0, {}]
[{"0": [2, 0, 29, 35, 0, 2, 1, 0, 1, 1, 1, 0, 1, 4, 5, 2]}, null, null, 20, false, [], false, 0, [], null, 0, 1744322989.650541, 0, {}]
[{"0": [3, 0, 1, 0, 1, 1, 2, 34, 30, 2, 1, 2, 0, 2, 0, 3]}, null, null, 20, false, [], false, 0, [], null, 0, 1744322989.851336, 0, {}]
[{"0": [28, 2, 0, 1, 0, 3, 1, 0, 2, 2, 0, 4, 3, 1, 0, 0]}, null, null, 21, false, [], false, 0, [], null, 0, 1744322990.0472229, 0, {}]
[{"0": [2, 2, 4, 0, 2, 1, 3, 3, 2, 1, 1, 1, 2, 0, 2, 30]}, null, null, 22, false, [], false, 0, [], null, 0, 1744322990.2417402, 0, {}]
[{"0": [5, 1, 2, 3, 3, 2, 4, 1, 1, 1, 4, 0, 1, 1, 3, 2]}, null, null, 22, false, [], false, 0, [], null, 0, 1744322990.4361458, 0, {}]
[{"0": [1, 3, 29, 32, 26, 26, 27, 36, 35, 7, 0, 1, 3, 2, 0, 2]}, null, null, 23, false, [], false, 0, [], null, 0, 1744322990.6334596, 0, {}]
[{"0": [2, 3, 3, 0, 1, 4, 4, 0, 1, 1, 1, 2, 3, 0, 2, 0]}, null, null, 23, false, [], false, 0, [], null, 0, 1744322990.850847, 0, {}]
[{"0": [3, 2, 3, 2, 2, 1, 3, 0, 2, 2, 2, 34, 23, 27, 35, 2]}, null, null, 24, false, [], false, 0, [], null, 0, 1744322991.0529547, 0, {}]
[{"0": [1, 1, 1, 1, 0, 1, 2, 1, 2, 1, 2, 1, 1, 7, 1, 3]}, null, null, 25, false, [], false, 0, [], null, 0, 1744322991.2474616, 0, {}]
[{"0": [2, 1, 4, 2, 2, 3, 34, 31, 32, 2, 4, 1, 2, 3, 1, 1]}, null, null, 25, false, [], false, 0, [], null, 0, 1744322991.4369783, 0, {}]
[{"0": [2, 2, 5, 0, 3, 1, 0, 5, 36, 32, 35, 4, 0, 6, 2, 1]}, null, null, 26, false, [], false, 0, [], null, 0, 1744322991.6562734, 0, {}]
[{"0": [1, 3, 3, 0, 3, 2, 1, 1, 2, 0, 41, 35, 33, 25, 28, 24]}, null, null, 27, false, [], false, 0, [], null, 0, 1744322991.8518598, 0, {}]
[{"0": [2, 1, 0, 1, 3, 4, 3, 0, 1, 1, 1, 1, 3, 2, 1, 0]}, null, null, 27, false, [], false, 0, [], null, 0, 1744322992.051346, 0, {}]
[{"0": [0, 0, 2, 3, 2, 4, 1, 2, 1, 0, 1, 1, 3, 1, 1, 0]}, null, null, 28, false, [], false, 0, [], null, 0, 1744322992.250252, 0, {}]
[{"0": [2, 1, 1, 1, 22, 28, 31, 25, 31, 37, 30, 17, 3, 2, 1, 2]}, null, null, 28, false, [], false, 0, [], null, 0, 1744322992.4329581, 0, {}]
[{"0": [1, 1, 1, 2, 2, 0, 27, 24, 2, 2, 2, 1, 1, 1, 3, 1]}, null, null, 29, false, [], false, 0, [], null, 0, 1744322992.6369581, 0, {}]
[{"0": [2, 3, 3, 1, 0, 2, 1, 29, 31, 24, 1, 1, 1, 2, 4, 1]}, null, null, 30, false, [], false, 0, [], null, 0, 1744322992.840578, 0, {}]
[{"0": [1, 3, 1, 0, 3, 0, 0, 3, 2, 2, 27, 31, 28, 2, 1, 1]}, null, null, 30, false, [], false, 0, [], null, 0, 1744322993.0306687, 0, {}]
[{"0": [33, 32, 29, 31, 40, 30, 22, 27, 21, 0, 1, 1, 1, 3, 2, 1]}, null, null, 31, false, [], false, 0, [], null, 0, 1744322993.236024, 0, {}]
[{"0": [30, 16, 1, 2, 3, 0, 3, 0, 3, 1, 2, 1, 0, 2, 3, 6]}, null, null, 31, false, [], false, 0, [], null, 0, 1744322993.446439, 0, {}]
[{"0": [39, 39, 25, 33, 31, 29, 31, 0, 2, 1, 0, 1, 1, 3, 2, 1]}, null, null, 32, false, [], false, 0, [], null, 0, 1744322993.6509356, 0, {}]
[{"0": [2, 1, 4, 1, 2, 3, 31, 39, 34, 1, 2, 1, 3, 3, 3, 4]}, null, null, 33, false, [], false, 0, [], null, 0, 1744322993.8385496, 0, {}]
[{"0": [3, 0, 0, 3, 3, 3, 4, 2, 1, 3, 0, 0, 1, 1, 0, 1]}, null, null, 33, false, [], false, 0, [], null, 0, 1744322994.0493476, 0, {}]
[{"0": [2, 3, 1, 0, 2, 0, 2, 3, 3, 1, 0, 1, 2, 1, 5, 4]}, null, null, 34, false, [], false, 0, [], null, 0, 1744322994.2358816, 0, {}]
[{"0": [2, 2, 2, 4, 1, 3, 0, 4, 1, 7, 1, 1, 3, 24, 37, 27]}, null, null, 34, false, [], false, 0, [], null, 0, 1744322994.4365225, 0, {}]
[{"0": [3, 0, 1, 2, 1, 2, 4, 0, 4, 2, 2, 0, 1, 2, 0, 2]}, null, null, 35, false, [], false, 0, [], null, 0, 1744322994.6571145, 0, {}]
[{"0": [2, 3, 2, 2, 1, 1, 25, 36, 4, 1, 6, 3, 0, 3, 2, 3]}, null, null, 36, false, [], false, 0, [], null, 0, 1744322994.8505628, 0, {}]
[{"0": [0, 1, 2, 30, 38, 37, 1, 3, 6, 0, 1, 1, 3, 5, 5, 2]}, null, null, 36, false, [], false, 0, [], null, 0, 1744322995.0453467, 0, {}]
[{"0": [1, 0, 2, 31, 2, 3, 4, 1, 1, 1, 1, 4, 2, 4, 4, 2]}, null, null, 37, false, [], false, 0, [], null, 0, 1744322995.233924, 0, {}]
[{"0": [28, 24, 36, 27, 25, 39, 42, 33, 34, 1, 3, 2, 0, 1, 0, 0]}, null, null, 37, false, [], false, 0, [], null, 0, 1744322995.4389408, 0, {}]
[{"0": [31, 20, 31, 22, 0, 0, 0, 1, 3, 1, 0, 1, 1, 2, 0, 4]}, null, null, 38, false, [], false, 0, [], null, 0, 1744322995.6397457, 0, {}]
[{"0": [2, 3, 2, 2, 1, 0, 3, 2, 3, 6, 1, 1, 3, 0, 2, 2]}, null, null, 39, false, [], false, 0, [], null, 0, 1744322995.8348398, 0, {}]
[{"0": [34, 25, 24, 38, 29, 0, 2, 2, 5, 1, 1, 3, 0, 2, 2, 2]}, null, null, 39, false, [], false, 0, [], null, 0, 1744322996.0390851, 0, {}]
[{"0": [1, 4, 30, 26, 1, 2, 0, 1, 1, 4, 0, 0, 0, 1, 3, 2]}, null, null, 40, false, [], false, 0, [], null, 0, 1744322996.2418466, 0, {}]
[{"0": [0, 2, 1, 36, 21, 36, 27, 36, 3, 1, 2, 3, 2, 5, 3, 0]}, null, null, 40, false, [], false, 0, [], null, 0, 1744322996.4591115, 0, {}]
[{"0": [4, 0, 1, 2, 2, 31, 35, 39, 1, 3, 1, 1, 2, 1, 0, 1]}, null, null, 41, false, [], false, 0, [], null, 0, 1744322996.6518722, 0, {}]
[{"0": [34, 0, 4, 1, 0, 2, 2, 0, 0, 0, 2, 1, 0, 1, 4, 0]}, null, null, 42, false, [], false, 0, [], null, 0, 1744322996.8536518, 0, {}]
[{"0": [1, 0, 3, 31, 26, 30, 4, 2, 1, 0, 2, 2, 5, 1, 3, 1]}, null, null, 42, false, [], false, 0, [], null, 0, 1744322997.0345178, 0, {}]
[{"0": [3, 4, 3, 3, 1, 3, 2, 2, 0, 1, 27, 27, 0, 4, 0, 0]}, null, null, 43, false, [], false, 0, [], null, 0, 1744322997.2350094, 0, {}]
[{"0": [0, 2, 5, 1, 2, 2, 2, 1, 3, 2, 0, 0, 0, 2, 1, 5]}, null, null, 43, false, [], false, 0, [], null, 0, 1744322997.443583, 0, {}]
[{"0": [2, 1, 2, 1, 28, 30, 26, 33, 36, 38, 26, 19, 31, 26, 0, 1]}, null, null, 44, false, [], false, 0, [], null, 0, 1744322997.645264, 0, {}]
[{"0": [1, 0, 0, 3, 2, 2, 33, 20, 29, 29, 32, 29, 1, 3, 1, 3]}, null, null, 45, false, [], false, 0, [], null, 0, 1744322997.8332915, 0, {}]
[{"0": [1, 1, 1, 1, 2, 2, 1, 2, 0, 1, 1, 2, 0, 1, 1, 1]}, null, null, 45, false, [], false, 0, [], null, 0, 1744322998.0322726, 0, {}]
[{"0": [26, 31, 34, 32, 25, 4, 2, 2, 0, 1, 2, 1, 3, 2, 3, 3]}, null, null, 46, false, [], false, 0, [], null, 0, 1744322998.2526655, 0, {}]
[{"0": [4, 3, 1, 1, 2, 2, 4, 1, 1, 2, 2, 34, 23, 34, 3, 2]}, null, null, 46, false, [], false, 0, [], null, 0, 1744322998.437546, 0, {}]
[{"0": [4, 2, 1, 0, 0, 4, 1, 1, 1, 1, 0, 2, 1, 2, 2, 1]}, null, null, 47, false, [], false, 0, [], null, 0, 1744322998.6371055, 0, {}]
[{"0": [2, 1, 5, 2, 34, 2, 1, 0, 5, 0, 4, 1, 0, 4, 1, 1]}, null, null, 48, false, [], false, 0, [], null, 0, 1744322998.838546, 0, {}]
[{"0": [0, 4, 1, 2, 0, 3, 4, 0, 2, 0, 3, 2, 0, 0, 1, 2]}, null, null, 48, false, [], false, 0, [], null, 0, 1744322999.0416567, 0, {}]
[{"0": [2, 3, 1, 3, 0, 4, 1, 4, 1, 0, 2, 28, 26, 26, 33, 1]}, null, null, 49, false, [], false, 0, [], null, 0, 1744322999.2437618, 0, {}]
[{"0": [2, 2, 4, 2, 2, 5, 1, 3, 3, 4, 1, 2, 1, 2, 1, 0]}, null, null, 49, false, [], false, 0, [], null, 0, 1744322999.4413998, 0, {}]
[{"0": [24, 40, 36, 31, 38, 29, 29, 0, 6, 1, 1, 2, 1, 1, 0, 3]}, null, null, 50, false, [], false, 0, [], null, 0, 1744322999.6354334, 0, {}]
[{"0": [1, 3, 1, 2, 3, 2, 0, 2, 26, 36, 27, 19, 33, 30, 34, 4]}, null, null, 51, false, [], false, 0, [], null, 0, 1744322999.8369582, 0, {}]
[{"0": [1, 0, 26, 26, 3, 2, 1, 1, 2, 3, 1, 0, 3, 0, 2, 2]}, null, null, 51, false, [], false, 0, [], null, 0, 1744323000.041981, 0, {}]
[{"0": [0, 2, 0, 0, 1, 1, 28, 36, 26, 30, 2, 3, 1, 1, 2, 1]}, null, null, 52, false, [], false, 0, [], null, 0, 1744323000.2430556, 0, {}]
[{"0": [1, 2, 28, 31, 3, 1, 1, 2, 3, 3, 1, 1, 1, 3, 0, 1]}, null, null, 52, false, [], false, 0, [], null, 0, 1744323000.4555206, 0, {}]
[{"0": [0, 1, 1, 4, 1, 1, 2, 3, 1, 0, 4, 1, 5, 2, 0, 2]}, null, null, 53, false, [], false, 0, [], null, 0, 1744323000.648496, 0, {}]
[{"0": [1, 3, 1, 3, 2, 2, 3, 4, 0, 2, 4, 0, 3, 2, 3, 3]}, null, null, 54, false, [], false, 0, [], null, 0, 1744323000.8366575, 0, {}]
[{"0": [1, 2, 0, 27, 4, 0, 1, 0, 2, 1, 2, 1, 0, 1, 1, 2]}, null, null, 54, false, [], false, 0, [], null, 0, 1744323001.0407715, 0, {}]
[{"0": [4, 5, 1, 4, 4, 1, 3, 1, 2, 5, 3, 5, 7, 2, 1, 4]}, null, null, 55, false, [], false, 0, [], null, 0, 1744323001.243118, 0, {}]
[{"0": [3, 4, 0, 2, 2, 1, 1, 5, 4, 1, 1, 1, 4, 1, 2, 2]}, null, null, 55, false, [], false, 0, [], null, 0, 1744323001.4411044, 0, {}]
[{"0": [1, 1, 3, 1, 4, 0, 1, 1, 2, 1, 1, 1, 1, 1, 2, 0]}, null, null, 56, false, [], false, 0, [], null, 0, 1744323001.6447692, 0, {}]
[{"0": [4, 2, 1, 1, 0, 3, 1, 2, 1, 4, 2, 1, 1, 1, 3, 28]}, null, null, 57, false, [], false, 0, [], null, 0, 1744323001.8444643, 0, {}]
[{"0": [1, 3, 3, 0, 33, 24, 33, 31, 0, 1, 1, 1, 2, 1, 2, 4]}, null, null, 57, false, [], false, 0, [], null, 0, 1744323002.0409687, 0, {}]
[{"0": [1, 1, 0, 1, 3, 4, 0, 2, 1, 1, 4, 1, 0, 0, 4, 35]}, null, null, 58, false, [], false, 0, [], null, 0, 1744323002.2407956, 0, {}]
[{"0": [0, 1, 2, 1, 1, 3, 1, 1, 2, 1, 2, 34, 36, 1, 0, 4]}, null, null, 58, false, [], false, 0, [], null, 0, 1744323002.444139, 0, {}]
[{"0": [2, 2, 2, 40, 2, 4, 1, 2, 4, 3, 1, 4, 0, 3, 0, 2]}, null, null, 59, false, [], false, 0, [], null, 0, 1744323002.6496747, 0, {}]
[{"0": [31, 2, 1, 4, 0, 2, 1, 4, 2, 4, 2, 2, 2, 1, 2, 26]}, null, null, 60, false, [], false, 0, [], null, 0, 1744323002.839863, 0, {}]
[{"0": [1, 2, 1, 1, 2, 1, 1, 4, 1, 28, 35, 3, 1, 6, 3, 0]}, null, null, 60, false, [], false, 0, [], null, 0, 1744323003.0529976, 0, {}]
[{"0": [1, 3, 3, 3, 27, 34, 33, 36, 3, 4, 2, 1, 4, 1, 0, 1]}, null, null, 61, false, [], false, 0, [], null, 0, 1744323003.2499728, 0, {}]
[{"0": [2, 2, 0, 3, 0, 0, 4, 3, 3, 5, 1, 32, 29, 5, 1, 3]}, null, null, 61, false, [], false, 0, [], null, 0, 1744323003.4393153, 0, {}]
[{"0": [0, 1, 3, 1, 3, 5, 2, 5, 2, 21, 32, 41, 25, 1, 2, 2]}, null, null, 62, false, [], false, 0, [], null, 0, 1744323003.6428597, 0, {}]
[{"0": [3, 0, 0, 0, 1, 2, 1, 2, 0, 1, 3, 2, 29, 27, 23, 49]}, null, null, 63, false, [], false, 0, [], null, 0, 1744323003.8507626, 0, {}]
[{"0": [0, 1, 2, 22, 3, 1, 1, 3, 2, 1, 2, 2, 3, 1, 2, 3]}, null, null, 63, false, [], false, 0, [], null, 0, 1744323004.0435483, 0, {}]
[{"0": [0, 2, 31, 34, 39, 36, 30, 27, 32, 29, 26, 38, 3, 1, 1, 4]}, null, null, 64, false, [], false, 0, [], null, 0, 1744323004.2517416, 0, {}]
[{"0": [2, 2, 1, 2, 3, 3, 2, 2, 3, 1, 2, 0, 3, 2, 0, 0]}, null, null, 64, false, [], false, 0, [], null, 0, 1744323004.4556544, 0, {}]
[{"0": [37, 21, 27, 39, 32, 0, 1, 1, 4, 0, 1, 1, 2, 4, 2, 2]}, null, null, 65, false, [], false, 0, [], null, 0, 1744323004.6399357, 0, {}]
[{"0": [2, 1, 2, 2, 0, 2, 2, 3, 2, 1, 5, 3, 3, 1, 25, 28]}, null, null, 66, false, [], false, 0, [], null, 0, 1744323004.8425975, 0, {}]
[{"0": [2, 1, 3, 2, 3, 1, 2, 3, 1, 2, 2, 34, 23, 31, 24, 24]}, null, null, 66, false, [], false, 0, [], null, 0, 1744323005.0490425, 0, {}]
[{"0": [1, 4, 1, 0, 2, 3, 1, 4, 1, 2, 0, 1, 3, 29, 1, 2]}, null, null, 67, false, [], false, 0, [], null, 0, 1744323005.2628937, 0, {}]
[{"0": [5, 4, 0, 2, 0, 2, 3, 5, 3, 1, 3, 0, 4, 0, 2, 22]}, null, null, 67, false, [], false, 0, [], null, 0, 1744323005.4388506, 0, {}]
[{"0": [1, 0, 1, 4, 1, 3, 2, 2, 1, 3, 1, 0, 0, 1, 32, 21]}, null, null, 68, false, [], false, 0, [], null, 0, 1744323005.6386235, 0, {}]
[{"0": [3, 1, 3, 2, 0, 3, 1, 0, 1, 5, 1, 3, 4, 2, 1, 3]}, null, null, 69, false, [], false, 0, [], null, 0, 1744323005.843468, 0, {}]
[{"0": [23, 32, 30, 22, 30, 26, 27, 36, 30, 29, 36, 36, 25, 33, 28, 29]}, null, null, 69, false, [], false, 0, [], null, 0, 1744323006.0488656, 0, {}]
[{"0": [4, 4, 2, 3, 2, 1, 35, 34, 1, 6, 3, 2, 0, 2, 1, 5]}, null, null, 70, false, [], false, 0, [], null, 0, 1744323006.2390454, 0, {}]
[{"0": [0, 1, 1, 1, 2, 1, 0, 0, 1, 0, 3, 1, 2, 1, 0, 3]}, null, null, 70, false, [], false, 0, [], null, 0, 1744323006.457191, 0, {}]
[{"0": [2, 0, 2, 2, 4, 1, 0, 0, 1, 1, 0, 5, 2, 4, 0, 2]}, null, null, 71, false, [], false, 0, [], null, 0, 1744323006.6461565, 0, {}]
[{"0": [35, 27, 26, 26, 42, 0, 3, 1, 0, 1, 4, 1, 1, 0, 2, 0]}, null, null, 72, false, [], false, 0, [], null, 0, 1744323006.8398278, 0, {}]
[{"0": [35, 32, 31, 42, 33, 24, 33, 3, 2, 4, 2, 3, 3, 6, 1, 5]}, null, null, 72, false, [], false, 0, [], null, 0, 1744323007.0395787, 0, {}]
[{"0": [2, 1, 33, 39, 30, 2, 1, 4, 4, 3, 0, 5, 2, 6, 0, 4]}, null, null, 73, false, [], false, 0, [], null, 0, 1744323007.2530007, 0, {}]
[{"0": [32, 29, 30, 29, 33, 31, 1, 1, 1, 1, 2, 2, 3, 1, 1, 2]}, null, null, 73, false, [], false, 0, [], null, 0, 1744323007.459443, 0, {}]
[{"0": [3, 1, 3, 5, 1, 3, 4, 1, 1, 30, 2, 2, 2, 1, 2, 1]}, null, null, 74, false, [], false, 0, [], null, 0, 1744323007.6498196, 0, {}]
[{"0": [0, 2, 2, 3, 1, 0, 3, 3, 0, 1, 5, 0, 1, 2, 1, 4]}, null, null, 75, false, [], false, 0, [], null, 0, 1744323007.8567283, 0, {}]
[{"0": [36, 30, 28, 39, 4, 1, 3, 1, 1, 1, 4, 1, 3, 5, 4, 4]}, null, null, 75, false, [], false, 0, [], null, 0, 1744323008.039976, 0, {}]
[{"0": [2, 2, 3, 23, 2, 1, 1, 1, 1, 1, 1, 3, 1, 1, 2, 0]}, null, null, 76, false, [], false, 0, [], null, 0, 1744323008.2413926, 0, {}]
[{"0": [2, 0, 0, 2, 1, 0, 2, 0, 2, 4, 36, 3, 1, 2, 3, 2]}, null, null, 77, false, [], false, 0, [], null, 0, 1744323008.4423604, 0, {}]
[{"0": [2, 3, 3, 0, 0, 2, 4, 3, 4, 3, 2, 1, 31, 2, 2, 1]}, null, null, 77, false, [], false, 0, [], null, 0, 1744323008.638651, 0, {}]
[{"0": [34, 3, 1, 0, 1, 2, 0, 5, 3, 1, 2, 1, 1, 3, 2, 1]}, null, null, 78, false, [], false, 0, [], null, 0, 1744323008.8550603, 0, {}]
[{"0": [1, 3, 1, 2, 2, 0, 1, 1, 4, 2, 0, 0, 3, 4, 1, 0]}, null, null, 78, false, [], false, 0, [], null, 0, 1744323009.0595455, 0, {}]
[{"0": [3, 0, 3, 0, 1, 1, 3, 0, 46, 24, 1, 5, 3, 2, 1, 1]}, null, null, 79, false, [], false, 0, [], null, 0, 1744323009.2408035, 0, {}]
[{"0": [3, 2, 2, 1, 1, 1, 1, 4, 4, 2, 3, 1, 2, 3, 24, 35]}, null, null, 80, false, [], false, 0, [], null, 0, 1744323009.4622955, 0, {}]
[{"0": [0, 1, 3, 3, 2, 1, 2, 3, 1, 2, 2, 2, 1, 1, 3, 1]}, null, null, 80, false, [], false, 0, [], null, 0, 1744323009.6540644, 0, {}]
[{"0": [3, 5, 0, 1, 2, 2, 1, 3, 2, 1, 2, 3, 1, 3, 1, 0]}, null, null, 81, false, [], false, 0, [], null, 0, 1744323009.8578885, 0, {}]
[{"0": [2, 3, 3, 0, 0, 2, 0, 2, 28, 36, 36, 4, 2, 1, 5, 2]}, null, null, 81, false, [], false, 0, [], null, 0, 1744323010.0487623, 0, {}]
[{"0": [0, 1, 2, 0, 1, 2, 3, 0, 1, 0, 3, 0, 0, 0, 3, 3]}, null, null, 82, false, [], false, 0, [], null, 0, 1744323010.2524211, 0, {}]
[{"0": [31, 24, 26, 32, 2, 1, 0, 0, 3, 0, 1, 0, 2, 4, 2, 1]}, null, null, 83, false, [], false, 0, [], null, 0, 1744323010.4572961, 0, {}]
[{"0": [3, 0, 2, 0, 1, 3, 0, 28, 28, 6, 2, 4, 4, 2, 2, 2]}, null, null, 83, false, [], false, 0, [], null, 0, 1744323010.6440299, 0, {}]
[{"0": [2, 0, 2, 1, 2, 1, 3, 4, 2, 3, 1, 2, 3, 17, 39, 37]}, null, null, 84, false, [], false, 0, [], null, 0, 1744323010.843858, 0, {}]
[{"0": [2, 3, 3, 1, 2, 0, 2, 26, 28, 36, 28, 3, 3, 5, 3, 2]}, null, null, 84, false, [], false, 0, [], null, 0, 1744323011.047813, 0, {}]
[{"0": [0, 2, 1, 1, 2, 1, 0, 1, 3, 1, 5, 2, 0, 0, 2, 2]}, null, null, 85, false, [], false, 0, [], null, 0, 1744323011.2619781, 0, {}]
[{"0": [24, 29, 33, 29, 22, 34, 33, 39, 33, 31, 1, 4, 2, 4, 2, 2]}, null, null, 86, false, [], false, 0, [], null, 0, 1744323011.4458902, 0, {}]
[{"0": [2, 2, 1, 2, 0, 4, 2, 0, 2, 3, 1, 0, 4, 3, 1, 3]}, null, null, 86, false, [], false, 0, [], null, 0, 1744323011.6519012, 0, {}]
[{"0": [1, 1, 40, 2, 1, 0, 1, 0, 1, 4, 2, 4, 2, 0, 2, 1]}, null, null, 87, false, [], false, 0, [], null, 0, 1744323011.8441565, 0, {}]
[{"0": [2, 2, 5, 2, 6, 4, 6, 0, 1, 0, 1, 25, 33, 28, 30, 30]}, null, null, 87, false, [], false, 0, [], null, 0, 1744323012.0650501, 0, {}]
[{"0": [25, 32, 38, 33, 34, 37, 32, 2, 1, 2, 1, 2, 2, 2, 1, 6]}, null, null, 88, false, [], false, 0, [], null, 0, 1744323012.2601094, 0, {}]
[{"0": [1, 2, 2, 2, 3, 2, 3, 1, 1, 2, 0, 1, 3, 33, 29, 33]}, null, null, 89, false, [], false, 0, [], null, 0, 1744323012.4481041, 0, {}]
[{"0": [32, 37, 23, 38, 33, 30, 27, 32, 26, 33, 30, 29, 34, 28, 29, 25]}, null, null, 89, false, [], false, 0, [], null, 0, 1744323012.659298, 0, {}]
[{"0": [0, 1, 0, 2, 2, 2, 2, 0, 2, 0, 26, 28, 5, 0, 3, 1]}, null, null, 90, false, [], false, 0, [], null, 0, 1744323012.8487973, 0, {}]
[{"0": [28, 25, 1, 1, 2, 1, 0, 1, 0, 4, 0, 0, 3, 0, 0, 2]}, null, null, 90, false, [], false, 0, [], null, 0, 1744323013.043888, 0, {}]
[{"0": [26, 26, 31, 28, 27, 25, 32, 36, 26, 39, 29, 24, 33, 28, 0, 1]}, null, null, 91, false, [], false, 0, [], null, 0, 1744323013.2485676, 0, {}]
[{"0": [1, 2, 6, 1, 3, 4, 4, 4, 1, 1, 4, 0, 1, 3, 1, 2]}, null, null, 92, false, [], false, 0, [], null, 0, 1744323013.445715, 0, {}]
[{"0": [2, 3, 0, 2, 3, 1, 1, 2, 0, 0, 0, 1, 1, 4, 1, 29]}, null, null, 92, false, [], false, 0, [], null, 0, 1744323013.6490266, 0, {}]
[{"0": [26, 35, 35, 29, 34, 39, 24, 26, 30, 31, 24, 33, 40, 32, 41, 0]}, null, null, 93, false, [], false, 0, [], null, 0, 1744323013.8470178, 0, {}]
[{"0": [32, 22, 38, 20, 24, 2, 3, 0, 2, 2, 0, 1, 1, 2, 0, 1]}, null, null, 93, false, [], false, 0, [], null, 0, 1744323014.051253, 0, {}]
[{"0": [1, 1, 4, 1, 2, 2, 4, 4, 3, 3, 1, 1, 1, 0, 2, 1]}, null, null, 94, false, [], false, 0, [], null, 0, 1744323014.2437484, 0, {}]
[{"0": [1, 2, 2, 2, 2, 1, 26, 3, 0, 2, 1, 1, 4, 4, 1, 0]}, null, null, 95, false, [], false, 0, [], null, 0, 1744323014.4398959, 0, {}]
[{"0": [2, 1, 2, 1, 2, 38, 29, 1, 1, 1, 2, 1, 1, 0, 1, 2]}, null, null, 95, false, [], false, 0, [], null, 0, 1744323014.6598864, 0, {}]
[{"0": [34, 30, 25, 29, 30, 25, 34, 2, 2, 0, 4, 0, 1, 1, 4, 4]}, null, null, 96, false, [], false, 0, [], null, 0, 1744323014.8571403, 0, {}]
[{"0": [45, 37, 0, 1, 3, 0, 1, 2, 2, 3, 2, 1, 3, 1, 1, 3]}, null, null, 96, false, [], false, 0, [], null, 0, 1744323015.0488744, 0, {}]
[{"0": [30, 25, 28, 28, 31, 32, 30, 32, 43, 29, 25, 37, 26, 25, 29, 26]}, null, null, 97, false, [], false, 0, [], null, 0, 1744323015.239814, 0, {}]
[{"0": [1, 0, 5, 3, 1, 3, 2, 1, 2, 0, 0, 6, 2, 1, 1, 3]}, null, null, 98, false, [], false, 0, [], null, 0, 1744323015.4421837, 0, {}]
[{"0": [1, 1, 2, 1, 3, 2, 0, 0, 2, 1, 2, 29, 34, 36, 27, 32]}, null, null, 98, false, [], false, 0, [], null, 0, 1744323015.6431854, 0, {}]
[{"0": [1, 0, 2, 2, 2, 3, 29, 28, 27, 35, 31, 2, 4, 0, 1, 4]}, null, null, 99, false, [], false, 0, [], null, 0, 1744323015.8518887, 0, {}]
[{"0": [48, 35, 25, 31, 3, 2, 0, 3, 2, 1, 2, 5, 0, 0, 1, 0]}, null, null, 99, false, [], false, 0, [], null, 0, 1744323016.0512648, 0, {}]
[{"0": [1, 2, 0, 1, 3, 1, 1, 2, 3, 4, 3, 21, 32, 27, 3, 2]}, null, null, 100, false, [], false, 0, [], null, 0, 1744323016.2550805, 0, {}]
[{"0": [0, 2, 4, 0, 2, 1, 1, 0, 1, 20, 22, 33, 34, 0, 1, 3]}, null, null, 101, false, [], false, 0, [], null, 0, 1744323016.4595563, 0, {}]
[{"0": [39, 30, 32, 29, 3, 3, 0, 2, 4, 3, 1, 0, 2, 1, 4, 2]}, null, null, 101, false, [], false, 0, [], null, 0, 1744323016.6480892, 0, {}]
[{"0": [1, 1, 3, 1, 1, 3, 2, 4, 0, 2, 3, 4, 1, 5, 2, 43]}, null, null, 102, false, [], false, 0, [], null, 0, 1744323016.844564, 0, {}]
[{"0": [4, 0, 2, 1, 1, 29, 24, 28, 1, 3, 2, 3, 0, 3, 3, 3]}, null, null, 102, false, [], false, 0, [], null, 0, 1744323017.0534086, 0, {}]
[{"0": [4, 3, 2, 1, 1, 3, 1, 0, 4, 1, 0, 3, 22, 33, 31, 37]}, null, null, 103, false, [], false, 0, [], null, 0, 1744323017.2622092, 0, {}]
[{"0": [2, 2, 1, 0, 1, 26, 30, 23, 2, 3, 0, 2, 2, 0, 2, 2]}, null, null, 104, false, [], false, 0, [], null, 0, 1744323017.445488, 0, {}]
[{"0": [1, 2, 1, 3, 1, 0, 31, 0, 1, 1, 2, 3, 1, 2, 1, 2]}, null, null, 104, false, [], false, 0, [], null, 0, 1744323017.6616695, 0, {}]
[{"0": [3, 1, 2, 1, 1, 2, 0, 0, 2, 4, 2, 0, 1, 2, 2, 2]}, null, null, 105, false, [], false, 0, [], null, 0, 1744323017.855041, 0, {}]
[{"0": [3, 1, 3, 0, 2, 2, 0, 0, 1, 3, 1, 1, 2, 39, 29, 37]}, null, null, 105, false, [], false, 0, [], null, 0, 1744323018.0456965, 0, {}]
[{"0": [32, 35, 0, 0, 0, 2, 2, 1, 2, 1, 0, 0, 2, 4, 0, 3]}, null, null, 106, false, [], false, 0, [], null, 0, 1744323018.2599573, 0, {}]
[{"0": [2, 3, 0, 1, 2, 1, 30, 29, 3, 2, 3, 2, 2, 1, 6, 1]}, null, null, 107, false, [], false, 0, [], null, 0, 1744323018.4488506, 0, {}]
[{"0": [5, 1, 2, 0, 0, 2, 4, 4, 1, 6, 0, 25, 37, 37, 29, 1]}, null, null, 107, false, [], false, 0, [], null, 0, 1744323018.6409745, 0, {}]
[{"0": [2, 4, 2, 0, 1, 1, 1, 0, 0, 3, 0, 0, 1, 29, 28, 4]}, null, null, 108, false, [], false, 0, [], null, 0, 1744323018.8466299, 0, {}]
[{"0": [0, 1, 2, 1, 3, 4, 2, 3, 0, 0, 1, 3, 0, 1, 0, 2]}, null, null, 108, false, [], false, 0, [], null, 0, 1744323019.0412796, 0, {}]
[{"0": [1, 0, 2, 1, 0, 1, 4, 4, 2, 1, 0, 1, 2, 0, 31, 46]}, null, null, 109, false, [], false, 0, [], null, 0, 1744323019.2551382, 0, {}]
[{"0": [26, 34, 24, 41, 26, 1, 1, 2, 3, 1, 1, 1, 0, 0, 1, 0]}, null, null, 110, false, [], false, 0, [], null, 0, 1744323019.4587636, 0, {}]
[{"0": [0, 1, 0, 1, 1, 4, 2, 2, 2, 3, 30, 35, 1, 0, 2, 3]}, null, null, 110, false, [], false, 0, [], null, 0, 1744323019.6591494, 0, {}]
[{"0": [37, 27, 33, 23, 3, 0, 2, 3, 0, 2, 2, 4, 3, 2, 3, 1]}, null, null, 111, false, [], false, 0, [], null, 0, 1744323019.861446, 0, {}]
[{"0": [3, 4, 2, 0, 5, 1, 1, 1, 1, 1, 2, 1, 4, 2, 19, 1]}, null, null, 111, false, [], false, 0, [], null, 0, 1744323020.0507479, 0, {}]
[{"0": [33, 37, 1, 0, 3, 0, 1, 1, 1, 2, 0, 1, 2, 2, 1, 0]}, null, null, 112, false, [], false, 0, [], null, 0, 1744323020.2502313, 0, {}]
[{"0": [26, 26, 29, 37, 3, 2, 1, 2, 0, 5, 1, 2, 2, 1, 3, 6]}, null, null, 113, false, [], false, 0, [], null, 0, 1744323020.4498174, 0, {}]
[{"0": [1, 1, 1, 1, 2, 0, 3, 1, 3, 2, 2, 1, 1, 3, 2, 0]}, null, null, 113, false, [], false, 0, [], null, 0, 1744323020.6463108, 0, {}]
[{"0": [4, 3, 0, 3, 6, 1, 1, 34, 2, 2, 0, 0, 2, 1, 1, 1]}, null, null, 114, false, [], false, 0, [], null, 0, 1744323020.8518436, 0, {}]
[{"0": [1, 1, 0, 2, 2, 24, 36, 33, 4, 4, 0, 4, 1, 2, 1, 2]}, null, null, 114, false, [], false, 0, [], null, 0, 1744323021.0585132, 0, {}]
[{"0": [29, 1, 0, 1, 1, 0, 4, 2, 3, 0, 1, 0, 3, 2, 0, 3]}, null, null, 115, false, [], false, 0, [], null, 0, 1744323021.2446952, 0, {}]
[{"0": [1, 5, 2, 6, 2, 3, 3, 2, 0, 1, 0, 3, 2, 0, 1, 1]}, null, null, 116, false, [], false, 0, [], null, 0, 1744323021.452689, 0, {}]
[{"0": [1, 1, 1, 2, 1, 2, 4, 21, 28, 38, 30, 37, 22, 33, 24, 29]}, null, null, 116, false, [], false, 0, [], null, 0, 1744323021.6557705, 0, {}]
[{"0": [1, 3, 2, 0, 0, 3, 3, 1, 2, 32, 2, 0, 0, 2, 1, 2]}, null, null, 117, false, [], false, 0, [], null, 0, 1744323021.846994, 0, {}]
[{"0": [1, 3, 2, 2, 3, 1, 32, 24, 35, 29, 43, 21, 27, 28, 29, 28]}, null, null, 117, false, [], false, 0, [], null, 0, 1744323022.0611944, 0, {}]
[{"0": [34, 1, 1, 2, 1, 3, 2, 2, 0, 6, 0, 0, 2, 2, 0, 1]}, null, null, 118, false, [], false, 0, [], null, 0, 1744323022.2484426, 0, {}]
[{"0": [27, 30, 2, 4, 3, 1, 2, 2, 2, 1, 1, 3, 5, 0, 1, 2]}, null, null, 119, false, [], false, 0, [], null, 0, 1744323022.4495096, 0, {}]
[{"0": [2, 2, 4, 1, 3, 3, 5, 1, 3, 4, 36, 22, 26, 23, 25, 34]}, null, null, 119, false, [], false, 0, [], null, 0, 1744323022.6673973, 0, {}]
[{"0": [2, 1, 0, 4, 36, 33, 33, 3, 1, 0, 2, 2, 4, 1, 2, 1]}, null, null, 120, false, [], false, 0, [], null, 0, 1744323022.8506596, 0, {}]
[{"0": [4, 1, 2, 2, 3, 3, 3, 1, 1, 2, 2, 2, 1, 0, 1, 38]}, null, null, 120, false, [], false, 0, [], null, 0, 1744323023.0511062, 0, {}]
[{"0": [28, 4, 2, 4, 1, 1, 0, 1, 3, 3, 1, 1, 0, 1, 1, 2]}, null, null, 121, false, [], false, 0, [], null, 0, 1744323023.2402673, 0, {}]
[{"0": [27, 35, 39, 25, 24, 21, 31, 28, 31, 32, 32, 30, 25, 2, 2, 0]}, null, null, 122, false, [], false, 0, [], null, 0, 1744323023.4467309, 0, {}]
[{"0": [31, 34, 24, 34, 27, 32, 29, 0, 1, 2, 1, 0, 0, 1, 3, 6]}, null, null, 122, false, [], false, 0, [], null, 0, 1744323023.6532469, 0, {}]
[{"0": [2, 4, 2, 2, 1, 2, 3, 4, 3, 5, 1, 2, 1, 17, 28, 40]}, null, null, 123, false, [], false, 0, [], null, 0, 1744323023.8497908, 0, {}]
[{"0": [1, 1, 0, 2, 4, 1, 2, 2, 0, 4, 2, 3, 3, 1, 3, 2]}, null, null, 123, false, [], false, 0, [], null, 0, 1744323024.0456765, 0, {}]
[{"0": [3, 1, 4, 0, 0, 2, 47, 36, 29, 35, 30, 2, 3, 2, 2, 2]}, null, null, 124, false, [], false, 0, [], null, 0, 1744323024.2463074, 0, {}]
[{"0": [2, 1, 2, 3, 5, 3, 2, 2, 3, 1, 2, 0, 2, 3, 1, 33]}, null, null, 125, false, [], false, 0, [], null, 0, 1744323024.4433174, 0, {}]
[{"0": [4, 2, 2, 3, 39, 45, 33, 22, 29, 34, 40, 38, 21, 29, 38, 24]}, null, null, 125, false, [], false, 0, [], null, 0, 1744323024.6421187, 0, {}]
[{"0": [0, 2, 1, 0, 2, 0, 2, 3, 1, 6, 1, 4, 1, 1, 1, 0]}, null, null, 126, false, [], false, 0, [], null, 0, 1744323024.86324, 0, {}]
[{"0": [1, 3, 3, 1, 2, 5, 3, 4, 0, 2, 1, 2, 35, 34, 2, 2]}, null, null, 127, false, [], false, 0, [], null, 0, 1744323025.0496614, 0, {}]
[{"0": [0, 2, 3, 3, 2, 1, 1, 1, 1, 4, 31, 32, 24, 3, 2, 3]}, null, null, 127, false, [], false, 0, [], null, 0, 1744323025.2538426, 0, {}]
[{"0": [4, 0, 3, 2, 3, 0, 2, 2, 0, 1, 3, 5, 4, 4, 1, 2]}, null, null, 128, false, [], false, 0, [], null, 0, 1744323025.4568524, 0, {}]
[{"0": [2, 5, 1, 2, 2, 24, 30, 1, 4, 1, 0, 5, 2, 2, 1, 0]}, null, null, 128, false, [], false, 0, [], null, 0, 1744323025.6690645, 0, {}]
[{"0": [2, 3, 4, 4, 0, 0, 4, 3, 2, 2, 2, 0, 1, 35, 19, 25]}, null, null, 129, false, [], false, 0, [], null, 0, 1744323025.8587382, 0, {}]
[{"0": [1, 1, 3, 1, 2, 3, 5, 0, 1, 1, 0, 1, 0, 0, 36, 25]}, null, null, 130, false, [], false, 0, [], null, 0, 1744323026.0627334, 0, {}]
[{"0": [1, 1, 2, 1, 2, 3, 0, 2, 0, 0, 1, 4, 1, 1, 3, 1]}, null, null, 130, false, [], false, 0, [], null, 0, 1744323026.2526848, 0, {}]
[{"0": [1, 2, 3, 0, 2, 4, 2, 0, 3, 1, 1, 1, 3, 2, 1, 3]}, null, null, 131, false, [], false, 0, [], null, 0, 1744323026.444664, 0, {}]
[{"0": [30, 27, 29, 20, 35, 31, 37, 5, 1, 3, 0, 2, 2, 1, 2, 1]}, null, null, 131, false, [], false, 0, [], null, 0, 1744323026.6471972, 0, {}]
[{"0": [1, 1, 2, 0, 4, 2, 4, 2, 1, 1, 3, 1, 29, 29, 26, 39]}, null, null, 132, false, [], false, 0, [], null, 0, 1744323026.8531222, 0, {}]
[{"0": [1, 2, 1, 28, 1, 1, 3, 2, 4, 1, 2, 1, 2, 5, 2, 2]}, null, null, 133, false, [], false, 0, [], null, 0, 1744323027.0450134, 0, {}]
[{"0": [32, 37, 27, 26, 32, 1, 4, 0, 3, 3, 1, 3, 0, 2, 1, 2]}, null, null, 133, false, [], false, 0, [], null, 0, 1744323027.2587488, 0, {}]
[{"0": [1, 3, 0, 3, 1, 0, 0, 3, 3, 2, 3, 34, 46, 2, 1, 1]}, null, null, 134, false, [], false, 0, [], null, 0, 1744323027.448722, 0, {}]
[{"0": [1, 3, 3, 4, 2, 0, 2, 2, 2, 1, 1, 1, 2, 32, 33, 2]}, null, null, 134, false, [], false, 0, [], null, 0, 1744323027.6466775, 0, {}]
[{"0": [29, 1, 1, 1, 6, 2, 3, 0, 4, 2, 3, 1, 1, 0, 1, 3]}, null, null, 135, false, [], false, 0, [], null, 0, 1744323027.845884, 0, {}]
[{"0": [2, 1, 1, 1, 3, 4, 1, 3, 3, 5, 0, 2, 28, 29, 36, 3]}, null, null, 136, false, [], false, 0, [], null, 0, 1744323028.045086, 0, {}]
[{"0": [0, 1, 3, 1, 3, 2, 1, 0, 2, 1, 30, 3, 3, 1, 0, 2]}, null, null, 136, false, [], false, 0, [], null, 0, 1744323028.2425568, 0, {}]
[{"0": [1, 2, 1, 0, 2, 1, 0, 3, 0, 2, 2, 4, 1, 26, 26, 42]}, null, null, 137, false, [], false, 0, [], null, 0, 1744323028.4444418, 0, {}]
[{"0": [2, 3, 1, 3, 1, 1, 3, 1, 2, 1, 1, 3, 1, 1, 1, 37]}, null, null, 137, false, [], false, 0, [], null, 0, 1744323028.6672904, 0, {}]
[{"0": [0, 1, 3, 2, 0, 2, 2, 0, 5, 6, 1, 1, 1, 0, 1, 1]}, null, null, 138, false, [], false, 0, [], null, 0, 1744323028.8507473, 0, {}]
[{"0": [26, 24, 37, 39, 19, 25, 27, 30, 25, 23, 33, 31, 20, 27, 22, 1]}, null, null, 139, false, [], false, 0, [], null, 0, 1744323029.052308, 0, {}]
[{"0": [28, 27, 27, 3, 1, 4, 0, 4, 1, 1, 1, 6, 1, 1, 1, 2]}, null, null, 139, false, [], false, 0, [], null, 0, 1744323029.2514524, 0, {}]
[{"0": [28, 32, 20, 39, 0, 1, 3, 2, 1, 3, 2, 2, 2, 0, 2, 2]}, null, null, 140, false, [], false, 0, [], null, 0, 1744323029.4570765, 0, {}]
[{"0": [0, 2, 4, 23, 22, 31, 28, 1, 0, 1, 3, 0, 1, 3, 0, 1]}, null, null, 140, false, [], false, 0, [], null, 0, 1744323029.6729853, 0, {}]
[{"0": [1, 1, 2, 2, 5, 2, 2, 3, 1, 24, 25, 25, 1, 2, 2, 3]}, null, null, 141, false, [], false, 0, [], null, 0, 1744323029.8617015, 0, {}]
[{"0": [1, 1, 2, 3, 3, 2, 0, 3, 2, 1, 2, 0, 3, 2, 0, 21]}, null, null, 142, false, [], false, 0, [], null, 0, 1744323030.0432665, 0, {}]
[{"0": [1, 0, 1, 0, 2, 1, 2, 3, 4, 0, 1, 0, 28, 43, 23, 28]}, null, null, 142, false, [], false, 0, [], null, 0, 1744323030.2634048, 0, {}]
[{"0": [1, 0, 2, 2, 3, 3, 1, 2, 0, 3, 4, 0, 3, 1, 24, 28]}, null, null, 143, false, [], false, 0, [], null, 0, 1744323030.4464898, 0, {}]
[{"0": [36, 28, 29, 29, 26, 1, 0, 0, 1, 1, 2, 0, 2, 0, 2, 0]}, null, null, 143, false, [], false, 0, [], null, 0, 1744323030.6472678, 0, {}]
[{"0": [0, 3, 4, 2, 4, 2, 2, 2, 2, 2, 4, 2, 1, 3, 2, 2]}, null, null, 144, false, [], false, 0, [], null, 0, 1744323030.8621483, 0, {}]
[{"0": [25, 27, 36, 2, 5, 2, 5, 1, 4, 1, 2, 3, 1, 3, 3, 2]}, null, null, 145, false, [], false, 0, [], null, 0, 1744323031.0684447, 0, {}]
[{"0": [2, 1, 29, 26, 1, 1, 2, 2, 0, 4, 1, 3, 2, 3, 2, 0]}, null, null, 145, false, [], false, 0, [], null, 0, 1744323031.247391, 0, {}]
[{"0": [1, 1, 0, 1, 1, 1, 2, 2, 1, 23, 30, 3, 2, 0, 1, 1]}, null, null, 146, false, [], false, 0, [], null, 0, 1744323031.4647405, 0, {}]
[{"0": [2, 0, 2, 1, 2, 1, 21, 0, 3, 2, 3, 2, 3, 0, 2, 1]}, null, null, 146, false, [], false, 0, [], null, 0, 1744323031.653102, 0, {}]
[{"0": [1, 3, 1, 2, 1, 0, 1, 3, 1, 2, 1, 2, 2, 25, 21, 29]}, null, null, 147, false, [], false, 0, [], null, 0, 1744323031.862173, 0, {}]
[{"0": [2, 3, 2, 1, 5, 1, 1, 0, 3, 3, 3, 2, 1, 2, 1, 31]}, null, null, 148, false, [], false, 0, [], null, 0, 1744323032.0514705, 0, {}]
[{"0": [3, 2, 5, 1, 38, 30, 22, 26, 26, 30, 23, 31, 37, 2, 0, 0]}, null, null, 148, false, [], false, 0, [], null, 0, 1744323032.2561982, 0, {}]
[{"0": [1, 1, 5, 0, 4, 4, 0, 5, 3, 4, 4, 2, 2, 5, 1, 2]}, null, null, 149, false, [], false, 0, [], null, 0, 1744323032.4602873, 0, {}]
[{"0": [0, 0, 1, 1, 1, 0, 0, 1, 2, 2, 1, 2, 2, 0, 2, 0]}, null, null, 149, false, [], false, 0, [], null, 0, 1744323032.646066, 0, {}]
[{"0": [21, 3, 1, 0, 3, 2, 3, 1, 0, 1, 2, 3, 3, 1, 1, 0]}, null, null, 150, true, [], false, 0, [], null, 0, 1744323032.8682327, 0, {}]
