[{"0": [1, 1, 3, 5, 1, 2, 2, 2, 3, 1, 28, 4, 1, 1, 1, 2, 3]}, null, null, 0, false, [], false, 0, [], null, 0, 1744323517.3893497, 0, {}]
[{"0": [2, 4, 4, 2, 3, 4, 2, 4, 1, 1, 1, 0, 4, 4, 29, 34, 34]}, null, null, 1, false, [], false, 0, [], null, 0, 1744323517.6284828, 0, {}]
[{"0": [2, 1, 1, 1, 1, 4, 1, 2, 31, 27, 3, 0, 1, 0, 0, 1, 0]}, null, null, 1, false, [], false, 0, [], null, 0, 1744323517.835456, 0, {}]
[{"0": [0, 3, 1, 1, 3, 2, 6, 4, 2, 1, 0, 2, 0, 45, 34, 30, 37]}, null, null, 2, false, [], false, 0, [], null, 0, 1744323518.050977, 0, {}]
[{"0": [2, 0, 0, 0, 3, 2, 0, 38, 43, 2, 2, 2, 3, 1, 1, 1, 2]}, null, null, 2, false, [], false, 0, [], null, 0, 1744323518.268301, 0, {}]
[{"0": [0, 2, 2, 0, 0, 34, 37, 40, 36, 26, 29, 41, 31, 37, 39, 25, 29]}, null, null, 3, false, [], false, 0, [], null, 0, 1744323518.4988115, 0, {}]
[{"0": [3, 1, 4, 4, 0, 3, 5, 1, 1, 1, 0, 2, 2, 32, 31, 36, 45]}, null, null, 4, false, [], false, 0, [], null, 0, 1744323518.6945276, 0, {}]
[{"0": [5, 1, 2, 3, 3, 1, 2, 4, 1, 2, 4, 4, 2, 0, 3, 33, 34]}, null, null, 4, false, [], false, 0, [], null, 0, 1744323518.9253001, 0, {}]
[{"0": [1, 3, 2, 3, 1, 5, 40, 1, 2, 1, 0, 3, 2, 0, 4, 1, 2]}, null, null, 5, false, [], false, 0, [], null, 0, 1744323519.138895, 0, {}]
[{"0": [0, 2, 2, 0, 1, 0, 0, 42, 32, 36, 33, 3, 2, 2, 0, 3, 2]}, null, null, 5, false, [], false, 0, [], null, 0, 1744323519.3600135, 0, {}]
[{"0": [3, 0, 0, 2, 38, 32, 33, 42, 29, 4, 1, 2, 1, 2, 4, 3, 2]}, null, null, 6, false, [], false, 0, [], null, 0, 1744323519.5628905, 0, {}]
[{"0": [0, 3, 3, 5, 0, 1, 2, 0, 0, 1, 1, 1, 2, 1, 3, 2, 1]}, null, null, 7, false, [], false, 0, [], null, 0, 1744323519.7907522, 0, {}]
[{"0": [2, 4, 1, 3, 7, 2, 3, 34, 1, 3, 2, 3, 1, 3, 2, 0, 3]}, null, null, 7, false, [], false, 0, [], null, 0, 1744323519.996048, 0, {}]
[{"0": [2, 2, 1, 2, 2, 1, 0, 1, 4, 1, 1, 1, 5, 0, 33, 1, 2]}, null, null, 8, false, [], false, 0, [], null, 0, 1744323520.227202, 0, {}]
[{"0": [0, 2, 1, 1, 0, 3, 2, 1, 1, 0, 1, 2, 1, 3, 2, 2, 1]}, null, null, 8, false, [], false, 0, [], null, 0, 1744323520.4384816, 0, {}]
[{"0": [32, 26, 23, 41, 36, 29, 30, 33, 25, 22, 2, 1, 7, 2, 1, 0, 4]}, null, null, 9, false, [], false, 0, [], null, 0, 1744323520.6508806, 0, {}]
[{"0": [4, 1, 5, 3, 2, 0, 0, 0, 6, 4, 0, 1, 32, 36, 26, 29, 26]}, null, null, 10, false, [], false, 0, [], null, 0, 1744323520.8601315, 0, {}]
[{"0": [3, 1, 3, 2, 3, 1, 0, 1, 2, 2, 1, 4, 2, 0, 27, 3, 3]}, null, null, 10, false, [], false, 0, [], null, 0, 1744323521.096266, 0, {}]
[{"0": [0, 1, 1, 2, 1, 3, 1, 2, 1, 1, 24, 27, 29, 34, 34, 24, 26]}, null, null, 11, false, [], false, 0, [], null, 0, 1744323521.30888, 0, {}]
[{"0": [1, 5, 3, 3, 2, 1, 21, 23, 40, 36, 3, 0, 3, 2, 2, 4, 3]}, null, null, 11, false, [], false, 0, [], null, 0, 1744323521.5249958, 0, {}]
[{"0": [1, 2, 3, 1, 4, 1, 5, 3, 4, 2, 0, 0, 4, 2, 2, 1, 0]}, null, null, 12, false, [], false, 0, [], null, 0, 1744323521.7392745, 0, {}]
[{"0": [5, 3, 2, 1, 1, 2, 1, 0, 2, 0, 3, 1, 2, 1, 1, 1, 27]}, null, null, 13, false, [], false, 0, [], null, 0, 1744323521.9563143, 0, {}]
[{"0": [0, 0, 1, 30, 25, 34, 32, 27, 4, 4, 3, 6, 2, 2, 1, 0, 5]}, null, null, 13, false, [], false, 0, [], null, 0, 1744323522.1623447, 0, {}]
[{"0": [1, 3, 1, 0, 0, 1, 4, 3, 2, 49, 38, 34, 27, 37, 37, 33, 23]}, null, null, 14, false, [], false, 0, [], null, 0, 1744323522.391141, 0, {}]
[{"0": [1, 1, 2, 0, 0, 0, 1, 2, 2, 6, 0, 2, 2, 2, 2, 2, 1]}, null, null, 14, false, [], false, 0, [], null, 0, 1744323522.6049771, 0, {}]
[{"0": [1, 1, 2, 1, 0, 0, 24, 35, 29, 3, 5, 1, 2, 2, 5, 2, 5]}, null, null, 15, false, [], false, 0, [], null, 0, 1744323522.8212705, 0, {}]
[{"0": [0, 0, 0, 3, 0, 3, 0, 1, 2, 3, 2, 5, 1, 29, 28, 38, 3]}, null, null, 16, false, [], false, 0, [], null, 0, 1744323523.052454, 0, {}]
[{"0": [0, 2, 0, 0, 5, 0, 34, 30, 25, 37, 28, 22, 27, 37, 32, 26, 46]}, null, null, 16, false, [], false, 0, [], null, 0, 1744323523.2566173, 0, {}]
[{"0": [1, 1, 0, 4, 3, 1, 3, 1, 2, 1, 1, 1, 4, 3, 38, 2, 1]}, null, null, 17, false, [], false, 0, [], null, 0, 1744323523.4755762, 0, {}]
[{"0": [1, 1, 36, 32, 25, 25, 36, 25, 29, 31, 22, 44, 0, 3, 2, 1, 3]}, null, null, 17, false, [], false, 0, [], null, 0, 1744323523.6832662, 0, {}]
[{"0": [0, 1, 3, 2, 1, 3, 2, 0, 2, 3, 1, 1, 0, 4, 0, 1, 2]}, null, null, 18, false, [], false, 0, [], null, 0, 1744323523.9046013, 0, {}]
[{"0": [2, 1, 2, 1, 0, 4, 0, 2, 1, 4, 4, 0, 30, 29, 30, 27, 25]}, null, null, 19, false, [], false, 0, [], null, 0, 1744323524.128645, 0, {}]
[{"0": [34, 2, 2, 0, 3, 2, 3, 2, 0, 1, 2, 0, 2, 1, 1, 3, 0]}, null, null, 19, false, [], false, 0, [], null, 0, 1744323524.3279634, 0, {}]
[{"0": [1, 1, 1, 3, 0, 1, 1, 1, 3, 2, 2, 0, 36, 34, 32, 2, 2]}, null, null, 20, false, [], false, 0, [], null, 0, 1744323524.546799, 0, {}]
[{"0": [1, 1, 3, 2, 4, 1, 0, 3, 3, 2, 3, 0, 2, 1, 0, 1, 1]}, null, null, 20, false, [], false, 0, [], null, 0, 1744323524.7733953, 0, {}]
[{"0": [3, 1, 3, 2, 0, 3, 2, 3, 2, 3, 0, 3, 4, 0, 1, 1, 1]}, null, null, 21, false, [], false, 0, [], null, 0, 1744323524.9928772, 0, {}]
[{"0": [0, 4, 3, 0, 2, 3, 0, 2, 0, 2, 0, 3, 30, 21, 25, 32, 25]}, null, null, 22, false, [], false, 0, [], null, 0, 1744323525.2052503, 0, {}]
[{"0": [0, 0, 1, 38, 38, 2, 3, 1, 0, 2, 0, 5, 0, 1, 0, 3, 1]}, null, null, 22, false, [], false, 0, [], null, 0, 1744323525.4370687, 0, {}]
[{"0": [3, 3, 1, 1, 3, 1, 2, 2, 0, 1, 3, 1, 1, 34, 24, 36, 37]}, null, null, 23, false, [], false, 0, [], null, 0, 1744323525.644366, 0, {}]
[{"0": [1, 0, 3, 1, 2, 1, 2, 2, 1, 3, 4, 0, 3, 34, 33, 3, 4]}, null, null, 23, false, [], false, 0, [], null, 0, 1744323525.8502145, 0, {}]
[{"0": [0, 1, 2, 4, 1, 2, 2, 1, 1, 4, 0, 3, 1, 1, 1, 36, 34]}, null, null, 24, false, [], false, 0, [], null, 0, 1744323526.064628, 0, {}]
[{"0": [1, 1, 2, 1, 1, 1, 0, 2, 4, 4, 1, 34, 31, 26, 28, 21, 35]}, null, null, 25, false, [], false, 0, [], null, 0, 1744323526.284662, 0, {}]
[{"0": [2, 2, 1, 1, 4, 2, 5, 6, 1, 3, 2, 2, 30, 30, 37, 27, 34]}, null, null, 25, false, [], false, 0, [], null, 0, 1744323526.4934998, 0, {}]
[{"0": [3, 0, 2, 1, 0, 1, 3, 3, 1, 0, 3, 2, 3, 24, 33, 3, 3]}, null, null, 26, false, [], false, 0, [], null, 0, 1744323526.7217386, 0, {}]
[{"0": [0, 4, 38, 38, 32, 34, 38, 3, 1, 1, 2, 2, 1, 4, 2, 0, 0]}, null, null, 27, false, [], false, 0, [], null, 0, 1744323526.9411206, 0, {}]
[{"0": [2, 2, 1, 2, 3, 1, 0, 1, 1, 1, 2, 1, 2, 28, 29, 39, 35]}, null, null, 27, false, [], false, 0, [], null, 0, 1744323527.1517246, 0, {}]
[{"0": [1, 5, 0, 0, 3, 3, 21, 32, 34, 41, 30, 31, 35, 1, 0, 3, 0]}, null, null, 28, false, [], false, 0, [], null, 0, 1744323527.3715804, 0, {}]
[{"0": [1, 4, 2, 1, 3, 1, 1, 2, 1, 3, 0, 20, 29, 30, 34, 30, 31]}, null, null, 28, false, [], false, 0, [], null, 0, 1744323527.5976822, 0, {}]
[{"0": [6, 6, 3, 1, 1, 1, 23, 35, 32, 3, 3, 4, 1, 0, 0, 2, 1]}, null, null, 29, false, [], false, 0, [], null, 0, 1744323527.8078034, 0, {}]
[{"0": [1, 0, 3, 0, 1, 3, 1, 1, 1, 2, 1, 2, 1, 31, 29, 27, 35]}, null, null, 30, false, [], false, 0, [], null, 0, 1744323528.01853, 0, {}]
[{"0": [0, 2, 1, 4, 1, 4, 0, 30, 36, 28, 24, 3, 0, 0, 0, 0, 0]}, null, null, 30, false, [], false, 0, [], null, 0, 1744323528.2421937, 0, {}]
[{"0": [0, 2, 0, 1, 1, 1, 2, 3, 1, 0, 0, 3, 1, 0, 0, 30, 22]}, null, null, 31, false, [], false, 0, [], null, 0, 1744323528.4516783, 0, {}]
[{"0": [5, 3, 32, 36, 30, 31, 19, 32, 3, 3, 0, 4, 4, 2, 0, 6, 5]}, null, null, 31, false, [], false, 0, [], null, 0, 1744323528.678954, 0, {}]
[{"0": [0, 0, 1, 1, 3, 19, 26, 37, 24, 35, 35, 34, 32, 30, 29, 1, 0]}, null, null, 32, false, [], false, 0, [], null, 0, 1744323528.882504, 0, {}]
[{"0": [0, 1, 0, 2, 0, 1, 4, 5, 2, 3, 2, 0, 3, 30, 28, 38, 30]}, null, null, 33, false, [], false, 0, [], null, 0, 1744323529.1128674, 0, {}]
[{"0": [5, 3, 3, 1, 1, 2, 1, 2, 31, 28, 36, 2, 1, 3, 1, 1, 0]}, null, null, 33, false, [], false, 0, [], null, 0, 1744323529.3344297, 0, {}]
[{"0": [2, 0, 3, 0, 0, 2, 1, 1, 1, 1, 3, 1, 0, 1, 0, 2, 29]}, null, null, 34, false, [], false, 0, [], null, 0, 1744323529.5434082, 0, {}]
[{"0": [0, 1, 2, 2, 1, 0, 1, 1, 3, 2, 1, 1, 1, 4, 4, 5, 1]}, null, null, 34, false, [], false, 0, [], null, 0, 1744323529.764568, 0, {}]
[{"0": [1, 0, 2, 0, 2, 2, 1, 2, 1, 1, 0, 2, 2, 2, 1, 1, 1]}, null, null, 35, false, [], false, 0, [], null, 0, 1744323529.9798412, 0, {}]
[{"0": [2, 19, 2, 2, 3, 2, 3, 1, 2, 1, 2, 1, 3, 0, 2, 2, 5]}, null, null, 36, false, [], false, 0, [], null, 0, 1744323530.1842387, 0, {}]
[{"0": [3, 4, 3, 2, 2, 1, 2, 1, 1, 1, 0, 2, 3, 3, 33, 1, 3]}, null, null, 36, false, [], false, 0, [], null, 0, 1744323530.4018414, 0, {}]
[{"0": [1, 3, 3, 0, 3, 1, 0, 1, 1, 2, 3, 1, 37, 33, 39, 38, 33]}, null, null, 37, false, [], false, 0, [], null, 0, 1744323530.636753, 0, {}]
[{"0": [1, 0, 1, 2, 2, 3, 1, 1, 0, 3, 2, 2, 3, 0, 1, 0, 0]}, null, null, 37, false, [], false, 0, [], null, 0, 1744323530.8495152, 0, {}]
[{"0": [2, 2, 0, 0, 2, 0, 4, 2, 2, 0, 2, 3, 1, 2, 1, 2, 1]}, null, null, 38, false, [], false, 0, [], null, 0, 1744323531.0654666, 0, {}]
[{"0": [1, 1, 1, 4, 2, 1, 2, 20, 27, 5, 2, 1, 0, 6, 1, 3, 2]}, null, null, 39, false, [], false, 0, [], null, 0, 1744323531.28378, 0, {}]
[{"0": [1, 0, 4, 3, 0, 3, 3, 2, 2, 3, 30, 28, 31, 31, 2, 1, 2]}, null, null, 39, false, [], false, 0, [], null, 0, 1744323531.4793065, 0, {}]
[{"0": [1, 1, 1, 3, 1, 1, 0, 0, 3, 42, 22, 27, 36, 31, 30, 1, 1]}, null, null, 40, false, [], false, 0, [], null, 0, 1744323531.6951668, 0, {}]
[{"0": [1, 3, 0, 2, 1, 35, 34, 30, 17, 30, 0, 2, 4, 4, 3, 3, 2]}, null, null, 40, false, [], false, 0, [], null, 0, 1744323531.936187, 0, {}]
[{"0": [2, 1, 2, 28, 35, 26, 3, 4, 0, 1, 0, 1, 2, 1, 1, 1, 1]}, null, null, 41, false, [], false, 0, [], null, 0, 1744323532.1431665, 0, {}]
[{"0": [4, 1, 1, 1, 3, 1, 1, 3, 3, 3, 0, 1, 2, 2, 2, 29, 41]}, null, null, 42, false, [], false, 0, [], null, 0, 1744323532.354129, 0, {}]
[{"0": [3, 2, 0, 2, 3, 1, 1, 1, 3, 0, 0, 0, 1, 2, 1, 1, 3]}, null, null, 42, false, [], false, 0, [], null, 0, 1744323532.5719984, 0, {}]
[{"0": [3, 2, 0, 0, 2, 3, 3, 0, 36, 32, 30, 24, 38, 30, 0, 0, 1]}, null, null, 43, false, [], false, 0, [], null, 0, 1744323532.7918067, 0, {}]
[{"0": [1, 2, 1, 2, 0, 0, 0, 4, 37, 43, 34, 22, 38, 31, 27, 33, 36]}, null, null, 43, false, [], false, 0, [], null, 0, 1744323533.0056357, 0, {}]
[{"0": [2, 1, 3, 2, 1, 1, 3, 2, 0, 0, 3, 0, 48, 40, 38, 29, 24]}, null, null, 44, false, [], false, 0, [], null, 0, 1744323533.2332702, 0, {}]
[{"0": [2, 2, 2, 4, 3, 0, 2, 2, 1, 0, 1, 2, 2, 0, 34, 19, 24]}, null, null, 45, false, [], false, 0, [], null, 0, 1744323533.44074, 0, {}]
[{"0": [2, 1, 0, 2, 3, 1, 0, 0, 26, 25, 29, 38, 28, 27, 1, 1, 2]}, null, null, 45, false, [], false, 0, [], null, 0, 1744323533.6495445, 0, {}]
[{"0": [3, 2, 4, 2, 3, 3, 1, 1, 4, 2, 3, 1, 3, 37, 2, 2, 5]}, null, null, 46, false, [], false, 0, [], null, 0, 1744323533.872528, 0, {}]
[{"0": [1, 1, 3, 0, 2, 0, 2, 3, 1, 4, 2, 3, 1, 2, 1, 3, 1]}, null, null, 46, false, [], false, 0, [], null, 0, 1744323534.093274, 0, {}]
[{"0": [2, 1, 2, 2, 0, 3, 3, 1, 0, 0, 4, 1, 34, 28, 31, 35, 21]}, null, null, 47, false, [], false, 0, [], null, 0, 1744323534.3102028, 0, {}]
[{"0": [2, 0, 1, 1, 3, 1, 1, 1, 3, 6, 2, 1, 31, 29, 3, 1, 2]}, null, null, 48, false, [], false, 0, [], null, 0, 1744323534.5191784, 0, {}]
[{"0": [3, 0, 3, 2, 1, 1, 0, 2, 1, 3, 0, 3, 22, 25, 34, 3, 1]}, null, null, 48, false, [], false, 0, [], null, 0, 1744323534.7367775, 0, {}]
[{"0": [0, 0, 2, 1, 2, 34, 0, 0, 4, 1, 1, 3, 1, 2, 0, 2, 1]}, null, null, 49, false, [], false, 0, [], null, 0, 1744323534.9647, 0, {}]
[{"0": [2, 1, 1, 1, 1, 1, 2, 3, 1, 3, 0, 3, 4, 2, 3, 2, 38]}, null, null, 49, false, [], false, 0, [], null, 0, 1744323535.1799395, 0, {}]
[{"0": [2, 2, 2, 1, 2, 2, 1, 3, 2, 2, 1, 2, 1, 2, 1, 4, 29]}, null, null, 50, false, [], false, 0, [], null, 0, 1744323535.3900578, 0, {}]
[{"0": [1, 2, 0, 1, 0, 1, 1, 2, 1, 2, 3, 24, 1, 2, 1, 0, 2]}, null, null, 51, false, [], false, 0, [], null, 0, 1744323535.6052635, 0, {}]
[{"0": [0, 3, 0, 0, 3, 1, 2, 40, 28, 29, 37, 2, 0, 3, 3, 1, 2]}, null, null, 51, false, [], false, 0, [], null, 0, 1744323535.8342097, 0, {}]
[{"0": [4, 3, 1, 1, 1, 1, 1, 0, 0, 2, 1, 39, 1, 1, 2, 1, 4]}, null, null, 52, false, [], false, 0, [], null, 0, 1744323536.0446577, 0, {}]
[{"0": [3, 1, 1, 2, 1, 2, 1, 2, 1, 2, 3, 1, 2, 2, 0, 3, 3]}, null, null, 52, false, [], false, 0, [], null, 0, 1744323536.2495818, 0, {}]
[{"0": [1, 1, 2, 4, 2, 2, 1, 1, 2, 3, 3, 3, 33, 31, 18, 34, 2]}, null, null, 53, false, [], false, 0, [], null, 0, 1744323536.468848, 0, {}]
[{"0": [2, 5, 0, 7, 1, 1, 1, 2, 1, 3, 0, 1, 1, 2, 1, 2, 37]}, null, null, 54, false, [], false, 0, [], null, 0, 1744323536.6928349, 0, {}]
[{"0": [0, 1, 2, 1, 0, 34, 26, 2, 2, 1, 0, 3, 1, 2, 3, 1, 3]}, null, null, 54, false, [], false, 0, [], null, 0, 1744323536.8971443, 0, {}]
[{"0": [0, 3, 0, 3, 2, 4, 33, 25, 0, 4, 1, 2, 2, 1, 2, 2, 2]}, null, null, 55, false, [], false, 0, [], null, 0, 1744323537.1147537, 0, {}]
[{"0": [1, 1, 0, 4, 1, 3, 3, 2, 1, 1, 1, 1, 26, 2, 0, 1, 1]}, null, null, 55, false, [], false, 0, [], null, 0, 1744323537.3415096, 0, {}]
[{"0": [2, 3, 5, 2, 1, 3, 2, 1, 3, 3, 37, 31, 30, 32, 21, 3, 1]}, null, null, 56, false, [], false, 0, [], null, 0, 1744323537.5586612, 0, {}]
[{"0": [2, 1, 3, 1, 2, 2, 1, 1, 35, 1, 0, 1, 2, 2, 2, 0, 2]}, null, null, 57, false, [], false, 0, [], null, 0, 1744323537.7733037, 0, {}]
[{"0": [2, 1, 1, 0, 2, 1, 4, 1, 5, 0, 0, 2, 7, 2, 24, 23, 33]}, null, null, 57, false, [], false, 0, [], null, 0, 1744323537.9945283, 0, {}]
[{"0": [2, 0, 3, 2, 2, 2, 6, 1, 1, 3, 2, 31, 34, 35, 33, 3, 3]}, null, null, 58, false, [], false, 0, [], null, 0, 1744323538.2004485, 0, {}]
[{"0": [2, 0, 1, 1, 2, 2, 1, 0, 1, 4, 1, 2, 1, 3, 32, 36, 24]}, null, null, 58, false, [], false, 0, [], null, 0, 1744323538.416127, 0, {}]
[{"0": [1, 1, 1, 0, 1, 1, 2, 0, 1, 35, 30, 33, 28, 32, 30, 25, 44]}, null, null, 59, false, [], false, 0, [], null, 0, 1744323538.63008, 0, {}]
[{"0": [0, 1, 1, 20, 29, 24, 32, 27, 2, 3, 1, 3, 1, 1, 0, 1, 0]}, null, null, 60, false, [], false, 0, [], null, 0, 1744323538.8464062, 0, {}]
[{"0": [3, 1, 2, 0, 0, 5, 2, 2, 1, 3, 0, 3, 28, 26, 38, 35, 2]}, null, null, 60, false, [], false, 0, [], null, 0, 1744323539.073608, 0, {}]
[{"0": [1, 0, 43, 37, 23, 31, 32, 26, 23, 23, 42, 39, 26, 28, 25, 21, 33]}, null, null, 61, false, [], false, 0, [], null, 0, 1744323539.2920113, 0, {}]
[{"0": [23, 4, 1, 3, 0, 2, 3, 1, 1, 1, 0, 2, 28, 25, 32, 36, 34]}, null, null, 61, false, [], false, 0, [], null, 0, 1744323539.5011759, 0, {}]
[{"0": [2, 0, 0, 0, 5, 2, 0, 2, 5, 2, 16, 37, 28, 22, 28, 30, 24]}, null, null, 62, false, [], false, 0, [], null, 0, 1744323539.717541, 0, {}]
[{"0": [1, 1, 1, 1, 0, 0, 0, 20, 41, 29, 24, 1, 2, 0, 1, 0, 2]}, null, null, 63, false, [], false, 0, [], null, 0, 1744323539.9504495, 0, {}]
[{"0": [2, 0, 1, 1, 1, 2, 3, 1, 2, 2, 4, 32, 23, 1, 1, 3, 0]}, null, null, 63, false, [], false, 0, [], null, 0, 1744323540.1619816, 0, {}]
[{"0": [37, 31, 23, 33, 2, 1, 4, 2, 2, 0, 3, 1, 0, 2, 1, 0, 1]}, null, null, 64, false, [], false, 0, [], null, 0, 1744323540.3682177, 0, {}]
[{"0": [2, 4, 2, 4, 4, 1, 2, 1, 3, 1, 2, 3, 3, 20, 30, 41, 33]}, null, null, 64, false, [], false, 0, [], null, 0, 1744323540.5878894, 0, {}]
[{"0": [2, 1, 1, 3, 35, 24, 31, 33, 24, 3, 1, 0, 2, 1, 2, 3, 3]}, null, null, 65, false, [], false, 0, [], null, 0, 1744323540.799381, 0, {}]
[{"0": [1, 2, 2, 3, 3, 2, 1, 36, 36, 20, 31, 31, 15, 41, 0, 3, 1]}, null, null, 66, false, [], false, 0, [], null, 0, 1744323541.020902, 0, {}]
[{"0": [2, 0, 39, 32, 30, 28, 26, 3, 2, 4, 1, 1, 0, 1, 1, 4, 1]}, null, null, 66, false, [], false, 0, [], null, 0, 1744323541.2343657, 0, {}]
[{"0": [5, 1, 0, 2, 5, 1, 3, 2, 0, 21, 29, 30, 33, 30, 30, 29, 34]}, null, null, 67, false, [], false, 0, [], null, 0, 1744323541.4467754, 0, {}]
[{"0": [0, 0, 5, 1, 2, 0, 2, 1, 27, 31, 44, 29, 32, 26, 40, 38, 30]}, null, null, 67, false, [], false, 0, [], null, 0, 1744323541.6672661, 0, {}]
[{"0": [1, 0, 2, 3, 0, 3, 2, 2, 29, 32, 25, 27, 1, 1, 0, 2, 0]}, null, null, 68, false, [], false, 0, [], null, 0, 1744323541.9014316, 0, {}]
[{"0": [1, 0, 2, 1, 3, 1, 5, 3, 1, 3, 1, 2, 28, 32, 26, 0, 0]}, null, null, 69, false, [], false, 0, [], null, 0, 1744323542.1048899, 0, {}]
[{"0": [1, 2, 0, 1, 0, 2, 1, 2, 4, 2, 2, 2, 30, 35, 37, 31, 31]}, null, null, 69, false, [], false, 0, [], null, 0, 1744323542.327698, 0, {}]
[{"0": [2, 2, 3, 1, 2, 5, 38, 32, 27, 2, 2, 1, 3, 0, 1, 2, 2]}, null, null, 70, false, [], false, 0, [], null, 0, 1744323542.5294597, 0, {}]
[{"0": [2, 2, 1, 0, 2, 3, 0, 2, 1, 22, 25, 38, 4, 2, 1, 2, 0]}, null, null, 70, false, [], false, 0, [], null, 0, 1744323542.749243, 0, {}]
[{"0": [2, 2, 0, 1, 3, 2, 4, 2, 1, 4, 2, 34, 23, 25, 44, 19, 22]}, null, null, 71, false, [], false, 0, [], null, 0, 1744323542.9723945, 0, {}]
[{"0": [2, 0, 36, 29, 25, 39, 28, 42, 29, 39, 2, 5, 1, 1, 2, 1, 1]}, null, null, 72, false, [], false, 0, [], null, 0, 1744323543.1997774, 0, {}]
[{"0": [2, 1, 5, 4, 2, 4, 3, 3, 0, 1, 3, 0, 2, 4, 3, 28, 1]}, null, null, 72, false, [], false, 0, [], null, 0, 1744323543.4008665, 0, {}]
[{"0": [0, 1, 4, 3, 0, 0, 3, 2, 6, 0, 23, 0, 1, 1, 5, 2, 3]}, null, null, 73, false, [], false, 0, [], null, 0, 1744323543.619795, 0, {}]
[{"0": [1, 5, 2, 4, 3, 24, 34, 25, 0, 3, 1, 2, 2, 0, 0, 4, 6]}, null, null, 73, false, [], false, 0, [], null, 0, 1744323543.842135, 0, {}]
[{"0": [0, 1, 2, 3, 0, 2, 0, 4, 2, 23, 23, 30, 31, 23, 42, 1, 1]}, null, null, 74, false, [], false, 0, [], null, 0, 1744323544.056708, 0, {}]
[{"0": [4, 2, 0, 0, 1, 2, 1, 25, 28, 42, 28, 0, 1, 5, 2, 0, 0]}, null, null, 75, false, [], false, 0, [], null, 0, 1744323544.2665272, 0, {}]
[{"0": [2, 4, 2, 4, 4, 1, 2, 0, 1, 1, 0, 3, 3, 3, 25, 3, 3]}, null, null, 75, false, [], false, 0, [], null, 0, 1744323544.480146, 0, {}]
[{"0": [0, 1, 2, 3, 1, 44, 32, 27, 0, 1, 3, 5, 0, 4, 3, 3, 2]}, null, null, 76, false, [], false, 0, [], null, 0, 1744323544.698563, 0, {}]
[{"0": [16, 24, 22, 32, 1, 1, 2, 4, 2, 1, 0, 2, 3, 2, 2, 2, 5]}, null, null, 77, false, [], false, 0, [], null, 0, 1744323544.924327, 0, {}]
[{"0": [1, 1, 3, 3, 3, 0, 25, 0, 2, 1, 1, 4, 4, 0, 0, 3, 0]}, null, null, 77, false, [], false, 0, [], null, 0, 1744323545.1425424, 0, {}]
[{"0": [3, 3, 0, 2, 1, 0, 3, 1, 0, 1, 5, 2, 3, 0, 1, 1, 1]}, null, null, 78, false, [], false, 0, [], null, 0, 1744323545.3572922, 0, {}]
[{"0": [0, 29, 20, 3, 2, 0, 3, 2, 3, 1, 2, 2, 2, 1, 2, 4, 1]}, null, null, 78, false, [], false, 0, [], null, 0, 1744323545.572867, 0, {}]
[{"0": [0, 0, 2, 3, 3, 2, 1, 2, 1, 22, 31, 3, 4, 2, 2, 1, 0]}, null, null, 79, false, [], false, 0, [], null, 0, 1744323545.7873642, 0, {}]
[{"0": [0, 2, 3, 2, 3, 1, 23, 34, 2, 5, 2, 2, 0, 1, 3, 1, 0]}, null, null, 80, false, [], false, 0, [], null, 0, 1744323546.0142965, 0, {}]
[{"0": [1, 2, 1, 1, 1, 1, 0, 4, 2, 0, 3, 0, 28, 21, 29, 1, 1]}, null, null, 80, false, [], false, 0, [], null, 0, 1744323546.2141502, 0, {}]
[{"0": [4, 0, 3, 2, 2, 0, 0, 37, 32, 4, 1, 1, 1, 1, 1, 2, 1]}, null, null, 81, false, [], false, 0, [], null, 0, 1744323546.452766, 0, {}]
[{"0": [37, 22, 2, 1, 1, 1, 3, 0, 1, 1, 0, 1, 1, 3, 0, 7, 0]}, null, null, 81, false, [], false, 0, [], null, 0, 1744323546.648118, 0, {}]
[{"0": [2, 1, 0, 3, 0, 1, 1, 33, 22, 26, 29, 29, 37, 2, 4, 1, 0]}, null, null, 82, false, [], false, 0, [], null, 0, 1744323546.867447, 0, {}]
[{"0": [20, 29, 24, 35, 31, 27, 0, 3, 2, 3, 1, 2, 1, 4, 1, 0, 2]}, null, null, 83, false, [], false, 0, [], null, 0, 1744323547.0877092, 0, {}]
[{"0": [2, 2, 2, 1, 3, 0, 1, 5, 0, 1, 27, 26, 38, 30, 1, 1, 2]}, null, null, 83, false, [], false, 0, [], null, 0, 1744323547.322734, 0, {}]
[{"0": [2, 4, 1, 1, 1, 2, 1, 3, 1, 2, 37, 33, 37, 34, 27, 30, 27]}, null, null, 84, false, [], false, 0, [], null, 0, 1744323547.527175, 0, {}]
[{"0": [2, 1, 4, 0, 2, 0, 1, 1, 26, 32, 28, 0, 1, 3, 2, 2, 0]}, null, null, 84, false, [], false, 0, [], null, 0, 1744323547.7313926, 0, {}]
[{"0": [1, 2, 2, 3, 3, 2, 2, 23, 1, 1, 2, 1, 3, 4, 1, 2, 2]}, null, null, 85, false, [], false, 0, [], null, 0, 1744323547.9658778, 0, {}]
[{"0": [3, 1, 1, 1, 3, 0, 5, 2, 1, 1, 0, 4, 1, 3, 1, 2, 40]}, null, null, 86, false, [], false, 0, [], null, 0, 1744323548.1641588, 0, {}]
[{"0": [3, 1, 4, 1, 4, 37, 32, 36, 35, 24, 28, 25, 37, 27, 4, 1, 1]}, null, null, 86, false, [], false, 0, [], null, 0, 1744323548.393228, 0, {}]
[{"0": [2, 3, 0, 4, 2, 7, 5, 0, 1, 1, 0, 1, 2, 3, 1, 2, 23]}, null, null, 87, false, [], false, 0, [], null, 0, 1744323548.621286, 0, {}]
[{"0": [2, 0, 1, 40, 29, 26, 24, 0, 2, 4, 1, 6, 1, 3, 0, 3, 2]}, null, null, 87, false, [], false, 0, [], null, 0, 1744323548.8184884, 0, {}]
[{"0": [2, 0, 2, 3, 2, 2, 0, 3, 4, 3, 3, 5, 43, 29, 28, 2, 4]}, null, null, 88, false, [], false, 0, [], null, 0, 1744323549.040659, 0, {}]
[{"0": [2, 4, 1, 3, 0, 2, 1, 1, 2, 2, 1, 1, 2, 3, 2, 1, 26]}, null, null, 89, false, [], false, 0, [], null, 0, 1744323549.2570734, 0, {}]
[{"0": [3, 0, 3, 2, 0, 1, 1, 0, 1, 1, 1, 3, 0, 2, 3, 1, 1]}, null, null, 89, false, [], false, 0, [], null, 0, 1744323549.4771614, 0, {}]
[{"0": [2, 2, 7, 2, 1, 0, 0, 4, 1, 1, 2, 1, 29, 23, 32, 2, 2]}, null, null, 90, false, [], false, 0, [], null, 0, 1744323549.6881604, 0, {}]
[{"0": [1, 0, 36, 2, 1, 3, 1, 1, 3, 0, 2, 3, 1, 1, 3, 1, 1]}, null, null, 90, false, [], false, 0, [], null, 0, 1744323549.9149604, 0, {}]
[{"0": [2, 0, 2, 1, 2, 2, 2, 2, 0, 2, 5, 0, 2, 1, 32, 31, 0]}, null, null, 91, false, [], false, 0, [], null, 0, 1744323550.119666, 0, {}]
[{"0": [3, 4, 2, 0, 1, 1, 1, 2, 3, 2, 2, 1, 3, 4, 3, 3, 29]}, null, null, 92, false, [], false, 0, [], null, 0, 1744323550.3468347, 0, {}]
[{"0": [1, 1, 1, 2, 3, 5, 3, 2, 2, 1, 2, 1, 4, 1, 0, 2, 34]}, null, null, 92, false, [], false, 0, [], null, 0, 1744323550.5521798, 0, {}]
[{"0": [0, 1, 1, 1, 2, 2, 3, 0, 2, 1, 2, 0, 2, 3, 2, 3, 3]}, null, null, 93, false, [], false, 0, [], null, 0, 1744323550.7670076, 0, {}]
[{"0": [0, 3, 2, 1, 1, 1, 2, 3, 1, 2, 1, 1, 1, 2, 2, 2, 38]}, null, null, 93, false, [], false, 0, [], null, 0, 1744323551.0020251, 0, {}]
[{"0": [2, 3, 1, 1, 2, 3, 2, 1, 2, 1, 1, 2, 1, 2, 29, 23, 25]}, null, null, 94, false, [], false, 0, [], null, 0, 1744323551.2133644, 0, {}]
[{"0": [0, 0, 1, 3, 2, 0, 3, 2, 3, 2, 0, 0, 0, 3, 1, 3, 2]}, null, null, 95, false, [], false, 0, [], null, 0, 1744323551.4276311, 0, {}]
[{"0": [1, 4, 2, 3, 0, 5, 2, 0, 3, 2, 3, 0, 1, 1, 4, 3, 29]}, null, null, 95, false, [], false, 0, [], null, 0, 1744323551.6520407, 0, {}]
[{"0": [2, 2, 2, 3, 3, 5, 0, 0, 3, 2, 3, 1, 2, 3, 36, 27, 35]}, null, null, 96, false, [], false, 0, [], null, 0, 1744323551.867609, 0, {}]
[{"0": [4, 21, 1, 0, 2, 2, 1, 2, 2, 3, 0, 2, 2, 0, 1, 3, 2]}, null, null, 96, false, [], false, 0, [], null, 0, 1744323552.0654342, 0, {}]
[{"0": [3, 2, 0, 4, 4, 2, 6, 0, 3, 1, 0, 3, 1, 0, 1, 2, 28]}, null, null, 97, false, [], false, 0, [], null, 0, 1744323552.302124, 0, {}]
[{"0": [2, 1, 1, 1, 1, 1, 2, 0, 2, 1, 4, 3, 1, 0, 1, 1, 2]}, null, null, 98, false, [], false, 0, [], null, 0, 1744323552.5218925, 0, {}]
[{"0": [2, 1, 2, 0, 34, 2, 2, 2, 2, 3, 0, 2, 3, 2, 1, 0, 2]}, null, null, 98, false, [], false, 0, [], null, 0, 1744323552.7247946, 0, {}]
[{"0": [3, 3, 1, 0, 0, 3, 33, 2, 2, 4, 1, 0, 4, 4, 1, 1, 2]}, null, null, 99, false, [], false, 0, [], null, 0, 1744323552.9357526, 0, {}]
[{"0": [1, 6, 0, 3, 1, 1, 2, 3, 2, 1, 2, 29, 18, 38, 26, 33, 33]}, null, null, 99, false, [], false, 0, [], null, 0, 1744323553.1528597, 0, {}]
[{"0": [1, 2, 3, 0, 1, 2, 0, 2, 3, 4, 4, 0, 3, 3, 0, 2, 24]}, null, null, 100, false, [], false, 0, [], null, 0, 1744323553.3844166, 0, {}]
[{"0": [1, 0, 0, 1, 5, 0, 2, 1, 2, 3, 2, 0, 2, 2, 37, 35, 0]}, null, null, 101, false, [], false, 0, [], null, 0, 1744323553.589234, 0, {}]
[{"0": [1, 1, 1, 3, 23, 30, 43, 28, 28, 2, 1, 2, 2, 2, 1, 2, 2]}, null, null, 101, false, [], false, 0, [], null, 0, 1744323553.8169057, 0, {}]
[{"0": [1, 0, 0, 2, 1, 1, 1, 3, 1, 0, 2, 4, 38, 37, 36, 26, 28]}, null, null, 102, false, [], false, 0, [], null, 0, 1744323554.036689, 0, {}]
[{"0": [5, 2, 1, 0, 4, 1, 2, 0, 1, 40, 20, 34, 20, 0, 2, 3, 2]}, null, null, 102, false, [], false, 0, [], null, 0, 1744323554.2344205, 0, {}]
[{"0": [5, 1, 1, 2, 0, 1, 1, 3, 1, 0, 2, 1, 0, 2, 29, 31, 22]}, null, null, 103, false, [], false, 0, [], null, 0, 1744323554.450376, 0, {}]
[{"0": [1, 2, 29, 35, 0, 0, 0, 0, 3, 1, 1, 2, 1, 0, 1, 1, 0]}, null, null, 104, false, [], false, 0, [], null, 0, 1744323554.6777687, 0, {}]
[{"0": [0, 0, 1, 27, 0, 2, 0, 0, 3, 4, 0, 3, 0, 1, 3, 2, 2]}, null, null, 104, false, [], false, 0, [], null, 0, 1744323554.8842556, 0, {}]
[{"0": [1, 5, 2, 2, 26, 30, 31, 30, 20, 36, 26, 16, 26, 26, 39, 23, 29]}, null, null, 105, false, [], false, 0, [], null, 0, 1744323555.116465, 0, {}]
[{"0": [1, 3, 1, 1, 29, 28, 3, 0, 3, 1, 1, 1, 2, 3, 2, 4, 3]}, null, null, 105, false, [], false, 0, [], null, 0, 1744323555.3234475, 0, {}]
[{"0": [1, 1, 1, 2, 0, 1, 1, 1, 21, 38, 26, 36, 0, 3, 1, 2, 1]}, null, null, 106, false, [], false, 0, [], null, 0, 1744323555.5413187, 0, {}]
[{"0": [24, 25, 25, 30, 31, 4, 2, 2, 3, 0, 4, 4, 1, 1, 1, 2, 1]}, null, null, 107, false, [], false, 0, [], null, 0, 1744323555.761725, 0, {}]
[{"0": [0, 2, 1, 36, 40, 1, 1, 1, 1, 0, 3, 2, 3, 4, 0, 2, 3]}, null, null, 107, false, [], false, 0, [], null, 0, 1744323555.9756231, 0, {}]
[{"0": [2, 0, 2, 3, 4, 4, 2, 1, 0, 1, 2, 2, 0, 0, 0, 1, 34]}, null, null, 108, false, [], false, 0, [], null, 0, 1744323556.191428, 0, {}]
[{"0": [1, 1, 0, 0, 0, 1, 2, 1, 2, 4, 2, 2, 0, 0, 1, 2, 1]}, null, null, 108, false, [], false, 0, [], null, 0, 1744323556.4155142, 0, {}]
[{"0": [2, 1, 7, 0, 0, 1, 4, 4, 2, 1, 1, 2, 2, 3, 0, 1, 4]}, null, null, 109, false, [], false, 0, [], null, 0, 1744323556.6163566, 0, {}]
[{"0": [3, 1, 3, 2, 1, 2, 3, 0, 2, 32, 24, 31, 30, 30, 29, 24, 33]}, null, null, 110, false, [], false, 0, [], null, 0, 1744323556.8413205, 0, {}]
[{"0": [3, 1, 2, 2, 2, 2, 0, 0, 6, 1, 1, 1, 0, 25, 28, 2, 1]}, null, null, 110, false, [], false, 0, [], null, 0, 1744323557.0573785, 0, {}]
[{"0": [42, 23, 29, 32, 38, 32, 28, 38, 28, 30, 31, 28, 22, 32, 27, 28, 34]}, null, null, 111, false, [], false, 0, [], null, 0, 1744323557.2722814, 0, {}]
[{"0": [1, 33, 2, 1, 1, 1, 3, 3, 3, 0, 2, 2, 1, 3, 2, 2, 1]}, null, null, 111, false, [], false, 0, [], null, 0, 1744323557.483233, 0, {}]
[{"0": [1, 4, 1, 1, 35, 28, 29, 30, 31, 0, 1, 0, 1, 0, 4, 3, 4]}, null, null, 112, false, [], false, 0, [], null, 0, 1744323557.7073774, 0, {}]
[{"0": [34, 2, 5, 1, 2, 4, 1, 0, 3, 1, 0, 1, 1, 1, 0, 1, 1]}, null, null, 113, false, [], false, 0, [], null, 0, 1744323557.9261255, 0, {}]
[{"0": [3, 2, 0, 0, 2, 35, 29, 29, 26, 25, 27, 33, 29, 33, 27, 2, 3]}, null, null, 113, false, [], false, 0, [], null, 0, 1744323558.1469007, 0, {}]
[{"0": [1, 2, 3, 1, 0, 3, 1, 1, 3, 2, 2, 5, 2, 3, 3, 1, 37]}, null, null, 114, false, [], false, 0, [], null, 0, 1744323558.3612192, 0, {}]
[{"0": [2, 1, 1, 0, 0, 1, 3, 1, 0, 2, 1, 3, 4, 31, 23, 26, 0]}, null, null, 114, false, [], false, 0, [], null, 0, 1744323558.5787325, 0, {}]
[{"0": [0, 1, 0, 0, 2, 28, 1, 2, 4, 2, 0, 2, 1, 3, 2, 2, 5]}, null, null, 115, false, [], false, 0, [], null, 0, 1744323558.7854648, 0, {}]
[{"0": [1, 3, 0, 3, 1, 0, 2, 0, 1, 1, 0, 7, 2, 2, 1, 2, 26]}, null, null, 116, false, [], false, 0, [], null, 0, 1744323559.013485, 0, {}]
[{"0": [3, 2, 0, 2, 2, 0, 2, 1, 24, 28, 28, 29, 34, 26, 27, 38, 19]}, null, null, 116, false, [], false, 0, [], null, 0, 1744323559.220714, 0, {}]
[{"0": [5, 1, 2, 3, 29, 35, 27, 35, 35, 1, 1, 1, 2, 2, 2, 0, 2]}, null, null, 117, false, [], false, 0, [], null, 0, 1744323559.439031, 0, {}]
[{"0": [2, 2, 3, 2, 2, 4, 4, 0, 6, 31, 43, 3, 3, 1, 1, 1, 0]}, null, null, 117, false, [], false, 0, [], null, 0, 1744323559.6545417, 0, {}]
[{"0": [2, 2, 4, 2, 3, 38, 33, 20, 39, 30, 38, 0, 4, 2, 2, 1, 3]}, null, null, 118, false, [], false, 0, [], null, 0, 1744323559.8876488, 0, {}]
[{"0": [1, 2, 0, 3, 3, 1, 2, 1, 0, 1, 0, 2, 0, 1, 4, 34, 2]}, null, null, 119, false, [], false, 0, [], null, 0, 1744323560.0857055, 0, {}]
[{"0": [1, 2, 0, 25, 26, 37, 30, 2, 2, 2, 0, 1, 1, 2, 1, 0, 2]}, null, null, 119, false, [], false, 0, [], null, 0, 1744323560.2997339, 0, {}]
[{"0": [2, 1, 2, 2, 29, 35, 3, 2, 4, 3, 4, 4, 2, 3, 1, 2, 2]}, null, null, 120, false, [], false, 0, [], null, 0, 1744323560.5276628, 0, {}]
[{"0": [39, 29, 35, 23, 31, 32, 27, 45, 34, 40, 20, 30, 39, 34, 27, 31, 29]}, null, null, 120, false, [], false, 0, [], null, 0, 1744323560.7416317, 0, {}]
[{"0": [0, 2, 1, 2, 0, 3, 5, 1, 3, 2, 33, 2, 1, 1, 0, 4, 1]}, null, null, 121, false, [], false, 0, [], null, 0, 1744323560.9700742, 0, {}]
[{"0": [1, 5, 4, 3, 1, 1, 0, 0, 0, 28, 19, 2, 2, 4, 1, 0, 3]}, null, null, 122, false, [], false, 0, [], null, 0, 1744323561.1708386, 0, {}]
[{"0": [0, 2, 1, 2, 1, 1, 3, 0, 3, 0, 2, 1, 34, 19, 32, 28, 26]}, null, null, 122, false, [], false, 0, [], null, 0, 1744323561.3868115, 0, {}]
[{"0": [1, 1, 1, 4, 27, 36, 30, 21, 26, 17, 35, 28, 29, 40, 40, 33, 25]}, null, null, 123, false, [], false, 0, [], null, 0, 1744323561.6167207, 0, {}]
[{"0": [2, 3, 2, 1, 26, 2, 0, 1, 3, 0, 2, 1, 4, 1, 1, 2, 1]}, null, null, 123, false, [], false, 0, [], null, 0, 1744323561.8152533, 0, {}]
[{"0": [0, 2, 2, 2, 1, 4, 0, 0, 1, 0, 4, 31, 4, 2, 6, 2, 2]}, null, null, 124, false, [], false, 0, [], null, 0, 1744323562.037764, 0, {}]
[{"0": [5, 2, 1, 3, 1, 0, 5, 1, 2, 44, 28, 36, 27, 32, 37, 0, 1]}, null, null, 125, false, [], false, 0, [], null, 0, 1744323562.2674859, 0, {}]
[{"0": [4, 2, 0, 0, 1, 1, 1, 2, 2, 4, 2, 3, 1, 2, 37, 31, 24]}, null, null, 125, false, [], false, 0, [], null, 0, 1744323562.4817276, 0, {}]
[{"0": [1, 2, 2, 0, 1, 2, 1, 2, 2, 1, 3, 2, 4, 3, 24, 22, 3]}, null, null, 126, false, [], false, 0, [], null, 0, 1744323562.6833582, 0, {}]
[{"0": [3, 2, 2, 2, 2, 2, 4, 1, 1, 2, 2, 2, 2, 2, 2, 4, 2]}, null, null, 127, false, [], false, 0, [], null, 0, 1744323562.9129512, 0, {}]
[{"0": [2, 0, 1, 3, 0, 2, 0, 0, 30, 27, 1, 0, 3, 1, 2, 2, 0]}, null, null, 127, false, [], false, 0, [], null, 0, 1744323563.1162772, 0, {}]
[{"0": [1, 3, 2, 2, 0, 0, 0, 0, 1, 2, 2, 1, 31, 31, 40, 30, 18]}, null, null, 128, false, [], false, 0, [], null, 0, 1744323563.3435352, 0, {}]
[{"0": [2, 3, 3, 1, 2, 1, 1, 26, 28, 1, 0, 1, 2, 3, 0, 2, 1]}, null, null, 128, false, [], false, 0, [], null, 0, 1744323563.5597427, 0, {}]
[{"0": [2, 1, 1, 1, 4, 3, 1, 2, 2, 1, 2, 2, 2, 3, 1, 2, 2]}, null, null, 129, false, [], false, 0, [], null, 0, 1744323563.7717812, 0, {}]
[{"0": [3, 2, 2, 1, 4, 2, 3, 2, 3, 0, 7, 1, 0, 1, 32, 33, 28]}, null, null, 130, false, [], false, 0, [], null, 0, 1744323563.9903486, 0, {}]
[{"0": [1, 0, 3, 0, 1, 3, 0, 2, 4, 3, 0, 0, 4, 1, 32, 1, 3]}, null, null, 130, false, [], false, 0, [], null, 0, 1744323564.2169929, 0, {}]
[{"0": [2, 1, 0, 1, 32, 32, 47, 33, 37, 27, 28, 0, 2, 1, 2, 1, 0]}, null, null, 131, false, [], false, 0, [], null, 0, 1744323564.4359975, 0, {}]
[{"0": [1, 1, 1, 4, 0, 0, 3, 4, 4, 3, 1, 0, 1, 1, 1, 3, 1]}, null, null, 131, false, [], false, 0, [], null, 0, 1744323564.650582, 0, {}]
[{"0": [1, 1, 0, 2, 4, 4, 1, 1, 0, 2, 3, 2, 0, 4, 2, 4, 0]}, null, null, 132, false, [], false, 0, [], null, 0, 1744323564.8489828, 0, {}]
[{"0": [2, 31, 29, 31, 29, 25, 32, 26, 27, 30, 2, 1, 0, 1, 2, 2, 1]}, null, null, 133, false, [], false, 0, [], null, 0, 1744323565.0735497, 0, {}]
[{"0": [0, 2, 2, 2, 1, 2, 1, 1, 3, 2, 2, 1, 1, 2, 3, 1, 1]}, null, null, 133, false, [], false, 0, [], null, 0, 1744323565.2887907, 0, {}]
[{"0": [0, 4, 2, 1, 28, 2, 3, 2, 3, 1, 1, 2, 1, 0, 1, 0, 5]}, null, null, 134, false, [], false, 0, [], null, 0, 1744323565.511048, 0, {}]
[{"0": [3, 0, 6, 2, 0, 24, 22, 26, 1, 1, 0, 4, 0, 2, 0, 0, 0]}, null, null, 134, false, [], false, 0, [], null, 0, 1744323565.7297761, 0, {}]
[{"0": [4, 0, 2, 0, 2, 3, 1, 1, 3, 2, 1, 2, 1, 1, 4, 1, 1]}, null, null, 135, false, [], false, 0, [], null, 0, 1744323565.9399672, 0, {}]
[{"0": [1, 4, 6, 3, 2, 3, 27, 33, 32, 23, 25, 2, 2, 3, 0, 4, 3]}, null, null, 136, false, [], false, 0, [], null, 0, 1744323566.155006, 0, {}]
[{"0": [0, 2, 3, 2, 3, 1, 3, 3, 2, 3, 1, 2, 2, 1, 3, 0, 2]}, null, null, 136, false, [], false, 0, [], null, 0, 1744323566.3685162, 0, {}]
[{"0": [2, 1, 0, 1, 2, 3, 3, 2, 1, 3, 2, 3, 2, 1, 0, 32, 34]}, null, null, 137, false, [], false, 0, [], null, 0, 1744323566.5889432, 0, {}]
[{"0": [2, 3, 2, 1, 1, 5, 2, 0, 3, 2, 3, 1, 1, 1, 0, 0, 30]}, null, null, 137, false, [], false, 0, [], null, 0, 1744323566.817657, 0, {}]
[{"0": [1, 1, 1, 2, 2, 1, 2, 36, 14, 31, 2, 1, 1, 5, 2, 2, 3]}, null, null, 138, false, [], false, 0, [], null, 0, 1744323567.0177999, 0, {}]
[{"0": [2, 1, 2, 1, 2, 1, 4, 11, 1, 0, 3, 1, 0, 2, 0, 1, 23]}, null, null, 139, false, [], false, 0, [], null, 0, 1744323567.236844, 0, {}]
[{"0": [1, 2, 1, 2, 2, 3, 1, 3, 19, 36, 22, 4, 2, 4, 0, 1, 2]}, null, null, 139, false, [], false, 0, [], null, 0, 1744323567.4553487, 0, {}]
[{"0": [2, 1, 2, 2, 0, 26, 29, 24, 39, 2, 0, 1, 2, 1, 2, 2, 1]}, null, null, 140, false, [], false, 0, [], null, 0, 1744323567.674929, 0, {}]
[{"0": [0, 0, 1, 0, 5, 26, 36, 27, 0, 3, 4, 1, 1, 4, 3, 1, 2]}, null, null, 140, false, [], false, 0, [], null, 0, 1744323567.8912413, 0, {}]
[{"0": [0, 1, 2, 4, 2, 3, 0, 27, 6, 0, 2, 1, 2, 0, 3, 1, 2]}, null, null, 141, false, [], false, 0, [], null, 0, 1744323568.1120825, 0, {}]
[{"0": [4, 1, 4, 2, 2, 0, 2, 2, 4, 1, 2, 1, 30, 36, 25, 24, 33]}, null, null, 142, false, [], false, 0, [], null, 0, 1744323568.3261642, 0, {}]
[{"0": [1, 2, 1, 0, 3, 0, 2, 3, 1, 1, 1, 1, 1, 2, 37, 24, 25]}, null, null, 142, false, [], false, 0, [], null, 0, 1744323568.544387, 0, {}]
[{"0": [2, 0, 1, 4, 1, 1, 0, 2, 2, 2, 2, 30, 21, 32, 25, 6, 3]}, null, null, 143, false, [], false, 0, [], null, 0, 1744323568.7618809, 0, {}]
[{"0": [2, 1, 1, 2, 2, 1, 0, 1, 3, 2, 4, 1, 0, 3, 23, 34, 3]}, null, null, 143, false, [], false, 0, [], null, 0, 1744323568.9771674, 0, {}]
[{"0": [28, 33, 21, 31, 3, 2, 1, 0, 1, 0, 2, 0, 1, 2, 2, 4, 1]}, null, null, 144, false, [], false, 0, [], null, 0, 1744323569.18727, 0, {}]
[{"0": [2, 1, 33, 22, 32, 3, 0, 1, 0, 0, 5, 0, 1, 2, 1, 2, 4]}, null, null, 145, false, [], false, 0, [], null, 0, 1744323569.4053295, 0, {}]
[{"0": [1, 1, 1, 1, 0, 1, 1, 2, 0, 1, 27, 28, 29, 40, 25, 1, 2]}, null, null, 145, false, [], false, 0, [], null, 0, 1744323569.6207972, 0, {}]
[{"0": [2, 2, 1, 1, 2, 2, 2, 1, 0, 3, 3, 4, 32, 30, 36, 2, 1]}, null, null, 146, false, [], false, 0, [], null, 0, 1744323569.8354788, 0, {}]
[{"0": [1, 0, 1, 4, 0, 3, 6, 2, 1, 1, 3, 5, 3, 35, 26, 26, 33]}, null, null, 146, false, [], false, 0, [], null, 0, 1744323570.0694652, 0, {}]
[{"0": [2, 4, 1, 0, 1, 2, 42, 31, 26, 2, 0, 0, 1, 2, 0, 1, 3]}, null, null, 147, false, [], false, 0, [], null, 0, 1744323570.267261, 0, {}]
[{"0": [1, 0, 3, 1, 4, 1, 22, 34, 39, 23, 31, 2, 1, 2, 2, 2, 0]}, null, null, 148, false, [], false, 0, [], null, 0, 1744323570.4964075, 0, {}]
[{"0": [1, 0, 0, 2, 23, 31, 32, 2, 0, 3, 1, 2, 3, 3, 1, 4, 3]}, null, null, 148, false, [], false, 0, [], null, 0, 1744323570.7078812, 0, {}]
[{"0": [1, 2, 24, 38, 27, 26, 2, 3, 5, 0, 2, 0, 4, 4, 1, 3, 4]}, null, null, 149, false, [], false, 0, [], null, 0, 1744323570.9212706, 0, {}]
[{"0": [38, 25, 2, 5, 4, 3, 2, 1, 3, 1, 1, 2, 3, 3, 3, 4, 0]}, null, null, 149, false, [], false, 0, [], null, 0, 1744323571.155583, 0, {}]
[{"0": [3, 2, 1, 2, 1, 2, 3, 3, 1, 2, 4, 3, 4, 1, 2, 3, 0]}, null, null, 150, true, [], false, 0, [], null, 0, 1744323571.359838, 0, {}]
