[{"0": [0, 3, 6, 1, 27, 24, 0, 0, 0, 0, 2, 1, 2, 1, 1, 1, 2]}, null, null, 0, false, [], false, 0, [], null, 0, 1744324217.260969, 0, {}]
[{"0": [3, 0, 1, 2, 0, 0, 0, 1, 3, 0, 4, 4, 2, 3, 1, 1, 20]}, null, null, 1, false, [], false, 0, [], null, 0, 1744324217.487587, 0, {}]
[{"0": [6, 2, 3, 3, 2, 2, 3, 2, 3, 2, 4, 0, 0, 1, 34, 30, 28]}, null, null, 1, false, [], false, 0, [], null, 0, 1744324217.7040482, 0, {}]
[{"0": [1, 2, 2, 3, 1, 3, 0, 31, 27, 36, 29, 23, 28, 26, 37, 1, 4]}, null, null, 2, false, [], false, 0, [], null, 0, 1744324217.9208977, 0, {}]
[{"0": [3, 0, 33, 22, 0, 2, 0, 3, 5, 1, 3, 2, 1, 0, 2, 1, 0]}, null, null, 2, false, [], false, 0, [], null, 0, 1744324218.1186244, 0, {}]
[{"0": [0, 2, 1, 2, 1, 1, 32, 1, 9, 5, 5, 4, 6, 5, 7, 11, 4]}, null, null, 3, false, [], false, 0, [], null, 0, 1744324218.3406482, 0, {}]
[{"0": [11, 6, 12, 7, 11, 11, 13, 11, 10, 20, 21, 27, 33, 34, 28, 1, 3]}, null, null, 4, false, [], false, 0, [], null, 0, 1744324218.5480375, 0, {}]
[{"0": [4, 0, 4, 4, 5, 3, 2, 3, 1, 1, 2, 29, 33, 26, 25, 27, 50]}, null, null, 4, false, [], false, 0, [], null, 0, 1744324218.7793071, 0, {}]
[{"0": [40, 26, 29, 39, 39, 30, 35, 20, 36, 32, 30, 2, 2, 2, 3, 1, 2]}, null, null, 5, false, [], false, 0, [], null, 0, 1744324218.9800265, 0, {}]
[{"0": [6, 2, 2, 2, 1, 2, 3, 3, 2, 2, 25, 22, 33, 29, 25, 30, 27]}, null, null, 5, false, [], false, 0, [], null, 0, 1744324219.193203, 0, {}]
[{"0": [3, 3, 2, 1, 33, 42, 27, 25, 34, 25, 40, 35, 0, 2, 2, 2, 5]}, null, null, 6, false, [], false, 0, [], null, 0, 1744324219.405542, 0, {}]
[{"0": [3, 2, 3, 2, 2, 25, 22, 36, 36, 0, 1, 0, 3, 4, 0, 1, 0]}, null, null, 7, false, [], false, 0, [], null, 0, 1744324219.6349525, 0, {}]
[{"0": [1, 0, 0, 2, 3, 5, 1, 4, 26, 1, 3, 1, 1, 2, 3, 1, 0]}, null, null, 7, false, [], false, 0, [], null, 0, 1744324219.8460968, 0, {}]
[{"0": [0, 1, 1, 3, 0, 4, 2, 1, 4, 3, 4, 35, 31, 33, 34, 33, 32]}, null, null, 8, false, [], false, 0, [], null, 0, 1744324220.0542297, 0, {}]
[{"0": [3, 3, 4, 4, 1, 0, 1, 1, 30, 1, 2, 3, 0, 4, 1, 0, 0]}, null, null, 8, false, [], false, 0, [], null, 0, 1744324220.275999, 0, {}]
[{"0": [1, 2, 1, 3, 2, 47, 30, 2, 1, 2, 0, 0, 3, 0, 1, 2, 1]}, null, null, 9, false, [], false, 0, [], null, 0, 1744324220.4893694, 0, {}]
[{"0": [0, 2, 0, 1, 1, 3, 0, 2, 3, 0, 3, 3, 3, 32, 31, 30, 38]}, null, null, 10, false, [], false, 0, [], null, 0, 1744324220.700799, 0, {}]
[{"0": [2, 2, 6, 1, 0, 4, 3, 3, 0, 3, 5, 3, 27, 31, 26, 1, 0]}, null, null, 10, false, [], false, 0, [], null, 0, 1744324220.9068375, 0, {}]
[{"0": [2, 2, 1, 1, 1, 4, 1, 4, 0, 1, 1, 1, 1, 1, 0, 3, 36]}, null, null, 11, false, [], false, 0, [], null, 0, 1744324221.1304202, 0, {}]
[{"0": [1, 2, 1, 2, 0, 1, 2, 2, 2, 2, 3, 0, 4, 0, 3, 1, 2]}, null, null, 11, false, [], false, 0, [], null, 0, 1744324221.342594, 0, {}]
[{"0": [3, 1, 3, 2, 1, 3, 1, 0, 4, 5, 2, 3, 3, 4, 3, 1, 3]}, null, null, 12, false, [], false, 0, [], null, 0, 1744324221.5541348, 0, {}]
[{"0": [1, 1, 1, 4, 1, 1, 4, 3, 2, 2, 2, 2, 1, 28, 43, 32, 31]}, null, null, 13, false, [], false, 0, [], null, 0, 1744324221.7626224, 0, {}]
[{"0": [0, 1, 1, 0, 3, 2, 5, 3, 3, 1, 30, 1, 1, 4, 1, 3, 4]}, null, null, 13, false, [], false, 0, [], null, 0, 1744324221.9883966, 0, {}]
[{"0": [2, 0, 2, 0, 4, 0, 4, 1, 0, 4, 0, 2, 3, 2, 1, 5, 1]}, null, null, 14, false, [], false, 0, [], null, 0, 1744324222.1981394, 0, {}]
[{"0": [0, 0, 0, 1, 2, 2, 1, 3, 0, 2, 4, 3, 27, 2, 1, 2, 1]}, null, null, 14, false, [], false, 0, [], null, 0, 1744324222.409612, 0, {}]
[{"0": [1, 3, 3, 30, 1, 0, 2, 2, 3, 2, 1, 0, 1, 0, 4, 2, 1]}, null, null, 15, false, [], false, 0, [], null, 0, 1744324222.6398766, 0, {}]
[{"0": [2, 0, 0, 2, 1, 0, 2, 30, 35, 1, 4, 2, 0, 3, 3, 0, 1]}, null, null, 16, false, [], false, 0, [], null, 0, 1744324222.855743, 0, {}]
[{"0": [2, 3, 2, 1, 2, 3, 4, 3, 3, 4, 30, 42, 40, 20, 32, 35, 25]}, null, null, 16, false, [], false, 0, [], null, 0, 1744324223.057451, 0, {}]
[{"0": [2, 6, 3, 0, 2, 3, 4, 4, 0, 1, 0, 0, 4, 0, 32, 40, 46]}, null, null, 17, false, [], false, 0, [], null, 0, 1744324223.2694256, 0, {}]
[{"0": [1, 1, 1, 0, 2, 0, 1, 1, 4, 1, 1, 1, 3, 2, 26, 30, 20]}, null, null, 17, false, [], false, 0, [], null, 0, 1744324223.492211, 0, {}]
[{"0": [0, 2, 0, 2, 1, 3, 1, 0, 0, 3, 1, 1, 0, 4, 41, 27, 30]}, null, null, 18, false, [], false, 0, [], null, 0, 1744324223.6978133, 0, {}]
[{"0": [3, 2, 0, 3, 0, 0, 3, 1, 2, 1, 0, 3, 4, 1, 33, 21, 0]}, null, null, 19, false, [], false, 0, [], null, 0, 1744324223.9224768, 0, {}]
[{"0": [1, 2, 1, 2, 2, 3, 24, 38, 2, 0, 1, 1, 1, 2, 3, 2, 2]}, null, null, 19, false, [], false, 0, [], null, 0, 1744324224.1259634, 0, {}]
[{"0": [25, 0, 1, 1, 2, 2, 2, 1, 1, 5, 1, 2, 3, 3, 1, 1, 0]}, null, null, 20, false, [], false, 0, [], null, 0, 1744324224.336124, 0, {}]
[{"0": [39, 1, 3, 4, 1, 4, 6, 1, 2, 34, 40, 23, 2, 2, 2, 1, 3]}, null, null, 20, false, [], false, 0, [], null, 0, 1744324224.5240836, 0, {}]
[{"0": [29, 33, 37, 29, 46, 35, 35, 38, 0, 1, 4, 3, 5, 1, 5, 3, 1]}, null, null, 21, false, [], false, 0, [], null, 0, 1744324224.7257357, 0, {}]
[{"0": [2, 1, 0, 1, 0, 2, 1, 3, 3, 1, 2, 2, 1, 2, 1, 0, 37]}, null, null, 22, false, [], false, 0, [], null, 0, 1744324224.9156106, 0, {}]
[{"0": [2, 6, 2, 1, 0, 37, 35, 36, 17, 35, 2, 2, 2, 1, 4, 0, 3]}, null, null, 22, false, [], false, 0, [], null, 0, 1744324225.1128528, 0, {}]
[{"0": [3, 2, 1, 1, 5, 1, 3, 1, 3, 0, 32, 37, 29, 35, 26, 31, 23]}, null, null, 23, false, [], false, 0, [], null, 0, 1744324225.302794, 0, {}]
[{"0": [1, 1, 0, 1, 3, 2, 1, 1, 2, 1, 31, 28, 0, 2, 1, 1, 1]}, null, null, 23, false, [], false, 0, [], null, 0, 1744324225.4961383, 0, {}]
[{"0": [4, 2, 31, 36, 25, 26, 26, 26, 1, 1, 3, 2, 3, 4, 0, 1, 3]}, null, null, 24, false, [], false, 0, [], null, 0, 1744324225.7005599, 0, {}]
[{"0": [0, 2, 1, 1, 1, 1, 3, 2, 3, 5, 33, 37, 36, 39, 25, 27, 28]}, null, null, 25, false, [], false, 0, [], null, 0, 1744324225.8879297, 0, {}]
[{"0": [1, 0, 0, 2, 1, 1, 2, 1, 2, 2, 34, 2, 1, 1, 1, 2, 1]}, null, null, 25, false, [], false, 0, [], null, 0, 1744324226.075205, 0, {}]
[{"0": [4, 1, 3, 0, 2, 1, 5, 2, 2, 1, 2, 3, 3, 2, 27, 40, 29]}, null, null, 26, false, [], false, 0, [], null, 0, 1744324226.2671316, 0, {}]
[{"0": [4, 3, 1, 6, 2, 1, 1, 4, 1, 1, 4, 3, 3, 2, 1, 0, 38]}, null, null, 27, false, [], false, 0, [], null, 0, 1744324226.4552717, 0, {}]
[{"0": [4, 1, 1, 4, 2, 1, 2, 2, 5, 1, 1, 0, 1, 0, 26, 28, 24]}, null, null, 27, false, [], false, 0, [], null, 0, 1744324226.6566825, 0, {}]
[{"0": [6, 1, 1, 1, 2, 1, 3, 1, 2, 1, 1, 3, 36, 28, 31, 32, 31]}, null, null, 28, false, [], false, 0, [], null, 0, 1744324226.8484478, 0, {}]
[{"0": [1, 2, 2, 40, 28, 28, 34, 31, 37, 25, 28, 21, 25, 22, 34, 28, 30]}, null, null, 28, false, [], false, 0, [], null, 0, 1744324227.0427563, 0, {}]
[{"0": [2, 4, 3, 2, 3, 1, 3, 2, 3, 2, 2, 1, 0, 6, 3, 24, 28]}, null, null, 29, false, [], false, 0, [], null, 0, 1744324227.2295709, 0, {}]
[{"0": [2, 3, 3, 0, 1, 1, 0, 5, 3, 1, 2, 3, 0, 1, 35, 29, 31]}, null, null, 30, false, [], false, 0, [], null, 0, 1744324227.4342232, 0, {}]
[{"0": [3, 2, 1, 3, 3, 1, 1, 2, 3, 2, 4, 3, 0, 2, 2, 0, 37]}, null, null, 30, false, [], false, 0, [], null, 0, 1744324227.6205568, 0, {}]
[{"0": [3, 1, 1, 0, 1, 2, 1, 0, 4, 1, 1, 6, 1, 0, 28, 28, 1]}, null, null, 31, false, [], false, 0, [], null, 0, 1744324227.8120246, 0, {}]
[{"0": [3, 5, 0, 0, 1, 1, 3, 1, 0, 2, 1, 2, 0, 1, 1, 1, 1]}, null, null, 31, false, [], false, 0, [], null, 0, 1744324228.0009847, 0, {}]
[{"0": [0, 2, 1, 1, 26, 36, 34, 35, 29, 34, 30, 28, 34, 25, 35, 30, 31]}, null, null, 32, false, [], false, 0, [], null, 0, 1744324228.1920934, 0, {}]
[{"0": [1, 2, 4, 2, 0, 4, 31, 38, 26, 32, 33, 35, 0, 2, 3, 0, 2]}, null, null, 33, false, [], false, 0, [], null, 0, 1744324228.4011192, 0, {}]
[{"0": [2, 4, 0, 0, 0, 3, 4, 1, 2, 2, 2, 3, 1, 3, 1, 2, 0]}, null, null, 33, false, [], false, 0, [], null, 0, 1744324228.5864255, 0, {}]
[{"0": [3, 3, 2, 3, 1, 3, 0, 3, 0, 5, 4, 1, 0, 4, 0, 2, 32]}, null, null, 34, false, [], false, 0, [], null, 0, 1744324228.792515, 0, {}]
[{"0": [3, 2, 2, 0, 1, 2, 1, 1, 1, 2, 1, 1, 1, 38, 32, 2, 0]}, null, null, 34, false, [], false, 0, [], null, 0, 1744324228.973451, 0, {}]
[{"0": [2, 0, 2, 4, 2, 1, 2, 1, 1, 0, 2, 3, 6, 1, 1, 3, 31]}, null, null, 35, false, [], false, 0, [], null, 0, 1744324229.1632288, 0, {}]
[{"0": [5, 1, 24, 38, 29, 31, 2, 2, 0, 1, 1, 3, 4, 2, 1, 1, 4]}, null, null, 36, false, [], false, 0, [], null, 0, 1744324229.365805, 0, {}]
[{"0": [3, 1, 3, 1, 34, 32, 37, 29, 29, 33, 41, 29, 33, 38, 29, 32, 36]}, null, null, 36, false, [], false, 0, [], null, 0, 1744324229.5502753, 0, {}]
[{"0": [3, 1, 1, 2, 0, 2, 6, 4, 2, 3, 33, 30, 1, 1, 4, 3, 1]}, null, null, 37, false, [], false, 0, [], null, 0, 1744324229.7453284, 0, {}]
[{"0": [0, 1, 0, 1, 2, 28, 24, 31, 30, 36, 35, 2, 2, 0, 6, 1, 4]}, null, null, 37, false, [], false, 0, [], null, 0, 1744324229.9447896, 0, {}]
[{"0": [4, 3, 1, 2, 1, 1, 3, 2, 2, 4, 0, 1, 2, 2, 2, 1, 38]}, null, null, 38, false, [], false, 0, [], null, 0, 1744324230.1241083, 0, {}]
[{"0": [2, 4, 0, 4, 2, 1, 4, 1, 2, 2, 2, 31, 28, 31, 24, 4, 2]}, null, null, 39, false, [], false, 0, [], null, 0, 1744324230.3307388, 0, {}]
[{"0": [0, 4, 4, 1, 2, 1, 30, 26, 36, 27, 1, 2, 0, 2, 3, 1, 0]}, null, null, 39, false, [], false, 0, [], null, 0, 1744324230.5246634, 0, {}]
[{"0": [2, 1, 0, 1, 2, 3, 3, 0, 19, 34, 22, 3, 1, 3, 5, 1, 1]}, null, null, 40, false, [], false, 0, [], null, 0, 1744324230.7077167, 0, {}]
[{"0": [0, 3, 1, 0, 1, 1, 0, 1, 3, 2, 2, 3, 2, 2, 1, 4, 4]}, null, null, 40, false, [], false, 0, [], null, 0, 1744324230.896328, 0, {}]
[{"0": [3, 3, 30, 40, 1, 4, 2, 1, 2, 2, 2, 2, 1, 1, 2, 2, 1]}, null, null, 41, false, [], false, 0, [], null, 0, 1744324231.0890067, 0, {}]
[{"0": [2, 3, 2, 2, 3, 0, 3, 3, 1, 4, 30, 33, 38, 30, 32, 1, 0]}, null, null, 42, false, [], false, 0, [], null, 0, 1744324231.2971065, 0, {}]
[{"0": [35, 42, 25, 37, 29, 32, 32, 24, 27, 29, 0, 0, 3, 3, 1, 2, 0]}, null, null, 42, false, [], false, 0, [], null, 0, 1744324231.4781327, 0, {}]
[{"0": [2, 0, 5, 2, 3, 0, 1, 1, 2, 1, 0, 1, 0, 1, 0, 0, 4]}, null, null, 43, false, [], false, 0, [], null, 0, 1744324231.6802495, 0, {}]
[{"0": [1, 0, 1, 2, 1, 31, 14, 19, 26, 20, 3, 2, 1, 4, 6, 1, 1]}, null, null, 43, false, [], false, 0, [], null, 0, 1744324231.8725502, 0, {}]
[{"0": [1, 1, 2, 1, 22, 2, 1, 1, 3, 2, 2, 1, 4, 1, 4, 0, 1]}, null, null, 44, false, [], false, 0, [], null, 0, 1744324232.0605319, 0, {}]
[{"0": [4, 2, 1, 4, 1, 1, 1, 2, 1, 1, 2, 1, 2, 2, 1, 4, 28]}, null, null, 45, false, [], false, 0, [], null, 0, 1744324232.2578256, 0, {}]
[{"0": [1, 1, 1, 0, 2, 3, 3, 4, 0, 1, 2, 3, 2, 1, 2, 0, 30]}, null, null, 45, false, [], false, 0, [], null, 0, 1744324232.446044, 0, {}]
[{"0": [6, 0, 1, 2, 3, 1, 3, 0, 2, 1, 3, 40, 38, 32, 36, 31, 1]}, null, null, 46, false, [], false, 0, [], null, 0, 1744324232.6438818, 0, {}]
[{"0": [0, 1, 1, 2, 3, 2, 1, 0, 0, 0, 1, 4, 2, 0, 0, 2, 26]}, null, null, 46, false, [], false, 0, [], null, 0, 1744324232.8381906, 0, {}]
[{"0": [24, 28, 31, 39, 1, 2, 3, 2, 3, 4, 1, 1, 0, 4, 2, 2, 2]}, null, null, 47, false, [], false, 0, [], null, 0, 1744324233.023931, 0, {}]
[{"0": [0, 3, 2, 1, 1, 3, 4, 1, 3, 1, 1, 0, 24, 1, 6, 0, 1]}, null, null, 48, false, [], false, 0, [], null, 0, 1744324233.2177234, 0, {}]
[{"0": [3, 1, 3, 1, 1, 0, 2, 31, 28, 2, 1, 0, 1, 3, 0, 3, 3]}, null, null, 48, false, [], false, 0, [], null, 0, 1744324233.427588, 0, {}]
[{"0": [1, 3, 4, 3, 1, 0, 2, 0, 2, 3, 3, 28, 25, 2, 1, 4, 1]}, null, null, 49, false, [], false, 0, [], null, 0, 1744324233.6458516, 0, {}]
[{"0": [1, 1, 2, 22, 27, 38, 1, 0, 3, 2, 0, 3, 1, 1, 3, 4, 2]}, null, null, 49, false, [], false, 0, [], null, 0, 1744324233.859652, 0, {}]
[{"0": [0, 3, 2, 0, 0, 3, 1, 1, 4, 2, 1, 2, 1, 2, 2, 0, 29]}, null, null, 50, false, [], false, 0, [], null, 0, 1744324234.0797155, 0, {}]
[{"0": [2, 0, 1, 1, 2, 0, 2, 2, 1, 1, 2, 20, 0, 3, 0, 2, 3]}, null, null, 51, false, [], false, 0, [], null, 0, 1744324234.274523, 0, {}]
[{"0": [1, 3, 2, 1, 2, 5, 4, 1, 3, 1, 0, 25, 39, 0, 3, 2, 0]}, null, null, 51, false, [], false, 0, [], null, 0, 1744324234.502516, 0, {}]
[{"0": [2, 2, 0, 1, 5, 4, 2, 21, 34, 2, 4, 5, 1, 3, 1, 0, 1]}, null, null, 52, false, [], false, 0, [], null, 0, 1744324234.7038078, 0, {}]
[{"0": [0, 0, 2, 2, 3, 4, 1, 0, 24, 3, 1, 2, 3, 2, 1, 2, 2]}, null, null, 52, false, [], false, 0, [], null, 0, 1744324234.9123352, 0, {}]
[{"0": [0, 2, 2, 0, 5, 2, 2, 0, 24, 45, 3, 1, 2, 1, 1, 2, 0]}, null, null, 53, false, [], false, 0, [], null, 0, 1744324235.12721, 0, {}]
[{"0": [1, 3, 3, 5, 4, 2, 1, 1, 0, 1, 1, 3, 1, 0, 3, 5, 29]}, null, null, 54, false, [], false, 0, [], null, 0, 1744324235.3317897, 0, {}]
[{"0": [4, 1, 2, 0, 2, 2, 1, 1, 0, 3, 1, 0, 1, 2, 0, 33, 36]}, null, null, 54, false, [], false, 0, [], null, 0, 1744324235.5429497, 0, {}]
[{"0": [4, 1, 2, 0, 0, 27, 36, 20, 32, 31, 22, 1, 5, 3, 0, 1, 4]}, null, null, 55, false, [], false, 0, [], null, 0, 1744324235.7781081, 0, {}]
[{"0": [1, 1, 2, 3, 19, 28, 0, 1, 2, 2, 0, 2, 2, 0, 3, 1, 1]}, null, null, 55, false, [], false, 0, [], null, 0, 1744324235.9798565, 0, {}]
[{"0": [0, 3, 5, 2, 3, 5, 1, 2, 0, 2, 0, 3, 3, 4, 2, 2, 2]}, null, null, 56, false, [], false, 0, [], null, 0, 1744324236.1948662, 0, {}]
[{"0": [1, 4, 3, 0, 1, 1, 2, 3, 1, 4, 37, 36, 35, 1, 6, 2, 5]}, null, null, 57, false, [], false, 0, [], null, 0, 1744324236.3998806, 0, {}]
[{"0": [21, 29, 29, 24, 2, 1, 2, 1, 2, 6, 1, 2, 2, 0, 0, 1, 1]}, null, null, 57, false, [], false, 0, [], null, 0, 1744324236.6153018, 0, {}]
[{"0": [0, 2, 0, 1, 5, 0, 33, 32, 28, 2, 2, 2, 3, 1, 4, 1, 4]}, null, null, 58, false, [], false, 0, [], null, 0, 1744324236.8285213, 0, {}]
[{"0": [1, 0, 3, 1, 3, 2, 5, 2, 1, 3, 1, 1, 1, 1, 25, 26, 3]}, null, null, 58, false, [], false, 0, [], null, 0, 1744324237.0436254, 0, {}]
[{"0": [1, 2, 5, 2, 1, 0, 4, 5, 2, 29, 29, 3, 7, 3, 1, 1, 0]}, null, null, 59, false, [], false, 0, [], null, 0, 1744324237.2499578, 0, {}]
[{"0": [0, 0, 33, 34, 27, 33, 30, 25, 34, 39, 29, 29, 31, 31, 1, 1, 4]}, null, null, 60, false, [], false, 0, [], null, 0, 1744324237.4567246, 0, {}]
[{"0": [3, 1, 0, 1, 1, 30, 32, 22, 34, 38, 35, 33, 1, 2, 0, 1, 1]}, null, null, 60, false, [], false, 0, [], null, 0, 1744324237.684392, 0, {}]
[{"0": [1, 4, 2, 2, 0, 2, 3, 2, 2, 1, 2, 1, 1, 27, 29, 26, 25]}, null, null, 61, false, [], false, 0, [], null, 0, 1744324237.8822854, 0, {}]
[{"0": [1, 6, 4, 1, 1, 2, 1, 4, 2, 3, 3, 5, 1, 2, 0, 30, 23]}, null, null, 61, false, [], false, 0, [], null, 0, 1744324238.0991018, 0, {}]
[{"0": [3, 1, 1, 35, 2, 2, 2, 2, 3, 3, 6, 0, 3, 0, 2, 0, 2]}, null, null, 62, false, [], false, 0, [], null, 0, 1744324238.3199954, 0, {}]
[{"0": [4, 1, 1, 2, 5, 1, 5, 6, 1, 1, 1, 4, 4, 1, 1, 2, 1]}, null, null, 63, false, [], false, 0, [], null, 0, 1744324238.5344038, 0, {}]
[{"0": [3, 1, 0, 1, 2, 1, 37, 31, 36, 3, 2, 2, 3, 1, 2, 3, 1]}, null, null, 63, false, [], false, 0, [], null, 0, 1744324238.7326336, 0, {}]
[{"0": [2, 4, 1, 1, 1, 3, 4, 2, 0, 2, 33, 0, 1, 0, 1, 1, 0]}, null, null, 64, false, [], false, 0, [], null, 0, 1744324238.9401548, 0, {}]
[{"0": [2, 2, 3, 1, 0, 28, 0, 1, 2, 2, 3, 1, 1, 1, 2, 1, 3]}, null, null, 64, false, [], false, 0, [], null, 0, 1744324239.156231, 0, {}]
[{"0": [29, 43, 4, 2, 2, 1, 1, 3, 1, 1, 2, 3, 3, 3, 2, 2, 4]}, null, null, 65, false, [], false, 0, [], null, 0, 1744324239.3686001, 0, {}]
[{"0": [2, 1, 2, 1, 3, 0, 1, 3, 2, 2, 0, 0, 1, 1, 33, 21, 32]}, null, null, 66, false, [], false, 0, [], null, 0, 1744324239.5903592, 0, {}]
[{"0": [2, 1, 36, 35, 1, 1, 1, 2, 1, 6, 0, 0, 3, 2, 2, 1, 3]}, null, null, 66, false, [], false, 0, [], null, 0, 1744324239.7942076, 0, {}]
[{"0": [4, 1, 1, 2, 6, 2, 1, 1, 4, 4, 5, 2, 0, 3, 4, 2, 23]}, null, null, 67, false, [], false, 0, [], null, 0, 1744324240.0219364, 0, {}]
[{"0": [2, 0, 1, 2, 1, 2, 0, 4, 2, 0, 35, 32, 26, 29, 33, 36, 32]}, null, null, 67, false, [], false, 0, [], null, 0, 1744324240.2197623, 0, {}]
[{"0": [1, 2, 2, 3, 3, 2, 3, 0, 1, 1, 1, 1, 7, 2, 2, 2, 2]}, null, null, 68, false, [], false, 0, [], null, 0, 1744324240.4278214, 0, {}]
[{"0": [3, 2, 1, 3, 3, 1, 2, 37, 31, 23, 0, 2, 3, 2, 3, 2, 1]}, null, null, 69, false, [], false, 0, [], null, 0, 1744324240.6453452, 0, {}]
[{"0": [4, 1, 3, 2, 3, 2, 2, 3, 1, 0, 30, 33, 37, 33, 24, 33, 27]}, null, null, 69, false, [], false, 0, [], null, 0, 1744324240.8717537, 0, {}]
[{"0": [4, 0, 3, 1, 1, 3, 28, 22, 26, 28, 1, 3, 0, 3, 3, 2, 2]}, null, null, 70, false, [], false, 0, [], null, 0, 1744324241.0707843, 0, {}]
[{"0": [1, 2, 1, 3, 2, 2, 2, 1, 0, 5, 4, 0, 0, 28, 1, 1, 0]}, null, null, 70, false, [], false, 0, [], null, 0, 1744324241.2813144, 0, {}]
[{"0": [0, 0, 0, 3, 30, 32, 40, 17, 33, 27, 23, 1, 1, 2, 2, 3, 1]}, null, null, 71, false, [], false, 0, [], null, 0, 1744324241.4929843, 0, {}]
[{"0": [2, 0, 1, 1, 3, 2, 1, 1, 0, 1, 3, 40, 32, 2, 3, 3, 0]}, null, null, 72, false, [], false, 0, [], null, 0, 1744324241.709581, 0, {}]
[{"0": [38, 33, 1, 4, 1, 4, 1, 1, 4, 2, 2, 1, 3, 1, 1, 1, 2]}, null, null, 72, false, [], false, 0, [], null, 0, 1744324241.9313886, 0, {}]
[{"0": [0, 1, 1, 16, 25, 31, 30, 34, 2, 1, 5, 0, 0, 2, 2, 1, 2]}, null, null, 73, false, [], false, 0, [], null, 0, 1744324242.1476812, 0, {}]
[{"0": [2, 0, 0, 0, 0, 2, 2, 2, 1, 35, 22, 46, 40, 31, 25, 38, 28]}, null, null, 73, false, [], false, 0, [], null, 0, 1744324242.3444154, 0, {}]
[{"0": [2, 3, 1, 3, 3, 4, 1, 2, 3, 4, 34, 0, 1, 3, 6, 2, 1]}, null, null, 74, false, [], false, 0, [], null, 0, 1744324242.5560775, 0, {}]
[{"0": [2, 3, 26, 25, 22, 32, 46, 26, 30, 27, 2, 5, 0, 1, 0, 0, 4]}, null, null, 75, false, [], false, 0, [], null, 0, 1744324242.767756, 0, {}]
[{"0": [0, 2, 0, 1, 6, 1, 0, 2, 3, 2, 20, 30, 26, 28, 35, 32, 25]}, null, null, 75, false, [], false, 0, [], null, 0, 1744324242.9790285, 0, {}]
[{"0": [24, 30, 25, 26, 34, 7, 1, 1, 3, 2, 1, 2, 0, 3, 1, 2, 1]}, null, null, 76, false, [], false, 0, [], null, 0, 1744324243.2098029, 0, {}]
[{"0": [1, 2, 1, 0, 4, 1, 0, 2, 2, 3, 37, 27, 35, 23, 5, 3, 1]}, null, null, 77, false, [], false, 0, [], null, 0, 1744324243.4565322, 0, {}]
[{"0": [2, 4, 1, 3, 3, 4, 2, 2, 2, 2, 2, 5, 35, 34, 36, 29, 28]}, null, null, 77, false, [], false, 0, [], null, 0, 1744324243.6774378, 0, {}]
[{"0": [1, 1, 41, 39, 32, 3, 7, 1, 0, 5, 3, 3, 1, 1, 1, 4, 5]}, null, null, 78, false, [], false, 0, [], null, 0, 1744324243.9205859, 0, {}]
[{"0": [0, 1, 0, 28, 34, 34, 4, 1, 0, 2, 2, 1, 1, 5, 2, 4, 3]}, null, null, 78, false, [], false, 0, [], null, 0, 1744324244.1405194, 0, {}]
[{"0": [3, 5, 1, 1, 2, 2, 35, 3, 1, 2, 1, 1, 1, 1, 2, 8, 2]}, null, null, 79, false, [], false, 0, [], null, 0, 1744324244.3740919, 0, {}]
[{"0": [0, 2, 1, 1, 1, 1, 19, 33, 32, 29, 2, 4, 4, 2, 3, 5, 2]}, null, null, 80, false, [], false, 0, [], null, 0, 1744324244.6097705, 0, {}]
[{"0": [3, 1, 1, 1, 0, 4, 43, 0, 0, 1, 2, 1, 1, 3, 1, 2, 0]}, null, null, 80, false, [], false, 0, [], null, 0, 1744324244.8607285, 0, {}]
[{"0": [4, 2, 3, 2, 1, 3, 3, 1, 0, 2, 2, 3, 2, 1, 1, 32, 36]}, null, null, 81, false, [], false, 0, [], null, 0, 1744324245.0777242, 0, {}]
[{"0": [4, 1, 3, 3, 1, 1, 3, 2, 39, 28, 1, 3, 1, 0, 2, 1, 3]}, null, null, 81, false, [], false, 0, [], null, 0, 1744324245.318802, 0, {}]
[{"0": [2, 2, 32, 24, 22, 27, 31, 1, 2, 2, 0, 0, 0, 6, 1, 1, 2]}, null, null, 82, false, [], false, 0, [], null, 0, 1744324245.5448008, 0, {}]
[{"0": [0, 1, 1, 2, 2, 0, 2, 0, 3, 1, 3, 3, 3, 2, 3, 4, 31]}, null, null, 83, false, [], false, 0, [], null, 0, 1744324245.7796469, 0, {}]
[{"0": [1, 0, 2, 0, 2, 6, 0, 1, 2, 1, 0, 3, 4, 1, 33, 31, 0]}, null, null, 83, false, [], false, 0, [], null, 0, 1744324246.0160873, 0, {}]
[{"0": [1, 0, 1, 2, 2, 1, 2, 1, 1, 36, 2, 1, 0, 3, 4, 3, 3]}, null, null, 84, false, [], false, 0, [], null, 0, 1744324246.2408488, 0, {}]
[{"0": [0, 2, 2, 0, 1, 34, 2, 4, 5, 1, 1, 0, 0, 7, 2, 3, 1]}, null, null, 84, false, [], false, 0, [], null, 0, 1744324246.4869077, 0, {}]
[{"0": [2, 2, 1, 0, 0, 3, 2, 2, 25, 26, 28, 35, 21, 40, 30, 28, 34]}, null, null, 85, false, [], false, 0, [], null, 0, 1744324246.716619, 0, {}]
[{"0": [3, 5, 3, 2, 2, 1, 2, 35, 34, 35, 22, 36, 28, 33, 32, 36, 1]}, null, null, 86, false, [], false, 0, [], null, 0, 1744324246.954494, 0, {}]
[{"0": [0, 1, 29, 35, 31, 32, 32, 0, 1, 0, 1, 1, 1, 4, 2, 2, 0]}, null, null, 86, false, [], false, 0, [], null, 0, 1744324247.190717, 0, {}]
[{"0": [1, 1, 1, 3, 34, 27, 3, 3, 1, 1, 0, 2, 3, 2, 0, 3, 0]}, null, null, 87, false, [], false, 0, [], null, 0, 1744324247.4146013, 0, {}]
[{"0": [35, 28, 22, 25, 32, 29, 3, 2, 1, 2, 2, 4, 0, 0, 2, 1, 1]}, null, null, 87, false, [], false, 0, [], null, 0, 1744324247.6452162, 0, {}]
[{"0": [0, 3, 1, 3, 2, 2, 27, 25, 32, 21, 29, 27, 37, 36, 35, 0, 1]}, null, null, 88, false, [], false, 0, [], null, 0, 1744324247.883311, 0, {}]
[{"0": [1, 3, 1, 4, 2, 3, 1, 2, 24, 2, 2, 2, 3, 2, 0, 1, 4]}, null, null, 89, false, [], false, 0, [], null, 0, 1744324248.11727, 0, {}]
[{"0": [4, 2, 30, 34, 4, 2, 0, 1, 0, 1, 1, 3, 5, 1, 2, 1, 3]}, null, null, 89, false, [], false, 0, [], null, 0, 1744324248.3511393, 0, {}]
[{"0": [0, 1, 1, 0, 0, 2, 2, 25, 3, 2, 2, 0, 1, 0, 2, 1, 3]}, null, null, 90, false, [], false, 0, [], null, 0, 1744324248.5809412, 0, {}]
[{"0": [1, 0, 2, 3, 35, 2, 1, 1, 3, 2, 1, 2, 3, 0, 1, 3, 1]}, null, null, 90, false, [], false, 0, [], null, 0, 1744324248.8136778, 0, {}]
[{"0": [3, 1, 0, 1, 2, 1, 2, 4, 34, 2, 2, 1, 2, 4, 1, 2, 2]}, null, null, 91, false, [], false, 0, [], null, 0, 1744324249.0627682, 0, {}]
[{"0": [1, 0, 33, 3, 4, 2, 3, 2, 2, 2, 4, 3, 4, 2, 4, 2, 3]}, null, null, 92, false, [], false, 0, [], null, 0, 1744324249.28487, 0, {}]
[{"0": [1, 1, 2, 0, 0, 23, 4, 0, 2, 0, 2, 1, 2, 0, 3, 1, 2]}, null, null, 92, false, [], false, 0, [], null, 0, 1744324249.5262713, 0, {}]
[{"0": [1, 2, 2, 4, 24, 29, 29, 1, 2, 4, 0, 3, 2, 1, 2, 2, 1]}, null, null, 93, false, [], false, 0, [], null, 0, 1744324249.755403, 0, {}]
[{"0": [40, 31, 2, 2, 4, 0, 0, 2, 2, 2, 1, 2, 4, 0, 1, 1, 2]}, null, null, 93, false, [], false, 0, [], null, 0, 1744324249.994368, 0, {}]
[{"0": [4, 1, 4, 3, 2, 1, 2, 3, 1, 3, 2, 0, 0, 2, 3, 2, 20]}, null, null, 94, false, [], false, 0, [], null, 0, 1744324250.2241743, 0, {}]
[{"0": [4, 0, 5, 1, 3, 4, 2, 2, 2, 0, 2, 1, 0, 2, 44, 44, 28]}, null, null, 95, false, [], false, 0, [], null, 0, 1744324250.4667573, 0, {}]
[{"0": [3, 1, 1, 5, 3, 1, 1, 0, 0, 1, 2, 3, 33, 31, 31, 2, 1]}, null, null, 95, false, [], false, 0, [], null, 0, 1744324250.6865864, 0, {}]
[{"0": [2, 2, 1, 3, 0, 0, 4, 1, 4, 4, 2, 1, 1, 1, 3, 2, 22]}, null, null, 96, false, [], false, 0, [], null, 0, 1744324250.9405284, 0, {}]
[{"0": [1, 3, 0, 0, 1, 3, 2, 3, 2, 4, 30, 35, 37, 28, 33, 27, 32]}, null, null, 96, false, [], false, 0, [], null, 0, 1744324251.1664488, 0, {}]
[{"0": [0, 1, 2, 0, 4, 0, 3, 0, 0, 5, 1, 19, 35, 4, 5, 0, 1]}, null, null, 97, false, [], false, 0, [], null, 0, 1744324251.393622, 0, {}]
[{"0": [2, 2, 1, 0, 32, 29, 25, 31, 2, 0, 0, 2, 0, 3, 1, 5, 1]}, null, null, 98, false, [], false, 0, [], null, 0, 1744324251.6230485, 0, {}]
[{"0": [2, 2, 2, 0, 1, 0, 1, 1, 1, 0, 3, 3, 0, 1, 2, 4, 3]}, null, null, 98, false, [], false, 0, [], null, 0, 1744324251.8531322, 0, {}]
[{"0": [3, 1, 1, 3, 2, 2, 2, 0, 20, 25, 31, 27, 3, 1, 1, 5, 1]}, null, null, 99, false, [], false, 0, [], null, 0, 1744324252.0839994, 0, {}]
[{"0": [3, 1, 5, 2, 4, 2, 0, 3, 2, 4, 1, 26, 30, 32, 2, 4, 3]}, null, null, 99, false, [], false, 0, [], null, 0, 1744324252.3304255, 0, {}]
[{"0": [3, 1, 5, 3, 2, 0, 25, 36, 31, 3, 3, 3, 1, 1, 5, 1, 2]}, null, null, 100, false, [], false, 0, [], null, 0, 1744324252.554499, 0, {}]
[{"0": [2, 1, 0, 3, 1, 1, 33, 22, 35, 42, 0, 1, 0, 1, 2, 1, 2]}, null, null, 101, false, [], false, 0, [], null, 0, 1744324252.7945876, 0, {}]
[{"0": [0, 1, 3, 1, 2, 3, 0, 2, 3, 2, 2, 1, 2, 23, 24, 26, 26]}, null, null, 101, false, [], false, 0, [], null, 0, 1744324253.0295706, 0, {}]
[{"0": [3, 2, 1, 1, 2, 1, 2, 1, 3, 3, 3, 1, 2, 1, 3, 2, 27]}, null, null, 102, false, [], false, 0, [], null, 0, 1744324253.2731915, 0, {}]
[{"0": [0, 1, 0, 0, 0, 3, 1, 3, 1, 0, 2, 3, 24, 25, 20, 30, 20]}, null, null, 102, false, [], false, 0, [], null, 0, 1744324253.4995546, 0, {}]
[{"0": [1, 2, 19, 30, 32, 35, 29, 31, 25, 33, 3, 3, 1, 2, 0, 4, 0]}, null, null, 103, false, [], false, 0, [], null, 0, 1744324253.7288513, 0, {}]
[{"0": [2, 1, 1, 1, 3, 2, 1, 4, 2, 2, 2, 2, 0, 2, 0, 2, 3]}, null, null, 104, false, [], false, 0, [], null, 0, 1744324253.9496124, 0, {}]
[{"0": [1, 2, 7, 0, 3, 1, 0, 0, 2, 1, 5, 2, 0, 0, 25, 26, 28]}, null, null, 104, false, [], false, 0, [], null, 0, 1744324254.1525874, 0, {}]
[{"0": [2, 0, 4, 2, 1, 4, 1, 1, 4, 2, 2, 1, 1, 3, 34, 29, 29]}, null, null, 105, false, [], false, 0, [], null, 0, 1744324254.36377, 0, {}]
[{"0": [2, 3, 1, 1, 2, 0, 2, 1, 0, 0, 1, 4, 30, 22, 30, 33, 1]}, null, null, 105, false, [], false, 0, [], null, 0, 1744324254.5821574, 0, {}]
[{"0": [3, 2, 0, 4, 1, 1, 3, 1, 1, 1, 1, 0, 1, 2, 0, 4, 24]}, null, null, 106, false, [], false, 0, [], null, 0, 1744324254.7805972, 0, {}]
[{"0": [1, 1, 2, 35, 22, 29, 20, 33, 33, 33, 32, 1, 0, 2, 0, 2, 0]}, null, null, 107, false, [], false, 0, [], null, 0, 1744324254.9905212, 0, {}]
[{"0": [3, 0, 0, 0, 0, 0, 3, 4, 0, 3, 0, 1, 2, 4, 36, 25, 36]}, null, null, 107, false, [], false, 0, [], null, 0, 1744324255.2004154, 0, {}]
[{"0": [1, 2, 1, 0, 2, 5, 1, 4, 2, 6, 1, 0, 0, 0, 3, 0, 31]}, null, null, 108, false, [], false, 0, [], null, 0, 1744324255.4125624, 0, {}]
[{"0": [1, 0, 2, 2, 1, 2, 0, 1, 2, 0, 3, 0, 3, 2, 0, 0, 1]}, null, null, 108, false, [], false, 0, [], null, 0, 1744324255.6174679, 0, {}]
[{"0": [2, 1, 2, 1, 39, 41, 4, 2, 3, 1, 2, 1, 2, 1, 1, 4, 1]}, null, null, 109, false, [], false, 0, [], null, 0, 1744324255.8449862, 0, {}]
[{"0": [3, 2, 2, 3, 1, 2, 1, 0, 4, 2, 1, 1, 2, 3, 2, 28, 24]}, null, null, 110, false, [], false, 0, [], null, 0, 1744324256.0398538, 0, {}]
[{"0": [1, 32, 24, 25, 30, 27, 30, 38, 35, 36, 1, 1, 2, 3, 2, 1, 1]}, null, null, 110, false, [], false, 0, [], null, 0, 1744324256.2530346, 0, {}]
[{"0": [1, 4, 2, 4, 0, 1, 2, 1, 3, 3, 4, 3, 32, 1, 0, 1, 3]}, null, null, 111, false, [], false, 0, [], null, 0, 1744324256.4659736, 0, {}]
[{"0": [3, 2, 1, 5, 28, 28, 39, 34, 26, 39, 2, 2, 3, 2, 3, 0, 3]}, null, null, 111, false, [], false, 0, [], null, 0, 1744324256.6821487, 0, {}]
[{"0": [2, 0, 3, 41, 30, 39, 0, 1, 1, 2, 1, 1, 3, 1, 0, 5, 1]}, null, null, 112, false, [], false, 0, [], null, 0, 1744324256.8929088, 0, {}]
[{"0": [2, 2, 4, 1, 5, 0, 2, 1, 2, 2, 33, 24, 1, 3, 2, 2, 0]}, null, null, 113, false, [], false, 0, [], null, 0, 1744324257.1006782, 0, {}]
[{"0": [2, 1, 4, 1, 1, 1, 1, 2, 3, 2, 1, 1, 1, 1, 3, 1, 18]}, null, null, 113, false, [], false, 0, [], null, 0, 1744324257.3100843, 0, {}]
[{"0": [5, 1, 2, 1, 3, 2, 2, 0, 1, 3, 2, 1, 3, 28, 2, 0, 1]}, null, null, 114, false, [], false, 0, [], null, 0, 1744324257.5178955, 0, {}]
[{"0": [2, 1, 1, 0, 2, 1, 4, 0, 3, 2, 4, 2, 2, 25, 2, 3, 1]}, null, null, 114, false, [], false, 0, [], null, 0, 1744324257.7335982, 0, {}]
[{"0": [1, 0, 1, 2, 2, 1, 1, 2, 0, 3, 0, 1, 1, 2, 2, 1, 30]}, null, null, 115, false, [], false, 0, [], null, 0, 1744324257.9371722, 0, {}]
[{"0": [0, 2, 2, 1, 22, 37, 37, 32, 26, 28, 1, 2, 3, 1, 4, 0, 4]}, null, null, 116, false, [], false, 0, [], null, 0, 1744324258.138274, 0, {}]
[{"0": [4, 2, 1, 2, 1, 1, 1, 3, 0, 3, 2, 25, 28, 34, 23, 31, 21]}, null, null, 116, false, [], false, 0, [], null, 0, 1744324258.3622308, 0, {}]
[{"0": [3, 0, 1, 1, 1, 0, 0, 2, 1, 1, 0, 1, 2, 1, 25, 34, 34]}, null, null, 117, false, [], false, 0, [], null, 0, 1744324258.5654151, 0, {}]
[{"0": [2, 4, 0, 3, 1, 2, 2, 2, 4, 1, 0, 23, 22, 35, 24, 26, 30]}, null, null, 117, false, [], false, 0, [], null, 0, 1744324258.7778237, 0, {}]
[{"0": [2, 0, 3, 37, 35, 27, 1, 1, 2, 2, 2, 2, 2, 2, 2, 3, 0]}, null, null, 118, false, [], false, 0, [], null, 0, 1744324258.9874856, 0, {}]
[{"0": [1, 2, 1, 2, 5, 2, 0, 1, 1, 2, 3, 2, 3, 0, 33, 28, 31]}, null, null, 119, false, [], false, 0, [], null, 0, 1744324259.2010903, 0, {}]
[{"0": [1, 2, 32, 24, 37, 28, 34, 27, 28, 1, 3, 0, 2, 0, 3, 1, 4]}, null, null, 119, false, [], false, 0, [], null, 0, 1744324259.4059699, 0, {}]
[{"0": [6, 1, 3, 1, 1, 1, 0, 3, 0, 2, 3, 2, 6, 1, 2, 2, 4]}, null, null, 120, false, [], false, 0, [], null, 0, 1744324259.6208456, 0, {}]
[{"0": [3, 1, 1, 32, 29, 0, 0, 3, 0, 2, 1, 0, 3, 2, 0, 2, 4]}, null, null, 120, false, [], false, 0, [], null, 0, 1744324259.8363314, 0, {}]
[{"0": [0, 3, 2, 1, 4, 0, 3, 1, 2, 4, 5, 1, 1, 2, 1, 7, 0]}, null, null, 121, false, [], false, 0, [], null, 0, 1744324260.0399115, 0, {}]
[{"0": [3, 3, 2, 3, 3, 4, 3, 1, 6, 3, 2, 2, 4, 0, 3, 2, 30]}, null, null, 122, false, [], false, 0, [], null, 0, 1744324260.2620416, 0, {}]
[{"0": [2, 2, 2, 3, 2, 1, 24, 31, 1, 2, 0, 0, 2, 3, 1, 1, 3]}, null, null, 122, false, [], false, 0, [], null, 0, 1744324260.4556026, 0, {}]
[{"0": [2, 0, 0, 2, 3, 0, 2, 1, 1, 1, 1, 3, 5, 2, 30, 40, 24]}, null, null, 123, false, [], false, 0, [], null, 0, 1744324260.6730227, 0, {}]
[{"0": [4, 1, 0, 2, 3, 5, 1, 1, 0, 0, 1, 5, 1, 2, 0, 3, 1]}, null, null, 123, false, [], false, 0, [], null, 0, 1744324260.8880136, 0, {}]
[{"0": [0, 2, 1, 1, 1, 31, 33, 28, 28, 26, 1, 0, 3, 2, 1, 3, 4]}, null, null, 124, false, [], false, 0, [], null, 0, 1744324261.094741, 0, {}]
[{"0": [30, 36, 23, 3, 0, 3, 4, 3, 3, 6, 1, 4, 2, 2, 3, 1, 2]}, null, null, 125, false, [], false, 0, [], null, 0, 1744324261.3078246, 0, {}]
[{"0": [1, 1, 3, 2, 3, 6, 3, 28, 33, 38, 1, 5, 3, 0, 2, 3, 2]}, null, null, 125, false, [], false, 0, [], null, 0, 1744324261.5152557, 0, {}]
[{"0": [1, 4, 1, 3, 4, 0, 1, 2, 4, 2, 29, 33, 31, 36, 31, 32, 26]}, null, null, 126, false, [], false, 0, [], null, 0, 1744324261.7150874, 0, {}]
[{"0": [1, 2, 3, 3, 34, 0, 3, 2, 2, 0, 2, 2, 1, 2, 2, 1, 3]}, null, null, 127, false, [], false, 0, [], null, 0, 1744324261.9297473, 0, {}]
[{"0": [0, 1, 0, 2, 4, 1, 1, 3, 4, 36, 37, 27, 36, 31, 38, 32, 40]}, null, null, 127, false, [], false, 0, [], null, 0, 1744324262.1337438, 0, {}]
[{"0": [2, 4, 0, 2, 1, 2, 2, 3, 1, 3, 2, 2, 3, 0, 1, 1, 2]}, null, null, 128, false, [], false, 0, [], null, 0, 1744324262.3508766, 0, {}]
[{"0": [3, 2, 2, 2, 1, 2, 1, 1, 1, 2, 4, 3, 2, 1, 0, 4, 3]}, null, null, 128, false, [], false, 0, [], null, 0, 1744324262.5631826, 0, {}]
[{"0": [1, 0, 0, 4, 4, 1, 3, 2, 4, 2, 1, 1, 1, 1, 1, 36, 36]}, null, null, 129, false, [], false, 0, [], null, 0, 1744324262.762644, 0, {}]
[{"0": [2, 0, 1, 1, 25, 32, 36, 23, 0, 3, 0, 0, 4, 3, 5, 1, 0]}, null, null, 130, false, [], false, 0, [], null, 0, 1744324262.9800432, 0, {}]
[{"0": [1, 1, 4, 3, 4, 2, 1, 3, 4, 4, 30, 26, 30, 2, 3, 3, 2]}, null, null, 130, false, [], false, 0, [], null, 0, 1744324263.1941476, 0, {}]
[{"0": [0, 2, 0, 1, 0, 0, 3, 0, 2, 33, 38, 31, 1, 0, 1, 0, 2]}, null, null, 131, false, [], false, 0, [], null, 0, 1744324263.4167204, 0, {}]
[{"0": [1, 0, 2, 1, 3, 3, 1, 1, 3, 32, 29, 34, 41, 37, 26, 32, 28]}, null, null, 131, false, [], false, 0, [], null, 0, 1744324263.623627, 0, {}]
[{"0": [1, 3, 35, 30, 29, 30, 37, 31, 35, 32, 23, 24, 29, 28, 1, 0, 1]}, null, null, 132, false, [], false, 0, [], null, 0, 1744324263.842362, 0, {}]
[{"0": [5, 2, 3, 2, 0, 3, 1, 22, 31, 3, 1, 1, 2, 4, 3, 3, 2]}, null, null, 133, false, [], false, 0, [], null, 0, 1744324264.0479004, 0, {}]
[{"0": [3, 3, 1, 1, 3, 1, 2, 0, 2, 2, 1, 1, 2, 0, 0, 3, 36]}, null, null, 133, false, [], false, 0, [], null, 0, 1744324264.273595, 0, {}]
[{"0": [3, 3, 3, 4, 1, 3, 3, 2, 1, 33, 28, 35, 36, 32, 31, 36, 41]}, null, null, 134, false, [], false, 0, [], null, 0, 1744324264.4799871, 0, {}]
[{"0": [3, 2, 3, 3, 2, 2, 5, 0, 0, 2, 1, 1, 1, 2, 2, 4, 32]}, null, null, 134, false, [], false, 0, [], null, 0, 1744324264.6956, 0, {}]
[{"0": [2, 3, 2, 5, 3, 0, 1, 4, 2, 2, 0, 4, 3, 2, 1, 26, 1]}, null, null, 135, false, [], false, 0, [], null, 0, 1744324264.9238794, 0, {}]
[{"0": [4, 1, 2, 1, 0, 32, 22, 26, 34, 30, 38, 32, 0, 3, 4, 1, 1]}, null, null, 136, false, [], false, 0, [], null, 0, 1744324265.1282597, 0, {}]
[{"0": [0, 3, 3, 8, 0, 1, 1, 3, 1, 0, 0, 33, 29, 26, 33, 27, 28]}, null, null, 136, false, [], false, 0, [], null, 0, 1744324265.3520484, 0, {}]
[{"0": [2, 2, 0, 4, 3, 1, 1, 2, 2, 3, 1, 2, 2, 35, 39, 36, 24]}, null, null, 137, false, [], false, 0, [], null, 0, 1744324265.581555, 0, {}]
[{"0": [2, 2, 0, 0, 2, 0, 2, 0, 2, 4, 1, 1, 1, 4, 35, 1, 2]}, null, null, 137, false, [], false, 0, [], null, 0, 1744324265.7858963, 0, {}]
[{"0": [1, 3, 4, 3, 1, 2, 2, 5, 0, 3, 2, 0, 1, 33, 23, 0, 0]}, null, null, 138, false, [], false, 0, [], null, 0, 1744324265.9909685, 0, {}]
[{"0": [1, 5, 1, 0, 6, 2, 0, 1, 2, 2, 1, 1, 1, 3, 2, 0, 4]}, null, null, 139, false, [], false, 0, [], null, 0, 1744324266.2120547, 0, {}]
[{"0": [3, 1, 1, 3, 1, 1, 0, 4, 3, 1, 0, 4, 37, 1, 0, 1, 2]}, null, null, 139, false, [], false, 0, [], null, 0, 1744324266.4424522, 0, {}]
[{"0": [0, 0, 2, 1, 0, 1, 1, 0, 1, 3, 1, 2, 5, 0, 2, 1, 37]}, null, null, 140, false, [], false, 0, [], null, 0, 1744324266.6481013, 0, {}]
[{"0": [3, 4, 0, 3, 2, 3, 0, 1, 2, 2, 0, 5, 29, 31, 0, 1, 2]}, null, null, 140, false, [], false, 0, [], null, 0, 1744324266.8664255, 0, {}]
[{"0": [1, 1, 27, 0, 1, 4, 2, 0, 2, 2, 0, 0, 4, 2, 1, 2, 1]}, null, null, 141, false, [], false, 0, [], null, 0, 1744324267.0839741, 0, {}]
[{"0": [2, 1, 1, 3, 4, 4, 1, 2, 1, 3, 36, 28, 28, 25, 28, 35, 37]}, null, null, 142, false, [], false, 0, [], null, 0, 1744324267.2931838, 0, {}]
[{"0": [0, 2, 0, 2, 3, 0, 2, 1, 2, 2, 3, 1, 31, 33, 26, 33, 29]}, null, null, 142, false, [], false, 0, [], null, 0, 1744324267.5247884, 0, {}]
[{"0": [5, 2, 3, 3, 0, 2, 0, 3, 1, 1, 1, 1, 1, 1, 27, 3, 4]}, null, null, 143, false, [], false, 0, [], null, 0, 1744324267.7262552, 0, {}]
[{"0": [1, 2, 3, 3, 2, 3, 3, 3, 1, 2, 3, 25, 0, 2, 3, 3, 0]}, null, null, 143, false, [], false, 0, [], null, 0, 1744324267.942882, 0, {}]
[{"0": [0, 2, 4, 1, 1, 32, 20, 4, 3, 2, 3, 3, 1, 1, 1, 1, 3]}, null, null, 144, false, [], false, 0, [], null, 0, 1744324268.1627228, 0, {}]
[{"0": [2, 0, 3, 38, 40, 30, 40, 41, 0, 2, 3, 4, 5, 2, 2, 1, 2]}, null, null, 145, false, [], false, 0, [], null, 0, 1744324268.378852, 0, {}]
[{"0": [1, 1, 0, 2, 22, 23, 24, 32, 30, 25, 1, 2, 2, 1, 2, 3, 4]}, null, null, 145, false, [], false, 0, [], null, 0, 1744324268.5945945, 0, {}]
[{"0": [4, 1, 4, 4, 0, 2, 2, 26, 44, 38, 29, 27, 1, 2, 2, 2, 1]}, null, null, 146, false, [], false, 0, [], null, 0, 1744324268.8186085, 0, {}]
[{"0": [4, 3, 0, 2, 2, 28, 31, 25, 1, 1, 2, 5, 2, 2, 0, 3, 2]}, null, null, 146, false, [], false, 0, [], null, 0, 1744324269.026547, 0, {}]
[{"0": [5, 3, 3, 3, 3, 0, 1, 2, 1, 5, 0, 5, 26, 35, 21, 26, 28]}, null, null, 147, false, [], false, 0, [], null, 0, 1744324269.258273, 0, {}]
[{"0": [26, 33, 35, 25, 1, 5, 0, 0, 1, 4, 4, 1, 1, 3, 1, 3, 3]}, null, null, 148, false, [], false, 0, [], null, 0, 1744324269.4788394, 0, {}]
[{"0": [1, 0, 17, 24, 22, 30, 2, 4, 0, 3, 0, 1, 1, 1, 0, 0, 1]}, null, null, 148, false, [], false, 0, [], null, 0, 1744324269.6948235, 0, {}]
[{"0": [1, 2, 2, 2, 3, 4, 1, 1, 2, 30, 4, 0, 1, 3, 2, 3, 2]}, null, null, 149, false, [], false, 0, [], null, 0, 1744324269.9109085, 0, {}]
[{"0": [3, 2, 1, 1, 2, 1, 2, 3, 2, 2, 2, 1, 1, 32, 17, 0, 0]}, null, null, 149, false, [], false, 0, [], null, 0, 1744324270.1128337, 0, {}]
[{"0": [1, 1, 2, 3, 0, 0, 2, 1, 0, 40, 27, 0, 0, 1, 3, 3, 2]}, null, null, 150, true, [], false, 0, [], null, 0, 1744324270.3288329, 0, {}]
