[{"0": [27, 2, 2, 1, 2, 2, 3, 2, 0, 3, 3, 1, 1, 2, 2, 1, 2, 1]}, null, null, 0, false, [], false, 0, [], null, 0, 1744332419.400536, 0, {}]
[{"0": [3, 30, 34, 30, 0, 3, 1, 1, 4, 2, 22, 0, 29, 2, 3, 2, 1, 0]}, null, null, 1, false, [], false, 0, [], null, 0, 1744332419.642175, 0, {}]
[{"0": [1, 0, 2, 4, 4, 0, 1, 1, 2, 1, 1, 4, 3, 29, 2, 3, 0, 1]}, null, null, 1, false, [], false, 0, [], null, 0, 1744332419.8627186, 0, {}]
[{"0": [33, 29, 34, 26, 40, 3, 30, 0, 36, 33, 31, 27, 36, 30, 30, 32, 30, 31]}, null, null, 2, false, [], false, 0, [], null, 0, 1744332420.0615647, 0, {}]
[{"0": [19, 29, 3, 29, 2, 26, 1, 2, 24, 26, 34, 37, 35, 31, 34, 34, 30, 23]}, null, null, 2, false, [], false, 0, [], null, 0, 1744332420.2901065, 0, {}]
[{"0": [33, 28, 26, 0, 29, 30, 41, 29, 49, 35, 0, 2, 2, 2, 3, 3, 25, 42]}, null, null, 3, false, [], false, 0, [], null, 0, 1744332420.5137036, 0, {}]
[{"0": [26, 33, 23, 30, 25, 26, 0, 2, 4, 2, 3, 1, 0, 1, 3, 25, 32, 34]}, null, null, 4, false, [], false, 0, [], null, 0, 1744332420.7138207, 0, {}]
[{"0": [34, 40, 35, 28, 24, 2, 1, 1, 2, 1, 3, 3, 0, 2, 3, 2, 3, 1]}, null, null, 4, false, [], false, 0, [], null, 0, 1744332420.9303923, 0, {}]
[{"0": [0, 43, 30, 24, 27, 39, 24, 28, 35, 33, 26, 36, 2, 34, 0, 2, 35, 1]}, null, null, 5, false, [], false, 0, [], null, 0, 1744332421.1487463, 0, {}]
[{"0": [1, 39, 28, 27, 32, 30, 38, 34, 29, 0, 38, 2, 32, 4, 2, 2, 2, 0]}, null, null, 5, false, [], false, 0, [], null, 0, 1744332421.373343, 0, {}]
[{"0": [31, 35, 37, 34, 46, 35, 1, 35, 24, 33, 1, 2, 1, 1, 3, 1, 0, 3]}, null, null, 6, false, [], false, 0, [], null, 0, 1744332421.5854912, 0, {}]
[{"0": [35, 2, 25, 2, 24, 29, 3, 43, 3, 1, 3, 2, 5, 0, 0, 6, 2, 1]}, null, null, 7, false, [], false, 0, [], null, 0, 1744332421.7953565, 0, {}]
[{"0": [36, 1, 2, 1, 2, 4, 3, 32, 33, 26, 31, 32, 24, 33, 26, 29, 23, 3]}, null, null, 7, false, [], false, 0, [], null, 0, 1744332422.0292273, 0, {}]
[{"0": [27, 1, 0, 3, 4, 24, 37, 21, 28, 32, 26, 32, 27, 29, 31, 37, 38, 26]}, null, null, 8, false, [], false, 0, [], null, 0, 1744332422.230838, 0, {}]
[{"0": [37, 29, 22, 36, 31, 1, 1, 3, 3, 40, 36, 33, 35, 22, 26, 3, 0, 33]}, null, null, 8, false, [], false, 0, [], null, 0, 1744332422.4434848, 0, {}]
[{"0": [34, 27, 32, 19, 33, 31, 28, 27, 3, 5, 2, 2, 35, 36, 1, 28, 3, 26]}, null, null, 9, false, [], false, 0, [], null, 0, 1744332422.6618998, 0, {}]
[{"0": [0, 29, 28, 20, 17, 27, 38, 24, 34, 29, 26, 4, 23, 32, 4, 34, 2, 1]}, null, null, 10, false, [], false, 0, [], null, 0, 1744332422.8792317, 0, {}]
[{"0": [36, 34, 25, 27, 32, 30, 29, 0, 37, 6, 34, 1, 20, 0, 2, 1, 3, 2]}, null, null, 10, false, [], false, 0, [], null, 0, 1744332423.0931034, 0, {}]
[{"0": [30, 32, 21, 42, 3, 33, 0, 5, 1, 4, 4, 4, 2, 2, 1, 1, 7, 3]}, null, null, 11, false, [], false, 0, [], null, 0, 1744332423.3302648, 0, {}]
[{"0": [27, 35, 0, 25, 2, 34, 4, 29, 26, 27, 37, 26, 32, 2, 3, 1, 1, 2]}, null, null, 11, false, [], false, 0, [], null, 0, 1744332423.547019, 0, {}]
[{"0": [24, 1, 21, 27, 31, 25, 29, 27, 28, 29, 36, 40, 32, 22, 29, 25, 29, 36]}, null, null, 12, false, [], false, 0, [], null, 0, 1744332423.7519357, 0, {}]
[{"0": [35, 4, 4, 2, 2, 2, 0, 1, 7, 2, 1, 1, 1, 2, 0, 2, 1, 2]}, null, null, 13, false, [], false, 0, [], null, 0, 1744332423.979268, 0, {}]
[{"0": [35, 1, 3, 2, 1, 2, 1, 0, 1, 2, 2, 0, 3, 1, 2, 30, 40, 3]}, null, null, 13, false, [], false, 0, [], null, 0, 1744332424.2021663, 0, {}]
[{"0": [4, 3, 4, 2, 2, 0, 2, 1, 4, 42, 26, 27, 3, 22, 2, 38, 36, 1]}, null, null, 14, false, [], false, 0, [], null, 0, 1744332424.4055233, 0, {}]
[{"0": [1, 5, 2, 1, 1, 1, 2, 1, 3, 21, 31, 1, 30, 0, 25, 3, 1, 2]}, null, null, 14, false, [], false, 0, [], null, 0, 1744332424.6267548, 0, {}]
[{"0": [33, 42, 43, 29, 27, 0, 24, 26, 1, 29, 2, 1, 2, 2, 1, 0, 2, 1]}, null, null, 15, false, [], false, 0, [], null, 0, 1744332424.827624, 0, {}]
[{"0": [31, 27, 4, 33, 3, 39, 3, 26, 2, 3, 5, 2, 1, 1, 0, 2, 1, 2]}, null, null, 16, false, [], false, 0, [], null, 0, 1744332425.049633, 0, {}]
[{"0": [41, 2, 38, 0, 1, 1, 2, 2, 0, 2, 0, 1, 1, 1, 3, 0, 0, 2]}, null, null, 16, false, [], false, 0, [], null, 0, 1744332425.269889, 0, {}]
[{"0": [32, 26, 4, 3, 1, 3, 4, 2, 1, 0, 1, 3, 0, 1, 1, 3, 3, 2]}, null, null, 17, false, [], false, 0, [], null, 0, 1744332425.4763305, 0, {}]
[{"0": [31, 29, 33, 28, 32, 26, 27, 38, 28, 32, 1, 3, 0, 23, 28, 33, 26, 1]}, null, null, 17, false, [], false, 0, [], null, 0, 1744332425.6903145, 0, {}]
[{"0": [27, 26, 40, 34, 31, 35, 36, 30, 41, 25, 27, 27, 34, 29, 29, 28, 3, 23]}, null, null, 18, false, [], false, 0, [], null, 0, 1744332425.9180503, 0, {}]
[{"0": [2, 26, 38, 39, 35, 37, 28, 2, 0, 1, 27, 35, 3, 2, 31, 3, 0, 0]}, null, null, 19, false, [], false, 0, [], null, 0, 1744332426.1381838, 0, {}]
[{"0": [33, 31, 36, 34, 35, 35, 40, 28, 28, 2, 24, 1, 30, 30, 2, 2, 1, 0]}, null, null, 19, false, [], false, 0, [], null, 0, 1744332426.3490264, 0, {}]
[{"0": [40, 29, 31, 22, 24, 0, 32, 2, 1, 4, 2, 0, 3, 1, 0, 4, 4, 1]}, null, null, 20, false, [], false, 0, [], null, 0, 1744332426.5664716, 0, {}]
[{"0": [30, 1, 30, 1, 0, 2, 35, 34, 34, 30, 34, 32, 26, 45, 45, 42, 26, 37]}, null, null, 20, false, [], false, 0, [], null, 0, 1744332426.7784028, 0, {}]
[{"0": [41, 2, 40, 24, 26, 27, 38, 29, 25, 26, 26, 29, 25, 50, 41, 30, 28, 41]}, null, null, 21, false, [], false, 0, [], null, 0, 1744332426.9923668, 0, {}]
[{"0": [32, 44, 26, 25, 30, 31, 34, 25, 36, 1, 2, 25, 29, 22, 24, 33, 21, 33]}, null, null, 22, false, [], false, 0, [], null, 0, 1744332427.231279, 0, {}]
[{"0": [28, 3, 0, 2, 4, 2, 0, 1, 4, 5, 1, 1, 1, 2, 3, 29, 2, 24]}, null, null, 22, false, [], false, 0, [], null, 0, 1744332427.4330983, 0, {}]
[{"0": [2, 4, 2, 4, 1, 1, 3, 0, 4, 3, 0, 1, 1, 2, 32, 31, 0, 0]}, null, null, 23, false, [], false, 0, [], null, 0, 1744332427.6527019, 0, {}]
[{"0": [2, 40, 28, 35, 35, 36, 30, 24, 29, 24, 39, 28, 1, 34, 35, 29, 25, 28]}, null, null, 23, false, [], false, 0, [], null, 0, 1744332427.8640254, 0, {}]
[{"0": [44, 36, 26, 42, 34, 35, 1, 34, 3, 1, 1, 2, 5, 1, 2, 1, 1, 25]}, null, null, 24, false, [], false, 0, [], null, 0, 1744332428.0953197, 0, {}]
[{"0": [39, 30, 24, 2, 1, 33, 34, 34, 35, 3, 2, 2, 1, 32, 27, 28, 26, 21]}, null, null, 25, false, [], false, 0, [], null, 0, 1744332428.2936969, 0, {}]
[{"0": [38, 1, 31, 3, 18, 28, 24, 38, 32, 33, 32, 27, 1, 2, 29, 22, 16, 34]}, null, null, 25, false, [], false, 0, [], null, 0, 1744332428.5096107, 0, {}]
[{"0": [32, 2, 1, 1, 1, 0, 1, 0, 2, 5, 0, 2, 1, 4, 1, 3, 1, 2]}, null, null, 26, false, [], false, 0, [], null, 0, 1744332428.7339356, 0, {}]
[{"0": [21, 26, 32, 25, 37, 31, 33, 33, 27, 30, 32, 29, 32, 1, 1, 3, 31, 2]}, null, null, 27, false, [], false, 0, [], null, 0, 1744332428.9422026, 0, {}]
[{"0": [31, 2, 3, 3, 0, 3, 2, 2, 0, 3, 1, 3, 2, 1, 5, 0, 25, 2]}, null, null, 27, false, [], false, 0, [], null, 0, 1744332429.1586497, 0, {}]
[{"0": [2, 33, 34, 28, 33, 23, 33, 35, 22, 35, 1, 24, 1, 3, 35, 1, 26, 30]}, null, null, 28, false, [], false, 0, [], null, 0, 1744332429.37847, 0, {}]
[{"0": [21, 27, 34, 44, 29, 34, 29, 48, 38, 1, 1, 4, 30, 29, 26, 33, 29, 25]}, null, null, 28, false, [], false, 0, [], null, 0, 1744332429.6102078, 0, {}]
[{"0": [24, 0, 28, 22, 32, 3, 1, 2, 3, 1, 1, 2, 2, 1, 2, 3, 5, 3]}, null, null, 29, false, [], false, 0, [], null, 0, 1744332429.8112302, 0, {}]
[{"0": [40, 1, 30, 48, 5, 37, 34, 24, 2, 4, 4, 2, 1, 3, 4, 30, 29, 23]}, null, null, 30, false, [], false, 0, [], null, 0, 1744332430.024478, 0, {}]
[{"0": [24, 31, 39, 20, 33, 31, 34, 27, 37, 33, 23, 28, 42, 29, 37, 28, 38, 29]}, null, null, 30, false, [], false, 0, [], null, 0, 1744332430.2479713, 0, {}]
[{"0": [33, 29, 30, 39, 24, 28, 31, 34, 26, 29, 27, 30, 1, 5, 3, 2, 1, 4]}, null, null, 31, false, [], false, 0, [], null, 0, 1744332430.4618435, 0, {}]
[{"0": [2, 25, 31, 30, 33, 36, 29, 40, 31, 35, 32, 28, 28, 32, 38, 2, 35, 2]}, null, null, 31, false, [], false, 0, [], null, 0, 1744332430.6824205, 0, {}]
[{"0": [0, 32, 1, 1, 3, 2, 0, 3, 4, 3, 1, 30, 1, 32, 4, 4, 1, 0]}, null, null, 32, false, [], false, 0, [], null, 0, 1744332430.9032252, 0, {}]
[{"0": [35, 22, 38, 23, 39, 26, 41, 28, 2, 26, 1, 3, 5, 2, 1, 1, 0, 2]}, null, null, 33, false, [], false, 0, [], null, 0, 1744332431.1138167, 0, {}]
[{"0": [33, 28, 41, 36, 25, 21, 1, 24, 2, 30, 2, 0, 1, 3, 2, 1, 3, 0]}, null, null, 33, false, [], false, 0, [], null, 0, 1744332431.3427148, 0, {}]
[{"0": [26, 0, 32, 2, 0, 3, 1, 4, 1, 2, 2, 5, 1, 2, 1, 2, 2, 3]}, null, null, 34, false, [], false, 0, [], null, 0, 1744332431.5461261, 0, {}]
[{"0": [30, 1, 14, 0, 2, 1, 3, 4, 1, 0, 1, 2, 2, 1, 3, 8, 1, 4]}, null, null, 34, false, [], false, 0, [], null, 0, 1744332431.7666764, 0, {}]
[{"0": [2, 1, 29, 32, 39, 34, 28, 26, 31, 28, 21, 31, 28, 26, 20, 35, 38, 35]}, null, null, 35, false, [], false, 0, [], null, 0, 1744332431.9830697, 0, {}]
[{"0": [31, 28, 31, 27, 28, 30, 31, 29, 23, 29, 27, 42, 32, 33, 30, 1, 31, 3]}, null, null, 36, false, [], false, 0, [], null, 0, 1744332432.2065926, 0, {}]
[{"0": [34, 40, 35, 34, 22, 36, 46, 2, 0, 3, 38, 29, 31, 1, 38, 3, 46, 0]}, null, null, 36, false, [], false, 0, [], null, 0, 1744332432.4147625, 0, {}]
[{"0": [35, 2, 1, 1, 0, 3, 4, 3, 2, 4, 0, 3, 2, 1, 1, 2, 2, 5]}, null, null, 37, false, [], false, 0, [], null, 0, 1744332432.6335564, 0, {}]
[{"0": [27, 23, 25, 28, 30, 1, 37, 34, 33, 3, 35, 0, 29, 36, 26, 43, 32, 35]}, null, null, 37, false, [], false, 0, [], null, 0, 1744332432.854452, 0, {}]
[{"0": [31, 36, 2, 24, 2, 1, 4, 29, 4, 0, 4, 3, 1, 0, 2, 3, 0, 2]}, null, null, 38, false, [], false, 0, [], null, 0, 1744332433.0632787, 0, {}]
[{"0": [19, 2, 5, 0, 2, 3, 2, 0, 4, 2, 1, 1, 1, 2, 1, 2, 3, 2]}, null, null, 39, false, [], false, 0, [], null, 0, 1744332433.2965043, 0, {}]
[{"0": [38, 29, 22, 0, 2, 0, 2, 4, 4, 3, 2, 0, 1, 1, 2, 2, 1, 0]}, null, null, 39, false, [], false, 0, [], null, 0, 1744332433.5177314, 0, {}]
[{"0": [36, 27, 27, 37, 26, 31, 39, 37, 39, 28, 25, 35, 35, 2, 0, 27, 31, 1]}, null, null, 40, false, [], false, 0, [], null, 0, 1744332433.7176838, 0, {}]
[{"0": [1, 21, 36, 35, 40, 33, 38, 46, 37, 29, 24, 29, 33, 2, 22, 36, 5, 0]}, null, null, 40, false, [], false, 0, [], null, 0, 1744332433.9428165, 0, {}]
[{"0": [2, 32, 1, 0, 1, 34, 29, 24, 26, 33, 0, 26, 1, 33, 1, 31, 2, 3]}, null, null, 41, false, [], false, 0, [], null, 0, 1744332434.159417, 0, {}]
[{"0": [45, 29, 32, 30, 25, 29, 31, 3, 27, 27, 3, 24, 0, 1, 0, 0, 2, 0]}, null, null, 42, false, [], false, 0, [], null, 0, 1744332434.382912, 0, {}]
[{"0": [28, 24, 1, 36, 1, 4, 1, 2, 1, 1, 1, 2, 2, 0, 1, 2, 4, 5]}, null, null, 42, false, [], false, 0, [], null, 0, 1744332434.5866187, 0, {}]
[{"0": [31, 2, 3, 22, 2, 23, 39, 31, 29, 30, 1, 1, 35, 34, 29, 17, 29, 33]}, null, null, 43, false, [], false, 0, [], null, 0, 1744332434.8104434, 0, {}]
[{"0": [1, 1, 0, 1, 3, 0, 3, 25, 27, 22, 33, 37, 30, 29, 25, 21, 28, 30]}, null, null, 43, false, [], false, 0, [], null, 0, 1744332435.0220683, 0, {}]
[{"0": [35, 29, 1, 37, 34, 29, 31, 39, 16, 32, 31, 24, 36, 41, 26, 25, 37, 29]}, null, null, 44, false, [], false, 0, [], null, 0, 1744332435.2493863, 0, {}]
[{"0": [0, 24, 23, 27, 30, 32, 27, 29, 34, 30, 25, 35, 31, 37, 4, 28, 34, 27]}, null, null, 45, false, [], false, 0, [], null, 0, 1744332435.4624856, 0, {}]
[{"0": [2, 34, 38, 38, 34, 31, 23, 33, 18, 24, 30, 2, 36, 1, 0, 3, 3, 2]}, null, null, 45, false, [], false, 0, [], null, 0, 1744332435.6862934, 0, {}]
[{"0": [3, 1, 2, 1, 4, 0, 4, 4, 3, 3, 4, 2, 3, 0, 5, 3, 2, 4]}, null, null, 46, false, [], false, 0, [], null, 0, 1744332435.876217, 0, {}]
[{"0": [32, 24, 27, 26, 30, 4, 30, 0, 1, 3, 21, 1, 2, 2, 3, 1, 0, 3]}, null, null, 46, false, [], false, 0, [], null, 0, 1744332436.1036334, 0, {}]
[{"0": [32, 2, 28, 4, 0, 2, 1, 5, 1, 3, 1, 30, 24, 34, 33, 24, 27, 23]}, null, null, 47, false, [], false, 0, [], null, 0, 1744332436.3343225, 0, {}]
[{"0": [40, 4, 4, 33, 35, 29, 27, 37, 33, 38, 28, 35, 34, 27, 26, 36, 38, 0]}, null, null, 48, false, [], false, 0, [], null, 0, 1744332436.546666, 0, {}]
[{"0": [35, 39, 33, 23, 23, 28, 33, 26, 30, 29, 34, 41, 30, 26, 32, 27, 41, 32]}, null, null, 48, false, [], false, 0, [], null, 0, 1744332436.7515347, 0, {}]
[{"0": [25, 30, 33, 27, 28, 37, 35, 21, 36, 37, 23, 26, 33, 32, 24, 28, 26, 3]}, null, null, 49, false, [], false, 0, [], null, 0, 1744332436.9811194, 0, {}]
[{"0": [2, 42, 32, 19, 27, 31, 27, 33, 43, 36, 25, 26, 1, 26, 3, 31, 4, 27]}, null, null, 49, false, [], false, 0, [], null, 0, 1744332437.180297, 0, {}]
[{"0": [4, 27, 26, 28, 17, 33, 40, 29, 1, 29, 34, 42, 0, 0, 0, 2, 3, 0]}, null, null, 50, false, [], false, 0, [], null, 0, 1744332437.4121623, 0, {}]
[{"0": [18, 2, 2, 2, 2, 32, 0, 31, 3, 29, 2, 1, 4, 2, 0, 2, 1, 0]}, null, null, 51, false, [], false, 0, [], null, 0, 1744332437.6234026, 0, {}]
[{"0": [40, 39, 2, 25, 0, 31, 4, 31, 3, 2, 3, 1, 2, 3, 1, 2, 1, 2]}, null, null, 51, false, [], false, 0, [], null, 0, 1744332437.8430943, 0, {}]
[{"0": [34, 2, 25, 1, 0, 23, 32, 29, 2, 2, 1, 0, 4, 2, 1, 1, 0, 4]}, null, null, 52, false, [], false, 0, [], null, 0, 1744332438.05173, 0, {}]
[{"0": [20, 4, 0, 1, 1, 1, 1, 1, 0, 2, 0, 0, 1, 2, 1, 2, 1, 2]}, null, null, 52, false, [], false, 0, [], null, 0, 1744332438.276054, 0, {}]
[{"0": [36, 30, 27, 28, 29, 27, 26, 29, 24, 26, 32, 29, 31, 33, 26, 28, 4, 32]}, null, null, 53, false, [], false, 0, [], null, 0, 1744332438.4999955, 0, {}]
[{"0": [2, 1, 2, 0, 5, 1, 2, 3, 1, 1, 2, 2, 0, 1, 27, 3, 3, 0]}, null, null, 54, false, [], false, 0, [], null, 0, 1744332438.7115521, 0, {}]
[{"0": [27, 3, 3, 0, 3, 3, 1, 2, 1, 3, 1, 2, 3, 1, 3, 1, 1, 1]}, null, null, 54, false, [], false, 0, [], null, 0, 1744332438.9134364, 0, {}]
[{"0": [29, 3, 5, 1, 0, 3, 26, 3, 38, 1, 25, 2, 38, 35, 30, 22, 40, 3]}, null, null, 55, false, [], false, 0, [], null, 0, 1744332439.1496873, 0, {}]
[{"0": [32, 25, 31, 35, 4, 0, 39, 1, 0, 2, 1, 1, 1, 0, 0, 4, 0, 5]}, null, null, 55, false, [], false, 0, [], null, 0, 1744332439.3516243, 0, {}]
[{"0": [40, 24, 31, 1, 24, 29, 36, 21, 32, 29, 32, 31, 31, 23, 30, 32, 36, 4]}, null, null, 56, false, [], false, 0, [], null, 0, 1744332439.5890856, 0, {}]
[{"0": [22, 1, 2, 0, 0, 3, 0, 3, 0, 6, 1, 1, 3, 0, 0, 5, 2, 1]}, null, null, 57, false, [], false, 0, [], null, 0, 1744332439.7839317, 0, {}]
[{"0": [40, 25, 20, 21, 24, 42, 22, 24, 24, 31, 16, 22, 30, 30, 38, 26, 31, 3]}, null, null, 57, false, [], false, 0, [], null, 0, 1744332440.007762, 0, {}]
[{"0": [3, 29, 20, 31, 24, 29, 22, 23, 24, 31, 34, 33, 19, 37, 2, 28, 2, 2]}, null, null, 58, false, [], false, 0, [], null, 0, 1744332440.2097123, 0, {}]
[{"0": [0, 30, 22, 34, 27, 35, 34, 36, 34, 35, 35, 3, 26, 2, 34, 2, 2, 5]}, null, null, 58, false, [], false, 0, [], null, 0, 1744332440.4293187, 0, {}]
[{"0": [39, 18, 24, 26, 31, 24, 25, 4, 23, 27, 31, 2, 2, 32, 1, 1, 2, 1]}, null, null, 59, false, [], false, 0, [], null, 0, 1744332440.6451862, 0, {}]
[{"0": [27, 24, 27, 27, 6, 24, 0, 24, 1, 28, 1, 3, 2, 1, 2, 4, 6, 3]}, null, null, 60, false, [], false, 0, [], null, 0, 1744332440.8662813, 0, {}]
[{"0": [29, 0, 23, 2, 2, 31, 2, 3, 7, 2, 1, 2, 0, 3, 1, 4, 2, 0]}, null, null, 60, false, [], false, 0, [], null, 0, 1744332441.0955753, 0, {}]
[{"0": [29, 1, 38, 28, 19, 32, 36, 27, 32, 30, 27, 33, 30, 28, 26, 22, 41, 23]}, null, null, 61, false, [], false, 0, [], null, 0, 1744332441.2941072, 0, {}]
[{"0": [18, 39, 30, 34, 29, 28, 2, 2, 0, 35, 41, 37, 32, 19, 39, 30, 34, 31]}, null, null, 61, false, [], false, 0, [], null, 0, 1744332441.5292861, 0, {}]
[{"0": [32, 29, 23, 30, 27, 32, 28, 1, 4, 1, 5, 2, 0, 42, 32, 4, 37, 1]}, null, null, 62, false, [], false, 0, [], null, 0, 1744332441.731932, 0, {}]
[{"0": [3, 2, 3, 3, 1, 6, 1, 2, 1, 0, 1, 1, 0, 2, 40, 0, 1, 5]}, null, null, 63, false, [], false, 0, [], null, 0, 1744332441.952603, 0, {}]
[{"0": [4, 3, 1, 2, 1, 2, 1, 2, 2, 4, 0, 3, 2, 2, 3, 4, 0, 0]}, null, null, 63, false, [], false, 0, [], null, 0, 1744332442.171339, 0, {}]
[{"0": [31, 38, 4, 1, 31, 2, 28, 1, 19, 1, 16, 4, 4, 1, 1, 0, 0, 2]}, null, null, 64, false, [], false, 0, [], null, 0, 1744332442.3750637, 0, {}]
[{"0": [24, 28, 0, 34, 1, 33, 4, 1, 2, 4, 2, 4, 1, 5, 4, 2, 2, 1]}, null, null, 64, false, [], false, 0, [], null, 0, 1744332442.5950887, 0, {}]
[{"0": [27, 2, 1, 1, 41, 34, 32, 22, 44, 29, 37, 37, 42, 30, 2, 2, 2, 1]}, null, null, 65, false, [], false, 0, [], null, 0, 1744332442.8075078, 0, {}]
[{"0": [32, 3, 4, 1, 2, 1, 4, 0, 3, 1, 1, 0, 2, 1, 5, 2, 1, 3]}, null, null, 66, false, [], false, 0, [], null, 0, 1744332443.0472894, 0, {}]
[{"0": [34, 23, 30, 35, 35, 0, 34, 45, 32, 29, 27, 40, 26, 29, 26, 29, 2, 26]}, null, null, 66, false, [], false, 0, [], null, 0, 1744332443.2431874, 0, {}]
[{"0": [23, 0, 0, 4, 3, 3, 0, 1, 6, 0, 1, 2, 4, 0, 1, 1, 28, 31]}, null, null, 67, false, [], false, 0, [], null, 0, 1744332443.4608471, 0, {}]
[{"0": [0, 1, 1, 4, 3, 2, 1, 1, 5, 33, 1, 19, 28, 2, 25, 26, 29, 27]}, null, null, 67, false, [], false, 0, [], null, 0, 1744332443.6807556, 0, {}]
[{"0": [26, 41, 29, 36, 24, 22, 3, 33, 32, 2, 3, 1, 1, 1, 4, 1, 0, 3]}, null, null, 68, false, [], false, 0, [], null, 0, 1744332443.894329, 0, {}]
[{"0": [31, 25, 16, 36, 2, 1, 29, 2, 30, 2, 2, 1, 2, 2, 3, 1, 0, 2]}, null, null, 69, false, [], false, 0, [], null, 0, 1744332444.118433, 0, {}]
[{"0": [2, 3, 1, 3, 2, 2, 2, 1, 3, 0, 1, 1, 1, 1, 4, 4, 2, 2]}, null, null, 69, false, [], false, 0, [], null, 0, 1744332444.3336148, 0, {}]
[{"0": [30, 0, 0, 4, 0, 1, 4, 0, 3, 0, 2, 4, 2, 1, 1, 1, 2, 2]}, null, null, 70, false, [], false, 0, [], null, 0, 1744332444.5443752, 0, {}]
[{"0": [23, 24, 36, 25, 24, 24, 25, 2, 0, 1, 37, 25, 30, 38, 32, 1, 0, 19]}, null, null, 70, false, [], false, 0, [], null, 0, 1744332444.7805393, 0, {}]
[{"0": [0, 22, 39, 34, 29, 46, 25, 28, 24, 27, 32, 29, 32, 36, 37, 0, 24, 1]}, null, null, 71, false, [], false, 0, [], null, 0, 1744332444.9957285, 0, {}]
[{"0": [2, 23, 27, 24, 28, 4, 1, 2, 3, 0, 1, 23, 23, 29, 0, 3, 2, 0]}, null, null, 72, false, [], false, 0, [], null, 0, 1744332445.1948493, 0, {}]
[{"0": [3, 25, 30, 23, 27, 27, 27, 2, 35, 2, 31, 0, 4, 6, 3, 1, 2, 2]}, null, null, 72, false, [], false, 0, [], null, 0, 1744332445.4100056, 0, {}]
[{"0": [25, 44, 24, 30, 3, 29, 2, 0, 3, 2, 3, 3, 2, 2, 5, 26, 25, 24]}, null, null, 73, false, [], false, 0, [], null, 0, 1744332445.6387663, 0, {}]
[{"0": [35, 3, 23, 1, 27, 4, 2, 2, 3, 2, 1, 1, 1, 0, 3, 2, 0, 4]}, null, null, 73, false, [], false, 0, [], null, 0, 1744332445.8435001, 0, {}]
[{"0": [35, 1, 2, 1, 1, 0, 2, 1, 0, 4, 0, 2, 5, 1, 5, 3, 1, 3]}, null, null, 74, false, [], false, 0, [], null, 0, 1744332446.0598743, 0, {}]
[{"0": [32, 28, 31, 37, 27, 21, 36, 24, 30, 39, 36, 30, 23, 32, 20, 25, 32, 32]}, null, null, 75, false, [], false, 0, [], null, 0, 1744332446.2804556, 0, {}]
[{"0": [29, 32, 30, 25, 31, 26, 34, 27, 32, 22, 31, 27, 33, 24, 24, 34, 1, 31]}, null, null, 75, false, [], false, 0, [], null, 0, 1744332446.4936032, 0, {}]
[{"0": [1, 35, 33, 36, 4, 1, 4, 1, 2, 2, 23, 30, 1, 27, 26, 3, 24, 35]}, null, null, 76, false, [], false, 0, [], null, 0, 1744332446.7184715, 0, {}]
[{"0": [0, 0, 2, 2, 3, 3, 1, 1, 1, 0, 1, 4, 1, 1, 1, 1, 1, 1]}, null, null, 77, false, [], false, 0, [], null, 0, 1744332446.9320762, 0, {}]
[{"0": [30, 29, 25, 42, 23, 2, 19, 1, 29, 7, 0, 6, 1, 3, 1, 3, 2, 2]}, null, null, 77, false, [], false, 0, [], null, 0, 1744332447.1496837, 0, {}]
[{"0": [30, 28, 50, 40, 1, 20, 2, 29, 35, 34, 34, 35, 34, 23, 34, 39, 20, 33]}, null, null, 78, false, [], false, 0, [], null, 0, 1744332447.3643746, 0, {}]
[{"0": [17, 1, 1, 3, 2, 1, 4, 0, 0, 2, 0, 2, 0, 2, 2, 1, 4, 2]}, null, null, 78, false, [], false, 0, [], null, 0, 1744332447.588179, 0, {}]
[{"0": [20, 2, 0, 2, 4, 1, 1, 1, 2, 1, 2, 1, 3, 1, 2, 4, 2, 2]}, null, null, 79, false, [], false, 0, [], null, 0, 1744332447.798743, 0, {}]
[{"0": [37, 21, 36, 31, 18, 31, 47, 31, 23, 31, 32, 23, 32, 35, 34, 26, 43, 28]}, null, null, 80, false, [], false, 0, [], null, 0, 1744332448.0074131, 0, {}]
[{"0": [30, 4, 2, 2, 0, 4, 3, 0, 2, 2, 1, 1, 1, 1, 33, 0, 2, 33]}, null, null, 80, false, [], false, 0, [], null, 0, 1744332448.2305226, 0, {}]
[{"0": [1, 28, 23, 26, 39, 29, 32, 0, 2, 0, 3, 29, 0, 38, 1, 3, 2, 2]}, null, null, 81, false, [], false, 0, [], null, 0, 1744332448.4464014, 0, {}]
[{"0": [28, 28, 37, 20, 27, 25, 31, 1, 37, 34, 34, 2, 2, 1, 30, 35, 36, 33]}, null, null, 81, false, [], false, 0, [], null, 0, 1744332448.6688204, 0, {}]
[{"0": [33, 42, 23, 1, 29, 2, 45, 24, 37, 1, 31, 29, 34, 33, 33, 36, 22, 38]}, null, null, 82, false, [], false, 0, [], null, 0, 1744332448.8823116, 0, {}]
[{"0": [27, 0, 32, 2, 24, 0, 3, 2, 0, 3, 0, 1, 3, 3, 0, 2, 2, 1]}, null, null, 83, false, [], false, 0, [], null, 0, 1744332449.1064065, 0, {}]
[{"0": [31, 3, 0, 0, 1, 1, 0, 1, 1, 1, 2, 1, 2, 4, 1, 0, 5, 2]}, null, null, 83, false, [], false, 0, [], null, 0, 1744332449.3111992, 0, {}]
[{"0": [34, 2, 4, 1, 1, 0, 1, 1, 2, 0, 1, 5, 3, 2, 2, 4, 4, 1]}, null, null, 84, false, [], false, 0, [], null, 0, 1744332449.5444758, 0, {}]
[{"0": [23, 33, 25, 34, 24, 30, 37, 35, 31, 25, 30, 3, 2, 1, 26, 28, 0, 29]}, null, null, 84, false, [], false, 0, [], null, 0, 1744332449.7436788, 0, {}]
[{"0": [2, 0, 4, 3, 0, 0, 1, 3, 0, 1, 1, 1, 30, 27, 1, 19, 2, 6]}, null, null, 85, false, [], false, 0, [], null, 0, 1744332449.9701872, 0, {}]
[{"0": [2, 1, 5, 1, 2, 0, 3, 1, 1, 1, 0, 0, 0, 1, 0, 1, 1, 2]}, null, null, 86, false, [], false, 0, [], null, 0, 1744332450.1810682, 0, {}]
[{"0": [40, 33, 35, 29, 30, 37, 31, 0, 2, 19, 3, 30, 3, 3, 1, 1, 0, 2]}, null, null, 86, false, [], false, 0, [], null, 0, 1744332450.4022834, 0, {}]
[{"0": [25, 1, 2, 0, 2, 0, 1, 30, 34, 24, 24, 26, 35, 2, 5, 4, 1, 1]}, null, null, 87, false, [], false, 0, [], null, 0, 1744332450.620244, 0, {}]
[{"0": [32, 0, 24, 4, 37, 24, 37, 28, 0, 31, 27, 23, 29, 38, 27, 25, 22, 33]}, null, null, 87, false, [], false, 0, [], null, 0, 1744332450.8420508, 0, {}]
[{"0": [31, 2, 25, 23, 24, 24, 30, 39, 1, 0, 2, 0, 1, 1, 1, 2, 29, 24]}, null, null, 88, false, [], false, 0, [], null, 0, 1744332451.0631697, 0, {}]
[{"0": [36, 22, 33, 26, 36, 34, 28, 30, 26, 16, 35, 29, 36, 28, 34, 34, 29, 0]}, null, null, 89, false, [], false, 0, [], null, 0, 1744332451.2631354, 0, {}]
[{"0": [1, 26, 24, 29, 28, 40, 16, 39, 6, 2, 2, 1, 4, 4, 28, 28, 3, 19]}, null, null, 89, false, [], false, 0, [], null, 0, 1744332451.488342, 0, {}]
[{"0": [5, 21, 25, 22, 25, 41, 23, 28, 21, 30, 0, 43, 23, 0, 1, 0, 2, 1]}, null, null, 90, false, [], false, 0, [], null, 0, 1744332451.7047145, 0, {}]
[{"0": [24, 30, 1, 1, 1, 2, 25, 21, 2, 21, 1, 24, 2, 1, 29, 31, 27, 1]}, null, null, 90, false, [], false, 0, [], null, 0, 1744332451.9084542, 0, {}]
[{"0": [26, 39, 31, 24, 2, 0, 38, 4, 31, 3, 5, 30, 36, 32, 1, 2, 33, 34]}, null, null, 91, false, [], false, 0, [], null, 0, 1744332452.129916, 0, {}]
[{"0": [32, 32, 1, 36, 30, 3, 31, 30, 22, 30, 23, 38, 31, 35, 28, 22, 23, 27]}, null, null, 92, false, [], false, 0, [], null, 0, 1744332452.3446918, 0, {}]
[{"0": [31, 0, 1, 0, 3, 2, 1, 0, 0, 1, 3, 1, 2, 28, 25, 32, 41, 24]}, null, null, 92, false, [], false, 0, [], null, 0, 1744332452.5584624, 0, {}]
[{"0": [31, 0, 1, 2, 1, 0, 1, 1, 1, 1, 1, 2, 2, 1, 0, 2, 2, 1]}, null, null, 93, false, [], false, 0, [], null, 0, 1744332452.7781591, 0, {}]
[{"0": [23, 26, 45, 40, 31, 37, 35, 33, 33, 19, 25, 36, 33, 31, 25, 19, 2, 18]}, null, null, 93, false, [], false, 0, [], null, 0, 1744332452.9954526, 0, {}]
[{"0": [3, 3, 1, 4, 23, 34, 24, 23, 20, 29, 31, 27, 31, 1, 34, 4, 34, 1]}, null, null, 94, false, [], false, 0, [], null, 0, 1744332453.2092211, 0, {}]
[{"0": [1, 1, 1, 1, 2, 3, 2, 1, 1, 3, 2, 0, 5, 1, 1, 6, 2, 3]}, null, null, 95, false, [], false, 0, [], null, 0, 1744332453.4328034, 0, {}]
[{"0": [39, 32, 28, 3, 0, 1, 28, 2, 25, 3, 25, 3, 3, 2, 1, 3, 3, 0]}, null, null, 95, false, [], false, 0, [], null, 0, 1744332453.6438649, 0, {}]
[{"0": [27, 4, 38, 26, 21, 35, 0, 38, 22, 23, 30, 18, 28, 32, 24, 29, 38, 27]}, null, null, 96, false, [], false, 0, [], null, 0, 1744332453.883739, 0, {}]
[{"0": [21, 2, 36, 4, 32, 5, 1, 0, 1, 3, 3, 2, 1, 3, 0, 1, 2, 1]}, null, null, 96, false, [], false, 0, [], null, 0, 1744332454.0775776, 0, {}]
[{"0": [24, 1, 1, 2, 2, 1, 1, 2, 1, 1, 1, 3, 0, 5, 0, 4, 3, 3]}, null, null, 97, false, [], false, 0, [], null, 0, 1744332454.2958348, 0, {}]
[{"0": [3, 2, 34, 24, 23, 30, 28, 19, 29, 25, 28, 27, 30, 26, 27, 36, 32, 33]}, null, null, 98, false, [], false, 0, [], null, 0, 1744332454.5245485, 0, {}]
[{"0": [31, 1, 1, 0, 2, 1, 5, 1, 0, 1, 2, 1, 2, 1, 3, 41, 2, 27]}, null, null, 98, false, [], false, 0, [], null, 0, 1744332454.7427404, 0, {}]
[{"0": [1, 46, 30, 30, 23, 26, 29, 19, 28, 26, 27, 39, 0, 24, 0, 2, 39, 2]}, null, null, 99, false, [], false, 0, [], null, 0, 1744332454.9629157, 0, {}]
[{"0": [1, 3, 2, 2, 2, 2, 0, 3, 1, 0, 3, 7, 0, 0, 3, 1, 1, 2]}, null, null, 99, false, [], false, 0, [], null, 0, 1744332455.1662486, 0, {}]
[{"0": [34, 33, 28, 32, 26, 1, 37, 2, 27, 1, 27, 2, 2, 2, 1, 2, 0, 0]}, null, null, 100, false, [], false, 0, [], null, 0, 1744332455.3977346, 0, {}]
[{"0": [30, 25, 3, 23, 32, 1, 22, 27, 1, 1, 0, 2, 0, 0, 2, 3, 2, 2]}, null, null, 101, false, [], false, 0, [], null, 0, 1744332455.6037116, 0, {}]
[{"0": [39, 0, 28, 1, 16, 23, 34, 30, 23, 34, 17, 33, 23, 31, 25, 23, 30, 26]}, null, null, 101, false, [], false, 0, [], null, 0, 1744332455.820227, 0, {}]
[{"0": [26, 23, 15, 23, 28, 33, 34, 39, 27, 31, 31, 24, 27, 39, 29, 22, 21, 34]}, null, null, 102, false, [], false, 0, [], null, 0, 1744332456.0345464, 0, {}]
[{"0": [35, 16, 34, 24, 30, 28, 26, 24, 31, 27, 27, 17, 31, 33, 0, 30, 31, 36]}, null, null, 102, false, [], false, 0, [], null, 0, 1744332456.2555456, 0, {}]
[{"0": [30, 0, 3, 1, 1, 1, 1, 3, 1, 1, 1, 0, 1, 33, 2, 34, 3, 31]}, null, null, 103, false, [], false, 0, [], null, 0, 1744332456.4609053, 0, {}]
[{"0": [35, 1, 1, 1, 2, 4, 1, 0, 0, 2, 1, 39, 30, 3, 31, 28, 0, 1]}, null, null, 104, false, [], false, 0, [], null, 0, 1744332456.6916735, 0, {}]
[{"0": [3, 6, 3, 2, 1, 1, 1, 1, 0, 1, 0, 3, 1, 2, 0, 3, 0, 1]}, null, null, 104, false, [], false, 0, [], null, 0, 1744332456.9068937, 0, {}]
[{"0": [35, 38, 28, 37, 0, 34, 0, 29, 1, 27, 0, 28, 28, 25, 30, 26, 26, 29]}, null, null, 105, false, [], false, 0, [], null, 0, 1744332457.1253433, 0, {}]
[{"0": [27, 0, 29, 0, 1, 42, 3, 1, 2, 5, 0, 1, 3, 0, 2, 2, 2, 2]}, null, null, 105, false, [], false, 0, [], null, 0, 1744332457.3444717, 0, {}]
[{"0": [19, 34, 4, 1, 6, 2, 1, 1, 3, 1, 1, 1, 0, 3, 0, 3, 3, 3]}, null, null, 106, false, [], false, 0, [], null, 0, 1744332457.5679383, 0, {}]
[{"0": [1, 0, 26, 31, 26, 31, 42, 33, 36, 29, 32, 29, 28, 31, 20, 32, 25, 31]}, null, null, 107, false, [], false, 0, [], null, 0, 1744332457.7693813, 0, {}]
[{"0": [32, 33, 35, 28, 38, 30, 37, 32, 22, 28, 32, 30, 19, 25, 33, 26, 4, 33]}, null, null, 107, false, [], false, 0, [], null, 0, 1744332457.9957304, 0, {}]
[{"0": [3, 24, 34, 31, 26, 27, 26, 26, 19, 30, 26, 25, 0, 25, 22, 1, 0, 2]}, null, null, 108, false, [], false, 0, [], null, 0, 1744332458.2030406, 0, {}]
[{"0": [2, 1, 1, 5, 0, 0, 0, 2, 1, 1, 3, 3, 1, 0, 3, 23, 30, 30]}, null, null, 108, false, [], false, 0, [], null, 0, 1744332458.4214044, 0, {}]
[{"0": [22, 19, 39, 34, 0, 1, 30, 4, 19, 25, 3, 1, 1, 1, 3, 3, 0, 5]}, null, null, 109, false, [], false, 0, [], null, 0, 1744332458.6431615, 0, {}]
[{"0": [25, 31, 30, 1, 27, 28, 35, 1, 1, 2, 1, 2, 3, 1, 1, 2, 2, 2]}, null, null, 110, false, [], false, 0, [], null, 0, 1744332458.851596, 0, {}]
[{"0": [26, 2, 27, 1, 0, 5, 2, 3, 0, 1, 1, 2, 2, 4, 0, 2, 3, 3]}, null, null, 110, false, [], false, 0, [], null, 0, 1744332459.072231, 0, {}]
[{"0": [23, 2, 0, 0, 0, 2, 2, 4, 2, 5, 4, 0, 1, 3, 3, 3, 1, 2]}, null, null, 111, false, [], false, 0, [], null, 0, 1744332459.2800653, 0, {}]
[{"0": [29, 33, 29, 32, 0, 21, 32, 28, 29, 34, 29, 32, 20, 41, 29, 35, 28, 24]}, null, null, 111, false, [], false, 0, [], null, 0, 1744332459.4999943, 0, {}]
[{"0": [1, 32, 28, 20, 24, 27, 33, 35, 29, 21, 29, 2, 32, 20, 30, 3, 1, 1]}, null, null, 112, false, [], false, 0, [], null, 0, 1744332459.719791, 0, {}]
[{"0": [2, 24, 33, 28, 1, 1, 1, 1, 31, 27, 31, 1, 32, 0, 3, 9, 1, 2]}, null, null, 113, false, [], false, 0, [], null, 0, 1744332459.955542, 0, {}]
[{"0": [20, 24, 24, 32, 26, 4, 2, 0, 24, 2, 20, 3, 1, 2, 1, 3, 3, 3]}, null, null, 113, false, [], false, 0, [], null, 0, 1744332460.1622376, 0, {}]
[{"0": [32, 29, 26, 22, 21, 20, 1, 31, 33, 23, 1, 0, 1, 4, 1, 4, 0, 1]}, null, null, 114, false, [], false, 0, [], null, 0, 1744332460.388388, 0, {}]
[{"0": [32, 26, 1, 35, 0, 24, 34, 2, 2, 3, 3, 4, 2, 2, 4, 3, 1, 0]}, null, null, 114, false, [], false, 0, [], null, 0, 1744332460.5810027, 0, {}]
[{"0": [23, 2, 35, 34, 31, 36, 39, 23, 40, 31, 26, 28, 26, 30, 26, 33, 28, 31]}, null, null, 115, false, [], false, 0, [], null, 0, 1744332460.81088, 0, {}]
[{"0": [29, 1, 1, 1, 0, 36, 29, 39, 29, 29, 29, 22, 1, 1, 2, 2, 2, 3]}, null, null, 116, false, [], false, 0, [], null, 0, 1744332461.0274148, 0, {}]
[{"0": [31, 34, 35, 32, 31, 26, 36, 29, 29, 39, 21, 31, 29, 32, 3, 1, 1, 35]}, null, null, 116, false, [], false, 0, [], null, 0, 1744332461.2477708, 0, {}]
[{"0": [2, 22, 19, 20, 40, 31, 24, 32, 20, 29, 30, 24, 26, 26, 4, 30, 3, 2]}, null, null, 117, false, [], false, 0, [], null, 0, 1744332461.4705303, 0, {}]
[{"0": [4, 20, 37, 29, 23, 20, 30, 35, 34, 1, 27, 1, 28, 1, 2, 20, 0, 1]}, null, null, 117, false, [], false, 0, [], null, 0, 1744332461.668944, 0, {}]
[{"0": [29, 34, 26, 29, 29, 27, 36, 36, 3, 27, 42, 30, 0, 33, 3, 1, 1, 31]}, null, null, 118, false, [], false, 0, [], null, 0, 1744332461.901945, 0, {}]
[{"0": [41, 37, 26, 2, 28, 0, 0, 31, 3, 0, 3, 2, 3, 3, 2, 3, 1, 2]}, null, null, 119, false, [], false, 0, [], null, 0, 1744332462.1042702, 0, {}]
[{"0": [24, 5, 30, 35, 3, 3, 3, 3, 4, 2, 2, 0, 1, 2, 1, 1, 0, 2]}, null, null, 119, false, [], false, 0, [], null, 0, 1744332462.3296883, 0, {}]
[{"0": [35, 1, 26, 1, 1, 0, 5, 1, 4, 3, 3, 2, 2, 3, 0, 1, 1, 5]}, null, null, 120, false, [], false, 0, [], null, 0, 1744332462.5365758, 0, {}]
[{"0": [38, 1, 2, 2, 2, 2, 2, 29, 30, 31, 33, 26, 32, 25, 0, 2, 3, 3]}, null, null, 120, false, [], false, 0, [], null, 0, 1744332462.7651932, 0, {}]
[{"0": [29, 2, 2, 1, 28, 3, 2, 0, 2, 4, 3, 0, 25, 29, 28, 3, 2, 37]}, null, null, 121, false, [], false, 0, [], null, 0, 1744332462.964735, 0, {}]
[{"0": [1, 22, 31, 22, 32, 24, 35, 31, 23, 30, 37, 30, 2, 38, 0, 22, 0, 24]}, null, null, 122, false, [], false, 0, [], null, 0, 1744332463.1806955, 0, {}]
[{"0": [29, 29, 35, 24, 29, 30, 28, 27, 2, 34, 1, 19, 1, 28, 28, 27, 0, 1]}, null, null, 122, false, [], false, 0, [], null, 0, 1744332463.4015574, 0, {}]
[{"0": [30, 28, 24, 26, 28, 1, 34, 2, 3, 2, 1, 2, 0, 3, 2, 1, 2, 0]}, null, null, 123, false, [], false, 0, [], null, 0, 1744332463.6270988, 0, {}]
[{"0": [26, 32, 3, 21, 2, 3, 2, 1, 3, 1, 3, 6, 4, 1, 3, 1, 3, 3]}, null, null, 123, false, [], false, 0, [], null, 0, 1744332463.8376315, 0, {}]
[{"0": [29, 1, 35, 29, 1, 1, 0, 3, 2, 3, 2, 0, 4, 0, 1, 0, 1, 0]}, null, null, 124, false, [], false, 0, [], null, 0, 1744332464.0631313, 0, {}]
[{"0": [30, 27, 32, 18, 30, 39, 37, 19, 23, 22, 24, 34, 37, 26, 33, 26, 30, 30]}, null, null, 125, false, [], false, 0, [], null, 0, 1744332464.2746363, 0, {}]
[{"0": [30, 27, 29, 24, 27, 30, 30, 35, 30, 22, 33, 29, 43, 3, 2, 3, 1, 2]}, null, null, 125, false, [], false, 0, [], null, 0, 1744332464.4783459, 0, {}]
[{"0": [35, 1, 1, 4, 3, 1, 0, 2, 1, 1, 0, 4, 3, 0, 35, 37, 2, 32]}, null, null, 126, false, [], false, 0, [], null, 0, 1744332464.7021577, 0, {}]
[{"0": [2, 29, 30, 39, 32, 34, 45, 35, 42, 34, 21, 1, 2, 2, 34, 3, 1, 27]}, null, null, 127, false, [], false, 0, [], null, 0, 1744332464.9164789, 0, {}]
[{"0": [26, 40, 29, 29, 23, 32, 30, 1, 31, 0, 34, 0, 32, 28, 27, 26, 33, 30]}, null, null, 127, false, [], false, 0, [], null, 0, 1744332465.1458085, 0, {}]
[{"0": [32, 31, 26, 25, 28, 0, 30, 0, 0, 1, 1, 0, 1, 1, 0, 1, 1, 1]}, null, null, 128, false, [], false, 0, [], null, 0, 1744332465.350463, 0, {}]
[{"0": [27, 2, 28, 1, 1, 2, 2, 1, 0, 1, 1, 3, 1, 2, 4, 3, 1, 2]}, null, null, 128, false, [], false, 0, [], null, 0, 1744332465.573011, 0, {}]
[{"0": [26, 38, 1, 4, 1, 1, 1, 3, 4, 0, 1, 1, 1, 2, 0, 3, 3, 2]}, null, null, 129, false, [], false, 0, [], null, 0, 1744332465.7779155, 0, {}]
[{"0": [40, 2, 3, 2, 1, 3, 29, 32, 33, 31, 47, 29, 24, 30, 26, 23, 34, 32]}, null, null, 130, false, [], false, 0, [], null, 0, 1744332465.995531, 0, {}]
[{"0": [24, 27, 3, 2, 0, 4, 2, 2, 1, 2, 3, 2, 2, 0, 0, 2, 29, 27]}, null, null, 130, false, [], false, 0, [], null, 0, 1744332466.2181883, 0, {}]
[{"0": [2, 2, 2, 0, 0, 2, 28, 33, 29, 47, 37, 26, 2, 33, 29, 26, 35, 5]}, null, null, 131, false, [], false, 0, [], null, 0, 1744332466.432744, 0, {}]
[{"0": [5, 2, 0, 1, 2, 2, 0, 0, 0, 0, 3, 1, 1, 1, 1, 0, 1, 4]}, null, null, 131, false, [], false, 0, [], null, 0, 1744332466.648883, 0, {}]
[{"0": [39, 23, 27, 30, 34, 26, 2, 29, 0, 30, 1, 31, 25, 2, 3, 0, 2, 1]}, null, null, 132, false, [], false, 0, [], null, 0, 1744332466.8613133, 0, {}]
[{"0": [39, 29, 29, 37, 33, 2, 40, 0, 1, 3, 3, 1, 5, 1, 1, 1, 1, 2]}, null, null, 133, false, [], false, 0, [], null, 0, 1744332467.084395, 0, {}]
[{"0": [30, 1, 3, 0, 2, 3, 2, 2, 6, 1, 3, 1, 2, 2, 1, 2, 0, 0]}, null, null, 133, false, [], false, 0, [], null, 0, 1744332467.2949615, 0, {}]
[{"0": [36, 1, 4, 1, 5, 2, 3, 1, 3, 0, 0, 1, 2, 1, 2, 1, 4, 1]}, null, null, 134, false, [], false, 0, [], null, 0, 1744332467.5280676, 0, {}]
[{"0": [25, 22, 19, 1, 1, 0, 1, 33, 2, 4, 0, 2, 3, 4, 2, 30, 19, 30]}, null, null, 134, false, [], false, 0, [], null, 0, 1744332467.7495966, 0, {}]
[{"0": [3, 31, 26, 33, 32, 20, 39, 28, 39, 0, 1, 1, 2, 3, 3, 3, 1, 0]}, null, null, 135, false, [], false, 0, [], null, 0, 1744332467.9501128, 0, {}]
[{"0": [2, 24, 42, 43, 35, 23, 28, 26, 32, 33, 27, 0, 33, 3, 24, 2, 4, 1]}, null, null, 136, false, [], false, 0, [], null, 0, 1744332468.1623921, 0, {}]
[{"0": [1, 3, 0, 2, 2, 2, 2, 5, 2, 4, 2, 1, 2, 28, 25, 24, 24, 32]}, null, null, 136, false, [], false, 0, [], null, 0, 1744332468.3868194, 0, {}]
[{"0": [23, 25, 27, 34, 33, 0, 27, 2, 1, 2, 29, 25, 32, 24, 31, 30, 28, 31]}, null, null, 137, false, [], false, 0, [], null, 0, 1744332468.6009567, 0, {}]
[{"0": [26, 2, 27, 2, 1, 2, 1, 3, 3, 2, 3, 30, 26, 25, 29, 32, 23, 32]}, null, null, 137, false, [], false, 0, [], null, 0, 1744332468.827068, 0, {}]
[{"0": [26, 28, 0, 35, 5, 2, 2, 1, 2, 1, 1, 3, 1, 2, 1, 0, 3, 0]}, null, null, 138, false, [], false, 0, [], null, 0, 1744332469.0390213, 0, {}]
[{"0": [37, 0, 1, 0, 1, 4, 0, 1, 6, 0, 0, 1, 1, 1, 3, 3, 2, 4]}, null, null, 139, false, [], false, 0, [], null, 0, 1744332469.2657802, 0, {}]
[{"0": [26, 24, 21, 35, 25, 16, 24, 18, 23, 31, 29, 27, 24, 24, 33, 25, 1, 27]}, null, null, 139, false, [], false, 0, [], null, 0, 1744332469.4701211, 0, {}]
[{"0": [0, 27, 19, 31, 19, 37, 33, 27, 34, 30, 30, 29, 38, 32, 1, 20, 26, 32]}, null, null, 140, false, [], false, 0, [], null, 0, 1744332469.6927621, 0, {}]
[{"0": [23, 24, 27, 21, 35, 4, 2, 25, 27, 31, 2, 26, 3, 1, 35, 27, 27, 19]}, null, null, 140, false, [], false, 0, [], null, 0, 1744332469.893584, 0, {}]
[{"0": [29, 30, 1, 0, 2, 0, 31, 0, 35, 23, 2, 30, 33, 31, 21, 30, 25, 28]}, null, null, 141, false, [], false, 0, [], null, 0, 1744332470.1136823, 0, {}]
[{"0": [42, 27, 20, 4, 30, 2, 27, 3, 35, 2, 1, 1, 1, 3, 1, 3, 0, 2]}, null, null, 142, false, [], false, 0, [], null, 0, 1744332470.3269928, 0, {}]
[{"0": [36, 1, 30, 26, 2, 30, 1, 24, 40, 28, 31, 33, 32, 26, 34, 31, 22, 36]}, null, null, 142, false, [], false, 0, [], null, 0, 1744332470.5502613, 0, {}]
[{"0": [24, 21, 4, 5, 0, 0, 1, 3, 2, 2, 2, 1, 0, 2, 0, 1, 3, 2]}, null, null, 143, false, [], false, 0, [], null, 0, 1744332470.7645621, 0, {}]
[{"0": [37, 35, 21, 32, 31, 20, 30, 29, 31, 28, 23, 22, 26, 34, 27, 24, 24, 30]}, null, null, 143, false, [], false, 0, [], null, 0, 1744332470.9824903, 0, {}]
[{"0": [0, 18, 21, 34, 2, 1, 3, 33, 30, 31, 23, 22, 28, 28, 26, 34, 33, 2]}, null, null, 144, false, [], false, 0, [], null, 0, 1744332471.201007, 0, {}]
[{"0": [3, 0, 2, 1, 4, 1, 3, 1, 0, 3, 3, 0, 1, 2, 1, 36, 0, 1]}, null, null, 145, false, [], false, 0, [], null, 0, 1744332471.419681, 0, {}]
[{"0": [3, 2, 1, 1, 1, 2, 2, 2, 26, 49, 31, 23, 5, 41, 40, 0, 8, 2]}, null, null, 145, false, [], false, 0, [], null, 0, 1744332471.6360714, 0, {}]
[{"0": [32, 35, 33, 37, 34, 0, 21, 3, 0, 3, 2, 1, 0, 0, 3, 4, 3, 5]}, null, null, 146, false, [], false, 0, [], null, 0, 1744332471.8532743, 0, {}]
[{"0": [22, 27, 1, 36, 0, 3, 0, 0, 3, 2, 1, 1, 19, 31, 25, 3, 32, 27]}, null, null, 146, false, [], false, 0, [], null, 0, 1744332472.0647976, 0, {}]
[{"0": [26, 16, 0, 0, 1, 1, 6, 4, 1, 3, 3, 2, 3, 1, 3, 2, 2, 1]}, null, null, 147, false, [], false, 0, [], null, 0, 1744332472.2916086, 0, {}]
[{"0": [34, 30, 26, 30, 43, 31, 21, 32, 28, 43, 20, 26, 41, 2, 32, 25, 27, 23]}, null, null, 148, false, [], false, 0, [], null, 0, 1744332472.5095115, 0, {}]
[{"0": [33, 37, 22, 37, 3, 0, 30, 22, 30, 21, 35, 29, 38, 25, 32, 30, 29, 3]}, null, null, 148, false, [], false, 0, [], null, 0, 1744332472.7293563, 0, {}]
[{"0": [28, 1, 0, 0, 0, 0, 3, 5, 1, 0, 2, 3, 2, 1, 26, 29, 26, 29]}, null, null, 149, false, [], false, 0, [], null, 0, 1744332472.937431, 0, {}]
[{"0": [3, 36, 24, 24, 31, 31, 44, 35, 36, 16, 37, 2, 32, 3, 1, 2, 2, 1]}, null, null, 149, false, [], false, 0, [], null, 0, 1744332473.147374, 0, {}]
[{"0": [29, 21, 32, 30, 28, 3, 3, 20, 2, 27, 24, 32, 0, 0, 2, 2, 2, 1]}, null, null, 150, true, [], false, 0, [], null, 0, 1744332473.3654659, 0, {}]
