[{"0": [2, 37, 28, 24, 38, 36, 30, 1, 1, 3, 2, 2, 2, 3, 1, 0, 1]}, null, null, 0, false, [], false, 0, [], null, 0, 1744329742.3742185, 0, {}]
[{"0": [4, 32, 23, 31, 47, 33, 1, 1, 0, 2, 3, 2, 0, 1, 2, 5, 4]}, null, null, 1, false, [], false, 0, [], null, 0, 1744329742.6173532, 0, {}]
[{"0": [1, 24, 32, 32, 30, 36, 32, 27, 39, 17, 36, 40, 3, 2, 1, 2, 3]}, null, null, 1, false, [], false, 0, [], null, 0, 1744329742.8180013, 0, {}]
[{"0": [0, 31, 31, 28, 31, 31, 2, 2, 0, 1, 1, 2, 2, 1, 3, 2, 0]}, null, null, 2, false, [], false, 0, [], null, 0, 1744329743.033648, 0, {}]
[{"0": [2, 2, 3, 2, 2, 3, 2, 3, 1, 0, 6, 1, 23, 29, 30, 19, 32]}, null, null, 2, false, [], false, 0, [], null, 0, 1744329743.2536905, 0, {}]
[{"0": [1, 24, 29, 30, 27, 25, 27, 30, 31, 34, 26, 35, 32, 32, 38, 32, 29]}, null, null, 3, false, [], false, 0, [], null, 0, 1744329743.4753664, 0, {}]
[{"0": [1, 37, 27, 1, 1, 1, 2, 1, 0, 2, 0, 1, 1, 0, 3, 1, 4]}, null, null, 4, false, [], false, 0, [], null, 0, 1744329743.6969106, 0, {}]
[{"0": [1, 33, 37, 28, 33, 34, 26, 34, 29, 31, 32, 34, 39, 27, 29, 31, 34]}, null, null, 4, false, [], false, 0, [], null, 0, 1744329743.9031615, 0, {}]
[{"0": [1, 1, 3, 2, 2, 0, 3, 2, 2, 3, 25, 1, 1, 0, 2, 1, 3]}, null, null, 5, false, [], false, 0, [], null, 0, 1744329744.1319726, 0, {}]
[{"0": [3, 3, 2, 1, 1, 2, 0, 1, 4, 1, 26, 30, 2, 1, 2, 1, 0]}, null, null, 5, false, [], false, 0, [], null, 0, 1744329744.3390844, 0, {}]
[{"0": [3, 28, 0, 3, 1, 1, 2, 3, 3, 3, 3, 3, 3, 1, 2, 2, 1]}, null, null, 6, false, [], false, 0, [], null, 0, 1744329744.5528698, 0, {}]
[{"0": [1, 29, 32, 29, 29, 15, 38, 35, 1, 1, 1, 4, 0, 1, 0, 0, 3]}, null, null, 7, false, [], false, 0, [], null, 0, 1744329744.7685964, 0, {}]
[{"0": [5, 36, 34, 26, 19, 25, 2, 3, 2, 2, 3, 6, 1, 1, 2, 2, 1]}, null, null, 7, false, [], false, 0, [], null, 0, 1744329744.989328, 0, {}]
[{"0": [2, 18, 3, 5, 0, 1, 2, 1, 2, 1, 1, 1, 4, 2, 1, 2, 0]}, null, null, 8, false, [], false, 0, [], null, 0, 1744329745.2061877, 0, {}]
[{"0": [0, 37, 31, 30, 37, 34, 5, 2, 4, 1, 1, 3, 0, 1, 3, 2, 2]}, null, null, 8, false, [], false, 0, [], null, 0, 1744329745.4161854, 0, {}]
[{"0": [6, 1, 3, 6, 1, 0, 2, 2, 0, 0, 3, 48, 0, 4, 0, 1, 0]}, null, null, 9, false, [], false, 0, [], null, 0, 1744329745.6322625, 0, {}]
[{"0": [0, 2, 30, 28, 25, 27, 43, 2, 1, 2, 2, 1, 1, 4, 1, 2, 1]}, null, null, 10, false, [], false, 0, [], null, 0, 1744329745.8681233, 0, {}]
[{"0": [2, 37, 2, 0, 1, 2, 0, 2, 2, 0, 2, 0, 1, 1, 2, 5, 5]}, null, null, 10, false, [], false, 0, [], null, 0, 1744329746.0729783, 0, {}]
[{"0": [1, 29, 38, 4, 0, 0, 2, 3, 0, 0, 1, 4, 1, 1, 2, 2, 2]}, null, null, 11, false, [], false, 0, [], null, 0, 1744329746.2926025, 0, {}]
[{"0": [4, 31, 2, 1, 5, 3, 3, 0, 0, 2, 1, 2, 1, 0, 0, 2, 4]}, null, null, 11, false, [], false, 0, [], null, 0, 1744329746.4997973, 0, {}]
[{"0": [3, 22, 41, 26, 26, 23, 23, 32, 32, 40, 35, 32, 25, 30, 33, 0, 0]}, null, null, 12, false, [], false, 0, [], null, 0, 1744329746.7322829, 0, {}]
[{"0": [6, 23, 40, 24, 0, 2, 2, 1, 2, 3, 1, 1, 0, 2, 3, 0, 4]}, null, null, 13, false, [], false, 0, [], null, 0, 1744329746.95219, 0, {}]
[{"0": [2, 28, 2, 1, 2, 0, 1, 1, 5, 0, 4, 1, 1, 1, 2, 1, 2]}, null, null, 13, false, [], false, 0, [], null, 0, 1744329747.1458538, 0, {}]
[{"0": [2, 29, 2, 1, 1, 4, 2, 0, 1, 2, 1, 3, 4, 2, 2, 2, 4]}, null, null, 14, false, [], false, 0, [], null, 0, 1744329747.3700752, 0, {}]
[{"0": [3, 33, 30, 2, 0, 2, 3, 0, 4, 3, 0, 1, 2, 2, 3, 4, 1]}, null, null, 14, false, [], false, 0, [], null, 0, 1744329747.5809886, 0, {}]
[{"0": [1, 22, 39, 2, 2, 0, 3, 2, 0, 3, 3, 2, 1, 2, 4, 1, 3]}, null, null, 15, false, [], false, 0, [], null, 0, 1744329747.793547, 0, {}]
[{"0": [2, 2, 0, 0, 2, 3, 3, 2, 1, 2, 3, 29, 30, 35, 28, 2, 3]}, null, null, 16, false, [], false, 0, [], null, 0, 1744329748.0168898, 0, {}]
[{"0": [2, 21, 36, 39, 2, 1, 0, 3, 4, 1, 3, 1, 5, 2, 1, 3, 1]}, null, null, 16, false, [], false, 0, [], null, 0, 1744329748.2316768, 0, {}]
[{"0": [0, 22, 2, 1, 0, 1, 2, 0, 0, 3, 2, 3, 0, 4, 2, 2, 1]}, null, null, 17, false, [], false, 0, [], null, 0, 1744329748.4579356, 0, {}]
[{"0": [2, 36, 0, 2, 1, 3, 1, 2, 4, 3, 4, 1, 3, 4, 0, 1, 3]}, null, null, 17, false, [], false, 0, [], null, 0, 1744329748.6675131, 0, {}]
[{"0": [4, 28, 33, 43, 40, 25, 34, 20, 33, 23, 23, 4, 0, 4, 0, 2, 3]}, null, null, 18, false, [], false, 0, [], null, 0, 1744329748.9009328, 0, {}]
[{"0": [0, 21, 37, 3, 3, 1, 0, 4, 0, 6, 2, 3, 1, 3, 0, 3, 2]}, null, null, 19, false, [], false, 0, [], null, 0, 1744329749.1064038, 0, {}]
[{"0": [3, 2, 3, 3, 0, 0, 1, 1, 0, 1, 3, 0, 1, 0, 5, 1, 1]}, null, null, 19, false, [], false, 0, [], null, 0, 1744329749.3222196, 0, {}]
[{"0": [28, 29, 30, 31, 30, 25, 33, 27, 29, 31, 26, 2, 0, 3, 3, 1, 3]}, null, null, 20, false, [], false, 0, [], null, 0, 1744329749.5374444, 0, {}]
[{"0": [1, 1, 2, 5, 3, 3, 3, 2, 6, 3, 2, 0, 3, 4, 2, 1, 1]}, null, null, 20, false, [], false, 0, [], null, 0, 1744329749.75267, 0, {}]
[{"0": [3, 34, 41, 23, 29, 26, 0, 3, 3, 0, 5, 1, 1, 2, 1, 0, 1]}, null, null, 21, false, [], false, 0, [], null, 0, 1744329749.9670472, 0, {}]
[{"0": [1, 3, 2, 3, 1, 2, 2, 39, 2, 3, 2, 4, 2, 1, 3, 2, 3]}, null, null, 22, false, [], false, 0, [], null, 0, 1744329750.1850371, 0, {}]
[{"0": [2, 27, 1, 0, 0, 0, 0, 1, 1, 2, 1, 1, 2, 3, 2, 2, 1]}, null, null, 22, false, [], false, 0, [], null, 0, 1744329750.4008822, 0, {}]
[{"0": [4, 15, 32, 21, 27, 33, 28, 5, 0, 1, 2, 1, 2, 1, 1, 2, 0]}, null, null, 23, false, [], false, 0, [], null, 0, 1744329750.6300666, 0, {}]
[{"0": [1, 4, 2, 5, 2, 3, 2, 3, 3, 4, 0, 1, 1, 1, 1, 0, 1]}, null, null, 23, false, [], false, 0, [], null, 0, 1744329750.8473825, 0, {}]
[{"0": [1, 23, 37, 26, 0, 3, 0, 1, 0, 0, 2, 2, 3, 4, 5, 1, 4]}, null, null, 24, false, [], false, 0, [], null, 0, 1744329751.048676, 0, {}]
[{"0": [0, 30, 27, 41, 37, 38, 37, 34, 23, 29, 26, 36, 1, 0, 0, 0, 3]}, null, null, 25, false, [], false, 0, [], null, 0, 1744329751.2686963, 0, {}]
[{"0": [1, 30, 2, 1, 2, 3, 4, 0, 4, 3, 0, 2, 2, 1, 1, 0, 1]}, null, null, 25, false, [], false, 0, [], null, 0, 1744329751.4858766, 0, {}]
[{"0": [0, 31, 29, 46, 33, 24, 27, 38, 27, 3, 2, 3, 1, 4, 2, 2, 2]}, null, null, 26, false, [], false, 0, [], null, 0, 1744329751.707964, 0, {}]
[{"0": [1, 25, 0, 2, 4, 1, 5, 1, 1, 1, 1, 0, 3, 0, 2, 3, 1]}, null, null, 27, false, [], false, 0, [], null, 0, 1744329751.9290643, 0, {}]
[{"0": [0, 26, 42, 37, 2, 0, 4, 1, 2, 0, 0, 2, 4, 0, 1, 0, 1]}, null, null, 27, false, [], false, 0, [], null, 0, 1744329752.1394703, 0, {}]
[{"0": [2, 20, 3, 2, 3, 4, 1, 3, 0, 3, 1, 4, 2, 0, 1, 1, 2]}, null, null, 28, false, [], false, 0, [], null, 0, 1744329752.3624191, 0, {}]
[{"0": [1, 25, 27, 2, 2, 2, 2, 4, 1, 0, 1, 0, 3, 2, 3, 2, 2]}, null, null, 28, false, [], false, 0, [], null, 0, 1744329752.5731587, 0, {}]
[{"0": [3, 29, 39, 31, 36, 41, 35, 36, 37, 34, 39, 38, 3, 2, 2, 2, 2]}, null, null, 29, false, [], false, 0, [], null, 0, 1744329752.7877069, 0, {}]
[{"0": [2, 36, 35, 37, 24, 3, 1, 0, 1, 3, 1, 3, 3, 0, 1, 2, 3]}, null, null, 30, false, [], false, 0, [], null, 0, 1744329753.0024009, 0, {}]
[{"0": [1, 3, 2, 1, 1, 6, 0, 2, 1, 0, 2, 3, 3, 1, 1, 0, 0]}, null, null, 30, false, [], false, 0, [], null, 0, 1744329753.2327604, 0, {}]
[{"0": [1, 31, 32, 21, 42, 37, 3, 1, 1, 3, 1, 0, 7, 4, 2, 1, 0]}, null, null, 31, false, [], false, 0, [], null, 0, 1744329753.4355245, 0, {}]
[{"0": [3, 26, 23, 24, 30, 27, 29, 32, 31, 1, 1, 3, 4, 0, 1, 1, 1]}, null, null, 31, false, [], false, 0, [], null, 0, 1744329753.6461024, 0, {}]
[{"0": [2, 24, 29, 31, 35, 26, 27, 46, 23, 31, 35, 32, 40, 26, 31, 31, 37]}, null, null, 32, false, [], false, 0, [], null, 0, 1744329753.8745656, 0, {}]
[{"0": [1, 32, 35, 22, 31, 1, 1, 1, 1, 1, 3, 2, 1, 2, 2, 0, 2]}, null, null, 33, false, [], false, 0, [], null, 0, 1744329754.0938716, 0, {}]
[{"0": [3, 3, 0, 1, 2, 2, 0, 2, 1, 3, 1, 0, 4, 3, 0, 3, 3]}, null, null, 33, false, [], false, 0, [], null, 0, 1744329754.301958, 0, {}]
[{"0": [2, 23, 32, 27, 37, 2, 2, 0, 3, 0, 2, 2, 0, 1, 1, 1, 1]}, null, null, 34, false, [], false, 0, [], null, 0, 1744329754.5294187, 0, {}]
[{"0": [3, 2, 3, 1, 3, 1, 0, 0, 4, 0, 2, 33, 32, 30, 32, 37, 0]}, null, null, 34, false, [], false, 0, [], null, 0, 1744329754.7509577, 0, {}]
[{"0": [0, 26, 34, 3, 0, 0, 5, 1, 3, 1, 0, 5, 1, 2, 1, 3, 5]}, null, null, 35, false, [], false, 0, [], null, 0, 1744329754.9481604, 0, {}]
[{"0": [2, 30, 36, 3, 2, 2, 0, 2, 2, 5, 5, 2, 2, 2, 3, 2, 1]}, null, null, 36, false, [], false, 0, [], null, 0, 1744329755.1809936, 0, {}]
[{"0": [29, 29, 27, 24, 24, 22, 35, 37, 1, 3, 2, 1, 3, 4, 3, 0, 2]}, null, null, 36, false, [], false, 0, [], null, 0, 1744329755.3863456, 0, {}]
[{"0": [0, 25, 1, 2, 1, 0, 1, 0, 3, 0, 2, 0, 2, 3, 1, 5, 5]}, null, null, 37, false, [], false, 0, [], null, 0, 1744329755.6016297, 0, {}]
[{"0": [0, 37, 5, 2, 1, 1, 1, 2, 1, 1, 2, 0, 0, 2, 1, 0, 1]}, null, null, 37, false, [], false, 0, [], null, 0, 1744329755.8300867, 0, {}]
[{"0": [31, 36, 34, 0, 2, 4, 1, 2, 1, 1, 3, 0, 0, 2, 3, 0, 1]}, null, null, 38, false, [], false, 0, [], null, 0, 1744329756.0500512, 0, {}]
[{"0": [1, 25, 29, 38, 26, 29, 39, 29, 27, 29, 41, 2, 0, 1, 1, 0, 0]}, null, null, 39, false, [], false, 0, [], null, 0, 1744329756.25931, 0, {}]
[{"0": [1, 24, 4, 3, 2, 2, 2, 3, 3, 1, 4, 2, 4, 1, 1, 2, 2]}, null, null, 39, false, [], false, 0, [], null, 0, 1744329756.4794288, 0, {}]
[{"0": [3, 37, 27, 3, 0, 1, 1, 3, 1, 2, 1, 2, 1, 3, 1, 0, 3]}, null, null, 40, false, [], false, 0, [], null, 0, 1744329756.6975913, 0, {}]
[{"0": [1, 27, 7, 1, 0, 5, 2, 1, 2, 0, 3, 3, 3, 0, 1, 0, 0]}, null, null, 40, false, [], false, 0, [], null, 0, 1744329756.9170778, 0, {}]
[{"0": [0, 28, 29, 17, 29, 33, 35, 22, 37, 22, 31, 0, 1, 4, 3, 2, 0]}, null, null, 41, false, [], false, 0, [], null, 0, 1744329757.1299021, 0, {}]
[{"0": [1, 1, 2, 1, 1, 2, 3, 1, 3, 1, 2, 0, 3, 0, 30, 33, 30]}, null, null, 42, false, [], false, 0, [], null, 0, 1744329757.3399694, 0, {}]
[{"0": [2, 34, 1, 0, 1, 2, 3, 5, 1, 0, 0, 2, 2, 0, 0, 1, 1]}, null, null, 42, false, [], false, 0, [], null, 0, 1744329757.5498586, 0, {}]
[{"0": [2, 34, 4, 3, 3, 2, 2, 6, 0, 2, 2, 1, 3, 2, 1, 2, 4]}, null, null, 43, false, [], false, 0, [], null, 0, 1744329757.77466, 0, {}]
[{"0": [0, 29, 33, 29, 27, 40, 30, 34, 29, 1, 2, 1, 2, 5, 5, 1, 0]}, null, null, 43, false, [], false, 0, [], null, 0, 1744329757.9925497, 0, {}]
[{"0": [2, 27, 3, 0, 3, 2, 1, 1, 5, 1, 0, 2, 3, 2, 2, 0, 3]}, null, null, 44, false, [], false, 0, [], null, 0, 1744329758.2124658, 0, {}]
[{"0": [0, 30, 28, 0, 2, 3, 1, 3, 0, 1, 3, 3, 1, 4, 0, 3, 1]}, null, null, 45, false, [], false, 0, [], null, 0, 1744329758.4253726, 0, {}]
[{"0": [1, 27, 27, 0, 2, 2, 3, 3, 4, 2, 2, 3, 0, 2, 2, 2, 1]}, null, null, 45, false, [], false, 0, [], null, 0, 1744329758.641836, 0, {}]
[{"0": [0, 1, 2, 2, 1, 1, 1, 4, 0, 4, 2, 5, 4, 1, 1, 1, 2]}, null, null, 46, false, [], false, 0, [], null, 0, 1744329758.8577733, 0, {}]
[{"0": [0, 27, 33, 2, 0, 4, 3, 2, 1, 2, 1, 1, 5, 1, 2, 0, 0]}, null, null, 46, false, [], false, 0, [], null, 0, 1744329759.07274, 0, {}]
[{"0": [28, 24, 35, 39, 32, 23, 1, 3, 3, 0, 0, 2, 1, 1, 1, 1, 4]}, null, null, 47, false, [], false, 0, [], null, 0, 1744329759.2848668, 0, {}]
[{"0": [0, 30, 26, 3, 3, 3, 2, 1, 0, 0, 2, 5, 0, 1, 2, 1, 1]}, null, null, 48, false, [], false, 0, [], null, 0, 1744329759.5079644, 0, {}]
[{"0": [1, 2, 2, 2, 0, 1, 1, 1, 3, 1, 1, 3, 2, 3, 1, 1, 1]}, null, null, 48, false, [], false, 0, [], null, 0, 1744329759.7221098, 0, {}]
[{"0": [3, 38, 20, 33, 35, 25, 32, 3, 1, 1, 4, 2, 0, 1, 2, 5, 3]}, null, null, 49, false, [], false, 0, [], null, 0, 1744329759.9389713, 0, {}]
[{"0": [1, 27, 1, 2, 0, 1, 1, 2, 1, 3, 3, 0, 2, 0, 0, 1, 0]}, null, null, 49, false, [], false, 0, [], null, 0, 1744329760.1597884, 0, {}]
[{"0": [3, 24, 0, 1, 2, 1, 1, 0, 3, 2, 5, 1, 0, 3, 2, 2, 2]}, null, null, 50, false, [], false, 0, [], null, 0, 1744329760.3720715, 0, {}]
[{"0": [2, 20, 0, 1, 2, 0, 1, 2, 1, 1, 3, 2, 1, 2, 1, 1, 2]}, null, null, 51, false, [], false, 0, [], null, 0, 1744329760.5917964, 0, {}]
[{"0": [1, 31, 4, 2, 3, 1, 2, 2, 3, 2, 1, 3, 2, 1, 3, 1, 2]}, null, null, 51, false, [], false, 0, [], null, 0, 1744329760.8003573, 0, {}]
[{"0": [1, 31, 19, 36, 28, 30, 34, 1, 2, 1, 0, 2, 2, 3, 6, 0, 2]}, null, null, 52, false, [], false, 0, [], null, 0, 1744329761.0358565, 0, {}]
[{"0": [1, 38, 37, 2, 1, 3, 1, 1, 1, 1, 1, 2, 2, 2, 0, 1, 3]}, null, null, 52, false, [], false, 0, [], null, 0, 1744329761.2354982, 0, {}]
[{"0": [5, 32, 1, 0, 0, 1, 2, 3, 1, 1, 0, 0, 1, 2, 0, 4, 0]}, null, null, 53, false, [], false, 0, [], null, 0, 1744329761.449952, 0, {}]
[{"0": [3, 23, 0, 2, 3, 4, 0, 1, 3, 1, 1, 0, 0, 2, 1, 1, 2]}, null, null, 54, false, [], false, 0, [], null, 0, 1744329761.684594, 0, {}]
[{"0": [2, 21, 27, 30, 34, 31, 22, 32, 35, 26, 27, 33, 1, 0, 3, 1, 0]}, null, null, 54, false, [], false, 0, [], null, 0, 1744329761.8880804, 0, {}]
[{"0": [3, 19, 27, 28, 35, 26, 1, 4, 3, 1, 4, 0, 1, 2, 1, 4, 3]}, null, null, 55, false, [], false, 0, [], null, 0, 1744329762.116352, 0, {}]
[{"0": [0, 41, 27, 34, 25, 24, 32, 21, 19, 38, 24, 35, 4, 4, 1, 1, 3]}, null, null, 55, false, [], false, 0, [], null, 0, 1744329762.3216546, 0, {}]
[{"0": [0, 40, 2, 0, 1, 1, 1, 2, 4, 1, 1, 2, 2, 2, 4, 2, 1]}, null, null, 56, false, [], false, 0, [], null, 0, 1744329762.5410469, 0, {}]
[{"0": [1, 31, 25, 37, 32, 38, 24, 28, 23, 28, 0, 1, 3, 3, 2, 4, 1]}, null, null, 57, false, [], false, 0, [], null, 0, 1744329762.7619324, 0, {}]
[{"0": [1, 20, 29, 3, 1, 5, 3, 4, 3, 1, 0, 0, 3, 3, 2, 3, 1]}, null, null, 57, false, [], false, 0, [], null, 0, 1744329762.9706216, 0, {}]
[{"0": [33, 29, 35, 19, 34, 27, 23, 24, 28, 27, 29, 1, 1, 2, 2, 2, 3]}, null, null, 58, false, [], false, 0, [], null, 0, 1744329763.208036, 0, {}]
[{"0": [1, 34, 27, 33, 27, 26, 5, 2, 0, 0, 2, 1, 2, 0, 3, 2, 2]}, null, null, 58, false, [], false, 0, [], null, 0, 1744329763.4058115, 0, {}]
[{"0": [3, 39, 26, 26, 21, 26, 26, 20, 28, 43, 37, 24, 32, 2, 1, 2, 2]}, null, null, 59, false, [], false, 0, [], null, 0, 1744329763.6211498, 0, {}]
[{"0": [1, 19, 40, 2, 4, 1, 1, 2, 1, 2, 2, 2, 1, 0, 0, 1, 3]}, null, null, 60, false, [], false, 0, [], null, 0, 1744329763.835397, 0, {}]
[{"0": [1, 2, 2, 1, 2, 2, 2, 2, 2, 0, 1, 2, 5, 2, 5, 4, 3]}, null, null, 60, false, [], false, 0, [], null, 0, 1744329764.0486, 0, {}]
[{"0": [2, 25, 37, 38, 35, 29, 31, 20, 37, 1, 2, 0, 0, 0, 2, 1, 1]}, null, null, 61, false, [], false, 0, [], null, 0, 1744329764.2762587, 0, {}]
[{"0": [3, 40, 1, 2, 2, 2, 3, 1, 1, 0, 2, 1, 1, 2, 4, 0, 0]}, null, null, 61, false, [], false, 0, [], null, 0, 1744329764.4903977, 0, {}]
[{"0": [2, 28, 30, 36, 32, 1, 0, 0, 1, 1, 0, 2, 0, 3, 4, 2, 2]}, null, null, 62, false, [], false, 0, [], null, 0, 1744329764.7107978, 0, {}]
[{"0": [3, 27, 24, 38, 42, 32, 25, 29, 2, 2, 2, 2, 1, 1, 3, 0, 1]}, null, null, 63, false, [], false, 0, [], null, 0, 1744329764.915944, 0, {}]
[{"0": [1, 31, 26, 2, 2, 2, 2, 1, 0, 5, 1, 2, 3, 1, 0, 1, 2]}, null, null, 63, false, [], false, 0, [], null, 0, 1744329765.1419911, 0, {}]
[{"0": [2, 34, 29, 1, 0, 2, 1, 1, 2, 1, 3, 0, 5, 1, 2, 1, 2]}, null, null, 64, false, [], false, 0, [], null, 0, 1744329765.354258, 0, {}]
[{"0": [3, 30, 19, 39, 34, 2, 1, 2, 0, 1, 2, 2, 1, 1, 4, 3, 3]}, null, null, 64, false, [], false, 0, [], null, 0, 1744329765.5655663, 0, {}]
[{"0": [1, 31, 25, 25, 24, 25, 1, 0, 2, 5, 2, 3, 2, 1, 2, 4, 3]}, null, null, 65, false, [], false, 0, [], null, 0, 1744329765.801232, 0, {}]
[{"0": [2, 22, 29, 26, 25, 0, 3, 1, 3, 1, 0, 0, 3, 3, 4, 0, 5]}, null, null, 66, false, [], false, 0, [], null, 0, 1744329766.0160575, 0, {}]
[{"0": [1, 34, 1, 3, 2, 1, 1, 0, 1, 0, 4, 2, 1, 3, 0, 2, 5]}, null, null, 66, false, [], false, 0, [], null, 0, 1744329766.2256734, 0, {}]
[{"0": [2, 30, 28, 29, 29, 29, 3, 2, 2, 0, 0, 2, 0, 2, 4, 3, 3]}, null, null, 67, false, [], false, 0, [], null, 0, 1744329766.4364645, 0, {}]
[{"0": [0, 30, 2, 1, 2, 1, 1, 6, 2, 2, 2, 2, 2, 3, 1, 4, 1]}, null, null, 67, false, [], false, 0, [], null, 0, 1744329766.65016, 0, {}]
[{"0": [1, 25, 32, 27, 2, 3, 1, 1, 2, 5, 3, 1, 1, 1, 3, 2, 1]}, null, null, 68, false, [], false, 0, [], null, 0, 1744329766.87666, 0, {}]
[{"0": [2, 31, 0, 2, 3, 0, 0, 2, 5, 2, 1, 2, 1, 1, 3, 4, 3]}, null, null, 69, false, [], false, 0, [], null, 0, 1744329767.0920236, 0, {}]
[{"0": [3, 39, 36, 38, 2, 2, 1, 4, 1, 1, 3, 2, 4, 1, 3, 1, 0]}, null, null, 69, false, [], false, 0, [], null, 0, 1744329767.317644, 0, {}]
[{"0": [0, 3, 0, 0, 0, 0, 0, 1, 1, 27, 24, 3, 2, 2, 3, 1, 1]}, null, null, 70, false, [], false, 0, [], null, 0, 1744329767.5333893, 0, {}]
[{"0": [2, 22, 38, 30, 33, 31, 35, 30, 33, 3, 3, 3, 1, 3, 0, 4, 4]}, null, null, 70, false, [], false, 0, [], null, 0, 1744329767.7448623, 0, {}]
[{"0": [2, 25, 3, 2, 0, 5, 2, 2, 2, 1, 1, 2, 3, 1, 3, 1, 2]}, null, null, 71, false, [], false, 0, [], null, 0, 1744329767.959038, 0, {}]
[{"0": [1, 38, 23, 30, 27, 0, 2, 1, 1, 1, 3, 2, 3, 2, 4, 2, 2]}, null, null, 72, false, [], false, 0, [], null, 0, 1744329768.1755219, 0, {}]
[{"0": [5, 32, 29, 27, 24, 30, 1, 3, 0, 2, 2, 3, 3, 2, 1, 0, 1]}, null, null, 72, false, [], false, 0, [], null, 0, 1744329768.3871493, 0, {}]
[{"0": [2, 1, 3, 0, 1, 0, 3, 1, 3, 2, 2, 1, 2, 4, 1, 1, 3]}, null, null, 73, false, [], false, 0, [], null, 0, 1744329768.613027, 0, {}]
[{"0": [1, 24, 39, 32, 36, 2, 2, 0, 1, 0, 2, 0, 2, 1, 1, 4, 1]}, null, null, 73, false, [], false, 0, [], null, 0, 1744329768.8417585, 0, {}]
[{"0": [0, 28, 0, 2, 0, 5, 4, 0, 2, 2, 0, 2, 3, 0, 2, 0, 1]}, null, null, 74, false, [], false, 0, [], null, 0, 1744329769.0508134, 0, {}]
[{"0": [0, 22, 32, 34, 36, 3, 2, 3, 1, 0, 3, 5, 1, 2, 3, 1, 1]}, null, null, 75, false, [], false, 0, [], null, 0, 1744329769.2604723, 0, {}]
[{"0": [1, 36, 0, 2, 3, 1, 1, 3, 3, 2, 2, 4, 2, 2, 4, 0, 4]}, null, null, 75, false, [], false, 0, [], null, 0, 1744329769.4719687, 0, {}]
[{"0": [29, 31, 28, 34, 40, 30, 31, 36, 25, 30, 27, 36, 28, 3, 0, 0, 2]}, null, null, 76, false, [], false, 0, [], null, 0, 1744329769.6924095, 0, {}]
[{"0": [0, 36, 27, 0, 0, 4, 1, 1, 3, 4, 3, 3, 0, 0, 2, 1, 0]}, null, null, 77, false, [], false, 0, [], null, 0, 1744329769.9002712, 0, {}]
[{"0": [2, 1, 35, 31, 27, 24, 32, 31, 33, 25, 44, 40, 27, 39, 26, 32, 27]}, null, null, 77, false, [], false, 0, [], null, 0, 1744329770.1316695, 0, {}]
[{"0": [2, 45, 30, 37, 32, 21, 0, 3, 1, 1, 3, 5, 5, 1, 4, 0, 5]}, null, null, 78, false, [], false, 0, [], null, 0, 1744329770.3422508, 0, {}]
[{"0": [1, 34, 23, 37, 28, 28, 27, 23, 41, 35, 36, 27, 20, 31, 33, 30, 28]}, null, null, 78, false, [], false, 0, [], null, 0, 1744329770.55665, 0, {}]
[{"0": [1, 34, 40, 4, 0, 2, 2, 0, 2, 1, 2, 0, 1, 2, 1, 4, 5]}, null, null, 79, false, [], false, 0, [], null, 0, 1744329770.770196, 0, {}]
[{"0": [1, 33, 36, 40, 29, 1, 6, 2, 1, 3, 2, 4, 2, 1, 2, 1, 3]}, null, null, 80, false, [], false, 0, [], null, 0, 1744329770.9857976, 0, {}]
[{"0": [25, 1, 1, 1, 5, 0, 3, 3, 4, 1, 2, 2, 2, 2, 1, 4, 0]}, null, null, 80, false, [], false, 0, [], null, 0, 1744329771.206739, 0, {}]
[{"0": [3, 34, 32, 27, 2, 2, 4, 3, 1, 2, 2, 3, 1, 1, 2, 0, 2]}, null, null, 81, false, [], false, 0, [], null, 0, 1744329771.4387138, 0, {}]
[{"0": [26, 30, 31, 27, 34, 30, 1, 1, 3, 1, 2, 3, 2, 1, 5, 0, 2]}, null, null, 81, false, [], false, 0, [], null, 0, 1744329771.6378036, 0, {}]
[{"0": [3, 32, 21, 1, 0, 1, 5, 2, 1, 2, 1, 4, 2, 2, 1, 1, 1]}, null, null, 82, false, [], false, 0, [], null, 0, 1744329771.8554044, 0, {}]
[{"0": [35, 2, 2, 2, 3, 0, 4, 1, 3, 0, 1, 1, 2, 0, 2, 0, 2]}, null, null, 83, false, [], false, 0, [], null, 0, 1744329772.0698264, 0, {}]
[{"0": [4, 32, 35, 38, 32, 1, 0, 1, 1, 2, 0, 4, 3, 0, 2, 2, 2]}, null, null, 83, false, [], false, 0, [], null, 0, 1744329772.284943, 0, {}]
[{"0": [3, 27, 41, 33, 34, 39, 2, 1, 1, 1, 2, 2, 4, 4, 0, 1, 2]}, null, null, 84, false, [], false, 0, [], null, 0, 1744329772.5140347, 0, {}]
[{"0": [2, 24, 41, 29, 36, 23, 2, 3, 0, 2, 4, 0, 1, 4, 2, 3, 1]}, null, null, 84, false, [], false, 0, [], null, 0, 1744329772.7209542, 0, {}]
[{"0": [2, 26, 24, 35, 0, 1, 3, 2, 0, 2, 4, 1, 3, 3, 1, 1, 2]}, null, null, 85, false, [], false, 0, [], null, 0, 1744329772.9349453, 0, {}]
[{"0": [2, 26, 30, 24, 2, 4, 0, 1, 0, 3, 2, 5, 2, 0, 2, 1, 2]}, null, null, 86, false, [], false, 0, [], null, 0, 1744329773.1553345, 0, {}]
[{"0": [2, 50, 27, 30, 0, 1, 0, 2, 1, 4, 1, 2, 3, 2, 4, 1, 3]}, null, null, 86, false, [], false, 0, [], null, 0, 1744329773.365462, 0, {}]
[{"0": [22, 47, 35, 32, 27, 1, 4, 4, 1, 0, 3, 1, 2, 2, 4, 4, 0]}, null, null, 87, false, [], false, 0, [], null, 0, 1744329773.5866826, 0, {}]
[{"0": [0, 25, 1, 0, 6, 0, 2, 0, 1, 0, 0, 2, 1, 5, 0, 1, 0]}, null, null, 87, false, [], false, 0, [], null, 0, 1744329773.8028762, 0, {}]
[{"0": [25, 22, 32, 29, 36, 30, 40, 31, 22, 28, 32, 31, 23, 0, 1, 1, 3]}, null, null, 88, false, [], false, 0, [], null, 0, 1744329774.0296707, 0, {}]
[{"0": [1, 30, 4, 2, 0, 0, 2, 5, 2, 2, 2, 1, 0, 0, 3, 1, 2]}, null, null, 89, false, [], false, 0, [], null, 0, 1744329774.2461913, 0, {}]
[{"0": [3, 27, 3, 2, 2, 4, 6, 1, 4, 3, 3, 0, 2, 4, 2, 2, 1]}, null, null, 89, false, [], false, 0, [], null, 0, 1744329774.4611123, 0, {}]
[{"0": [3, 44, 17, 32, 28, 4, 0, 0, 0, 3, 1, 1, 1, 0, 5, 1, 2]}, null, null, 90, false, [], false, 0, [], null, 0, 1744329774.6771748, 0, {}]
[{"0": [3, 1, 1, 0, 1, 2, 3, 5, 3, 1, 1, 1, 1, 4, 1, 35, 29]}, null, null, 90, false, [], false, 0, [], null, 0, 1744329774.8884964, 0, {}]
[{"0": [1, 40, 29, 26, 4, 2, 2, 0, 1, 2, 2, 3, 0, 4, 0, 1, 1]}, null, null, 91, false, [], false, 0, [], null, 0, 1744329775.1019318, 0, {}]
[{"0": [2, 28, 36, 33, 2, 1, 2, 4, 1, 3, 2, 3, 3, 1, 2, 0, 1]}, null, null, 92, false, [], false, 0, [], null, 0, 1744329775.3330166, 0, {}]
[{"0": [3, 34, 2, 1, 0, 3, 1, 3, 1, 0, 1, 3, 0, 5, 4, 3, 2]}, null, null, 92, false, [], false, 0, [], null, 0, 1744329775.5408802, 0, {}]
[{"0": [3, 3, 4, 1, 4, 3, 0, 2, 5, 1, 2, 0, 4, 1, 1, 2, 1]}, null, null, 93, false, [], false, 0, [], null, 0, 1744329775.753435, 0, {}]
[{"0": [1, 29, 25, 38, 26, 35, 36, 27, 28, 39, 39, 41, 28, 35, 35, 1, 4]}, null, null, 93, false, [], false, 0, [], null, 0, 1744329775.972954, 0, {}]
[{"0": [1, 4, 1, 1, 3, 1, 2, 1, 5, 3, 0, 2, 2, 32, 33, 25, 39]}, null, null, 94, false, [], false, 0, [], null, 0, 1744329776.2054908, 0, {}]
[{"0": [4, 27, 3, 2, 1, 1, 1, 2, 4, 3, 4, 2, 4, 3, 3, 3, 1]}, null, null, 95, false, [], false, 0, [], null, 0, 1744329776.4119337, 0, {}]
[{"0": [35, 33, 32, 37, 1, 0, 6, 2, 1, 2, 1, 2, 1, 2, 1, 5, 2]}, null, null, 95, false, [], false, 0, [], null, 0, 1744329776.6225467, 0, {}]
[{"0": [0, 1, 2, 0, 3, 3, 1, 38, 27, 32, 28, 32, 43, 1, 3, 3, 2]}, null, null, 96, false, [], false, 0, [], null, 0, 1744329776.837172, 0, {}]
[{"0": [2, 22, 25, 28, 0, 2, 1, 2, 1, 1, 1, 1, 1, 0, 0, 0, 2]}, null, null, 96, false, [], false, 0, [], null, 0, 1744329777.0526161, 0, {}]
[{"0": [2, 26, 25, 22, 24, 3, 3, 1, 2, 5, 3, 1, 0, 2, 2, 0, 0]}, null, null, 97, false, [], false, 0, [], null, 0, 1744329777.288259, 0, {}]
[{"0": [0, 37, 31, 26, 36, 34, 37, 2, 5, 4, 1, 1, 0, 2, 3, 0, 0]}, null, null, 98, false, [], false, 0, [], null, 0, 1744329777.4882753, 0, {}]
[{"0": [5, 4, 2, 1, 4, 3, 2, 2, 1, 1, 2, 3, 32, 30, 29, 32, 26]}, null, null, 98, false, [], false, 0, [], null, 0, 1744329777.7071164, 0, {}]
[{"0": [1, 1, 2, 2, 1, 0, 1, 1, 4, 1, 3, 1, 1, 3, 3, 2, 1]}, null, null, 99, false, [], false, 0, [], null, 0, 1744329777.9393103, 0, {}]
[{"0": [2, 2, 2, 2, 0, 40, 33, 28, 2, 0, 1, 2, 3, 2, 0, 1, 2]}, null, null, 99, false, [], false, 0, [], null, 0, 1744329778.1484654, 0, {}]
[{"0": [1, 0, 4, 2, 3, 3, 1, 4, 3, 1, 2, 45, 32, 30, 29, 25, 34]}, null, null, 100, false, [], false, 0, [], null, 0, 1744329778.3650403, 0, {}]
[{"0": [1, 32, 1, 1, 2, 3, 4, 3, 2, 1, 2, 0, 0, 4, 1, 0, 1]}, null, null, 101, false, [], false, 0, [], null, 0, 1744329778.5732558, 0, {}]
[{"0": [3, 28, 28, 28, 28, 30, 1, 1, 0, 1, 1, 1, 2, 2, 3, 1, 2]}, null, null, 101, false, [], false, 0, [], null, 0, 1744329778.8049572, 0, {}]
[{"0": [0, 27, 22, 30, 2, 4, 0, 2, 3, 0, 4, 1, 1, 1, 1, 1, 0]}, null, null, 102, false, [], false, 0, [], null, 0, 1744329779.013372, 0, {}]
[{"0": [1, 31, 38, 29, 26, 35, 31, 25, 38, 33, 34, 31, 33, 24, 29, 35, 33]}, null, null, 102, false, [], false, 0, [], null, 0, 1744329779.2213767, 0, {}]
[{"0": [33, 29, 28, 30, 37, 32, 26, 31, 30, 40, 35, 31, 27, 34, 31, 24, 29]}, null, null, 103, false, [], false, 0, [], null, 0, 1744329779.445239, 0, {}]
[{"0": [3, 32, 2, 0, 6, 0, 2, 3, 1, 0, 2, 1, 2, 1, 0, 1, 1]}, null, null, 104, false, [], false, 0, [], null, 0, 1744329779.6567428, 0, {}]
[{"0": [3, 22, 39, 5, 4, 1, 0, 2, 3, 0, 3, 2, 1, 3, 5, 0, 1]}, null, null, 104, false, [], false, 0, [], null, 0, 1744329779.8716276, 0, {}]
[{"0": [3, 1, 1, 1, 1, 0, 4, 4, 33, 35, 34, 25, 1, 3, 1, 1, 4]}, null, null, 105, false, [], false, 0, [], null, 0, 1744329780.0885658, 0, {}]
[{"0": [2, 26, 2, 0, 1, 0, 3, 2, 1, 6, 3, 1, 2, 3, 1, 6, 0]}, null, null, 105, false, [], false, 0, [], null, 0, 1744329780.3068275, 0, {}]
[{"0": [5, 3, 2, 4, 1, 1, 27, 30, 31, 38, 3, 1, 2, 2, 3, 1, 0]}, null, null, 106, false, [], false, 0, [], null, 0, 1744329780.5362704, 0, {}]
[{"0": [0, 23, 32, 32, 35, 35, 29, 1, 0, 2, 3, 2, 4, 4, 2, 2, 1]}, null, null, 107, false, [], false, 0, [], null, 0, 1744329780.7371287, 0, {}]
[{"0": [3, 26, 29, 30, 2, 0, 1, 2, 2, 0, 0, 2, 3, 3, 1, 2, 0]}, null, null, 107, false, [], false, 0, [], null, 0, 1744329780.9607124, 0, {}]
[{"0": [2, 36, 38, 29, 26, 25, 3, 2, 1, 1, 0, 2, 0, 3, 2, 2, 1]}, null, null, 108, false, [], false, 0, [], null, 0, 1744329781.1724622, 0, {}]
[{"0": [1, 40, 24, 43, 24, 36, 30, 39, 38, 1, 1, 1, 2, 2, 1, 3, 0]}, null, null, 108, false, [], false, 0, [], null, 0, 1744329781.3860621, 0, {}]
[{"0": [1, 31, 28, 30, 26, 32, 3, 1, 0, 3, 1, 2, 3, 2, 0, 1, 1]}, null, null, 109, false, [], false, 0, [], null, 0, 1744329781.612662, 0, {}]
[{"0": [3, 38, 37, 27, 37, 29, 39, 29, 19, 28, 34, 0, 2, 1, 1, 1, 3]}, null, null, 110, false, [], false, 0, [], null, 0, 1744329781.8405902, 0, {}]
[{"0": [0, 25, 32, 32, 20, 27, 2, 2, 3, 0, 1, 2, 0, 3, 0, 3, 3]}, null, null, 110, false, [], false, 0, [], null, 0, 1744329782.0408664, 0, {}]
[{"0": [2, 20, 30, 23, 35, 17, 30, 0, 3, 1, 1, 2, 3, 1, 3, 1, 2]}, null, null, 111, false, [], false, 0, [], null, 0, 1744329782.2564342, 0, {}]
[{"0": [1, 30, 26, 33, 31, 4, 4, 3, 2, 1, 1, 3, 0, 1, 1, 1, 1]}, null, null, 111, false, [], false, 0, [], null, 0, 1744329782.4891539, 0, {}]
[{"0": [2, 1, 3, 2, 1, 1, 0, 1, 3, 1, 1, 4, 0, 4, 0, 2, 0]}, null, null, 112, false, [], false, 0, [], null, 0, 1744329782.693926, 0, {}]
[{"0": [0, 1, 0, 1, 0, 2, 2, 0, 2, 1, 1, 33, 23, 39, 36, 33, 35]}, null, null, 113, false, [], false, 0, [], null, 0, 1744329782.9087725, 0, {}]
[{"0": [2, 29, 32, 19, 28, 1, 1, 4, 1, 4, 1, 2, 1, 3, 0, 5, 3]}, null, null, 113, false, [], false, 0, [], null, 0, 1744329783.1374426, 0, {}]
[{"0": [1, 37, 32, 3, 4, 2, 2, 4, 1, 2, 2, 1, 2, 3, 2, 0, 2]}, null, null, 114, false, [], false, 0, [], null, 0, 1744329783.3560677, 0, {}]
[{"0": [3, 35, 30, 34, 23, 29, 35, 29, 21, 41, 6, 2, 3, 0, 2, 0, 3]}, null, null, 114, false, [], false, 0, [], null, 0, 1744329783.5583076, 0, {}]
[{"0": [5, 30, 2, 0, 1, 1, 1, 2, 2, 2, 1, 2, 1, 2, 2, 2, 1]}, null, null, 115, false, [], false, 0, [], null, 0, 1744329783.7938304, 0, {}]
[{"0": [2, 32, 31, 32, 5, 4, 3, 4, 1, 1, 1, 2, 3, 4, 1, 4, 3]}, null, null, 116, false, [], false, 0, [], null, 0, 1744329784.000296, 0, {}]
[{"0": [0, 22, 42, 27, 30, 32, 1, 1, 2, 2, 2, 1, 3, 2, 2, 0, 1]}, null, null, 116, false, [], false, 0, [], null, 0, 1744329784.2068613, 0, {}]
[{"0": [3, 31, 36, 31, 33, 33, 31, 0, 3, 1, 4, 0, 3, 3, 4, 7, 2]}, null, null, 117, false, [], false, 0, [], null, 0, 1744329784.4336216, 0, {}]
[{"0": [1, 33, 38, 32, 33, 29, 27, 2, 1, 1, 1, 1, 2, 3, 1, 2, 3]}, null, null, 117, false, [], false, 0, [], null, 0, 1744329784.6501565, 0, {}]
[{"0": [5, 34, 0, 2, 1, 2, 3, 2, 1, 4, 0, 2, 0, 5, 1, 3, 0]}, null, null, 118, false, [], false, 0, [], null, 0, 1744329784.8638546, 0, {}]
[{"0": [1, 30, 31, 22, 33, 1, 0, 0, 1, 1, 0, 1, 2, 0, 1, 0, 1]}, null, null, 119, false, [], false, 0, [], null, 0, 1744329785.0831933, 0, {}]
[{"0": [1, 30, 1, 2, 2, 0, 3, 3, 3, 2, 2, 2, 2, 3, 1, 2, 1]}, null, null, 119, false, [], false, 0, [], null, 0, 1744329785.290439, 0, {}]
[{"0": [1, 29, 4, 0, 0, 2, 3, 0, 0, 1, 3, 2, 0, 2, 1, 2, 2]}, null, null, 120, false, [], false, 0, [], null, 0, 1744329785.5095572, 0, {}]
[{"0": [1, 21, 33, 20, 36, 34, 25, 1, 0, 1, 2, 1, 3, 0, 3, 1, 1]}, null, null, 120, false, [], false, 0, [], null, 0, 1744329785.7409077, 0, {}]
[{"0": [2, 28, 29, 22, 34, 29, 25, 36, 0, 2, 0, 2, 0, 1, 3, 1, 0]}, null, null, 121, false, [], false, 0, [], null, 0, 1744329785.9459066, 0, {}]
[{"0": [2, 24, 25, 27, 3, 3, 4, 0, 2, 0, 2, 1, 0, 2, 0, 2, 2]}, null, null, 122, false, [], false, 0, [], null, 0, 1744329786.1641498, 0, {}]
[{"0": [3, 3, 3, 1, 2, 30, 30, 26, 31, 2, 1, 4, 2, 1, 5, 4, 4]}, null, null, 122, false, [], false, 0, [], null, 0, 1744329786.3902419, 0, {}]
[{"0": [2, 25, 4, 2, 0, 3, 0, 0, 2, 1, 1, 3, 4, 0, 2, 2, 1]}, null, null, 123, false, [], false, 0, [], null, 0, 1744329786.5945399, 0, {}]
[{"0": [7, 22, 32, 32, 34, 32, 28, 42, 36, 29, 4, 0, 2, 0, 1, 0, 2]}, null, null, 123, false, [], false, 0, [], null, 0, 1744329786.8347962, 0, {}]
[{"0": [3, 37, 32, 24, 33, 23, 29, 27, 29, 26, 26, 34, 0, 2, 1, 2, 1]}, null, null, 124, false, [], false, 0, [], null, 0, 1744329787.0329957, 0, {}]
[{"0": [3, 27, 2, 2, 0, 3, 0, 1, 4, 2, 2, 1, 2, 1, 6, 0, 2]}, null, null, 125, false, [], false, 0, [], null, 0, 1744329787.2452652, 0, {}]
[{"0": [1, 32, 20, 2, 3, 1, 2, 1, 0, 2, 2, 2, 1, 1, 1, 2, 3]}, null, null, 125, false, [], false, 0, [], null, 0, 1744329787.4621024, 0, {}]
[{"0": [1, 37, 27, 37, 20, 23, 30, 33, 0, 1, 3, 2, 1, 0, 1, 3, 0]}, null, null, 126, false, [], false, 0, [], null, 0, 1744329787.687127, 0, {}]
[{"0": [2, 34, 3, 3, 1, 4, 4, 1, 1, 1, 0, 1, 2, 1, 3, 2, 2]}, null, null, 127, false, [], false, 0, [], null, 0, 1744329787.898265, 0, {}]
[{"0": [1, 32, 37, 32, 32, 1, 4, 0, 3, 4, 1, 1, 0, 1, 2, 2, 3]}, null, null, 127, false, [], false, 0, [], null, 0, 1744329788.1073744, 0, {}]
[{"0": [3, 33, 30, 1, 1, 2, 0, 1, 2, 0, 0, 2, 2, 0, 3, 1, 2]}, null, null, 128, false, [], false, 0, [], null, 0, 1744329788.34257, 0, {}]
[{"0": [30, 26, 25, 27, 30, 4, 0, 2, 1, 1, 3, 2, 3, 2, 1, 4, 0]}, null, null, 128, false, [], false, 0, [], null, 0, 1744329788.55114, 0, {}]
[{"0": [2, 35, 36, 32, 25, 21, 21, 26, 26, 28, 26, 37, 1, 1, 2, 3, 1]}, null, null, 129, false, [], false, 0, [], null, 0, 1744329788.7709723, 0, {}]
[{"0": [1, 43, 0, 1, 5, 4, 5, 4, 6, 0, 1, 0, 3, 4, 1, 2, 3]}, null, null, 130, false, [], false, 0, [], null, 0, 1744329788.981025, 0, {}]
[{"0": [4, 30, 3, 0, 0, 1, 3, 4, 2, 2, 1, 3, 1, 1, 3, 0, 3]}, null, null, 130, false, [], false, 0, [], null, 0, 1744329789.1962872, 0, {}]
[{"0": [3, 3, 0, 3, 3, 2, 1, 2, 1, 0, 2, 0, 2, 3, 2, 1, 4]}, null, null, 131, false, [], false, 0, [], null, 0, 1744329789.4130964, 0, {}]
[{"0": [3, 27, 27, 49, 21, 23, 27, 28, 2, 2, 0, 1, 2, 2, 3, 1, 2]}, null, null, 131, false, [], false, 0, [], null, 0, 1744329789.6361105, 0, {}]
[{"0": [1, 28, 2, 1, 2, 1, 2, 4, 1, 1, 5, 1, 3, 1, 2, 3, 1]}, null, null, 132, false, [], false, 0, [], null, 0, 1744329789.84984, 0, {}]
[{"0": [1, 21, 28, 21, 30, 29, 0, 2, 0, 2, 0, 2, 1, 1, 2, 0, 2]}, null, null, 133, false, [], false, 0, [], null, 0, 1744329790.0617394, 0, {}]
[{"0": [0, 23, 30, 27, 1, 4, 2, 2, 3, 3, 2, 1, 2, 1, 1, 2, 3]}, null, null, 133, false, [], false, 0, [], null, 0, 1744329790.2746544, 0, {}]
[{"0": [1, 31, 31, 3, 1, 0, 1, 2, 3, 2, 4, 0, 1, 2, 2, 6, 3]}, null, null, 134, false, [], false, 0, [], null, 0, 1744329790.4907386, 0, {}]
[{"0": [1, 41, 28, 38, 27, 37, 32, 3, 1, 1, 0, 4, 0, 2, 2, 2, 1]}, null, null, 134, false, [], false, 0, [], null, 0, 1744329790.714074, 0, {}]
[{"0": [1, 26, 31, 33, 43, 27, 30, 35, 35, 32, 25, 39, 24, 34, 37, 25, 32]}, null, null, 135, false, [], false, 0, [], null, 0, 1744329790.931883, 0, {}]
[{"0": [1, 28, 36, 26, 28, 31, 33, 33, 31, 1, 3, 4, 2, 2, 1, 2, 3]}, null, null, 136, false, [], false, 0, [], null, 0, 1744329791.1483667, 0, {}]
[{"0": [0, 42, 32, 31, 26, 34, 36, 30, 36, 32, 37, 23, 28, 35, 28, 26, 25]}, null, null, 136, false, [], false, 0, [], null, 0, 1744329791.365117, 0, {}]
[{"0": [3, 30, 1, 4, 1, 2, 1, 1, 0, 1, 0, 2, 3, 1, 0, 5, 3]}, null, null, 137, false, [], false, 0, [], null, 0, 1744329791.5756836, 0, {}]
[{"0": [2, 37, 36, 50, 25, 28, 0, 2, 2, 4, 1, 4, 1, 2, 0, 1, 2]}, null, null, 137, false, [], false, 0, [], null, 0, 1744329791.7961655, 0, {}]
[{"0": [25, 27, 25, 22, 30, 30, 28, 39, 38, 24, 27, 29, 22, 42, 26, 40, 41]}, null, null, 138, false, [], false, 0, [], null, 0, 1744329792.029118, 0, {}]
[{"0": [5, 28, 21, 30, 33, 41, 21, 31, 2, 1, 2, 0, 3, 3, 4, 2, 3]}, null, null, 139, false, [], false, 0, [], null, 0, 1744329792.2414124, 0, {}]
[{"0": [5, 0, 2, 1, 1, 2, 38, 2, 2, 1, 2, 1, 2, 1, 0, 5, 2]}, null, null, 139, false, [], false, 0, [], null, 0, 1744329792.4466126, 0, {}]
[{"0": [2, 37, 0, 1, 1, 1, 1, 1, 3, 0, 1, 3, 4, 1, 2, 1, 1]}, null, null, 140, false, [], false, 0, [], null, 0, 1744329792.6650696, 0, {}]
[{"0": [0, 38, 24, 2, 3, 1, 3, 1, 2, 1, 0, 0, 1, 2, 1, 1, 1]}, null, null, 140, false, [], false, 0, [], null, 0, 1744329792.8820229, 0, {}]
[{"0": [0, 30, 0, 2, 0, 0, 1, 5, 0, 1, 1, 2, 1, 0, 1, 0, 0]}, null, null, 141, false, [], false, 0, [], null, 0, 1744329793.0944862, 0, {}]
[{"0": [0, 24, 28, 1, 2, 3, 2, 1, 1, 0, 1, 0, 1, 2, 3, 1, 2]}, null, null, 142, false, [], false, 0, [], null, 0, 1744329793.3281646, 0, {}]
[{"0": [2, 2, 1, 2, 1, 0, 0, 2, 2, 1, 0, 4, 3, 2, 3, 1, 1]}, null, null, 142, false, [], false, 0, [], null, 0, 1744329793.5349948, 0, {}]
[{"0": [0, 25, 31, 42, 31, 17, 35, 31, 35, 35, 23, 3, 2, 7, 4, 3, 1]}, null, null, 143, false, [], false, 0, [], null, 0, 1744329793.7458982, 0, {}]
[{"0": [2, 36, 27, 33, 32, 30, 30, 1, 1, 3, 2, 4, 3, 1, 4, 2, 0]}, null, null, 143, false, [], false, 0, [], null, 0, 1744329793.9597445, 0, {}]
[{"0": [3, 31, 31, 37, 28, 32, 35, 25, 30, 34, 30, 32, 36, 25, 23, 0, 3]}, null, null, 144, false, [], false, 0, [], null, 0, 1744329794.1969442, 0, {}]
[{"0": [3, 35, 2, 1, 3, 1, 2, 4, 0, 4, 2, 1, 5, 2, 2, 2, 1]}, null, null, 145, false, [], false, 0, [], null, 0, 1744329794.3922296, 0, {}]
[{"0": [2, 33, 34, 3, 0, 2, 1, 3, 3, 0, 0, 3, 0, 3, 1, 2, 1]}, null, null, 145, false, [], false, 0, [], null, 0, 1744329794.6165001, 0, {}]
[{"0": [0, 38, 32, 4, 6, 4, 1, 1, 2, 0, 0, 4, 1, 1, 2, 5, 2]}, null, null, 146, false, [], false, 0, [], null, 0, 1744329794.8357275, 0, {}]
[{"0": [4, 28, 27, 30, 1, 1, 1, 4, 5, 1, 0, 4, 0, 2, 3, 4, 1]}, null, null, 146, false, [], false, 0, [], null, 0, 1744329795.054567, 0, {}]
[{"0": [1, 0, 1, 4, 32, 33, 28, 31, 33, 25, 2, 2, 2, 5, 1, 4, 1]}, null, null, 147, false, [], false, 0, [], null, 0, 1744329795.264024, 0, {}]
[{"0": [1, 26, 27, 36, 36, 19, 31, 31, 26, 34, 35, 24, 28, 39, 29, 25, 36]}, null, null, 148, false, [], false, 0, [], null, 0, 1744329795.486773, 0, {}]
[{"0": [1, 29, 21, 26, 0, 3, 1, 1, 1, 5, 0, 4, 1, 1, 2, 3, 1]}, null, null, 148, false, [], false, 0, [], null, 0, 1744329795.7051811, 0, {}]
[{"0": [2, 23, 26, 38, 34, 34, 2, 0, 1, 1, 6, 0, 1, 0, 2, 2, 1]}, null, null, 149, false, [], false, 0, [], null, 0, 1744329795.9209895, 0, {}]
[{"0": [2, 36, 30, 23, 20, 35, 34, 30, 23, 30, 35, 41, 27, 29, 29, 1, 1]}, null, null, 149, false, [], false, 0, [], null, 0, 1744329796.133984, 0, {}]
[{"0": [2, 26, 34, 34, 38, 31, 24, 20, 38, 36, 32, 34, 41, 30, 35, 0, 3]}, null, null, 150, true, [], false, 0, [], null, 0, 1744329796.352579, 0, {}]
