[{"0": [0, 1, 1, 1, 0, 2, 2, 0, 3, 3, 1, 3, 1, 1, 1, 1, 1, 3]}, null, null, 0, false, [], false, 0, [], null, 0, 1744332015.3842993, 0, {}]
[{"0": [3, 2, 2, 2, 2, 2, 1, 0, 2, 4, 0, 3, 2, 1, 0, 33, 23, 21]}, null, null, 1, false, [], false, 0, [], null, 0, 1744332015.6210382, 0, {}]
[{"0": [3, 29, 36, 33, 26, 26, 36, 41, 4, 22, 36, 2, 2, 0, 1, 3, 4, 3]}, null, null, 1, false, [], false, 0, [], null, 0, 1744332015.847678, 0, {}]
[{"0": [28, 3, 1, 1, 32, 4, 25, 2, 28, 1, 28, 30, 37, 28, 0, 1, 3, 2]}, null, null, 2, false, [], false, 0, [], null, 0, 1744332016.0513566, 0, {}]
[{"0": [24, 36, 25, 4, 44, 1, 30, 39, 2, 1, 2, 2, 3, 1, 2, 1, 0, 2]}, null, null, 2, false, [], false, 0, [], null, 0, 1744332016.2794461, 0, {}]
[{"0": [32, 1, 35, 1, 1, 0, 2, 1, 3, 3, 4, 3, 0, 2, 2, 4, 1, 2]}, null, null, 3, false, [], false, 0, [], null, 0, 1744332016.4880826, 0, {}]
[{"0": [33, 28, 38, 35, 28, 31, 30, 34, 30, 31, 34, 35, 33, 25, 25, 25, 1, 0]}, null, null, 4, false, [], false, 0, [], null, 0, 1744332016.7106576, 0, {}]
[{"0": [29, 26, 3, 0, 0, 29, 30, 26, 41, 28, 41, 40, 44, 34, 28, 34, 2, 25]}, null, null, 4, false, [], false, 0, [], null, 0, 1744332016.9259105, 0, {}]
[{"0": [2, 0, 2, 0, 1, 3, 0, 3, 3, 2, 0, 2, 0, 3, 2, 0, 5, 37]}, null, null, 5, false, [], false, 0, [], null, 0, 1744332017.1412454, 0, {}]
[{"0": [2, 2, 3, 1, 2, 1, 0, 2, 0, 38, 2, 24, 1, 41, 1, 3, 2, 0]}, null, null, 5, false, [], false, 0, [], null, 0, 1744332017.3633122, 0, {}]
[{"0": [35, 33, 27, 34, 34, 2, 3, 1, 2, 1, 2, 32, 6, 2, 1, 1, 2, 5]}, null, null, 6, false, [], false, 0, [], null, 0, 1744332017.5715518, 0, {}]
[{"0": [39, 26, 32, 34, 2, 29, 2, 31, 1, 2, 4, 3, 3, 0, 4, 1, 2, 2]}, null, null, 7, false, [], false, 0, [], null, 0, 1744332017.802161, 0, {}]
[{"0": [28, 1, 34, 0, 27, 2, 2, 3, 2, 2, 5, 1, 1, 2, 3, 2, 0, 4]}, null, null, 7, false, [], false, 0, [], null, 0, 1744332018.001148, 0, {}]
[{"0": [32, 1, 0, 36, 29, 31, 48, 20, 22, 32, 42, 33, 28, 40, 29, 27, 17, 30]}, null, null, 8, false, [], false, 0, [], null, 0, 1744332018.2355864, 0, {}]
[{"0": [26, 35, 44, 37, 30, 32, 29, 27, 23, 28, 36, 33, 32, 35, 28, 28, 28, 2]}, null, null, 8, false, [], false, 0, [], null, 0, 1744332018.4513724, 0, {}]
[{"0": [0, 29, 26, 35, 30, 32, 36, 37, 27, 25, 32, 42, 39, 26, 2, 37, 36, 4]}, null, null, 9, false, [], false, 0, [], null, 0, 1744332018.6614792, 0, {}]
[{"0": [29, 31, 33, 22, 34, 33, 18, 36, 33, 25, 3, 22, 32, 4, 1, 27, 3, 30]}, null, null, 10, false, [], false, 0, [], null, 0, 1744332018.868913, 0, {}]
[{"0": [25, 1, 26, 28, 36, 24, 30, 3, 27, 2, 1, 0, 0, 1, 5, 0, 5, 0]}, null, null, 10, false, [], false, 0, [], null, 0, 1744332019.0873165, 0, {}]
[{"0": [35, 30, 35, 20, 32, 36, 29, 1, 1, 0, 1, 4, 2, 5, 0, 1, 3, 1]}, null, null, 11, false, [], false, 0, [], null, 0, 1744332019.3041174, 0, {}]
[{"0": [33, 5, 38, 34, 0, 1, 2, 3, 2, 2, 1, 3, 1, 4, 2, 1, 0, 3]}, null, null, 11, false, [], false, 0, [], null, 0, 1744332019.5209694, 0, {}]
[{"0": [37, 31, 1, 4, 2, 1, 0, 2, 0, 2, 2, 1, 1, 3, 0, 3, 1, 6]}, null, null, 12, false, [], false, 0, [], null, 0, 1744332019.7329693, 0, {}]
[{"0": [34, 28, 26, 44, 32, 26, 32, 34, 32, 31, 28, 22, 25, 41, 34, 36, 27, 30]}, null, null, 13, false, [], false, 0, [], null, 0, 1744332019.9517193, 0, {}]
[{"0": [41, 3, 1, 4, 2, 1, 2, 1, 0, 0, 1, 2, 2, 2, 1, 33, 4, 42]}, null, null, 13, false, [], false, 0, [], null, 0, 1744332020.1684463, 0, {}]
[{"0": [1, 34, 30, 35, 33, 19, 29, 33, 29, 22, 47, 38, 33, 2, 26, 5, 45, 1]}, null, null, 14, false, [], false, 0, [], null, 0, 1744332020.395089, 0, {}]
[{"0": [1, 2, 1, 1, 1, 0, 3, 4, 2, 2, 2, 0, 0, 5, 25, 41, 29, 41]}, null, null, 14, false, [], false, 0, [], null, 0, 1744332020.6180723, 0, {}]
[{"0": [31, 30, 22, 28, 29, 1, 31, 1, 30, 18, 0, 2, 1, 2, 1, 1, 3, 0]}, null, null, 15, false, [], false, 0, [], null, 0, 1744332020.8198884, 0, {}]
[{"0": [32, 29, 1, 24, 2, 30, 3, 37, 2, 3, 3, 2, 2, 0, 41, 31, 39, 31]}, null, null, 16, false, [], false, 0, [], null, 0, 1744332021.0344338, 0, {}]
[{"0": [36, 2, 33, 2, 2, 2, 2, 2, 2, 2, 2, 3, 2, 2, 6, 3, 0, 3]}, null, null, 16, false, [], false, 0, [], null, 0, 1744332021.263066, 0, {}]
[{"0": [21, 39, 27, 26, 29, 31, 24, 33, 36, 28, 29, 34, 29, 32, 29, 39, 23, 31]}, null, null, 17, false, [], false, 0, [], null, 0, 1744332021.4790616, 0, {}]
[{"0": [32, 1, 1, 1, 0, 0, 3, 0, 4, 2, 2, 2, 1, 4, 1, 1, 36, 25]}, null, null, 17, false, [], false, 0, [], null, 0, 1744332021.6939616, 0, {}]
[{"0": [1, 2, 34, 33, 31, 34, 34, 36, 28, 35, 42, 36, 4, 39, 2, 32, 31, 2]}, null, null, 18, false, [], false, 0, [], null, 0, 1744332021.8981068, 0, {}]
[{"0": [2, 1, 0, 5, 1, 0, 4, 1, 1, 3, 1, 2, 5, 1, 3, 0, 2, 2]}, null, null, 19, false, [], false, 0, [], null, 0, 1744332022.137444, 0, {}]
[{"0": [34, 31, 41, 29, 38, 3, 41, 1, 41, 1, 26, 26, 37, 23, 42, 26, 31, 30]}, null, null, 19, false, [], false, 0, [], null, 0, 1744332022.3385797, 0, {}]
[{"0": [30, 3, 32, 30, 1, 37, 37, 3, 2, 1, 2, 1, 8, 2, 1, 2, 2, 4]}, null, null, 20, false, [], false, 0, [], null, 0, 1744332022.5576408, 0, {}]
[{"0": [39, 1, 2, 0, 6, 5, 1, 3, 0, 4, 5, 1, 2, 0, 1, 1, 0, 1]}, null, null, 20, false, [], false, 0, [], null, 0, 1744332022.7807136, 0, {}]
[{"0": [31, 21, 28, 37, 33, 32, 21, 29, 36, 32, 27, 24, 35, 35, 38, 1, 4, 32]}, null, null, 21, false, [], false, 0, [], null, 0, 1744332022.9969997, 0, {}]
[{"0": [26, 20, 32, 30, 31, 27, 27, 22, 36, 22, 21, 30, 24, 31, 39, 33, 4, 31]}, null, null, 22, false, [], false, 0, [], null, 0, 1744332023.2199123, 0, {}]
[{"0": [3, 32, 29, 29, 30, 33, 28, 31, 28, 23, 28, 27, 28, 2, 41, 0, 23, 0]}, null, null, 22, false, [], false, 0, [], null, 0, 1744332023.4346948, 0, {}]
[{"0": [2, 2, 3, 2, 1, 0, 4, 1, 1, 1, 2, 1, 1, 1, 1, 2, 2, 0]}, null, null, 23, false, [], false, 0, [], null, 0, 1744332023.6379235, 0, {}]
[{"0": [35, 2, 18, 17, 34, 4, 30, 18, 0, 30, 1, 35, 23, 27, 36, 42, 4, 23]}, null, null, 23, false, [], false, 0, [], null, 0, 1744332023.8523262, 0, {}]
[{"0": [24, 35, 1, 34, 6, 24, 0, 0, 3, 1, 1, 1, 1, 4, 0, 5, 2, 46]}, null, null, 24, false, [], false, 0, [], null, 0, 1744332024.0801413, 0, {}]
[{"0": [32, 0, 3, 3, 1, 1, 0, 1, 2, 1, 2, 0, 2, 2, 1, 2, 0, 1]}, null, null, 25, false, [], false, 0, [], null, 0, 1744332024.2918487, 0, {}]
[{"0": [33, 1, 3, 2, 1, 1, 0, 3, 3, 3, 1, 5, 3, 1, 3, 0, 4, 1]}, null, null, 25, false, [], false, 0, [], null, 0, 1744332024.5113118, 0, {}]
[{"0": [37, 4, 2, 3, 3, 5, 5, 5, 31, 35, 29, 29, 29, 35, 29, 23, 1, 30]}, null, null, 26, false, [], false, 0, [], null, 0, 1744332024.7230172, 0, {}]
[{"0": [3, 2, 2, 5, 5, 4, 4, 1, 0, 1, 0, 0, 29, 23, 3, 21, 0, 4]}, null, null, 27, false, [], false, 0, [], null, 0, 1744332024.9477305, 0, {}]
[{"0": [2, 1, 2, 0, 1, 1, 3, 4, 2, 1, 0, 2, 2, 2, 2, 35, 26, 31]}, null, null, 27, false, [], false, 0, [], null, 0, 1744332025.1595502, 0, {}]
[{"0": [27, 37, 30, 28, 27, 3, 24, 2, 24, 3, 36, 1, 0, 4, 3, 1, 2, 1]}, null, null, 28, false, [], false, 0, [], null, 0, 1744332025.37612, 0, {}]
[{"0": [21, 5, 25, 4, 29, 1, 31, 4, 2, 1, 2, 1, 2, 2, 1, 1, 2, 4]}, null, null, 28, false, [], false, 0, [], null, 0, 1744332025.5906537, 0, {}]
[{"0": [37, 1, 35, 1, 34, 1, 3, 1, 3, 4, 2, 4, 2, 1, 2, 4, 1, 0]}, null, null, 29, false, [], false, 0, [], null, 0, 1744332025.7997744, 0, {}]
[{"0": [24, 34, 29, 25, 34, 25, 36, 24, 30, 45, 1, 32, 32, 35, 24, 23, 32, 23]}, null, null, 30, false, [], false, 0, [], null, 0, 1744332026.022416, 0, {}]
[{"0": [23, 32, 26, 28, 38, 33, 26, 30, 25, 19, 29, 31, 37, 37, 33, 38, 29, 32]}, null, null, 30, false, [], false, 0, [], null, 0, 1744332026.2410817, 0, {}]
[{"0": [1, 2, 30, 39, 23, 4, 0, 3, 1, 31, 31, 23, 36, 2, 40, 29, 31, 2]}, null, null, 31, false, [], false, 0, [], null, 0, 1744332026.454889, 0, {}]
[{"0": [46, 30, 42, 32, 34, 22, 30, 27, 4, 32, 33, 1, 31, 2, 2, 1, 0, 3]}, null, null, 31, false, [], false, 0, [], null, 0, 1744332026.6683352, 0, {}]
[{"0": [35, 3, 0, 1, 1, 31, 40, 31, 2, 0, 0, 2, 0, 2, 2, 5, 2, 0]}, null, null, 32, false, [], false, 0, [], null, 0, 1744332026.8968213, 0, {}]
[{"0": [30, 29, 41, 2, 2, 0, 3, 2, 2, 3, 3, 25, 31, 40, 26, 29, 38, 31]}, null, null, 33, false, [], false, 0, [], null, 0, 1744332027.098645, 0, {}]
[{"0": [30, 1, 28, 30, 1, 2, 1, 1, 1, 0, 3, 3, 2, 3, 2, 1, 2, 1]}, null, null, 33, false, [], false, 0, [], null, 0, 1744332027.3140786, 0, {}]
[{"0": [35, 28, 27, 34, 27, 26, 27, 39, 27, 36, 31, 26, 22, 1, 1, 0, 3, 0]}, null, null, 34, false, [], false, 0, [], null, 0, 1744332027.532144, 0, {}]
[{"0": [44, 3, 0, 6, 0, 2, 2, 5, 1, 0, 1, 2, 2, 0, 3, 39, 0, 31]}, null, null, 34, false, [], false, 0, [], null, 0, 1744332027.75114, 0, {}]
[{"0": [4, 31, 23, 43, 37, 36, 26, 35, 36, 29, 31, 1, 25, 37, 4, 22, 1, 1]}, null, null, 35, false, [], false, 0, [], null, 0, 1744332027.9710598, 0, {}]
[{"0": [26, 40, 26, 28, 32, 31, 35, 20, 1, 38, 2, 1, 29, 22, 0, 0, 1, 4]}, null, null, 36, false, [], false, 0, [], null, 0, 1744332028.1945453, 0, {}]
[{"0": [26, 27, 42, 4, 32, 0, 2, 28, 4, 1, 1, 1, 2, 3, 1, 1, 0, 4]}, null, null, 36, false, [], false, 0, [], null, 0, 1744332028.4116142, 0, {}]
[{"0": [22, 33, 1, 0, 3, 3, 0, 0, 1, 5, 2, 3, 1, 3, 2, 4, 3, 2]}, null, null, 37, false, [], false, 0, [], null, 0, 1744332028.6326187, 0, {}]
[{"0": [30, 33, 0, 5, 2, 1, 0, 0, 1, 5, 1, 0, 0, 1, 3, 3, 3, 0]}, null, null, 37, false, [], false, 0, [], null, 0, 1744332028.8394794, 0, {}]
[{"0": [28, 34, 28, 30, 34, 29, 23, 27, 22, 25, 33, 33, 27, 19, 26, 30, 21, 1]}, null, null, 38, false, [], false, 0, [], null, 0, 1744332029.047212, 0, {}]
[{"0": [2, 28, 36, 30, 27, 23, 31, 0, 1, 5, 32, 25, 26, 32, 3, 29, 24, 27]}, null, null, 39, false, [], false, 0, [], null, 0, 1744332029.2672338, 0, {}]
[{"0": [1, 34, 26, 29, 22, 31, 24, 30, 22, 40, 3, 29, 1, 1, 1, 2, 3, 1]}, null, null, 39, false, [], false, 0, [], null, 0, 1744332029.488873, 0, {}]
[{"0": [38, 37, 28, 21, 27, 24, 2, 43, 3, 31, 0, 2, 3, 0, 1, 1, 0, 0]}, null, null, 40, false, [], false, 0, [], null, 0, 1744332029.7049, 0, {}]
[{"0": [38, 22, 30, 31, 25, 5, 6, 29, 1, 1, 3, 2, 3, 2, 2, 0, 1, 1]}, null, null, 40, false, [], false, 0, [], null, 0, 1744332029.9264767, 0, {}]
[{"0": [27, 6, 2, 4, 1, 1, 1, 2, 0, 2, 2, 1, 0, 0, 3, 2, 2, 2]}, null, null, 41, false, [], false, 0, [], null, 0, 1744332030.13106, 0, {}]
[{"0": [31, 0, 21, 27, 23, 23, 28, 27, 24, 22, 29, 25, 31, 29, 32, 33, 29, 32]}, null, null, 42, false, [], false, 0, [], null, 0, 1744332030.3622854, 0, {}]
[{"0": [27, 4, 2, 4, 1, 3, 2, 2, 5, 1, 1, 4, 2, 1, 1, 1, 21, 2]}, null, null, 42, false, [], false, 0, [], null, 0, 1744332030.5667238, 0, {}]
[{"0": [1, 32, 2, 1, 4, 34, 2, 1, 3, 1, 4, 1, 1, 25, 1, 26, 0, 4]}, null, null, 43, false, [], false, 0, [], null, 0, 1744332030.7807426, 0, {}]
[{"0": [3, 31, 23, 28, 32, 39, 28, 37, 27, 3, 27, 0, 35, 3, 33, 2, 0, 4]}, null, null, 43, false, [], false, 0, [], null, 0, 1744332031.0163834, 0, {}]
[{"0": [26, 26, 35, 36, 26, 2, 19, 1, 1, 31, 33, 30, 18, 30, 39, 33, 26, 27]}, null, null, 44, false, [], false, 0, [], null, 0, 1744332031.222045, 0, {}]
[{"0": [25, 29, 3, 37, 1, 2, 5, 2, 2, 1, 0, 0, 0, 1, 3, 0, 36, 26]}, null, null, 45, false, [], false, 0, [], null, 0, 1744332031.4474041, 0, {}]
[{"0": [40, 3, 1, 2, 1, 3, 1, 2, 3, 3, 4, 2, 6, 1, 1, 3, 2, 2]}, null, null, 45, false, [], false, 0, [], null, 0, 1744332031.662421, 0, {}]
[{"0": [28, 3, 0, 2, 1, 1, 2, 0, 2, 3, 1, 4, 2, 1, 1, 1, 4, 3]}, null, null, 46, false, [], false, 0, [], null, 0, 1744332031.8741472, 0, {}]
[{"0": [26, 26, 37, 31, 24, 24, 29, 32, 28, 30, 33, 31, 34, 38, 21, 2, 31, 1]}, null, null, 46, false, [], false, 0, [], null, 0, 1744332032.1009972, 0, {}]
[{"0": [3, 19, 35, 26, 33, 24, 3, 3, 0, 2, 3, 2, 30, 2, 29, 1, 37, 3]}, null, null, 47, false, [], false, 0, [], null, 0, 1744332032.300236, 0, {}]
[{"0": [28, 41, 0, 3, 1, 0, 32, 42, 2, 26, 2, 4, 3, 1, 1, 3, 1, 1]}, null, null, 48, false, [], false, 0, [], null, 0, 1744332032.531719, 0, {}]
[{"0": [18, 27, 29, 30, 25, 35, 2, 0, 1, 1, 2, 2, 1, 0, 2, 1, 0, 0]}, null, null, 48, false, [], false, 0, [], null, 0, 1744332032.7401454, 0, {}]
[{"0": [29, 2, 27, 37, 43, 1, 2, 2, 0, 2, 2, 1, 5, 2, 3, 2, 1, 0]}, null, null, 49, false, [], false, 0, [], null, 0, 1744332032.9609513, 0, {}]
[{"0": [28, 3, 3, 3, 0, 1, 2, 0, 2, 0, 1, 1, 1, 1, 6, 3, 0, 3]}, null, null, 49, false, [], false, 0, [], null, 0, 1744332033.1664517, 0, {}]
[{"0": [27, 33, 3, 0, 3, 0, 1, 3, 2, 2, 2, 1, 3, 1, 3, 6, 2, 3]}, null, null, 50, false, [], false, 0, [], null, 0, 1744332033.3864646, 0, {}]
[{"0": [0, 21, 16, 30, 25, 27, 26, 25, 31, 25, 28, 0, 1, 0, 30, 1, 40, 29]}, null, null, 51, false, [], false, 0, [], null, 0, 1744332033.6118298, 0, {}]
[{"0": [3, 37, 32, 41, 26, 31, 42, 35, 41, 24, 2, 29, 38, 31, 4, 41, 2, 2]}, null, null, 51, false, [], false, 0, [], null, 0, 1744332033.823243, 0, {}]
[{"0": [21, 41, 23, 27, 25, 31, 30, 2, 35, 2, 25, 0, 1, 2, 2, 1, 0, 0]}, null, null, 52, false, [], false, 0, [], null, 0, 1744332034.036315, 0, {}]
[{"0": [28, 23, 28, 40, 2, 27, 33, 0, 1, 0, 1, 2, 0, 2, 1, 0, 3, 2]}, null, null, 52, false, [], false, 0, [], null, 0, 1744332034.2663841, 0, {}]
[{"0": [34, 1, 31, 1, 2, 31, 35, 42, 29, 34, 31, 30, 20, 28, 26, 1, 2, 39]}, null, null, 53, false, [], false, 0, [], null, 0, 1744332034.4635515, 0, {}]
[{"0": [22, 2, 1, 1, 1, 3, 1, 4, 1, 1, 1, 1, 2, 1, 4, 3, 2, 0]}, null, null, 54, false, [], false, 0, [], null, 0, 1744332034.7034175, 0, {}]
[{"0": [2, 0, 1, 0, 0, 1, 0, 1, 1, 3, 0, 3, 2, 0, 1, 37, 27, 35]}, null, null, 54, false, [], false, 0, [], null, 0, 1744332034.9176128, 0, {}]
[{"0": [33, 2, 29, 20, 27, 25, 36, 30, 20, 25, 30, 26, 42, 37, 24, 0, 2, 1]}, null, null, 55, false, [], false, 0, [], null, 0, 1744332035.1433024, 0, {}]
[{"0": [1, 19, 43, 30, 33, 30, 23, 29, 37, 6, 28, 1, 1, 1, 3, 2, 0, 1]}, null, null, 55, false, [], false, 0, [], null, 0, 1744332035.3397646, 0, {}]
[{"0": [33, 37, 40, 33, 3, 23, 34, 2, 32, 1, 40, 26, 21, 32, 35, 29, 26, 37]}, null, null, 56, false, [], false, 0, [], null, 0, 1744332035.5557837, 0, {}]
[{"0": [35, 19, 35, 2, 24, 1, 31, 3, 33, 3, 3, 0, 1, 1, 2, 2, 2, 2]}, null, null, 57, false, [], false, 0, [], null, 0, 1744332035.7751176, 0, {}]
[{"0": [34, 4, 4, 1, 2, 1, 3, 2, 2, 0, 2, 1, 2, 2, 2, 1, 1, 0]}, null, null, 57, false, [], false, 0, [], null, 0, 1744332035.9870574, 0, {}]
[{"0": [32, 24, 26, 24, 36, 32, 29, 36, 31, 30, 33, 34, 26, 27, 28, 24, 37, 26]}, null, null, 58, false, [], false, 0, [], null, 0, 1744332036.2023463, 0, {}]
[{"0": [27, 35, 26, 38, 19, 3, 2, 0, 1, 0, 3, 1, 4, 1, 1, 31, 3, 24]}, null, null, 58, false, [], false, 0, [], null, 0, 1744332036.4190702, 0, {}]
[{"0": [4, 38, 32, 31, 36, 30, 34, 36, 29, 2, 2, 2, 25, 4, 2, 27, 3, 32]}, null, null, 59, false, [], false, 0, [], null, 0, 1744332036.6326995, 0, {}]
[{"0": [29, 2, 2, 2, 2, 1, 1, 1, 4, 2, 1, 3, 4, 1, 21, 3, 0, 1]}, null, null, 60, false, [], false, 0, [], null, 0, 1744332036.8478596, 0, {}]
[{"0": [31, 18, 34, 30, 34, 3, 31, 2, 0, 1, 1, 2, 3, 2, 1, 1, 3, 0]}, null, null, 60, false, [], false, 0, [], null, 0, 1744332037.0621057, 0, {}]
[{"0": [29, 30, 44, 28, 22, 1, 1, 0, 3, 1, 1, 2, 1, 2, 3, 4, 2, 0]}, null, null, 61, false, [], false, 0, [], null, 0, 1744332037.2875097, 0, {}]
[{"0": [38, 34, 2, 1, 2, 2, 0, 1, 1, 2, 2, 2, 4, 2, 2, 0, 2, 0]}, null, null, 61, false, [], false, 0, [], null, 0, 1744332037.4992256, 0, {}]
[{"0": [31, 31, 28, 38, 35, 33, 26, 28, 30, 24, 28, 29, 35, 32, 30, 34, 33, 26]}, null, null, 62, false, [], false, 0, [], null, 0, 1744332037.7168715, 0, {}]
[{"0": [4, 27, 32, 27, 21, 30, 34, 27, 22, 31, 28, 20, 28, 39, 0, 24, 1, 33]}, null, null, 63, false, [], false, 0, [], null, 0, 1744332037.9369323, 0, {}]
[{"0": [0, 21, 31, 20, 27, 0, 4, 0, 37, 38, 3, 0, 1, 2, 34, 1, 3, 37]}, null, null, 63, false, [], false, 0, [], null, 0, 1744332038.1524777, 0, {}]
[{"0": [33, 36, 32, 31, 29, 43, 29, 1, 35, 3, 31, 2, 33, 2, 0, 2, 2, 2]}, null, null, 64, false, [], false, 0, [], null, 0, 1744332038.3669353, 0, {}]
[{"0": [33, 30, 34, 1, 28, 2, 32, 37, 27, 1, 3, 2, 1, 4, 3, 1, 1, 2]}, null, null, 64, false, [], false, 0, [], null, 0, 1744332038.583853, 0, {}]
[{"0": [26, 2, 20, 1, 25, 1, 3, 4, 1, 0, 0, 1, 1, 1, 1, 0, 0, 2]}, null, null, 65, false, [], false, 0, [], null, 0, 1744332038.795452, 0, {}]
[{"0": [28, 0, 35, 26, 30, 36, 19, 32, 2, 3, 4, 1, 0, 30, 34, 32, 28, 3]}, null, null, 66, false, [], false, 0, [], null, 0, 1744332039.0182652, 0, {}]
[{"0": [29, 5, 2, 1, 2, 0, 35, 32, 27, 1, 26, 32, 34, 33, 17, 30, 3, 39]}, null, null, 66, false, [], false, 0, [], null, 0, 1744332039.2405498, 0, {}]
[{"0": [3, 32, 20, 27, 31, 25, 28, 28, 22, 32, 33, 29, 27, 2, 24, 0, 28, 2]}, null, null, 67, false, [], false, 0, [], null, 0, 1744332039.4611542, 0, {}]
[{"0": [2, 2, 3, 3, 3, 4, 2, 1, 1, 30, 2, 25, 20, 2, 35, 1, 3, 0]}, null, null, 67, false, [], false, 0, [], null, 0, 1744332039.6751313, 0, {}]
[{"0": [28, 29, 27, 33, 29, 24, 36, 0, 2, 1, 4, 2, 1, 0, 3, 3, 0, 0]}, null, null, 68, false, [], false, 0, [], null, 0, 1744332039.8962724, 0, {}]
[{"0": [31, 1, 33, 39, 31, 32, 4, 2, 2, 2, 2, 1, 3, 1, 3, 1, 4, 1]}, null, null, 69, false, [], false, 0, [], null, 0, 1744332040.097114, 0, {}]
[{"0": [39, 2, 29, 2, 1, 0, 3, 2, 1, 2, 0, 2, 2, 1, 3, 2, 3, 2]}, null, null, 69, false, [], false, 0, [], null, 0, 1744332040.3210344, 0, {}]
[{"0": [21, 1, 0, 2, 2, 2, 0, 1, 1, 4, 2, 2, 4, 2, 3, 1, 3, 1]}, null, null, 70, false, [], false, 0, [], null, 0, 1744332040.5399108, 0, {}]
[{"0": [31, 0, 4, 1, 22, 29, 34, 26, 28, 27, 23, 27, 23, 3, 0, 31, 1, 25]}, null, null, 70, false, [], false, 0, [], null, 0, 1744332040.7578259, 0, {}]
[{"0": [2, 25, 30, 33, 23, 34, 25, 29, 23, 28, 34, 30, 27, 27, 27, 1, 2, 2]}, null, null, 71, false, [], false, 0, [], null, 0, 1744332040.9723718, 0, {}]
[{"0": [30, 31, 21, 29, 23, 29, 21, 2, 35, 32, 0, 32, 7, 2, 0, 0, 2, 0]}, null, null, 72, false, [], false, 0, [], null, 0, 1744332041.206792, 0, {}]
[{"0": [27, 2, 1, 26, 3, 38, 4, 2, 3, 3, 1, 1, 3, 3, 0, 1, 2, 2]}, null, null, 72, false, [], false, 0, [], null, 0, 1744332041.3937886, 0, {}]
[{"0": [19, 4, 23, 0, 30, 0, 37, 21, 2, 3, 31, 2, 4, 4, 1, 2, 4, 2]}, null, null, 73, false, [], false, 0, [], null, 0, 1744332041.6200254, 0, {}]
[{"0": [34, 4, 4, 1, 1, 3, 2, 2, 1, 1, 3, 2, 4, 3, 5, 2, 0, 0]}, null, null, 73, false, [], false, 0, [], null, 0, 1744332041.8311753, 0, {}]
[{"0": [3, 2, 29, 26, 33, 18, 24, 1, 1, 0, 0, 1, 2, 0, 0, 24, 24, 27]}, null, null, 74, false, [], false, 0, [], null, 0, 1744332042.0586617, 0, {}]
[{"0": [2, 28, 30, 22, 30, 31, 32, 33, 32, 30, 28, 28, 31, 24, 1, 18, 28, 1]}, null, null, 75, false, [], false, 0, [], null, 0, 1744332042.2645295, 0, {}]
[{"0": [4, 21, 35, 1, 1, 1, 1, 0, 1, 2, 28, 33, 0, 2, 1, 0, 2, 3]}, null, null, 75, false, [], false, 0, [], null, 0, 1744332042.4952176, 0, {}]
[{"0": [32, 21, 21, 33, 27, 28, 2, 32, 0, 1, 0, 3, 2, 1, 32, 34, 22, 22]}, null, null, 76, false, [], false, 0, [], null, 0, 1744332042.692064, 0, {}]
[{"0": [22, 23, 7, 33, 0, 33, 4, 33, 1, 2, 19, 16, 33, 28, 35, 24, 27, 26]}, null, null, 77, false, [], false, 0, [], null, 0, 1744332042.9099333, 0, {}]
[{"0": [16, 23, 0, 3, 1, 3, 3, 3, 3, 5, 1, 3, 4, 1, 1, 0, 2, 0]}, null, null, 77, false, [], false, 0, [], null, 0, 1744332043.1350174, 0, {}]
[{"0": [21, 19, 43, 27, 25, 35, 24, 37, 28, 34, 31, 20, 32, 31, 29, 26, 31, 31]}, null, null, 78, false, [], false, 0, [], null, 0, 1744332043.3614898, 0, {}]
[{"0": [24, 28, 42, 31, 23, 29, 1, 3, 24, 40, 1, 1, 1, 40, 23, 26, 3, 30]}, null, null, 78, false, [], false, 0, [], null, 0, 1744332043.5748131, 0, {}]
[{"0": [26, 28, 39, 27, 29, 30, 24, 32, 36, 34, 28, 28, 1, 30, 1, 18, 0, 0]}, null, null, 79, false, [], false, 0, [], null, 0, 1744332043.7881021, 0, {}]
[{"0": [28, 2, 3, 0, 1, 3, 2, 3, 3, 2, 1, 2, 6, 1, 3, 3, 1, 0]}, null, null, 80, false, [], false, 0, [], null, 0, 1744332043.9911163, 0, {}]
[{"0": [29, 31, 30, 19, 3, 36, 3, 18, 32, 37, 33, 36, 25, 29, 34, 17, 23, 29]}, null, null, 80, false, [], false, 0, [], null, 0, 1744332044.230845, 0, {}]
[{"0": [30, 24, 29, 3, 2, 29, 3, 1, 4, 4, 2, 5, 1, 3, 1, 2, 2, 3]}, null, null, 81, false, [], false, 0, [], null, 0, 1744332044.4411025, 0, {}]
[{"0": [25, 28, 0, 1, 0, 1, 1, 2, 0, 3, 1, 1, 1, 1, 2, 1, 1, 1]}, null, null, 81, false, [], false, 0, [], null, 0, 1744332044.64162, 0, {}]
[{"0": [30, 27, 29, 34, 36, 35, 18, 30, 30, 34, 31, 23, 26, 32, 28, 26, 34, 29]}, null, null, 82, false, [], false, 0, [], null, 0, 1744332044.8598409, 0, {}]
[{"0": [0, 33, 20, 29, 22, 23, 2, 3, 0, 1, 4, 3, 20, 27, 28, 3, 34, 34]}, null, null, 83, false, [], false, 0, [], null, 0, 1744332045.0954442, 0, {}]
[{"0": [1, 31, 28, 25, 27, 33, 33, 32, 36, 33, 1, 27, 35, 2, 32, 24, 4, 3]}, null, null, 83, false, [], false, 0, [], null, 0, 1744332045.3065684, 0, {}]
[{"0": [33, 36, 21, 23, 28, 3, 2, 28, 4, 28, 2, 1, 3, 1, 3, 1, 1, 1]}, null, null, 84, false, [], false, 0, [], null, 0, 1744332045.5124397, 0, {}]
[{"0": [0, 0, 0, 29, 36, 3, 4, 2, 3, 3, 1, 0, 1, 2, 2, 2, 2, 3]}, null, null, 84, false, [], false, 0, [], null, 0, 1744332045.7367506, 0, {}]
[{"0": [41, 27, 0, 26, 3, 1, 1, 1, 4, 1, 1, 0, 1, 3, 1, 1, 2, 0]}, null, null, 85, false, [], false, 0, [], null, 0, 1744332045.9466422, 0, {}]
[{"0": [29, 3, 2, 1, 3, 1, 1, 3, 3, 0, 1, 2, 23, 29, 23, 21, 33, 31]}, null, null, 86, false, [], false, 0, [], null, 0, 1744332046.1753738, 0, {}]
[{"0": [29, 21, 35, 34, 36, 24, 30, 41, 28, 32, 0, 35, 25, 32, 33, 32, 39, 40]}, null, null, 86, false, [], false, 0, [], null, 0, 1744332046.397838, 0, {}]
[{"0": [2, 35, 34, 20, 23, 31, 32, 22, 19, 24, 35, 35, 29, 1, 23, 0, 39, 25]}, null, null, 87, false, [], false, 0, [], null, 0, 1744332046.601888, 0, {}]
[{"0": [4, 2, 1, 2, 3, 1, 1, 0, 2, 2, 1, 3, 34, 3, 2, 1, 1, 0]}, null, null, 87, false, [], false, 0, [], null, 0, 1744332046.8226984, 0, {}]
[{"0": [28, 30, 25, 22, 27, 3, 38, 1, 22, 2, 22, 28, 37, 27, 23, 0, 1, 3]}, null, null, 88, false, [], false, 0, [], null, 0, 1744332047.048474, 0, {}]
[{"0": [31, 26, 5, 32, 0, 39, 0, 2, 2, 1, 2, 1, 1, 3, 1, 1, 0, 2]}, null, null, 89, false, [], false, 0, [], null, 0, 1744332047.2515109, 0, {}]
[{"0": [27, 31, 1, 0, 0, 2, 0, 1, 2, 3, 1, 3, 3, 3, 1, 3, 1, 2]}, null, null, 89, false, [], false, 0, [], null, 0, 1744332047.4575622, 0, {}]
[{"0": [37, 19, 27, 30, 28, 32, 30, 19, 31, 35, 35, 41, 20, 30, 25, 31, 33, 22]}, null, null, 90, false, [], false, 0, [], null, 0, 1744332047.6870358, 0, {}]
[{"0": [27, 29, 21, 26, 34, 39, 28, 30, 28, 23, 33, 22, 23, 30, 0, 29, 30, 4]}, null, null, 90, false, [], false, 0, [], null, 0, 1744332047.9092562, 0, {}]
[{"0": [2, 36, 18, 32, 35, 30, 36, 6, 0, 27, 30, 1, 24, 3, 33, 1, 36, 19]}, null, null, 91, false, [], false, 0, [], null, 0, 1744332048.13434, 0, {}]
[{"0": [3, 3, 1, 0, 3, 0, 5, 1, 26, 1, 44, 3, 36, 1, 2, 2, 1, 2]}, null, null, 92, false, [], false, 0, [], null, 0, 1744332048.3442054, 0, {}]
[{"0": [31, 37, 28, 27, 4, 28, 1, 4, 1, 1, 2, 2, 4, 1, 0, 1, 2, 3]}, null, null, 92, false, [], false, 0, [], null, 0, 1744332048.562476, 0, {}]
[{"0": [31, 2, 29, 3, 0, 0, 0, 3, 1, 1, 0, 0, 2, 2, 0, 1, 1, 1]}, null, null, 93, false, [], false, 0, [], null, 0, 1744332048.7783582, 0, {}]
[{"0": [21, 31, 2, 1, 1, 3, 1, 3, 0, 1, 0, 1, 3, 2, 0, 1, 0, 1]}, null, null, 93, false, [], false, 0, [], null, 0, 1744332048.9765081, 0, {}]
[{"0": [46, 22, 30, 35, 31, 41, 23, 27, 29, 32, 0, 1, 29, 26, 35, 19, 33, 32]}, null, null, 94, false, [], false, 0, [], null, 0, 1744332049.2082038, 0, {}]
[{"0": [0, 22, 28, 35, 33, 31, 26, 32, 25, 30, 34, 34, 28, 3, 23, 26, 0, 1]}, null, null, 95, false, [], false, 0, [], null, 0, 1744332049.4188077, 0, {}]
[{"0": [3, 29, 25, 35, 26, 36, 34, 22, 25, 30, 31, 3, 28, 1, 3, 1, 1, 1]}, null, null, 95, false, [], false, 0, [], null, 0, 1744332049.622454, 0, {}]
[{"0": [32, 32, 35, 34, 31, 22, 19, 1, 21, 1, 0, 2, 3, 2, 0, 1, 3, 4]}, null, null, 96, false, [], false, 0, [], null, 0, 1744332049.8554103, 0, {}]
[{"0": [27, 30, 21, 0, 32, 1, 31, 3, 34, 1, 0, 1, 2, 1, 2, 0, 2, 1]}, null, null, 96, false, [], false, 0, [], null, 0, 1744332050.0556839, 0, {}]
[{"0": [25, 33, 2, 1, 2, 2, 3, 4, 2, 4, 2, 3, 0, 3, 3, 5, 2, 0]}, null, null, 97, false, [], false, 0, [], null, 0, 1744332050.2778337, 0, {}]
[{"0": [29, 2, 2, 3, 2, 0, 0, 0, 3, 3, 1, 2, 5, 31, 23, 34, 24, 21]}, null, null, 98, false, [], false, 0, [], null, 0, 1744332050.4890687, 0, {}]
[{"0": [32, 29, 32, 28, 26, 24, 31, 29, 24, 35, 37, 26, 28, 29, 30, 29, 0, 30]}, null, null, 98, false, [], false, 0, [], null, 0, 1744332050.7061756, 0, {}]
[{"0": [9, 29, 30, 21, 30, 35, 18, 33, 26, 34, 25, 27, 4, 25, 31, 36, 23, 1]}, null, null, 99, false, [], false, 0, [], null, 0, 1744332050.9319448, 0, {}]
[{"0": [5, 2, 1, 3, 0, 1, 1, 1, 0, 1, 2, 2, 2, 0, 3, 1, 0, 2]}, null, null, 99, false, [], false, 0, [], null, 0, 1744332051.1418111, 0, {}]
[{"0": [30, 25, 24, 36, 26, 2, 19, 35, 1, 2, 1, 3, 1, 1, 4, 3, 0, 1]}, null, null, 100, false, [], false, 0, [], null, 0, 1744332051.3612092, 0, {}]
[{"0": [31, 0, 28, 3, 33, 1, 0, 1, 0, 2, 2, 2, 2, 2, 0, 1, 6, 2]}, null, null, 101, false, [], false, 0, [], null, 0, 1744332051.586447, 0, {}]
[{"0": [40, 1, 2, 27, 2, 3, 1, 1, 2, 1, 3, 0, 3, 2, 1, 2, 2, 3]}, null, null, 101, false, [], false, 0, [], null, 0, 1744332051.8082013, 0, {}]
[{"0": [28, 21, 31, 35, 29, 27, 33, 30, 30, 23, 35, 20, 19, 37, 27, 23, 21, 28]}, null, null, 102, false, [], false, 0, [], null, 0, 1744332052.0128047, 0, {}]
[{"0": [27, 28, 30, 37, 18, 27, 25, 28, 29, 34, 23, 30, 27, 36, 1, 27, 1, 3]}, null, null, 102, false, [], false, 0, [], null, 0, 1744332052.2318702, 0, {}]
[{"0": [1, 33, 28, 31, 33, 29, 30, 32, 32, 30, 22, 2, 28, 2, 23, 1, 32, 1]}, null, null, 103, false, [], false, 0, [], null, 0, 1744332052.4474735, 0, {}]
[{"0": [28, 36, 4, 0, 2, 25, 26, 0, 28, 1, 33, 34, 3, 2, 2, 0, 1, 3]}, null, null, 104, false, [], false, 0, [], null, 0, 1744332052.6622875, 0, {}]
[{"0": [32, 31, 26, 26, 3, 24, 1, 2, 0, 1, 1, 2, 2, 0, 0, 1, 2, 0]}, null, null, 104, false, [], false, 0, [], null, 0, 1744332052.8882074, 0, {}]
[{"0": [39, 27, 38, 38, 3, 1, 3, 2, 3, 2, 2, 3, 2, 1, 0, 3, 2, 2]}, null, null, 105, false, [], false, 0, [], null, 0, 1744332053.1051207, 0, {}]
[{"0": [30, 1, 4, 2, 0, 2, 0, 3, 0, 1, 2, 0, 1, 1, 0, 2, 0, 1]}, null, null, 105, false, [], false, 0, [], null, 0, 1744332053.3259122, 0, {}]
[{"0": [24, 34, 26, 34, 33, 29, 24, 21, 24, 5, 32, 29, 31, 29, 21, 22, 35, 3]}, null, null, 106, false, [], false, 0, [], null, 0, 1744332053.5187664, 0, {}]
[{"0": [0, 32, 31, 34, 28, 35, 28, 26, 37, 25, 33, 24, 30, 2, 28, 1, 1, 1]}, null, null, 107, false, [], false, 0, [], null, 0, 1744332053.7446303, 0, {}]
[{"0": [1, 4, 3, 1, 1, 3, 3, 4, 6, 4, 0, 2, 35, 34, 1, 22, 3, 1]}, null, null, 107, false, [], false, 0, [], null, 0, 1744332053.9611373, 0, {}]
[{"0": [28, 32, 26, 38, 31, 2, 33, 1, 1, 28, 2, 29, 32, 30, 26, 23, 35, 24]}, null, null, 108, false, [], false, 0, [], null, 0, 1744332054.199066, 0, {}]
[{"0": [1, 29, 24, 0, 1, 32, 4, 1, 1, 0, 1, 1, 2, 1, 2, 0, 2, 1]}, null, null, 108, false, [], false, 0, [], null, 0, 1744332054.3993323, 0, {}]
[{"0": [34, 1, 3, 1, 3, 1, 0, 3, 1, 1, 2, 3, 3, 0, 3, 1, 3, 1]}, null, null, 109, false, [], false, 0, [], null, 0, 1744332054.6188793, 0, {}]
[{"0": [33, 26, 34, 32, 30, 29, 30, 27, 3, 32, 35, 31, 25, 27, 25, 29, 28, 29]}, null, null, 110, false, [], false, 0, [], null, 0, 1744332054.8272293, 0, {}]
[{"0": [26, 3, 0, 2, 3, 3, 0, 1, 2, 1, 0, 1, 2, 1, 4, 34, 25, 7]}, null, null, 110, false, [], false, 0, [], null, 0, 1744332055.0406692, 0, {}]
[{"0": [5, 30, 27, 32, 30, 32, 38, 32, 23, 38, 23, 25, 2, 0, 32, 3, 29, 1]}, null, null, 111, false, [], false, 0, [], null, 0, 1744332055.2532418, 0, {}]
[{"0": [25, 30, 41, 35, 31, 25, 25, 2, 26, 2, 5, 1, 3, 2, 2, 1, 0, 2]}, null, null, 111, false, [], false, 0, [], null, 0, 1744332055.4790134, 0, {}]
[{"0": [0, 5, 0, 0, 3, 1, 0, 3, 2, 3, 23, 32, 38, 20, 33, 26, 32, 30]}, null, null, 112, false, [], false, 0, [], null, 0, 1744332055.6928174, 0, {}]
[{"0": [31, 3, 36, 0, 29, 29, 0, 2, 1, 0, 1, 2, 2, 1, 1, 1, 2, 1]}, null, null, 113, false, [], false, 0, [], null, 0, 1744332055.9177747, 0, {}]
[{"0": [21, 1, 1, 25, 23, 33, 20, 25, 28, 28, 27, 21, 35, 1, 2, 1, 19, 41]}, null, null, 113, false, [], false, 0, [], null, 0, 1744332056.133708, 0, {}]
[{"0": [24, 33, 29, 23, 21, 24, 33, 29, 0, 1, 2, 0, 1, 1, 42, 32, 31, 3]}, null, null, 114, false, [], false, 0, [], null, 0, 1744332056.336677, 0, {}]
[{"0": [27, 2, 2, 1, 2, 1, 0, 0, 2, 2, 1, 2, 1, 28, 1, 36, 1, 2]}, null, null, 114, false, [], false, 0, [], null, 0, 1744332056.5535548, 0, {}]
[{"0": [0, 31, 34, 28, 22, 43, 28, 26, 27, 29, 3, 26, 1, 1, 2, 2, 4, 1]}, null, null, 115, false, [], false, 0, [], null, 0, 1744332056.7687447, 0, {}]
[{"0": [33, 34, 26, 26, 27, 31, 1, 20, 2, 1, 0, 0, 2, 1, 1, 1, 2, 0]}, null, null, 116, false, [], false, 0, [], null, 0, 1744332057.0023267, 0, {}]
[{"0": [21, 2, 28, 29, 1, 4, 2, 1, 2, 2, 1, 1, 2, 1, 1, 1, 0, 1]}, null, null, 116, false, [], false, 0, [], null, 0, 1744332057.216573, 0, {}]
[{"0": [26, 2, 19, 2, 34, 28, 38, 36, 24, 0, 2, 0, 1, 25, 28, 31, 31, 0]}, null, null, 117, false, [], false, 0, [], null, 0, 1744332057.4246013, 0, {}]
[{"0": [26, 6, 1, 2, 1, 4, 4, 3, 3, 1, 1, 4, 2, 4, 1, 0, 4, 3]}, null, null, 117, false, [], false, 0, [], null, 0, 1744332057.6426206, 0, {}]
[{"0": [25, 29, 33, 30, 27, 35, 29, 22, 25, 35, 30, 37, 24, 36, 39, 0, 33, 2]}, null, null, 118, false, [], false, 0, [], null, 0, 1744332057.8512802, 0, {}]
[{"0": [3, 19, 28, 32, 21, 32, 21, 24, 36, 22, 33, 31, 1, 26, 2, 1, 4, 2]}, null, null, 119, false, [], false, 0, [], null, 0, 1744332058.0727794, 0, {}]
[{"0": [2, 1, 0, 1, 5, 1, 2, 2, 1, 2, 2, 37, 1, 2, 3, 0, 2, 2]}, null, null, 119, false, [], false, 0, [], null, 0, 1744332058.3097448, 0, {}]
[{"0": [36, 25, 29, 32, 1, 33, 2, 3, 23, 1, 1, 29, 34, 28, 26, 33, 23, 29]}, null, null, 120, false, [], false, 0, [], null, 0, 1744332058.5198345, 0, {}]
[{"0": [25, 1, 26, 1, 1, 31, 26, 1, 2, 1, 2, 2, 2, 1, 2, 6, 2, 4]}, null, null, 120, false, [], false, 0, [], null, 0, 1744332058.7337625, 0, {}]
[{"0": [31, 4, 28, 2, 0, 2, 3, 2, 1, 2, 2, 0, 5, 0, 0, 4, 2, 1]}, null, null, 121, false, [], false, 0, [], null, 0, 1744332058.941496, 0, {}]
[{"0": [35, 31, 24, 33, 34, 22, 22, 35, 1, 1, 36, 24, 29, 23, 30, 21, 26, 32]}, null, null, 122, false, [], false, 0, [], null, 0, 1744332059.1675496, 0, {}]
[{"0": [2, 25, 23, 30, 2, 26, 22, 31, 35, 36, 29, 34, 35, 34, 28, 29, 3, 0]}, null, null, 122, false, [], false, 0, [], null, 0, 1744332059.3672884, 0, {}]
[{"0": [1, 30, 28, 36, 36, 6, 2, 2, 2, 4, 29, 1, 17, 1, 32, 4, 4, 0]}, null, null, 123, false, [], false, 0, [], null, 0, 1744332059.5956779, 0, {}]
[{"0": [20, 30, 30, 33, 38, 23, 0, 23, 0, 1, 36, 3, 2, 1, 2, 3, 1, 3]}, null, null, 123, false, [], false, 0, [], null, 0, 1744332059.824784, 0, {}]
[{"0": [26, 28, 42, 29, 1, 39, 0, 1, 1, 1, 2, 1, 1, 2, 1, 4, 1, 0]}, null, null, 124, false, [], false, 0, [], null, 0, 1744332060.0325727, 0, {}]
[{"0": [31, 27, 2, 0, 2, 1, 1, 0, 2, 1, 1, 3, 2, 1, 3, 0, 1, 2]}, null, null, 125, false, [], false, 0, [], null, 0, 1744332060.2532732, 0, {}]
[{"0": [32, 1, 2, 1, 0, 2, 1, 1, 3, 0, 4, 2, 3, 1, 2, 1, 1, 3]}, null, null, 125, false, [], false, 0, [], null, 0, 1744332060.4521208, 0, {}]
[{"0": [22, 27, 0, 23, 29, 28, 29, 26, 35, 28, 31, 32, 23, 35, 29, 36, 2, 31]}, null, null, 126, false, [], false, 0, [], null, 0, 1744332060.6784785, 0, {}]
[{"0": [14, 1, 0, 3, 1, 2, 2, 1, 2, 2, 1, 5, 1, 3, 3, 23, 0, 2]}, null, null, 127, false, [], false, 0, [], null, 0, 1744332060.8989427, 0, {}]
[{"0": [2, 1, 0, 1, 3, 0, 1, 3, 1, 1, 0, 0, 2, 2, 29, 4, 0, 1]}, null, null, 127, false, [], false, 0, [], null, 0, 1744332061.1106327, 0, {}]
[{"0": [28, 29, 31, 33, 2, 4, 1, 1, 1, 20, 1, 1, 0, 1, 3, 3, 0, 1]}, null, null, 128, false, [], false, 0, [], null, 0, 1744332061.3314764, 0, {}]
[{"0": [25, 25, 27, 1, 39, 1, 0, 25, 25, 26, 30, 27, 28, 20, 31, 1, 3, 1]}, null, null, 128, false, [], false, 0, [], null, 0, 1744332061.5542986, 0, {}]
[{"0": [24, 1, 4, 32, 37, 31, 24, 29, 36, 32, 29, 4, 3, 2, 2, 2, 1, 1]}, null, null, 129, false, [], false, 0, [], null, 0, 1744332061.76297, 0, {}]
[{"0": [31, 24, 24, 37, 21, 23, 25, 27, 18, 25, 29, 1, 4, 30, 0, 31, 26, 33]}, null, null, 130, false, [], false, 0, [], null, 0, 1744332061.975978, 0, {}]
[{"0": [21, 22, 30, 26, 24, 29, 18, 25, 18, 35, 1, 27, 25, 27, 30, 34, 27, 1]}, null, null, 130, false, [], false, 0, [], null, 0, 1744332062.194694, 0, {}]
[{"0": [3, 25, 26, 26, 32, 26, 28, 36, 24, 23, 24, 0, 29, 3, 1, 24, 0, 27]}, null, null, 131, false, [], false, 0, [], null, 0, 1744332062.417475, 0, {}]
[{"0": [1, 3, 2, 29, 30, 23, 37, 0, 33, 24, 0, 0, 1, 1, 1, 3, 0, 1]}, null, null, 131, false, [], false, 0, [], null, 0, 1744332062.6143868, 0, {}]
[{"0": [25, 30, 27, 2, 25, 4, 1, 3, 1, 2, 3, 1, 1, 4, 2, 0, 1, 4]}, null, null, 132, false, [], false, 0, [], null, 0, 1744332062.8512402, 0, {}]
[{"0": [27, 27, 3, 26, 2, 2, 2, 1, 3, 0, 3, 1, 1, 3, 2, 1, 3, 1]}, null, null, 133, false, [], false, 0, [], null, 0, 1744332063.0590127, 0, {}]
[{"0": [23, 29, 1, 1, 27, 2, 2, 1, 21, 1, 1, 1, 3, 1, 0, 0, 2, 1]}, null, null, 133, false, [], false, 0, [], null, 0, 1744332063.2813509, 0, {}]
[{"0": [38, 30, 30, 22, 29, 34, 0, 2, 1, 1, 1, 4, 0, 1, 4, 0, 33, 4]}, null, null, 134, false, [], false, 0, [], null, 0, 1744332063.490466, 0, {}]
[{"0": [24, 26, 18, 29, 32, 32, 31, 31, 33, 28, 33, 44, 1, 27, 19, 0, 2, 26]}, null, null, 134, false, [], false, 0, [], null, 0, 1744332063.722371, 0, {}]
[{"0": [0, 3, 1, 4, 1, 0, 4, 3, 2, 2, 2, 0, 0, 0, 0, 3, 1, 1]}, null, null, 135, false, [], false, 0, [], null, 0, 1744332063.9188411, 0, {}]
[{"0": [3, 2, 3, 33, 31, 1, 24, 2, 24, 1, 1, 3, 1, 1, 2, 3, 1, 0]}, null, null, 136, false, [], false, 0, [], null, 0, 1744332064.1359737, 0, {}]
[{"0": [19, 2, 1, 23, 2, 2, 34, 28, 33, 28, 24, 31, 36, 40, 38, 26, 33, 22]}, null, null, 136, false, [], false, 0, [], null, 0, 1744332064.3473055, 0, {}]
[{"0": [29, 3, 2, 32, 2, 3, 2, 40, 27, 30, 33, 35, 29, 29, 31, 28, 31, 32]}, null, null, 137, false, [], false, 0, [], null, 0, 1744332064.5690126, 0, {}]
[{"0": [32, 35, 29, 23, 25, 27, 28, 21, 39, 42, 41, 25, 29, 22, 27, 29, 27, 25]}, null, null, 137, false, [], false, 0, [], null, 0, 1744332064.7976203, 0, {}]
[{"0": [26, 2, 3, 1, 1, 1, 1, 1, 2, 0, 0, 1, 1, 4, 30, 24, 5, 3]}, null, null, 138, false, [], false, 0, [], null, 0, 1744332065.017244, 0, {}]
[{"0": [37, 0, 2, 0, 4, 1, 3, 1, 0, 0, 3, 1, 1, 2, 1, 2, 1, 2]}, null, null, 139, false, [], false, 0, [], null, 0, 1744332065.214727, 0, {}]
[{"0": [27, 3, 0, 1, 0, 3, 3, 1, 2, 1, 2, 30, 2, 5, 1, 2, 1, 2]}, null, null, 139, false, [], false, 0, [], null, 0, 1744332065.430225, 0, {}]
[{"0": [31, 27, 28, 0, 33, 26, 33, 3, 16, 2, 4, 4, 3, 1, 0, 2, 2, 3]}, null, null, 140, false, [], false, 0, [], null, 0, 1744332065.6572824, 0, {}]
[{"0": [23, 1, 0, 3, 22, 2, 1, 1, 1, 4, 2, 2, 2, 1, 0, 2, 2, 1]}, null, null, 140, false, [], false, 0, [], null, 0, 1744332065.8729486, 0, {}]
[{"0": [28, 25, 35, 31, 24, 35, 34, 33, 31, 25, 25, 29, 26, 1, 2, 1, 2, 20]}, null, null, 141, false, [], false, 0, [], null, 0, 1744332066.0958989, 0, {}]
[{"0": [29, 25, 27, 22, 34, 35, 29, 18, 19, 47, 30, 24, 32, 34, 24, 30, 2, 40]}, null, null, 142, false, [], false, 0, [], null, 0, 1744332066.29879, 0, {}]
[{"0": [1, 1, 3, 4, 2, 0, 2, 0, 1, 3, 4, 1, 1, 0, 3, 1, 1, 1]}, null, null, 142, false, [], false, 0, [], null, 0, 1744332066.5141091, 0, {}]
[{"0": [2, 26, 20, 38, 23, 32, 29, 26, 2, 33, 29, 2, 3, 31, 3, 1, 1, 2]}, null, null, 143, false, [], false, 0, [], null, 0, 1744332066.7357001, 0, {}]
[{"0": [24, 28, 38, 34, 24, 4, 27, 3, 34, 1, 5, 1, 0, 2, 1, 1, 3, 1]}, null, null, 143, false, [], false, 0, [], null, 0, 1744332066.9579623, 0, {}]
[{"0": [31, 2, 29, 1, 4, 2, 2, 0, 1, 3, 1, 1, 3, 1, 2, 2, 4, 1]}, null, null, 144, false, [], false, 0, [], null, 0, 1744332067.1899996, 0, {}]
[{"0": [24, 3, 1, 34, 35, 32, 34, 24, 34, 40, 29, 34, 26, 27, 24, 29, 27, 37]}, null, null, 145, false, [], false, 0, [], null, 0, 1744332067.3907988, 0, {}]
[{"0": [34, 27, 0, 25, 26, 30, 23, 35, 27, 34, 26, 31, 29, 31, 23, 27, 29, 35]}, null, null, 145, false, [], false, 0, [], null, 0, 1744332067.6168683, 0, {}]
[{"0": [34, 21, 20, 21, 29, 29, 30, 25, 35, 27, 26, 26, 34, 26, 31, 2, 26, 2]}, null, null, 146, false, [], false, 0, [], null, 0, 1744332067.822792, 0, {}]
[{"0": [5, 22, 22, 27, 26, 0, 2, 0, 1, 4, 0, 37, 26, 0, 24, 4, 30, 35]}, null, null, 146, false, [], false, 0, [], null, 0, 1744332068.045526, 0, {}]
[{"0": [1, 4, 4, 3, 1, 2, 3, 1, 1, 2, 2, 0, 0, 41, 39, 29, 25, 29]}, null, null, 147, false, [], false, 0, [], null, 0, 1744332068.2580988, 0, {}]
[{"0": [29, 30, 30, 0, 32, 0, 25, 1, 1, 1, 0, 2, 1, 1, 1, 3, 2, 1]}, null, null, 148, false, [], false, 0, [], null, 0, 1744332068.4808478, 0, {}]
[{"0": [29, 39, 2, 0, 1, 2, 0, 2, 3, 1, 0, 0, 2, 3, 3, 1, 1, 2]}, null, null, 148, false, [], false, 0, [], null, 0, 1744332068.687973, 0, {}]
[{"0": [22, 2, 1, 3, 3, 37, 28, 25, 25, 24, 32, 32, 28, 30, 22, 24, 21, 29]}, null, null, 149, false, [], false, 0, [], null, 0, 1744332068.9100199, 0, {}]
[{"0": [4, 5, 1, 0, 2, 3, 3, 1, 1, 2, 1, 1, 2, 2, 0, 2, 1, 2]}, null, null, 149, false, [], false, 0, [], null, 0, 1744332069.1396878, 0, {}]
[{"0": [2, 24, 28, 40, 28, 31, 2, 1, 3, 1, 1, 5, 1, 40, 3, 26, 1, 0]}, null, null, 150, true, [], false, 0, [], null, 0, 1744332069.3426766, 0, {}]
