[{"0": [3, 2, 2, 2, 4, 2, 2, 4, 2, 2, 1, 1, 25, 22, 26, 34, 29]}, null, null, 0, false, [], false, 0, [], null, 0, 1744329834.106602, 0, {}]
[{"0": [3, 3, 1, 2, 1, 1, 2, 38, 1, 1, 3, 4, 1, 2, 1, 4, 4]}, null, null, 1, false, [], false, 0, [], null, 0, 1744329834.3337407, 0, {}]
[{"0": [3, 0, 1, 1, 0, 3, 0, 0, 0, 1, 0, 6, 3, 2, 1, 3, 24]}, null, null, 1, false, [], false, 0, [], null, 0, 1744329834.540343, 0, {}]
[{"0": [4, 1, 4, 3, 0, 3, 2, 3, 11, 0, 7, 1, 1, 1, 2, 2, 27]}, null, null, 2, false, [], false, 0, [], null, 0, 1744329834.7619185, 0, {}]
[{"0": [2, 3, 1, 1, 6, 3, 1, 1, 3, 2, 1, 4, 0, 3, 2, 4, 2]}, null, null, 2, false, [], false, 0, [], null, 0, 1744329834.9796138, 0, {}]
[{"0": [3, 3, 0, 2, 2, 2, 3, 1, 39, 27, 39, 34, 27, 41, 33, 3, 6]}, null, null, 3, false, [], false, 0, [], null, 0, 1744329835.2106771, 0, {}]
[{"0": [2, 4, 0, 4, 1, 6, 2, 2, 1, 6, 2, 3, 2, 2, 0, 1, 38]}, null, null, 4, false, [], false, 0, [], null, 0, 1744329835.4091246, 0, {}]
[{"0": [1, 2, 39, 34, 36, 31, 35, 29, 33, 35, 36, 2, 2, 5, 0, 0, 1]}, null, null, 4, false, [], false, 0, [], null, 0, 1744329835.635006, 0, {}]
[{"0": [0, 3, 4, 2, 1, 2, 1, 3, 2, 1, 0, 2, 2, 2, 30, 30, 35]}, null, null, 5, false, [], false, 0, [], null, 0, 1744329835.8398974, 0, {}]
[{"0": [4, 4, 3, 1, 5, 0, 0, 1, 1, 2, 2, 3, 26, 1, 2, 1, 2]}, null, null, 5, false, [], false, 0, [], null, 0, 1744329836.0571876, 0, {}]
[{"0": [0, 2, 0, 0, 1, 2, 1, 1, 24, 2, 3, 4, 1, 0, 1, 3, 2]}, null, null, 6, false, [], false, 0, [], null, 0, 1744329836.2874434, 0, {}]
[{"0": [2, 1, 0, 1, 1, 1, 2, 2, 2, 0, 1, 0, 3, 33, 21, 24, 24]}, null, null, 7, false, [], false, 0, [], null, 0, 1744329836.4872267, 0, {}]
[{"0": [3, 3, 4, 2, 1, 0, 3, 2, 4, 3, 1, 1, 26, 32, 22, 1, 3]}, null, null, 7, false, [], false, 0, [], null, 0, 1744329836.715313, 0, {}]
[{"0": [1, 2, 3, 1, 3, 3, 2, 3, 2, 1, 1, 1, 2, 3, 3, 1, 35]}, null, null, 8, false, [], false, 0, [], null, 0, 1744329836.9316933, 0, {}]
[{"0": [5, 1, 0, 3, 2, 1, 1, 2, 2, 2, 2, 2, 1, 1, 1, 2, 23]}, null, null, 8, false, [], false, 0, [], null, 0, 1744329837.146305, 0, {}]
[{"0": [2, 2, 2, 4, 2, 1, 1, 0, 3, 31, 38, 34, 35, 33, 29, 29, 23]}, null, null, 9, false, [], false, 0, [], null, 0, 1744329837.3667645, 0, {}]
[{"0": [1, 0, 1, 2, 3, 0, 1, 2, 4, 0, 3, 0, 2, 1, 1, 2, 2]}, null, null, 10, false, [], false, 0, [], null, 0, 1744329837.5838168, 0, {}]
[{"0": [3, 3, 4, 2, 1, 1, 2, 2, 1, 1, 1, 2, 3, 3, 1, 4, 29]}, null, null, 10, false, [], false, 0, [], null, 0, 1744329837.7977698, 0, {}]
[{"0": [0, 2, 0, 2, 4, 2, 29, 1, 0, 3, 1, 1, 2, 1, 2, 3, 3]}, null, null, 11, false, [], false, 0, [], null, 0, 1744329838.0074782, 0, {}]
[{"0": [1, 2, 2, 0, 1, 0, 0, 0, 1, 2, 2, 4, 4, 5, 2, 0, 36]}, null, null, 11, false, [], false, 0, [], null, 0, 1744329838.2202115, 0, {}]
[{"0": [4, 0, 3, 2, 1, 1, 4, 0, 0, 3, 2, 0, 2, 23, 31, 1, 3]}, null, null, 12, false, [], false, 0, [], null, 0, 1744329838.4551728, 0, {}]
[{"0": [0, 1, 1, 3, 3, 2, 3, 4, 2, 5, 4, 2, 2, 2, 0, 3, 38]}, null, null, 13, false, [], false, 0, [], null, 0, 1744329838.6558213, 0, {}]
[{"0": [2, 2, 1, 2, 0, 1, 4, 2, 3, 1, 3, 2, 1, 27, 36, 40, 26]}, null, null, 13, false, [], false, 0, [], null, 0, 1744329838.874308, 0, {}]
[{"0": [2, 2, 1, 0, 39, 31, 33, 0, 3, 3, 0, 2, 4, 2, 2, 2, 1]}, null, null, 14, false, [], false, 0, [], null, 0, 1744329839.0943925, 0, {}]
[{"0": [0, 2, 3, 2, 3, 3, 3, 1, 2, 29, 27, 33, 37, 2, 1, 4, 1]}, null, null, 14, false, [], false, 0, [], null, 0, 1744329839.3161824, 0, {}]
[{"0": [5, 2, 2, 4, 1, 0, 3, 1, 1, 2, 1, 0, 4, 2, 34, 46, 32]}, null, null, 15, false, [], false, 0, [], null, 0, 1744329839.5322316, 0, {}]
[{"0": [1, 0, 3, 2, 2, 3, 1, 1, 2, 1, 2, 31, 31, 31, 29, 30, 28]}, null, null, 16, false, [], false, 0, [], null, 0, 1744329839.7544658, 0, {}]
[{"0": [0, 1, 2, 2, 3, 0, 0, 28, 36, 39, 33, 29, 25, 37, 41, 41, 3]}, null, null, 16, false, [], false, 0, [], null, 0, 1744329839.9560943, 0, {}]
[{"0": [1, 4, 4, 2, 3, 1, 1, 2, 2, 26, 0, 2, 1, 1, 3, 3, 0]}, null, null, 17, false, [], false, 0, [], null, 0, 1744329840.1756313, 0, {}]
[{"0": [3, 29, 27, 28, 4, 0, 1, 1, 2, 2, 1, 4, 2, 1, 3, 0, 1]}, null, null, 17, false, [], false, 0, [], null, 0, 1744329840.3904324, 0, {}]
[{"0": [1, 2, 1, 34, 1, 3, 1, 1, 0, 0, 2, 3, 3, 4, 0, 3, 0]}, null, null, 18, false, [], false, 0, [], null, 0, 1744329840.6109545, 0, {}]
[{"0": [3, 1, 2, 1, 1, 25, 38, 27, 27, 2, 1, 5, 2, 2, 1, 1, 3]}, null, null, 19, false, [], false, 0, [], null, 0, 1744329840.8303578, 0, {}]
[{"0": [0, 1, 2, 2, 3, 2, 3, 1, 0, 0, 2, 4, 2, 2, 4, 28, 29]}, null, null, 19, false, [], false, 0, [], null, 0, 1744329841.0415833, 0, {}]
[{"0": [2, 2, 3, 38, 24, 27, 33, 27, 35, 0, 4, 3, 2, 1, 4, 4, 1]}, null, null, 20, false, [], false, 0, [], null, 0, 1744329841.26196, 0, {}]
[{"0": [2, 1, 2, 31, 2, 1, 1, 1, 1, 1, 2, 0, 2, 1, 0, 2, 3]}, null, null, 20, false, [], false, 0, [], null, 0, 1744329841.491542, 0, {}]
[{"0": [2, 1, 2, 1, 2, 1, 1, 4, 2, 4, 3, 1, 2, 2, 28, 4, 3]}, null, null, 21, false, [], false, 0, [], null, 0, 1744329841.6967514, 0, {}]
[{"0": [2, 7, 2, 1, 0, 2, 4, 3, 3, 2, 2, 1, 2, 1, 29, 27, 3]}, null, null, 22, false, [], false, 0, [], null, 0, 1744329841.9057403, 0, {}]
[{"0": [2, 1, 1, 2, 2, 41, 28, 0, 2, 3, 1, 1, 0, 0, 3, 2, 3]}, null, null, 22, false, [], false, 0, [], null, 0, 1744329842.1321435, 0, {}]
[{"0": [41, 35, 28, 34, 25, 27, 2, 0, 2, 4, 3, 0, 1, 0, 0, 2, 3]}, null, null, 23, false, [], false, 0, [], null, 0, 1744329842.345783, 0, {}]
[{"0": [1, 1, 1, 7, 1, 1, 2, 1, 4, 1, 3, 2, 3, 3, 2, 0, 30]}, null, null, 23, false, [], false, 0, [], null, 0, 1744329842.5636454, 0, {}]
[{"0": [22, 24, 1, 1, 1, 1, 0, 3, 1, 2, 3, 5, 1, 0, 1, 1, 4]}, null, null, 24, false, [], false, 0, [], null, 0, 1744329842.7828214, 0, {}]
[{"0": [3, 2, 3, 2, 3, 0, 0, 2, 0, 0, 1, 3, 1, 2, 29, 1, 2]}, null, null, 25, false, [], false, 0, [], null, 0, 1744329842.9947624, 0, {}]
[{"0": [2, 2, 1, 4, 5, 2, 2, 8, 1, 7, 1, 3, 1, 2, 26, 22, 36]}, null, null, 25, false, [], false, 0, [], null, 0, 1744329843.2070959, 0, {}]
[{"0": [0, 4, 2, 30, 43, 33, 31, 30, 34, 50, 5, 3, 4, 1, 0, 1, 4]}, null, null, 26, false, [], false, 0, [], null, 0, 1744329843.436378, 0, {}]
[{"0": [3, 4, 0, 2, 2, 2, 1, 2, 1, 2, 0, 0, 2, 4, 32, 4, 3]}, null, null, 27, false, [], false, 0, [], null, 0, 1744329843.6487582, 0, {}]
[{"0": [1, 3, 0, 1, 38, 21, 25, 33, 29, 2, 1, 1, 3, 3, 6, 0, 1]}, null, null, 27, false, [], false, 0, [], null, 0, 1744329843.86026, 0, {}]
[{"0": [5, 0, 2, 30, 2, 3, 2, 2, 3, 3, 0, 0, 0, 3, 0, 1, 3]}, null, null, 28, false, [], false, 0, [], null, 0, 1744329844.0858898, 0, {}]
[{"0": [3, 2, 0, 1, 3, 3, 0, 1, 1, 1, 41, 2, 2, 2, 1, 1, 4]}, null, null, 28, false, [], false, 0, [], null, 0, 1744329844.296242, 0, {}]
[{"0": [2, 4, 3, 2, 1, 1, 1, 5, 1, 0, 2, 0, 3, 0, 33, 35, 32]}, null, null, 29, false, [], false, 0, [], null, 0, 1744329844.526066, 0, {}]
[{"0": [0, 1, 3, 1, 1, 0, 1, 3, 1, 1, 29, 5, 6, 1, 1, 1, 1]}, null, null, 30, false, [], false, 0, [], null, 0, 1744329844.7272084, 0, {}]
[{"0": [0, 3, 0, 4, 3, 1, 0, 0, 0, 3, 0, 37, 2, 2, 2, 1, 2]}, null, null, 30, false, [], false, 0, [], null, 0, 1744329844.9474642, 0, {}]
[{"0": [0, 3, 2, 5, 2, 1, 2, 4, 2, 2, 2, 3, 2, 1, 2, 3, 32]}, null, null, 31, false, [], false, 0, [], null, 0, 1744329845.163826, 0, {}]
[{"0": [1, 3, 2, 2, 2, 2, 2, 1, 2, 0, 3, 1, 0, 0, 1, 0, 32]}, null, null, 31, false, [], false, 0, [], null, 0, 1744329845.381787, 0, {}]
[{"0": [3, 2, 0, 1, 1, 3, 1, 4, 4, 1, 2, 1, 2, 0, 3, 26, 30]}, null, null, 32, false, [], false, 0, [], null, 0, 1744329845.5995789, 0, {}]
[{"0": [2, 3, 3, 0, 3, 1, 1, 2, 1, 3, 1, 42, 31, 37, 32, 34, 29]}, null, null, 33, false, [], false, 0, [], null, 0, 1744329845.8138342, 0, {}]
[{"0": [1, 0, 3, 4, 4, 3, 1, 4, 2, 4, 2, 1, 0, 3, 31, 28, 30]}, null, null, 33, false, [], false, 0, [], null, 0, 1744329846.0239968, 0, {}]
[{"0": [2, 1, 1, 1, 0, 1, 2, 5, 0, 3, 3, 2, 25, 40, 2, 3, 1]}, null, null, 34, false, [], false, 0, [], null, 0, 1744329846.2473583, 0, {}]
[{"0": [2, 2, 3, 2, 1, 2, 4, 1, 30, 37, 32, 33, 22, 27, 42, 16, 31]}, null, null, 34, false, [], false, 0, [], null, 0, 1744329846.4728496, 0, {}]
[{"0": [3, 2, 4, 1, 2, 1, 2, 5, 0, 2, 30, 26, 37, 25, 37, 44, 36]}, null, null, 35, false, [], false, 0, [], null, 0, 1744329846.6785111, 0, {}]
[{"0": [4, 4, 37, 0, 2, 2, 1, 5, 3, 0, 0, 1, 0, 2, 3, 2, 2]}, null, null, 36, false, [], false, 0, [], null, 0, 1744329846.8921175, 0, {}]
[{"0": [36, 30, 29, 38, 29, 1, 2, 0, 4, 1, 1, 1, 2, 1, 1, 1, 1]}, null, null, 36, false, [], false, 0, [], null, 0, 1744329847.1239429, 0, {}]
[{"0": [1, 4, 3, 0, 35, 42, 31, 33, 29, 27, 28, 35, 44, 34, 30, 32, 37]}, null, null, 37, false, [], false, 0, [], null, 0, 1744329847.324591, 0, {}]
[{"0": [2, 1, 26, 36, 26, 1, 0, 2, 1, 3, 2, 0, 2, 5, 1, 1, 1]}, null, null, 37, false, [], false, 0, [], null, 0, 1744329847.5426373, 0, {}]
[{"0": [2, 1, 4, 2, 2, 2, 1, 3, 1, 2, 43, 27, 3, 3, 0, 1, 0]}, null, null, 38, false, [], false, 0, [], null, 0, 1744329847.7727222, 0, {}]
[{"0": [1, 0, 1, 4, 35, 35, 36, 43, 28, 1, 1, 1, 5, 3, 1, 3, 0]}, null, null, 39, false, [], false, 0, [], null, 0, 1744329847.976365, 0, {}]
[{"0": [3, 5, 4, 21, 36, 2, 1, 4, 2, 0, 2, 0, 1, 1, 4, 3, 2]}, null, null, 39, false, [], false, 0, [], null, 0, 1744329848.2003324, 0, {}]
[{"0": [3, 3, 4, 1, 1, 3, 3, 2, 0, 4, 1, 2, 2, 4, 1, 24, 31]}, null, null, 40, false, [], false, 0, [], null, 0, 1744329848.4080637, 0, {}]
[{"0": [4, 2, 1, 2, 1, 1, 5, 3, 2, 0, 4, 2, 3, 2, 2, 2, 24]}, null, null, 40, false, [], false, 0, [], null, 0, 1744329848.6452198, 0, {}]
[{"0": [2, 1, 3, 4, 0, 1, 0, 0, 1, 31, 32, 5, 2, 2, 2, 2, 3]}, null, null, 41, false, [], false, 0, [], null, 0, 1744329848.8419409, 0, {}]
[{"0": [3, 4, 0, 1, 1, 0, 4, 30, 31, 40, 21, 3, 0, 0, 1, 5, 2]}, null, null, 42, false, [], false, 0, [], null, 0, 1744329849.0638711, 0, {}]
[{"0": [2, 1, 2, 3, 41, 35, 35, 30, 22, 22, 31, 34, 31, 28, 33, 25, 0]}, null, null, 42, false, [], false, 0, [], null, 0, 1744329849.2828379, 0, {}]
[{"0": [0, 2, 2, 0, 2, 3, 3, 3, 3, 5, 1, 4, 0, 1, 4, 5, 26]}, null, null, 43, false, [], false, 0, [], null, 0, 1744329849.4995272, 0, {}]
[{"0": [1, 0, 0, 0, 34, 25, 30, 35, 4, 2, 2, 1, 2, 2, 2, 0, 3]}, null, null, 43, false, [], false, 0, [], null, 0, 1744329849.7231884, 0, {}]
[{"0": [44, 37, 22, 2, 2, 4, 0, 1, 0, 2, 5, 3, 2, 1, 2, 1, 3]}, null, null, 44, false, [], false, 0, [], null, 0, 1744329849.9282916, 0, {}]
[{"0": [1, 3, 2, 2, 3, 33, 27, 36, 35, 36, 37, 30, 1, 5, 1, 2, 1]}, null, null, 45, false, [], false, 0, [], null, 0, 1744329850.1475797, 0, {}]
[{"0": [0, 1, 5, 0, 3, 3, 2, 0, 25, 30, 29, 36, 27, 26, 32, 42, 36]}, null, null, 45, false, [], false, 0, [], null, 0, 1744329850.3634255, 0, {}]
[{"0": [0, 2, 3, 3, 4, 0, 2, 1, 3, 1, 0, 29, 28, 27, 35, 36, 45]}, null, null, 46, false, [], false, 0, [], null, 0, 1744329850.5774903, 0, {}]
[{"0": [5, 2, 4, 1, 1, 2, 2, 1, 3, 1, 1, 36, 24, 30, 21, 0, 2]}, null, null, 46, false, [], false, 0, [], null, 0, 1744329850.792661, 0, {}]
[{"0": [3, 4, 1, 3, 1, 2, 2, 3, 2, 0, 2, 5, 1, 0, 29, 22, 33]}, null, null, 47, false, [], false, 0, [], null, 0, 1744329851.0266395, 0, {}]
[{"0": [2, 2, 27, 24, 39, 32, 18, 1, 1, 1, 1, 2, 2, 2, 1, 5, 2]}, null, null, 48, false, [], false, 0, [], null, 0, 1744329851.229083, 0, {}]
[{"0": [1, 2, 4, 1, 2, 0, 1, 6, 1, 1, 1, 3, 1, 0, 2, 2, 3]}, null, null, 48, false, [], false, 0, [], null, 0, 1744329851.4520314, 0, {}]
[{"0": [5, 2, 1, 3, 1, 2, 5, 1, 1, 2, 3, 3, 2, 2, 0, 0, 0]}, null, null, 49, false, [], false, 0, [], null, 0, 1744329851.6672113, 0, {}]
[{"0": [1, 0, 0, 2, 2, 1, 3, 2, 0, 2, 0, 1, 2, 31, 41, 33, 36]}, null, null, 49, false, [], false, 0, [], null, 0, 1744329851.8824384, 0, {}]
[{"0": [2, 2, 2, 4, 1, 0, 29, 24, 35, 2, 2, 1, 0, 2, 3, 3, 1]}, null, null, 50, false, [], false, 0, [], null, 0, 1744329852.0955188, 0, {}]
[{"0": [1, 2, 1, 2, 2, 4, 2, 1, 1, 1, 7, 25, 26, 49, 29, 4, 1]}, null, null, 51, false, [], false, 0, [], null, 0, 1744329852.3226347, 0, {}]
[{"0": [2, 2, 36, 4, 1, 0, 1, 4, 0, 2, 1, 1, 2, 3, 3, 2, 1]}, null, null, 51, false, [], false, 0, [], null, 0, 1744329852.5360825, 0, {}]
[{"0": [4, 0, 2, 1, 3, 1, 1, 2, 2, 3, 1, 1, 30, 37, 25, 35, 2]}, null, null, 52, false, [], false, 0, [], null, 0, 1744329852.7534723, 0, {}]
[{"0": [2, 2, 1, 6, 1, 2, 3, 2, 1, 2, 0, 1, 1, 2, 2, 0, 40]}, null, null, 52, false, [], false, 0, [], null, 0, 1744329852.9722621, 0, {}]
[{"0": [4, 0, 1, 19, 1, 2, 2, 1, 0, 4, 1, 1, 2, 3, 4, 1, 1]}, null, null, 53, false, [], false, 0, [], null, 0, 1744329853.1867392, 0, {}]
[{"0": [4, 1, 0, 1, 1, 0, 0, 30, 1, 3, 3, 3, 3, 4, 1, 0, 1]}, null, null, 54, false, [], false, 0, [], null, 0, 1744329853.4029646, 0, {}]
[{"0": [1, 1, 2, 2, 2, 2, 0, 0, 2, 0, 29, 33, 25, 38, 38, 34, 29]}, null, null, 54, false, [], false, 0, [], null, 0, 1744329853.6286106, 0, {}]
[{"0": [2, 0, 0, 0, 3, 1, 3, 1, 0, 2, 1, 2, 3, 2, 23, 26, 28]}, null, null, 55, false, [], false, 0, [], null, 0, 1744329853.8350656, 0, {}]
[{"0": [3, 1, 1, 1, 1, 2, 23, 36, 27, 28, 2, 0, 2, 1, 0, 1, 2]}, null, null, 55, false, [], false, 0, [], null, 0, 1744329854.056404, 0, {}]
[{"0": [1, 1, 2, 3, 5, 26, 3, 2, 1, 4, 3, 4, 2, 1, 1, 3, 2]}, null, null, 56, false, [], false, 0, [], null, 0, 1744329854.270787, 0, {}]
[{"0": [2, 2, 5, 1, 1, 2, 2, 1, 3, 3, 1, 3, 2, 0, 5, 1, 30]}, null, null, 57, false, [], false, 0, [], null, 0, 1744329854.479013, 0, {}]
[{"0": [1, 1, 2, 2, 33, 35, 29, 31, 32, 23, 30, 2, 1, 2, 0, 4, 3]}, null, null, 57, false, [], false, 0, [], null, 0, 1744329854.7172098, 0, {}]
[{"0": [5, 2, 1, 44, 41, 35, 33, 28, 28, 31, 26, 34, 32, 18, 33, 1, 0]}, null, null, 58, false, [], false, 0, [], null, 0, 1744329854.9314303, 0, {}]
[{"0": [5, 3, 0, 0, 1, 1, 31, 34, 36, 35, 30, 24, 16, 34, 28, 32, 3]}, null, null, 58, false, [], false, 0, [], null, 0, 1744329855.1305878, 0, {}]
[{"0": [4, 1, 4, 1, 1, 1, 2, 1, 0, 4, 29, 23, 35, 32, 3, 0, 0]}, null, null, 59, false, [], false, 0, [], null, 0, 1744329855.3560038, 0, {}]
[{"0": [1, 0, 4, 3, 1, 2, 1, 1, 1, 0, 3, 5, 2, 2, 0, 3, 35]}, null, null, 60, false, [], false, 0, [], null, 0, 1744329855.5702794, 0, {}]
[{"0": [3, 1, 0, 2, 2, 29, 32, 0, 2, 2, 4, 0, 3, 1, 3, 1, 5]}, null, null, 60, false, [], false, 0, [], null, 0, 1744329855.7902586, 0, {}]
[{"0": [5, 5, 2, 0, 1, 2, 2, 2, 2, 0, 3, 29, 29, 32, 33, 31, 1]}, null, null, 61, false, [], false, 0, [], null, 0, 1744329855.9951735, 0, {}]
[{"0": [0, 3, 30, 3, 2, 1, 1, 2, 1, 7, 0, 4, 0, 8, 1, 3, 3]}, null, null, 61, false, [], false, 0, [], null, 0, 1744329856.2156658, 0, {}]
[{"0": [4, 1, 2, 1, 3, 4, 31, 31, 31, 28, 32, 27, 17, 32, 28, 29, 30]}, null, null, 62, false, [], false, 0, [], null, 0, 1744329856.4314697, 0, {}]
[{"0": [3, 0, 3, 2, 4, 2, 3, 3, 4, 1, 1, 2, 3, 0, 3, 39, 29]}, null, null, 63, false, [], false, 0, [], null, 0, 1744329856.647602, 0, {}]
[{"0": [3, 4, 3, 1, 3, 3, 5, 2, 1, 1, 1, 23, 32, 26, 27, 28, 32]}, null, null, 63, false, [], false, 0, [], null, 0, 1744329856.880828, 0, {}]
[{"0": [2, 3, 2, 0, 1, 1, 2, 1, 1, 1, 2, 1, 2, 1, 35, 3, 1]}, null, null, 64, false, [], false, 0, [], null, 0, 1744329857.0829248, 0, {}]
[{"0": [0, 0, 30, 29, 2, 4, 1, 1, 1, 2, 0, 1, 1, 0, 1, 2, 0]}, null, null, 64, false, [], false, 0, [], null, 0, 1744329857.313355, 0, {}]
[{"0": [1, 1, 1, 0, 4, 2, 5, 32, 4, 3, 2, 1, 1, 1, 2, 3, 1]}, null, null, 65, false, [], false, 0, [], null, 0, 1744329857.5069742, 0, {}]
[{"0": [3, 1, 1, 1, 3, 1, 2, 6, 0, 0, 0, 3, 1, 5, 1, 1, 33]}, null, null, 66, false, [], false, 0, [], null, 0, 1744329857.729072, 0, {}]
[{"0": [1, 1, 2, 1, 1, 2, 2, 0, 1, 37, 34, 37, 4, 3, 3, 3, 2]}, null, null, 66, false, [], false, 0, [], null, 0, 1744329857.9473445, 0, {}]
[{"0": [3, 4, 4, 3, 1, 1, 3, 3, 2, 1, 2, 35, 25, 35, 31, 26, 1]}, null, null, 67, false, [], false, 0, [], null, 0, 1744329858.1654909, 0, {}]
[{"0": [2, 1, 2, 1, 0, 1, 1, 0, 36, 22, 1, 2, 5, 0, 0, 0, 0]}, null, null, 67, false, [], false, 0, [], null, 0, 1744329858.3875766, 0, {}]
[{"0": [1, 3, 1, 0, 1, 4, 6, 1, 30, 29, 34, 26, 2, 0, 0, 3, 1]}, null, null, 68, false, [], false, 0, [], null, 0, 1744329858.6008153, 0, {}]
[{"0": [2, 4, 3, 4, 1, 1, 3, 1, 0, 2, 4, 3, 1, 1, 4, 1, 0]}, null, null, 69, false, [], false, 0, [], null, 0, 1744329858.8253531, 0, {}]
[{"0": [2, 2, 2, 3, 41, 3, 3, 1, 2, 0, 1, 3, 3, 0, 1, 0, 5]}, null, null, 69, false, [], false, 0, [], null, 0, 1744329859.0298905, 0, {}]
[{"0": [3, 0, 4, 4, 0, 0, 34, 24, 34, 33, 46, 27, 35, 32, 29, 30, 26]}, null, null, 70, false, [], false, 0, [], null, 0, 1744329859.2664778, 0, {}]
[{"0": [44, 3, 4, 2, 0, 3, 2, 0, 2, 1, 6, 3, 0, 1, 1, 1, 1]}, null, null, 70, false, [], false, 0, [], null, 0, 1744329859.4609923, 0, {}]
[{"0": [0, 3, 0, 31, 1, 3, 2, 2, 2, 4, 2, 1, 3, 1, 1, 0, 0]}, null, null, 71, false, [], false, 0, [], null, 0, 1744329859.6843295, 0, {}]
[{"0": [0, 1, 1, 1, 0, 4, 27, 38, 32, 31, 2, 3, 5, 2, 5, 0, 2]}, null, null, 72, false, [], false, 0, [], null, 0, 1744329859.8965967, 0, {}]
[{"0": [1, 1, 0, 3, 0, 1, 2, 3, 0, 2, 0, 37, 1, 2, 0, 1, 3]}, null, null, 72, false, [], false, 0, [], null, 0, 1744329860.1112323, 0, {}]
[{"0": [0, 7, 2, 0, 0, 3, 23, 38, 4, 2, 2, 0, 4, 2, 2, 2, 2]}, null, null, 73, false, [], false, 0, [], null, 0, 1744329860.3476055, 0, {}]
[{"0": [2, 3, 2, 2, 1, 5, 35, 4, 0, 3, 1, 2, 3, 5, 0, 1, 1]}, null, null, 73, false, [], false, 0, [], null, 0, 1744329860.5479853, 0, {}]
[{"0": [0, 0, 0, 5, 1, 1, 1, 3, 2, 3, 1, 26, 33, 43, 26, 27, 32]}, null, null, 74, false, [], false, 0, [], null, 0, 1744329860.7633245, 0, {}]
[{"0": [3, 3, 0, 30, 34, 26, 28, 27, 33, 2, 2, 0, 1, 3, 2, 2, 1]}, null, null, 75, false, [], false, 0, [], null, 0, 1744329860.9790726, 0, {}]
[{"0": [1, 0, 5, 3, 32, 42, 0, 1, 0, 6, 1, 2, 1, 2, 0, 1, 1]}, null, null, 75, false, [], false, 0, [], null, 0, 1744329861.1986082, 0, {}]
[{"0": [0, 3, 1, 2, 0, 3, 1, 1, 3, 1, 1, 0, 30, 23, 24, 1, 1]}, null, null, 76, false, [], false, 0, [], null, 0, 1744329861.412135, 0, {}]
[{"0": [3, 2, 2, 1, 33, 31, 35, 39, 30, 28, 25, 27, 3, 0, 1, 2, 0]}, null, null, 77, false, [], false, 0, [], null, 0, 1744329861.6388607, 0, {}]
[{"0": [1, 2, 4, 0, 1, 2, 2, 2, 3, 22, 33, 28, 36, 21, 23, 35, 32]}, null, null, 77, false, [], false, 0, [], null, 0, 1744329861.8557847, 0, {}]
[{"0": [33, 33, 30, 1, 3, 2, 2, 4, 3, 3, 3, 2, 1, 1, 1, 1, 1]}, null, null, 78, false, [], false, 0, [], null, 0, 1744329862.0670166, 0, {}]
[{"0": [1, 3, 3, 1, 0, 1, 38, 1, 4, 1, 4, 2, 1, 2, 1, 3, 0]}, null, null, 78, false, [], false, 0, [], null, 0, 1744329862.287791, 0, {}]
[{"0": [1, 1, 0, 2, 3, 2, 1, 29, 24, 26, 34, 33, 28, 0, 5, 0, 2]}, null, null, 79, false, [], false, 0, [], null, 0, 1744329862.5062342, 0, {}]
[{"0": [2, 0, 3, 1, 3, 1, 0, 2, 0, 1, 0, 1, 1, 0, 1, 0, 36]}, null, null, 80, false, [], false, 0, [], null, 0, 1744329862.7315857, 0, {}]
[{"0": [1, 1, 2, 1, 4, 0, 1, 1, 3, 1, 1, 1, 3, 0, 33, 27, 2]}, null, null, 80, false, [], false, 0, [], null, 0, 1744329862.932815, 0, {}]
[{"0": [2, 1, 3, 3, 1, 2, 3, 0, 0, 0, 0, 31, 32, 31, 24, 30, 24]}, null, null, 81, false, [], false, 0, [], null, 0, 1744329863.1496913, 0, {}]
[{"0": [2, 1, 1, 2, 4, 1, 1, 1, 2, 31, 2, 2, 3, 2, 0, 3, 0]}, null, null, 81, false, [], false, 0, [], null, 0, 1744329863.3813188, 0, {}]
[{"0": [29, 38, 1, 2, 2, 1, 2, 0, 2, 1, 3, 2, 0, 1, 2, 2, 1]}, null, null, 82, false, [], false, 0, [], null, 0, 1744329863.5798573, 0, {}]
[{"0": [1, 4, 2, 0, 4, 6, 3, 3, 1, 29, 26, 2, 0, 1, 2, 2, 0]}, null, null, 83, false, [], false, 0, [], null, 0, 1744329863.815827, 0, {}]
[{"0": [34, 33, 33, 33, 26, 25, 36, 34, 30, 29, 27, 3, 2, 1, 5, 1, 1]}, null, null, 83, false, [], false, 0, [], null, 0, 1744329864.0337858, 0, {}]
[{"0": [0, 0, 2, 1, 2, 2, 4, 1, 0, 2, 1, 36, 24, 31, 20, 0, 0]}, null, null, 84, false, [], false, 0, [], null, 0, 1744329864.2453227, 0, {}]
[{"0": [2, 4, 1, 1, 3, 0, 26, 1, 1, 1, 1, 8, 1, 0, 2, 3, 1]}, null, null, 84, false, [], false, 0, [], null, 0, 1744329864.4544992, 0, {}]
[{"0": [2, 1, 0, 4, 1, 0, 29, 2, 4, 2, 5, 0, 1, 3, 1, 2, 2]}, null, null, 85, false, [], false, 0, [], null, 0, 1744329864.6645317, 0, {}]
[{"0": [2, 1, 3, 3, 1, 1, 1, 1, 4, 1, 1, 1, 3, 19, 30, 37, 25]}, null, null, 86, false, [], false, 0, [], null, 0, 1744329864.8916771, 0, {}]
[{"0": [1, 8, 4, 0, 1, 1, 1, 2, 1, 2, 0, 24, 36, 23, 26, 1, 3]}, null, null, 86, false, [], false, 0, [], null, 0, 1744329865.1149302, 0, {}]
[{"0": [1, 2, 2, 1, 1, 26, 28, 22, 24, 1, 3, 2, 0, 0, 0, 1, 8]}, null, null, 87, false, [], false, 0, [], null, 0, 1744329865.328563, 0, {}]
[{"0": [3, 3, 2, 1, 5, 28, 24, 40, 22, 27, 21, 2, 2, 1, 2, 1, 3]}, null, null, 87, false, [], false, 0, [], null, 0, 1744329865.5389476, 0, {}]
[{"0": [5, 4, 1, 1, 3, 1, 0, 1, 28, 28, 36, 31, 27, 0, 0, 1, 2]}, null, null, 88, false, [], false, 0, [], null, 0, 1744329865.7573166, 0, {}]
[{"0": [4, 2, 1, 2, 5, 3, 3, 3, 1, 3, 1, 1, 1, 1, 1, 2, 32]}, null, null, 89, false, [], false, 0, [], null, 0, 1744329865.9721277, 0, {}]
[{"0": [3, 2, 3, 4, 3, 7, 2, 2, 1, 1, 27, 38, 1, 2, 1, 1, 2]}, null, null, 89, false, [], false, 0, [], null, 0, 1744329866.188118, 0, {}]
[{"0": [0, 1, 7, 1, 2, 2, 4, 1, 1, 3, 0, 2, 22, 28, 25, 41, 26]}, null, null, 90, false, [], false, 0, [], null, 0, 1744329866.3979533, 0, {}]
[{"0": [3, 1, 1, 1, 2, 2, 2, 2, 2, 1, 2, 2, 3, 1, 0, 0, 36]}, null, null, 90, false, [], false, 0, [], null, 0, 1744329866.6259413, 0, {}]
[{"0": [3, 0, 3, 0, 2, 4, 0, 0, 0, 4, 0, 36, 37, 40, 34, 31, 27]}, null, null, 91, false, [], false, 0, [], null, 0, 1744329866.8399477, 0, {}]
[{"0": [1, 1, 0, 2, 2, 1, 0, 1, 25, 36, 1, 3, 3, 1, 4, 3, 1]}, null, null, 92, false, [], false, 0, [], null, 0, 1744329867.0639012, 0, {}]
[{"0": [1, 2, 1, 1, 0, 2, 4, 0, 0, 1, 3, 0, 2, 0, 1, 2, 25]}, null, null, 92, false, [], false, 0, [], null, 0, 1744329867.2815533, 0, {}]
[{"0": [1, 3, 1, 2, 2, 1, 2, 2, 2, 1, 1, 1, 2, 3, 1, 1, 27]}, null, null, 93, false, [], false, 0, [], null, 0, 1744329867.4785483, 0, {}]
[{"0": [1, 2, 0, 1, 0, 2, 3, 2, 3, 0, 2, 1, 2, 28, 1, 0, 1]}, null, null, 93, false, [], false, 0, [], null, 0, 1744329867.7036157, 0, {}]
[{"0": [1, 4, 1, 3, 3, 4, 1, 1, 3, 0, 2, 1, 4, 1, 3, 1, 34]}, null, null, 94, false, [], false, 0, [], null, 0, 1744329867.9285016, 0, {}]
[{"0": [2, 3, 3, 1, 3, 0, 2, 2, 26, 32, 40, 43, 34, 21, 32, 23, 24]}, null, null, 95, false, [], false, 0, [], null, 0, 1744329868.1394782, 0, {}]
[{"0": [2, 2, 0, 3, 3, 0, 2, 3, 1, 0, 1, 1, 1, 24, 38, 28, 17]}, null, null, 95, false, [], false, 0, [], null, 0, 1744329868.3527806, 0, {}]
[{"0": [2, 3, 5, 4, 1, 0, 28, 31, 37, 3, 1, 1, 2, 1, 2, 4, 1]}, null, null, 96, false, [], false, 0, [], null, 0, 1744329868.5644088, 0, {}]
[{"0": [4, 1, 3, 3, 2, 0, 35, 35, 25, 3, 2, 3, 2, 2, 4, 3, 3]}, null, null, 96, false, [], false, 0, [], null, 0, 1744329868.7915888, 0, {}]
[{"0": [1, 2, 32, 31, 1, 2, 1, 2, 2, 2, 3, 2, 2, 1, 1, 1, 4]}, null, null, 97, false, [], false, 0, [], null, 0, 1744329868.9958417, 0, {}]
[{"0": [1, 0, 0, 3, 2, 0, 3, 32, 31, 28, 0, 1, 2, 3, 0, 2, 1]}, null, null, 98, false, [], false, 0, [], null, 0, 1744329869.2320259, 0, {}]
[{"0": [1, 1, 0, 32, 22, 31, 33, 23, 29, 47, 2, 3, 2, 0, 2, 1, 0]}, null, null, 98, false, [], false, 0, [], null, 0, 1744329869.4339037, 0, {}]
[{"0": [1, 4, 3, 3, 1, 0, 1, 1, 1, 2, 3, 3, 3, 14, 27, 18, 30]}, null, null, 99, false, [], false, 0, [], null, 0, 1744329869.665775, 0, {}]
[{"0": [1, 3, 1, 1, 2, 2, 4, 1, 2, 4, 4, 0, 3, 1, 33, 41, 34]}, null, null, 99, false, [], false, 0, [], null, 0, 1744329869.8669636, 0, {}]
[{"0": [1, 2, 1, 0, 2, 1, 3, 2, 3, 1, 27, 30, 30, 36, 40, 27, 43]}, null, null, 100, false, [], false, 0, [], null, 0, 1744329870.0880647, 0, {}]
[{"0": [1, 3, 1, 2, 0, 28, 27, 27, 35, 26, 25, 23, 31, 35, 31, 36, 32]}, null, null, 101, false, [], false, 0, [], null, 0, 1744329870.3036063, 0, {}]
[{"0": [2, 1, 2, 2, 1, 2, 0, 33, 28, 25, 2, 2, 1, 1, 1, 0, 1]}, null, null, 101, false, [], false, 0, [], null, 0, 1744329870.5320945, 0, {}]
[{"0": [0, 0, 3, 3, 5, 0, 23, 32, 1, 2, 3, 1, 2, 2, 2, 2, 1]}, null, null, 102, false, [], false, 0, [], null, 0, 1744329870.7352498, 0, {}]
[{"0": [2, 0, 2, 2, 1, 0, 2, 3, 1, 0, 1, 5, 2, 1, 1, 34, 25]}, null, null, 102, false, [], false, 0, [], null, 0, 1744329870.9556339, 0, {}]
[{"0": [2, 4, 1, 3, 1, 4, 1, 33, 28, 26, 28, 2, 1, 0, 0, 1, 2]}, null, null, 103, false, [], false, 0, [], null, 0, 1744329871.173098, 0, {}]
[{"0": [5, 2, 2, 0, 0, 4, 1, 1, 2, 0, 2, 4, 2, 0, 28, 22, 0]}, null, null, 104, false, [], false, 0, [], null, 0, 1744329871.3873074, 0, {}]
[{"0": [2, 0, 2, 2, 0, 0, 4, 1, 5, 2, 2, 3, 3, 2, 1, 1, 1]}, null, null, 104, false, [], false, 0, [], null, 0, 1744329871.599962, 0, {}]
[{"0": [1, 1, 2, 2, 3, 0, 1, 5, 2, 2, 35, 2, 3, 4, 2, 4, 2]}, null, null, 105, false, [], false, 0, [], null, 0, 1744329871.82888, 0, {}]
[{"0": [2, 2, 1, 3, 2, 1, 1, 1, 2, 1, 3, 2, 2, 0, 37, 2, 1]}, null, null, 105, false, [], false, 0, [], null, 0, 1744329872.044232, 0, {}]
[{"0": [2, 0, 3, 3, 27, 2, 1, 3, 2, 2, 1, 2, 2, 1, 2, 5, 3]}, null, null, 106, false, [], false, 0, [], null, 0, 1744329872.2596714, 0, {}]
[{"0": [39, 30, 34, 20, 0, 0, 3, 0, 2, 1, 3, 2, 2, 2, 2, 3, 3]}, null, null, 107, false, [], false, 0, [], null, 0, 1744329872.4713392, 0, {}]
[{"0": [3, 1, 1, 40, 3, 2, 2, 2, 2, 2, 4, 0, 4, 0, 0, 0, 3]}, null, null, 107, false, [], false, 0, [], null, 0, 1744329872.6851628, 0, {}]
[{"0": [0, 2, 2, 0, 5, 1, 2, 2, 30, 1, 1, 2, 1, 1, 1, 4, 1]}, null, null, 108, false, [], false, 0, [], null, 0, 1744329872.9168835, 0, {}]
[{"0": [36, 29, 35, 23, 26, 36, 2, 0, 1, 4, 1, 2, 2, 0, 3, 1, 2]}, null, null, 108, false, [], false, 0, [], null, 0, 1744329873.1346066, 0, {}]
[{"0": [1, 3, 1, 1, 2, 1, 2, 1, 0, 1, 28, 35, 27, 24, 32, 26, 32]}, null, null, 109, false, [], false, 0, [], null, 0, 1744329873.3300662, 0, {}]
[{"0": [0, 2, 0, 2, 0, 2, 4, 0, 2, 3, 5, 2, 33, 23, 24, 32, 31]}, null, null, 110, false, [], false, 0, [], null, 0, 1744329873.5677, 0, {}]
[{"0": [5, 0, 1, 0, 35, 23, 41, 31, 22, 24, 42, 28, 3, 2, 1, 2, 1]}, null, null, 110, false, [], false, 0, [], null, 0, 1744329873.7664132, 0, {}]
[{"0": [23, 33, 32, 25, 0, 0, 1, 5, 2, 3, 4, 1, 0, 2, 2, 0, 1]}, null, null, 111, false, [], false, 0, [], null, 0, 1744329873.9924471, 0, {}]
[{"0": [0, 0, 44, 22, 25, 39, 42, 31, 33, 1, 2, 1, 1, 4, 0, 1, 0]}, null, null, 111, false, [], false, 0, [], null, 0, 1744329874.2165604, 0, {}]
[{"0": [2, 1, 1, 3, 0, 6, 1, 34, 22, 25, 32, 2, 3, 1, 1, 3, 3]}, null, null, 112, false, [], false, 0, [], null, 0, 1744329874.4326026, 0, {}]
[{"0": [2, 3, 5, 1, 1, 1, 5, 27, 2, 3, 0, 7, 3, 2, 0, 3, 0]}, null, null, 113, false, [], false, 0, [], null, 0, 1744329874.643051, 0, {}]
[{"0": [0, 4, 2, 35, 31, 34, 34, 28, 26, 25, 20, 2, 0, 1, 0, 1, 2]}, null, null, 113, false, [], false, 0, [], null, 0, 1744329874.8672302, 0, {}]
[{"0": [3, 1, 3, 2, 1, 1, 3, 0, 2, 0, 1, 2, 1, 0, 43, 31, 36]}, null, null, 114, false, [], false, 0, [], null, 0, 1744329875.083638, 0, {}]
[{"0": [2, 2, 2, 28, 30, 2, 1, 1, 1, 1, 1, 3, 4, 4, 2, 3, 1]}, null, null, 114, false, [], false, 0, [], null, 0, 1744329875.2894673, 0, {}]
[{"0": [1, 1, 0, 1, 4, 0, 2, 2, 1, 1, 0, 2, 1, 1, 2, 2, 30]}, null, null, 115, false, [], false, 0, [], null, 0, 1744329875.5123687, 0, {}]
[{"0": [2, 4, 1, 0, 5, 3, 2, 3, 2, 4, 32, 34, 1, 4, 1, 1, 2]}, null, null, 116, false, [], false, 0, [], null, 0, 1744329875.7318945, 0, {}]
[{"0": [6, 4, 1, 2, 4, 0, 1, 1, 2, 2, 1, 1, 27, 29, 3, 1, 2]}, null, null, 116, false, [], false, 0, [], null, 0, 1744329875.9369836, 0, {}]
[{"0": [1, 5, 2, 1, 5, 0, 1, 0, 2, 4, 2, 1, 32, 26, 27, 6, 2]}, null, null, 117, false, [], false, 0, [], null, 0, 1744329876.1573586, 0, {}]
[{"0": [4, 1, 1, 2, 3, 1, 1, 2, 1, 24, 26, 1, 1, 0, 4, 3, 1]}, null, null, 117, false, [], false, 0, [], null, 0, 1744329876.3730557, 0, {}]
[{"0": [2, 0, 0, 4, 0, 29, 3, 3, 2, 3, 2, 0, 0, 0, 3, 0, 3]}, null, null, 118, false, [], false, 0, [], null, 0, 1744329876.59355, 0, {}]
[{"0": [0, 2, 3, 1, 2, 3, 3, 2, 0, 1, 3, 31, 30, 0, 1, 0, 2]}, null, null, 119, false, [], false, 0, [], null, 0, 1744329876.8003678, 0, {}]
[{"0": [1, 1, 1, 4, 2, 1, 34, 34, 16, 6, 2, 0, 2, 1, 1, 1, 5]}, null, null, 119, false, [], false, 0, [], null, 0, 1744329877.028874, 0, {}]
[{"0": [2, 2, 2, 0, 0, 19, 26, 26, 29, 0, 0, 3, 3, 1, 0, 2, 3]}, null, null, 120, false, [], false, 0, [], null, 0, 1744329877.248178, 0, {}]
[{"0": [7, 3, 0, 1, 1, 0, 1, 4, 2, 1, 2, 0, 2, 4, 0, 0, 3]}, null, null, 120, false, [], false, 0, [], null, 0, 1744329877.448446, 0, {}]
[{"0": [2, 6, 1, 0, 0, 3, 32, 28, 28, 42, 1, 1, 2, 3, 3, 4, 2]}, null, null, 121, false, [], false, 0, [], null, 0, 1744329877.6760557, 0, {}]
[{"0": [44, 33, 3, 2, 1, 6, 3, 1, 3, 4, 3, 1, 3, 1, 1, 1, 2]}, null, null, 122, false, [], false, 0, [], null, 0, 1744329877.8927147, 0, {}]
[{"0": [3, 2, 1, 2, 0, 1, 0, 2, 2, 3, 1, 33, 29, 25, 26, 33, 2]}, null, null, 122, false, [], false, 0, [], null, 0, 1744329878.1119435, 0, {}]
[{"0": [4, 0, 0, 2, 1, 0, 0, 41, 27, 30, 29, 1, 2, 1, 1, 2, 0]}, null, null, 123, false, [], false, 0, [], null, 0, 1744329878.3277357, 0, {}]
[{"0": [18, 38, 22, 4, 4, 2, 1, 0, 2, 2, 3, 1, 2, 0, 1, 2, 2]}, null, null, 123, false, [], false, 0, [], null, 0, 1744329878.540231, 0, {}]
[{"0": [4, 0, 1, 3, 2, 2, 3, 2, 3, 3, 30, 2, 3, 2, 1, 2, 1]}, null, null, 124, false, [], false, 0, [], null, 0, 1744329878.7552397, 0, {}]
[{"0": [3, 2, 4, 2, 1, 3, 2, 3, 3, 3, 1, 0, 28, 30, 29, 4, 0]}, null, null, 125, false, [], false, 0, [], null, 0, 1744329878.9730837, 0, {}]
[{"0": [2, 0, 1, 3, 1, 3, 3, 2, 1, 1, 0, 1, 1, 1, 1, 1, 30]}, null, null, 125, false, [], false, 0, [], null, 0, 1744329879.1906462, 0, {}]
[{"0": [1, 0, 0, 4, 3, 4, 0, 0, 0, 0, 1, 1, 1, 0, 25, 29, 36]}, null, null, 126, false, [], false, 0, [], null, 0, 1744329879.4072251, 0, {}]
[{"0": [1, 1, 0, 1, 2, 1, 41, 26, 2, 1, 1, 2, 0, 1, 2, 3, 2]}, null, null, 127, false, [], false, 0, [], null, 0, 1744329879.630516, 0, {}]
[{"0": [0, 3, 2, 1, 3, 2, 2, 0, 3, 0, 3, 4, 1, 2, 0, 1, 3]}, null, null, 127, false, [], false, 0, [], null, 0, 1744329879.840645, 0, {}]
[{"0": [6, 0, 2, 2, 1, 1, 2, 32, 30, 27, 4, 2, 2, 3, 1, 3, 0]}, null, null, 128, false, [], false, 0, [], null, 0, 1744329880.0569925, 0, {}]
[{"0": [3, 1, 2, 2, 3, 4, 32, 39, 28, 34, 3, 2, 4, 0, 1, 2, 5]}, null, null, 128, false, [], false, 0, [], null, 0, 1744329880.2734318, 0, {}]
[{"0": [1, 2, 3, 1, 1, 3, 1, 37, 39, 24, 21, 33, 30, 22, 33, 3, 1]}, null, null, 129, false, [], false, 0, [], null, 0, 1744329880.4882107, 0, {}]
[{"0": [0, 1, 0, 1, 3, 2, 0, 1, 2, 1, 1, 4, 3, 1, 36, 35, 38]}, null, null, 130, false, [], false, 0, [], null, 0, 1744329880.7095802, 0, {}]
[{"0": [0, 1, 0, 0, 2, 0, 2, 1, 1, 4, 2, 1, 3, 2, 30, 1, 0]}, null, null, 130, false, [], false, 0, [], null, 0, 1744329880.9257252, 0, {}]
[{"0": [3, 2, 0, 3, 2, 8, 0, 1, 0, 1, 1, 0, 2, 2, 39, 4, 2]}, null, null, 131, false, [], false, 0, [], null, 0, 1744329881.141957, 0, {}]
[{"0": [2, 1, 2, 0, 0, 2, 2, 2, 2, 0, 1, 30, 46, 4, 1, 0, 3]}, null, null, 131, false, [], false, 0, [], null, 0, 1744329881.3554847, 0, {}]
[{"0": [1, 1, 0, 4, 2, 2, 2, 0, 1, 0, 2, 2, 0, 31, 28, 24, 34]}, null, null, 132, false, [], false, 0, [], null, 0, 1744329881.5687175, 0, {}]
[{"0": [1, 3, 3, 2, 2, 2, 0, 1, 0, 2, 0, 2, 30, 1, 0, 2, 1]}, null, null, 133, false, [], false, 0, [], null, 0, 1744329881.8023322, 0, {}]
[{"0": [28, 31, 34, 32, 30, 31, 5, 1, 1, 1, 6, 3, 4, 1, 3, 0, 1]}, null, null, 133, false, [], false, 0, [], null, 0, 1744329882.0103924, 0, {}]
[{"0": [0, 2, 2, 2, 1, 1, 3, 0, 24, 30, 30, 32, 19, 34, 39, 28, 42]}, null, null, 134, false, [], false, 0, [], null, 0, 1744329882.2265632, 0, {}]
[{"0": [3, 1, 1, 2, 2, 3, 5, 1, 2, 0, 2, 4, 1, 2, 4, 2, 3]}, null, null, 134, false, [], false, 0, [], null, 0, 1744329882.450391, 0, {}]
[{"0": [1, 3, 2, 1, 1, 1, 0, 2, 2, 2, 0, 0, 34, 32, 35, 30, 1]}, null, null, 135, false, [], false, 0, [], null, 0, 1744329882.6525326, 0, {}]
[{"0": [4, 2, 2, 2, 37, 33, 32, 1, 1, 2, 0, 1, 2, 1, 1, 2, 4]}, null, null, 136, false, [], false, 0, [], null, 0, 1744329882.8819482, 0, {}]
[{"0": [0, 2, 5, 4, 2, 1, 1, 1, 0, 1, 2, 2, 30, 26, 27, 28, 0]}, null, null, 136, false, [], false, 0, [], null, 0, 1744329883.0981526, 0, {}]
[{"0": [2, 1, 1, 3, 2, 3, 0, 0, 1, 1, 1, 3, 1, 3, 26, 23, 22]}, null, null, 137, false, [], false, 0, [], null, 0, 1744329883.307419, 0, {}]
[{"0": [2, 2, 3, 2, 4, 3, 2, 1, 2, 32, 34, 34, 32, 39, 37, 25, 0]}, null, null, 137, false, [], false, 0, [], null, 0, 1744329883.5303214, 0, {}]
[{"0": [2, 2, 4, 2, 3, 2, 1, 1, 2, 0, 2, 1, 1, 1, 34, 31, 28]}, null, null, 138, false, [], false, 0, [], null, 0, 1744329883.7509875, 0, {}]
[{"0": [0, 1, 1, 1, 2, 0, 4, 2, 5, 1, 3, 2, 4, 2, 1, 4, 33]}, null, null, 139, false, [], false, 0, [], null, 0, 1744329883.9512246, 0, {}]
[{"0": [2, 1, 3, 1, 1, 1, 2, 25, 35, 32, 39, 31, 1, 1, 2, 3, 3]}, null, null, 139, false, [], false, 0, [], null, 0, 1744329884.1742215, 0, {}]
[{"0": [0, 2, 2, 4, 0, 0, 1, 2, 1, 3, 1, 2, 30, 28, 29, 39, 29]}, null, null, 140, false, [], false, 0, [], null, 0, 1744329884.3883631, 0, {}]
[{"0": [2, 1, 3, 0, 3, 3, 3, 1, 1, 2, 0, 3, 4, 2, 2, 4, 4]}, null, null, 140, false, [], false, 0, [], null, 0, 1744329884.6073887, 0, {}]
[{"0": [5, 2, 2, 5, 3, 0, 4, 2, 1, 0, 27, 32, 28, 29, 28, 27, 20]}, null, null, 141, false, [], false, 0, [], null, 0, 1744329884.8241065, 0, {}]
[{"0": [1, 0, 2, 3, 1, 4, 0, 0, 2, 1, 1, 2, 0, 1, 2, 1, 28]}, null, null, 142, false, [], false, 0, [], null, 0, 1744329885.0407145, 0, {}]
[{"0": [1, 0, 2, 1, 1, 1, 2, 3, 2, 1, 0, 24, 23, 27, 23, 22, 30]}, null, null, 142, false, [], false, 0, [], null, 0, 1744329885.25277, 0, {}]
[{"0": [3, 1, 1, 1, 2, 1, 3, 3, 1, 2, 2, 4, 1, 0, 36, 1, 2]}, null, null, 143, false, [], false, 0, [], null, 0, 1744329885.4670522, 0, {}]
[{"0": [2, 3, 1, 1, 1, 0, 3, 0, 2, 21, 29, 49, 36, 3, 4, 2, 1]}, null, null, 143, false, [], false, 0, [], null, 0, 1744329885.683261, 0, {}]
[{"0": [2, 1, 2, 2, 3, 3, 2, 5, 4, 2, 1, 4, 2, 1, 1, 5, 45]}, null, null, 144, false, [], false, 0, [], null, 0, 1744329885.9198413, 0, {}]
[{"0": [22, 25, 36, 30, 30, 34, 2, 0, 2, 1, 1, 2, 4, 2, 1, 0, 2]}, null, null, 145, false, [], false, 0, [], null, 0, 1744329886.1365125, 0, {}]
[{"0": [0, 4, 3, 2, 1, 4, 2, 1, 2, 1, 1, 1, 2, 0, 2, 3, 1]}, null, null, 145, false, [], false, 0, [], null, 0, 1744329886.3393369, 0, {}]
[{"0": [1, 1, 3, 0, 2, 4, 2, 2, 0, 0, 3, 2, 0, 2, 32, 32, 27]}, null, null, 146, false, [], false, 0, [], null, 0, 1744329886.5501688, 0, {}]
[{"0": [2, 0, 0, 1, 2, 6, 2, 1, 2, 3, 1, 1, 6, 1, 1, 3, 31]}, null, null, 146, false, [], false, 0, [], null, 0, 1744329886.7786293, 0, {}]
[{"0": [1, 0, 2, 1, 3, 4, 3, 2, 0, 1, 1, 0, 6, 3, 1, 1, 30]}, null, null, 147, false, [], false, 0, [], null, 0, 1744329886.9921193, 0, {}]
[{"0": [2, 3, 1, 0, 4, 2, 3, 1, 1, 33, 34, 35, 29, 32, 25, 33, 24]}, null, null, 148, false, [], false, 0, [], null, 0, 1744329887.2005243, 0, {}]
[{"0": [1, 3, 1, 4, 1, 2, 3, 2, 1, 0, 3, 0, 4, 2, 27, 27, 0]}, null, null, 148, false, [], false, 0, [], null, 0, 1744329887.4276447, 0, {}]
[{"0": [2, 1, 2, 1, 1, 0, 1, 1, 3, 28, 33, 30, 34, 28, 37, 31, 40]}, null, null, 149, false, [], false, 0, [], null, 0, 1744329887.6408372, 0, {}]
[{"0": [3, 6, 2, 2, 0, 1, 2, 0, 3, 1, 3, 0, 2, 3, 3, 4, 0]}, null, null, 149, false, [], false, 0, [], null, 0, 1744329887.8589742, 0, {}]
[{"0": [2, 2, 2, 1, 1, 3, 2, 2, 2, 2, 43, 0, 0, 1, 0, 1, 3]}, null, null, 150, true, [], false, 0, [], null, 0, 1744329888.0729074, 0, {}]
