[{"0": [2, 3, 3, 4, 1, 5, 0, 3, 2, 0, 46, 33, 3, 1, 1, 5, 0]}, null, null, 0, false, [], false, 0, [], null, 0, 1744380900.9603481, 0, {}]
[{"0": [0, 1, 1, 2, 2, 2, 1, 32, 3, 2, 2, 1, 1, 1, 5, 6, 7]}, null, null, 1, false, [], false, 0, [], null, 0, 1744380901.2028732, 0, {}]
[{"0": [4, 1, 1, 1, 2, 2, 5, 1, 3, 3, 2, 22, 35, 32, 2, 2, 4]}, null, null, 1, false, [], false, 0, [], null, 0, 1744380901.4209938, 0, {}]
[{"0": [1, 2, 0, 1, 5, 4, 1, 2, 2, 3, 2, 5, 0, 3, 4, 1, 26]}, null, null, 2, false, [], false, 0, [], null, 0, 1744380901.6410825, 0, {}]
[{"0": [1, 0, 4, 1, 1, 31, 37, 36, 41, 32, 30, 28, 26, 36, 27, 36, 37]}, null, null, 2, false, [], false, 0, [], null, 0, 1744380901.8486698, 0, {}]
[{"0": [2, 2, 2, 27, 34, 30, 33, 31, 28, 28, 34, 39, 31, 38, 38, 25, 42]}, null, null, 3, false, [], false, 0, [], null, 0, 1744380902.0702977, 0, {}]
[{"0": [38, 34, 34, 35, 36, 1, 0, 4, 2, 1, 0, 4, 2, 0, 2, 1, 3]}, null, null, 4, false, [], false, 0, [], null, 0, 1744380902.2891805, 0, {}]
[{"0": [2, 2, 0, 3, 0, 2, 2, 2, 8, 4, 1, 0, 0, 2, 3, 1, 41]}, null, null, 4, false, [], false, 0, [], null, 0, 1744380902.503036, 0, {}]
[{"0": [2, 4, 3, 1, 2, 2, 2, 38, 23, 34, 28, 39, 34, 48, 38, 35, 28]}, null, null, 5, false, [], false, 0, [], null, 0, 1744380902.7149599, 0, {}]
[{"0": [1, 2, 1, 1, 5, 30, 0, 3, 2, 2, 1, 1, 2, 1, 2, 2, 0]}, null, null, 5, false, [], false, 0, [], null, 0, 1744380902.9430683, 0, {}]
[{"0": [0, 1, 2, 30, 2, 1, 3, 1, 3, 0, 2, 4, 2, 1, 3, 0, 0]}, null, null, 6, false, [], false, 0, [], null, 0, 1744380903.151428, 0, {}]
[{"0": [1, 3, 3, 1, 3, 2, 31, 32, 30, 6, 3, 2, 1, 2, 1, 2, 2]}, null, null, 7, false, [], false, 0, [], null, 0, 1744380903.3777602, 0, {}]
[{"0": [0, 1, 19, 30, 2, 3, 3, 2, 1, 1, 0, 2, 1, 1, 1, 2, 0]}, null, null, 7, false, [], false, 0, [], null, 0, 1744380903.5885086, 0, {}]
[{"0": [2, 1, 4, 6, 2, 1, 1, 3, 0, 1, 1, 1, 1, 26, 37, 38, 34]}, null, null, 8, false, [], false, 0, [], null, 0, 1744380903.80084, 0, {}]
[{"0": [3, 1, 0, 2, 28, 34, 1, 0, 2, 4, 0, 1, 2, 3, 3, 0, 2]}, null, null, 8, false, [], false, 0, [], null, 0, 1744380904.0212767, 0, {}]
[{"0": [1, 4, 1, 6, 1, 44, 37, 41, 28, 38, 2, 3, 1, 4, 2, 1, 3]}, null, null, 9, false, [], false, 0, [], null, 0, 1744380904.2241669, 0, {}]
[{"0": [3, 4, 2, 3, 4, 4, 2, 1, 1, 2, 0, 2, 19, 32, 29, 20, 29]}, null, null, 10, false, [], false, 0, [], null, 0, 1744380904.4617786, 0, {}]
[{"0": [1, 4, 3, 1, 2, 5, 0, 3, 1, 0, 1, 1, 4, 0, 1, 1, 2]}, null, null, 10, false, [], false, 0, [], null, 0, 1744380904.6539836, 0, {}]
[{"0": [2, 1, 1, 2, 3, 1, 4, 0, 1, 3, 3, 3, 3, 5, 1, 0, 28]}, null, null, 11, false, [], false, 0, [], null, 0, 1744380904.8834057, 0, {}]
[{"0": [1, 2, 1, 1, 32, 25, 28, 24, 27, 32, 30, 30, 1, 1, 2, 1, 2]}, null, null, 11, false, [], false, 0, [], null, 0, 1744380905.0982673, 0, {}]
[{"0": [2, 3, 3, 2, 2, 2, 1, 3, 1, 5, 33, 1, 8, 2, 3, 0, 2]}, null, null, 12, false, [], false, 0, [], null, 0, 1744380905.3114185, 0, {}]
[{"0": [0, 0, 3, 30, 32, 1, 2, 1, 1, 1, 1, 4, 1, 1, 2, 1, 2]}, null, null, 13, false, [], false, 0, [], null, 0, 1744380905.536831, 0, {}]
[{"0": [2, 1, 0, 0, 0, 1, 1, 1, 30, 2, 3, 1, 1, 0, 3, 1, 3]}, null, null, 13, false, [], false, 0, [], null, 0, 1744380905.7574794, 0, {}]
[{"0": [2, 3, 0, 36, 30, 29, 2, 2, 3, 4, 2, 1, 0, 1, 1, 1, 2]}, null, null, 14, false, [], false, 0, [], null, 0, 1744380905.9664848, 0, {}]
[{"0": [1, 29, 31, 24, 29, 31, 31, 37, 22, 24, 26, 30, 26, 29, 37, 27, 37]}, null, null, 14, false, [], false, 0, [], null, 0, 1744380906.184767, 0, {}]
[{"0": [4, 4, 2, 2, 2, 1, 2, 0, 1, 1, 3, 2, 2, 2, 2, 0, 2]}, null, null, 15, false, [], false, 0, [], null, 0, 1744380906.409468, 0, {}]
[{"0": [30, 37, 36, 22, 4, 0, 1, 1, 2, 2, 2, 1, 2, 3, 2, 3, 0]}, null, null, 16, false, [], false, 0, [], null, 0, 1744380906.6071937, 0, {}]
[{"0": [21, 3, 2, 2, 2, 3, 3, 2, 6, 3, 1, 2, 2, 1, 0, 2, 0]}, null, null, 16, false, [], false, 0, [], null, 0, 1744380906.8403175, 0, {}]
[{"0": [1, 2, 2, 1, 3, 0, 0, 1, 2, 3, 31, 31, 2, 4, 1, 2, 1]}, null, null, 17, false, [], false, 0, [], null, 0, 1744380907.0467727, 0, {}]
[{"0": [41, 42, 33, 23, 25, 26, 37, 2, 1, 1, 1, 2, 0, 3, 1, 2, 1]}, null, null, 17, false, [], false, 0, [], null, 0, 1744380907.263078, 0, {}]
[{"0": [0, 3, 3, 5, 2, 2, 1, 2, 4, 2, 0, 0, 1, 1, 2, 2, 1]}, null, null, 18, false, [], false, 0, [], null, 0, 1744380907.483239, 0, {}]
[{"0": [4, 0, 1, 3, 0, 4, 1, 2, 3, 1, 31, 37, 27, 0, 1, 4, 1]}, null, null, 19, false, [], false, 0, [], null, 0, 1744380907.7060213, 0, {}]
[{"0": [5, 2, 4, 1, 1, 1, 1, 2, 1, 2, 2, 2, 2, 34, 34, 2, 1]}, null, null, 19, false, [], false, 0, [], null, 0, 1744380907.9094641, 0, {}]
[{"0": [2, 2, 2, 2, 2, 2, 0, 2, 2, 0, 2, 1, 0, 3, 5, 4, 25]}, null, null, 20, false, [], false, 0, [], null, 0, 1744380908.144012, 0, {}]
[{"0": [2, 1, 4, 0, 1, 1, 2, 1, 2, 2, 2, 1, 6, 1, 4, 1, 33]}, null, null, 20, false, [], false, 0, [], null, 0, 1744380908.3566937, 0, {}]
[{"0": [2, 3, 1, 2, 2, 3, 1, 0, 1, 3, 1, 0, 26, 33, 27, 37, 2]}, null, null, 21, false, [], false, 0, [], null, 0, 1744380908.5639844, 0, {}]
[{"0": [2, 3, 1, 1, 5, 1, 1, 1, 2, 1, 2, 3, 3, 0, 3, 0, 30]}, null, null, 22, false, [], false, 0, [], null, 0, 1744380908.7796633, 0, {}]
[{"0": [0, 2, 0, 3, 1, 2, 3, 3, 28, 25, 30, 1, 5, 2, 0, 1, 2]}, null, null, 22, false, [], false, 0, [], null, 0, 1744380909.0058887, 0, {}]
[{"0": [0, 0, 3, 37, 32, 30, 30, 35, 35, 30, 22, 38, 34, 3, 0, 0, 3]}, null, null, 23, false, [], false, 0, [], null, 0, 1744380909.2172518, 0, {}]
[{"0": [1, 3, 1, 2, 0, 2, 3, 3, 2, 31, 24, 33, 34, 32, 33, 30, 40]}, null, null, 23, false, [], false, 0, [], null, 0, 1744380909.445188, 0, {}]
[{"0": [1, 0, 1, 4, 33, 0, 3, 0, 3, 5, 2, 3, 6, 3, 2, 3, 1]}, null, null, 24, false, [], false, 0, [], null, 0, 1744380909.6559258, 0, {}]
[{"0": [3, 2, 3, 1, 2, 2, 1, 43, 32, 24, 1, 0, 3, 5, 1, 2, 2]}, null, null, 25, false, [], false, 0, [], null, 0, 1744380909.8688364, 0, {}]
[{"0": [1, 1, 3, 0, 2, 0, 2, 2, 1, 2, 2, 1, 3, 1, 2, 1, 5]}, null, null, 25, false, [], false, 0, [], null, 0, 1744380910.0799038, 0, {}]
[{"0": [1, 2, 2, 40, 28, 5, 2, 1, 4, 2, 0, 3, 1, 2, 1, 0, 8]}, null, null, 26, false, [], false, 0, [], null, 0, 1744380910.287044, 0, {}]
[{"0": [34, 32, 34, 3, 2, 2, 2, 2, 1, 1, 1, 1, 2, 2, 1, 0, 1]}, null, null, 27, false, [], false, 0, [], null, 0, 1744380910.5321314, 0, {}]
[{"0": [1, 2, 6, 23, 2, 1, 0, 1, 1, 0, 2, 3, 2, 2, 2, 0, 2]}, null, null, 27, false, [], false, 0, [], null, 0, 1744380910.7441647, 0, {}]
[{"0": [1, 6, 2, 26, 30, 33, 3, 0, 1, 3, 4, 1, 2, 1, 1, 2, 0]}, null, null, 28, false, [], false, 0, [], null, 0, 1744380910.9368236, 0, {}]
[{"0": [0, 1, 4, 1, 1, 5, 1, 0, 3, 0, 3, 3, 30, 41, 32, 3, 1]}, null, null, 28, false, [], false, 0, [], null, 0, 1744380911.1596098, 0, {}]
[{"0": [3, 3, 1, 1, 2, 5, 3, 2, 1, 3, 2, 2, 3, 2, 3, 1, 28]}, null, null, 29, false, [], false, 0, [], null, 0, 1744380911.3816288, 0, {}]
[{"0": [2, 1, 2, 0, 2, 2, 1, 1, 33, 46, 3, 0, 3, 0, 2, 3, 1]}, null, null, 30, false, [], false, 0, [], null, 0, 1744380911.6004288, 0, {}]
[{"0": [4, 3, 3, 2, 1, 28, 36, 1, 2, 4, 2, 1, 1, 3, 2, 1, 1]}, null, null, 30, false, [], false, 0, [], null, 0, 1744380911.816538, 0, {}]
[{"0": [1, 3, 2, 2, 3, 3, 3, 3, 0, 1, 4, 2, 29, 35, 39, 36, 42]}, null, null, 31, false, [], false, 0, [], null, 0, 1744380912.0299344, 0, {}]
[{"0": [4, 1, 4, 3, 1, 0, 1, 3, 7, 2, 24, 37, 29, 1, 1, 1, 0]}, null, null, 31, false, [], false, 0, [], null, 0, 1744380912.2437124, 0, {}]
[{"0": [1, 2, 4, 3, 4, 2, 4, 37, 0, 1, 2, 3, 1, 3, 1, 0, 0]}, null, null, 32, false, [], false, 0, [], null, 0, 1744380912.474853, 0, {}]
[{"0": [2, 2, 4, 1, 1, 25, 30, 31, 37, 30, 23, 38, 27, 35, 3, 1, 3]}, null, null, 33, false, [], false, 0, [], null, 0, 1744380912.6890297, 0, {}]
[{"0": [4, 4, 3, 1, 2, 35, 2, 1, 2, 3, 1, 1, 2, 2, 1, 1, 1]}, null, null, 33, false, [], false, 0, [], null, 0, 1744380912.8906002, 0, {}]
[{"0": [2, 1, 1, 2, 2, 3, 5, 2, 4, 28, 0, 0, 3, 1, 2, 2, 4]}, null, null, 34, false, [], false, 0, [], null, 0, 1744380913.1281567, 0, {}]
[{"0": [28, 1, 1, 1, 2, 1, 1, 1, 1, 2, 2, 2, 2, 2, 2, 1, 4]}, null, null, 34, false, [], false, 0, [], null, 0, 1744380913.345317, 0, {}]
[{"0": [1, 3, 0, 1, 2, 0, 1, 3, 2, 1, 2, 0, 3, 6, 5, 41, 31]}, null, null, 35, false, [], false, 0, [], null, 0, 1744380913.5550318, 0, {}]
[{"0": [3, 1, 1, 1, 3, 0, 1, 3, 2, 5, 1, 4, 2, 0, 0, 3, 39]}, null, null, 36, false, [], false, 0, [], null, 0, 1744380913.7715816, 0, {}]
[{"0": [2, 3, 0, 1, 2, 0, 1, 2, 1, 2, 36, 31, 32, 35, 30, 31, 30]}, null, null, 36, false, [], false, 0, [], null, 0, 1744380913.9826252, 0, {}]
[{"0": [1, 2, 2, 4, 5, 4, 3, 1, 1, 2, 3, 36, 34, 35, 28, 3, 2]}, null, null, 37, false, [], false, 0, [], null, 0, 1744380914.1978095, 0, {}]
[{"0": [2, 2, 2, 2, 3, 4, 4, 4, 1, 4, 4, 2, 3, 39, 29, 25, 39]}, null, null, 37, false, [], false, 0, [], null, 0, 1744380914.4021282, 0, {}]
[{"0": [4, 1, 0, 2, 2, 1, 5, 0, 1, 2, 33, 4, 3, 1, 1, 1, 3]}, null, null, 38, false, [], false, 0, [], null, 0, 1744380914.6223533, 0, {}]
[{"0": [0, 1, 43, 29, 20, 34, 4, 1, 4, 2, 3, 3, 3, 3, 3, 0, 1]}, null, null, 39, false, [], false, 0, [], null, 0, 1744380914.8475437, 0, {}]
[{"0": [1, 2, 3, 3, 1, 2, 2, 1, 4, 4, 2, 3, 1, 3, 2, 28, 25]}, null, null, 39, false, [], false, 0, [], null, 0, 1744380915.056507, 0, {}]
[{"0": [1, 2, 2, 0, 3, 2, 2, 1, 1, 2, 1, 2, 2, 38, 26, 36, 24]}, null, null, 40, false, [], false, 0, [], null, 0, 1744380915.2786398, 0, {}]
[{"0": [1, 1, 0, 3, 2, 2, 4, 2, 3, 7, 3, 4, 4, 1, 3, 1, 49]}, null, null, 40, false, [], false, 0, [], null, 0, 1744380915.5050974, 0, {}]
[{"0": [3, 2, 1, 0, 2, 1, 3, 1, 0, 0, 0, 1, 38, 33, 31, 27, 42]}, null, null, 41, false, [], false, 0, [], null, 0, 1744380915.7192733, 0, {}]
[{"0": [1, 3, 1, 24, 0, 3, 3, 1, 4, 4, 1, 2, 2, 2, 1, 1, 0]}, null, null, 42, false, [], false, 0, [], null, 0, 1744380915.9261365, 0, {}]
[{"0": [1, 2, 1, 1, 2, 26, 28, 0, 1, 1, 3, 0, 0, 2, 2, 2, 4]}, null, null, 42, false, [], false, 0, [], null, 0, 1744380916.158637, 0, {}]
[{"0": [1, 3, 3, 1, 4, 2, 29, 4, 3, 1, 2, 2, 1, 5, 3, 3, 2]}, null, null, 43, false, [], false, 0, [], null, 0, 1744380916.3770154, 0, {}]
[{"0": [3, 2, 1, 3, 0, 2, 1, 24, 0, 1, 2, 2, 1, 1, 3, 1, 1]}, null, null, 43, false, [], false, 0, [], null, 0, 1744380916.577291, 0, {}]
[{"0": [5, 3, 26, 25, 28, 3, 1, 2, 5, 1, 1, 3, 0, 2, 1, 4, 1]}, null, null, 44, false, [], false, 0, [], null, 0, 1744380916.7973573, 0, {}]
[{"0": [2, 0, 1, 1, 1, 3, 2, 3, 3, 3, 3, 36, 36, 38, 34, 45, 32]}, null, null, 45, false, [], false, 0, [], null, 0, 1744380917.0211086, 0, {}]
[{"0": [2, 1, 1, 0, 2, 1, 2, 2, 5, 33, 20, 36, 35, 34, 29, 41, 42]}, null, null, 45, false, [], false, 0, [], null, 0, 1744380917.2239604, 0, {}]
[{"0": [2, 0, 3, 36, 30, 37, 1, 0, 3, 0, 0, 5, 2, 2, 9, 2, 1]}, null, null, 46, false, [], false, 0, [], null, 0, 1744380917.455778, 0, {}]
[{"0": [0, 3, 3, 5, 0, 0, 5, 3, 1, 1, 0, 0, 1, 4, 0, 1, 24]}, null, null, 46, false, [], false, 0, [], null, 0, 1744380917.6703002, 0, {}]
[{"0": [3, 2, 0, 2, 2, 1, 1, 3, 33, 6, 1, 0, 1, 5, 3, 1, 3]}, null, null, 47, false, [], false, 0, [], null, 0, 1744380917.8859036, 0, {}]
[{"0": [1, 2, 2, 4, 1, 1, 0, 2, 1, 1, 2, 3, 2, 36, 24, 26, 39]}, null, null, 48, false, [], false, 0, [], null, 0, 1744380918.10218, 0, {}]
[{"0": [3, 6, 1, 0, 3, 2, 0, 0, 3, 1, 0, 0, 1, 1, 0, 0, 2]}, null, null, 48, false, [], false, 0, [], null, 0, 1744380918.3265052, 0, {}]
[{"0": [7, 1, 2, 3, 1, 2, 1, 4, 1, 4, 1, 3, 2, 32, 32, 26, 27]}, null, null, 49, false, [], false, 0, [], null, 0, 1744380918.5211318, 0, {}]
[{"0": [1, 3, 1, 2, 1, 2, 1, 0, 4, 0, 1, 0, 5, 36, 25, 31, 32]}, null, null, 49, false, [], false, 0, [], null, 0, 1744380918.7450526, 0, {}]
[{"0": [0, 2, 3, 5, 5, 2, 2, 1, 2, 21, 3, 1, 1, 1, 1, 0, 0]}, null, null, 50, false, [], false, 0, [], null, 0, 1744380918.96617, 0, {}]
[{"0": [32, 25, 33, 28, 23, 41, 26, 43, 27, 29, 1, 4, 4, 4, 0, 2, 2]}, null, null, 51, false, [], false, 0, [], null, 0, 1744380919.1756828, 0, {}]
[{"0": [2, 4, 3, 5, 1, 2, 2, 2, 4, 6, 3, 2, 30, 24, 2, 1, 5]}, null, null, 51, false, [], false, 0, [], null, 0, 1744380919.3881469, 0, {}]
[{"0": [2, 5, 2, 2, 2, 4, 1, 4, 0, 0, 35, 41, 24, 31, 28, 24, 32]}, null, null, 52, false, [], false, 0, [], null, 0, 1744380919.611103, 0, {}]
[{"0": [2, 5, 3, 1, 3, 24, 32, 33, 1, 2, 5, 0, 7, 0, 2, 0, 5]}, null, null, 52, false, [], false, 0, [], null, 0, 1744380919.8340569, 0, {}]
[{"0": [32, 1, 1, 2, 1, 1, 2, 2, 1, 2, 3, 2, 2, 1, 4, 2, 1]}, null, null, 53, false, [], false, 0, [], null, 0, 1744380920.0350597, 0, {}]
[{"0": [2, 2, 27, 26, 21, 28, 34, 33, 0, 2, 3, 0, 2, 3, 2, 2, 1]}, null, null, 54, false, [], false, 0, [], null, 0, 1744380920.250782, 0, {}]
[{"0": [2, 4, 1, 4, 3, 2, 2, 1, 31, 4, 5, 2, 0, 4, 1, 1, 3]}, null, null, 54, false, [], false, 0, [], null, 0, 1744380920.4684725, 0, {}]
[{"0": [5, 2, 1, 3, 2, 2, 30, 35, 27, 29, 4, 0, 2, 4, 0, 1, 1]}, null, null, 55, false, [], false, 0, [], null, 0, 1744380920.6827836, 0, {}]
[{"0": [1, 1, 2, 3, 3, 1, 1, 3, 4, 1, 29, 2, 4, 5, 1, 3, 2]}, null, null, 55, false, [], false, 0, [], null, 0, 1744380920.9112089, 0, {}]
[{"0": [2, 1, 5, 0, 1, 1, 0, 1, 1, 23, 26, 0, 2, 2, 5, 1, 1]}, null, null, 56, false, [], false, 0, [], null, 0, 1744380921.1260698, 0, {}]
[{"0": [7, 2, 0, 25, 23, 24, 1, 1, 0, 2, 2, 1, 0, 1, 2, 3, 5]}, null, null, 57, false, [], false, 0, [], null, 0, 1744380921.345239, 0, {}]
[{"0": [1, 1, 32, 28, 1, 1, 2, 3, 4, 4, 0, 1, 1, 0, 3, 2, 2]}, null, null, 57, false, [], false, 0, [], null, 0, 1744380921.563537, 0, {}]
[{"0": [2, 3, 6, 1, 3, 1, 3, 5, 1, 3, 2, 2, 2, 3, 2, 28, 23]}, null, null, 58, false, [], false, 0, [], null, 0, 1744380921.7694027, 0, {}]
[{"0": [2, 0, 6, 0, 0, 8, 2, 2, 1, 1, 27, 28, 25, 27, 29, 28, 34]}, null, null, 58, false, [], false, 0, [], null, 0, 1744380921.987101, 0, {}]
[{"0": [1, 1, 2, 0, 1, 3, 2, 1, 1, 2, 0, 1, 2, 28, 36, 26, 2]}, null, null, 59, false, [], false, 0, [], null, 0, 1744380922.2021635, 0, {}]
[{"0": [1, 1, 3, 5, 2, 4, 5, 3, 1, 1, 21, 37, 25, 29, 29, 3, 1]}, null, null, 60, false, [], false, 0, [], null, 0, 1744380922.4212618, 0, {}]
[{"0": [2, 0, 1, 3, 3, 4, 2, 3, 3, 1, 2, 1, 4, 24, 23, 1, 1]}, null, null, 60, false, [], false, 0, [], null, 0, 1744380922.6451266, 0, {}]
[{"0": [1, 2, 2, 4, 2, 2, 36, 30, 35, 3, 4, 2, 5, 3, 0, 2, 4]}, null, null, 61, false, [], false, 0, [], null, 0, 1744380922.8630607, 0, {}]
[{"0": [1, 2, 0, 4, 1, 36, 27, 23, 28, 43, 36, 24, 0, 1, 4, 0, 3]}, null, null, 61, false, [], false, 0, [], null, 0, 1744380923.064651, 0, {}]
[{"0": [2, 1, 3, 3, 3, 0, 30, 23, 27, 35, 29, 34, 2, 1, 1, 1, 0]}, null, null, 62, false, [], false, 0, [], null, 0, 1744380923.3027256, 0, {}]
[{"0": [1, 1, 2, 1, 0, 1, 29, 0, 2, 4, 1, 1, 2, 5, 1, 1, 1]}, null, null, 63, false, [], false, 0, [], null, 0, 1744380923.5133805, 0, {}]
[{"0": [35, 1, 1, 3, 0, 2, 1, 1, 2, 3, 1, 2, 2, 0, 2, 2, 5]}, null, null, 63, false, [], false, 0, [], null, 0, 1744380923.7157273, 0, {}]
[{"0": [0, 3, 0, 0, 2, 2, 1, 1, 1, 2, 3, 3, 0, 5, 1, 3, 29]}, null, null, 64, false, [], false, 0, [], null, 0, 1744380923.9508119, 0, {}]
[{"0": [1, 0, 2, 0, 2, 1, 1, 2, 5, 4, 3, 0, 1, 3, 3, 1, 3]}, null, null, 64, false, [], false, 0, [], null, 0, 1744380924.1644087, 0, {}]
[{"0": [0, 2, 0, 2, 1, 1, 3, 1, 0, 1, 28, 22, 27, 25, 32, 34, 6]}, null, null, 65, false, [], false, 0, [], null, 0, 1744380924.3791864, 0, {}]
[{"0": [3, 1, 28, 35, 30, 16, 2, 5, 3, 2, 2, 2, 1, 2, 1, 1, 2]}, null, null, 66, false, [], false, 0, [], null, 0, 1744380924.6023178, 0, {}]
[{"0": [30, 1, 2, 2, 2, 1, 3, 4, 1, 3, 1, 2, 1, 4, 3, 3, 2]}, null, null, 66, false, [], false, 0, [], null, 0, 1744380924.8142169, 0, {}]
[{"0": [4, 2, 0, 1, 3, 2, 2, 21, 1, 1, 7, 3, 0, 1, 32, 28, 28]}, null, null, 67, false, [], false, 0, [], null, 0, 1744380925.027252, 0, {}]
[{"0": [3, 4, 17, 38, 4, 3, 1, 2, 1, 6, 0, 2, 4, 2, 1, 3, 1]}, null, null, 67, false, [], false, 0, [], null, 0, 1744380925.2497196, 0, {}]
[{"0": [32, 37, 1, 3, 1, 3, 0, 3, 3, 0, 4, 5, 1, 0, 1, 1, 2]}, null, null, 68, false, [], false, 0, [], null, 0, 1744380925.4535456, 0, {}]
[{"0": [0, 1, 33, 24, 2, 2, 2, 0, 0, 5, 1, 3, 2, 3, 0, 6, 5]}, null, null, 69, false, [], false, 0, [], null, 0, 1744380925.674484, 0, {}]
[{"0": [1, 0, 0, 0, 2, 2, 33, 2, 2, 1, 2, 2, 2, 1, 6, 2, 3]}, null, null, 69, false, [], false, 0, [], null, 0, 1744380925.8925233, 0, {}]
[{"0": [2, 1, 3, 1, 6, 2, 2, 2, 1, 2, 3, 4, 3, 30, 37, 42, 23]}, null, null, 70, false, [], false, 0, [], null, 0, 1744380926.103332, 0, {}]
[{"0": [1, 1, 0, 2, 2, 3, 0, 4, 2, 0, 30, 25, 23, 0, 2, 3, 0]}, null, null, 70, false, [], false, 0, [], null, 0, 1744380926.3203115, 0, {}]
[{"0": [33, 33, 29, 0, 1, 0, 0, 6, 3, 7, 1, 1, 3, 1, 1, 2, 3]}, null, null, 71, false, [], false, 0, [], null, 0, 1744380926.539909, 0, {}]
[{"0": [2, 2, 5, 1, 6, 1, 2, 2, 3, 1, 3, 4, 4, 1, 3, 4, 28]}, null, null, 72, false, [], false, 0, [], null, 0, 1744380926.7634094, 0, {}]
[{"0": [3, 0, 1, 4, 2, 1, 1, 29, 23, 3, 2, 2, 2, 1, 3, 1, 1]}, null, null, 72, false, [], false, 0, [], null, 0, 1744380926.9648128, 0, {}]
[{"0": [1, 1, 2, 3, 5, 3, 2, 1, 2, 1, 7, 29, 3, 2, 2, 3, 1]}, null, null, 73, false, [], false, 0, [], null, 0, 1744380927.1886153, 0, {}]
[{"0": [6, 2, 3, 2, 1, 1, 3, 3, 2, 37, 28, 43, 22, 31, 24, 22, 22]}, null, null, 73, false, [], false, 0, [], null, 0, 1744380927.4047372, 0, {}]
[{"0": [3, 1, 33, 34, 0, 0, 0, 0, 3, 3, 1, 2, 3, 3, 3, 1, 1]}, null, null, 74, false, [], false, 0, [], null, 0, 1744380927.6366158, 0, {}]
[{"0": [5, 2, 2, 1, 1, 2, 3, 1, 1, 2, 0, 0, 3, 1, 6, 3, 1]}, null, null, 75, false, [], false, 0, [], null, 0, 1744380927.837902, 0, {}]
[{"0": [3, 3, 3, 2, 0, 2, 1, 1, 1, 0, 0, 1, 2, 29, 27, 22, 28]}, null, null, 75, false, [], false, 0, [], null, 0, 1744380928.0549576, 0, {}]
[{"0": [1, 1, 28, 33, 28, 35, 34, 27, 31, 40, 29, 2, 1, 1, 2, 2, 3]}, null, null, 76, false, [], false, 0, [], null, 0, 1744380928.2671118, 0, {}]
[{"0": [1, 0, 1, 0, 1, 1, 3, 32, 26, 0, 1, 3, 1, 4, 3, 3, 1]}, null, null, 77, false, [], false, 0, [], null, 0, 1744380928.4942796, 0, {}]
[{"0": [1, 4, 3, 1, 32, 33, 35, 1, 0, 2, 4, 1, 1, 1, 2, 0, 0]}, null, null, 77, false, [], false, 0, [], null, 0, 1744380928.7046533, 0, {}]
[{"0": [3, 3, 2, 0, 1, 4, 1, 1, 1, 1, 2, 3, 3, 2, 2, 3, 2]}, null, null, 78, false, [], false, 0, [], null, 0, 1744380928.9282815, 0, {}]
[{"0": [2, 2, 5, 1, 4, 29, 29, 33, 0, 2, 1, 1, 2, 2, 2, 5, 6]}, null, null, 78, false, [], false, 0, [], null, 0, 1744380929.1488254, 0, {}]
[{"0": [26, 23, 29, 32, 33, 2, 1, 0, 0, 2, 0, 0, 1, 1, 3, 2, 1]}, null, null, 79, false, [], false, 0, [], null, 0, 1744380929.3513935, 0, {}]
[{"0": [1, 3, 3, 2, 3, 2, 39, 34, 1, 4, 1, 2, 6, 0, 1, 0, 4]}, null, null, 80, false, [], false, 0, [], null, 0, 1744380929.5677884, 0, {}]
[{"0": [3, 1, 3, 1, 2, 2, 0, 0, 2, 2, 0, 3, 30, 29, 29, 33, 30]}, null, null, 80, false, [], false, 0, [], null, 0, 1744380929.7908807, 0, {}]
[{"0": [5, 3, 1, 3, 1, 0, 2, 1, 0, 4, 24, 34, 30, 13, 20, 2, 1]}, null, null, 81, false, [], false, 0, [], null, 0, 1744380930.000438, 0, {}]
[{"0": [1, 2, 2, 0, 2, 3, 0, 3, 4, 3, 2, 26, 37, 34, 33, 28, 26]}, null, null, 81, false, [], false, 0, [], null, 0, 1744380930.217921, 0, {}]
[{"0": [1, 1, 2, 4, 0, 1, 0, 1, 5, 31, 17, 33, 37, 24, 3, 5, 0]}, null, null, 82, false, [], false, 0, [], null, 0, 1744380930.4320052, 0, {}]
[{"0": [0, 3, 3, 2, 0, 3, 2, 1, 1, 3, 2, 0, 36, 35, 27, 38, 2]}, null, null, 83, false, [], false, 0, [], null, 0, 1744380930.65169, 0, {}]
[{"0": [1, 0, 3, 5, 1, 1, 1, 6, 4, 3, 0, 33, 28, 34, 33, 1, 2]}, null, null, 83, false, [], false, 0, [], null, 0, 1744380930.8665714, 0, {}]
[{"0": [3, 2, 2, 0, 0, 1, 4, 0, 1, 0, 0, 0, 3, 1, 1, 3, 40]}, null, null, 84, false, [], false, 0, [], null, 0, 1744380931.079612, 0, {}]
[{"0": [3, 2, 0, 1, 1, 1, 3, 1, 1, 0, 2, 1, 0, 1, 1, 2, 3]}, null, null, 84, false, [], false, 0, [], null, 0, 1744380931.3093975, 0, {}]
[{"0": [2, 1, 2, 1, 1, 2, 20, 29, 32, 31, 29, 25, 17, 29, 31, 28, 29]}, null, null, 85, false, [], false, 0, [], null, 0, 1744380931.5247242, 0, {}]
[{"0": [2, 1, 1, 1, 1, 4, 29, 3, 3, 3, 1, 1, 3, 4, 3, 5, 1]}, null, null, 86, false, [], false, 0, [], null, 0, 1744380931.7404032, 0, {}]
[{"0": [1, 2, 0, 2, 2, 44, 31, 33, 38, 28, 24, 4, 0, 5, 0, 1, 3]}, null, null, 86, false, [], false, 0, [], null, 0, 1744380931.9596558, 0, {}]
[{"0": [1, 2, 1, 5, 1, 2, 1, 3, 0, 0, 2, 3, 2, 1, 27, 40, 27]}, null, null, 87, false, [], false, 0, [], null, 0, 1744380932.160976, 0, {}]
[{"0": [3, 2, 4, 26, 24, 2, 1, 0, 1, 4, 3, 2, 0, 3, 2, 1, 0]}, null, null, 87, false, [], false, 0, [], null, 0, 1744380932.3851497, 0, {}]
[{"0": [3, 0, 3, 2, 1, 3, 0, 0, 2, 2, 0, 2, 2, 1, 2, 1, 0]}, null, null, 88, false, [], false, 0, [], null, 0, 1744380932.6068063, 0, {}]
[{"0": [1, 1, 2, 2, 1, 27, 2, 3, 1, 1, 2, 4, 2, 5, 0, 2, 0]}, null, null, 89, false, [], false, 0, [], null, 0, 1744380932.8234994, 0, {}]
[{"0": [1, 2, 0, 5, 4, 1, 3, 3, 3, 2, 0, 1, 0, 0, 2, 0, 29]}, null, null, 89, false, [], false, 0, [], null, 0, 1744380933.0309525, 0, {}]
[{"0": [13, 35, 29, 23, 30, 35, 27, 21, 24, 35, 4, 2, 3, 6, 0, 4, 3]}, null, null, 90, false, [], false, 0, [], null, 0, 1744380933.2581372, 0, {}]
[{"0": [1, 2, 4, 2, 1, 2, 1, 2, 1, 3, 3, 1, 6, 4, 0, 30, 32]}, null, null, 90, false, [], false, 0, [], null, 0, 1744380933.4810185, 0, {}]
[{"0": [1, 4, 2, 2, 2, 0, 1, 1, 1, 0, 0, 2, 2, 21, 25, 30, 1]}, null, null, 91, false, [], false, 0, [], null, 0, 1744380933.6818736, 0, {}]
[{"0": [0, 0, 0, 0, 3, 2, 1, 3, 2, 0, 1, 1, 1, 0, 1, 1, 23]}, null, null, 92, false, [], false, 0, [], null, 0, 1744380933.8935406, 0, {}]
[{"0": [3, 3, 3, 2, 5, 5, 1, 0, 2, 1, 3, 1, 1, 2, 3, 3, 20]}, null, null, 92, false, [], false, 0, [], null, 0, 1744380934.11641, 0, {}]
[{"0": [1, 1, 0, 4, 2, 2, 2, 1, 5, 0, 2, 1, 2, 1, 4, 3, 4]}, null, null, 93, false, [], false, 0, [], null, 0, 1744380934.325025, 0, {}]
[{"0": [2, 3, 0, 3, 4, 2, 1, 1, 1, 3, 30, 18, 21, 23, 24, 1, 2]}, null, null, 93, false, [], false, 0, [], null, 0, 1744380934.5426757, 0, {}]
[{"0": [1, 1, 3, 0, 2, 1, 1, 1, 1, 1, 1, 5, 3, 2, 0, 0, 25]}, null, null, 94, false, [], false, 0, [], null, 0, 1744380934.7644467, 0, {}]
[{"0": [1, 2, 25, 28, 25, 35, 2, 5, 0, 3, 1, 3, 1, 3, 0, 2, 2]}, null, null, 95, false, [], false, 0, [], null, 0, 1744380934.9789782, 0, {}]
[{"0": [4, 1, 5, 3, 1, 0, 1, 3, 1, 1, 30, 36, 2, 2, 2, 1, 2]}, null, null, 95, false, [], false, 0, [], null, 0, 1744380935.1956081, 0, {}]
[{"0": [1, 3, 0, 1, 1, 31, 24, 0, 0, 1, 1, 2, 1, 1, 2, 1, 3]}, null, null, 96, false, [], false, 0, [], null, 0, 1744380935.4256694, 0, {}]
[{"0": [28, 2, 1, 1, 0, 3, 1, 0, 2, 1, 2, 1, 4, 1, 0, 4, 3]}, null, null, 96, false, [], false, 0, [], null, 0, 1744380935.6487317, 0, {}]
[{"0": [4, 1, 0, 2, 1, 2, 2, 3, 37, 25, 24, 31, 35, 24, 34, 31, 23]}, null, null, 97, false, [], false, 0, [], null, 0, 1744380935.8501813, 0, {}]
[{"0": [0, 3, 2, 0, 3, 0, 4, 2, 1, 4, 1, 0, 4, 3, 2, 2, 1]}, null, null, 98, false, [], false, 0, [], null, 0, 1744380936.072204, 0, {}]
[{"0": [2, 3, 3, 2, 4, 0, 28, 31, 41, 26, 26, 2, 1, 1, 0, 1, 2]}, null, null, 98, false, [], false, 0, [], null, 0, 1744380936.2850509, 0, {}]
[{"0": [1, 1, 34, 33, 35, 36, 36, 21, 2, 0, 1, 1, 5, 1, 1, 0, 1]}, null, null, 99, false, [], false, 0, [], null, 0, 1744380936.4990273, 0, {}]
[{"0": [3, 3, 0, 3, 7, 2, 2, 3, 0, 2, 0, 4, 2, 1, 29, 22, 28]}, null, null, 99, false, [], false, 0, [], null, 0, 1744380936.726768, 0, {}]
[{"0": [2, 1, 4, 1, 3, 4, 1, 2, 1, 17, 25, 7, 5, 0, 1, 3, 4]}, null, null, 100, false, [], false, 0, [], null, 0, 1744380936.9322152, 0, {}]
[{"0": [0, 2, 2, 0, 2, 1, 1, 1, 0, 1, 2, 1, 0, 1, 2, 18, 42]}, null, null, 101, false, [], false, 0, [], null, 0, 1744380937.1433358, 0, {}]
[{"0": [31, 2, 3, 0, 1, 1, 2, 1, 2, 0, 1, 3, 3, 0, 1, 2, 0]}, null, null, 101, false, [], false, 0, [], null, 0, 1744380937.3609107, 0, {}]
[{"0": [5, 3, 3, 4, 24, 27, 0, 1, 1, 3, 2, 4, 1, 2, 2, 2, 0]}, null, null, 102, false, [], false, 0, [], null, 0, 1744380937.5758772, 0, {}]
[{"0": [20, 21, 26, 23, 21, 27, 21, 19, 23, 2, 1, 1, 1, 1, 2, 1, 1]}, null, null, 102, false, [], false, 0, [], null, 0, 1744380937.7912576, 0, {}]
[{"0": [1, 1, 3, 1, 1, 3, 3, 1, 1, 2, 2, 3, 0, 1, 1, 3, 3]}, null, null, 103, false, [], false, 0, [], null, 0, 1744380938.0180256, 0, {}]
[{"0": [2, 3, 3, 0, 1, 2, 0, 0, 2, 3, 2, 3, 1, 2, 1, 23, 27]}, null, null, 104, false, [], false, 0, [], null, 0, 1744380938.2334116, 0, {}]
[{"0": [2, 0, 5, 34, 37, 22, 6, 1, 0, 3, 1, 3, 1, 3, 2, 0, 4]}, null, null, 104, false, [], false, 0, [], null, 0, 1744380938.44972, 0, {}]
[{"0": [1, 1, 1, 4, 2, 1, 1, 0, 29, 1, 2, 0, 2, 3, 2, 2, 6]}, null, null, 105, false, [], false, 0, [], null, 0, 1744380938.6629238, 0, {}]
[{"0": [2, 2, 0, 1, 3, 2, 2, 1, 28, 34, 26, 23, 20, 3, 4, 2, 4]}, null, null, 105, false, [], false, 0, [], null, 0, 1744380938.8747625, 0, {}]
[{"0": [32, 25, 24, 31, 27, 30, 2, 1, 3, 0, 3, 2, 1, 2, 0, 1, 1]}, null, null, 106, false, [], false, 0, [], null, 0, 1744380939.100468, 0, {}]
[{"0": [0, 4, 3, 3, 3, 2, 2, 0, 2, 1, 0, 1, 1, 3, 0, 2, 30]}, null, null, 107, false, [], false, 0, [], null, 0, 1744380939.3121607, 0, {}]
[{"0": [0, 0, 29, 34, 31, 27, 32, 2, 2, 0, 0, 2, 3, 2, 2, 4, 1]}, null, null, 107, false, [], false, 0, [], null, 0, 1744380939.5244746, 0, {}]
[{"0": [2, 4, 3, 29, 23, 2, 1, 1, 2, 1, 4, 4, 3, 2, 3, 1, 0]}, null, null, 108, false, [], false, 0, [], null, 0, 1744380939.7447534, 0, {}]
[{"0": [2, 1, 5, 2, 2, 2, 4, 3, 3, 1, 2, 2, 3, 3, 2, 2, 1]}, null, null, 108, false, [], false, 0, [], null, 0, 1744380939.9619813, 0, {}]
[{"0": [3, 0, 3, 2, 2, 1, 3, 4, 2, 5, 1, 2, 33, 18, 22, 29, 24]}, null, null, 109, false, [], false, 0, [], null, 0, 1744380940.1735303, 0, {}]
[{"0": [1, 2, 0, 2, 2, 3, 1, 0, 2, 3, 1, 1, 35, 27, 29, 22, 27]}, null, null, 110, false, [], false, 0, [], null, 0, 1744380940.3944879, 0, {}]
[{"0": [2, 3, 3, 0, 1, 5, 1, 0, 1, 1, 0, 1, 35, 23, 29, 32, 30]}, null, null, 110, false, [], false, 0, [], null, 0, 1744380940.6129432, 0, {}]
[{"0": [1, 0, 0, 1, 1, 3, 0, 1, 41, 2, 1, 2, 6, 1, 3, 3, 2]}, null, null, 111, false, [], false, 0, [], null, 0, 1744380940.8273973, 0, {}]
[{"0": [0, 1, 0, 5, 1, 1, 3, 0, 0, 2, 5, 3, 1, 28, 30, 4, 1]}, null, null, 111, false, [], false, 0, [], null, 0, 1744380941.0436094, 0, {}]
[{"0": [2, 2, 4, 3, 2, 2, 1, 1, 2, 0, 1, 5, 0, 1, 3, 1, 0]}, null, null, 112, false, [], false, 0, [], null, 0, 1744380941.2624993, 0, {}]
[{"0": [0, 0, 2, 3, 2, 0, 1, 36, 31, 29, 25, 2, 4, 1, 3, 1, 2]}, null, null, 113, false, [], false, 0, [], null, 0, 1744380941.4882834, 0, {}]
[{"0": [1, 5, 2, 4, 3, 5, 4, 1, 1, 0, 32, 29, 0, 3, 1, 2, 1]}, null, null, 113, false, [], false, 0, [], null, 0, 1744380941.6999314, 0, {}]
[{"0": [0, 1, 1, 2, 3, 3, 0, 1, 3, 5, 33, 25, 25, 23, 25, 25, 29]}, null, null, 114, false, [], false, 0, [], null, 0, 1744380941.9128785, 0, {}]
[{"0": [1, 2, 2, 6, 3, 4, 2, 4, 2, 1, 5, 3, 3, 0, 5, 0, 18]}, null, null, 114, false, [], false, 0, [], null, 0, 1744380942.1283648, 0, {}]
[{"0": [6, 3, 0, 3, 2, 3, 3, 5, 2, 0, 3, 3, 0, 24, 23, 37, 29]}, null, null, 115, false, [], false, 0, [], null, 0, 1744380942.3506696, 0, {}]
[{"0": [1, 0, 3, 1, 2, 0, 1, 3, 29, 29, 30, 1, 1, 0, 2, 2, 0]}, null, null, 116, false, [], false, 0, [], null, 0, 1744380942.567079, 0, {}]
[{"0": [2, 2, 3, 2, 3, 4, 2, 0, 0, 4, 2, 3, 2, 35, 31, 22, 28]}, null, null, 116, false, [], false, 0, [], null, 0, 1744380942.7874734, 0, {}]
[{"0": [1, 3, 2, 2, 1, 1, 27, 39, 3, 4, 0, 2, 2, 4, 2, 2, 3]}, null, null, 117, false, [], false, 0, [], null, 0, 1744380942.9991934, 0, {}]
[{"0": [0, 2, 2, 4, 2, 2, 1, 2, 4, 2, 3, 1, 25, 39, 23, 24, 33]}, null, null, 117, false, [], false, 0, [], null, 0, 1744380943.2071455, 0, {}]
[{"0": [3, 3, 1, 4, 0, 2, 5, 0, 1, 2, 1, 4, 1, 2, 2, 4, 32]}, null, null, 118, false, [], false, 0, [], null, 0, 1744380943.4361901, 0, {}]
[{"0": [1, 7, 0, 2, 1, 1, 2, 3, 1, 2, 3, 22, 27, 26, 20, 27, 30]}, null, null, 119, false, [], false, 0, [], null, 0, 1744380943.6608331, 0, {}]
[{"0": [30, 24, 24, 23, 24, 0, 3, 2, 2, 2, 0, 1, 2, 2, 2, 2, 3]}, null, null, 119, false, [], false, 0, [], null, 0, 1744380943.8630245, 0, {}]
[{"0": [5, 1, 1, 3, 0, 1, 1, 2, 3, 1, 2, 3, 2, 1, 21, 26, 27]}, null, null, 120, false, [], false, 0, [], null, 0, 1744380944.0784585, 0, {}]
[{"0": [1, 2, 0, 0, 3, 2, 19, 27, 22, 34, 43, 31, 25, 23, 0, 1, 4]}, null, null, 120, false, [], false, 0, [], null, 0, 1744380944.2930439, 0, {}]
[{"0": [1, 0, 2, 1, 0, 1, 1, 0, 2, 3, 3, 3, 1, 2, 29, 33, 25]}, null, null, 121, false, [], false, 0, [], null, 0, 1744380944.52242, 0, {}]
[{"0": [3, 3, 3, 5, 3, 4, 2, 1, 1, 3, 1, 0, 3, 2, 1, 2, 28]}, null, null, 122, false, [], false, 0, [], null, 0, 1744380944.7399511, 0, {}]
[{"0": [0, 5, 4, 3, 21, 26, 35, 1, 1, 2, 2, 1, 2, 0, 2, 2, 2]}, null, null, 122, false, [], false, 0, [], null, 0, 1744380944.943402, 0, {}]
[{"0": [24, 22, 1, 8, 25, 28, 19, 28, 30, 41, 1, 0, 5, 1, 2, 4, 2]}, null, null, 123, false, [], false, 0, [], null, 0, 1744380945.1710362, 0, {}]
[{"0": [2, 2, 2, 1, 2, 1, 3, 2, 2, 29, 24, 27, 28, 25, 36, 29, 21]}, null, null, 123, false, [], false, 0, [], null, 0, 1744380945.3788462, 0, {}]
[{"0": [2, 2, 0, 1, 3, 2, 0, 0, 1, 2, 0, 1, 1, 1, 2, 4, 23]}, null, null, 124, false, [], false, 0, [], null, 0, 1744380945.593187, 0, {}]
[{"0": [1, 1, 0, 2, 29, 0, 3, 4, 0, 2, 2, 1, 0, 1, 1, 3, 0]}, null, null, 125, false, [], false, 0, [], null, 0, 1744380945.82394, 0, {}]
[{"0": [0, 0, 0, 3, 2, 4, 2, 1, 1, 2, 31, 34, 1, 1, 0, 4, 2]}, null, null, 125, false, [], false, 0, [], null, 0, 1744380946.0383399, 0, {}]
[{"0": [1, 1, 3, 33, 1, 1, 0, 2, 2, 1, 2, 1, 1, 1, 1, 4, 1]}, null, null, 126, false, [], false, 0, [], null, 0, 1744380946.2404227, 0, {}]
[{"0": [4, 3, 3, 0, 1, 0, 1, 47, 20, 33, 21, 23, 29, 24, 33, 20, 25]}, null, null, 127, false, [], false, 0, [], null, 0, 1744380946.464709, 0, {}]
[{"0": [0, 3, 30, 28, 31, 1, 1, 1, 2, 1, 2, 2, 5, 1, 1, 1, 0]}, null, null, 127, false, [], false, 0, [], null, 0, 1744380946.682882, 0, {}]
[{"0": [3, 1, 1, 0, 1, 1, 0, 23, 29, 23, 29, 2, 2, 2, 3, 2, 6]}, null, null, 128, false, [], false, 0, [], null, 0, 1744380946.8912554, 0, {}]
[{"0": [2, 3, 2, 2, 4, 1, 2, 3, 3, 2, 41, 3, 1, 0, 2, 0, 1]}, null, null, 128, false, [], false, 0, [], null, 0, 1744380947.1164873, 0, {}]
[{"0": [4, 1, 4, 3, 2, 2, 2, 2, 1, 2, 2, 0, 2, 3, 0, 36, 29]}, null, null, 129, false, [], false, 0, [], null, 0, 1744380947.3320065, 0, {}]
[{"0": [1, 1, 1, 1, 4, 2, 4, 27, 34, 22, 39, 33, 1, 2, 4, 1, 2]}, null, null, 130, false, [], false, 0, [], null, 0, 1744380947.5511432, 0, {}]
[{"0": [1, 1, 1, 5, 2, 0, 2, 0, 0, 0, 4, 0, 0, 29, 25, 4, 2]}, null, null, 130, false, [], false, 0, [], null, 0, 1744380947.762499, 0, {}]
[{"0": [1, 1, 3, 2, 1, 1, 3, 1, 2, 1, 3, 2, 1, 1, 1, 1, 0]}, null, null, 131, false, [], false, 0, [], null, 0, 1744380947.9930475, 0, {}]
[{"0": [0, 3, 24, 32, 25, 27, 27, 29, 34, 30, 2, 2, 1, 1, 1, 3, 5]}, null, null, 131, false, [], false, 0, [], null, 0, 1744380948.1952782, 0, {}]
[{"0": [1, 3, 2, 2, 0, 2, 1, 4, 2, 3, 2, 1, 29, 40, 23, 23, 29]}, null, null, 132, false, [], false, 0, [], null, 0, 1744380948.4208941, 0, {}]
[{"0": [2, 0, 4, 1, 31, 39, 2, 1, 0, 2, 1, 6, 1, 1, 1, 1, 0]}, null, null, 133, false, [], false, 0, [], null, 0, 1744380948.645451, 0, {}]
[{"0": [0, 3, 3, 1, 5, 4, 1, 2, 1, 28, 2, 1, 0, 2, 1, 0, 1]}, null, null, 133, false, [], false, 0, [], null, 0, 1744380948.8484595, 0, {}]
[{"0": [0, 1, 4, 6, 0, 0, 3, 4, 5, 1, 28, 29, 0, 3, 0, 1, 1]}, null, null, 134, false, [], false, 0, [], null, 0, 1744380949.0561135, 0, {}]
[{"0": [3, 2, 2, 1, 0, 1, 1, 0, 5, 2, 3, 4, 3, 0, 27, 28, 31]}, null, null, 134, false, [], false, 0, [], null, 0, 1744380949.2737973, 0, {}]
[{"0": [0, 2, 1, 1, 20, 26, 28, 26, 34, 2, 1, 2, 2, 1, 5, 2, 3]}, null, null, 135, false, [], false, 0, [], null, 0, 1744380949.4882698, 0, {}]
[{"0": [3, 2, 2, 1, 32, 31, 36, 40, 2, 3, 0, 0, 2, 0, 4, 1, 0]}, null, null, 136, false, [], false, 0, [], null, 0, 1744380949.7087972, 0, {}]
[{"0": [3, 3, 1, 3, 3, 3, 0, 2, 1, 40, 30, 34, 42, 27, 31, 31, 2]}, null, null, 136, false, [], false, 0, [], null, 0, 1744380949.935698, 0, {}]
[{"0": [4, 1, 2, 2, 2, 2, 0, 1, 1, 2, 2, 1, 2, 3, 0, 33, 6]}, null, null, 137, false, [], false, 0, [], null, 0, 1744380950.1586895, 0, {}]
[{"0": [0, 1, 3, 1, 3, 1, 2, 3, 2, 1, 1, 1, 32, 29, 21, 1, 5]}, null, null, 137, false, [], false, 0, [], null, 0, 1744380950.3635664, 0, {}]
[{"0": [0, 0, 0, 1, 2, 0, 8, 1, 1, 0, 3, 1, 1, 1, 1, 30, 32]}, null, null, 138, false, [], false, 0, [], null, 0, 1744380950.5807931, 0, {}]
[{"0": [2, 2, 2, 0, 1, 2, 4, 27, 1, 2, 1, 0, 1, 3, 5, 2, 3]}, null, null, 139, false, [], false, 0, [], null, 0, 1744380950.8031564, 0, {}]
[{"0": [3, 0, 0, 2, 2, 5, 2, 1, 0, 4, 1, 3, 2, 2, 0, 2, 23]}, null, null, 139, false, [], false, 0, [], null, 0, 1744380951.0147374, 0, {}]
[{"0": [1, 5, 2, 3, 2, 1, 3, 2, 0, 5, 28, 35, 43, 24, 24, 0, 2]}, null, null, 140, false, [], false, 0, [], null, 0, 1744380951.2382026, 0, {}]
[{"0": [1, 2, 3, 1, 2, 2, 5, 1, 4, 1, 0, 2, 3, 3, 5, 27, 28]}, null, null, 140, false, [], false, 0, [], null, 0, 1744380951.4582105, 0, {}]
[{"0": [1, 2, 1, 4, 3, 0, 2, 0, 4, 2, 3, 2, 1, 28, 24, 25, 36]}, null, null, 141, false, [], false, 0, [], null, 0, 1744380951.6656413, 0, {}]
[{"0": [3, 2, 1, 3, 1, 1, 1, 31, 36, 32, 1, 3, 1, 1, 1, 2, 3]}, null, null, 142, false, [], false, 0, [], null, 0, 1744380951.877398, 0, {}]
[{"0": [3, 3, 28, 27, 26, 33, 36, 1, 2, 1, 2, 4, 2, 0, 1, 4, 4]}, null, null, 142, false, [], false, 0, [], null, 0, 1744380952.1063313, 0, {}]
[{"0": [2, 3, 0, 3, 0, 1, 0, 1, 2, 30, 31, 0, 0, 2, 4, 4, 2]}, null, null, 143, false, [], false, 0, [], null, 0, 1744380952.3104484, 0, {}]
[{"0": [0, 2, 1, 2, 1, 4, 2, 18, 30, 3, 3, 0, 0, 0, 3, 3, 1]}, null, null, 143, false, [], false, 0, [], null, 0, 1744380952.5367286, 0, {}]
[{"0": [6, 2, 1, 2, 4, 1, 0, 1, 4, 35, 25, 31, 2, 0, 1, 4, 1]}, null, null, 144, false, [], false, 0, [], null, 0, 1744380952.7408993, 0, {}]
[{"0": [40, 16, 23, 30, 23, 23, 37, 28, 0, 3, 3, 2, 3, 0, 1, 2, 1]}, null, null, 145, false, [], false, 0, [], null, 0, 1744380952.9699078, 0, {}]
[{"0": [4, 1, 3, 2, 2, 25, 23, 31, 32, 26, 0, 2, 3, 2, 3, 3, 3]}, null, null, 145, false, [], false, 0, [], null, 0, 1744380953.1722908, 0, {}]
[{"0": [1, 1, 2, 3, 1, 1, 1, 1, 1, 0, 2, 3, 30, 28, 1, 3, 1]}, null, null, 146, false, [], false, 0, [], null, 0, 1744380953.3908179, 0, {}]
[{"0": [2, 1, 1, 2, 3, 1, 3, 2, 2, 0, 31, 29, 20, 21, 39, 30, 29]}, null, null, 146, false, [], false, 0, [], null, 0, 1744380953.621013, 0, {}]
[{"0": [5, 1, 1, 4, 3, 2, 4, 5, 1, 1, 2, 1, 0, 27, 24, 3, 1]}, null, null, 147, false, [], false, 0, [], null, 0, 1744380953.8281803, 0, {}]
[{"0": [2, 2, 1, 2, 2, 0, 2, 1, 2, 2, 3, 1, 2, 26, 30, 26, 3]}, null, null, 148, false, [], false, 0, [], null, 0, 1744380954.0444064, 0, {}]
[{"0": [0, 0, 0, 1, 4, 1, 3, 4, 1, 1, 4, 0, 22, 28, 31, 30, 28]}, null, null, 148, false, [], false, 0, [], null, 0, 1744380954.2614017, 0, {}]
[{"0": [4, 0, 2, 1, 1, 4, 3, 3, 1, 1, 3, 1, 1, 3, 4, 1, 3]}, null, null, 149, false, [], false, 0, [], null, 0, 1744380954.482681, 0, {}]
[{"0": [1, 0, 2, 1, 1, 1, 0, 4, 1, 3, 0, 0, 1, 2, 6, 25, 35]}, null, null, 149, false, [], false, 0, [], null, 0, 1744380954.6886716, 0, {}]
[{"0": [2, 3, 1, 0, 6, 0, 3, 4, 3, 25, 34, 26, 30, 2, 2, 2, 3]}, null, null, 150, true, [], false, 0, [], null, 0, 1744380954.9074764, 0, {}]
