[{"0": [9, 1, 3, 4, 1, 0, 2, 1, 2, 1, 0, 0, 1, 2, 31, 29, 27]}, null, null, 0, false, [], false, 0, [], null, 0, 1744384122.4549968, 0, {}]
[{"0": [1, 0, 3, 1, 0, 29, 1, 1, 1, 5, 1, 1, 2, 3, 3, 2, 3]}, null, null, 1, false, [], false, 0, [], null, 0, 1744384122.6811776, 0, {}]
[{"0": [1, 1, 2, 1, 5, 2, 2, 1, 3, 1, 4, 4, 3, 4, 0, 24, 43]}, null, null, 1, false, [], false, 0, [], null, 0, 1744384122.9030566, 0, {}]
[{"0": [4, 4, 1, 0, 2, 0, 2, 1, 3, 1, 0, 0, 1, 0, 3, 35, 36]}, null, null, 2, false, [], false, 0, [], null, 0, 1744384123.1145554, 0, {}]
[{"0": [1, 1, 0, 1, 2, 1, 0, 3, 4, 33, 31, 38, 5, 1, 0, 0, 2]}, null, null, 2, false, [], false, 0, [], null, 0, 1744384123.3250375, 0, {}]
[{"0": [1, 0, 4, 1, 2, 4, 28, 24, 0, 2, 1, 1, 4, 1, 2, 2, 2]}, null, null, 3, false, [], false, 0, [], null, 0, 1744384123.5433614, 0, {}]
[{"0": [1, 3, 3, 0, 2, 0, 6, 0, 4, 0, 1, 3, 2, 3, 4, 2, 3]}, null, null, 4, false, [], false, 0, [], null, 0, 1744384123.7717519, 0, {}]
[{"0": [16, 3, 4, 0, 2, 2, 0, 1, 1, 2, 4, 1, 2, 1, 0, 2, 5]}, null, null, 4, false, [], false, 0, [], null, 0, 1744384123.9776292, 0, {}]
[{"0": [3, 4, 2, 3, 2, 4, 1, 4, 2, 2, 1, 19, 28, 42, 32, 28, 21]}, null, null, 5, false, [], false, 0, [], null, 0, 1744384124.2037828, 0, {}]
[{"0": [0, 0, 1, 1, 2, 4, 3, 24, 24, 31, 29, 30, 37, 30, 26, 23, 38]}, null, null, 5, false, [], false, 0, [], null, 0, 1744384124.4212673, 0, {}]
[{"0": [4, 0, 4, 1, 1, 3, 2, 2, 1, 30, 23, 0, 1, 6, 2, 2, 3]}, null, null, 6, false, [], false, 0, [], null, 0, 1744384124.635605, 0, {}]
[{"0": [2, 1, 1, 3, 1, 0, 4, 1, 2, 2, 0, 3, 3, 2, 3, 33, 1]}, null, null, 7, false, [], false, 0, [], null, 0, 1744384124.84646, 0, {}]
[{"0": [1, 0, 0, 0, 3, 2, 3, 1, 4, 2, 1, 0, 4, 1, 2, 33, 32]}, null, null, 7, false, [], false, 0, [], null, 0, 1744384125.078562, 0, {}]
[{"0": [2, 0, 1, 2, 1, 1, 4, 0, 4, 35, 28, 29, 25, 38, 26, 19, 35]}, null, null, 8, false, [], false, 0, [], null, 0, 1744384125.2938075, 0, {}]
[{"0": [2, 1, 2, 3, 2, 3, 5, 24, 22, 30, 24, 36, 34, 42, 32, 20, 32]}, null, null, 8, false, [], false, 0, [], null, 0, 1744384125.50802, 0, {}]
[{"0": [25, 2, 1, 1, 3, 0, 3, 1, 2, 2, 0, 3, 3, 5, 0, 0, 3]}, null, null, 9, false, [], false, 0, [], null, 0, 1744384125.7251265, 0, {}]
[{"0": [2, 2, 1, 5, 34, 30, 31, 1, 1, 2, 1, 2, 0, 4, 1, 3, 1]}, null, null, 10, false, [], false, 0, [], null, 0, 1744384125.9336991, 0, {}]
[{"0": [1, 3, 0, 0, 3, 5, 1, 3, 23, 24, 1, 0, 3, 1, 2, 1, 2]}, null, null, 10, false, [], false, 0, [], null, 0, 1744384126.1619315, 0, {}]
[{"0": [1, 2, 5, 2, 3, 1, 2, 2, 2, 2, 1, 0, 1, 2, 1, 2, 2]}, null, null, 11, false, [], false, 0, [], null, 0, 1744384126.3626025, 0, {}]
[{"0": [1, 3, 2, 6, 3, 0, 2, 2, 2, 1, 2, 30, 1, 0, 4, 5, 3]}, null, null, 11, false, [], false, 0, [], null, 0, 1744384126.5804718, 0, {}]
[{"0": [4, 1, 2, 28, 30, 29, 3, 0, 1, 1, 0, 3, 1, 3, 2, 2, 2]}, null, null, 12, false, [], false, 0, [], null, 0, 1744384126.805616, 0, {}]
[{"0": [3, 3, 2, 3, 1, 1, 0, 2, 4, 2, 2, 1, 0, 21, 27, 22, 33]}, null, null, 13, false, [], false, 0, [], null, 0, 1744384127.0126839, 0, {}]
[{"0": [39, 2, 4, 1, 5, 1, 2, 2, 3, 2, 1, 2, 1, 2, 0, 0, 3]}, null, null, 13, false, [], false, 0, [], null, 0, 1744384127.2384808, 0, {}]
[{"0": [29, 23, 32, 30, 0, 3, 1, 4, 3, 1, 2, 1, 2, 1, 1, 3, 0]}, null, null, 14, false, [], false, 0, [], null, 0, 1744384127.4507928, 0, {}]
[{"0": [4, 1, 1, 2, 6, 1, 3, 2, 25, 30, 20, 26, 37, 21, 22, 0, 1]}, null, null, 14, false, [], false, 0, [], null, 0, 1744384127.6666105, 0, {}]
[{"0": [2, 1, 1, 2, 2, 6, 4, 3, 1, 2, 1, 1, 3, 0, 4, 34, 32]}, null, null, 15, false, [], false, 0, [], null, 0, 1744384127.8945575, 0, {}]
[{"0": [2, 0, 2, 2, 0, 1, 3, 1, 2, 0, 1, 4, 4, 3, 0, 26, 32]}, null, null, 16, false, [], false, 0, [], null, 0, 1744384128.1024134, 0, {}]
[{"0": [1, 1, 27, 35, 27, 24, 29, 3, 1, 2, 1, 1, 3, 0, 3, 1, 2]}, null, null, 16, false, [], false, 0, [], null, 0, 1744384128.3147533, 0, {}]
[{"0": [3, 2, 1, 4, 1, 3, 0, 2, 2, 0, 1, 1, 0, 31, 1, 3, 5]}, null, null, 17, false, [], false, 0, [], null, 0, 1744384128.536313, 0, {}]
[{"0": [2, 4, 2, 1, 0, 0, 0, 1, 4, 1, 1, 6, 2, 33, 23, 34, 40]}, null, null, 17, false, [], false, 0, [], null, 0, 1744384128.7582326, 0, {}]
[{"0": [3, 2, 1, 36, 26, 46, 0, 2, 0, 0, 1, 2, 1, 1, 1, 0, 1]}, null, null, 18, false, [], false, 0, [], null, 0, 1744384128.9700046, 0, {}]
[{"0": [1, 3, 1, 2, 3, 1, 1, 3, 3, 3, 3, 2, 1, 0, 1, 30, 32]}, null, null, 19, false, [], false, 0, [], null, 0, 1744384129.1898744, 0, {}]
[{"0": [3, 0, 2, 2, 1, 2, 29, 1, 1, 1, 1, 2, 2, 2, 1, 3, 0]}, null, null, 19, false, [], false, 0, [], null, 0, 1744384129.396965, 0, {}]
[{"0": [22, 22, 0, 2, 1, 0, 2, 2, 0, 1, 0, 1, 2, 2, 2, 0, 1]}, null, null, 20, false, [], false, 0, [], null, 0, 1744384129.6166315, 0, {}]
[{"0": [4, 2, 2, 3, 3, 2, 1, 1, 3, 28, 4, 2, 2, 3, 1, 1, 2]}, null, null, 20, false, [], false, 0, [], null, 0, 1744384129.8323443, 0, {}]
[{"0": [3, 2, 4, 28, 29, 15, 0, 1, 3, 1, 0, 1, 5, 1, 3, 1, 0]}, null, null, 21, false, [], false, 0, [], null, 0, 1744384130.051623, 0, {}]
[{"0": [1, 0, 1, 24, 31, 27, 31, 30, 23, 1, 3, 1, 3, 1, 1, 3, 1]}, null, null, 22, false, [], false, 0, [], null, 0, 1744384130.2615192, 0, {}]
[{"0": [0, 0, 2, 1, 28, 37, 18, 40, 35, 24, 2, 1, 1, 2, 2, 2, 3]}, null, null, 22, false, [], false, 0, [], null, 0, 1744384130.4791088, 0, {}]
[{"0": [1, 0, 0, 2, 1, 2, 0, 4, 3, 2, 4, 25, 26, 2, 1, 2, 5]}, null, null, 23, false, [], false, 0, [], null, 0, 1744384130.6927168, 0, {}]
[{"0": [0, 0, 3, 0, 2, 1, 0, 3, 2, 3, 3, 1, 2, 27, 27, 1, 4]}, null, null, 23, false, [], false, 0, [], null, 0, 1744384130.909041, 0, {}]
[{"0": [0, 3, 3, 1, 0, 4, 1, 2, 2, 4, 1, 0, 0, 26, 28, 32, 37]}, null, null, 24, false, [], false, 0, [], null, 0, 1744384131.1217492, 0, {}]
[{"0": [2, 0, 3, 3, 3, 3, 2, 1, 3, 1, 1, 3, 22, 19, 29, 21, 1]}, null, null, 25, false, [], false, 0, [], null, 0, 1744384131.349408, 0, {}]
[{"0": [23, 29, 2, 2, 0, 2, 2, 3, 2, 3, 2, 1, 1, 1, 1, 3, 3]}, null, null, 25, false, [], false, 0, [], null, 0, 1744384131.5793147, 0, {}]
[{"0": [4, 2, 1, 0, 0, 3, 2, 1, 4, 2, 2, 5, 1, 3, 2, 31, 32]}, null, null, 26, false, [], false, 0, [], null, 0, 1744384131.7906094, 0, {}]
[{"0": [0, 0, 2, 3, 2, 2, 3, 3, 2, 0, 1, 1, 0, 6, 4, 0, 2]}, null, null, 27, false, [], false, 0, [], null, 0, 1744384131.9913845, 0, {}]
[{"0": [1, 2, 3, 4, 0, 1, 3, 0, 0, 3, 1, 1, 1, 1, 0, 31, 21]}, null, null, 27, false, [], false, 0, [], null, 0, 1744384132.2076705, 0, {}]
[{"0": [3, 0, 3, 36, 32, 18, 22, 19, 21, 2, 1, 4, 2, 1, 2, 3, 0]}, null, null, 28, false, [], false, 0, [], null, 0, 1744384132.429522, 0, {}]
[{"0": [2, 1, 1, 2, 1, 23, 32, 4, 5, 3, 0, 1, 2, 4, 2, 2, 0]}, null, null, 28, false, [], false, 0, [], null, 0, 1744384132.647154, 0, {}]
[{"0": [2, 3, 4, 4, 4, 3, 5, 3, 2, 3, 6, 2, 30, 23, 31, 28, 30]}, null, null, 29, false, [], false, 0, [], null, 0, 1744384132.858326, 0, {}]
[{"0": [0, 2, 4, 3, 3, 4, 1, 3, 2, 4, 1, 1, 2, 0, 3, 35, 31]}, null, null, 30, false, [], false, 0, [], null, 0, 1744384133.0911767, 0, {}]
[{"0": [1, 0, 1, 2, 2, 2, 2, 2, 3, 1, 3, 3, 2, 2, 2, 1, 2]}, null, null, 30, false, [], false, 0, [], null, 0, 1744384133.292134, 0, {}]
[{"0": [24, 40, 2, 3, 3, 3, 1, 3, 2, 0, 2, 0, 4, 2, 2, 2, 4]}, null, null, 31, false, [], false, 0, [], null, 0, 1744384133.513168, 0, {}]
[{"0": [0, 3, 0, 2, 16, 0, 1, 2, 1, 2, 2, 4, 3, 1, 0, 1, 6]}, null, null, 31, false, [], false, 0, [], null, 0, 1744384133.7322514, 0, {}]
[{"0": [5, 0, 0, 1, 1, 22, 1, 3, 3, 1, 5, 2, 5, 8, 0, 4, 1]}, null, null, 32, false, [], false, 0, [], null, 0, 1744384133.95187, 0, {}]
[{"0": [1, 1, 2, 1, 4, 0, 2, 1, 1, 1, 2, 3, 1, 35, 36, 0, 3]}, null, null, 33, false, [], false, 0, [], null, 0, 1744384134.1607194, 0, {}]
[{"0": [4, 3, 3, 0, 1, 4, 1, 2, 1, 2, 0, 30, 31, 3, 1, 3, 2]}, null, null, 33, false, [], false, 0, [], null, 0, 1744384134.376817, 0, {}]
[{"0": [0, 1, 3, 4, 2, 0, 2, 2, 3, 1, 3, 2, 1, 1, 0, 2, 2]}, null, null, 34, false, [], false, 0, [], null, 0, 1744384134.5994897, 0, {}]
[{"0": [2, 7, 3, 0, 1, 4, 1, 4, 1, 27, 36, 25, 33, 19, 21, 0, 4]}, null, null, 34, false, [], false, 0, [], null, 0, 1744384134.8204038, 0, {}]
[{"0": [3, 2, 0, 2, 1, 1, 2, 2, 3, 3, 1, 6, 2, 0, 0, 37, 29]}, null, null, 35, false, [], false, 0, [], null, 0, 1744384135.0449388, 0, {}]
[{"0": [2, 3, 2, 1, 0, 0, 2, 0, 0, 2, 3, 3, 3, 0, 3, 34, 2]}, null, null, 36, false, [], false, 0, [], null, 0, 1744384135.2440512, 0, {}]
[{"0": [1, 1, 0, 1, 35, 26, 21, 2, 4, 3, 3, 2, 0, 2, 2, 1, 1]}, null, null, 36, false, [], false, 0, [], null, 0, 1744384135.4689083, 0, {}]
[{"0": [0, 2, 2, 1, 4, 3, 1, 1, 26, 31, 27, 33, 24, 26, 28, 21, 37]}, null, null, 37, false, [], false, 0, [], null, 0, 1744384135.6865842, 0, {}]
[{"0": [5, 1, 2, 2, 3, 1, 3, 25, 16, 28, 30, 26, 31, 26, 21, 21, 29]}, null, null, 37, false, [], false, 0, [], null, 0, 1744384135.8977735, 0, {}]
[{"0": [0, 1, 1, 6, 1, 26, 24, 41, 2, 3, 2, 4, 2, 4, 0, 1, 0]}, null, null, 38, false, [], false, 0, [], null, 0, 1744384136.1173365, 0, {}]
[{"0": [3, 1, 3, 2, 2, 0, 1, 2, 4, 2, 1, 23, 43, 2, 2, 1, 3]}, null, null, 39, false, [], false, 0, [], null, 0, 1744384136.3460057, 0, {}]
[{"0": [2, 1, 5, 5, 2, 3, 6, 4, 3, 3, 1, 5, 3, 2, 2, 31, 21]}, null, null, 39, false, [], false, 0, [], null, 0, 1744384136.5437431, 0, {}]
[{"0": [0, 4, 1, 1, 1, 35, 39, 30, 25, 30, 30, 30, 30, 25, 31, 30, 30]}, null, null, 40, false, [], false, 0, [], null, 0, 1744384136.7555616, 0, {}]
[{"0": [2, 3, 1, 3, 4, 2, 0, 1, 0, 0, 1, 29, 33, 29, 25, 32, 18]}, null, null, 40, false, [], false, 0, [], null, 0, 1744384136.9821277, 0, {}]
[{"0": [2, 4, 1, 1, 2, 1, 3, 1, 3, 2, 2, 4, 3, 0, 1, 2, 2]}, null, null, 41, false, [], false, 0, [], null, 0, 1744384137.2008505, 0, {}]
[{"0": [1, 2, 3, 4, 2, 3, 0, 33, 30, 36, 20, 4, 1, 2, 1, 1, 2]}, null, null, 42, false, [], false, 0, [], null, 0, 1744384137.4170966, 0, {}]
[{"0": [1, 0, 1, 4, 3, 2, 2, 4, 1, 2, 3, 2, 1, 3, 42, 1, 3]}, null, null, 42, false, [], false, 0, [], null, 0, 1744384137.6285677, 0, {}]
[{"0": [24, 1, 3, 3, 2, 2, 3, 2, 2, 1, 0, 1, 1, 2, 0, 0, 4]}, null, null, 43, false, [], false, 0, [], null, 0, 1744384137.844198, 0, {}]
[{"0": [2, 2, 0, 2, 1, 0, 0, 2, 1, 2, 3, 0, 1, 1, 2, 31, 25]}, null, null, 43, false, [], false, 0, [], null, 0, 1744384138.0591228, 0, {}]
[{"0": [2, 6, 2, 1, 3, 0, 3, 23, 35, 20, 27, 29, 2, 1, 1, 1, 2]}, null, null, 44, false, [], false, 0, [], null, 0, 1744384138.2849734, 0, {}]
[{"0": [1, 3, 1, 2, 1, 0, 3, 4, 28, 23, 26, 37, 30, 33, 34, 29, 1]}, null, null, 45, false, [], false, 0, [], null, 0, 1744384138.5027604, 0, {}]
[{"0": [0, 2, 2, 2, 1, 2, 2, 33, 27, 28, 0, 1, 3, 4, 3, 1, 3]}, null, null, 45, false, [], false, 0, [], null, 0, 1744384138.7300377, 0, {}]
[{"0": [4, 2, 1, 2, 4, 3, 0, 2, 1, 2, 3, 4, 3, 1, 3, 2, 5]}, null, null, 46, false, [], false, 0, [], null, 0, 1744384138.9240348, 0, {}]
[{"0": [1, 1, 34, 24, 31, 35, 29, 28, 32, 1, 2, 4, 0, 3, 1, 2, 4]}, null, null, 46, false, [], false, 0, [], null, 0, 1744384139.1488657, 0, {}]
[{"0": [1, 2, 1, 1, 1, 4, 39, 25, 37, 21, 36, 3, 1, 3, 2, 5, 2]}, null, null, 47, false, [], false, 0, [], null, 0, 1744384139.3724859, 0, {}]
[{"0": [2, 3, 2, 1, 1, 4, 1, 0, 0, 3, 2, 2, 0, 2, 2, 41, 2]}, null, null, 48, false, [], false, 0, [], null, 0, 1744384139.5944688, 0, {}]
[{"0": [4, 3, 1, 2, 26, 28, 31, 27, 17, 22, 30, 22, 1, 3, 1, 0, 2]}, null, null, 48, false, [], false, 0, [], null, 0, 1744384139.8011034, 0, {}]
[{"0": [2, 2, 3, 3, 0, 0, 2, 3, 1, 0, 3, 2, 2, 1, 2, 3, 2]}, null, null, 49, false, [], false, 0, [], null, 0, 1744384140.0196526, 0, {}]
[{"0": [2, 4, 2, 0, 0, 3, 1, 2, 3, 2, 1, 1, 0, 1, 27, 0, 5]}, null, null, 49, false, [], false, 0, [], null, 0, 1744384140.2316992, 0, {}]
[{"0": [1, 1, 2, 1, 2, 0, 0, 1, 3, 4, 0, 28, 22, 5, 0, 1, 3]}, null, null, 50, false, [], false, 0, [], null, 0, 1744384140.4608984, 0, {}]
[{"0": [2, 1, 1, 3, 26, 28, 32, 26, 28, 30, 25, 34, 0, 3, 1, 4, 0]}, null, null, 51, false, [], false, 0, [], null, 0, 1744384140.670766, 0, {}]
[{"0": [2, 1, 4, 0, 0, 1, 4, 4, 0, 0, 3, 1, 19, 35, 27, 22, 25]}, null, null, 51, false, [], false, 0, [], null, 0, 1744384140.8795362, 0, {}]
[{"0": [0, 3, 3, 0, 2, 4, 2, 2, 0, 26, 43, 28, 32, 20, 23, 23, 28]}, null, null, 52, false, [], false, 0, [], null, 0, 1744384141.0987334, 0, {}]
[{"0": [4, 3, 2, 2, 33, 28, 5, 2, 1, 5, 0, 4, 1, 3, 3, 0, 0]}, null, null, 52, false, [], false, 0, [], null, 0, 1744384141.314671, 0, {}]
[{"0": [30, 30, 2, 0, 3, 2, 2, 2, 2, 5, 2, 2, 5, 5, 0, 1, 2]}, null, null, 53, false, [], false, 0, [], null, 0, 1744384141.536027, 0, {}]
[{"0": [1, 0, 4, 1, 4, 2, 1, 0, 2, 5, 38, 3, 6, 3, 3, 1, 1]}, null, null, 54, false, [], false, 0, [], null, 0, 1744384141.750989, 0, {}]
[{"0": [1, 2, 2, 1, 3, 3, 1, 0, 2, 3, 2, 2, 31, 22, 31, 2, 3]}, null, null, 54, false, [], false, 0, [], null, 0, 1744384141.9611292, 0, {}]
[{"0": [1, 1, 2, 0, 3, 0, 1, 1, 2, 3, 2, 1, 3, 28, 31, 1, 0]}, null, null, 55, false, [], false, 0, [], null, 0, 1744384142.1746914, 0, {}]
[{"0": [4, 1, 2, 4, 2, 1, 4, 1, 3, 1, 1, 1, 3, 22, 29, 3, 1]}, null, null, 55, false, [], false, 0, [], null, 0, 1744384142.403883, 0, {}]
[{"0": [24, 27, 36, 1, 2, 1, 2, 1, 2, 2, 3, 1, 1, 4, 1, 1, 2]}, null, null, 56, false, [], false, 0, [], null, 0, 1744384142.6159463, 0, {}]
[{"0": [0, 1, 1, 5, 4, 2, 3, 1, 1, 2, 2, 36, 2, 3, 6, 2, 1]}, null, null, 57, false, [], false, 0, [], null, 0, 1744384142.8328197, 0, {}]
[{"0": [3, 3, 2, 1, 1, 3, 1, 2, 1, 5, 3, 5, 1, 2, 2, 29, 4]}, null, null, 57, false, [], false, 0, [], null, 0, 1744384143.0496616, 0, {}]
[{"0": [1, 2, 2, 1, 0, 2, 4, 1, 1, 3, 2, 0, 1, 30, 29, 34, 25]}, null, null, 58, false, [], false, 0, [], null, 0, 1744384143.2629588, 0, {}]
[{"0": [0, 2, 2, 1, 0, 1, 0, 3, 28, 30, 28, 36, 22, 33, 29, 28, 25]}, null, null, 58, false, [], false, 0, [], null, 0, 1744384143.4756577, 0, {}]
[{"0": [0, 1, 1, 3, 3, 0, 0, 3, 3, 3, 3, 0, 2, 3, 1, 1, 1]}, null, null, 59, false, [], false, 0, [], null, 0, 1744384143.699761, 0, {}]
[{"0": [1, 2, 2, 4, 2, 0, 0, 1, 1, 3, 0, 1, 0, 1, 6, 31, 26]}, null, null, 60, false, [], false, 0, [], null, 0, 1744384143.9133892, 0, {}]
[{"0": [0, 3, 26, 34, 36, 1, 2, 1, 3, 4, 2, 1, 0, 2, 2, 1, 2]}, null, null, 60, false, [], false, 0, [], null, 0, 1744384144.132856, 0, {}]
[{"0": [4, 1, 2, 2, 3, 1, 23, 30, 1, 3, 2, 2, 4, 4, 1, 1, 0]}, null, null, 61, false, [], false, 0, [], null, 0, 1744384144.352087, 0, {}]
[{"0": [0, 0, 0, 31, 36, 24, 0, 3, 2, 2, 3, 0, 3, 2, 2, 3, 1]}, null, null, 61, false, [], false, 0, [], null, 0, 1744384144.5623116, 0, {}]
[{"0": [1, 3, 0, 2, 2, 28, 2, 2, 0, 1, 7, 2, 0, 3, 1, 0, 3]}, null, null, 62, false, [], false, 0, [], null, 0, 1744384144.7765112, 0, {}]
[{"0": [2, 1, 2, 1, 2, 5, 0, 3, 0, 2, 2, 22, 39, 22, 36, 33, 28]}, null, null, 63, false, [], false, 0, [], null, 0, 1744384144.9972143, 0, {}]
[{"0": [1, 0, 5, 1, 3, 3, 0, 1, 2, 2, 0, 1, 1, 1, 27, 34, 23]}, null, null, 63, false, [], false, 0, [], null, 0, 1744384145.2164586, 0, {}]
[{"0": [4, 1, 3, 4, 2, 0, 1, 1, 0, 0, 6, 28, 29, 36, 39, 29, 29]}, null, null, 64, false, [], false, 0, [], null, 0, 1744384145.4371262, 0, {}]
[{"0": [3, 2, 0, 0, 1, 5, 2, 5, 2, 22, 1, 0, 2, 0, 2, 1, 3]}, null, null, 64, false, [], false, 0, [], null, 0, 1744384145.6407328, 0, {}]
[{"0": [3, 3, 4, 1, 5, 2, 2, 4, 3, 2, 0, 2, 2, 29, 30, 28, 24]}, null, null, 65, false, [], false, 0, [], null, 0, 1744384145.8596683, 0, {}]
[{"0": [3, 3, 1, 0, 0, 4, 3, 2, 2, 2, 3, 22, 3, 2, 0, 3, 2]}, null, null, 66, false, [], false, 0, [], null, 0, 1744384146.0933719, 0, {}]
[{"0": [29, 2, 2, 0, 0, 26, 3, 2, 1, 3, 1, 0, 1, 4, 1, 1, 0]}, null, null, 66, false, [], false, 0, [], null, 0, 1744384146.3020165, 0, {}]
[{"0": [0, 0, 4, 27, 26, 23, 1, 3, 2, 2, 3, 2, 0, 2, 1, 5, 4]}, null, null, 67, false, [], false, 0, [], null, 0, 1744384146.5184858, 0, {}]
[{"0": [5, 2, 4, 1, 3, 1, 2, 2, 5, 1, 2, 1, 2, 25, 23, 27, 28]}, null, null, 67, false, [], false, 0, [], null, 0, 1744384146.7386498, 0, {}]
[{"0": [1, 4, 4, 2, 3, 3, 30, 0, 2, 3, 1, 2, 2, 2, 1, 4, 4]}, null, null, 68, false, [], false, 0, [], null, 0, 1744384146.9515285, 0, {}]
[{"0": [3, 2, 4, 0, 2, 2, 1, 0, 2, 2, 3, 4, 2, 2, 2, 33, 26]}, null, null, 69, false, [], false, 0, [], null, 0, 1744384147.162911, 0, {}]
[{"0": [4, 2, 0, 5, 1, 3, 2, 1, 5, 2, 3, 3, 3, 5, 28, 22, 32]}, null, null, 69, false, [], false, 0, [], null, 0, 1744384147.3773751, 0, {}]
[{"0": [2, 2, 1, 1, 1, 2, 2, 5, 35, 1, 2, 3, 3, 4, 5, 2, 0]}, null, null, 70, false, [], false, 0, [], null, 0, 1744384147.5905373, 0, {}]
[{"0": [5, 3, 2, 1, 1, 2, 38, 31, 27, 23, 23, 2, 4, 1, 1, 1, 3]}, null, null, 70, false, [], false, 0, [], null, 0, 1744384147.831684, 0, {}]
[{"0": [0, 1, 25, 23, 18, 25, 31, 35, 30, 38, 34, 22, 22, 32, 38, 4, 0]}, null, null, 71, false, [], false, 0, [], null, 0, 1744384148.0343513, 0, {}]
[{"0": [25, 3, 0, 3, 1, 1, 1, 1, 0, 1, 2, 2, 1, 2, 0, 4, 2]}, null, null, 72, false, [], false, 0, [], null, 0, 1744384148.249025, 0, {}]
[{"0": [1, 0, 0, 0, 0, 1, 31, 25, 24, 0, 2, 1, 3, 1, 2, 2, 2]}, null, null, 72, false, [], false, 0, [], null, 0, 1744384148.4593027, 0, {}]
[{"0": [40, 36, 26, 34, 33, 30, 31, 3, 2, 3, 2, 3, 5, 0, 1, 3, 5]}, null, null, 73, false, [], false, 0, [], null, 0, 1744384148.692338, 0, {}]
[{"0": [0, 0, 3, 2, 26, 19, 25, 26, 32, 1, 3, 1, 2, 3, 1, 2, 2]}, null, null, 73, false, [], false, 0, [], null, 0, 1744384148.8956747, 0, {}]
[{"0": [3, 1, 1, 2, 5, 1, 3, 4, 0, 1, 0, 35, 36, 24, 28, 3, 1]}, null, null, 74, false, [], false, 0, [], null, 0, 1744384149.110419, 0, {}]
[{"0": [27, 18, 30, 43, 2, 1, 1, 2, 5, 0, 2, 3, 4, 2, 0, 0, 0]}, null, null, 75, false, [], false, 0, [], null, 0, 1744384149.3290086, 0, {}]
[{"0": [5, 3, 3, 2, 1, 3, 1, 2, 1, 26, 21, 1, 0, 1, 1, 2, 1]}, null, null, 75, false, [], false, 0, [], null, 0, 1744384149.548506, 0, {}]
[{"0": [5, 1, 1, 1, 4, 3, 29, 40, 24, 29, 30, 30, 1, 1, 3, 2, 1]}, null, null, 76, false, [], false, 0, [], null, 0, 1744384149.765019, 0, {}]
[{"0": [0, 0, 3, 3, 3, 2, 3, 2, 3, 5, 31, 35, 33, 33, 2, 1, 1]}, null, null, 77, false, [], false, 0, [], null, 0, 1744384149.9925463, 0, {}]
[{"0": [5, 5, 3, 4, 1, 3, 1, 3, 3, 0, 3, 1, 39, 27, 29, 34, 28]}, null, null, 77, false, [], false, 0, [], null, 0, 1744384150.1990545, 0, {}]
[{"0": [1, 1, 2, 1, 3, 1, 1, 27, 27, 20, 30, 20, 22, 30, 22, 29, 31]}, null, null, 78, false, [], false, 0, [], null, 0, 1744384150.4187007, 0, {}]
[{"0": [3, 3, 0, 0, 1, 1, 1, 24, 27, 26, 43, 18, 21, 29, 0, 2, 1]}, null, null, 78, false, [], false, 0, [], null, 0, 1744384150.6323946, 0, {}]
[{"0": [24, 32, 33, 40, 36, 32, 32, 18, 2, 1, 3, 1, 3, 2, 1, 2, 3]}, null, null, 79, false, [], false, 0, [], null, 0, 1744384150.8514738, 0, {}]
[{"0": [2, 2, 3, 1, 2, 0, 1, 3, 1, 3, 2, 2, 5, 1, 0, 26, 26]}, null, null, 80, false, [], false, 0, [], null, 0, 1744384151.0601377, 0, {}]
[{"0": [0, 6, 29, 22, 38, 35, 21, 37, 28, 29, 24, 32, 1, 4, 1, 5, 3]}, null, null, 80, false, [], false, 0, [], null, 0, 1744384151.2860506, 0, {}]
[{"0": [1, 2, 1, 2, 5, 0, 0, 3, 23, 22, 42, 2, 2, 1, 2, 2, 0]}, null, null, 81, false, [], false, 0, [], null, 0, 1744384151.4933956, 0, {}]
[{"0": [1, 1, 0, 1, 1, 2, 2, 2, 1, 5, 0, 0, 28, 27, 16, 30, 33]}, null, null, 81, false, [], false, 0, [], null, 0, 1744384151.7298012, 0, {}]
[{"0": [3, 0, 3, 1, 5, 2, 25, 25, 4, 1, 3, 2, 3, 7, 2, 0, 3]}, null, null, 82, false, [], false, 0, [], null, 0, 1744384151.9252317, 0, {}]
[{"0": [3, 2, 0, 0, 2, 3, 5, 2, 0, 34, 21, 26, 1, 1, 2, 1, 3]}, null, null, 83, false, [], false, 0, [], null, 0, 1744384152.1438818, 0, {}]
[{"0": [3, 1, 2, 28, 3, 1, 4, 0, 1, 2, 3, 1, 3, 2, 3, 2, 0]}, null, null, 83, false, [], false, 0, [], null, 0, 1744384152.362433, 0, {}]
[{"0": [40, 27, 25, 39, 27, 37, 23, 29, 0, 2, 4, 2, 3, 1, 2, 3, 1]}, null, null, 84, false, [], false, 0, [], null, 0, 1744384152.5768328, 0, {}]
[{"0": [2, 3, 5, 2, 2, 5, 2, 1, 33, 30, 26, 36, 30, 35, 29, 1, 3]}, null, null, 84, false, [], false, 0, [], null, 0, 1744384152.8004723, 0, {}]
[{"0": [2, 3, 0, 1, 1, 2, 4, 1, 0, 38, 29, 38, 36, 30, 30, 20, 26]}, null, null, 85, false, [], false, 0, [], null, 0, 1744384153.0237262, 0, {}]
[{"0": [3, 3, 4, 1, 0, 1, 2, 2, 3, 3, 27, 37, 27, 23, 30, 39, 3]}, null, null, 86, false, [], false, 0, [], null, 0, 1744384153.2429123, 0, {}]
[{"0": [1, 0, 3, 1, 2, 0, 2, 1, 26, 35, 34, 19, 2, 3, 3, 1, 5]}, null, null, 86, false, [], false, 0, [], null, 0, 1744384153.444103, 0, {}]
[{"0": [1, 4, 0, 3, 2, 3, 1, 1, 1, 1, 2, 1, 2, 0, 4, 3, 2]}, null, null, 87, false, [], false, 0, [], null, 0, 1744384153.6794422, 0, {}]
[{"0": [1, 1, 2, 34, 30, 15, 32, 4, 2, 3, 1, 1, 0, 1, 2, 3, 1]}, null, null, 87, false, [], false, 0, [], null, 0, 1744384153.8737712, 0, {}]
[{"0": [2, 5, 3, 2, 5, 1, 3, 35, 28, 36, 32, 23, 29, 5, 1, 0, 2]}, null, null, 88, false, [], false, 0, [], null, 0, 1744384154.095164, 0, {}]
[{"0": [3, 3, 4, 2, 0, 29, 25, 31, 34, 34, 30, 26, 3, 3, 2, 4, 2]}, null, null, 89, false, [], false, 0, [], null, 0, 1744384154.3084166, 0, {}]
[{"0": [2, 0, 3, 3, 2, 3, 1, 33, 22, 27, 22, 2, 1, 1, 1, 0, 2]}, null, null, 89, false, [], false, 0, [], null, 0, 1744384154.5332065, 0, {}]
[{"0": [2, 4, 1, 0, 2, 1, 1, 1, 4, 2, 1, 5, 20, 20, 25, 23, 21]}, null, null, 90, false, [], false, 0, [], null, 0, 1744384154.7512834, 0, {}]
[{"0": [0, 4, 5, 31, 25, 1, 0, 0, 1, 6, 1, 1, 0, 3, 1, 3, 1]}, null, null, 90, false, [], false, 0, [], null, 0, 1744384154.9664319, 0, {}]
[{"0": [1, 3, 4, 5, 0, 1, 1, 0, 3, 1, 3, 1, 2, 1, 0, 24, 40]}, null, null, 91, false, [], false, 0, [], null, 0, 1744384155.188415, 0, {}]
[{"0": [2, 2, 2, 0, 3, 2, 0, 2, 1, 27, 30, 25, 29, 27, 33, 30, 25]}, null, null, 92, false, [], false, 0, [], null, 0, 1744384155.3924398, 0, {}]
[{"0": [33, 30, 33, 35, 23, 29, 29, 27, 30, 3, 0, 3, 1, 1, 0, 5, 0]}, null, null, 92, false, [], false, 0, [], null, 0, 1744384155.6090767, 0, {}]
[{"0": [1, 1, 3, 29, 34, 29, 25, 35, 33, 17, 35, 36, 5, 2, 1, 1, 2]}, null, null, 93, false, [], false, 0, [], null, 0, 1744384155.843911, 0, {}]
[{"0": [1, 1, 22, 18, 21, 23, 21, 27, 33, 23, 23, 36, 25, 39, 35, 31, 32]}, null, null, 93, false, [], false, 0, [], null, 0, 1744384156.0525947, 0, {}]
[{"0": [2, 1, 2, 1, 1, 3, 1, 3, 2, 1, 1, 0, 2, 2, 2, 32, 34]}, null, null, 94, false, [], false, 0, [], null, 0, 1744384156.2747214, 0, {}]
[{"0": [4, 2, 0, 3, 2, 1, 0, 1, 2, 36, 30, 38, 3, 1, 1, 1, 0]}, null, null, 95, false, [], false, 0, [], null, 0, 1744384156.4906783, 0, {}]
[{"0": [2, 1, 1, 2, 1, 3, 3, 1, 1, 4, 3, 2, 1, 2, 5, 0, 2]}, null, null, 95, false, [], false, 0, [], null, 0, 1744384156.7030225, 0, {}]
[{"0": [1, 2, 2, 2, 3, 0, 1, 1, 1, 3, 3, 0, 4, 2, 3, 0, 2]}, null, null, 96, false, [], false, 0, [], null, 0, 1744384156.9187734, 0, {}]
[{"0": [0, 0, 2, 3, 2, 1, 1, 5, 2, 2, 0, 2, 2, 37, 2, 2, 0]}, null, null, 96, false, [], false, 0, [], null, 0, 1744384157.1368437, 0, {}]
[{"0": [27, 3, 7, 2, 1, 2, 1, 3, 2, 2, 1, 2, 1, 0, 2, 2, 1]}, null, null, 97, false, [], false, 0, [], null, 0, 1744384157.3535764, 0, {}]
[{"0": [2, 2, 5, 1, 1, 3, 0, 1, 36, 27, 30, 32, 24, 20, 31, 36, 23]}, null, null, 98, false, [], false, 0, [], null, 0, 1744384157.560096, 0, {}]
[{"0": [37, 32, 5, 3, 2, 1, 2, 4, 2, 3, 1, 2, 3, 1, 2, 4, 1]}, null, null, 98, false, [], false, 0, [], null, 0, 1744384157.7899501, 0, {}]
[{"0": [2, 1, 33, 36, 21, 28, 30, 31, 23, 27, 30, 4, 3, 1, 3, 2, 3]}, null, null, 99, false, [], false, 0, [], null, 0, 1744384158.0013769, 0, {}]
[{"0": [3, 3, 4, 3, 3, 2, 3, 3, 2, 3, 3, 3, 1, 3, 1, 23, 28]}, null, null, 99, false, [], false, 0, [], null, 0, 1744384158.2191877, 0, {}]
[{"0": [4, 5, 1, 1, 4, 1, 1, 2, 1, 2, 36, 26, 40, 26, 3, 0, 0]}, null, null, 100, false, [], false, 0, [], null, 0, 1744384158.432042, 0, {}]
[{"0": [1, 2, 2, 1, 2, 5, 1, 0, 2, 0, 1, 3, 26, 27, 1, 3, 2]}, null, null, 101, false, [], false, 0, [], null, 0, 1744384158.642915, 0, {}]
[{"0": [5, 2, 2, 2, 0, 1, 2, 1, 28, 28, 27, 2, 2, 2, 1, 3, 3]}, null, null, 101, false, [], false, 0, [], null, 0, 1744384158.8641517, 0, {}]
[{"0": [4, 3, 20, 26, 34, 28, 29, 3, 1, 2, 2, 3, 0, 2, 2, 2, 0]}, null, null, 102, false, [], false, 0, [], null, 0, 1744384159.0960138, 0, {}]
[{"0": [3, 2, 1, 0, 0, 0, 2, 1, 1, 2, 3, 3, 3, 0, 2, 29, 30]}, null, null, 102, false, [], false, 0, [], null, 0, 1744384159.308875, 0, {}]
[{"0": [1, 0, 5, 4, 2, 2, 27, 23, 33, 3, 2, 1, 3, 2, 0, 1, 2]}, null, null, 103, false, [], false, 0, [], null, 0, 1744384159.5134926, 0, {}]
[{"0": [27, 2, 0, 4, 2, 5, 2, 3, 0, 1, 1, 1, 3, 2, 1, 1, 1]}, null, null, 104, false, [], false, 0, [], null, 0, 1744384159.7371159, 0, {}]
[{"0": [1, 1, 1, 2, 1, 3, 1, 3, 3, 1, 1, 2, 2, 1, 3, 21, 33]}, null, null, 104, false, [], false, 0, [], null, 0, 1744384159.9701495, 0, {}]
[{"0": [2, 2, 0, 4, 4, 2, 1, 0, 3, 28, 1, 2, 1, 3, 3, 4, 5]}, null, null, 105, false, [], false, 0, [], null, 0, 1744384160.174727, 0, {}]
[{"0": [2, 5, 3, 2, 6, 2, 3, 2, 3, 31, 25, 22, 30, 21, 25, 16, 32]}, null, null, 105, false, [], false, 0, [], null, 0, 1744384160.383131, 0, {}]
[{"0": [1, 1, 2, 1, 1, 0, 2, 37, 26, 25, 32, 26, 24, 26, 24, 36, 20]}, null, null, 106, false, [], false, 0, [], null, 0, 1744384160.5953166, 0, {}]
[{"0": [2, 0, 2, 33, 27, 22, 30, 22, 26, 34, 1, 2, 2, 2, 1, 1, 3]}, null, null, 107, false, [], false, 0, [], null, 0, 1744384160.8095126, 0, {}]
[{"0": [2, 1, 7, 4, 3, 29, 1, 1, 1, 3, 2, 0, 1, 3, 4, 0, 1]}, null, null, 107, false, [], false, 0, [], null, 0, 1744384161.0276594, 0, {}]
[{"0": [1, 2, 1, 4, 2, 0, 1, 2, 2, 2, 26, 25, 24, 0, 1, 5, 0]}, null, null, 108, false, [], false, 0, [], null, 0, 1744384161.2556493, 0, {}]
[{"0": [1, 1, 2, 3, 2, 2, 2, 3, 1, 1, 2, 2, 1, 2, 1, 37, 25]}, null, null, 108, false, [], false, 0, [], null, 0, 1744384161.4650304, 0, {}]
[{"0": [2, 0, 1, 0, 2, 3, 2, 3, 3, 4, 4, 1, 1, 1, 29, 32, 0]}, null, null, 109, false, [], false, 0, [], null, 0, 1744384161.6769807, 0, {}]
[{"0": [27, 30, 28, 24, 26, 18, 32, 21, 30, 27, 28, 29, 2, 1, 2, 2, 3]}, null, null, 110, false, [], false, 0, [], null, 0, 1744384161.892974, 0, {}]
[{"0": [2, 1, 27, 30, 2, 1, 1, 3, 1, 2, 3, 6, 0, 0, 1, 3, 3]}, null, null, 110, false, [], false, 0, [], null, 0, 1744384162.1099544, 0, {}]
[{"0": [1, 4, 1, 0, 0, 1, 0, 25, 2, 2, 0, 3, 1, 0, 2, 0, 1]}, null, null, 111, false, [], false, 0, [], null, 0, 1744384162.3331833, 0, {}]
[{"0": [26, 33, 29, 27, 23, 33, 26, 0, 2, 2, 2, 0, 3, 1, 2, 3, 1]}, null, null, 111, false, [], false, 0, [], null, 0, 1744384162.5512362, 0, {}]
[{"0": [2, 1, 2, 1, 0, 2, 2, 3, 27, 34, 24, 39, 27, 1, 1, 0, 0]}, null, null, 112, false, [], false, 0, [], null, 0, 1744384162.776801, 0, {}]
[{"0": [1, 1, 2, 3, 0, 0, 3, 1, 2, 1, 0, 1, 5, 1, 5, 26, 31]}, null, null, 113, false, [], false, 0, [], null, 0, 1744384162.9937313, 0, {}]
[{"0": [2, 0, 30, 31, 30, 27, 35, 0, 2, 0, 1, 1, 1, 0, 4, 2, 3]}, null, null, 113, false, [], false, 0, [], null, 0, 1744384163.191618, 0, {}]
[{"0": [27, 32, 35, 39, 41, 32, 32, 29, 39, 28, 32, 26, 22, 38, 41, 28, 33]}, null, null, 114, false, [], false, 0, [], null, 0, 1744384163.420301, 0, {}]
[{"0": [2, 0, 0, 4, 0, 2, 0, 2, 3, 2, 1, 3, 0, 1, 4, 4, 2]}, null, null, 114, false, [], false, 0, [], null, 0, 1744384163.624762, 0, {}]
[{"0": [2, 2, 4, 5, 1, 2, 26, 25, 38, 30, 34, 32, 32, 28, 19, 36, 3]}, null, null, 115, false, [], false, 0, [], null, 0, 1744384163.844896, 0, {}]
[{"0": [1, 3, 1, 2, 2, 2, 2, 33, 30, 30, 29, 33, 30, 3, 1, 0, 1]}, null, null, 116, false, [], false, 0, [], null, 0, 1744384164.0587845, 0, {}]
[{"0": [2, 3, 3, 0, 0, 1, 2, 0, 3, 1, 3, 1, 1, 3, 8, 2, 2]}, null, null, 116, false, [], false, 0, [], null, 0, 1744384164.29161, 0, {}]
[{"0": [2, 2, 1, 4, 2, 2, 28, 32, 33, 23, 27, 23, 29, 22, 26, 3, 0]}, null, null, 117, false, [], false, 0, [], null, 0, 1744384164.491994, 0, {}]
[{"0": [2, 2, 2, 1, 5, 4, 0, 2, 1, 2, 26, 26, 17, 34, 36, 26, 3]}, null, null, 117, false, [], false, 0, [], null, 0, 1744384164.7285578, 0, {}]
[{"0": [31, 34, 0, 4, 3, 2, 1, 2, 2, 1, 2, 3, 3, 4, 2, 1, 3]}, null, null, 118, false, [], false, 0, [], null, 0, 1744384164.9358242, 0, {}]
[{"0": [0, 3, 1, 1, 1, 1, 1, 0, 2, 2, 2, 1, 2, 0, 1, 1, 2]}, null, null, 119, false, [], false, 0, [], null, 0, 1744384165.1633677, 0, {}]
[{"0": [1, 4, 3, 1, 1, 0, 2, 1, 2, 1, 35, 22, 41, 40, 25, 33, 21]}, null, null, 119, false, [], false, 0, [], null, 0, 1744384165.362155, 0, {}]
[{"0": [1, 2, 2, 2, 0, 4, 3, 4, 2, 26, 31, 29, 32, 19, 22, 30, 29]}, null, null, 120, false, [], false, 0, [], null, 0, 1744384165.5869353, 0, {}]
[{"0": [1, 2, 3, 0, 0, 1, 26, 32, 31, 29, 31, 29, 27, 27, 33, 35, 3]}, null, null, 120, false, [], false, 0, [], null, 0, 1744384165.8123941, 0, {}]
[{"0": [1, 3, 4, 2, 0, 1, 2, 2, 0, 1, 3, 0, 1, 4, 1, 30, 29]}, null, null, 121, false, [], false, 0, [], null, 0, 1744384166.0320523, 0, {}]
[{"0": [1, 2, 4, 2, 1, 0, 3, 5, 4, 1, 0, 3, 39, 34, 34, 36, 16]}, null, null, 122, false, [], false, 0, [], null, 0, 1744384166.2367237, 0, {}]
[{"0": [1, 3, 4, 4, 5, 2, 1, 2, 1, 26, 31, 1, 1, 1, 2, 1, 1]}, null, null, 122, false, [], false, 0, [], null, 0, 1744384166.4568563, 0, {}]
[{"0": [5, 1, 1, 3, 1, 3, 3, 7, 2, 33, 30, 38, 2, 6, 0, 1, 2]}, null, null, 123, false, [], false, 0, [], null, 0, 1744384166.669446, 0, {}]
[{"0": [0, 2, 2, 1, 2, 2, 3, 3, 0, 2, 2, 2, 0, 27, 34, 33, 31]}, null, null, 123, false, [], false, 0, [], null, 0, 1744384166.8923194, 0, {}]
[{"0": [0, 1, 1, 1, 23, 30, 33, 28, 2, 1, 1, 3, 0, 1, 0, 3, 2]}, null, null, 124, false, [], false, 0, [], null, 0, 1744384167.101603, 0, {}]
[{"0": [1, 3, 2, 1, 3, 2, 2, 6, 2, 1, 0, 2, 3, 26, 21, 40, 26]}, null, null, 125, false, [], false, 0, [], null, 0, 1744384167.3268888, 0, {}]
[{"0": [0, 6, 0, 3, 1, 5, 3, 4, 1, 2, 1, 2, 5, 3, 4, 0, 3]}, null, null, 125, false, [], false, 0, [], null, 0, 1744384167.5265546, 0, {}]
[{"0": [26, 5, 0, 3, 1, 0, 1, 0, 4, 3, 1, 1, 1, 0, 2, 2, 2]}, null, null, 126, false, [], false, 0, [], null, 0, 1744384167.7524686, 0, {}]
[{"0": [29, 20, 26, 1, 2, 4, 1, 4, 3, 1, 5, 6, 3, 0, 1, 4, 2]}, null, null, 127, false, [], false, 0, [], null, 0, 1744384167.965276, 0, {}]
[{"0": [1, 1, 2, 3, 1, 0, 3, 1, 1, 1, 4, 40, 30, 35, 29, 28, 25]}, null, null, 127, false, [], false, 0, [], null, 0, 1744384168.195381, 0, {}]
[{"0": [32, 1, 4, 3, 4, 1, 1, 1, 1, 2, 3, 0, 1, 3, 2, 2, 3]}, null, null, 128, false, [], false, 0, [], null, 0, 1744384168.4074135, 0, {}]
[{"0": [4, 2, 1, 6, 1, 1, 2, 2, 5, 0, 3, 4, 2, 26, 24, 25, 25]}, null, null, 128, false, [], false, 0, [], null, 0, 1744384168.6093438, 0, {}]
[{"0": [1, 2, 4, 1, 0, 2, 1, 4, 1, 2, 1, 2, 1, 4, 4, 21, 22]}, null, null, 129, false, [], false, 0, [], null, 0, 1744384168.8334556, 0, {}]
[{"0": [1, 3, 1, 2, 2, 0, 3, 1, 3, 0, 2, 0, 0, 3, 0, 33, 25]}, null, null, 130, false, [], false, 0, [], null, 0, 1744384169.059401, 0, {}]
[{"0": [3, 3, 0, 1, 0, 0, 0, 2, 2, 4, 4, 35, 33, 6, 2, 0, 3]}, null, null, 130, false, [], false, 0, [], null, 0, 1744384169.273194, 0, {}]
[{"0": [4, 1, 2, 5, 1, 1, 4, 4, 0, 2, 29, 3, 5, 1, 1, 0, 0]}, null, null, 131, false, [], false, 0, [], null, 0, 1744384169.4744282, 0, {}]
[{"0": [3, 0, 1, 1, 5, 0, 2, 5, 0, 0, 3, 2, 0, 2, 3, 2, 37]}, null, null, 131, false, [], false, 0, [], null, 0, 1744384169.6913779, 0, {}]
[{"0": [2, 3, 0, 2, 0, 3, 1, 1, 2, 2, 2, 1, 0, 1, 4, 1, 5]}, null, null, 132, false, [], false, 0, [], null, 0, 1744384169.9186168, 0, {}]
[{"0": [27, 30, 22, 34, 27, 30, 1, 1, 3, 1, 3, 3, 6, 5, 0, 1, 2]}, null, null, 133, false, [], false, 0, [], null, 0, 1744384170.1448622, 0, {}]
[{"0": [2, 3, 1, 3, 3, 1, 4, 0, 26, 36, 30, 31, 0, 3, 5, 2, 3]}, null, null, 133, false, [], false, 0, [], null, 0, 1744384170.3538344, 0, {}]
[{"0": [1, 5, 0, 0, 0, 1, 4, 2, 1, 0, 3, 2, 1, 5, 3, 1, 3]}, null, null, 134, false, [], false, 0, [], null, 0, 1744384170.559049, 0, {}]
[{"0": [0, 1, 4, 2, 2, 1, 2, 18, 28, 29, 28, 28, 36, 27, 30, 25, 18]}, null, null, 134, false, [], false, 0, [], null, 0, 1744384170.7886257, 0, {}]
[{"0": [0, 0, 4, 1, 1, 0, 2, 0, 0, 3, 1, 2, 1, 3, 4, 32, 35]}, null, null, 135, false, [], false, 0, [], null, 0, 1744384170.9923925, 0, {}]
[{"0": [0, 5, 33, 24, 3, 3, 1, 0, 4, 0, 3, 2, 0, 1, 2, 2, 1]}, null, null, 136, false, [], false, 0, [], null, 0, 1744384171.2150335, 0, {}]
[{"0": [36, 33, 32, 26, 46, 32, 37, 4, 3, 3, 2, 1, 2, 1, 0, 3, 1]}, null, null, 136, false, [], false, 0, [], null, 0, 1744384171.436007, 0, {}]
[{"0": [2, 1, 2, 1, 2, 3, 0, 2, 0, 30, 33, 34, 2, 5, 4, 0, 1]}, null, null, 137, false, [], false, 0, [], null, 0, 1744384171.657585, 0, {}]
[{"0": [0, 3, 8, 5, 4, 31, 4, 1, 1, 1, 4, 1, 0, 1, 4, 1, 1]}, null, null, 137, false, [], false, 0, [], null, 0, 1744384171.8666039, 0, {}]
[{"0": [1, 2, 1, 2, 2, 1, 1, 2, 3, 0, 1, 1, 1, 3, 25, 0, 2]}, null, null, 138, false, [], false, 0, [], null, 0, 1744384172.0739157, 0, {}]
[{"0": [2, 2, 0, 1, 1, 0, 2, 1, 1, 5, 1, 3, 4, 4, 0, 3, 1]}, null, null, 139, false, [], false, 0, [], null, 0, 1744384172.3070176, 0, {}]
[{"0": [16, 1, 1, 2, 1, 1, 37, 33, 23, 30, 26, 30, 2, 1, 4, 1, 0]}, null, null, 139, false, [], false, 0, [], null, 0, 1744384172.5239232, 0, {}]
[{"0": [3, 2, 4, 2, 4, 2, 0, 2, 27, 31, 27, 29, 0, 0, 0, 1, 4]}, null, null, 140, false, [], false, 0, [], null, 0, 1744384172.732287, 0, {}]
[{"0": [3, 2, 4, 1, 1, 3, 1, 1, 0, 3, 4, 4, 26, 29, 28, 2, 0]}, null, null, 140, false, [], false, 0, [], null, 0, 1744384172.9559042, 0, {}]
[{"0": [1, 1, 0, 0, 2, 4, 31, 20, 0, 0, 0, 4, 1, 1, 3, 1, 5]}, null, null, 141, false, [], false, 0, [], null, 0, 1744384173.1698732, 0, {}]
[{"0": [2, 0, 2, 0, 0, 1, 1, 1, 4, 1, 2, 2, 37, 21, 25, 36, 33]}, null, null, 142, false, [], false, 0, [], null, 0, 1744384173.3896534, 0, {}]
[{"0": [0, 0, 1, 2, 1, 2, 5, 1, 22, 25, 22, 31, 40, 22, 29, 29, 29]}, null, null, 142, false, [], false, 0, [], null, 0, 1744384173.5931945, 0, {}]
[{"0": [4, 3, 3, 1, 2, 0, 3, 4, 3, 2, 38, 25, 30, 26, 29, 32, 25]}, null, null, 143, false, [], false, 0, [], null, 0, 1744384173.8209484, 0, {}]
[{"0": [3, 2, 2, 2, 3, 4, 2, 1, 24, 28, 39, 2, 4, 2, 0, 0, 2]}, null, null, 143, false, [], false, 0, [], null, 0, 1744384174.0388815, 0, {}]
[{"0": [2, 0, 0, 35, 28, 39, 6, 2, 1, 1, 0, 4, 2, 0, 0, 2, 1]}, null, null, 144, false, [], false, 0, [], null, 0, 1744384174.2527487, 0, {}]
[{"0": [3, 3, 2, 5, 3, 0, 2, 1, 1, 1, 1, 0, 1, 2, 2, 4, 1]}, null, null, 145, false, [], false, 0, [], null, 0, 1744384174.4799476, 0, {}]
[{"0": [1, 0, 1, 0, 23, 26, 26, 4, 3, 3, 6, 1, 0, 0, 0, 0, 2]}, null, null, 145, false, [], false, 0, [], null, 0, 1744384174.6735158, 0, {}]
[{"0": [4, 2, 3, 1, 2, 2, 3, 3, 37, 25, 24, 25, 21, 4, 1, 1, 2]}, null, null, 146, false, [], false, 0, [], null, 0, 1744384174.8990898, 0, {}]
[{"0": [30, 12, 26, 31, 27, 27, 32, 1, 1, 2, 3, 1, 0, 3, 2, 1, 5]}, null, null, 146, false, [], false, 0, [], null, 0, 1744384175.1196718, 0, {}]
[{"0": [1, 2, 1, 1, 4, 3, 2, 2, 1, 3, 4, 1, 28, 18, 33, 29, 26]}, null, null, 147, false, [], false, 0, [], null, 0, 1744384175.3442962, 0, {}]
[{"0": [3, 6, 0, 1, 2, 0, 1, 1, 1, 1, 4, 4, 3, 3, 1, 21, 1]}, null, null, 148, false, [], false, 0, [], null, 0, 1744384175.5484574, 0, {}]
[{"0": [2, 1, 1, 2, 1, 1, 0, 2, 4, 2, 2, 1, 3, 1, 1, 31, 31]}, null, null, 148, false, [], false, 0, [], null, 0, 1744384175.7774346, 0, {}]
[{"0": [2, 0, 2, 3, 2, 1, 2, 4, 2, 1, 1, 0, 4, 1, 2, 31, 24]}, null, null, 149, false, [], false, 0, [], null, 0, 1744384175.9816127, 0, {}]
[{"0": [1, 2, 2, 2, 0, 33, 36, 33, 19, 20, 2, 3, 3, 4, 4, 1, 2]}, null, null, 149, false, [], false, 0, [], null, 0, 1744384176.1942263, 0, {}]
[{"0": [1, 6, 2, 2, 2, 3, 3, 3, 27, 40, 24, 1, 2, 2, 3, 4, 1]}, null, null, 150, true, [], false, 0, [], null, 0, 1744384176.4350488, 0, {}]
