[{"0": [4, 4, 3, 3, 2, 0, 4, 1, 0, 2, 24, 19, 26, 30, 34, 30, 30]}, null, null, 0, false, [], false, 0, [], null, 0, 1744381880.0351872, 0, {}]
[{"0": [1, 2, 0, 2, 2, 1, 5, 27, 1, 3, 1, 2, 1, 1, 6, 0, 1]}, null, null, 1, false, [], false, 0, [], null, 0, 1744381880.267044, 0, {}]
[{"0": [1, 1, 1, 2, 2, 2, 2, 2, 2, 15, 32, 1, 3, 2, 2, 2, 2]}, null, null, 1, false, [], false, 0, [], null, 0, 1744381880.481438, 0, {}]
[{"0": [2, 4, 2, 4, 2, 0, 1, 4, 2, 1, 37, 27, 31, 42, 31, 1, 1]}, null, null, 2, false, [], false, 0, [], null, 0, 1744381880.6882098, 0, {}]
[{"0": [2, 3, 2, 32, 36, 33, 3, 3, 3, 2, 3, 1, 0, 3, 2, 4, 3]}, null, null, 2, false, [], false, 0, [], null, 0, 1744381880.9261208, 0, {}]
[{"0": [2, 1, 1, 0, 3, 28, 28, 30, 24, 2, 2, 2, 2, 2, 3, 1, 1]}, null, null, 3, false, [], false, 0, [], null, 0, 1744381881.125934, 0, {}]
[{"0": [2, 3, 3, 2, 32, 30, 24, 34, 2, 4, 1, 3, 2, 2, 0, 4, 1]}, null, null, 4, false, [], false, 0, [], null, 0, 1744381881.3519053, 0, {}]
[{"0": [2, 2, 1, 0, 3, 2, 2, 1, 3, 2, 2, 2, 0, 1, 35, 3, 0]}, null, null, 4, false, [], false, 0, [], null, 0, 1744381881.5622253, 0, {}]
[{"0": [3, 1, 4, 21, 4, 0, 3, 1, 1, 2, 0, 1, 2, 4, 1, 1, 1]}, null, null, 5, false, [], false, 0, [], null, 0, 1744381881.7852106, 0, {}]
[{"0": [1, 4, 1, 0, 3, 4, 3, 3, 1, 2, 1, 4, 35, 38, 29, 28, 25]}, null, null, 5, false, [], false, 0, [], null, 0, 1744381881.9950888, 0, {}]
[{"0": [2, 2, 31, 2, 4, 0, 4, 2, 0, 2, 1, 1, 1, 3, 0, 2, 2]}, null, null, 6, false, [], false, 0, [], null, 0, 1744381882.2220595, 0, {}]
[{"0": [0, 2, 2, 1, 1, 2, 2, 2, 3, 2, 1, 3, 0, 37, 38, 32, 32]}, null, null, 7, false, [], false, 0, [], null, 0, 1744381882.4252443, 0, {}]
[{"0": [3, 0, 3, 1, 5, 27, 2, 1, 7, 3, 5, 3, 2, 1, 2, 1, 2]}, null, null, 7, false, [], false, 0, [], null, 0, 1744381882.637502, 0, {}]
[{"0": [2, 3, 2, 0, 0, 3, 5, 2, 1, 4, 2, 0, 2, 1, 38, 3, 1]}, null, null, 8, false, [], false, 0, [], null, 0, 1744381882.8788068, 0, {}]
[{"0": [1, 4, 2, 1, 6, 37, 33, 31, 3, 2, 1, 3, 0, 2, 4, 0, 1]}, null, null, 8, false, [], false, 0, [], null, 0, 1744381883.0863347, 0, {}]
[{"0": [4, 2, 1, 34, 39, 26, 25, 41, 21, 34, 28, 27, 33, 36, 43, 3, 3]}, null, null, 9, false, [], false, 0, [], null, 0, 1744381883.2926433, 0, {}]
[{"0": [2, 1, 0, 32, 37, 39, 30, 1, 1, 4, 0, 4, 0, 5, 3, 1, 4]}, null, null, 10, false, [], false, 0, [], null, 0, 1744381883.5247865, 0, {}]
[{"0": [4, 1, 1, 0, 3, 2, 1, 2, 44, 33, 38, 37, 31, 35, 4, 3, 1]}, null, null, 10, false, [], false, 0, [], null, 0, 1744381883.745608, 0, {}]
[{"0": [2, 1, 2, 1, 0, 2, 2, 3, 4, 25, 28, 23, 40, 31, 33, 27, 28]}, null, null, 11, false, [], false, 0, [], null, 0, 1744381883.9455926, 0, {}]
[{"0": [20, 25, 25, 35, 34, 22, 33, 1, 0, 0, 2, 2, 1, 1, 5, 0, 2]}, null, null, 11, false, [], false, 0, [], null, 0, 1744381884.1617239, 0, {}]
[{"0": [2, 0, 3, 1, 3, 1, 1, 1, 0, 1, 1, 0, 5, 2, 3, 33, 2]}, null, null, 12, false, [], false, 0, [], null, 0, 1744381884.379608, 0, {}]
[{"0": [3, 1, 5, 4, 1, 38, 34, 30, 2, 1, 2, 3, 0, 2, 5, 2, 1]}, null, null, 13, false, [], false, 0, [], null, 0, 1744381884.5922964, 0, {}]
[{"0": [2, 4, 3, 4, 3, 1, 1, 2, 0, 1, 0, 1, 4, 1, 1, 34, 31]}, null, null, 13, false, [], false, 0, [], null, 0, 1744381884.818524, 0, {}]
[{"0": [2, 2, 2, 0, 4, 3, 2, 1, 1, 32, 32, 30, 1, 2, 1, 0, 5]}, null, null, 14, false, [], false, 0, [], null, 0, 1744381885.0305007, 0, {}]
[{"0": [2, 3, 5, 2, 1, 1, 3, 2, 1, 3, 3, 3, 1, 3, 0, 27, 31]}, null, null, 14, false, [], false, 0, [], null, 0, 1744381885.250315, 0, {}]
[{"0": [3, 5, 1, 3, 1, 2, 3, 2, 2, 4, 3, 26, 37, 20, 38, 27, 37]}, null, null, 15, false, [], false, 0, [], null, 0, 1744381885.4668684, 0, {}]
[{"0": [2, 4, 34, 31, 3, 6, 2, 4, 6, 2, 1, 0, 2, 2, 2, 0, 2]}, null, null, 16, false, [], false, 0, [], null, 0, 1744381885.6735125, 0, {}]
[{"0": [23, 34, 27, 35, 32, 32, 3, 4, 1, 4, 0, 1, 2, 4, 1, 1, 1]}, null, null, 16, false, [], false, 0, [], null, 0, 1744381885.8950899, 0, {}]
[{"0": [4, 2, 1, 1, 0, 3, 0, 3, 1, 2, 0, 2, 5, 22, 1, 0, 3]}, null, null, 17, false, [], false, 0, [], null, 0, 1744381886.1172993, 0, {}]
[{"0": [4, 0, 3, 0, 1, 1, 2, 6, 0, 4, 4, 2, 1, 18, 3, 1, 2]}, null, null, 17, false, [], false, 0, [], null, 0, 1744381886.330686, 0, {}]
[{"0": [1, 0, 1, 1, 1, 1, 2, 3, 1, 3, 25, 36, 3, 0, 1, 1, 3]}, null, null, 18, false, [], false, 0, [], null, 0, 1744381886.5572486, 0, {}]
[{"0": [0, 3, 2, 2, 2, 4, 5, 1, 1, 0, 0, 29, 1, 0, 3, 2, 1]}, null, null, 19, false, [], false, 0, [], null, 0, 1744381886.762026, 0, {}]
[{"0": [1, 5, 2, 1, 3, 6, 1, 2, 2, 0, 2, 2, 2, 1, 5, 3, 4]}, null, null, 19, false, [], false, 0, [], null, 0, 1744381886.9890404, 0, {}]
[{"0": [3, 2, 3, 0, 1, 0, 4, 2, 2, 23, 5, 2, 0, 2, 1, 5, 4]}, null, null, 20, false, [], false, 0, [], null, 0, 1744381887.2084584, 0, {}]
[{"0": [1, 5, 1, 3, 2, 20, 23, 25, 31, 31, 2, 1, 0, 3, 4, 3, 1]}, null, null, 20, false, [], false, 0, [], null, 0, 1744381887.4189606, 0, {}]
[{"0": [1, 1, 0, 2, 2, 0, 0, 2, 2, 33, 23, 40, 0, 0, 3, 2, 0]}, null, null, 21, false, [], false, 0, [], null, 0, 1744381887.628054, 0, {}]
[{"0": [1, 0, 3, 0, 0, 3, 3, 1, 3, 44, 32, 40, 28, 27, 2, 2, 0]}, null, null, 22, false, [], false, 0, [], null, 0, 1744381887.8382664, 0, {}]
[{"0": [2, 2, 2, 2, 4, 1, 25, 21, 27, 30, 3, 4, 1, 1, 1, 1, 3]}, null, null, 22, false, [], false, 0, [], null, 0, 1744381888.059024, 0, {}]
[{"0": [2, 3, 4, 2, 2, 1, 1, 0, 0, 33, 29, 25, 30, 24, 34, 37, 4]}, null, null, 23, false, [], false, 0, [], null, 0, 1744381888.2811813, 0, {}]
[{"0": [2, 0, 1, 0, 3, 2, 3, 4, 3, 2, 1, 3, 30, 29, 28, 1, 3]}, null, null, 23, false, [], false, 0, [], null, 0, 1744381888.4984546, 0, {}]
[{"0": [3, 3, 4, 2, 0, 2, 1, 4, 4, 0, 2, 1, 4, 2, 0, 22, 24]}, null, null, 24, false, [], false, 0, [], null, 0, 1744381888.716644, 0, {}]
[{"0": [0, 4, 2, 2, 29, 24, 40, 33, 19, 20, 2, 4, 0, 0, 3, 4, 1]}, null, null, 25, false, [], false, 0, [], null, 0, 1744381888.9249988, 0, {}]
[{"0": [2, 0, 2, 32, 30, 1, 2, 1, 0, 3, 2, 3, 3, 2, 2, 0, 1]}, null, null, 25, false, [], false, 0, [], null, 0, 1744381889.139457, 0, {}]
[{"0": [3, 1, 4, 3, 0, 0, 0, 1, 0, 2, 2, 1, 24, 30, 5, 3, 0]}, null, null, 26, false, [], false, 0, [], null, 0, 1744381889.3689594, 0, {}]
[{"0": [1, 0, 1, 2, 0, 0, 0, 1, 1, 1, 1, 2, 2, 2, 3, 0, 3]}, null, null, 27, false, [], false, 0, [], null, 0, 1744381889.5939417, 0, {}]
[{"0": [35, 33, 34, 26, 38, 24, 25, 29, 39, 38, 29, 36, 29, 23, 2, 6, 1]}, null, null, 27, false, [], false, 0, [], null, 0, 1744381889.7894802, 0, {}]
[{"0": [1, 3, 2, 3, 1, 36, 0, 1, 2, 2, 2, 0, 0, 0, 5, 2, 2]}, null, null, 28, false, [], false, 0, [], null, 0, 1744381890.0068595, 0, {}]
[{"0": [2, 2, 1, 2, 2, 0, 2, 2, 4, 1, 0, 1, 0, 5, 2, 3, 2]}, null, null, 28, false, [], false, 0, [], null, 0, 1744381890.225926, 0, {}]
[{"0": [1, 4, 27, 0, 2, 2, 2, 1, 3, 3, 2, 2, 1, 3, 1, 2, 2]}, null, null, 29, false, [], false, 0, [], null, 0, 1744381890.4551926, 0, {}]
[{"0": [2, 5, 0, 3, 2, 2, 2, 1, 0, 2, 1, 1, 1, 1, 29, 35, 33]}, null, null, 30, false, [], false, 0, [], null, 0, 1744381890.6641479, 0, {}]
[{"0": [1, 0, 1, 2, 1, 30, 34, 39, 45, 31, 2, 2, 3, 4, 0, 3, 2]}, null, null, 30, false, [], false, 0, [], null, 0, 1744381890.8884373, 0, {}]
[{"0": [27, 35, 22, 32, 25, 37, 1, 1, 2, 3, 3, 2, 5, 1, 2, 2, 0]}, null, null, 31, false, [], false, 0, [], null, 0, 1744381891.0937352, 0, {}]
[{"0": [3, 5, 3, 7, 2, 2, 29, 32, 2, 1, 1, 2, 1, 1, 1, 0, 3]}, null, null, 31, false, [], false, 0, [], null, 0, 1744381891.3181107, 0, {}]
[{"0": [2, 1, 1, 21, 35, 27, 25, 24, 4, 2, 5, 2, 3, 3, 1, 3, 1]}, null, null, 32, false, [], false, 0, [], null, 0, 1744381891.5338976, 0, {}]
[{"0": [0, 0, 2, 1, 2, 23, 31, 0, 1, 1, 2, 5, 3, 0, 4, 2, 1]}, null, null, 33, false, [], false, 0, [], null, 0, 1744381891.7531028, 0, {}]
[{"0": [1, 27, 1, 4, 2, 3, 5, 1, 2, 0, 1, 1, 3, 1, 1, 0, 0]}, null, null, 33, false, [], false, 0, [], null, 0, 1744381891.9661562, 0, {}]
[{"0": [3, 1, 1, 4, 3, 2, 0, 2, 2, 2, 1, 1, 31, 34, 29, 32, 23]}, null, null, 34, false, [], false, 0, [], null, 0, 1744381892.1860342, 0, {}]
[{"0": [1, 1, 4, 1, 2, 2, 3, 2, 1, 3, 3, 2, 3, 33, 28, 39, 22]}, null, null, 34, false, [], false, 0, [], null, 0, 1744381892.3869126, 0, {}]
[{"0": [4, 2, 2, 1, 2, 1, 2, 2, 2, 3, 2, 1, 1, 3, 38, 27, 4]}, null, null, 35, false, [], false, 0, [], null, 0, 1744381892.6233256, 0, {}]
[{"0": [0, 2, 2, 2, 3, 0, 1, 0, 5, 2, 38, 18, 33, 30, 34, 35, 35]}, null, null, 36, false, [], false, 0, [], null, 0, 1744381892.8290117, 0, {}]
[{"0": [1, 1, 3, 1, 2, 3, 0, 2, 4, 0, 2, 2, 3, 1, 3, 2, 2]}, null, null, 36, false, [], false, 0, [], null, 0, 1744381893.047916, 0, {}]
[{"0": [1, 1, 1, 3, 2, 0, 0, 0, 3, 1, 2, 0, 6, 1, 3, 3, 1]}, null, null, 37, false, [], false, 0, [], null, 0, 1744381893.2647815, 0, {}]
[{"0": [35, 28, 33, 42, 31, 1, 2, 2, 3, 2, 1, 1, 6, 1, 2, 1, 1]}, null, null, 37, false, [], false, 0, [], null, 0, 1744381893.4776068, 0, {}]
[{"0": [27, 29, 25, 31, 34, 23, 35, 1, 3, 0, 1, 3, 4, 1, 0, 0, 3]}, null, null, 38, false, [], false, 0, [], null, 0, 1744381893.6995614, 0, {}]
[{"0": [2, 2, 2, 1, 0, 27, 3, 3, 2, 1, 0, 1, 3, 0, 5, 0, 3]}, null, null, 39, false, [], false, 0, [], null, 0, 1744381893.9168801, 0, {}]
[{"0": [5, 0, 3, 1, 29, 0, 2, 2, 3, 1, 3, 2, 4, 1, 1, 2, 3]}, null, null, 39, false, [], false, 0, [], null, 0, 1744381894.143492, 0, {}]
[{"0": [4, 1, 1, 2, 0, 2, 1, 1, 3, 1, 1, 3, 0, 32, 30, 27, 32]}, null, null, 40, false, [], false, 0, [], null, 0, 1744381894.3413396, 0, {}]
[{"0": [1, 3, 2, 1, 2, 3, 3, 2, 5, 4, 2, 2, 0, 3, 1, 41, 19]}, null, null, 40, false, [], false, 0, [], null, 0, 1744381894.5528762, 0, {}]
[{"0": [6, 2, 2, 2, 2, 0, 1, 0, 2, 3, 3, 3, 1, 4, 0, 1, 3]}, null, null, 41, false, [], false, 0, [], null, 0, 1744381894.7692528, 0, {}]
[{"0": [28, 26, 32, 34, 28, 27, 50, 32, 30, 4, 2, 1, 1, 4, 3, 4, 2]}, null, null, 42, false, [], false, 0, [], null, 0, 1744381894.9969385, 0, {}]
[{"0": [2, 1, 3, 1, 4, 34, 39, 33, 27, 1, 3, 0, 4, 2, 0, 1, 1]}, null, null, 42, false, [], false, 0, [], null, 0, 1744381895.2037027, 0, {}]
[{"0": [0, 2, 2, 35, 29, 26, 40, 29, 30, 38, 28, 36, 32, 24, 34, 32, 31]}, null, null, 43, false, [], false, 0, [], null, 0, 1744381895.4351525, 0, {}]
[{"0": [3, 3, 4, 4, 2, 3, 2, 2, 1, 2, 3, 1, 34, 31, 29, 4, 5]}, null, null, 43, false, [], false, 0, [], null, 0, 1744381895.6433926, 0, {}]
[{"0": [1, 0, 3, 1, 3, 2, 2, 2, 1, 1, 36, 0, 3, 3, 3, 3, 0]}, null, null, 44, false, [], false, 0, [], null, 0, 1744381895.8555167, 0, {}]
[{"0": [0, 1, 3, 1, 0, 32, 30, 37, 32, 22, 26, 24, 28, 26, 29, 28, 30]}, null, null, 45, false, [], false, 0, [], null, 0, 1744381896.0808468, 0, {}]
[{"0": [0, 0, 2, 3, 1, 1, 0, 0, 1, 1, 2, 0, 3, 30, 35, 35, 29]}, null, null, 45, false, [], false, 0, [], null, 0, 1744381896.3080564, 0, {}]
[{"0": [1, 1, 5, 3, 6, 1, 4, 2, 1, 2, 1, 25, 2, 1, 2, 2, 2]}, null, null, 46, false, [], false, 0, [], null, 0, 1744381896.5147877, 0, {}]
[{"0": [6, 1, 2, 1, 1, 0, 1, 29, 35, 26, 28, 27, 28, 36, 2, 1, 0]}, null, null, 46, false, [], false, 0, [], null, 0, 1744381896.7312787, 0, {}]
[{"0": [30, 41, 29, 32, 26, 29, 1, 2, 1, 2, 1, 3, 1, 4, 2, 0, 2]}, null, null, 47, false, [], false, 0, [], null, 0, 1744381896.9522512, 0, {}]
[{"0": [0, 2, 2, 1, 0, 1, 0, 3, 0, 3, 4, 27, 22, 31, 25, 31, 1]}, null, null, 48, false, [], false, 0, [], null, 0, 1744381897.173103, 0, {}]
[{"0": [2, 1, 2, 1, 1, 1, 2, 0, 1, 2, 0, 3, 2, 3, 40, 35, 36]}, null, null, 48, false, [], false, 0, [], null, 0, 1744381897.3854427, 0, {}]
[{"0": [4, 1, 2, 2, 3, 2, 0, 0, 1, 34, 27, 36, 25, 35, 31, 38, 32]}, null, null, 49, false, [], false, 0, [], null, 0, 1744381897.607618, 0, {}]
[{"0": [2, 2, 1, 1, 2, 0, 3, 3, 3, 1, 5, 28, 23, 33, 30, 27, 21]}, null, null, 49, false, [], false, 0, [], null, 0, 1744381897.8142233, 0, {}]
[{"0": [1, 0, 5, 2, 1, 0, 1, 4, 1, 31, 1, 3, 1, 3, 0, 1, 1]}, null, null, 50, false, [], false, 0, [], null, 0, 1744381898.0399985, 0, {}]
[{"0": [1, 0, 2, 0, 1, 3, 3, 3, 4, 1, 0, 1, 2, 1, 2, 0, 1]}, null, null, 51, false, [], false, 0, [], null, 0, 1744381898.2489, 0, {}]
[{"0": [1, 4, 2, 2, 1, 2, 37, 30, 29, 39, 34, 26, 19, 2, 2, 4, 3]}, null, null, 51, false, [], false, 0, [], null, 0, 1744381898.4749806, 0, {}]
[{"0": [30, 35, 29, 19, 28, 24, 29, 29, 32, 23, 29, 0, 2, 1, 4, 0, 3]}, null, null, 52, false, [], false, 0, [], null, 0, 1744381898.6896737, 0, {}]
[{"0": [4, 2, 28, 2, 3, 3, 0, 2, 3, 3, 1, 0, 2, 1, 1, 0, 3]}, null, null, 52, false, [], false, 0, [], null, 0, 1744381898.9056356, 0, {}]
[{"0": [1, 3, 3, 1, 1, 0, 27, 32, 40, 2, 3, 1, 3, 2, 2, 1, 2]}, null, null, 53, false, [], false, 0, [], null, 0, 1744381899.1068945, 0, {}]
[{"0": [4, 1, 25, 29, 21, 34, 34, 34, 30, 28, 3, 4, 2, 0, 3, 2, 2]}, null, null, 54, false, [], false, 0, [], null, 0, 1744381899.339872, 0, {}]
[{"0": [31, 28, 1, 2, 3, 0, 4, 3, 2, 6, 1, 2, 3, 1, 0, 3, 2]}, null, null, 54, false, [], false, 0, [], null, 0, 1744381899.5568726, 0, {}]
[{"0": [1, 0, 3, 1, 1, 30, 23, 27, 22, 36, 25, 19, 20, 27, 26, 30, 25]}, null, null, 55, false, [], false, 0, [], null, 0, 1744381899.7665467, 0, {}]
[{"0": [3, 1, 2, 2, 1, 0, 1, 39, 27, 1, 1, 1, 1, 1, 1, 2, 3]}, null, null, 55, false, [], false, 0, [], null, 0, 1744381899.985512, 0, {}]
[{"0": [4, 1, 30, 33, 28, 23, 2, 1, 2, 1, 3, 1, 2, 2, 0, 3, 4]}, null, null, 56, false, [], false, 0, [], null, 0, 1744381900.200395, 0, {}]
[{"0": [1, 4, 1, 0, 0, 37, 27, 14, 31, 29, 0, 2, 1, 1, 2, 4, 2]}, null, null, 57, false, [], false, 0, [], null, 0, 1744381900.4047346, 0, {}]
[{"0": [0, 2, 3, 4, 0, 5, 0, 30, 23, 20, 40, 23, 30, 3, 2, 0, 2]}, null, null, 57, false, [], false, 0, [], null, 0, 1744381900.6299596, 0, {}]
[{"0": [23, 2, 3, 2, 2, 1, 2, 3, 1, 2, 1, 2, 0, 2, 4, 2, 2]}, null, null, 58, false, [], false, 0, [], null, 0, 1744381900.8553405, 0, {}]
[{"0": [32, 1, 1, 3, 3, 3, 1, 2, 3, 0, 0, 0, 3, 0, 3, 0, 2]}, null, null, 58, false, [], false, 0, [], null, 0, 1744381901.0738413, 0, {}]
[{"0": [17, 25, 26, 30, 24, 29, 0, 4, 3, 0, 3, 3, 2, 3, 1, 1, 4]}, null, null, 59, false, [], false, 0, [], null, 0, 1744381901.2920532, 0, {}]
[{"0": [3, 4, 1, 2, 1, 1, 0, 2, 2, 5, 20, 36, 1, 4, 1, 3, 2]}, null, null, 60, false, [], false, 0, [], null, 0, 1744381901.4973514, 0, {}]
[{"0": [4, 1, 27, 27, 20, 30, 29, 25, 26, 38, 29, 2, 1, 3, 2, 2, 2]}, null, null, 60, false, [], false, 0, [], null, 0, 1744381901.7172287, 0, {}]
[{"0": [0, 0, 1, 0, 2, 2, 1, 1, 38, 32, 39, 0, 2, 1, 2, 2, 0]}, null, null, 61, false, [], false, 0, [], null, 0, 1744381901.9250948, 0, {}]
[{"0": [3, 3, 1, 1, 1, 5, 3, 2, 33, 34, 35, 45, 1, 2, 2, 2, 0]}, null, null, 61, false, [], false, 0, [], null, 0, 1744381902.140723, 0, {}]
[{"0": [1, 2, 2, 1, 0, 29, 37, 34, 19, 26, 27, 37, 34, 23, 36, 23, 33]}, null, null, 62, false, [], false, 0, [], null, 0, 1744381902.357535, 0, {}]
[{"0": [3, 2, 1, 4, 4, 3, 1, 2, 1, 4, 1, 0, 36, 33, 34, 32, 36]}, null, null, 63, false, [], false, 0, [], null, 0, 1744381902.567743, 0, {}]
[{"0": [2, 2, 1, 2, 2, 2, 3, 2, 0, 29, 30, 32, 28, 1, 2, 3, 1]}, null, null, 63, false, [], false, 0, [], null, 0, 1744381902.8023856, 0, {}]
[{"0": [3, 0, 4, 4, 2, 2, 0, 4, 4, 1, 3, 18, 29, 27, 23, 28, 40]}, null, null, 64, false, [], false, 0, [], null, 0, 1744381903.0165942, 0, {}]
[{"0": [3, 0, 1, 2, 3, 2, 1, 2, 4, 1, 5, 5, 3, 1, 30, 2, 0]}, null, null, 64, false, [], false, 0, [], null, 0, 1744381903.221446, 0, {}]
[{"0": [1, 1, 27, 27, 29, 34, 2, 0, 2, 0, 2, 3, 1, 1, 3, 2, 1]}, null, null, 65, false, [], false, 0, [], null, 0, 1744381903.4367437, 0, {}]
[{"0": [1, 4, 2, 4, 34, 28, 29, 29, 31, 1, 1, 0, 0, 1, 1, 1, 2]}, null, null, 66, false, [], false, 0, [], null, 0, 1744381903.6648965, 0, {}]
[{"0": [2, 2, 1, 0, 2, 2, 4, 2, 2, 3, 3, 1, 29, 45, 36, 24, 31]}, null, null, 66, false, [], false, 0, [], null, 0, 1744381903.876529, 0, {}]
[{"0": [28, 33, 17, 32, 32, 28, 37, 19, 26, 27, 25, 25, 39, 29, 32, 35, 25]}, null, null, 67, false, [], false, 0, [], null, 0, 1744381904.0967112, 0, {}]
[{"0": [5, 4, 2, 1, 1, 3, 0, 27, 28, 27, 25, 23, 24, 25, 37, 26, 28]}, null, null, 67, false, [], false, 0, [], null, 0, 1744381904.3049638, 0, {}]
[{"0": [4, 1, 3, 5, 2, 2, 2, 3, 1, 1, 31, 0, 1, 3, 2, 4, 0]}, null, null, 68, false, [], false, 0, [], null, 0, 1744381904.5227323, 0, {}]
[{"0": [5, 0, 2, 2, 1, 5, 2, 41, 31, 33, 34, 3, 4, 4, 2, 3, 2]}, null, null, 69, false, [], false, 0, [], null, 0, 1744381904.7463975, 0, {}]
[{"0": [0, 1, 2, 1, 2, 0, 4, 29, 30, 31, 2, 0, 2, 2, 5, 3, 2]}, null, null, 69, false, [], false, 0, [], null, 0, 1744381904.9539878, 0, {}]
[{"0": [0, 3, 3, 2, 1, 5, 2, 0, 1, 0, 27, 40, 36, 35, 45, 1, 3]}, null, null, 70, false, [], false, 0, [], null, 0, 1744381905.1802123, 0, {}]
[{"0": [2, 0, 1, 0, 3, 3, 3, 1, 0, 24, 41, 1, 2, 1, 3, 0, 5]}, null, null, 70, false, [], false, 0, [], null, 0, 1744381905.3973074, 0, {}]
[{"0": [3, 2, 26, 33, 33, 37, 41, 5, 2, 3, 1, 0, 3, 2, 2, 1, 0]}, null, null, 71, false, [], false, 0, [], null, 0, 1744381905.6074665, 0, {}]
[{"0": [1, 2, 1, 4, 5, 3, 2, 3, 28, 27, 27, 1, 4, 4, 1, 2, 3]}, null, null, 72, false, [], false, 0, [], null, 0, 1744381905.8174393, 0, {}]
[{"0": [1, 2, 2, 3, 1, 0, 2, 0, 3, 42, 28, 4, 1, 1, 0, 3, 1]}, null, null, 72, false, [], false, 0, [], null, 0, 1744381906.0402622, 0, {}]
[{"0": [3, 4, 1, 0, 3, 0, 0, 4, 1, 0, 2, 37, 30, 37, 35, 29, 5]}, null, null, 73, false, [], false, 0, [], null, 0, 1744381906.254007, 0, {}]
[{"0": [1, 2, 2, 4, 3, 2, 3, 2, 26, 1, 2, 2, 5, 1, 2, 3, 2]}, null, null, 73, false, [], false, 0, [], null, 0, 1744381906.4720585, 0, {}]
[{"0": [1, 2, 28, 1, 2, 3, 1, 3, 5, 1, 1, 1, 2, 3, 1, 1, 2]}, null, null, 74, false, [], false, 0, [], null, 0, 1744381906.6917706, 0, {}]
[{"0": [1, 0, 34, 31, 24, 25, 2, 5, 0, 1, 1, 0, 3, 3, 4, 2, 1]}, null, null, 75, false, [], false, 0, [], null, 0, 1744381906.9151974, 0, {}]
[{"0": [0, 26, 36, 31, 24, 29, 1, 1, 2, 3, 2, 8, 1, 2, 4, 1, 1]}, null, null, 75, false, [], false, 0, [], null, 0, 1744381907.1165483, 0, {}]
[{"0": [0, 4, 2, 0, 1, 1, 1, 2, 1, 0, 1, 3, 0, 3, 4, 31, 31]}, null, null, 76, false, [], false, 0, [], null, 0, 1744381907.3529818, 0, {}]
[{"0": [1, 2, 1, 3, 1, 3, 3, 1, 4, 3, 1, 5, 3, 26, 30, 26, 34]}, null, null, 77, false, [], false, 0, [], null, 0, 1744381907.5579038, 0, {}]
[{"0": [2, 1, 1, 1, 4, 2, 3, 1, 0, 36, 36, 20, 35, 21, 32, 39, 37]}, null, null, 77, false, [], false, 0, [], null, 0, 1744381907.7737799, 0, {}]
[{"0": [3, 1, 1, 0, 4, 3, 1, 3, 4, 1, 2, 1, 1, 29, 21, 24, 23]}, null, null, 78, false, [], false, 0, [], null, 0, 1744381907.9932203, 0, {}]
[{"0": [0, 3, 3, 1, 4, 1, 1, 3, 2, 2, 0, 2, 0, 1, 3, 26, 26]}, null, null, 78, false, [], false, 0, [], null, 0, 1744381908.2122211, 0, {}]
[{"0": [0, 4, 4, 3, 3, 7, 28, 20, 3, 0, 5, 0, 3, 2, 3, 3, 4]}, null, null, 79, false, [], false, 0, [], null, 0, 1744381908.4384825, 0, {}]
[{"0": [3, 1, 4, 2, 1, 0, 0, 4, 31, 39, 36, 40, 40, 2, 2, 3, 3]}, null, null, 80, false, [], false, 0, [], null, 0, 1744381908.649074, 0, {}]
[{"0": [1, 4, 1, 2, 3, 5, 4, 1, 24, 2, 1, 4, 3, 1, 3, 0, 1]}, null, null, 80, false, [], false, 0, [], null, 0, 1744381908.8617625, 0, {}]
[{"0": [1, 1, 31, 30, 22, 35, 23, 28, 32, 31, 27, 24, 27, 22, 20, 31, 32]}, null, null, 81, false, [], false, 0, [], null, 0, 1744381909.070922, 0, {}]
[{"0": [1, 1, 3, 1, 3, 30, 0, 1, 1, 1, 1, 6, 0, 0, 5, 2, 3]}, null, null, 81, false, [], false, 0, [], null, 0, 1744381909.2924235, 0, {}]
[{"0": [3, 1, 1, 1, 0, 1, 3, 0, 2, 35, 31, 36, 2, 2, 3, 4, 3]}, null, null, 82, false, [], false, 0, [], null, 0, 1744381909.507076, 0, {}]
[{"0": [1, 1, 1, 4, 2, 2, 3, 1, 2, 2, 1, 1, 0, 3, 3, 28, 32]}, null, null, 83, false, [], false, 0, [], null, 0, 1744381909.7256763, 0, {}]
[{"0": [4, 2, 2, 3, 2, 3, 37, 37, 33, 37, 38, 1, 4, 2, 0, 3, 4]}, null, null, 83, false, [], false, 0, [], null, 0, 1744381909.9426916, 0, {}]
[{"0": [1, 2, 2, 1, 2, 2, 1, 2, 1, 4, 3, 4, 4, 2, 0, 3, 2]}, null, null, 84, false, [], false, 0, [], null, 0, 1744381910.1699672, 0, {}]
[{"0": [4, 2, 1, 3, 3, 2, 2, 3, 1, 37, 27, 31, 31, 7, 3, 0, 2]}, null, null, 84, false, [], false, 0, [], null, 0, 1744381910.3711479, 0, {}]
[{"0": [1, 0, 1, 0, 1, 2, 3, 2, 2, 35, 42, 32, 33, 33, 2, 2, 3]}, null, null, 85, false, [], false, 0, [], null, 0, 1744381910.5883622, 0, {}]
[{"0": [3, 0, 1, 1, 2, 4, 29, 2, 6, 0, 1, 3, 2, 4, 3, 1, 0]}, null, null, 86, false, [], false, 0, [], null, 0, 1744381910.8095727, 0, {}]
[{"0": [0, 1, 20, 1, 0, 2, 6, 3, 3, 6, 2, 0, 3, 2, 0, 3, 1]}, null, null, 86, false, [], false, 0, [], null, 0, 1744381911.0240045, 0, {}]
[{"0": [1, 0, 2, 2, 1, 27, 33, 3, 0, 2, 2, 3, 1, 0, 2, 4, 1]}, null, null, 87, false, [], false, 0, [], null, 0, 1744381911.2402825, 0, {}]
[{"0": [2, 1, 2, 1, 2, 2, 2, 2, 4, 1, 0, 3, 1, 0, 3, 24, 26]}, null, null, 87, false, [], false, 0, [], null, 0, 1744381911.4624045, 0, {}]
[{"0": [1, 0, 1, 1, 4, 1, 4, 2, 1, 1, 3, 2, 0, 2, 26, 34, 34]}, null, null, 88, false, [], false, 0, [], null, 0, 1744381911.6672375, 0, {}]
[{"0": [0, 1, 4, 1, 1, 4, 2, 2, 1, 1, 2, 34, 22, 3, 0, 2, 0]}, null, null, 89, false, [], false, 0, [], null, 0, 1744381911.885255, 0, {}]
[{"0": [0, 2, 3, 4, 4, 3, 2, 3, 3, 4, 1, 35, 2, 3, 2, 4, 2]}, null, null, 89, false, [], false, 0, [], null, 0, 1744381912.104658, 0, {}]
[{"0": [0, 2, 1, 2, 1, 0, 2, 2, 1, 1, 31, 32, 41, 30, 22, 37, 1]}, null, null, 90, false, [], false, 0, [], null, 0, 1744381912.3378224, 0, {}]
[{"0": [1, 1, 1, 1, 1, 1, 1, 0, 2, 2, 1, 3, 1, 2, 22, 29, 24]}, null, null, 90, false, [], false, 0, [], null, 0, 1744381912.5390596, 0, {}]
[{"0": [0, 1, 2, 1, 0, 3, 1, 26, 31, 19, 33, 36, 29, 28, 36, 3, 2]}, null, null, 91, false, [], false, 0, [], null, 0, 1744381912.7652044, 0, {}]
[{"0": [1, 1, 0, 2, 1, 27, 40, 29, 1, 1, 3, 1, 1, 1, 3, 0, 1]}, null, null, 92, false, [], false, 0, [], null, 0, 1744381912.9712803, 0, {}]
[{"0": [1, 1, 1, 4, 1, 3, 0, 1, 3, 1, 29, 39, 25, 18, 2, 5, 3]}, null, null, 92, false, [], false, 0, [], null, 0, 1744381913.1885018, 0, {}]
[{"0": [2, 1, 1, 1, 1, 1, 1, 2, 2, 4, 3, 2, 22, 32, 23, 45, 36]}, null, null, 93, false, [], false, 0, [], null, 0, 1744381913.401188, 0, {}]
[{"0": [4, 8, 2, 1, 3, 5, 29, 2, 0, 2, 4, 0, 3, 1, 1, 2, 1]}, null, null, 93, false, [], false, 0, [], null, 0, 1744381913.629558, 0, {}]
[{"0": [4, 3, 1, 0, 1, 2, 1, 3, 1, 2, 29, 33, 30, 35, 28, 23, 42]}, null, null, 94, false, [], false, 0, [], null, 0, 1744381913.847104, 0, {}]
[{"0": [1, 1, 0, 25, 2, 1, 2, 3, 5, 4, 2, 1, 2, 0, 1, 0, 28]}, null, null, 95, false, [], false, 0, [], null, 0, 1744381914.0555077, 0, {}]
[{"0": [2, 0, 2, 2, 2, 0, 2, 2, 4, 1, 1, 3, 0, 1, 2, 29, 22]}, null, null, 95, false, [], false, 0, [], null, 0, 1744381914.275104, 0, {}]
[{"0": [1, 3, 5, 4, 4, 1, 3, 21, 2, 1, 1, 2, 2, 0, 3, 1, 3]}, null, null, 96, false, [], false, 0, [], null, 0, 1744381914.491042, 0, {}]
[{"0": [4, 3, 2, 1, 2, 2, 3, 3, 1, 4, 2, 3, 2, 2, 4, 2, 4]}, null, null, 96, false, [], false, 0, [], null, 0, 1744381914.7051392, 0, {}]
[{"0": [34, 1, 4, 0, 5, 2, 4, 2, 5, 5, 1, 4, 2, 1, 3, 3, 4]}, null, null, 97, false, [], false, 0, [], null, 0, 1744381914.9252625, 0, {}]
[{"0": [3, 2, 3, 1, 2, 3, 3, 1, 3, 2, 3, 1, 3, 40, 3, 1, 1]}, null, null, 98, false, [], false, 0, [], null, 0, 1744381915.1521482, 0, {}]
[{"0": [0, 2, 5, 4, 5, 3, 1, 3, 2, 4, 0, 0, 1, 2, 26, 32, 33]}, null, null, 98, false, [], false, 0, [], null, 0, 1744381915.376508, 0, {}]
[{"0": [0, 2, 1, 3, 2, 3, 2, 3, 3, 2, 3, 1, 4, 37, 19, 27, 34]}, null, null, 99, false, [], false, 0, [], null, 0, 1744381915.576603, 0, {}]
[{"0": [30, 43, 28, 2, 2, 2, 4, 0, 2, 1, 1, 1, 5, 1, 1, 0, 2]}, null, null, 99, false, [], false, 0, [], null, 0, 1744381915.786394, 0, {}]
[{"0": [24, 41, 42, 30, 2, 3, 4, 3, 2, 4, 3, 3, 3, 1, 3, 2, 1]}, null, null, 100, false, [], false, 0, [], null, 0, 1744381916.0077446, 0, {}]
[{"0": [2, 4, 2, 3, 2, 30, 31, 40, 27, 31, 22, 25, 32, 27, 39, 37, 35]}, null, null, 101, false, [], false, 0, [], null, 0, 1744381916.2240798, 0, {}]
[{"0": [3, 4, 6, 2, 1, 1, 35, 35, 46, 27, 26, 1, 0, 4, 4, 3, 2]}, null, null, 101, false, [], false, 0, [], null, 0, 1744381916.434766, 0, {}]
[{"0": [0, 4, 3, 2, 2, 0, 1, 1, 3, 3, 1, 38, 30, 29, 40, 5, 2]}, null, null, 102, false, [], false, 0, [], null, 0, 1744381916.6568012, 0, {}]
[{"0": [1, 5, 2, 3, 1, 3, 2, 1, 25, 37, 37, 40, 37, 40, 31, 40, 31]}, null, null, 102, false, [], false, 0, [], null, 0, 1744381916.8744369, 0, {}]
[{"0": [1, 1, 2, 1, 3, 1, 4, 3, 2, 2, 1, 2, 2, 2, 3, 32, 29]}, null, null, 103, false, [], false, 0, [], null, 0, 1744381917.0936399, 0, {}]
[{"0": [1, 2, 0, 1, 35, 31, 31, 34, 25, 33, 30, 28, 3, 2, 3, 1, 3]}, null, null, 104, false, [], false, 0, [], null, 0, 1744381917.2968552, 0, {}]
[{"0": [39, 32, 26, 23, 28, 26, 28, 3, 3, 3, 3, 4, 3, 3, 0, 1, 2]}, null, null, 104, false, [], false, 0, [], null, 0, 1744381917.519317, 0, {}]
[{"0": [26, 24, 41, 46, 29, 28, 36, 36, 45, 41, 24, 28, 22, 0, 2, 3, 3]}, null, null, 105, false, [], false, 0, [], null, 0, 1744381917.748059, 0, {}]
[{"0": [0, 1, 1, 3, 2, 2, 4, 29, 28, 28, 31, 33, 26, 0, 1, 4, 0]}, null, null, 105, false, [], false, 0, [], null, 0, 1744381917.9523554, 0, {}]
[{"0": [4, 3, 2, 2, 2, 3, 2, 0, 3, 1, 2, 35, 0, 3, 3, 1, 1]}, null, null, 106, false, [], false, 0, [], null, 0, 1744381918.1699193, 0, {}]
[{"0": [3, 2, 0, 1, 3, 0, 3, 3, 2, 1, 0, 2, 32, 34, 33, 1, 5]}, null, null, 107, false, [], false, 0, [], null, 0, 1744381918.3890004, 0, {}]
[{"0": [36, 27, 34, 32, 42, 34, 38, 1, 1, 3, 2, 3, 1, 2, 4, 3, 5]}, null, null, 107, false, [], false, 0, [], null, 0, 1744381918.6044025, 0, {}]
[{"0": [1, 3, 0, 3, 1, 2, 1, 2, 2, 7, 4, 2, 4, 36, 46, 30, 35]}, null, null, 108, false, [], false, 0, [], null, 0, 1744381918.819997, 0, {}]
[{"0": [3, 1, 2, 5, 0, 1, 3, 2, 2, 38, 35, 29, 26, 20, 26, 25, 30]}, null, null, 108, false, [], false, 0, [], null, 0, 1744381919.0400667, 0, {}]
[{"0": [2, 1, 4, 0, 2, 30, 0, 3, 0, 1, 3, 1, 3, 3, 1, 1, 1]}, null, null, 109, false, [], false, 0, [], null, 0, 1744381919.2561736, 0, {}]
[{"0": [4, 2, 2, 1, 4, 0, 5, 0, 4, 1, 2, 40, 38, 2, 3, 1, 1]}, null, null, 110, false, [], false, 0, [], null, 0, 1744381919.4785454, 0, {}]
[{"0": [1, 3, 1, 5, 2, 1, 2, 3, 3, 4, 3, 3, 1, 0, 3, 3, 3]}, null, null, 110, false, [], false, 0, [], null, 0, 1744381919.688364, 0, {}]
[{"0": [34, 2, 4, 2, 3, 2, 1, 2, 2, 1, 3, 1, 0, 3, 1, 0, 1]}, null, null, 111, false, [], false, 0, [], null, 0, 1744381919.9037151, 0, {}]
[{"0": [29, 37, 41, 30, 25, 2, 4, 2, 2, 2, 1, 1, 1, 0, 0, 0, 1]}, null, null, 111, false, [], false, 0, [], null, 0, 1744381920.1205473, 0, {}]
[{"0": [3, 1, 5, 1, 24, 28, 27, 25, 32, 4, 1, 1, 0, 4, 2, 2, 4]}, null, null, 112, false, [], false, 0, [], null, 0, 1744381920.3469405, 0, {}]
[{"0": [3, 2, 0, 1, 1, 2, 2, 4, 1, 4, 0, 4, 4, 1, 42, 4, 1]}, null, null, 113, false, [], false, 0, [], null, 0, 1744381920.5600908, 0, {}]
[{"0": [2, 2, 2, 3, 0, 3, 33, 32, 2, 1, 5, 6, 2, 1, 2, 2, 1]}, null, null, 113, false, [], false, 0, [], null, 0, 1744381920.7704005, 0, {}]
[{"0": [33, 38, 26, 32, 1, 1, 1, 0, 3, 2, 0, 7, 1, 4, 1, 3, 4]}, null, null, 114, false, [], false, 0, [], null, 0, 1744381920.9945307, 0, {}]
[{"0": [3, 3, 1, 2, 1, 25, 33, 0, 2, 1, 2, 0, 2, 4, 5, 3, 1]}, null, null, 114, false, [], false, 0, [], null, 0, 1744381921.1955106, 0, {}]
[{"0": [2, 2, 1, 1, 1, 2, 5, 2, 1, 1, 4, 3, 5, 1, 1, 1, 2]}, null, null, 115, false, [], false, 0, [], null, 0, 1744381921.41532, 0, {}]
[{"0": [1, 3, 3, 2, 4, 1, 0, 0, 1, 1, 2, 1, 3, 1, 1, 0, 26]}, null, null, 116, false, [], false, 0, [], null, 0, 1744381921.6406407, 0, {}]
[{"0": [0, 3, 1, 5, 3, 2, 2, 2, 0, 2, 4, 34, 35, 27, 33, 2, 1]}, null, null, 116, false, [], false, 0, [], null, 0, 1744381921.851715, 0, {}]
[{"0": [1, 1, 2, 0, 0, 33, 33, 38, 32, 33, 2, 2, 4, 5, 0, 2, 2]}, null, null, 117, false, [], false, 0, [], null, 0, 1744381922.081631, 0, {}]
[{"0": [1, 1, 1, 3, 3, 1, 1, 26, 30, 33, 27, 27, 35, 38, 32, 41, 39]}, null, null, 117, false, [], false, 0, [], null, 0, 1744381922.2928193, 0, {}]
[{"0": [5, 2, 3, 2, 3, 0, 4, 1, 42, 3, 3, 2, 3, 2, 3, 2, 4]}, null, null, 118, false, [], false, 0, [], null, 0, 1744381922.4945488, 0, {}]
[{"0": [3, 1, 2, 3, 2, 2, 22, 30, 3, 4, 3, 1, 0, 3, 2, 4, 1]}, null, null, 119, false, [], false, 0, [], null, 0, 1744381922.7177083, 0, {}]
[{"0": [4, 1, 4, 2, 2, 4, 2, 3, 2, 1, 3, 0, 5, 2, 2, 42, 2]}, null, null, 119, false, [], false, 0, [], null, 0, 1744381922.9484894, 0, {}]
[{"0": [2, 1, 1, 2, 1, 4, 4, 4, 1, 3, 2, 36, 33, 29, 21, 31, 45]}, null, null, 120, false, [], false, 0, [], null, 0, 1744381923.1639724, 0, {}]
[{"0": [3, 2, 3, 2, 3, 1, 2, 3, 2, 4, 7, 2, 2, 1, 1, 2, 2]}, null, null, 120, false, [], false, 0, [], null, 0, 1744381923.3842916, 0, {}]
[{"0": [0, 0, 2, 2, 3, 2, 2, 1, 4, 0, 3, 26, 34, 39, 4, 4, 2]}, null, null, 121, false, [], false, 0, [], null, 0, 1744381923.5843875, 0, {}]
[{"0": [2, 3, 4, 3, 1, 2, 1, 0, 38, 2, 1, 3, 1, 2, 4, 1, 3]}, null, null, 122, false, [], false, 0, [], null, 0, 1744381923.7988782, 0, {}]
[{"0": [0, 1, 4, 0, 4, 1, 3, 0, 1, 3, 26, 1, 3, 3, 3, 3, 3]}, null, null, 122, false, [], false, 0, [], null, 0, 1744381924.0354447, 0, {}]
[{"0": [1, 0, 2, 1, 27, 26, 22, 29, 35, 38, 1, 3, 1, 1, 0, 5, 3]}, null, null, 123, false, [], false, 0, [], null, 0, 1744381924.2517648, 0, {}]
[{"0": [2, 0, 2, 4, 1, 2, 1, 7, 2, 3, 29, 31, 39, 35, 38, 40, 35]}, null, null, 123, false, [], false, 0, [], null, 0, 1744381924.4630582, 0, {}]
[{"0": [3, 6, 1, 2, 4, 3, 3, 2, 2, 1, 2, 6, 1, 33, 4, 1, 3]}, null, null, 124, false, [], false, 0, [], null, 0, 1744381924.6844885, 0, {}]
[{"0": [1, 1, 0, 2, 1, 1, 1, 0, 1, 26, 47, 32, 33, 40, 36, 38, 34]}, null, null, 125, false, [], false, 0, [], null, 0, 1744381924.887191, 0, {}]
[{"0": [3, 3, 1, 3, 8, 1, 3, 1, 2, 2, 1, 3, 1, 2, 0, 3, 3]}, null, null, 125, false, [], false, 0, [], null, 0, 1744381925.1112373, 0, {}]
[{"0": [0, 1, 0, 1, 2, 1, 3, 0, 2, 25, 31, 34, 1, 3, 0, 1, 1]}, null, null, 126, false, [], false, 0, [], null, 0, 1744381925.325357, 0, {}]
[{"0": [2, 2, 0, 31, 26, 32, 32, 22, 48, 32, 22, 29, 28, 31, 30, 3, 1]}, null, null, 127, false, [], false, 0, [], null, 0, 1744381925.5423198, 0, {}]
[{"0": [0, 0, 0, 2, 0, 3, 27, 26, 38, 39, 30, 38, 38, 35, 30, 26, 37]}, null, null, 127, false, [], false, 0, [], null, 0, 1744381925.7430162, 0, {}]
[{"0": [2, 3, 2, 3, 2, 5, 3, 3, 2, 2, 6, 2, 0, 32, 23, 43, 2]}, null, null, 128, false, [], false, 0, [], null, 0, 1744381925.9747481, 0, {}]
[{"0": [4, 3, 3, 2, 1, 1, 1, 1, 2, 29, 1, 3, 1, 2, 5, 4, 5]}, null, null, 128, false, [], false, 0, [], null, 0, 1744381926.1817396, 0, {}]
[{"0": [0, 28, 26, 28, 24, 26, 27, 43, 1, 3, 1, 2, 1, 1, 3, 0, 3]}, null, null, 129, false, [], false, 0, [], null, 0, 1744381926.4107924, 0, {}]
[{"0": [32, 40, 24, 34, 32, 21, 3, 1, 0, 1, 3, 6, 1, 1, 1, 1, 1]}, null, null, 130, false, [], false, 0, [], null, 0, 1744381926.6202226, 0, {}]
[{"0": [2, 2, 27, 1, 1, 4, 1, 4, 4, 2, 1, 0, 2, 2, 3, 1, 3]}, null, null, 130, false, [], false, 0, [], null, 0, 1744381926.8474705, 0, {}]
[{"0": [1, 2, 2, 1, 0, 3, 1, 1, 0, 0, 2, 0, 29, 23, 26, 29, 27]}, null, null, 131, false, [], false, 0, [], null, 0, 1744381927.057494, 0, {}]
[{"0": [2, 3, 2, 2, 2, 3, 2, 2, 3, 5, 0, 2, 2, 2, 28, 39, 31]}, null, null, 131, false, [], false, 0, [], null, 0, 1744381927.2647882, 0, {}]
[{"0": [0, 1, 0, 2, 0, 2, 1, 2, 1, 1, 2, 2, 1, 0, 32, 18, 21]}, null, null, 132, false, [], false, 0, [], null, 0, 1744381927.4898589, 0, {}]
[{"0": [44, 37, 36, 37, 24, 37, 28, 27, 34, 31, 35, 29, 29, 22, 22, 2, 3]}, null, null, 133, false, [], false, 0, [], null, 0, 1744381927.7053404, 0, {}]
[{"0": [3, 1, 1, 2, 0, 0, 4, 1, 2, 3, 3, 1, 0, 29, 0, 3, 1]}, null, null, 133, false, [], false, 0, [], null, 0, 1744381927.9313698, 0, {}]
[{"0": [5, 2, 3, 2, 2, 2, 0, 2, 1, 5, 3, 2, 2, 43, 25, 29, 23]}, null, null, 134, false, [], false, 0, [], null, 0, 1744381928.1368947, 0, {}]
[{"0": [2, 1, 4, 1, 2, 1, 33, 29, 0, 4, 1, 1, 5, 1, 2, 2, 5]}, null, null, 134, false, [], false, 0, [], null, 0, 1744381928.3590174, 0, {}]
[{"0": [1, 3, 1, 1, 37, 31, 34, 4, 2, 1, 3, 1, 6, 1, 1, 1, 1]}, null, null, 135, false, [], false, 0, [], null, 0, 1744381928.5816205, 0, {}]
[{"0": [3, 2, 5, 2, 2, 0, 2, 4, 1, 3, 3, 0, 1, 1, 44, 31, 34]}, null, null, 136, false, [], false, 0, [], null, 0, 1744381928.7925184, 0, {}]
[{"0": [1, 4, 1, 2, 0, 0, 1, 1, 3, 3, 4, 2, 6, 3, 2, 38, 29]}, null, null, 136, false, [], false, 0, [], null, 0, 1744381928.9955256, 0, {}]
[{"0": [1, 4, 0, 1, 0, 2, 2, 1, 2, 34, 34, 29, 30, 42, 0, 3, 0]}, null, null, 137, false, [], false, 0, [], null, 0, 1744381929.2075508, 0, {}]
[{"0": [32, 32, 1, 3, 4, 0, 0, 2, 0, 2, 4, 2, 0, 1, 0, 3, 1]}, null, null, 137, false, [], false, 0, [], null, 0, 1744381929.426284, 0, {}]
[{"0": [1, 2, 2, 1, 0, 3, 29, 20, 28, 2, 4, 3, 6, 2, 6, 2, 2]}, null, null, 138, false, [], false, 0, [], null, 0, 1744381929.6496253, 0, {}]
[{"0": [1, 0, 3, 0, 5, 2, 1, 1, 3, 3, 1, 5, 1, 1, 34, 3, 3]}, null, null, 139, false, [], false, 0, [], null, 0, 1744381929.8645034, 0, {}]
[{"0": [3, 1, 26, 34, 2, 3, 5, 1, 1, 1, 3, 1, 2, 2, 3, 4, 6]}, null, null, 139, false, [], false, 0, [], null, 0, 1744381930.084366, 0, {}]
[{"0": [2, 0, 1, 30, 38, 29, 34, 31, 36, 37, 5, 4, 2, 4, 3, 1, 4]}, null, null, 140, false, [], false, 0, [], null, 0, 1744381930.3046992, 0, {}]
[{"0": [34, 27, 37, 35, 32, 28, 26, 0, 2, 2, 2, 0, 1, 4, 2, 3, 2]}, null, null, 140, false, [], false, 0, [], null, 0, 1744381930.5143178, 0, {}]
[{"0": [35, 42, 27, 0, 4, 4, 5, 3, 1, 2, 1, 3, 0, 3, 3, 1, 4]}, null, null, 141, false, [], false, 0, [], null, 0, 1744381930.739523, 0, {}]
[{"0": [3, 3, 2, 2, 4, 3, 1, 2, 0, 2, 1, 1, 1, 4, 30, 31, 25]}, null, null, 142, false, [], false, 0, [], null, 0, 1744381930.9536264, 0, {}]
[{"0": [4, 2, 1, 4, 5, 2, 2, 1, 1, 0, 3, 1, 31, 2, 0, 2, 4]}, null, null, 142, false, [], false, 0, [], null, 0, 1744381931.1647584, 0, {}]
[{"0": [3, 3, 2, 1, 4, 2, 1, 26, 30, 2, 1, 2, 4, 3, 2, 6, 3]}, null, null, 143, false, [], false, 0, [], null, 0, 1744381931.3920796, 0, {}]
[{"0": [2, 2, 5, 1, 2, 3, 1, 1, 1, 0, 2, 4, 3, 0, 3, 18, 38]}, null, null, 143, false, [], false, 0, [], null, 0, 1744381931.5972154, 0, {}]
[{"0": [3, 2, 0, 5, 1, 0, 2, 3, 0, 3, 3, 0, 2, 0, 32, 32, 29]}, null, null, 144, false, [], false, 0, [], null, 0, 1744381931.8281133, 0, {}]
[{"0": [0, 27, 33, 32, 29, 30, 31, 38, 35, 31, 35, 37, 27, 36, 28, 24, 44]}, null, null, 145, false, [], false, 0, [], null, 0, 1744381932.0397527, 0, {}]
[{"0": [2, 3, 0, 24, 44, 32, 4, 3, 2, 3, 2, 1, 2, 4, 0, 1, 2]}, null, null, 145, false, [], false, 0, [], null, 0, 1744381932.2517695, 0, {}]
[{"0": [1, 3, 1, 4, 2, 1, 4, 2, 3, 0, 2, 3, 2, 0, 34, 1, 4]}, null, null, 146, false, [], false, 0, [], null, 0, 1744381932.4785178, 0, {}]
[{"0": [4, 2, 4, 2, 1, 1, 2, 3, 2, 1, 1, 2, 0, 4, 24, 23, 41]}, null, null, 146, false, [], false, 0, [], null, 0, 1744381932.6948032, 0, {}]
[{"0": [1, 1, 2, 3, 2, 2, 3, 1, 1, 1, 39, 30, 30, 29, 24, 2, 4]}, null, null, 147, false, [], false, 0, [], null, 0, 1744381932.911019, 0, {}]
[{"0": [1, 2, 2, 3, 1, 0, 32, 33, 36, 33, 29, 30, 32, 25, 27, 32, 20]}, null, null, 148, false, [], false, 0, [], null, 0, 1744381933.1179402, 0, {}]
[{"0": [0, 0, 1, 1, 5, 2, 1, 1, 4, 24, 25, 27, 39, 24, 26, 29, 1]}, null, null, 148, false, [], false, 0, [], null, 0, 1744381933.3293371, 0, {}]
[{"0": [3, 3, 2, 3, 0, 2, 1, 0, 1, 1, 3, 1, 2, 1, 2, 25, 3]}, null, null, 149, false, [], false, 0, [], null, 0, 1744381933.5502598, 0, {}]
[{"0": [5, 3, 4, 1, 0, 1, 1, 0, 37, 4, 2, 0, 2, 1, 3, 4, 2]}, null, null, 149, false, [], false, 0, [], null, 0, 1744381933.761131, 0, {}]
[{"0": [0, 0, 1, 0, 2, 1, 5, 34, 29, 26, 27, 35, 1, 5, 3, 0, 0]}, null, null, 150, true, [], false, 0, [], null, 0, 1744381933.9913988, 0, {}]
