[{"0": [4, 1, 4, 3, 1, 34, 36, 28, 32, 47, 1, 2, 0, 1, 1, 4, 1]}, null, null, 0, false, [], false, 0, [], null, 0, 1744382861.1445737, 0, {}]
[{"0": [2, 1, 2, 33, 24, 2, 0, 4, 2, 0, 2, 3, 1, 3, 1, 1, 4]}, null, null, 1, false, [], false, 0, [], null, 0, 1744382861.3892531, 0, {}]
[{"0": [1, 1, 2, 21, 31, 2, 1, 2, 1, 0, 1, 0, 1, 1, 3, 2, 5]}, null, null, 1, false, [], false, 0, [], null, 0, 1744382861.5890365, 0, {}]
[{"0": [2, 0, 0, 2, 1, 3, 2, 1, 2, 1, 4, 0, 1, 1, 0, 36, 26]}, null, null, 2, false, [], false, 0, [], null, 0, 1744382861.7969868, 0, {}]
[{"0": [0, 0, 2, 0, 1, 3, 3, 34, 34, 0, 0, 0, 1, 3, 4, 4, 4]}, null, null, 2, false, [], false, 0, [], null, 0, 1744382862.0198708, 0, {}]
[{"0": [3, 5, 0, 2, 1, 3, 3, 1, 2, 28, 2, 1, 2, 4, 3, 3, 0]}, null, null, 3, false, [], false, 0, [], null, 0, 1744382862.2385345, 0, {}]
[{"0": [0, 6, 29, 2, 1, 2, 0, 1, 3, 1, 1, 0, 1, 0, 2, 4, 3]}, null, null, 4, false, [], false, 0, [], null, 0, 1744382862.4723794, 0, {}]
[{"0": [34, 0, 3, 5, 1, 4, 5, 6, 0, 5, 2, 21, 1, 2, 1, 3, 2]}, null, null, 4, false, [], false, 0, [], null, 0, 1744382862.6781442, 0, {}]
[{"0": [2, 1, 2, 25, 19, 36, 0, 1, 0, 1, 0, 0, 1, 3, 2, 0, 0]}, null, null, 5, false, [], false, 0, [], null, 0, 1744382862.898447, 0, {}]
[{"0": [2, 1, 3, 1, 2, 4, 1, 1, 3, 3, 20, 34, 5, 3, 0, 1, 2]}, null, null, 5, false, [], false, 0, [], null, 0, 1744382863.1090477, 0, {}]
[{"0": [2, 2, 2, 28, 24, 25, 32, 22, 1, 4, 3, 1, 2, 1, 3, 0, 3]}, null, null, 6, false, [], false, 0, [], null, 0, 1744382863.3207738, 0, {}]
[{"0": [4, 0, 4, 0, 1, 2, 3, 3, 4, 24, 1, 3, 6, 1, 1, 3, 4]}, null, null, 7, false, [], false, 0, [], null, 0, 1744382863.5439768, 0, {}]
[{"0": [1, 2, 2, 1, 0, 1, 2, 2, 3, 0, 0, 1, 2, 1, 1, 27, 37]}, null, null, 7, false, [], false, 0, [], null, 0, 1744382863.7539618, 0, {}]
[{"0": [1, 2, 1, 1, 1, 0, 0, 1, 1, 1, 2, 3, 36, 35, 23, 34, 38]}, null, null, 8, false, [], false, 0, [], null, 0, 1744382863.9773123, 0, {}]
[{"0": [3, 0, 1, 5, 0, 41, 27, 27, 34, 33, 4, 3, 2, 1, 2, 2, 0]}, null, null, 8, false, [], false, 0, [], null, 0, 1744382864.2030253, 0, {}]
[{"0": [3, 3, 3, 2, 1, 2, 2, 2, 3, 1, 2, 1, 0, 3, 1, 27, 24]}, null, null, 9, false, [], false, 0, [], null, 0, 1744382864.4156764, 0, {}]
[{"0": [1, 1, 2, 3, 1, 2, 3, 1, 3, 3, 3, 2, 3, 4, 2, 2, 2]}, null, null, 10, false, [], false, 0, [], null, 0, 1744382864.6134634, 0, {}]
[{"0": [1, 1, 4, 39, 44, 0, 1, 1, 3, 3, 3, 3, 2, 4, 6, 1, 0]}, null, null, 10, false, [], false, 0, [], null, 0, 1744382864.8485777, 0, {}]
[{"0": [3, 0, 2, 3, 26, 28, 31, 1, 0, 1, 1, 1, 3, 2, 0, 3, 3]}, null, null, 11, false, [], false, 0, [], null, 0, 1744382865.0501502, 0, {}]
[{"0": [0, 1, 2, 0, 2, 3, 3, 1, 1, 1, 1, 1, 1, 27, 32, 27, 37]}, null, null, 11, false, [], false, 0, [], null, 0, 1744382865.2785194, 0, {}]
[{"0": [2, 2, 1, 1, 2, 1, 2, 2, 3, 1, 1, 0, 2, 1, 0, 2, 5]}, null, null, 12, false, [], false, 0, [], null, 0, 1744382865.4941082, 0, {}]
[{"0": [3, 0, 2, 3, 2, 0, 0, 3, 33, 1, 0, 2, 1, 1, 2, 1, 1]}, null, null, 13, false, [], false, 0, [], null, 0, 1744382865.7226658, 0, {}]
[{"0": [39, 3, 4, 0, 1, 5, 2, 1, 1, 1, 0, 1, 1, 2, 0, 2, 2]}, null, null, 13, false, [], false, 0, [], null, 0, 1744382865.9374673, 0, {}]
[{"0": [26, 29, 33, 1, 3, 0, 2, 3, 3, 30, 1, 3, 2, 1, 3, 4, 2]}, null, null, 14, false, [], false, 0, [], null, 0, 1744382866.1441152, 0, {}]
[{"0": [1, 3, 1, 3, 0, 1, 0, 2, 7, 0, 1, 0, 37, 24, 30, 33, 26]}, null, null, 14, false, [], false, 0, [], null, 0, 1744382866.363303, 0, {}]
[{"0": [4, 2, 2, 1, 1, 0, 27, 41, 34, 1, 4, 1, 3, 1, 3, 4, 1]}, null, null, 15, false, [], false, 0, [], null, 0, 1744382866.569844, 0, {}]
[{"0": [1, 3, 1, 2, 1, 6, 2, 0, 2, 2, 27, 25, 2, 2, 3, 1, 2]}, null, null, 16, false, [], false, 0, [], null, 0, 1744382866.792549, 0, {}]
[{"0": [0, 23, 33, 30, 32, 27, 0, 4, 1, 1, 4, 2, 2, 3, 3, 0, 1]}, null, null, 16, false, [], false, 0, [], null, 0, 1744382867.0159976, 0, {}]
[{"0": [0, 3, 3, 2, 31, 35, 28, 1, 2, 1, 0, 0, 4, 4, 0, 0, 1]}, null, null, 17, false, [], false, 0, [], null, 0, 1744382867.2208443, 0, {}]
[{"0": [6, 1, 3, 2, 4, 4, 2, 2, 2, 1, 4, 2, 2, 1, 1, 30, 31]}, null, null, 17, false, [], false, 0, [], null, 0, 1744382867.4450521, 0, {}]
[{"0": [1, 3, 32, 30, 34, 25, 31, 21, 27, 21, 28, 38, 36, 4, 2, 3, 3]}, null, null, 18, false, [], false, 0, [], null, 0, 1744382867.6496005, 0, {}]
[{"0": [4, 2, 0, 0, 0, 1, 1, 3, 1, 5, 1, 4, 0, 1, 1, 2, 2]}, null, null, 19, false, [], false, 0, [], null, 0, 1744382867.8824673, 0, {}]
[{"0": [0, 2, 2, 0, 3, 26, 18, 24, 1, 3, 3, 4, 1, 1, 3, 3, 2]}, null, null, 19, false, [], false, 0, [], null, 0, 1744382868.0875993, 0, {}]
[{"0": [2, 2, 1, 1, 5, 2, 2, 3, 2, 3, 2, 3, 2, 26, 30, 22, 24]}, null, null, 20, false, [], false, 0, [], null, 0, 1744382868.3214595, 0, {}]
[{"0": [0, 1, 2, 4, 3, 0, 1, 0, 2, 3, 0, 2, 3, 0, 2, 4, 2]}, null, null, 20, false, [], false, 0, [], null, 0, 1744382868.5198462, 0, {}]
[{"0": [0, 0, 2, 2, 4, 1, 3, 1, 1, 2, 3, 0, 0, 1, 2, 0, 1]}, null, null, 21, false, [], false, 0, [], null, 0, 1744382868.7543933, 0, {}]
[{"0": [2, 2, 4, 3, 2, 4, 0, 39, 30, 2, 1, 1, 3, 1, 1, 0, 1]}, null, null, 22, false, [], false, 0, [], null, 0, 1744382868.9638836, 0, {}]
[{"0": [4, 0, 2, 29, 4, 1, 1, 2, 1, 3, 3, 1, 1, 0, 1, 4, 3]}, null, null, 22, false, [], false, 0, [], null, 0, 1744382869.175037, 0, {}]
[{"0": [1, 3, 1, 1, 0, 2, 3, 2, 35, 19, 32, 0, 4, 3, 4, 2, 10]}, null, null, 23, false, [], false, 0, [], null, 0, 1744382869.3846283, 0, {}]
[{"0": [0, 5, 1, 2, 1, 5, 1, 0, 1, 5, 4, 3, 2, 3, 32, 23, 27]}, null, null, 23, false, [], false, 0, [], null, 0, 1744382869.61762, 0, {}]
[{"0": [0, 2, 2, 0, 4, 1, 3, 1, 1, 0, 2, 1, 1, 3, 2, 29, 28]}, null, null, 24, false, [], false, 0, [], null, 0, 1744382869.8152437, 0, {}]
[{"0": [28, 27, 27, 34, 31, 27, 32, 30, 2, 1, 1, 3, 0, 1, 2, 1, 4]}, null, null, 25, false, [], false, 0, [], null, 0, 1744382870.0470355, 0, {}]
[{"0": [0, 1, 1, 3, 1, 0, 0, 21, 24, 24, 32, 1, 3, 3, 2, 3, 4]}, null, null, 25, false, [], false, 0, [], null, 0, 1744382870.248359, 0, {}]
[{"0": [2, 3, 5, 0, 1, 5, 1, 3, 5, 4, 3, 0, 4, 2, 3, 31, 26]}, null, null, 26, false, [], false, 0, [], null, 0, 1744382870.4754257, 0, {}]
[{"0": [0, 2, 2, 3, 1, 28, 27, 33, 25, 2, 0, 2, 0, 1, 3, 2, 1]}, null, null, 27, false, [], false, 0, [], null, 0, 1744382870.6982102, 0, {}]
[{"0": [1, 1, 0, 1, 1, 2, 2, 3, 3, 2, 3, 3, 2, 2, 2, 27, 3]}, null, null, 27, false, [], false, 0, [], null, 0, 1744382870.9022298, 0, {}]
[{"0": [1, 2, 4, 2, 2, 0, 34, 26, 3, 2, 5, 0, 1, 2, 4, 2, 4]}, null, null, 28, false, [], false, 0, [], null, 0, 1744382871.1242876, 0, {}]
[{"0": [3, 2, 0, 0, 28, 39, 1, 4, 3, 2, 0, 1, 1, 5, 4, 6, 3]}, null, null, 28, false, [], false, 0, [], null, 0, 1744382871.3386528, 0, {}]
[{"0": [1, 3, 2, 4, 1, 0, 28, 49, 2, 1, 2, 2, 4, 2, 5, 3, 1]}, null, null, 29, false, [], false, 0, [], null, 0, 1744382871.55505, 0, {}]
[{"0": [1, 0, 2, 1, 0, 3, 28, 4, 5, 2, 2, 0, 1, 2, 2, 2, 2]}, null, null, 30, false, [], false, 0, [], null, 0, 1744382871.7836578, 0, {}]
[{"0": [1, 3, 1, 2, 0, 1, 3, 3, 1, 2, 38, 36, 38, 33, 33, 1, 1]}, null, null, 30, false, [], false, 0, [], null, 0, 1744382871.997191, 0, {}]
[{"0": [2, 1, 1, 2, 28, 29, 23, 27, 26, 37, 26, 4, 6, 1, 2, 2, 3]}, null, null, 31, false, [], false, 0, [], null, 0, 1744382872.2101877, 0, {}]
[{"0": [1, 5, 1, 1, 2, 1, 2, 1, 3, 1, 5, 2, 5, 37, 29, 3, 5]}, null, null, 31, false, [], false, 0, [], null, 0, 1744382872.419294, 0, {}]
[{"0": [0, 2, 1, 3, 4, 1, 2, 31, 2, 4, 3, 4, 1, 3, 2, 4, 3]}, null, null, 32, false, [], false, 0, [], null, 0, 1744382872.6365433, 0, {}]
[{"0": [2, 3, 2, 2, 2, 22, 40, 37, 3, 0, 0, 0, 3, 1, 1, 1, 1]}, null, null, 33, false, [], false, 0, [], null, 0, 1744382872.8580463, 0, {}]
[{"0": [1, 2, 3, 2, 3, 1, 2, 5, 2, 3, 5, 2, 1, 5, 37, 23, 28]}, null, null, 33, false, [], false, 0, [], null, 0, 1744382873.0608325, 0, {}]
[{"0": [3, 3, 0, 6, 1, 1, 2, 35, 27, 32, 20, 32, 29, 30, 21, 27, 34]}, null, null, 34, false, [], false, 0, [], null, 0, 1744382873.281559, 0, {}]
[{"0": [2, 4, 3, 24, 34, 28, 28, 33, 28, 32, 2, 0, 2, 3, 3, 1, 3]}, null, null, 34, false, [], false, 0, [], null, 0, 1744382873.493679, 0, {}]
[{"0": [4, 2, 0, 5, 1, 2, 2, 4, 2, 6, 1, 4, 3, 3, 3, 1, 0]}, null, null, 35, false, [], false, 0, [], null, 0, 1744382873.713896, 0, {}]
[{"0": [3, 1, 3, 0, 2, 3, 2, 1, 2, 1, 3, 2, 1, 1, 0, 34, 2]}, null, null, 36, false, [], false, 0, [], null, 0, 1744382873.9406466, 0, {}]
[{"0": [5, 5, 1, 3, 2, 2, 1, 2, 4, 0, 34, 31, 27, 34, 29, 16, 37]}, null, null, 36, false, [], false, 0, [], null, 0, 1744382874.1457112, 0, {}]
[{"0": [2, 3, 1, 1, 2, 1, 0, 2, 2, 3, 30, 30, 36, 27, 37, 28, 37]}, null, null, 37, false, [], false, 0, [], null, 0, 1744382874.3616803, 0, {}]
[{"0": [2, 2, 0, 2, 2, 1, 1, 2, 1, 3, 0, 4, 24, 26, 3, 1, 0]}, null, null, 37, false, [], false, 0, [], null, 0, 1744382874.5827634, 0, {}]
[{"0": [2, 4, 3, 1, 0, 0, 2, 0, 4, 1, 20, 28, 1, 1, 2, 2, 4]}, null, null, 38, false, [], false, 0, [], null, 0, 1744382874.8127084, 0, {}]
[{"0": [0, 1, 1, 0, 1, 1, 2, 3, 2, 23, 28, 31, 37, 39, 20, 23, 32]}, null, null, 39, false, [], false, 0, [], null, 0, 1744382875.0169532, 0, {}]
[{"0": [1, 3, 5, 1, 1, 0, 3, 3, 3, 3, 2, 3, 31, 37, 3, 2, 0]}, null, null, 39, false, [], false, 0, [], null, 0, 1744382875.2317004, 0, {}]
[{"0": [4, 3, 3, 1, 1, 3, 2, 2, 1, 5, 3, 2, 36, 25, 29, 29, 21]}, null, null, 40, false, [], false, 0, [], null, 0, 1744382875.443697, 0, {}]
[{"0": [0, 2, 1, 3, 2, 0, 0, 1, 4, 1, 0, 31, 17, 32, 26, 21, 25]}, null, null, 40, false, [], false, 0, [], null, 0, 1744382875.6835217, 0, {}]
[{"0": [2, 2, 4, 1, 2, 0, 4, 1, 3, 1, 1, 1, 1, 2, 30, 2, 1]}, null, null, 41, false, [], false, 0, [], null, 0, 1744382875.881114, 0, {}]
[{"0": [2, 3, 0, 2, 3, 2, 1, 0, 3, 0, 3, 1, 0, 21, 32, 38, 30]}, null, null, 42, false, [], false, 0, [], null, 0, 1744382876.0951254, 0, {}]
[{"0": [2, 4, 2, 0, 0, 2, 1, 2, 3, 1, 2, 6, 2, 1, 38, 1, 1]}, null, null, 42, false, [], false, 0, [], null, 0, 1744382876.3189692, 0, {}]
[{"0": [2, 1, 2, 4, 3, 0, 2, 23, 5, 5, 3, 1, 3, 1, 2, 3, 0]}, null, null, 43, false, [], false, 0, [], null, 0, 1744382876.5432, 0, {}]
[{"0": [4, 3, 2, 6, 35, 24, 23, 1, 4, 1, 4, 0, 0, 2, 0, 3, 3]}, null, null, 43, false, [], false, 0, [], null, 0, 1744382876.7415686, 0, {}]
[{"0": [6, 0, 0, 2, 2, 3, 4, 2, 21, 20, 33, 20, 2, 3, 0, 2, 3]}, null, null, 44, false, [], false, 0, [], null, 0, 1744382876.975333, 0, {}]
[{"0": [21, 23, 1, 3, 4, 1, 2, 3, 0, 0, 2, 3, 3, 0, 2, 3, 2]}, null, null, 45, false, [], false, 0, [], null, 0, 1744382877.1819463, 0, {}]
[{"0": [5, 5, 3, 2, 1, 0, 3, 1, 2, 34, 47, 1, 2, 1, 2, 3, 2]}, null, null, 45, false, [], false, 0, [], null, 0, 1744382877.407889, 0, {}]
[{"0": [2, 1, 1, 0, 4, 4, 0, 2, 3, 1, 2, 3, 1, 2, 3, 18, 43]}, null, null, 46, false, [], false, 0, [], null, 0, 1744382877.623587, 0, {}]
[{"0": [3, 2, 2, 3, 2, 1, 1, 0, 1, 3, 2, 14, 3, 2, 4, 2, 0]}, null, null, 46, false, [], false, 0, [], null, 0, 1744382877.8417828, 0, {}]
[{"0": [1, 3, 1, 3, 2, 0, 4, 1, 1, 2, 6, 2, 1, 0, 1, 31, 27]}, null, null, 47, false, [], false, 0, [], null, 0, 1744382878.050398, 0, {}]
[{"0": [1, 1, 3, 1, 3, 2, 2, 1, 4, 3, 3, 2, 1, 1, 1, 1, 1]}, null, null, 48, false, [], false, 0, [], null, 0, 1744382878.2770274, 0, {}]
[{"0": [3, 1, 1, 2, 1, 2, 1, 3, 2, 0, 0, 3, 1, 3, 1, 1, 3]}, null, null, 48, false, [], false, 0, [], null, 0, 1744382878.4990077, 0, {}]
[{"0": [3, 2, 4, 1, 3, 0, 2, 1, 1, 1, 1, 0, 37, 16, 26, 28, 38]}, null, null, 49, false, [], false, 0, [], null, 0, 1744382878.714224, 0, {}]
[{"0": [0, 2, 4, 3, 30, 1, 2, 1, 2, 0, 1, 2, 1, 3, 5, 1, 1]}, null, null, 49, false, [], false, 0, [], null, 0, 1744382878.922177, 0, {}]
[{"0": [4, 1, 3, 36, 29, 32, 41, 16, 39, 31, 36, 29, 27, 24, 31, 27, 27]}, null, null, 50, false, [], false, 0, [], null, 0, 1744382879.1429322, 0, {}]
[{"0": [2, 7, 1, 2, 1, 1, 0, 1, 1, 1, 31, 1, 3, 1, 2, 4, 1]}, null, null, 51, false, [], false, 0, [], null, 0, 1744382879.3505442, 0, {}]
[{"0": [5, 3, 4, 0, 1, 3, 0, 3, 0, 22, 40, 34, 28, 25, 32, 33, 19]}, null, null, 51, false, [], false, 0, [], null, 0, 1744382879.5664504, 0, {}]
[{"0": [3, 1, 2, 3, 1, 31, 31, 27, 1, 2, 1, 0, 2, 3, 7, 4, 1]}, null, null, 52, false, [], false, 0, [], null, 0, 1744382879.7809246, 0, {}]
[{"0": [0, 1, 3, 0, 4, 2, 2, 2, 22, 3, 1, 2, 3, 3, 1, 1, 1]}, null, null, 52, false, [], false, 0, [], null, 0, 1744382880.0084016, 0, {}]
[{"0": [3, 0, 33, 28, 14, 24, 27, 20, 31, 33, 24, 30, 24, 26, 31, 25, 25]}, null, null, 53, false, [], false, 0, [], null, 0, 1744382880.219461, 0, {}]
[{"0": [0, 0, 1, 2, 2, 1, 2, 2, 4, 2, 6, 0, 27, 30, 0, 1, 1]}, null, null, 54, false, [], false, 0, [], null, 0, 1744382880.4332826, 0, {}]
[{"0": [2, 2, 0, 1, 2, 3, 1, 3, 1, 0, 2, 9, 1, 2, 1, 38, 26]}, null, null, 54, false, [], false, 0, [], null, 0, 1744382880.6612387, 0, {}]
[{"0": [3, 2, 39, 32, 34, 3, 1, 1, 4, 1, 0, 0, 2, 1, 0, 1, 5]}, null, null, 55, false, [], false, 0, [], null, 0, 1744382880.862379, 0, {}]
[{"0": [1, 1, 1, 3, 1, 28, 26, 37, 29, 0, 2, 0, 3, 1, 3, 2, 2]}, null, null, 55, false, [], false, 0, [], null, 0, 1744382881.08951, 0, {}]
[{"0": [4, 2, 2, 6, 2, 0, 2, 0, 1, 6, 2, 1, 1, 3, 3, 27, 39]}, null, null, 56, false, [], false, 0, [], null, 0, 1744382881.3000345, 0, {}]
[{"0": [34, 24, 30, 31, 31, 29, 36, 42, 32, 28, 3, 1, 2, 1, 1, 3, 0]}, null, null, 57, false, [], false, 0, [], null, 0, 1744382881.5275412, 0, {}]
[{"0": [1, 0, 0, 1, 3, 3, 2, 1, 2, 2, 0, 0, 3, 2, 19, 26, 28]}, null, null, 57, false, [], false, 0, [], null, 0, 1744382881.7335558, 0, {}]
[{"0": [1, 3, 1, 1, 4, 4, 4, 1, 4, 3, 3, 0, 2, 1, 3, 2, 0]}, null, null, 58, false, [], false, 0, [], null, 0, 1744382881.9631112, 0, {}]
[{"0": [0, 1, 1, 2, 0, 2, 1, 2, 4, 1, 3, 1, 1, 0, 1, 1, 0]}, null, null, 58, false, [], false, 0, [], null, 0, 1744382882.1626291, 0, {}]
[{"0": [0, 1, 1, 0, 4, 0, 27, 26, 24, 0, 0, 1, 3, 1, 1, 2, 1]}, null, null, 59, false, [], false, 0, [], null, 0, 1744382882.389209, 0, {}]
[{"0": [2, 2, 4, 1, 2, 0, 2, 4, 2, 0, 1, 2, 1, 3, 4, 35, 27]}, null, null, 60, false, [], false, 0, [], null, 0, 1744382882.614287, 0, {}]
[{"0": [32, 1, 2, 2, 1, 1, 1, 2, 1, 2, 0, 1, 0, 5, 2, 0, 2]}, null, null, 60, false, [], false, 0, [], null, 0, 1744382882.8219223, 0, {}]
[{"0": [4, 2, 1, 4, 2, 2, 1, 2, 1, 1, 1, 3, 23, 1, 4, 2, 4]}, null, null, 61, false, [], false, 0, [], null, 0, 1744382883.0467596, 0, {}]
[{"0": [0, 2, 2, 0, 1, 1, 22, 2, 0, 1, 2, 1, 3, 2, 1, 1, 3]}, null, null, 61, false, [], false, 0, [], null, 0, 1744382883.2528708, 0, {}]
[{"0": [3, 2, 0, 0, 2, 0, 4, 2, 1, 3, 1, 26, 24, 30, 30, 23, 26]}, null, null, 62, false, [], false, 0, [], null, 0, 1744382883.4761236, 0, {}]
[{"0": [1, 3, 1, 0, 1, 4, 0, 2, 4, 0, 0, 5, 3, 2, 25, 25, 25]}, null, null, 63, false, [], false, 0, [], null, 0, 1744382883.6882985, 0, {}]
[{"0": [1, 5, 2, 2, 1, 2, 1, 36, 23, 4, 3, 3, 2, 2, 0, 0, 0]}, null, null, 63, false, [], false, 0, [], null, 0, 1744382883.8946488, 0, {}]
[{"0": [0, 6, 1, 2, 2, 1, 2, 1, 3, 1, 1, 3, 24, 29, 26, 26, 28]}, null, null, 64, false, [], false, 0, [], null, 0, 1744382884.1075146, 0, {}]
[{"0": [1, 3, 0, 2, 3, 30, 29, 26, 0, 1, 1, 2, 2, 1, 1, 2, 1]}, null, null, 64, false, [], false, 0, [], null, 0, 1744382884.3384233, 0, {}]
[{"0": [1, 2, 0, 1, 2, 1, 2, 2, 1, 0, 4, 3, 2, 2, 0, 2, 2]}, null, null, 65, false, [], false, 0, [], null, 0, 1744382884.549869, 0, {}]
[{"0": [3, 3, 1, 3, 2, 3, 3, 2, 2, 0, 18, 3, 1, 5, 4, 3, 4]}, null, null, 66, false, [], false, 0, [], null, 0, 1744382884.776271, 0, {}]
[{"0": [0, 1, 2, 0, 1, 0, 0, 2, 1, 1, 3, 4, 1, 1, 1, 45, 30]}, null, null, 66, false, [], false, 0, [], null, 0, 1744382884.9916961, 0, {}]
[{"0": [4, 1, 2, 1, 1, 4, 3, 3, 0, 3, 3, 2, 2, 2, 2, 30, 31]}, null, null, 67, false, [], false, 0, [], null, 0, 1744382885.1958842, 0, {}]
[{"0": [22, 35, 33, 26, 31, 0, 0, 1, 2, 0, 3, 5, 4, 4, 1, 0, 4]}, null, null, 67, false, [], false, 0, [], null, 0, 1744382885.4217608, 0, {}]
[{"0": [0, 3, 1, 1, 3, 4, 2, 1, 1, 0, 2, 1, 1, 0, 29, 34, 27]}, null, null, 68, false, [], false, 0, [], null, 0, 1744382885.6407278, 0, {}]
[{"0": [2, 1, 2, 0, 22, 1, 0, 1, 3, 0, 0, 3, 4, 1, 3, 0, 1]}, null, null, 69, false, [], false, 0, [], null, 0, 1744382885.8470888, 0, {}]
[{"0": [0, 4, 2, 1, 3, 0, 1, 4, 2, 1, 40, 19, 24, 2, 1, 1, 2]}, null, null, 69, false, [], false, 0, [], null, 0, 1744382886.072448, 0, {}]
[{"0": [2, 0, 4, 1, 3, 2, 2, 1, 2, 0, 17, 33, 25, 27, 29, 30, 24]}, null, null, 70, false, [], false, 0, [], null, 0, 1744382886.286523, 0, {}]
[{"0": [1, 1, 2, 1, 1, 2, 4, 1, 1, 5, 2, 26, 36, 24, 2, 4, 2]}, null, null, 70, false, [], false, 0, [], null, 0, 1744382886.4940748, 0, {}]
[{"0": [0, 1, 2, 3, 2, 2, 2, 1, 1, 1, 28, 0, 1, 0, 0, 0, 1]}, null, null, 71, false, [], false, 0, [], null, 0, 1744382886.722441, 0, {}]
[{"0": [0, 2, 3, 0, 1, 2, 2, 3, 3, 3, 1, 2, 2, 5, 2, 20, 28]}, null, null, 72, false, [], false, 0, [], null, 0, 1744382886.934989, 0, {}]
[{"0": [1, 1, 0, 0, 2, 2, 2, 1, 1, 1, 1, 1, 0, 2, 0, 24, 35]}, null, null, 72, false, [], false, 0, [], null, 0, 1744382887.1655653, 0, {}]
[{"0": [3, 6, 3, 2, 0, 0, 0, 0, 1, 0, 1, 4, 2, 4, 1, 2, 0]}, null, null, 73, false, [], false, 0, [], null, 0, 1744382887.3820598, 0, {}]
[{"0": [2, 2, 5, 4, 0, 1, 1, 26, 0, 2, 3, 2, 2, 1, 3, 1, 6]}, null, null, 73, false, [], false, 0, [], null, 0, 1744382887.5859056, 0, {}]
[{"0": [3, 1, 2, 4, 2, 3, 1, 3, 0, 3, 26, 2, 1, 1, 4, 0, 1]}, null, null, 74, false, [], false, 0, [], null, 0, 1744382887.8023543, 0, {}]
[{"0": [3, 2, 4, 1, 0, 4, 2, 2, 1, 3, 0, 1, 0, 4, 3, 2, 5]}, null, null, 75, false, [], false, 0, [], null, 0, 1744382888.011794, 0, {}]
[{"0": [4, 1, 1, 1, 0, 3, 4, 0, 1, 3, 0, 1, 2, 30, 29, 18, 37]}, null, null, 75, false, [], false, 0, [], null, 0, 1744382888.227408, 0, {}]
[{"0": [3, 1, 1, 1, 2, 28, 26, 21, 30, 1, 4, 1, 1, 0, 2, 1, 4]}, null, null, 76, false, [], false, 0, [], null, 0, 1744382888.4469564, 0, {}]
[{"0": [2, 0, 2, 2, 30, 28, 43, 26, 29, 31, 24, 29, 31, 25, 32, 2, 1]}, null, null, 77, false, [], false, 0, [], null, 0, 1744382888.6554778, 0, {}]
[{"0": [2, 0, 1, 4, 4, 23, 28, 22, 47, 30, 27, 18, 4, 3, 1, 4, 2]}, null, null, 77, false, [], false, 0, [], null, 0, 1744382888.8837566, 0, {}]
[{"0": [5, 0, 1, 0, 4, 3, 2, 2, 3, 3, 31, 26, 3, 1, 1, 1, 1]}, null, null, 78, false, [], false, 0, [], null, 0, 1744382889.0906298, 0, {}]
[{"0": [2, 1, 1, 2, 34, 34, 27, 35, 35, 29, 2, 2, 2, 0, 3, 1, 5]}, null, null, 78, false, [], false, 0, [], null, 0, 1744382889.3157058, 0, {}]
[{"0": [2, 4, 0, 1, 3, 28, 1, 1, 2, 0, 2, 4, 5, 1, 1, 1, 2]}, null, null, 79, false, [], false, 0, [], null, 0, 1744382889.5385716, 0, {}]
[{"0": [4, 2, 2, 3, 3, 33, 23, 27, 4, 1, 3, 2, 0, 3, 0, 2, 0]}, null, null, 80, false, [], false, 0, [], null, 0, 1744382889.7408273, 0, {}]
[{"0": [1, 1, 2, 2, 3, 3, 3, 1, 3, 1, 1, 0, 2, 0, 1, 3, 2]}, null, null, 80, false, [], false, 0, [], null, 0, 1744382889.975782, 0, {}]
[{"0": [0, 0, 2, 4, 2, 1, 3, 3, 1, 1, 1, 2, 1, 29, 29, 30, 25]}, null, null, 81, false, [], false, 0, [], null, 0, 1744382890.1842542, 0, {}]
[{"0": [1, 2, 1, 0, 1, 3, 1, 0, 2, 32, 24, 35, 27, 27, 34, 3, 1]}, null, null, 81, false, [], false, 0, [], null, 0, 1744382890.3939295, 0, {}]
[{"0": [1, 1, 1, 4, 2, 2, 3, 1, 3, 2, 1, 3, 0, 3, 4, 37, 29]}, null, null, 82, false, [], false, 0, [], null, 0, 1744382890.6083064, 0, {}]
[{"0": [0, 1, 3, 2, 2, 2, 25, 22, 28, 42, 42, 26, 32, 34, 34, 31, 32]}, null, null, 83, false, [], false, 0, [], null, 0, 1744382890.8352358, 0, {}]
[{"0": [1, 1, 4, 2, 5, 2, 1, 4, 1, 2, 0, 3, 0, 2, 23, 24, 24]}, null, null, 83, false, [], false, 0, [], null, 0, 1744382891.0491798, 0, {}]
[{"0": [1, 1, 1, 1, 0, 1, 1, 2, 2, 2, 1, 0, 0, 1, 1, 27, 24]}, null, null, 84, false, [], false, 0, [], null, 0, 1744382891.267065, 0, {}]
[{"0": [0, 0, 2, 2, 2, 0, 1, 0, 1, 1, 1, 2, 1, 1, 22, 28, 35]}, null, null, 84, false, [], false, 0, [], null, 0, 1744382891.479147, 0, {}]
[{"0": [0, 2, 2, 2, 2, 2, 3, 2, 3, 24, 26, 23, 29, 21, 32, 4, 2]}, null, null, 85, false, [], false, 0, [], null, 0, 1744382891.6892178, 0, {}]
[{"0": [7, 2, 1, 3, 2, 0, 2, 4, 2, 1, 2, 0, 1, 0, 26, 27, 34]}, null, null, 86, false, [], false, 0, [], null, 0, 1744382891.9264529, 0, {}]
[{"0": [2, 1, 1, 2, 1, 2, 2, 4, 6, 1, 2, 1, 32, 33, 30, 22, 29]}, null, null, 86, false, [], false, 0, [], null, 0, 1744382892.1332417, 0, {}]
[{"0": [3, 2, 1, 2, 1, 31, 31, 36, 28, 26, 0, 4, 2, 2, 2, 0, 3]}, null, null, 87, false, [], false, 0, [], null, 0, 1744382892.3473842, 0, {}]
[{"0": [33, 3, 1, 1, 0, 2, 1, 1, 2, 1, 2, 1, 1, 3, 2, 0, 1]}, null, null, 87, false, [], false, 0, [], null, 0, 1744382892.5704558, 0, {}]
[{"0": [1, 0, 0, 2, 2, 25, 23, 16, 1, 3, 1, 1, 2, 1, 1, 2, 0]}, null, null, 88, false, [], false, 0, [], null, 0, 1744382892.7896597, 0, {}]
[{"0": [1, 2, 3, 3, 2, 4, 33, 26, 29, 25, 0, 2, 1, 1, 2, 0, 0]}, null, null, 89, false, [], false, 0, [], null, 0, 1744382893.005387, 0, {}]
[{"0": [2, 1, 2, 3, 0, 27, 25, 17, 26, 2, 2, 2, 2, 2, 1, 2, 3]}, null, null, 89, false, [], false, 0, [], null, 0, 1744382893.222845, 0, {}]
[{"0": [3, 2, 2, 3, 3, 1, 0, 0, 0, 1, 3, 2, 36, 35, 3, 2, 2]}, null, null, 90, false, [], false, 0, [], null, 0, 1744382893.4263337, 0, {}]
[{"0": [2, 0, 4, 2, 2, 28, 31, 35, 31, 35, 37, 2, 4, 2, 2, 3, 2]}, null, null, 90, false, [], false, 0, [], null, 0, 1744382893.6407866, 0, {}]
[{"0": [2, 2, 4, 2, 23, 23, 22, 1, 1, 1, 2, 2, 1, 3, 0, 1, 2]}, null, null, 91, false, [], false, 0, [], null, 0, 1744382893.8710923, 0, {}]
[{"0": [0, 2, 4, 4, 3, 0, 1, 0, 24, 32, 7, 0, 3, 2, 1, 1, 2]}, null, null, 92, false, [], false, 0, [], null, 0, 1744382894.078675, 0, {}]
[{"0": [5, 1, 0, 3, 0, 26, 4, 1, 1, 0, 2, 2, 1, 0, 0, 0, 2]}, null, null, 92, false, [], false, 0, [], null, 0, 1744382894.3065932, 0, {}]
[{"0": [2, 3, 0, 1, 2, 1, 1, 4, 0, 3, 32, 2, 4, 4, 1, 2, 0]}, null, null, 93, false, [], false, 0, [], null, 0, 1744382894.5080874, 0, {}]
[{"0": [2, 2, 0, 2, 2, 2, 4, 1, 3, 4, 2, 2, 1, 3, 0, 32, 30]}, null, null, 93, false, [], false, 0, [], null, 0, 1744382894.7328124, 0, {}]
[{"0": [2, 1, 1, 2, 2, 1, 1, 2, 0, 1, 0, 0, 2, 4, 3, 1, 2]}, null, null, 94, false, [], false, 0, [], null, 0, 1744382894.9489644, 0, {}]
[{"0": [1, 2, 0, 5, 0, 1, 26, 24, 29, 38, 29, 23, 27, 27, 1, 2, 3]}, null, null, 95, false, [], false, 0, [], null, 0, 1744382895.1631484, 0, {}]
[{"0": [0, 2, 2, 2, 2, 1, 1, 4, 2, 1, 0, 3, 1, 1, 25, 21, 30]}, null, null, 95, false, [], false, 0, [], null, 0, 1744382895.382537, 0, {}]
[{"0": [0, 2, 5, 1, 2, 1, 3, 3, 1, 3, 3, 2, 0, 2, 28, 32, 28]}, null, null, 96, false, [], false, 0, [], null, 0, 1744382895.5894632, 0, {}]
[{"0": [3, 1, 2, 1, 2, 4, 1, 3, 1, 1, 0, 1, 1, 2, 1, 19, 27]}, null, null, 96, false, [], false, 0, [], null, 0, 1744382895.8198593, 0, {}]
[{"0": [1, 0, 0, 2, 0, 2, 1, 0, 3, 1, 1, 2, 1, 1, 0, 23, 31]}, null, null, 97, false, [], false, 0, [], null, 0, 1744382896.0414777, 0, {}]
[{"0": [1, 1, 1, 3, 1, 0, 0, 1, 3, 0, 0, 0, 0, 1, 1, 2, 1]}, null, null, 98, false, [], false, 0, [], null, 0, 1744382896.2452676, 0, {}]
[{"0": [1, 3, 2, 2, 1, 1, 2, 1, 3, 0, 4, 2, 3, 1, 2, 29, 18]}, null, null, 98, false, [], false, 0, [], null, 0, 1744382896.4583285, 0, {}]
[{"0": [3, 0, 2, 0, 4, 2, 0, 3, 1, 2, 28, 31, 24, 30, 26, 36, 29]}, null, null, 99, false, [], false, 0, [], null, 0, 1744382896.6780958, 0, {}]
[{"0": [2, 2, 2, 27, 37, 27, 30, 31, 30, 26, 4, 1, 3, 1, 2, 2, 0]}, null, null, 99, false, [], false, 0, [], null, 0, 1744382896.8876517, 0, {}]
[{"0": [1, 3, 4, 26, 27, 0, 1, 2, 1, 1, 3, 2, 1, 0, 1, 2, 0]}, null, null, 100, false, [], false, 0, [], null, 0, 1744382897.1237676, 0, {}]
[{"0": [26, 33, 24, 1, 3, 2, 0, 3, 4, 5, 2, 0, 1, 1, 1, 1, 1]}, null, null, 101, false, [], false, 0, [], null, 0, 1744382897.3341327, 0, {}]
[{"0": [3, 0, 28, 32, 25, 31, 32, 3, 1, 1, 3, 0, 3, 1, 1, 3, 0]}, null, null, 101, false, [], false, 0, [], null, 0, 1744382897.5469208, 0, {}]
[{"0": [2, 2, 3, 8, 1, 1, 1, 1, 3, 1, 0, 27, 27, 26, 26, 25, 24]}, null, null, 102, false, [], false, 0, [], null, 0, 1744382897.7601373, 0, {}]
[{"0": [26, 27, 5, 0, 1, 1, 1, 2, 0, 0, 5, 2, 1, 1, 2, 1, 0]}, null, null, 102, false, [], false, 0, [], null, 0, 1744382897.9831421, 0, {}]
[{"0": [2, 0, 0, 1, 0, 3, 1, 4, 2, 0, 28, 26, 39, 30, 30, 31, 26]}, null, null, 103, false, [], false, 0, [], null, 0, 1744382898.1902316, 0, {}]
[{"0": [2, 5, 1, 3, 1, 0, 2, 23, 23, 23, 18, 33, 23, 34, 32, 26, 24]}, null, null, 104, false, [], false, 0, [], null, 0, 1744382898.4109988, 0, {}]
[{"0": [4, 2, 2, 1, 26, 3, 1, 2, 2, 4, 3, 0, 2, 2, 0, 3, 0]}, null, null, 104, false, [], false, 0, [], null, 0, 1744382898.6337006, 0, {}]
[{"0": [2, 1, 2, 1, 1, 1, 1, 3, 28, 31, 36, 29, 2, 2, 1, 2, 1]}, null, null, 105, false, [], false, 0, [], null, 0, 1744382898.851256, 0, {}]
[{"0": [1, 1, 1, 0, 1, 27, 27, 47, 33, 2, 0, 0, 1, 0, 1, 3, 1]}, null, null, 105, false, [], false, 0, [], null, 0, 1744382899.0565238, 0, {}]
[{"0": [1, 0, 3, 0, 6, 22, 20, 29, 20, 26, 23, 4, 1, 1, 1, 1, 4]}, null, null, 106, false, [], false, 0, [], null, 0, 1744382899.288244, 0, {}]
[{"0": [3, 2, 3, 1, 2, 30, 25, 1, 5, 3, 4, 2, 3, 3, 3, 2, 2]}, null, null, 107, false, [], false, 0, [], null, 0, 1744382899.5011969, 0, {}]
[{"0": [3, 4, 2, 0, 2, 26, 32, 31, 26, 26, 26, 28, 3, 1, 1, 2, 1]}, null, null, 107, false, [], false, 0, [], null, 0, 1744382899.7049377, 0, {}]
[{"0": [0, 3, 3, 5, 1, 0, 2, 1, 3, 4, 0, 25, 36, 29, 27, 0, 4]}, null, null, 108, false, [], false, 0, [], null, 0, 1744382899.935883, 0, {}]
[{"0": [2, 2, 0, 3, 1, 4, 1, 5, 4, 1, 3, 3, 39, 24, 37, 30, 35]}, null, null, 108, false, [], false, 0, [], null, 0, 1744382900.1444023, 0, {}]
[{"0": [1, 2, 0, 4, 1, 0, 1, 3, 1, 2, 0, 32, 21, 33, 28, 2, 1]}, null, null, 109, false, [], false, 0, [], null, 0, 1744382900.3675556, 0, {}]
[{"0": [30, 1, 1, 4, 1, 2, 1, 3, 4, 2, 1, 1, 1, 0, 1, 2, 1]}, null, null, 110, false, [], false, 0, [], null, 0, 1744382900.5831327, 0, {}]
[{"0": [0, 1, 0, 0, 2, 1, 1, 1, 5, 2, 1, 5, 0, 1, 1, 24, 23]}, null, null, 110, false, [], false, 0, [], null, 0, 1744382900.7966075, 0, {}]
[{"0": [2, 1, 2, 1, 3, 2, 2, 0, 5, 26, 39, 27, 38, 28, 30, 1, 0]}, null, null, 111, false, [], false, 0, [], null, 0, 1744382901.0238636, 0, {}]
[{"0": [30, 23, 28, 26, 24, 26, 6, 3, 1, 0, 2, 1, 0, 1, 1, 2, 1]}, null, null, 111, false, [], false, 0, [], null, 0, 1744382901.2241106, 0, {}]
[{"0": [0, 2, 1, 2, 2, 1, 2, 4, 1, 1, 3, 4, 1, 1, 30, 2, 1]}, null, null, 112, false, [], false, 0, [], null, 0, 1744382901.4424887, 0, {}]
[{"0": [2, 2, 1, 3, 1, 23, 33, 23, 26, 1, 5, 2, 1, 0, 1, 0, 0]}, null, null, 113, false, [], false, 0, [], null, 0, 1744382901.6604521, 0, {}]
[{"0": [2, 2, 2, 1, 4, 0, 0, 33, 37, 28, 3, 5, 3, 1, 1, 1, 2]}, null, null, 113, false, [], false, 0, [], null, 0, 1744382901.8877215, 0, {}]
[{"0": [0, 1, 2, 1, 1, 3, 0, 4, 1, 3, 2, 1, 22, 7, 1, 2, 1]}, null, null, 114, false, [], false, 0, [], null, 0, 1744382902.1059406, 0, {}]
[{"0": [2, 2, 2, 3, 0, 22, 21, 22, 1, 2, 2, 1, 3, 0, 4, 1, 4]}, null, null, 114, false, [], false, 0, [], null, 0, 1744382902.3170826, 0, {}]
[{"0": [3, 2, 2, 2, 0, 1, 5, 2, 1, 1, 1, 0, 2, 1, 1, 3, 0]}, null, null, 115, false, [], false, 0, [], null, 0, 1744382902.5322094, 0, {}]
[{"0": [0, 5, 5, 26, 24, 35, 28, 30, 2, 1, 0, 0, 1, 4, 1, 0, 1]}, null, null, 116, false, [], false, 0, [], null, 0, 1744382902.747309, 0, {}]
[{"0": [0, 1, 3, 1, 18, 24, 31, 26, 30, 23, 18, 27, 26, 25, 31, 0, 3]}, null, null, 116, false, [], false, 0, [], null, 0, 1744382902.9783933, 0, {}]
[{"0": [5, 4, 2, 1, 2, 1, 2, 0, 2, 2, 31, 0, 1, 4, 4, 2, 2]}, null, null, 117, false, [], false, 0, [], null, 0, 1744382903.1761765, 0, {}]
[{"0": [1, 0, 0, 22, 28, 35, 37, 34, 34, 5, 2, 1, 1, 5, 4, 4, 1]}, null, null, 117, false, [], false, 0, [], null, 0, 1744382903.3974028, 0, {}]
[{"0": [1, 2, 2, 0, 0, 2, 0, 0, 29, 20, 24, 28, 28, 30, 35, 1, 1]}, null, null, 118, false, [], false, 0, [], null, 0, 1744382903.6167817, 0, {}]
[{"0": [2, 0, 0, 0, 39, 3, 3, 1, 2, 4, 2, 1, 2, 2, 3, 3, 2]}, null, null, 119, false, [], false, 0, [], null, 0, 1744382903.82775, 0, {}]
[{"0": [0, 2, 2, 2, 4, 0, 2, 2, 2, 25, 18, 36, 20, 33, 24, 26, 40]}, null, null, 119, false, [], false, 0, [], null, 0, 1744382904.0393596, 0, {}]
[{"0": [1, 3, 1, 1, 0, 0, 28, 27, 35, 0, 1, 0, 1, 0, 1, 1, 3]}, null, null, 120, false, [], false, 0, [], null, 0, 1744382904.2632263, 0, {}]
[{"0": [0, 6, 1, 31, 31, 30, 45, 31, 29, 27, 25, 22, 32, 3, 5, 1, 2]}, null, null, 120, false, [], false, 0, [], null, 0, 1744382904.4831028, 0, {}]
[{"0": [4, 3, 1, 4, 3, 1, 27, 20, 31, 30, 24, 3, 1, 4, 0, 1, 1]}, null, null, 121, false, [], false, 0, [], null, 0, 1744382904.6985302, 0, {}]
[{"0": [1, 0, 3, 2, 3, 0, 1, 5, 2, 2, 33, 3, 3, 2, 2, 2, 2]}, null, null, 122, false, [], false, 0, [], null, 0, 1744382904.9131863, 0, {}]
[{"0": [5, 4, 0, 1, 2, 1, 2, 0, 1, 4, 8, 3, 1, 3, 5, 31, 28]}, null, null, 122, false, [], false, 0, [], null, 0, 1744382905.131069, 0, {}]
[{"0": [5, 0, 2, 3, 2, 1, 0, 1, 5, 2, 2, 2, 0, 1, 0, 29, 33]}, null, null, 123, false, [], false, 0, [], null, 0, 1744382905.3557796, 0, {}]
[{"0": [0, 2, 2, 1, 1, 1, 3, 2, 1, 3, 3, 1, 1, 1, 3, 37, 32]}, null, null, 123, false, [], false, 0, [], null, 0, 1744382905.5619195, 0, {}]
[{"0": [2, 1, 2, 5, 23, 3, 2, 0, 3, 0, 2, 1, 3, 0, 1, 2, 0]}, null, null, 124, false, [], false, 0, [], null, 0, 1744382905.788475, 0, {}]
[{"0": [3, 3, 2, 3, 3, 1, 0, 3, 2, 0, 31, 3, 2, 2, 0, 2, 1]}, null, null, 125, false, [], false, 0, [], null, 0, 1744382905.9992268, 0, {}]
[{"0": [3, 3, 32, 1, 2, 0, 3, 3, 1, 1, 5, 0, 1, 0, 3, 3, 2]}, null, null, 125, false, [], false, 0, [], null, 0, 1744382906.2089508, 0, {}]
[{"0": [0, 2, 2, 2, 3, 0, 2, 1, 0, 3, 2, 3, 1, 2, 0, 36, 34]}, null, null, 126, false, [], false, 0, [], null, 0, 1744382906.4372954, 0, {}]
[{"0": [0, 1, 1, 41, 2, 0, 6, 2, 4, 1, 3, 4, 2, 4, 5, 1, 0]}, null, null, 127, false, [], false, 0, [], null, 0, 1744382906.6416514, 0, {}]
[{"0": [0, 1, 16, 23, 24, 34, 21, 20, 35, 32, 24, 24, 33, 29, 35, 26, 23]}, null, null, 127, false, [], false, 0, [], null, 0, 1744382906.8594217, 0, {}]
[{"0": [2, 0, 0, 4, 1, 2, 1, 0, 0, 2, 3, 1, 0, 2, 3, 2, 2]}, null, null, 128, false, [], false, 0, [], null, 0, 1744382907.091708, 0, {}]
[{"0": [1, 2, 2, 2, 2, 0, 2, 1, 0, 3, 0, 23, 32, 29, 1, 4, 3]}, null, null, 128, false, [], false, 0, [], null, 0, 1744382907.2926848, 0, {}]
[{"0": [1, 0, 3, 1, 1, 3, 24, 28, 19, 23, 3, 1, 3, 2, 4, 2, 1]}, null, null, 129, false, [], false, 0, [], null, 0, 1744382907.5257528, 0, {}]
[{"0": [1, 2, 0, 1, 1, 3, 2, 2, 1, 0, 2, 1, 2, 1, 3, 4, 3]}, null, null, 130, false, [], false, 0, [], null, 0, 1744382907.732362, 0, {}]
[{"0": [1, 0, 26, 22, 25, 26, 19, 28, 34, 1, 3, 2, 0, 0, 1, 3, 2]}, null, null, 130, false, [], false, 0, [], null, 0, 1744382907.9574277, 0, {}]
[{"0": [3, 1, 2, 2, 1, 25, 28, 1, 0, 3, 0, 2, 1, 1, 0, 4, 3]}, null, null, 131, false, [], false, 0, [], null, 0, 1744382908.1666381, 0, {}]
[{"0": [3, 1, 0, 2, 0, 3, 4, 3, 4, 2, 0, 0, 23, 35, 18, 28, 34]}, null, null, 131, false, [], false, 0, [], null, 0, 1744382908.3819332, 0, {}]
[{"0": [1, 1, 3, 0, 3, 2, 4, 1, 3, 21, 42, 25, 30, 26, 2, 3, 1]}, null, null, 132, false, [], false, 0, [], null, 0, 1744382908.5952692, 0, {}]
[{"0": [1, 3, 1, 4, 1, 0, 22, 1, 1, 1, 1, 0, 3, 2, 6, 2, 0]}, null, null, 133, false, [], false, 0, [], null, 0, 1744382908.8242683, 0, {}]
[{"0": [3, 0, 2, 4, 4, 3, 2, 1, 3, 3, 5, 4, 1, 1, 4, 2, 3]}, null, null, 133, false, [], false, 0, [], null, 0, 1744382909.043172, 0, {}]
[{"0": [1, 2, 3, 2, 4, 1, 2, 0, 23, 2, 3, 2, 1, 2, 0, 1, 1]}, null, null, 134, false, [], false, 0, [], null, 0, 1744382909.2561963, 0, {}]
[{"0": [0, 2, 0, 2, 1, 1, 3, 0, 2, 1, 1, 3, 1, 3, 1, 27, 2]}, null, null, 134, false, [], false, 0, [], null, 0, 1744382909.47236, 0, {}]
[{"0": [2, 2, 2, 2, 0, 4, 3, 1, 3, 0, 3, 4, 2, 26, 30, 28, 29]}, null, null, 135, false, [], false, 0, [], null, 0, 1744382909.6882591, 0, {}]
[{"0": [3, 1, 1, 1, 2, 1, 4, 4, 3, 0, 6, 2, 3, 1, 24, 27, 32]}, null, null, 136, false, [], false, 0, [], null, 0, 1744382909.9077013, 0, {}]
[{"0": [2, 1, 1, 3, 2, 4, 3, 2, 0, 25, 27, 25, 0, 2, 2, 2, 1]}, null, null, 136, false, [], false, 0, [], null, 0, 1744382910.107303, 0, {}]
[{"0": [1, 2, 5, 3, 0, 3, 1, 1, 2, 1, 1, 2, 3, 0, 1, 1, 2]}, null, null, 137, false, [], false, 0, [], null, 0, 1744382910.3253148, 0, {}]
[{"0": [4, 4, 1, 2, 0, 2, 2, 2, 2, 0, 0, 3, 32, 30, 30, 29, 18]}, null, null, 137, false, [], false, 0, [], null, 0, 1744382910.5598285, 0, {}]
[{"0": [0, 2, 2, 2, 3, 1, 2, 3, 2, 2, 3, 1, 0, 2, 3, 20, 38]}, null, null, 138, false, [], false, 0, [], null, 0, 1744382910.7690835, 0, {}]
[{"0": [3, 2, 3, 0, 2, 2, 0, 2, 3, 1, 30, 31, 31, 27, 22, 28, 3]}, null, null, 139, false, [], false, 0, [], null, 0, 1744382911.0187528, 0, {}]
[{"0": [3, 1, 2, 1, 25, 29, 27, 27, 24, 35, 21, 35, 32, 20, 30, 2, 2]}, null, null, 139, false, [], false, 0, [], null, 0, 1744382911.2037504, 0, {}]
[{"0": [2, 0, 3, 2, 2, 1, 1, 3, 34, 25, 29, 18, 35, 40, 20, 22, 30]}, null, null, 140, false, [], false, 0, [], null, 0, 1744382911.4139245, 0, {}]
[{"0": [1, 4, 2, 2, 0, 0, 1, 3, 2, 1, 29, 32, 1, 1, 5, 2, 1]}, null, null, 140, false, [], false, 0, [], null, 0, 1744382911.6454365, 0, {}]
[{"0": [0, 1, 3, 0, 2, 5, 2, 1, 2, 0, 2, 36, 28, 21, 1, 2, 0]}, null, null, 141, false, [], false, 0, [], null, 0, 1744382911.8661046, 0, {}]
[{"0": [1, 4, 25, 29, 23, 23, 1, 2, 1, 2, 2, 2, 2, 0, 4, 1, 0]}, null, null, 142, false, [], false, 0, [], null, 0, 1744382912.0718899, 0, {}]
[{"0": [3, 1, 2, 2, 2, 3, 1, 2, 0, 1, 1, 3, 26, 29, 26, 4, 2]}, null, null, 142, false, [], false, 0, [], null, 0, 1744382912.281157, 0, {}]
[{"0": [1, 2, 3, 2, 2, 0, 1, 2, 4, 1, 1, 0, 0, 2, 2, 6, 1]}, null, null, 143, false, [], false, 0, [], null, 0, 1744382912.4963372, 0, {}]
[{"0": [1, 3, 2, 0, 1, 1, 0, 5, 2, 2, 21, 0, 0, 2, 1, 3, 4]}, null, null, 143, false, [], false, 0, [], null, 0, 1744382912.725148, 0, {}]
[{"0": [29, 0, 2, 2, 0, 1, 1, 2, 1, 2, 0, 1, 3, 0, 1, 1, 1]}, null, null, 144, false, [], false, 0, [], null, 0, 1744382912.9360747, 0, {}]
[{"0": [28, 21, 33, 30, 28, 26, 37, 35, 1, 5, 2, 1, 1, 2, 1, 2, 3]}, null, null, 145, false, [], false, 0, [], null, 0, 1744382913.1505265, 0, {}]
[{"0": [2, 1, 5, 1, 1, 1, 1, 1, 1, 0, 34, 0, 2, 1, 1, 1, 1]}, null, null, 145, false, [], false, 0, [], null, 0, 1744382913.3721688, 0, {}]
[{"0": [3, 2, 0, 2, 2, 19, 33, 27, 31, 22, 38, 3, 0, 4, 0, 1, 0]}, null, null, 146, false, [], false, 0, [], null, 0, 1744382913.5904906, 0, {}]
[{"0": [5, 2, 2, 1, 0, 0, 1, 1, 2, 0, 27, 19, 25, 26, 3, 3, 0]}, null, null, 146, false, [], false, 0, [], null, 0, 1744382913.7906203, 0, {}]
[{"0": [19, 18, 32, 1, 1, 0, 1, 2, 3, 1, 2, 2, 3, 1, 5, 2, 0]}, null, null, 147, false, [], false, 0, [], null, 0, 1744382914.0283806, 0, {}]
[{"0": [2, 1, 4, 2, 2, 0, 1, 5, 1, 1, 2, 43, 26, 23, 3, 3, 1]}, null, null, 148, false, [], false, 0, [], null, 0, 1744382914.2347414, 0, {}]
[{"0": [0, 0, 2, 0, 1, 3, 4, 1, 3, 0, 2, 0, 4, 1, 25, 35, 21]}, null, null, 148, false, [], false, 0, [], null, 0, 1744382914.4465792, 0, {}]
[{"0": [2, 4, 0, 1, 0, 30, 32, 36, 21, 30, 23, 3, 2, 1, 0, 1, 0]}, null, null, 149, false, [], false, 0, [], null, 0, 1744382914.6598568, 0, {}]
[{"0": [0, 2, 1, 2, 3, 3, 1, 3, 0, 1, 2, 2, 2, 1, 2, 29, 32]}, null, null, 149, false, [], false, 0, [], null, 0, 1744382914.8736985, 0, {}]
[{"0": [3, 2, 5, 0, 1, 3, 0, 0, 2, 2, 3, 3, 1, 2, 2, 2, 0]}, null, null, 150, true, [], false, 0, [], null, 0, 1744382915.09232, 0, {}]
