[{"0": [1, 1, 1, 3, 3, 2, 3, 0, 0, 2, 2, 1, 5, 3, 1, 38, 39]}, null, null, 0, false, [], false, 0, [], null, 0, 1744387711.528012, 0, {}]
[{"0": [0, 0, 4, 1, 2, 1, 2, 1, 3, 0, 1, 0, 0, 1, 2, 2, 1]}, null, null, 1, false, [], false, 0, [], null, 0, 1744387711.770139, 0, {}]
[{"0": [4, 3, 1, 2, 2, 2, 2, 3, 37, 26, 36, 38, 33, 0, 1, 3, 1]}, null, null, 1, false, [], false, 0, [], null, 0, 1744387711.9769473, 0, {}]
[{"0": [1, 3, 2, 2, 0, 2, 4, 4, 3, 4, 4, 2, 1, 1, 2, 29, 28]}, null, null, 2, false, [], false, 0, [], null, 0, 1744387712.1992052, 0, {}]
[{"0": [1, 0, 1, 2, 1, 3, 1, 2, 2, 3, 4, 2, 2, 1, 3, 27, 24]}, null, null, 2, false, [], false, 0, [], null, 0, 1744387712.4093552, 0, {}]
[{"0": [2, 1, 3, 23, 4, 4, 1, 1, 1, 4, 3, 0, 0, 1, 0, 2, 1]}, null, null, 3, false, [], false, 0, [], null, 0, 1744387712.6418386, 0, {}]
[{"0": [0, 2, 1, 3, 3, 0, 0, 26, 2, 4, 1, 5, 0, 1, 3, 3, 1]}, null, null, 4, false, [], false, 0, [], null, 0, 1744387712.8410285, 0, {}]
[{"0": [2, 2, 1, 4, 34, 4, 1, 3, 5, 6, 3, 1, 0, 0, 3, 2, 1]}, null, null, 4, false, [], false, 0, [], null, 0, 1744387713.0633738, 0, {}]
[{"0": [3, 0, 2, 1, 1, 4, 2, 2, 0, 2, 1, 3, 2, 1, 34, 24, 34]}, null, null, 5, false, [], false, 0, [], null, 0, 1744387713.278706, 0, {}]
[{"0": [1, 0, 1, 3, 3, 2, 34, 24, 28, 31, 31, 32, 3, 2, 1, 1, 1]}, null, null, 5, false, [], false, 0, [], null, 0, 1744387713.5013187, 0, {}]
[{"0": [1, 0, 1, 3, 1, 2, 4, 2, 1, 1, 0, 29, 34, 36, 1, 4, 1]}, null, null, 6, false, [], false, 0, [], null, 0, 1744387713.7114542, 0, {}]
[{"0": [1, 4, 36, 39, 35, 29, 2, 2, 2, 0, 1, 4, 2, 0, 4, 1, 3]}, null, null, 7, false, [], false, 0, [], null, 0, 1744387713.9278717, 0, {}]
[{"0": [2, 0, 1, 0, 0, 3, 2, 1, 2, 0, 3, 26, 31, 30, 26, 21, 23]}, null, null, 7, false, [], false, 0, [], null, 0, 1744387714.1455505, 0, {}]
[{"0": [5, 4, 2, 5, 3, 7, 2, 28, 33, 25, 38, 26, 3, 0, 1, 3, 2]}, null, null, 8, false, [], false, 0, [], null, 0, 1744387714.364742, 0, {}]
[{"0": [0, 3, 0, 1, 1, 3, 26, 27, 2, 1, 3, 0, 3, 1, 5, 3, 2]}, null, null, 8, false, [], false, 0, [], null, 0, 1744387714.5830052, 0, {}]
[{"0": [1, 3, 1, 3, 3, 30, 1, 1, 2, 3, 1, 1, 1, 3, 4, 1, 3]}, null, null, 9, false, [], false, 0, [], null, 0, 1744387714.7855504, 0, {}]
[{"0": [0, 3, 0, 3, 0, 1, 0, 1, 5, 6, 1, 1, 0, 1, 2, 28, 44]}, null, null, 10, false, [], false, 0, [], null, 0, 1744387715.004981, 0, {}]
[{"0": [0, 3, 4, 2, 2, 1, 3, 0, 4, 2, 1, 3, 3, 23, 25, 19, 33]}, null, null, 10, false, [], false, 0, [], null, 0, 1744387715.237216, 0, {}]
[{"0": [1, 0, 1, 3, 0, 2, 28, 0, 5, 2, 2, 1, 0, 4, 2, 2, 6]}, null, null, 11, false, [], false, 0, [], null, 0, 1744387715.441224, 0, {}]
[{"0": [3, 1, 5, 2, 2, 5, 1, 2, 2, 1, 4, 5, 2, 1, 2, 2, 32]}, null, null, 11, false, [], false, 0, [], null, 0, 1744387715.6547768, 0, {}]
[{"0": [36, 4, 3, 2, 3, 1, 1, 1, 1, 3, 1, 0, 2, 3, 2, 1, 3]}, null, null, 12, false, [], false, 0, [], null, 0, 1744387715.875114, 0, {}]
[{"0": [5, 2, 1, 5, 1, 2, 36, 25, 28, 29, 4, 1, 2, 0, 1, 3, 2]}, null, null, 13, false, [], false, 0, [], null, 0, 1744387716.089202, 0, {}]
[{"0": [0, 1, 3, 2, 2, 4, 1, 1, 4, 3, 5, 2, 2, 2, 33, 30, 26]}, null, null, 13, false, [], false, 0, [], null, 0, 1744387716.3133173, 0, {}]
[{"0": [2, 0, 2, 5, 3, 0, 3, 2, 1, 30, 32, 27, 34, 34, 21, 0, 3]}, null, null, 14, false, [], false, 0, [], null, 0, 1744387716.520117, 0, {}]
[{"0": [0, 3, 0, 2, 3, 5, 1, 3, 5, 4, 0, 1, 1, 1, 0, 2, 7]}, null, null, 14, false, [], false, 0, [], null, 0, 1744387716.7388139, 0, {}]
[{"0": [3, 2, 3, 0, 2, 2, 31, 38, 2, 5, 1, 1, 1, 1, 3, 0, 2]}, null, null, 15, false, [], false, 0, [], null, 0, 1744387716.9727514, 0, {}]
[{"0": [1, 2, 0, 31, 30, 39, 1, 1, 4, 1, 1, 0, 6, 4, 3, 1, 0]}, null, null, 16, false, [], false, 0, [], null, 0, 1744387717.1758661, 0, {}]
[{"0": [4, 4, 1, 3, 3, 5, 3, 2, 3, 0, 36, 30, 35, 27, 28, 26, 25]}, null, null, 16, false, [], false, 0, [], null, 0, 1744387717.395473, 0, {}]
[{"0": [1, 0, 1, 36, 28, 37, 29, 23, 37, 2, 2, 5, 2, 3, 7, 3, 0]}, null, null, 17, false, [], false, 0, [], null, 0, 1744387717.6225603, 0, {}]
[{"0": [4, 3, 0, 5, 2, 0, 1, 1, 2, 23, 1, 2, 3, 2, 0, 1, 2]}, null, null, 17, false, [], false, 0, [], null, 0, 1744387717.8188932, 0, {}]
[{"0": [2, 1, 2, 2, 1, 33, 34, 20, 1, 2, 0, 1, 4, 4, 2, 6, 1]}, null, null, 18, false, [], false, 0, [], null, 0, 1744387718.0408869, 0, {}]
[{"0": [2, 1, 30, 4, 2, 3, 1, 1, 2, 0, 1, 1, 2, 4, 2, 1, 1]}, null, null, 19, false, [], false, 0, [], null, 0, 1744387718.2644646, 0, {}]
[{"0": [0, 3, 2, 2, 1, 30, 27, 27, 25, 30, 33, 3, 2, 0, 2, 2, 0]}, null, null, 19, false, [], false, 0, [], null, 0, 1744387718.479735, 0, {}]
[{"0": [1, 2, 4, 5, 3, 1, 1, 0, 3, 1, 0, 1, 2, 2, 37, 27, 24]}, null, null, 20, false, [], false, 0, [], null, 0, 1744387718.699205, 0, {}]
[{"0": [1, 1, 3, 1, 6, 2, 2, 3, 36, 1, 0, 3, 3, 5, 0, 2, 2]}, null, null, 20, false, [], false, 0, [], null, 0, 1744387718.9124038, 0, {}]
[{"0": [1, 1, 0, 34, 24, 21, 0, 2, 3, 4, 2, 3, 0, 0, 2, 3, 2]}, null, null, 21, false, [], false, 0, [], null, 0, 1744387719.132763, 0, {}]
[{"0": [5, 1, 3, 3, 0, 1, 19, 32, 35, 29, 28, 24, 19, 5, 0, 3, 1]}, null, null, 22, false, [], false, 0, [], null, 0, 1744387719.3431532, 0, {}]
[{"0": [1, 0, 2, 4, 3, 1, 2, 1, 29, 3, 2, 4, 1, 0, 3, 2, 2]}, null, null, 22, false, [], false, 0, [], null, 0, 1744387719.5557601, 0, {}]
[{"0": [1, 2, 1, 2, 3, 2, 2, 2, 3, 3, 1, 2, 2, 34, 32, 1, 1]}, null, null, 23, false, [], false, 0, [], null, 0, 1744387719.793938, 0, {}]
[{"0": [3, 5, 3, 1, 28, 40, 24, 24, 3, 1, 3, 3, 2, 3, 2, 5, 2]}, null, null, 23, false, [], false, 0, [], null, 0, 1744387720.004402, 0, {}]
[{"0": [0, 3, 4, 39, 32, 23, 32, 3, 3, 1, 4, 3, 1, 0, 1, 2, 1]}, null, null, 24, false, [], false, 0, [], null, 0, 1744387720.2304022, 0, {}]
[{"0": [3, 2, 1, 3, 0, 3, 0, 1, 1, 5, 2, 3, 1, 2, 1, 35, 26]}, null, null, 25, false, [], false, 0, [], null, 0, 1744387720.4371357, 0, {}]
[{"0": [2, 2, 1, 2, 2, 0, 1, 4, 2, 3, 37, 2, 1, 3, 4, 1, 4]}, null, null, 25, false, [], false, 0, [], null, 0, 1744387720.6514142, 0, {}]
[{"0": [4, 0, 2, 1, 3, 0, 1, 30, 45, 21, 31, 29, 4, 2, 4, 4, 1]}, null, null, 26, false, [], false, 0, [], null, 0, 1744387720.8647678, 0, {}]
[{"0": [2, 1, 4, 2, 1, 1, 33, 24, 33, 25, 29, 0, 4, 0, 0, 4, 3]}, null, null, 27, false, [], false, 0, [], null, 0, 1744387721.0789719, 0, {}]
[{"0": [3, 0, 0, 1, 0, 32, 37, 26, 2, 0, 1, 2, 4, 1, 2, 2, 2]}, null, null, 27, false, [], false, 0, [], null, 0, 1744387721.2965393, 0, {}]
[{"0": [0, 2, 1, 34, 32, 36, 35, 37, 26, 4, 4, 3, 4, 1, 3, 2, 1]}, null, null, 28, false, [], false, 0, [], null, 0, 1744387721.526737, 0, {}]
[{"0": [3, 3, 0, 2, 2, 3, 0, 3, 23, 34, 26, 34, 31, 26, 29, 22, 30]}, null, null, 28, false, [], false, 0, [], null, 0, 1744387721.735947, 0, {}]
[{"0": [0, 2, 2, 0, 1, 2, 3, 2, 2, 4, 27, 1, 4, 2, 1, 2, 3]}, null, null, 29, false, [], false, 0, [], null, 0, 1744387721.9414625, 0, {}]
[{"0": [2, 0, 2, 4, 2, 2, 1, 0, 35, 31, 37, 3, 2, 2, 1, 1, 2]}, null, null, 30, false, [], false, 0, [], null, 0, 1744387722.1717992, 0, {}]
[{"0": [2, 0, 3, 2, 1, 1, 0, 2, 1, 2, 3, 29, 0, 2, 4, 0, 3]}, null, null, 30, false, [], false, 0, [], null, 0, 1744387722.3885868, 0, {}]
[{"0": [4, 1, 2, 1, 4, 2, 2, 2, 3, 0, 2, 3, 0, 1, 3, 2, 20]}, null, null, 31, false, [], false, 0, [], null, 0, 1744387722.5987747, 0, {}]
[{"0": [0, 6, 4, 2, 1, 30, 1, 0, 2, 1, 0, 2, 3, 3, 3, 1, 1]}, null, null, 31, false, [], false, 0, [], null, 0, 1744387722.8262055, 0, {}]
[{"0": [24, 3, 2, 3, 3, 1, 0, 1, 1, 1, 3, 0, 2, 2, 2, 2, 3]}, null, null, 32, false, [], false, 0, [], null, 0, 1744387723.027044, 0, {}]
[{"0": [0, 3, 2, 1, 2, 3, 4, 28, 22, 24, 28, 22, 29, 3, 2, 1, 3]}, null, null, 33, false, [], false, 0, [], null, 0, 1744387723.2483804, 0, {}]
[{"0": [1, 2, 3, 2, 1, 3, 3, 2, 3, 4, 22, 34, 40, 30, 43, 28, 30]}, null, null, 33, false, [], false, 0, [], null, 0, 1744387723.4644475, 0, {}]
[{"0": [2, 3, 2, 2, 2, 1, 2, 1, 0, 5, 2, 2, 0, 2, 2, 4, 34]}, null, null, 34, false, [], false, 0, [], null, 0, 1744387723.6828318, 0, {}]
[{"0": [2, 5, 0, 1, 22, 22, 25, 25, 24, 30, 33, 26, 38, 26, 4, 2, 3]}, null, null, 34, false, [], false, 0, [], null, 0, 1744387723.899027, 0, {}]
[{"0": [4, 1, 2, 1, 1, 1, 3, 1, 0, 3, 3, 2, 24, 35, 34, 24, 18]}, null, null, 35, false, [], false, 0, [], null, 0, 1744387724.1120913, 0, {}]
[{"0": [4, 5, 1, 4, 2, 1, 3, 3, 33, 29, 5, 2, 2, 3, 1, 1, 0]}, null, null, 36, false, [], false, 0, [], null, 0, 1744387724.3207116, 0, {}]
[{"0": [1, 2, 1, 4, 1, 1, 1, 3, 2, 36, 30, 23, 34, 36, 22, 29, 27]}, null, null, 36, false, [], false, 0, [], null, 0, 1744387724.5419672, 0, {}]
[{"0": [3, 3, 1, 2, 3, 2, 0, 22, 30, 36, 37, 27, 32, 28, 4, 1, 0]}, null, null, 37, false, [], false, 0, [], null, 0, 1744387724.7628374, 0, {}]
[{"0": [1, 4, 3, 3, 1, 2, 26, 30, 35, 26, 2, 3, 4, 2, 1, 3, 1]}, null, null, 37, false, [], false, 0, [], null, 0, 1744387724.9842079, 0, {}]
[{"0": [25, 39, 30, 26, 33, 34, 23, 1, 2, 2, 1, 1, 2, 1, 1, 2, 1]}, null, null, 38, false, [], false, 0, [], null, 0, 1744387725.1895916, 0, {}]
[{"0": [4, 2, 2, 1, 1, 1, 1, 6, 1, 3, 0, 3, 2, 37, 2, 3, 2]}, null, null, 39, false, [], false, 0, [], null, 0, 1744387725.4069858, 0, {}]
[{"0": [1, 3, 6, 1, 8, 0, 1, 2, 3, 0, 28, 0, 1, 2, 3, 2, 0]}, null, null, 39, false, [], false, 0, [], null, 0, 1744387725.637784, 0, {}]
[{"0": [1, 1, 6, 2, 3, 3, 1, 2, 0, 5, 25, 24, 40, 21, 22, 20, 31]}, null, null, 40, false, [], false, 0, [], null, 0, 1744387725.8519807, 0, {}]
[{"0": [2, 2, 4, 1, 2, 3, 0, 2, 4, 1, 29, 31, 2, 2, 3, 1, 1]}, null, null, 40, false, [], false, 0, [], null, 0, 1744387726.0618725, 0, {}]
[{"0": [5, 3, 29, 29, 25, 31, 27, 33, 40, 31, 4, 5, 2, 2, 3, 4, 2]}, null, null, 41, false, [], false, 0, [], null, 0, 1744387726.2794847, 0, {}]
[{"0": [4, 2, 1, 1, 5, 28, 28, 28, 22, 1, 3, 0, 3, 5, 1, 2, 2]}, null, null, 42, false, [], false, 0, [], null, 0, 1744387726.50332, 0, {}]
[{"0": [1, 1, 0, 2, 2, 38, 28, 3, 3, 2, 4, 1, 3, 4, 1, 1, 2]}, null, null, 42, false, [], false, 0, [], null, 0, 1744387726.7156, 0, {}]
[{"0": [2, 2, 2, 1, 3, 32, 28, 29, 32, 1, 4, 3, 2, 3, 2, 0, 2]}, null, null, 43, false, [], false, 0, [], null, 0, 1744387726.9344497, 0, {}]
[{"0": [2, 2, 1, 2, 1, 2, 1, 6, 2, 0, 2, 3, 1, 1, 3, 31, 30]}, null, null, 43, false, [], false, 0, [], null, 0, 1744387727.1575823, 0, {}]
[{"0": [3, 2, 6, 0, 0, 3, 2, 0, 1, 1, 4, 1, 2, 0, 2, 41, 32]}, null, null, 44, false, [], false, 0, [], null, 0, 1744387727.3620358, 0, {}]
[{"0": [2, 2, 3, 2, 2, 2, 1, 2, 1, 2, 36, 31, 3, 1, 0, 1, 2]}, null, null, 45, false, [], false, 0, [], null, 0, 1744387727.5822234, 0, {}]
[{"0": [4, 1, 1, 2, 4, 2, 2, 2, 4, 32, 36, 2, 1, 2, 3, 0, 6]}, null, null, 45, false, [], false, 0, [], null, 0, 1744387727.7995682, 0, {}]
[{"0": [2, 0, 2, 1, 1, 1, 28, 32, 30, 34, 17, 27, 26, 2, 2, 6, 0]}, null, null, 46, false, [], false, 0, [], null, 0, 1744387728.014158, 0, {}]
[{"0": [0, 2, 2, 0, 1, 0, 3, 2, 3, 1, 6, 2, 3, 25, 38, 31, 34]}, null, null, 46, false, [], false, 0, [], null, 0, 1744387728.2338152, 0, {}]
[{"0": [2, 1, 1, 2, 1, 2, 2, 2, 1, 3, 2, 2, 0, 1, 5, 40, 31]}, null, null, 47, false, [], false, 0, [], null, 0, 1744387728.4491699, 0, {}]
[{"0": [4, 0, 0, 0, 1, 35, 31, 28, 37, 30, 24, 22, 31, 29, 30, 27, 40]}, null, null, 48, false, [], false, 0, [], null, 0, 1744387728.664132, 0, {}]
[{"0": [3, 0, 2, 5, 3, 3, 1, 2, 2, 24, 23, 29, 0, 1, 1, 5, 1]}, null, null, 48, false, [], false, 0, [], null, 0, 1744387728.8756664, 0, {}]
[{"0": [6, 3, 5, 0, 3, 3, 0, 2, 2, 4, 2, 2, 1, 1, 4, 33, 33]}, null, null, 49, false, [], false, 0, [], null, 0, 1744387729.096031, 0, {}]
[{"0": [2, 2, 1, 2, 0, 1, 4, 1, 2, 4, 2, 1, 2, 0, 4, 4, 35]}, null, null, 49, false, [], false, 0, [], null, 0, 1744387729.315739, 0, {}]
[{"0": [0, 2, 2, 1, 5, 3, 1, 3, 1, 0, 2, 1, 2, 1, 2, 34, 2]}, null, null, 50, false, [], false, 0, [], null, 0, 1744387729.5466168, 0, {}]
[{"0": [2, 1, 4, 1, 1, 1, 1, 1, 3, 0, 2, 1, 0, 2, 2, 32, 34]}, null, null, 51, false, [], false, 0, [], null, 0, 1744387729.7559319, 0, {}]
[{"0": [1, 0, 2, 1, 24, 1, 3, 1, 1, 2, 0, 6, 3, 1, 2, 2, 2]}, null, null, 51, false, [], false, 0, [], null, 0, 1744387729.9775336, 0, {}]
[{"0": [0, 1, 1, 23, 2, 3, 1, 3, 2, 0, 1, 2, 2, 0, 4, 4, 3]}, null, null, 52, false, [], false, 0, [], null, 0, 1744387730.17712, 0, {}]
[{"0": [2, 4, 0, 1, 0, 4, 5, 3, 3, 1, 30, 29, 16, 33, 33, 23, 30]}, null, null, 52, false, [], false, 0, [], null, 0, 1744387730.3934464, 0, {}]
[{"0": [1, 2, 0, 0, 3, 0, 1, 6, 1, 1, 0, 4, 3, 3, 1, 2, 3]}, null, null, 53, false, [], false, 0, [], null, 0, 1744387730.6123104, 0, {}]
[{"0": [4, 4, 6, 3, 3, 1, 0, 2, 3, 0, 4, 1, 0, 35, 21, 30, 29]}, null, null, 54, false, [], false, 0, [], null, 0, 1744387730.8234208, 0, {}]
[{"0": [3, 1, 29, 44, 27, 32, 37, 38, 25, 31, 26, 30, 2, 5, 0, 3, 3]}, null, null, 54, false, [], false, 0, [], null, 0, 1744387731.059793, 0, {}]
[{"0": [2, 4, 2, 0, 2, 7, 0, 2, 2, 5, 0, 4, 1, 1, 2, 1, 4]}, null, null, 55, false, [], false, 0, [], null, 0, 1744387731.2594888, 0, {}]
[{"0": [3, 4, 3, 20, 33, 25, 27, 0, 1, 1, 3, 0, 0, 0, 2, 3, 3]}, null, null, 55, false, [], false, 0, [], null, 0, 1744387731.4822147, 0, {}]
[{"0": [0, 2, 2, 2, 3, 2, 2, 4, 2, 0, 31, 3, 3, 2, 5, 1, 0]}, null, null, 56, false, [], false, 0, [], null, 0, 1744387731.7080538, 0, {}]
[{"0": [37, 24, 29, 22, 2, 2, 2, 3, 0, 6, 3, 4, 4, 4, 2, 1, 1]}, null, null, 57, false, [], false, 0, [], null, 0, 1744387731.9113126, 0, {}]
[{"0": [1, 4, 26, 28, 7, 0, 0, 3, 3, 1, 5, 1, 3, 1, 2, 2, 1]}, null, null, 57, false, [], false, 0, [], null, 0, 1744387732.1291916, 0, {}]
[{"0": [2, 1, 28, 26, 48, 28, 19, 20, 34, 2, 3, 2, 3, 1, 3, 3, 1]}, null, null, 58, false, [], false, 0, [], null, 0, 1744387732.352278, 0, {}]
[{"0": [2, 3, 2, 2, 2, 1, 1, 4, 5, 2, 0, 1, 36, 31, 32, 30, 2]}, null, null, 58, false, [], false, 0, [], null, 0, 1744387732.5627248, 0, {}]
[{"0": [0, 0, 1, 3, 0, 2, 1, 3, 0, 4, 1, 29, 2, 1, 2, 1, 1]}, null, null, 59, false, [], false, 0, [], null, 0, 1744387732.7890096, 0, {}]
[{"0": [4, 2, 1, 3, 1, 1, 4, 1, 6, 4, 6, 5, 3, 0, 3, 0, 2]}, null, null, 60, false, [], false, 0, [], null, 0, 1744387733.005887, 0, {}]
[{"0": [3, 1, 1, 41, 32, 21, 36, 30, 2, 3, 3, 0, 3, 4, 3, 0, 0]}, null, null, 60, false, [], false, 0, [], null, 0, 1744387733.2150097, 0, {}]
[{"0": [0, 0, 0, 3, 3, 0, 29, 38, 0, 1, 3, 0, 1, 1, 4, 3, 1]}, null, null, 61, false, [], false, 0, [], null, 0, 1744387733.4267347, 0, {}]
[{"0": [0, 1, 2, 1, 0, 3, 0, 2, 0, 2, 3, 1, 15, 29, 42, 30, 1]}, null, null, 61, false, [], false, 0, [], null, 0, 1744387733.6475406, 0, {}]
[{"0": [2, 2, 0, 1, 1, 4, 5, 3, 1, 3, 3, 5, 4, 4, 2, 2, 4]}, null, null, 62, false, [], false, 0, [], null, 0, 1744387733.8596973, 0, {}]
[{"0": [37, 4, 1, 3, 2, 3, 1, 3, 0, 6, 1, 0, 3, 1, 1, 3, 0]}, null, null, 63, false, [], false, 0, [], null, 0, 1744387734.0866845, 0, {}]
[{"0": [2, 1, 1, 1, 2, 2, 3, 25, 21, 24, 1, 1, 1, 3, 1, 2, 2]}, null, null, 63, false, [], false, 0, [], null, 0, 1744387734.2961416, 0, {}]
[{"0": [1, 3, 1, 3, 1, 3, 0, 5, 0, 4, 1, 0, 4, 3, 2, 25, 41]}, null, null, 64, false, [], false, 0, [], null, 0, 1744387734.5134876, 0, {}]
[{"0": [2, 3, 1, 2, 1, 0, 4, 2, 0, 0, 1, 1, 2, 21, 26, 29, 25]}, null, null, 64, false, [], false, 0, [], null, 0, 1744387734.7335336, 0, {}]
[{"0": [1, 1, 2, 2, 5, 1, 2, 35, 24, 30, 27, 2, 0, 2, 1, 2, 1]}, null, null, 65, false, [], false, 0, [], null, 0, 1744387734.9511576, 0, {}]
[{"0": [1, 1, 2, 2, 3, 5, 4, 4, 0, 33, 20, 20, 1, 1, 0, 3, 3]}, null, null, 66, false, [], false, 0, [], null, 0, 1744387735.1649642, 0, {}]
[{"0": [1, 2, 2, 1, 7, 2, 31, 26, 2, 0, 1, 3, 2, 2, 5, 2, 2]}, null, null, 66, false, [], false, 0, [], null, 0, 1744387735.393911, 0, {}]
[{"0": [2, 3, 2, 0, 3, 2, 2, 0, 0, 5, 2, 4, 5, 1, 25, 28, 31]}, null, null, 67, false, [], false, 0, [], null, 0, 1744387735.601812, 0, {}]
[{"0": [4, 2, 26, 17, 35, 32, 27, 28, 26, 25, 3, 0, 3, 3, 1, 2, 3]}, null, null, 67, false, [], false, 0, [], null, 0, 1744387735.816032, 0, {}]
[{"0": [1, 3, 3, 1, 1, 0, 2, 2, 3, 3, 28, 34, 29, 39, 31, 1, 1]}, null, null, 68, false, [], false, 0, [], null, 0, 1744387736.0446258, 0, {}]
[{"0": [2, 2, 2, 1, 1, 1, 2, 1, 4, 3, 0, 2, 1, 4, 0, 2, 4]}, null, null, 69, false, [], false, 0, [], null, 0, 1744387736.2432995, 0, {}]
[{"0": [0, 4, 22, 28, 1, 3, 1, 1, 0, 1, 2, 4, 0, 0, 1, 3, 2]}, null, null, 69, false, [], false, 0, [], null, 0, 1744387736.4634075, 0, {}]
[{"0": [1, 0, 2, 6, 34, 37, 2, 1, 1, 1, 3, 2, 3, 2, 3, 1, 1]}, null, null, 70, false, [], false, 0, [], null, 0, 1744387736.6825793, 0, {}]
[{"0": [0, 3, 2, 1, 1, 3, 33, 27, 31, 27, 32, 1, 1, 0, 2, 3, 1]}, null, null, 70, false, [], false, 0, [], null, 0, 1744387736.905544, 0, {}]
[{"0": [2, 3, 2, 2, 24, 2, 2, 3, 0, 1, 4, 2, 4, 2, 4, 0, 2]}, null, null, 71, false, [], false, 0, [], null, 0, 1744387737.12273, 0, {}]
[{"0": [1, 1, 0, 3, 1, 1, 2, 3, 30, 0, 3, 3, 1, 1, 0, 2, 2]}, null, null, 72, false, [], false, 0, [], null, 0, 1744387737.328208, 0, {}]
[{"0": [3, 4, 2, 1, 1, 3, 4, 6, 26, 2, 0, 2, 2, 2, 4, 4, 4]}, null, null, 72, false, [], false, 0, [], null, 0, 1744387737.5562844, 0, {}]
[{"0": [2, 2, 1, 1, 0, 0, 3, 1, 1, 4, 1, 2, 29, 2, 1, 1, 3]}, null, null, 73, false, [], false, 0, [], null, 0, 1744387737.7804244, 0, {}]
[{"0": [1, 1, 0, 2, 3, 2, 2, 1, 4, 2, 21, 34, 7, 1, 1, 3, 3]}, null, null, 73, false, [], false, 0, [], null, 0, 1744387738.0001166, 0, {}]
[{"0": [26, 29, 31, 28, 37, 24, 3, 2, 1, 2, 1, 1, 1, 3, 2, 3, 3]}, null, null, 74, false, [], false, 0, [], null, 0, 1744387738.202844, 0, {}]
[{"0": [4, 4, 3, 0, 3, 3, 2, 1, 6, 1, 7, 34, 33, 28, 23, 3, 2]}, null, null, 75, false, [], false, 0, [], null, 0, 1744387738.4228656, 0, {}]
[{"0": [3, 2, 2, 2, 34, 36, 27, 22, 19, 4, 1, 1, 2, 1, 0, 1, 3]}, null, null, 75, false, [], false, 0, [], null, 0, 1744387738.6298096, 0, {}]
[{"0": [2, 2, 3, 1, 4, 26, 20, 30, 36, 35, 0, 4, 0, 1, 3, 1, 4]}, null, null, 76, false, [], false, 0, [], null, 0, 1744387738.8491368, 0, {}]
[{"0": [0, 2, 1, 1, 25, 19, 31, 21, 26, 30, 2, 0, 2, 0, 2, 2, 4]}, null, null, 77, false, [], false, 0, [], null, 0, 1744387739.0701027, 0, {}]
[{"0": [36, 27, 2, 1, 1, 1, 0, 3, 2, 2, 1, 1, 1, 1, 0, 2, 1]}, null, null, 77, false, [], false, 0, [], null, 0, 1744387739.2916806, 0, {}]
[{"0": [1, 24, 36, 32, 4, 3, 2, 1, 2, 1, 3, 3, 4, 4, 3, 2, 1]}, null, null, 78, false, [], false, 0, [], null, 0, 1744387739.4952762, 0, {}]
[{"0": [0, 0, 2, 4, 0, 3, 3, 2, 0, 1, 1, 3, 0, 0, 29, 36, 27]}, null, null, 78, false, [], false, 0, [], null, 0, 1744387739.71192, 0, {}]
[{"0": [1, 0, 30, 38, 24, 34, 23, 22, 28, 25, 31, 23, 37, 35, 26, 29, 36]}, null, null, 79, false, [], false, 0, [], null, 0, 1744387739.9332604, 0, {}]
[{"0": [1, 2, 2, 0, 3, 3, 30, 1, 2, 2, 3, 3, 4, 2, 3, 1, 1]}, null, null, 80, false, [], false, 0, [], null, 0, 1744387740.1441908, 0, {}]
[{"0": [1, 1, 0, 0, 1, 3, 2, 29, 31, 29, 0, 2, 4, 2, 3, 0, 3]}, null, null, 80, false, [], false, 0, [], null, 0, 1744387740.3716922, 0, {}]
[{"0": [3, 0, 5, 1, 2, 0, 2, 2, 1, 0, 5, 3, 2, 1, 3, 1, 3]}, null, null, 81, false, [], false, 0, [], null, 0, 1744387740.578191, 0, {}]
[{"0": [5, 0, 1, 2, 0, 4, 4, 30, 2, 1, 3, 4, 2, 1, 1, 0, 2]}, null, null, 81, false, [], false, 0, [], null, 0, 1744387740.797675, 0, {}]
[{"0": [0, 1, 3, 5, 0, 5, 3, 2, 2, 1, 2, 3, 1, 3, 3, 35, 23]}, null, null, 82, false, [], false, 0, [], null, 0, 1744387741.0234506, 0, {}]
[{"0": [1, 1, 25, 35, 26, 32, 35, 4, 2, 1, 1, 1, 1, 3, 2, 5, 1]}, null, null, 83, false, [], false, 0, [], null, 0, 1744387741.245106, 0, {}]
[{"0": [4, 1, 4, 2, 2, 1, 4, 0, 3, 1, 1, 1, 1, 2, 2, 30, 30]}, null, null, 83, false, [], false, 0, [], null, 0, 1744387741.4582825, 0, {}]
[{"0": [1, 7, 0, 2, 4, 2, 4, 31, 0, 1, 1, 3, 1, 1, 3, 3, 8]}, null, null, 84, false, [], false, 0, [], null, 0, 1744387741.6768444, 0, {}]
[{"0": [3, 3, 0, 30, 2, 5, 2, 4, 5, 0, 3, 2, 2, 4, 1, 2, 0]}, null, null, 84, false, [], false, 0, [], null, 0, 1744387741.8815749, 0, {}]
[{"0": [0, 1, 3, 2, 0, 3, 3, 3, 1, 1, 1, 0, 4, 0, 4, 1, 0]}, null, null, 85, false, [], false, 0, [], null, 0, 1744387742.1028137, 0, {}]
[{"0": [1, 3, 1, 0, 1, 1, 1, 2, 3, 4, 0, 2, 1, 2, 1, 1, 28]}, null, null, 86, false, [], false, 0, [], null, 0, 1744387742.3100452, 0, {}]
[{"0": [4, 3, 2, 2, 2, 1, 2, 1, 1, 1, 2, 2, 1, 2, 1, 2, 29]}, null, null, 86, false, [], false, 0, [], null, 0, 1744387742.5459025, 0, {}]
[{"0": [3, 3, 0, 3, 2, 4, 1, 4, 17, 0, 1, 2, 1, 1, 2, 1, 3]}, null, null, 87, false, [], false, 0, [], null, 0, 1744387742.7501252, 0, {}]
[{"0": [1, 1, 0, 2, 3, 1, 4, 3, 32, 24, 1, 1, 5, 0, 2, 0, 1]}, null, null, 87, false, [], false, 0, [], null, 0, 1744387742.9657397, 0, {}]
[{"0": [0, 0, 1, 1, 2, 1, 1, 3, 3, 2, 1, 1, 4, 28, 33, 35, 27]}, null, null, 88, false, [], false, 0, [], null, 0, 1744387743.1884701, 0, {}]
[{"0": [4, 3, 1, 8, 5, 0, 1, 1, 38, 1, 1, 3, 2, 3, 3, 2, 3]}, null, null, 89, false, [], false, 0, [], null, 0, 1744387743.4082682, 0, {}]
[{"0": [1, 4, 2, 3, 3, 2, 5, 0, 0, 4, 2, 4, 1, 2, 1, 1, 5]}, null, null, 89, false, [], false, 0, [], null, 0, 1744387743.6242478, 0, {}]
[{"0": [1, 1, 3, 0, 2, 1, 1, 0, 4, 2, 3, 2, 24, 22, 35, 33, 23]}, null, null, 90, false, [], false, 0, [], null, 0, 1744387743.8350236, 0, {}]
[{"0": [0, 3, 2, 0, 2, 27, 30, 22, 34, 21, 2, 2, 1, 0, 1, 6, 2]}, null, null, 90, false, [], false, 0, [], null, 0, 1744387744.056723, 0, {}]
[{"0": [2, 0, 2, 2, 1, 7, 5, 3, 1, 0, 24, 34, 36, 31, 28, 33, 34]}, null, null, 91, false, [], false, 0, [], null, 0, 1744387744.2751684, 0, {}]
[{"0": [0, 0, 2, 1, 4, 2, 2, 2, 1, 3, 7, 4, 1, 1, 1, 1, 1]}, null, null, 92, false, [], false, 0, [], null, 0, 1744387744.4903657, 0, {}]
[{"0": [2, 1, 2, 2, 1, 2, 2, 26, 2, 2, 2, 1, 1, 3, 3, 0, 3]}, null, null, 92, false, [], false, 0, [], null, 0, 1744387744.6993425, 0, {}]
[{"0": [1, 1, 0, 0, 6, 0, 0, 0, 6, 3, 3, 2, 0, 0, 3, 50, 26]}, null, null, 93, false, [], false, 0, [], null, 0, 1744387744.9193072, 0, {}]
[{"0": [0, 0, 1, 1, 1, 2, 0, 4, 0, 1, 2, 3, 1, 0, 2, 30, 3]}, null, null, 93, false, [], false, 0, [], null, 0, 1744387745.1476896, 0, {}]
[{"0": [3, 0, 2, 25, 29, 3, 2, 4, 1, 4, 0, 0, 3, 1, 1, 3, 1]}, null, null, 94, false, [], false, 0, [], null, 0, 1744387745.3529067, 0, {}]
[{"0": [2, 3, 0, 2, 2, 5, 2, 2, 0, 23, 5, 3, 2, 1, 0, 2, 2]}, null, null, 95, false, [], false, 0, [], null, 0, 1744387745.5623412, 0, {}]
[{"0": [1, 1, 2, 1, 0, 4, 4, 2, 3, 2, 4, 0, 27, 20, 2, 2, 2]}, null, null, 95, false, [], false, 0, [], null, 0, 1744387745.793857, 0, {}]
[{"0": [2, 2, 3, 2, 2, 3, 4, 1, 2, 1, 3, 2, 3, 2, 2, 1, 2]}, null, null, 96, false, [], false, 0, [], null, 0, 1744387746.0112307, 0, {}]
[{"0": [4, 0, 1, 0, 2, 1, 2, 0, 2, 2, 2, 2, 0, 3, 23, 3, 2]}, null, null, 96, false, [], false, 0, [], null, 0, 1744387746.2265677, 0, {}]
[{"0": [2, 3, 1, 4, 2, 3, 2, 6, 1, 2, 1, 2, 27, 30, 33, 38, 24]}, null, null, 97, false, [], false, 0, [], null, 0, 1744387746.4317677, 0, {}]
[{"0": [5, 1, 1, 1, 2, 0, 26, 24, 18, 1, 1, 0, 2, 2, 1, 1, 0]}, null, null, 98, false, [], false, 0, [], null, 0, 1744387746.6568859, 0, {}]
[{"0": [0, 1, 2, 2, 4, 4, 3, 3, 2, 3, 1, 2, 0, 41, 32, 23, 34]}, null, null, 98, false, [], false, 0, [], null, 0, 1744387746.8801577, 0, {}]
[{"0": [3, 1, 2, 1, 1, 1, 26, 34, 2, 3, 3, 0, 4, 3, 3, 1, 1]}, null, null, 99, false, [], false, 0, [], null, 0, 1744387747.0913894, 0, {}]
[{"0": [2, 2, 0, 1, 3, 1, 0, 27, 24, 25, 0, 1, 0, 2, 1, 1, 1]}, null, null, 99, false, [], false, 0, [], null, 0, 1744387747.309791, 0, {}]
[{"0": [32, 1, 2, 1, 5, 0, 3, 1, 2, 5, 2, 2, 4, 2, 2, 0, 2]}, null, null, 100, false, [], false, 0, [], null, 0, 1744387747.5294144, 0, {}]
[{"0": [2, 3, 7, 27, 2, 2, 2, 2, 1, 2, 2, 4, 4, 2, 1, 1, 1]}, null, null, 101, false, [], false, 0, [], null, 0, 1744387747.7513206, 0, {}]
[{"0": [0, 6, 4, 2, 32, 25, 22, 31, 1, 3, 1, 1, 2, 3, 1, 3, 2]}, null, null, 101, false, [], false, 0, [], null, 0, 1744387747.963391, 0, {}]
[{"0": [1, 1, 4, 3, 2, 3, 2, 1, 3, 23, 30, 29, 29, 32, 30, 29, 4]}, null, null, 102, false, [], false, 0, [], null, 0, 1744387748.1787376, 0, {}]
[{"0": [3, 3, 0, 4, 2, 3, 1, 3, 1, 4, 4, 1, 2, 2, 1, 3, 31]}, null, null, 102, false, [], false, 0, [], null, 0, 1744387748.3812823, 0, {}]
[{"0": [1, 3, 1, 1, 1, 4, 1, 1, 2, 2, 5, 2, 4, 34, 33, 2, 3]}, null, null, 103, false, [], false, 0, [], null, 0, 1744387748.6046112, 0, {}]
[{"0": [0, 0, 1, 2, 3, 1, 0, 3, 1, 23, 28, 25, 1, 2, 0, 9, 1]}, null, null, 104, false, [], false, 0, [], null, 0, 1744387748.823938, 0, {}]
[{"0": [32, 2, 6, 0, 2, 0, 0, 2, 4, 2, 0, 3, 2, 2, 3, 4, 2]}, null, null, 104, false, [], false, 0, [], null, 0, 1744387749.0273888, 0, {}]
[{"0": [4, 2, 3, 5, 30, 31, 34, 32, 26, 31, 34, 28, 2, 0, 0, 1, 2]}, null, null, 105, false, [], false, 0, [], null, 0, 1744387749.2480495, 0, {}]
[{"0": [0, 0, 21, 31, 26, 24, 3, 3, 4, 0, 4, 2, 1, 1, 1, 1, 2]}, null, null, 105, false, [], false, 0, [], null, 0, 1744387749.4829032, 0, {}]
[{"0": [1, 5, 3, 2, 1, 1, 2, 2, 3, 0, 31, 21, 35, 3, 2, 2, 2]}, null, null, 106, false, [], false, 0, [], null, 0, 1744387749.6924846, 0, {}]
[{"0": [1, 30, 24, 24, 3, 2, 1, 2, 4, 1, 4, 3, 0, 1, 1, 5, 4]}, null, null, 107, false, [], false, 0, [], null, 0, 1744387749.9022858, 0, {}]
[{"0": [2, 5, 1, 1, 2, 2, 2, 2, 30, 32, 36, 2, 4, 2, 3, 2, 2]}, null, null, 107, false, [], false, 0, [], null, 0, 1744387750.124139, 0, {}]
[{"0": [3, 0, 4, 1, 2, 3, 3, 2, 3, 35, 22, 20, 26, 38, 29, 24, 36]}, null, null, 108, false, [], false, 0, [], null, 0, 1744387750.3498082, 0, {}]
[{"0": [3, 5, 2, 1, 1, 2, 3, 4, 3, 2, 1, 1, 4, 3, 1, 3, 2]}, null, null, 108, false, [], false, 0, [], null, 0, 1744387750.5621326, 0, {}]
[{"0": [0, 2, 1, 2, 3, 2, 2, 1, 1, 2, 1, 1, 2, 1, 2, 1, 29]}, null, null, 109, false, [], false, 0, [], null, 0, 1744387750.7694805, 0, {}]
[{"0": [3, 4, 23, 29, 40, 30, 31, 36, 27, 38, 27, 1, 0, 1, 1, 1, 0]}, null, null, 110, false, [], false, 0, [], null, 0, 1744387750.994779, 0, {}]
[{"0": [0, 4, 0, 2, 1, 2, 33, 1, 4, 2, 2, 1, 4, 1, 3, 2, 6]}, null, null, 110, false, [], false, 0, [], null, 0, 1744387751.2105007, 0, {}]
[{"0": [1, 2, 2, 2, 4, 3, 7, 0, 2, 4, 3, 1, 7, 2, 3, 1, 40]}, null, null, 111, false, [], false, 0, [], null, 0, 1744387751.4211667, 0, {}]
[{"0": [5, 0, 1, 1, 4, 3, 2, 1, 3, 2, 1, 5, 0, 1, 3, 1, 32]}, null, null, 111, false, [], false, 0, [], null, 0, 1744387751.6443894, 0, {}]
[{"0": [3, 1, 2, 4, 3, 2, 2, 2, 2, 2, 1, 1, 3, 1, 2, 28, 25]}, null, null, 112, false, [], false, 0, [], null, 0, 1744387751.8559756, 0, {}]
[{"0": [1, 1, 2, 2, 2, 6, 3, 3, 25, 32, 27, 5, 7, 3, 1, 3, 1]}, null, null, 113, false, [], false, 0, [], null, 0, 1744387752.068989, 0, {}]
[{"0": [2, 2, 4, 2, 2, 3, 5, 17, 3, 0, 5, 2, 2, 6, 1, 4, 0]}, null, null, 113, false, [], false, 0, [], null, 0, 1744387752.2940304, 0, {}]
[{"0": [2, 1, 2, 0, 2, 1, 2, 0, 3, 2, 2, 1, 1, 1, 1, 1, 36]}, null, null, 114, false, [], false, 0, [], null, 0, 1744387752.512878, 0, {}]
[{"0": [1, 0, 2, 0, 1, 2, 2, 5, 3, 1, 4, 1, 2, 2, 2, 37, 25]}, null, null, 114, false, [], false, 0, [], null, 0, 1744387752.737233, 0, {}]
[{"0": [6, 3, 0, 3, 3, 3, 2, 2, 2, 4, 0, 7, 2, 33, 29, 27, 0]}, null, null, 115, false, [], false, 0, [], null, 0, 1744387752.9438653, 0, {}]
[{"0": [1, 1, 3, 2, 2, 1, 1, 2, 1, 3, 31, 26, 1, 0, 1, 2, 3]}, null, null, 116, false, [], false, 0, [], null, 0, 1744387753.1467564, 0, {}]
[{"0": [1, 1, 1, 2, 0, 1, 3, 30, 28, 29, 22, 20, 22, 36, 3, 1, 6]}, null, null, 116, false, [], false, 0, [], null, 0, 1744387753.37642, 0, {}]
[{"0": [3, 2, 2, 1, 2, 5, 2, 1, 2, 3, 32, 41, 21, 2, 3, 1, 2]}, null, null, 117, false, [], false, 0, [], null, 0, 1744387753.5878341, 0, {}]
[{"0": [2, 3, 20, 1, 3, 6, 0, 1, 2, 2, 1, 2, 0, 3, 3, 3, 2]}, null, null, 117, false, [], false, 0, [], null, 0, 1744387753.8155897, 0, {}]
[{"0": [31, 2, 5, 2, 1, 3, 2, 4, 2, 1, 3, 1, 3, 3, 5, 1, 2]}, null, null, 118, false, [], false, 0, [], null, 0, 1744387754.032266, 0, {}]
[{"0": [0, 1, 27, 31, 5, 1, 0, 3, 1, 0, 3, 1, 5, 1, 0, 2, 1]}, null, null, 119, false, [], false, 0, [], null, 0, 1744387754.2451265, 0, {}]
[{"0": [2, 1, 4, 2, 2, 3, 33, 31, 35, 34, 27, 24, 29, 38, 36, 24, 23]}, null, null, 119, false, [], false, 0, [], null, 0, 1744387754.4623356, 0, {}]
[{"0": [3, 2, 0, 1, 3, 1, 1, 32, 1, 0, 1, 2, 1, 2, 0, 2, 6]}, null, null, 120, false, [], false, 0, [], null, 0, 1744387754.6702924, 0, {}]
[{"0": [3, 1, 0, 3, 2, 24, 37, 31, 38, 41, 33, 24, 1, 1, 3, 3, 4]}, null, null, 120, false, [], false, 0, [], null, 0, 1744387754.8871133, 0, {}]
[{"0": [2, 1, 0, 5, 3, 0, 2, 2, 3, 1, 1, 3, 2, 4, 22, 25, 34]}, null, null, 121, false, [], false, 0, [], null, 0, 1744387755.110447, 0, {}]
[{"0": [22, 3, 5, 0, 0, 24, 28, 24, 35, 33, 20, 37, 27, 33, 5, 1, 1]}, null, null, 122, false, [], false, 0, [], null, 0, 1744387755.3246922, 0, {}]
[{"0": [2, 2, 6, 3, 1, 25, 19, 33, 32, 36, 18, 15, 26, 30, 31, 40, 28]}, null, null, 122, false, [], false, 0, [], null, 0, 1744387755.5555482, 0, {}]
[{"0": [1, 1, 1, 2, 4, 5, 2, 2, 3, 1, 0, 4, 1, 1, 2, 2, 2]}, null, null, 123, false, [], false, 0, [], null, 0, 1744387755.7684908, 0, {}]
[{"0": [1, 1, 1, 2, 2, 3, 5, 1, 2, 3, 3, 3, 2, 4, 26, 1, 3]}, null, null, 123, false, [], false, 0, [], null, 0, 1744387755.9762104, 0, {}]
[{"0": [3, 2, 1, 3, 4, 2, 1, 2, 2, 4, 2, 0, 3, 5, 4, 28, 17]}, null, null, 124, false, [], false, 0, [], null, 0, 1744387756.1998842, 0, {}]
[{"0": [1, 1, 4, 2, 2, 2, 0, 0, 23, 21, 40, 21, 30, 27, 29, 26, 23]}, null, null, 125, false, [], false, 0, [], null, 0, 1744387756.415509, 0, {}]
[{"0": [2, 2, 2, 1, 1, 31, 30, 37, 26, 23, 21, 19, 25, 2, 3, 2, 3]}, null, null, 125, false, [], false, 0, [], null, 0, 1744387756.6316042, 0, {}]
[{"0": [24, 2, 1, 4, 4, 1, 2, 5, 1, 1, 2, 3, 2, 1, 2, 3, 2]}, null, null, 126, false, [], false, 0, [], null, 0, 1744387756.852582, 0, {}]
[{"0": [0, 1, 2, 0, 4, 0, 1, 3, 3, 3, 1, 0, 17, 18, 31, 19, 27]}, null, null, 127, false, [], false, 0, [], null, 0, 1744387757.0597517, 0, {}]
[{"0": [2, 2, 3, 2, 2, 0, 5, 1, 3, 1, 2, 31, 24, 28, 33, 31, 34]}, null, null, 127, false, [], false, 0, [], null, 0, 1744387757.2664292, 0, {}]
[{"0": [23, 31, 20, 30, 30, 23, 26, 2, 1, 4, 3, 4, 6, 1, 1, 3, 4]}, null, null, 128, false, [], false, 0, [], null, 0, 1744387757.4941592, 0, {}]
[{"0": [1, 2, 1, 1, 0, 5, 4, 0, 1, 1, 0, 2, 22, 29, 18, 0, 0]}, null, null, 128, false, [], false, 0, [], null, 0, 1744387757.7113347, 0, {}]
[{"0": [30, 23, 17, 24, 33, 23, 27, 31, 20, 24, 39, 24, 29, 27, 23, 34, 35]}, null, null, 129, false, [], false, 0, [], null, 0, 1744387757.929524, 0, {}]
[{"0": [31, 1, 0, 3, 2, 26, 26, 17, 29, 2, 0, 2, 1, 2, 0, 3, 1]}, null, null, 130, false, [], false, 0, [], null, 0, 1744387758.1479836, 0, {}]
[{"0": [1, 1, 2, 5, 2, 5, 4, 4, 1, 4, 4, 5, 25, 34, 36, 28, 26]}, null, null, 130, false, [], false, 0, [], null, 0, 1744387758.3477201, 0, {}]
[{"0": [2, 0, 1, 1, 4, 1, 3, 4, 1, 1, 1, 1, 4, 2, 0, 22, 27]}, null, null, 131, false, [], false, 0, [], null, 0, 1744387758.578198, 0, {}]
[{"0": [1, 1, 0, 4, 1, 3, 1, 2, 1, 27, 24, 36, 24, 37, 24, 7, 2]}, null, null, 131, false, [], false, 0, [], null, 0, 1744387758.7950487, 0, {}]
[{"0": [6, 2, 1, 2, 1, 2, 1, 3, 1, 3, 7, 1, 3, 2, 0, 27, 41]}, null, null, 132, false, [], false, 0, [], null, 0, 1744387759.0104501, 0, {}]
[{"0": [1, 1, 0, 3, 1, 24, 31, 28, 25, 21, 28, 31, 18, 31, 29, 18, 17]}, null, null, 133, false, [], false, 0, [], null, 0, 1744387759.2293682, 0, {}]
[{"0": [1, 4, 1, 3, 1, 2, 3, 3, 4, 29, 25, 1, 1, 4, 1, 1, 1]}, null, null, 133, false, [], false, 0, [], null, 0, 1744387759.4325156, 0, {}]
[{"0": [1, 1, 1, 3, 1, 0, 1, 3, 1, 2, 26, 27, 29, 23, 25, 0, 4]}, null, null, 134, false, [], false, 0, [], null, 0, 1744387759.6591263, 0, {}]
[{"0": [2, 2, 1, 1, 1, 2, 5, 20, 33, 2, 2, 4, 1, 1, 2, 3, 2]}, null, null, 134, false, [], false, 0, [], null, 0, 1744387759.887283, 0, {}]
[{"0": [3, 2, 2, 0, 2, 2, 1, 1, 1, 30, 4, 1, 2, 1, 0, 2, 1]}, null, null, 135, false, [], false, 0, [], null, 0, 1744387760.1073122, 0, {}]
[{"0": [1, 2, 2, 1, 5, 2, 1, 3, 27, 32, 25, 25, 28, 26, 32, 1, 2]}, null, null, 136, false, [], false, 0, [], null, 0, 1744387760.309536, 0, {}]
[{"0": [3, 6, 1, 5, 0, 2, 5, 1, 2, 1, 2, 1, 37, 26, 22, 30, 25]}, null, null, 136, false, [], false, 0, [], null, 0, 1744387760.5341036, 0, {}]
[{"0": [0, 1, 1, 2, 2, 4, 2, 4, 3, 1, 29, 43, 24, 19, 38, 24, 22]}, null, null, 137, false, [], false, 0, [], null, 0, 1744387760.752867, 0, {}]
[{"0": [1, 0, 0, 0, 1, 25, 36, 27, 18, 26, 21, 29, 24, 32, 29, 19, 22]}, null, null, 137, false, [], false, 0, [], null, 0, 1744387760.965844, 0, {}]
[{"0": [2, 2, 2, 2, 0, 3, 0, 4, 0, 1, 4, 18, 28, 1, 2, 2, 1]}, null, null, 138, false, [], false, 0, [], null, 0, 1744387761.1733034, 0, {}]
[{"0": [1, 1, 1, 0, 1, 0, 3, 1, 1, 3, 4, 33, 2, 1, 1, 1, 1]}, null, null, 139, false, [], false, 0, [], null, 0, 1744387761.391225, 0, {}]
[{"0": [1, 2, 2, 0, 32, 21, 1, 1, 3, 0, 0, 3, 3, 2, 2, 3, 2]}, null, null, 139, false, [], false, 0, [], null, 0, 1744387761.603672, 0, {}]
[{"0": [3, 2, 2, 2, 1, 2, 2, 3, 0, 1, 1, 2, 0, 2, 3, 30, 26]}, null, null, 140, false, [], false, 0, [], null, 0, 1744387761.8203259, 0, {}]
[{"0": [4, 3, 4, 2, 2, 4, 3, 3, 0, 3, 3, 2, 3, 23, 0, 1, 1]}, null, null, 140, false, [], false, 0, [], null, 0, 1744387762.0560482, 0, {}]
[{"0": [2, 1, 5, 1, 0, 3, 1, 2, 3, 1, 2, 1, 3, 0, 1, 4, 20]}, null, null, 141, false, [], false, 0, [], null, 0, 1744387762.262233, 0, {}]
[{"0": [2, 2, 2, 29, 38, 21, 0, 1, 2, 2, 3, 1, 0, 1, 3, 0, 3]}, null, null, 142, false, [], false, 0, [], null, 0, 1744387762.479629, 0, {}]
[{"0": [0, 3, 25, 14, 21, 16, 24, 21, 24, 24, 22, 14, 27, 25, 24, 31, 3]}, null, null, 142, false, [], false, 0, [], null, 0, 1744387762.7062273, 0, {}]
[{"0": [0, 3, 1, 0, 4, 4, 5, 4, 1, 2, 0, 3, 1, 5, 1, 1, 13]}, null, null, 143, false, [], false, 0, [], null, 0, 1744387762.903044, 0, {}]
[{"0": [4, 0, 2, 5, 0, 1, 2, 1, 4, 1, 2, 0, 1, 24, 0, 0, 1]}, null, null, 143, false, [], false, 0, [], null, 0, 1744387763.1242514, 0, {}]
[{"0": [1, 1, 1, 0, 2, 27, 24, 27, 39, 32, 28, 22, 25, 34, 4, 2, 2]}, null, null, 144, false, [], false, 0, [], null, 0, 1744387763.3492355, 0, {}]
[{"0": [37, 33, 38, 19, 26, 4, 1, 0, 2, 3, 0, 1, 1, 0, 3, 1, 3]}, null, null, 145, false, [], false, 0, [], null, 0, 1744387763.558251, 0, {}]
[{"0": [8, 4, 1, 4, 5, 2, 3, 1, 0, 4, 2, 0, 27, 28, 0, 1, 2]}, null, null, 145, false, [], false, 0, [], null, 0, 1744387763.7883494, 0, {}]
[{"0": [1, 1, 1, 0, 1, 2, 1, 2, 25, 25, 27, 2, 4, 3, 0, 3, 1]}, null, null, 146, false, [], false, 0, [], null, 0, 1744387763.9935122, 0, {}]
[{"0": [34, 27, 20, 23, 29, 19, 32, 4, 2, 2, 4, 3, 2, 2, 2, 2, 4]}, null, null, 146, false, [], false, 0, [], null, 0, 1744387764.2146275, 0, {}]
[{"0": [23, 28, 23, 34, 21, 28, 31, 19, 27, 2, 2, 5, 0, 1, 1, 4, 4]}, null, null, 147, false, [], false, 0, [], null, 0, 1744387764.4174867, 0, {}]
[{"0": [1, 4, 30, 20, 24, 25, 28, 29, 26, 30, 0, 1, 3, 3, 0, 1, 2]}, null, null, 148, false, [], false, 0, [], null, 0, 1744387764.65101, 0, {}]
[{"0": [19, 2, 0, 0, 1, 4, 2, 2, 0, 0, 1, 0, 3, 2, 5, 4, 2]}, null, null, 148, false, [], false, 0, [], null, 0, 1744387764.8543146, 0, {}]
[{"0": [1, 2, 1, 1, 2, 2, 2, 0, 2, 3, 20, 2, 1, 2, 4, 1, 3]}, null, null, 149, false, [], false, 0, [], null, 0, 1744387765.0742657, 0, {}]
[{"0": [1, 3, 23, 22, 31, 23, 22, 27, 29, 23, 34, 26, 28, 36, 23, 26, 22]}, null, null, 149, false, [], false, 0, [], null, 0, 1744387765.2943099, 0, {}]
[{"0": [2, 2, 3, 1, 2, 4, 0, 2, 3, 4, 3, 0, 0, 4, 25, 0, 0]}, null, null, 150, true, [], false, 0, [], null, 0, 1744387765.5229945, 0, {}]
