[{"0": [5, 4, 2, 3, 3, 0, 3, 3, 3, 2, 0, 1, 0, 1, 23, 24, 20]}, null, null, 0, false, [], false, 0, [], null, 0, 1744384577.6460893, 0, {}]
[{"0": [2, 5, 3, 2, 1, 1, 4, 1, 0, 2, 0, 0, 5, 1, 2, 0, 3]}, null, null, 1, false, [], false, 0, [], null, 0, 1744384577.8620582, 0, {}]
[{"0": [1, 3, 0, 0, 1, 1, 3, 0, 4, 2, 1, 2, 1, 1, 1, 30, 42]}, null, null, 1, false, [], false, 0, [], null, 0, 1744384578.0848234, 0, {}]
[{"0": [1, 4, 1, 2, 3, 3, 30, 23, 27, 22, 24, 28, 36, 17, 6, 3, 3]}, null, null, 2, false, [], false, 0, [], null, 0, 1744384578.3041282, 0, {}]
[{"0": [2, 2, 3, 1, 0, 4, 0, 2, 4, 1, 20, 1, 3, 2, 0, 3, 0]}, null, null, 2, false, [], false, 0, [], null, 0, 1744384578.5264614, 0, {}]
[{"0": [3, 1, 4, 1, 2, 0, 2, 0, 1, 26, 34, 23, 0, 2, 1, 1, 4]}, null, null, 3, false, [], false, 0, [], null, 0, 1744384578.732011, 0, {}]
[{"0": [2, 5, 0, 2, 3, 0, 3, 2, 2, 3, 1, 0, 39, 25, 30, 29, 25]}, null, null, 4, false, [], false, 0, [], null, 0, 1744384578.9470825, 0, {}]
[{"0": [6, 4, 3, 3, 1, 1, 4, 6, 2, 1, 4, 0, 2, 2, 22, 1, 0]}, null, null, 4, false, [], false, 0, [], null, 0, 1744384579.1783576, 0, {}]
[{"0": [3, 1, 1, 4, 1, 1, 0, 2, 23, 1, 1, 2, 4, 2, 1, 4, 4]}, null, null, 5, false, [], false, 0, [], null, 0, 1744384579.3805969, 0, {}]
[{"0": [24, 25, 27, 2, 1, 4, 2, 2, 3, 2, 3, 2, 1, 2, 1, 1, 3]}, null, null, 5, false, [], false, 0, [], null, 0, 1744384579.5992534, 0, {}]
[{"0": [1, 2, 0, 3, 3, 1, 1, 3, 3, 6, 2, 2, 2, 33, 24, 24, 36]}, null, null, 6, false, [], false, 0, [], null, 0, 1744384579.8119528, 0, {}]
[{"0": [1, 2, 0, 1, 1, 2, 3, 2, 1, 3, 0, 1, 5, 1, 1, 1, 1]}, null, null, 7, false, [], false, 0, [], null, 0, 1744384580.035121, 0, {}]
[{"0": [2, 0, 1, 2, 2, 1, 20, 30, 32, 0, 2, 5, 1, 2, 2, 2, 1]}, null, null, 7, false, [], false, 0, [], null, 0, 1744384580.2578435, 0, {}]
[{"0": [2, 3, 0, 1, 2, 2, 2, 5, 2, 2, 4, 1, 3, 31, 32, 0, 2]}, null, null, 8, false, [], false, 0, [], null, 0, 1744384580.470848, 0, {}]
[{"0": [3, 3, 0, 3, 0, 2, 26, 1, 0, 3, 1, 1, 0, 2, 1, 0, 1]}, null, null, 8, false, [], false, 0, [], null, 0, 1744384580.6825325, 0, {}]
[{"0": [4, 2, 27, 1, 2, 2, 1, 4, 1, 3, 3, 1, 2, 1, 3, 2, 0]}, null, null, 9, false, [], false, 0, [], null, 0, 1744384580.8947277, 0, {}]
[{"0": [3, 0, 3, 2, 2, 3, 2, 0, 0, 2, 1, 1, 2, 6, 2, 30, 30]}, null, null, 10, false, [], false, 0, [], null, 0, 1744384581.1104438, 0, {}]
[{"0": [2, 4, 2, 4, 3, 2, 1, 3, 35, 32, 1, 2, 0, 3, 2, 0, 0]}, null, null, 10, false, [], false, 0, [], null, 0, 1744384581.32899, 0, {}]
[{"0": [0, 0, 1, 0, 6, 0, 5, 1, 34, 23, 22, 38, 1, 3, 3, 4, 0]}, null, null, 11, false, [], false, 0, [], null, 0, 1744384581.5492222, 0, {}]
[{"0": [0, 2, 33, 26, 25, 35, 3, 2, 1, 6, 4, 1, 2, 2, 2, 3, 2]}, null, null, 11, false, [], false, 0, [], null, 0, 1744384581.780381, 0, {}]
[{"0": [3, 1, 2, 1, 4, 37, 36, 26, 29, 1, 3, 2, 2, 1, 1, 2, 2]}, null, null, 12, false, [], false, 0, [], null, 0, 1744384581.985612, 0, {}]
[{"0": [4, 1, 1, 2, 1, 2, 36, 28, 35, 1, 0, 3, 0, 0, 2, 3, 1]}, null, null, 13, false, [], false, 0, [], null, 0, 1744384582.2059612, 0, {}]
[{"0": [1, 1, 2, 1, 1, 1, 1, 0, 4, 2, 1, 3, 30, 28, 1, 1, 2]}, null, null, 13, false, [], false, 0, [], null, 0, 1744384582.4318435, 0, {}]
[{"0": [1, 0, 1, 2, 3, 2, 1, 5, 0, 4, 3, 1, 1, 2, 0, 2, 2]}, null, null, 14, false, [], false, 0, [], null, 0, 1744384582.639297, 0, {}]
[{"0": [2, 1, 1, 2, 3, 3, 2, 0, 1, 2, 2, 2, 0, 5, 22, 1, 2]}, null, null, 14, false, [], false, 0, [], null, 0, 1744384582.8544502, 0, {}]
[{"0": [1, 2, 2, 3, 28, 25, 3, 2, 1, 2, 5, 1, 3, 4, 2, 4, 2]}, null, null, 15, false, [], false, 0, [], null, 0, 1744384583.0723717, 0, {}]
[{"0": [0, 0, 2, 3, 0, 1, 31, 31, 1, 0, 2, 3, 1, 0, 2, 1, 2]}, null, null, 16, false, [], false, 0, [], null, 0, 1744384583.279415, 0, {}]
[{"0": [1, 2, 3, 1, 1, 0, 1, 2, 2, 1, 1, 3, 2, 32, 42, 27, 34]}, null, null, 16, false, [], false, 0, [], null, 0, 1744384583.5017786, 0, {}]
[{"0": [24, 23, 42, 2, 2, 1, 2, 0, 1, 1, 4, 3, 2, 0, 1, 2, 2]}, null, null, 17, false, [], false, 0, [], null, 0, 1744384583.7218266, 0, {}]
[{"0": [4, 2, 2, 3, 0, 31, 29, 23, 29, 19, 24, 0, 1, 1, 1, 0, 0]}, null, null, 17, false, [], false, 0, [], null, 0, 1744384583.9243703, 0, {}]
[{"0": [4, 1, 2, 3, 2, 0, 2, 1, 1, 1, 1, 4, 1, 0, 1, 1, 38]}, null, null, 18, false, [], false, 0, [], null, 0, 1744384584.147598, 0, {}]
[{"0": [1, 1, 3, 0, 1, 2, 0, 2, 1, 1, 1, 1, 2, 31, 17, 2, 1]}, null, null, 19, false, [], false, 0, [], null, 0, 1744384584.363971, 0, {}]
[{"0": [1, 2, 2, 1, 2, 1, 5, 1, 2, 3, 1, 4, 1, 2, 4, 25, 36]}, null, null, 19, false, [], false, 0, [], null, 0, 1744384584.5937605, 0, {}]
[{"0": [2, 0, 0, 30, 32, 30, 32, 23, 1, 0, 0, 0, 2, 1, 4, 3, 5]}, null, null, 20, false, [], false, 0, [], null, 0, 1744384584.8019066, 0, {}]
[{"0": [0, 1, 2, 2, 3, 4, 0, 2, 3, 29, 16, 27, 35, 29, 26, 2, 5]}, null, null, 20, false, [], false, 0, [], null, 0, 1744384585.0274572, 0, {}]
[{"0": [3, 2, 1, 1, 1, 3, 0, 20, 4, 2, 0, 5, 1, 0, 1, 2, 1]}, null, null, 21, false, [], false, 0, [], null, 0, 1744384585.237313, 0, {}]
[{"0": [4, 3, 3, 4, 1, 4, 1, 2, 3, 1, 2, 2, 1, 0, 3, 3, 25]}, null, null, 22, false, [], false, 0, [], null, 0, 1744384585.4549015, 0, {}]
[{"0": [1, 3, 1, 3, 0, 1, 0, 0, 2, 4, 3, 1, 1, 24, 0, 0, 1]}, null, null, 22, false, [], false, 0, [], null, 0, 1744384585.6685963, 0, {}]
[{"0": [4, 2, 2, 4, 19, 31, 26, 28, 1, 1, 0, 1, 1, 1, 1, 2, 2]}, null, null, 23, false, [], false, 0, [], null, 0, 1744384585.8908439, 0, {}]
[{"0": [2, 1, 2, 28, 5, 0, 0, 5, 3, 3, 2, 1, 4, 1, 3, 1, 2]}, null, null, 23, false, [], false, 0, [], null, 0, 1744384586.101228, 0, {}]
[{"0": [2, 1, 4, 2, 31, 19, 2, 0, 0, 2, 2, 3, 2, 1, 0, 0, 0]}, null, null, 24, false, [], false, 0, [], null, 0, 1744384586.3232756, 0, {}]
[{"0": [3, 3, 2, 1, 3, 2, 2, 0, 0, 0, 1, 3, 26, 31, 3, 2, 0]}, null, null, 25, false, [], false, 0, [], null, 0, 1744384586.5306427, 0, {}]
[{"0": [2, 2, 2, 4, 36, 27, 30, 2, 3, 3, 3, 2, 0, 0, 0, 2, 2]}, null, null, 25, false, [], false, 0, [], null, 0, 1744384586.7569332, 0, {}]
[{"0": [2, 1, 1, 0, 0, 3, 1, 4, 1, 2, 5, 2, 0, 29, 36, 32, 26]}, null, null, 26, false, [], false, 0, [], null, 0, 1744384586.9616086, 0, {}]
[{"0": [0, 0, 2, 5, 0, 0, 2, 7, 2, 1, 30, 2, 2, 2, 0, 2, 2]}, null, null, 27, false, [], false, 0, [], null, 0, 1744384587.1892083, 0, {}]
[{"0": [0, 1, 4, 2, 2, 1, 1, 1, 0, 0, 2, 1, 1, 3, 18, 20, 33]}, null, null, 27, false, [], false, 0, [], null, 0, 1744384587.401502, 0, {}]
[{"0": [1, 0, 2, 2, 3, 1, 5, 2, 2, 3, 0, 1, 4, 0, 28, 2, 1]}, null, null, 28, false, [], false, 0, [], null, 0, 1744384587.6177168, 0, {}]
[{"0": [2, 0, 0, 0, 1, 0, 1, 3, 2, 5, 4, 0, 1, 30, 3, 1, 1]}, null, null, 28, false, [], false, 0, [], null, 0, 1744384587.834451, 0, {}]
[{"0": [0, 1, 4, 0, 2, 1, 5, 2, 2, 14, 1, 0, 2, 0, 5, 2, 5]}, null, null, 29, false, [], false, 0, [], null, 0, 1744384588.063624, 0, {}]
[{"0": [1, 1, 1, 2, 7, 0, 25, 25, 24, 3, 2, 3, 3, 0, 2, 2, 3]}, null, null, 30, false, [], false, 0, [], null, 0, 1744384588.2610905, 0, {}]
[{"0": [1, 2, 0, 3, 3, 2, 2, 1, 2, 2, 2, 3, 1, 2, 2, 1, 3]}, null, null, 30, false, [], false, 0, [], null, 0, 1744384588.4882867, 0, {}]
[{"0": [6, 0, 1, 2, 2, 0, 2, 2, 3, 0, 1, 28, 25, 22, 1, 0, 1]}, null, null, 31, false, [], false, 0, [], null, 0, 1744384588.6984348, 0, {}]
[{"0": [3, 0, 1, 3, 3, 3, 24, 27, 21, 21, 3, 0, 2, 3, 1, 1, 2]}, null, null, 31, false, [], false, 0, [], null, 0, 1744384588.9195075, 0, {}]
[{"0": [0, 2, 2, 3, 1, 1, 1, 33, 17, 29, 35, 38, 30, 4, 2, 1, 1]}, null, null, 32, false, [], false, 0, [], null, 0, 1744384589.1426342, 0, {}]
[{"0": [0, 1, 4, 1, 2, 2, 0, 1, 3, 2, 4, 1, 4, 2, 0, 0, 2]}, null, null, 33, false, [], false, 0, [], null, 0, 1744384589.361925, 0, {}]
[{"0": [2, 3, 1, 1, 2, 1, 5, 0, 2, 4, 2, 3, 1, 2, 1, 28, 41]}, null, null, 33, false, [], false, 0, [], null, 0, 1744384589.5721006, 0, {}]
[{"0": [0, 2, 3, 1, 3, 1, 4, 0, 3, 6, 2, 32, 28, 32, 30, 3, 4]}, null, null, 34, false, [], false, 0, [], null, 0, 1744384589.7837267, 0, {}]
[{"0": [5, 1, 2, 4, 4, 2, 0, 3, 3, 5, 5, 32, 28, 1, 3, 1, 2]}, null, null, 34, false, [], false, 0, [], null, 0, 1744384590.0127492, 0, {}]
[{"0": [3, 1, 1, 0, 3, 1, 3, 2, 1, 3, 3, 2, 1, 2, 2, 2, 1]}, null, null, 35, false, [], false, 0, [], null, 0, 1744384590.2153077, 0, {}]
[{"0": [3, 1, 2, 6, 3, 1, 0, 3, 0, 2, 2, 4, 1, 1, 32, 4, 2]}, null, null, 36, false, [], false, 0, [], null, 0, 1744384590.447094, 0, {}]
[{"0": [0, 2, 8, 23, 21, 32, 0, 1, 4, 3, 5, 2, 3, 2, 2, 3, 1]}, null, null, 36, false, [], false, 0, [], null, 0, 1744384590.6499226, 0, {}]
[{"0": [1, 2, 1, 24, 29, 22, 34, 20, 24, 26, 28, 30, 2, 1, 0, 6, 1]}, null, null, 37, false, [], false, 0, [], null, 0, 1744384590.8621478, 0, {}]
[{"0": [1, 0, 4, 2, 1, 0, 1, 2, 2, 36, 29, 22, 1, 3, 1, 3, 3]}, null, null, 37, false, [], false, 0, [], null, 0, 1744384591.0855727, 0, {}]
[{"0": [1, 1, 3, 0, 0, 2, 3, 1, 1, 0, 5, 22, 20, 1, 0, 4, 1]}, null, null, 38, false, [], false, 0, [], null, 0, 1744384591.2915516, 0, {}]
[{"0": [2, 3, 3, 3, 0, 1, 5, 1, 3, 3, 28, 34, 2, 2, 0, 3, 1]}, null, null, 39, false, [], false, 0, [], null, 0, 1744384591.5300674, 0, {}]
[{"0": [1, 2, 2, 1, 1, 35, 0, 1, 1, 2, 2, 2, 0, 2, 3, 1, 1]}, null, null, 39, false, [], false, 0, [], null, 0, 1744384591.739807, 0, {}]
[{"0": [5, 1, 2, 4, 2, 0, 4, 2, 0, 36, 33, 26, 26, 45, 29, 25, 14]}, null, null, 40, false, [], false, 0, [], null, 0, 1744384591.9585514, 0, {}]
[{"0": [3, 1, 22, 38, 30, 28, 30, 2, 2, 1, 3, 0, 6, 4, 3, 0, 2]}, null, null, 40, false, [], false, 0, [], null, 0, 1744384592.1608598, 0, {}]
[{"0": [1, 2, 0, 2, 3, 3, 1, 0, 1, 4, 3, 3, 4, 4, 3, 29, 23]}, null, null, 41, false, [], false, 0, [], null, 0, 1744384592.3904376, 0, {}]
[{"0": [31, 29, 40, 32, 27, 36, 31, 22, 21, 3, 1, 1, 3, 1, 3, 1, 4]}, null, null, 42, false, [], false, 0, [], null, 0, 1744384592.60114, 0, {}]
[{"0": [0, 2, 0, 3, 4, 1, 3, 3, 4, 2, 2, 1, 3, 1, 2, 2, 4]}, null, null, 42, false, [], false, 0, [], null, 0, 1744384592.8202176, 0, {}]
[{"0": [31, 23, 27, 31, 28, 24, 35, 25, 24, 19, 34, 31, 1, 0, 0, 4, 6]}, null, null, 43, false, [], false, 0, [], null, 0, 1744384593.0364041, 0, {}]
[{"0": [2, 5, 2, 1, 2, 3, 5, 1, 22, 25, 1, 2, 2, 2, 2, 4, 0]}, null, null, 43, false, [], false, 0, [], null, 0, 1744384593.258291, 0, {}]
[{"0": [2, 1, 2, 5, 1, 2, 1, 0, 1, 0, 3, 0, 2, 4, 2, 29, 35]}, null, null, 44, false, [], false, 0, [], null, 0, 1744384593.4643264, 0, {}]
[{"0": [6, 0, 2, 1, 34, 31, 21, 17, 33, 1, 0, 1, 1, 3, 1, 3, 2]}, null, null, 45, false, [], false, 0, [], null, 0, 1744384593.690238, 0, {}]
[{"0": [30, 0, 1, 0, 2, 1, 1, 0, 0, 0, 1, 0, 1, 2, 1, 4, 2]}, null, null, 45, false, [], false, 0, [], null, 0, 1744384593.900907, 0, {}]
[{"0": [3, 3, 42, 27, 30, 29, 28, 28, 25, 24, 4, 2, 0, 3, 3, 5, 3]}, null, null, 46, false, [], false, 0, [], null, 0, 1744384594.1118844, 0, {}]
[{"0": [2, 3, 2, 2, 0, 1, 6, 1, 1, 1, 1, 5, 0, 26, 34, 0, 1]}, null, null, 46, false, [], false, 0, [], null, 0, 1744384594.3380787, 0, {}]
[{"0": [3, 3, 34, 30, 33, 29, 30, 19, 39, 26, 17, 30, 35, 26, 13, 35, 28]}, null, null, 47, false, [], false, 0, [], null, 0, 1744384594.547278, 0, {}]
[{"0": [1, 1, 5, 2, 29, 24, 27, 3, 2, 0, 1, 2, 2, 1, 1, 4, 3]}, null, null, 48, false, [], false, 0, [], null, 0, 1744384594.7620087, 0, {}]
[{"0": [3, 1, 29, 39, 40, 36, 29, 22, 2, 4, 1, 4, 2, 0, 2, 1, 3]}, null, null, 48, false, [], false, 0, [], null, 0, 1744384594.981316, 0, {}]
[{"0": [1, 1, 27, 26, 17, 1, 0, 2, 3, 0, 1, 0, 1, 3, 1, 2, 2]}, null, null, 49, false, [], false, 0, [], null, 0, 1744384595.206638, 0, {}]
[{"0": [4, 2, 2, 4, 3, 2, 2, 2, 1, 3, 0, 1, 4, 0, 4, 1, 2]}, null, null, 49, false, [], false, 0, [], null, 0, 1744384595.4187737, 0, {}]
[{"0": [3, 2, 1, 30, 0, 2, 0, 2, 4, 3, 2, 3, 0, 1, 2, 5, 2]}, null, null, 50, false, [], false, 0, [], null, 0, 1744384595.6301017, 0, {}]
[{"0": [2, 1, 3, 2, 4, 1, 1, 2, 1, 29, 4, 0, 0, 1, 0, 5, 1]}, null, null, 51, false, [], false, 0, [], null, 0, 1744384595.847451, 0, {}]
[{"0": [0, 5, 3, 4, 2, 3, 1, 2, 3, 6, 7, 34, 25, 31, 0, 1, 0]}, null, null, 51, false, [], false, 0, [], null, 0, 1744384596.0548115, 0, {}]
[{"0": [3, 0, 1, 6, 3, 2, 2, 1, 0, 3, 2, 5, 1, 1, 35, 24, 27]}, null, null, 52, false, [], false, 0, [], null, 0, 1744384596.2830837, 0, {}]
[{"0": [0, 1, 2, 1, 0, 1, 2, 35, 2, 4, 3, 1, 2, 1, 1, 0, 2]}, null, null, 52, false, [], false, 0, [], null, 0, 1744384596.492925, 0, {}]
[{"0": [1, 2, 4, 3, 1, 1, 2, 2, 3, 2, 1, 2, 2, 2, 2, 2, 0]}, null, null, 53, false, [], false, 0, [], null, 0, 1744384596.7171097, 0, {}]
[{"0": [1, 2, 2, 1, 0, 3, 4, 0, 0, 1, 6, 3, 1, 1, 1, 1, 5]}, null, null, 54, false, [], false, 0, [], null, 0, 1744384596.9320397, 0, {}]
[{"0": [5, 1, 2, 3, 0, 0, 4, 1, 3, 1, 2, 3, 0, 7, 25, 29, 35]}, null, null, 54, false, [], false, 0, [], null, 0, 1744384597.1496732, 0, {}]
[{"0": [2, 3, 0, 4, 34, 30, 30, 26, 26, 25, 32, 22, 32, 43, 37, 32, 30]}, null, null, 55, false, [], false, 0, [], null, 0, 1744384597.3559275, 0, {}]
[{"0": [3, 0, 3, 4, 0, 1, 1, 2, 2, 1, 5, 27, 30, 20, 23, 30, 34]}, null, null, 55, false, [], false, 0, [], null, 0, 1744384597.5906508, 0, {}]
[{"0": [3, 1, 2, 1, 6, 1, 6, 1, 42, 30, 32, 33, 4, 2, 0, 0, 2]}, null, null, 56, false, [], false, 0, [], null, 0, 1744384597.806417, 0, {}]
[{"0": [23, 27, 1, 4, 1, 1, 2, 2, 3, 3, 1, 2, 1, 1, 1, 2, 2]}, null, null, 57, false, [], false, 0, [], null, 0, 1744384598.0103881, 0, {}]
[{"0": [1, 4, 1, 3, 4, 1, 1, 2, 2, 21, 30, 1, 4, 3, 2, 1, 0]}, null, null, 57, false, [], false, 0, [], null, 0, 1744384598.2298713, 0, {}]
[{"0": [0, 2, 0, 3, 5, 1, 0, 1, 2, 2, 3, 26, 21, 1, 4, 4, 1]}, null, null, 58, false, [], false, 0, [], null, 0, 1744384598.445415, 0, {}]
[{"0": [3, 1, 2, 1, 0, 1, 3, 2, 4, 1, 32, 29, 31, 40, 2, 5, 5]}, null, null, 58, false, [], false, 0, [], null, 0, 1744384598.6568775, 0, {}]
[{"0": [2, 1, 0, 1, 0, 2, 0, 1, 3, 0, 1, 4, 5, 3, 3, 1, 0]}, null, null, 59, false, [], false, 0, [], null, 0, 1744384598.8873608, 0, {}]
[{"0": [4, 2, 0, 3, 2, 1, 3, 1, 0, 29, 32, 27, 32, 35, 33, 30, 1]}, null, null, 60, false, [], false, 0, [], null, 0, 1744384599.1063561, 0, {}]
[{"0": [3, 1, 4, 2, 2, 3, 2, 2, 28, 27, 26, 29, 1, 2, 2, 1, 2]}, null, null, 60, false, [], false, 0, [], null, 0, 1744384599.3145216, 0, {}]
[{"0": [2, 3, 0, 0, 3, 1, 0, 1, 0, 1, 4, 1, 1, 0, 4, 1, 3]}, null, null, 61, false, [], false, 0, [], null, 0, 1744384599.5301158, 0, {}]
[{"0": [1, 0, 2, 1, 5, 2, 1, 23, 26, 24, 28, 35, 20, 25, 26, 5, 0]}, null, null, 61, false, [], false, 0, [], null, 0, 1744384599.7478693, 0, {}]
[{"0": [2, 4, 2, 1, 2, 27, 24, 4, 2, 3, 1, 1, 1, 4, 4, 1, 3]}, null, null, 62, false, [], false, 0, [], null, 0, 1744384599.9534044, 0, {}]
[{"0": [0, 1, 2, 4, 0, 3, 1, 3, 0, 2, 1, 34, 1, 2, 4, 1, 2]}, null, null, 63, false, [], false, 0, [], null, 0, 1744384600.1836026, 0, {}]
[{"0": [4, 4, 2, 3, 2, 1, 0, 1, 1, 0, 30, 30, 17, 33, 28, 27, 37]}, null, null, 63, false, [], false, 0, [], null, 0, 1744384600.3987532, 0, {}]
[{"0": [3, 2, 2, 3, 1, 3, 1, 0, 1, 2, 3, 0, 0, 3, 1, 0, 1]}, null, null, 64, false, [], false, 0, [], null, 0, 1744384600.6059136, 0, {}]
[{"0": [3, 2, 1, 1, 1, 2, 2, 2, 6, 2, 2, 2, 0, 0, 2, 1, 3]}, null, null, 64, false, [], false, 0, [], null, 0, 1744384600.826903, 0, {}]
[{"0": [4, 2, 0, 4, 5, 2, 5, 1, 1, 4, 2, 0, 26, 23, 27, 30, 21]}, null, null, 65, false, [], false, 0, [], null, 0, 1744384601.0516636, 0, {}]
[{"0": [1, 5, 3, 1, 0, 7, 1, 1, 0, 2, 3, 3, 3, 2, 2, 1, 29]}, null, null, 66, false, [], false, 0, [], null, 0, 1744384601.2626872, 0, {}]
[{"0": [2, 2, 2, 2, 1, 1, 1, 2, 1, 23, 0, 2, 2, 0, 2, 1, 0]}, null, null, 66, false, [], false, 0, [], null, 0, 1744384601.4834049, 0, {}]
[{"0": [3, 4, 2, 2, 1, 2, 4, 0, 3, 1, 20, 25, 29, 23, 1, 2, 2]}, null, null, 67, false, [], false, 0, [], null, 0, 1744384601.6975126, 0, {}]
[{"0": [1, 0, 0, 3, 2, 2, 0, 1, 1, 27, 25, 26, 27, 32, 26, 35, 39]}, null, null, 67, false, [], false, 0, [], null, 0, 1744384601.908783, 0, {}]
[{"0": [1, 1, 2, 0, 1, 1, 4, 1, 17, 35, 29, 4, 1, 1, 4, 2, 2]}, null, null, 68, false, [], false, 0, [], null, 0, 1744384602.1268215, 0, {}]
[{"0": [1, 2, 1, 1, 7, 3, 2, 2, 3, 2, 2, 0, 5, 2, 22, 31, 25]}, null, null, 69, false, [], false, 0, [], null, 0, 1744384602.342549, 0, {}]
[{"0": [3, 3, 5, 1, 6, 3, 1, 1, 2, 26, 36, 41, 2, 2, 5, 1, 2]}, null, null, 69, false, [], false, 0, [], null, 0, 1744384602.5721126, 0, {}]
[{"0": [1, 3, 1, 2, 2, 3, 2, 2, 1, 1, 4, 4, 0, 4, 40, 33, 31]}, null, null, 70, false, [], false, 0, [], null, 0, 1744384602.7878363, 0, {}]
[{"0": [0, 4, 0, 3, 3, 4, 2, 29, 28, 3, 1, 1, 1, 2, 2, 2, 2]}, null, null, 70, false, [], false, 0, [], null, 0, 1744384602.9917424, 0, {}]
[{"0": [1, 2, 2, 2, 1, 40, 23, 32, 34, 24, 21, 4, 1, 4, 1, 1, 2]}, null, null, 71, false, [], false, 0, [], null, 0, 1744384603.2121522, 0, {}]
[{"0": [4, 1, 2, 2, 2, 1, 0, 2, 1, 1, 0, 2, 3, 2, 0, 4, 1]}, null, null, 72, false, [], false, 0, [], null, 0, 1744384603.4339106, 0, {}]
[{"0": [34, 0, 1, 2, 35, 26, 2, 4, 1, 0, 2, 3, 1, 0, 4, 4, 1]}, null, null, 72, false, [], false, 0, [], null, 0, 1744384603.6376553, 0, {}]
[{"0": [3, 26, 24, 33, 2, 1, 2, 4, 1, 5, 5, 1, 1, 4, 2, 4, 1]}, null, null, 73, false, [], false, 0, [], null, 0, 1744384603.8680499, 0, {}]
[{"0": [3, 3, 1, 1, 2, 3, 24, 27, 41, 34, 1, 2, 3, 2, 2, 1, 1]}, null, null, 73, false, [], false, 0, [], null, 0, 1744384604.0749917, 0, {}]
[{"0": [1, 2, 1, 3, 1, 1, 2, 22, 35, 23, 34, 2, 2, 2, 1, 0, 0]}, null, null, 74, false, [], false, 0, [], null, 0, 1744384604.2994153, 0, {}]
[{"0": [4, 3, 1, 1, 3, 0, 2, 3, 3, 1, 32, 25, 2, 0, 2, 4, 1]}, null, null, 75, false, [], false, 0, [], null, 0, 1744384604.5018563, 0, {}]
[{"0": [1, 0, 1, 2, 2, 0, 4, 2, 3, 2, 1, 1, 1, 3, 0, 1, 25]}, null, null, 75, false, [], false, 0, [], null, 0, 1744384604.722646, 0, {}]
[{"0": [2, 0, 5, 2, 2, 3, 1, 0, 0, 4, 3, 2, 4, 0, 1, 37, 33]}, null, null, 76, false, [], false, 0, [], null, 0, 1744384604.9479556, 0, {}]
[{"0": [0, 3, 0, 1, 2, 1, 29, 33, 0, 4, 1, 3, 0, 0, 1, 3, 2]}, null, null, 77, false, [], false, 0, [], null, 0, 1744384605.1720436, 0, {}]
[{"0": [2, 3, 1, 2, 5, 4, 0, 2, 3, 2, 25, 2, 2, 0, 3, 2, 0]}, null, null, 77, false, [], false, 0, [], null, 0, 1744384605.371598, 0, {}]
[{"0": [0, 2, 27, 39, 1, 1, 2, 1, 0, 0, 0, 1, 1, 3, 3, 1, 1]}, null, null, 78, false, [], false, 0, [], null, 0, 1744384605.597492, 0, {}]
[{"0": [2, 3, 1, 1, 1, 2, 3, 1, 2, 29, 27, 0, 3, 0, 2, 1, 3]}, null, null, 78, false, [], false, 0, [], null, 0, 1744384605.822702, 0, {}]
[{"0": [6, 2, 1, 3, 1, 1, 4, 1, 3, 2, 2, 3, 32, 2, 1, 2, 1]}, null, null, 79, false, [], false, 0, [], null, 0, 1744384606.0245264, 0, {}]
[{"0": [0, 3, 1, 0, 2, 3, 0, 1, 2, 0, 38, 26, 29, 29, 23, 1, 1]}, null, null, 80, false, [], false, 0, [], null, 0, 1744384606.25667, 0, {}]
[{"0": [4, 1, 0, 3, 1, 25, 1, 4, 1, 3, 3, 2, 4, 2, 3, 1, 1]}, null, null, 80, false, [], false, 0, [], null, 0, 1744384606.4683666, 0, {}]
[{"0": [0, 2, 4, 1, 2, 0, 1, 2, 26, 28, 23, 33, 3, 1, 4, 2, 7]}, null, null, 81, false, [], false, 0, [], null, 0, 1744384606.6750963, 0, {}]
[{"0": [4, 4, 4, 1, 2, 1, 2, 3, 3, 0, 0, 3, 0, 35, 28, 20, 39]}, null, null, 81, false, [], false, 0, [], null, 0, 1744384606.8974326, 0, {}]
[{"0": [0, 4, 0, 2, 0, 2, 4, 3, 4, 0, 1, 2, 36, 23, 24, 31, 34]}, null, null, 82, false, [], false, 0, [], null, 0, 1744384607.1130404, 0, {}]
[{"0": [5, 2, 0, 2, 5, 1, 4, 26, 35, 2, 3, 2, 2, 2, 1, 3, 2]}, null, null, 83, false, [], false, 0, [], null, 0, 1744384607.3349233, 0, {}]
[{"0": [3, 2, 2, 0, 1, 5, 27, 23, 2, 2, 1, 1, 3, 1, 3, 2, 2]}, null, null, 83, false, [], false, 0, [], null, 0, 1744384607.5552974, 0, {}]
[{"0": [1, 1, 3, 1, 0, 2, 35, 37, 32, 2, 2, 3, 0, 0, 3, 4, 0]}, null, null, 84, false, [], false, 0, [], null, 0, 1744384607.7679772, 0, {}]
[{"0": [2, 3, 4, 1, 3, 3, 2, 5, 2, 2, 26, 31, 39, 1, 0, 3, 2]}, null, null, 84, false, [], false, 0, [], null, 0, 1744384607.9705033, 0, {}]
[{"0": [3, 1, 1, 2, 0, 1, 1, 0, 36, 14, 27, 39, 29, 1, 1, 0, 3]}, null, null, 85, false, [], false, 0, [], null, 0, 1744384608.196061, 0, {}]
[{"0": [4, 1, 0, 2, 1, 2, 3, 4, 3, 2, 3, 2, 0, 25, 27, 25, 36]}, null, null, 86, false, [], false, 0, [], null, 0, 1744384608.4080768, 0, {}]
[{"0": [2, 2, 4, 1, 1, 3, 4, 0, 0, 3, 2, 0, 3, 2, 1, 3, 23]}, null, null, 86, false, [], false, 0, [], null, 0, 1744384608.626636, 0, {}]
[{"0": [0, 1, 3, 2, 2, 1, 2, 1, 1, 3, 2, 3, 1, 1, 2, 1, 1]}, null, null, 87, false, [], false, 0, [], null, 0, 1744384608.8514273, 0, {}]
[{"0": [0, 3, 2, 1, 1, 3, 1, 0, 2, 5, 1, 32, 26, 27, 22, 28, 22]}, null, null, 87, false, [], false, 0, [], null, 0, 1744384609.0655267, 0, {}]
[{"0": [2, 7, 25, 31, 37, 22, 28, 1, 4, 0, 4, 5, 4, 0, 1, 1, 3]}, null, null, 88, false, [], false, 0, [], null, 0, 1744384609.2706687, 0, {}]
[{"0": [3, 2, 1, 1, 5, 1, 2, 0, 0, 1, 1, 4, 1, 0, 3, 2, 2]}, null, null, 89, false, [], false, 0, [], null, 0, 1744384609.5048928, 0, {}]
[{"0": [1, 2, 1, 1, 2, 2, 1, 2, 2, 1, 1, 2, 2, 0, 1, 24, 4]}, null, null, 89, false, [], false, 0, [], null, 0, 1744384609.7178462, 0, {}]
[{"0": [4, 3, 3, 0, 2, 1, 2, 1, 1, 4, 1, 2, 3, 2, 2, 1, 22]}, null, null, 90, false, [], false, 0, [], null, 0, 1744384609.928526, 0, {}]
[{"0": [2, 1, 3, 0, 3, 2, 3, 1, 2, 1, 0, 4, 1, 34, 27, 39, 26]}, null, null, 90, false, [], false, 0, [], null, 0, 1744384610.1433158, 0, {}]
[{"0": [2, 5, 2, 2, 2, 32, 26, 2, 0, 0, 0, 1, 0, 1, 0, 0, 2]}, null, null, 91, false, [], false, 0, [], null, 0, 1744384610.3602781, 0, {}]
[{"0": [3, 2, 0, 3, 37, 28, 27, 25, 29, 26, 21, 7, 2, 0, 4, 3, 0]}, null, null, 92, false, [], false, 0, [], null, 0, 1744384610.5939553, 0, {}]
[{"0": [4, 2, 1, 1, 24, 30, 22, 20, 34, 27, 30, 28, 2, 2, 2, 1, 1]}, null, null, 92, false, [], false, 0, [], null, 0, 1744384610.7934098, 0, {}]
[{"0": [2, 1, 2, 0, 29, 3, 7, 1, 0, 3, 1, 0, 3, 7, 3, 6, 2]}, null, null, 93, false, [], false, 0, [], null, 0, 1744384611.0193856, 0, {}]
[{"0": [2, 1, 3, 2, 1, 2, 2, 3, 3, 2, 3, 1, 1, 1, 2, 0, 5]}, null, null, 93, false, [], false, 0, [], null, 0, 1744384611.237048, 0, {}]
[{"0": [2, 2, 2, 2, 20, 29, 27, 1, 2, 2, 4, 1, 1, 1, 1, 2, 2]}, null, null, 94, false, [], false, 0, [], null, 0, 1744384611.4560614, 0, {}]
[{"0": [1, 1, 0, 1, 4, 0, 1, 2, 37, 31, 34, 24, 33, 32, 37, 3, 3]}, null, null, 95, false, [], false, 0, [], null, 0, 1744384611.6690035, 0, {}]
[{"0": [1, 3, 3, 1, 1, 4, 1, 2, 2, 1, 2, 1, 5, 0, 4, 0, 2]}, null, null, 95, false, [], false, 0, [], null, 0, 1744384611.8701801, 0, {}]
[{"0": [3, 21, 27, 44, 29, 27, 2, 3, 2, 1, 3, 2, 3, 3, 2, 0, 4]}, null, null, 96, false, [], false, 0, [], null, 0, 1744384612.1048892, 0, {}]
[{"0": [2, 2, 1, 5, 3, 4, 0, 0, 24, 28, 1, 5, 1, 2, 3, 1, 3]}, null, null, 96, false, [], false, 0, [], null, 0, 1744384612.3147807, 0, {}]
[{"0": [1, 1, 3, 0, 2, 1, 1, 2, 4, 2, 1, 2, 2, 6, 26, 32, 3]}, null, null, 97, false, [], false, 0, [], null, 0, 1744384612.5329418, 0, {}]
[{"0": [32, 38, 33, 26, 6, 3, 1, 1, 2, 0, 5, 3, 1, 2, 0, 3, 2]}, null, null, 98, false, [], false, 0, [], null, 0, 1744384612.7434783, 0, {}]
[{"0": [1, 3, 2, 34, 25, 32, 22, 32, 28, 3, 2, 3, 1, 3, 1, 0, 0]}, null, null, 98, false, [], false, 0, [], null, 0, 1744384612.9575424, 0, {}]
[{"0": [2, 2, 2, 3, 0, 2, 0, 0, 0, 27, 33, 29, 39, 33, 31, 35, 29]}, null, null, 99, false, [], false, 0, [], null, 0, 1744384613.1727128, 0, {}]
[{"0": [0, 4, 4, 2, 2, 24, 34, 35, 35, 20, 43, 33, 29, 23, 32, 27, 25]}, null, null, 99, false, [], false, 0, [], null, 0, 1744384613.3986123, 0, {}]
[{"0": [1, 1, 1, 1, 1, 3, 0, 4, 2, 1, 4, 0, 1, 2, 26, 31, 26]}, null, null, 100, false, [], false, 0, [], null, 0, 1744384613.614779, 0, {}]
[{"0": [3, 2, 1, 2, 1, 0, 2, 26, 0, 1, 0, 1, 2, 0, 1, 4, 1]}, null, null, 101, false, [], false, 0, [], null, 0, 1744384613.832153, 0, {}]
[{"0": [1, 0, 3, 1, 2, 0, 3, 5, 3, 0, 0, 36, 36, 26, 29, 28, 25]}, null, null, 101, false, [], false, 0, [], null, 0, 1744384614.0312188, 0, {}]
[{"0": [0, 4, 22, 0, 2, 5, 1, 2, 1, 3, 2, 1, 0, 2, 1, 2, 0]}, null, null, 102, false, [], false, 0, [], null, 0, 1744384614.2544374, 0, {}]
[{"0": [1, 0, 5, 0, 0, 2, 2, 2, 0, 0, 34, 3, 0, 3, 0, 2, 1]}, null, null, 102, false, [], false, 0, [], null, 0, 1744384614.4777915, 0, {}]
[{"0": [23, 31, 21, 1, 1, 1, 3, 1, 0, 3, 1, 3, 3, 5, 5, 2, 1]}, null, null, 103, false, [], false, 0, [], null, 0, 1744384614.6952925, 0, {}]
[{"0": [4, 0, 4, 1, 1, 3, 0, 26, 48, 30, 34, 26, 43, 34, 21, 2, 1]}, null, null, 104, false, [], false, 0, [], null, 0, 1744384614.9059572, 0, {}]
[{"0": [3, 2, 4, 2, 2, 3, 2, 1, 26, 29, 5, 3, 3, 2, 1, 0, 1]}, null, null, 104, false, [], false, 0, [], null, 0, 1744384615.1227355, 0, {}]
[{"0": [3, 4, 3, 0, 3, 4, 1, 2, 1, 2, 3, 2, 35, 29, 2, 1, 1]}, null, null, 105, false, [], false, 0, [], null, 0, 1744384615.3528888, 0, {}]
[{"0": [38, 30, 31, 14, 10, 1, 2, 4, 1, 0, 1, 3, 0, 2, 2, 1, 6]}, null, null, 105, false, [], false, 0, [], null, 0, 1744384615.5604272, 0, {}]
[{"0": [3, 2, 3, 1, 2, 1, 2, 2, 1, 4, 0, 1, 31, 3, 2, 1, 1]}, null, null, 106, false, [], false, 0, [], null, 0, 1744384615.7853773, 0, {}]
[{"0": [0, 3, 36, 31, 27, 29, 26, 29, 23, 31, 23, 25, 36, 28, 2, 2, 4]}, null, null, 107, false, [], false, 0, [], null, 0, 1744384616.0014184, 0, {}]
[{"0": [1, 5, 6, 2, 2, 1, 3, 2, 0, 5, 0, 41, 1, 1, 2, 0, 3]}, null, null, 107, false, [], false, 0, [], null, 0, 1744384616.196329, 0, {}]
[{"0": [1, 1, 3, 1, 1, 2, 3, 2, 1, 4, 28, 2, 4, 1, 1, 2, 2]}, null, null, 108, false, [], false, 0, [], null, 0, 1744384616.4212568, 0, {}]
[{"0": [1, 1, 1, 3, 2, 0, 3, 3, 2, 2, 2, 26, 28, 28, 27, 34, 26]}, null, null, 108, false, [], false, 0, [], null, 0, 1744384616.6342456, 0, {}]
[{"0": [1, 2, 2, 2, 1, 0, 1, 2, 1, 6, 4, 0, 25, 33, 27, 2, 1]}, null, null, 109, false, [], false, 0, [], null, 0, 1744384616.8598652, 0, {}]
[{"0": [0, 2, 2, 1, 3, 2, 0, 27, 30, 32, 32, 27, 3, 2, 2, 1, 4]}, null, null, 110, false, [], false, 0, [], null, 0, 1744384617.073456, 0, {}]
[{"0": [0, 4, 2, 27, 25, 25, 35, 22, 0, 3, 2, 2, 0, 3, 2, 1, 3]}, null, null, 110, false, [], false, 0, [], null, 0, 1744384617.2842653, 0, {}]
[{"0": [4, 3, 1, 1, 2, 3, 1, 1, 0, 1, 1, 3, 3, 0, 0, 1, 25]}, null, null, 111, false, [], false, 0, [], null, 0, 1744384617.5215478, 0, {}]
[{"0": [1, 1, 0, 2, 3, 1, 3, 2, 5, 4, 2, 5, 3, 6, 22, 24, 20]}, null, null, 111, false, [], false, 0, [], null, 0, 1744384617.7336252, 0, {}]
[{"0": [19, 27, 27, 23, 30, 30, 32, 27, 26, 6, 26, 31, 0, 4, 6, 1, 1]}, null, null, 112, false, [], false, 0, [], null, 0, 1744384617.941695, 0, {}]
[{"0": [2, 2, 1, 2, 1, 3, 25, 3, 2, 0, 1, 5, 1, 5, 2, 3, 1]}, null, null, 113, false, [], false, 0, [], null, 0, 1744384618.162598, 0, {}]
[{"0": [1, 3, 4, 4, 2, 1, 3, 1, 4, 0, 3, 32, 0, 1, 0, 0, 1]}, null, null, 113, false, [], false, 0, [], null, 0, 1744384618.3683174, 0, {}]
[{"0": [1, 1, 3, 26, 23, 32, 4, 0, 2, 3, 0, 2, 2, 0, 0, 0, 1]}, null, null, 114, false, [], false, 0, [], null, 0, 1744384618.6053905, 0, {}]
[{"0": [1, 1, 1, 25, 26, 28, 34, 4, 1, 1, 2, 2, 1, 1, 0, 2, 0]}, null, null, 114, false, [], false, 0, [], null, 0, 1744384618.810121, 0, {}]
[{"0": [1, 4, 3, 2, 2, 4, 6, 4, 6, 2, 1, 2, 1, 2, 1, 34, 1]}, null, null, 115, false, [], false, 0, [], null, 0, 1744384619.030752, 0, {}]
[{"0": [0, 0, 3, 3, 2, 3, 2, 1, 1, 1, 5, 0, 18, 32, 29, 29, 0]}, null, null, 116, false, [], false, 0, [], null, 0, 1744384619.2495902, 0, {}]
[{"0": [1, 2, 1, 1, 0, 0, 4, 8, 1, 2, 36, 39, 18, 17, 2, 1, 1]}, null, null, 116, false, [], false, 0, [], null, 0, 1744384619.4696078, 0, {}]
[{"0": [3, 0, 1, 16, 28, 33, 24, 18, 21, 20, 38, 28, 5, 3, 1, 3, 4]}, null, null, 117, false, [], false, 0, [], null, 0, 1744384619.6793325, 0, {}]
[{"0": [1, 2, 1, 1, 2, 1, 2, 4, 0, 10, 2, 1, 2, 1, 3, 25, 0]}, null, null, 117, false, [], false, 0, [], null, 0, 1744384619.8964896, 0, {}]
[{"0": [3, 4, 2, 33, 25, 4, 3, 0, 0, 2, 5, 1, 4, 3, 4, 3, 1]}, null, null, 118, false, [], false, 0, [], null, 0, 1744384620.119634, 0, {}]
[{"0": [33, 25, 36, 36, 35, 18, 30, 28, 37, 2, 3, 1, 3, 2, 2, 1, 0]}, null, null, 119, false, [], false, 0, [], null, 0, 1744384620.3162684, 0, {}]
[{"0": [3, 0, 1, 1, 0, 4, 2, 27, 1, 2, 0, 1, 1, 0, 5, 4, 1]}, null, null, 119, false, [], false, 0, [], null, 0, 1744384620.5451815, 0, {}]
[{"0": [0, 0, 2, 2, 0, 0, 1, 40, 3, 1, 0, 3, 2, 0, 1, 0, 1]}, null, null, 120, false, [], false, 0, [], null, 0, 1744384620.760327, 0, {}]
[{"0": [29, 2, 18, 0, 3, 1, 0, 2, 3, 2, 3, 3, 2, 3, 1, 1, 2]}, null, null, 120, false, [], false, 0, [], null, 0, 1744384620.9704099, 0, {}]
[{"0": [0, 4, 2, 1, 0, 3, 1, 3, 1, 23, 25, 29, 0, 0, 0, 0, 1]}, null, null, 121, false, [], false, 0, [], null, 0, 1744384621.193804, 0, {}]
[{"0": [4, 0, 0, 3, 0, 0, 1, 4, 2, 27, 28, 32, 3, 5, 2, 1, 2]}, null, null, 122, false, [], false, 0, [], null, 0, 1744384621.4073136, 0, {}]
[{"0": [2, 2, 2, 5, 25, 29, 25, 32, 1, 1, 2, 2, 2, 1, 2, 2, 2]}, null, null, 122, false, [], false, 0, [], null, 0, 1744384621.6274772, 0, {}]
[{"0": [2, 2, 3, 2, 0, 3, 31, 3, 2, 1, 1, 2, 2, 2, 1, 2, 0]}, null, null, 123, false, [], false, 0, [], null, 0, 1744384621.8410668, 0, {}]
[{"0": [1, 3, 1, 1, 2, 3, 2, 1, 0, 0, 1, 1, 3, 1, 28, 40, 21]}, null, null, 123, false, [], false, 0, [], null, 0, 1744384622.0583222, 0, {}]
[{"0": [4, 1, 2, 28, 23, 25, 20, 5, 2, 2, 1, 2, 0, 4, 1, 0, 1]}, null, null, 124, false, [], false, 0, [], null, 0, 1744384622.2653048, 0, {}]
[{"0": [10, 17, 13, 16, 30, 28, 29, 33, 0, 4, 5, 5, 2, 3, 2, 2, 0]}, null, null, 125, false, [], false, 0, [], null, 0, 1744384622.4916444, 0, {}]
[{"0": [1, 2, 2, 0, 0, 1, 1, 3, 1, 0, 0, 0, 22, 28, 32, 33, 3]}, null, null, 125, false, [], false, 0, [], null, 0, 1744384622.6967556, 0, {}]
[{"0": [1, 6, 1, 4, 1, 6, 0, 2, 1, 0, 1, 1, 19, 42, 2, 1, 2]}, null, null, 126, false, [], false, 0, [], null, 0, 1744384622.926082, 0, {}]
[{"0": [2, 1, 4, 4, 1, 40, 3, 2, 5, 1, 1, 2, 1, 3, 5, 1, 1]}, null, null, 127, false, [], false, 0, [], null, 0, 1744384623.137873, 0, {}]
[{"0": [2, 2, 1, 6, 3, 2, 31, 20, 2, 1, 0, 0, 1, 1, 2, 1, 2]}, null, null, 127, false, [], false, 0, [], null, 0, 1744384623.359119, 0, {}]
[{"0": [0, 2, 3, 2, 1, 1, 1, 1, 1, 2, 2, 3, 1, 32, 23, 3, 1]}, null, null, 128, false, [], false, 0, [], null, 0, 1744384623.5641763, 0, {}]
[{"0": [3, 3, 4, 3, 2, 0, 2, 1, 0, 1, 2, 2, 1, 5, 1, 1, 1]}, null, null, 128, false, [], false, 0, [], null, 0, 1744384623.787324, 0, {}]
[{"0": [2, 6, 2, 4, 1, 2, 4, 1, 0, 0, 3, 2, 3, 1, 1, 1, 3]}, null, null, 129, false, [], false, 0, [], null, 0, 1744384624.0034375, 0, {}]
[{"0": [4, 3, 2, 2, 3, 34, 26, 35, 34, 19, 1, 2, 1, 1, 2, 1, 2]}, null, null, 130, false, [], false, 0, [], null, 0, 1744384624.222544, 0, {}]
[{"0": [2, 1, 2, 3, 3, 1, 5, 4, 27, 31, 28, 1, 4, 1, 0, 1, 2]}, null, null, 130, false, [], false, 0, [], null, 0, 1744384624.4478126, 0, {}]
[{"0": [2, 2, 2, 2, 2, 4, 2, 3, 1, 0, 3, 27, 27, 17, 33, 25, 24]}, null, null, 131, false, [], false, 0, [], null, 0, 1744384624.6558657, 0, {}]
[{"0": [2, 2, 4, 31, 0, 4, 3, 3, 5, 4, 1, 2, 2, 2, 2, 1, 3]}, null, null, 131, false, [], false, 0, [], null, 0, 1744384624.874044, 0, {}]
[{"0": [2, 0, 2, 4, 4, 3, 2, 1, 1, 0, 3, 3, 3, 33, 33, 31, 26]}, null, null, 132, false, [], false, 0, [], null, 0, 1744384625.086969, 0, {}]
[{"0": [3, 0, 3, 3, 1, 1, 2, 1, 0, 8, 2, 3, 2, 1, 1, 0, 26]}, null, null, 133, false, [], false, 0, [], null, 0, 1744384625.3012564, 0, {}]
[{"0": [1, 1, 4, 3, 1, 2, 0, 1, 0, 3, 1, 2, 1, 0, 1, 29, 36]}, null, null, 133, false, [], false, 0, [], null, 0, 1744384625.525205, 0, {}]
[{"0": [1, 5, 2, 3, 6, 1, 2, 3, 1, 3, 2, 3, 3, 4, 16, 3, 0]}, null, null, 134, false, [], false, 0, [], null, 0, 1744384625.7474785, 0, {}]
[{"0": [30, 3, 2, 1, 2, 2, 3, 0, 2, 0, 2, 1, 2, 0, 1, 4, 2]}, null, null, 134, false, [], false, 0, [], null, 0, 1744384625.9486268, 0, {}]
[{"0": [24, 24, 29, 4, 0, 4, 5, 2, 2, 1, 4, 1, 3, 3, 5, 1, 0]}, null, null, 135, false, [], false, 0, [], null, 0, 1744384626.1663191, 0, {}]
[{"0": [1, 1, 2, 1, 2, 1, 1, 3, 2, 4, 1, 1, 1, 1, 32, 27, 21]}, null, null, 136, false, [], false, 0, [], null, 0, 1744384626.374196, 0, {}]
[{"0": [29, 28, 31, 0, 2, 2, 3, 4, 0, 2, 2, 1, 2, 4, 6, 5, 2]}, null, null, 136, false, [], false, 0, [], null, 0, 1744384626.6040561, 0, {}]
[{"0": [1, 4, 5, 0, 3, 2, 2, 3, 2, 1, 0, 0, 2, 1, 0, 2, 35]}, null, null, 137, false, [], false, 0, [], null, 0, 1744384626.8082347, 0, {}]
[{"0": [0, 2, 0, 5, 0, 3, 2, 3, 2, 1, 3, 0, 1, 2, 15, 30, 0]}, null, null, 137, false, [], false, 0, [], null, 0, 1744384627.03145, 0, {}]
[{"0": [1, 2, 3, 1, 1, 3, 5, 1, 2, 1, 0, 0, 2, 2, 1, 34, 28]}, null, null, 138, false, [], false, 0, [], null, 0, 1744384627.2557306, 0, {}]
[{"0": [2, 3, 1, 2, 2, 3, 3, 0, 1, 0, 0, 4, 2, 3, 20, 18, 34]}, null, null, 139, false, [], false, 0, [], null, 0, 1744384627.4760523, 0, {}]
[{"0": [3, 3, 3, 1, 2, 2, 39, 39, 34, 24, 31, 1, 4, 1, 3, 3, 0]}, null, null, 139, false, [], false, 0, [], null, 0, 1744384627.6885252, 0, {}]
[{"0": [4, 0, 0, 3, 32, 31, 33, 0, 5, 2, 1, 3, 1, 3, 4, 2, 3]}, null, null, 140, false, [], false, 0, [], null, 0, 1744384627.9042299, 0, {}]
[{"0": [1, 3, 1, 1, 27, 27, 24, 5, 3, 3, 2, 1, 3, 4, 1, 7, 1]}, null, null, 140, false, [], false, 0, [], null, 0, 1744384628.1172266, 0, {}]
[{"0": [3, 1, 2, 1, 1, 2, 34, 2, 1, 1, 2, 0, 1, 2, 1, 2, 4]}, null, null, 141, false, [], false, 0, [], null, 0, 1744384628.3219173, 0, {}]
[{"0": [1, 3, 3, 4, 1, 2, 3, 4, 1, 3, 2, 0, 2, 0, 4, 0, 30]}, null, null, 142, false, [], false, 0, [], null, 0, 1744384628.544563, 0, {}]
[{"0": [5, 1, 33, 21, 34, 2, 3, 1, 0, 4, 5, 4, 1, 0, 2, 0, 1]}, null, null, 142, false, [], false, 0, [], null, 0, 1744384628.7653708, 0, {}]
[{"0": [1, 4, 0, 1, 4, 22, 2, 0, 2, 2, 2, 1, 4, 0, 3, 1, 2]}, null, null, 143, false, [], false, 0, [], null, 0, 1744384628.9792514, 0, {}]
[{"0": [29, 43, 19, 32, 29, 30, 0, 1, 2, 3, 1, 1, 1, 0, 0, 3, 3]}, null, null, 143, false, [], false, 0, [], null, 0, 1744384629.1954496, 0, {}]
[{"0": [0, 1, 2, 0, 4, 5, 1, 4, 0, 2, 1, 3, 0, 2, 37, 25, 34]}, null, null, 144, false, [], false, 0, [], null, 0, 1744384629.4113932, 0, {}]
[{"0": [2, 1, 2, 2, 1, 4, 1, 0, 1, 1, 2, 34, 6, 2, 1, 1, 0]}, null, null, 145, false, [], false, 0, [], null, 0, 1744384629.623578, 0, {}]
[{"0": [0, 3, 3, 1, 28, 19, 2, 0, 3, 3, 2, 3, 2, 2, 1, 1, 6]}, null, null, 145, false, [], false, 0, [], null, 0, 1744384629.8389578, 0, {}]
[{"0": [0, 2, 21, 34, 24, 31, 3, 4, 7, 6, 2, 1, 1, 0, 4, 4, 0]}, null, null, 146, false, [], false, 0, [], null, 0, 1744384630.059116, 0, {}]
[{"0": [22, 30, 33, 27, 32, 20, 38, 3, 3, 2, 3, 2, 2, 2, 1, 2, 0]}, null, null, 146, false, [], false, 0, [], null, 0, 1744384630.279247, 0, {}]
[{"0": [1, 4, 2, 2, 0, 1, 2, 3, 1, 3, 3, 0, 0, 28, 4, 2, 1]}, null, null, 147, false, [], false, 0, [], null, 0, 1744384630.4942203, 0, {}]
[{"0": [3, 1, 2, 3, 2, 0, 2, 3, 2, 3, 3, 21, 28, 17, 25, 26, 30]}, null, null, 148, false, [], false, 0, [], null, 0, 1744384630.7078605, 0, {}]
[{"0": [4, 2, 32, 13, 31, 28, 28, 32, 2, 2, 1, 2, 4, 2, 2, 1, 2]}, null, null, 148, false, [], false, 0, [], null, 0, 1744384630.9419022, 0, {}]
[{"0": [3, 3, 1, 0, 2, 1, 2, 1, 2, 25, 14, 36, 32, 28, 22, 26, 20]}, null, null, 149, false, [], false, 0, [], null, 0, 1744384631.153839, 0, {}]
[{"0": [1, 3, 1, 2, 2, 3, 2, 0, 0, 2, 2, 2, 1, 1, 3, 2, 2]}, null, null, 149, false, [], false, 0, [], null, 0, 1744384631.3637714, 0, {}]
[{"0": [3, 1, 2, 2, 31, 30, 26, 19, 4, 1, 2, 1, 0, 0, 0, 3, 4]}, null, null, 150, true, [], false, 0, [], null, 0, 1744384631.572143, 0, {}]
