[{"0": [3, 3, 3, 5, 3, 2, 0, 2, 1, 2, 0, 2, 1, 3, 1, 1, 2]}, null, null, 0, false, [], false, 0, [], null, 0, 1744379487.3915236, 0, {}]
[{"0": [1, 3, 0, 0, 2, 3, 23, 37, 28, 34, 31, 36, 3, 4, 4, 2, 1]}, null, null, 1, false, [], false, 0, [], null, 0, 1744379487.629914, 0, {}]
[{"0": [5, 0, 2, 1, 5, 2, 0, 3, 5, 6, 27, 29, 31, 23, 27, 27, 41]}, null, null, 1, false, [], false, 0, [], null, 0, 1744379487.8388398, 0, {}]
[{"0": [1, 1, 1, 1, 2, 2, 2, 2, 42, 3, 1, 3, 1, 0, 2, 0, 3]}, null, null, 2, false, [], false, 0, [], null, 0, 1744379488.072643, 0, {}]
[{"0": [0, 5, 5, 37, 27, 28, 30, 31, 37, 32, 40, 31, 31, 30, 1, 2, 1]}, null, null, 2, false, [], false, 0, [], null, 0, 1744379488.27835, 0, {}]
[{"0": [2, 4, 3, 2, 1, 1, 0, 2, 3, 3, 4, 2, 3, 25, 41, 49, 44]}, null, null, 3, false, [], false, 0, [], null, 0, 1744379488.481503, 0, {}]
[{"0": [1, 2, 2, 2, 0, 2, 0, 3, 3, 0, 1, 0, 2, 1, 28, 47, 22]}, null, null, 4, false, [], false, 0, [], null, 0, 1744379488.7147465, 0, {}]
[{"0": [1, 2, 3, 3, 0, 3, 2, 3, 0, 4, 3, 0, 1, 3, 0, 1, 1]}, null, null, 4, false, [], false, 0, [], null, 0, 1744379488.9221768, 0, {}]
[{"0": [2, 1, 4, 1, 1, 5, 0, 34, 28, 26, 44, 32, 1, 4, 1, 3, 2]}, null, null, 5, false, [], false, 0, [], null, 0, 1744379489.13285, 0, {}]
[{"0": [0, 3, 2, 3, 0, 2, 5, 1, 1, 0, 1, 3, 3, 0, 0, 3, 1]}, null, null, 5, false, [], false, 0, [], null, 0, 1744379489.3548405, 0, {}]
[{"0": [2, 2, 2, 2, 1, 0, 0, 1, 1, 2, 1, 2, 1, 1, 24, 2, 1]}, null, null, 6, false, [], false, 0, [], null, 0, 1744379489.5776117, 0, {}]
[{"0": [3, 0, 1, 0, 4, 3, 1, 2, 0, 1, 3, 2, 21, 33, 39, 25, 38]}, null, null, 7, false, [], false, 0, [], null, 0, 1744379489.7894387, 0, {}]
[{"0": [1, 1, 2, 1, 34, 2, 2, 3, 5, 2, 2, 3, 4, 1, 1, 2, 3]}, null, null, 7, false, [], false, 0, [], null, 0, 1744379490.0073378, 0, {}]
[{"0": [1, 4, 0, 3, 3, 2, 2, 1, 3, 1, 40, 32, 30, 2, 6, 1, 1]}, null, null, 8, false, [], false, 0, [], null, 0, 1744379490.2336087, 0, {}]
[{"0": [0, 3, 0, 3, 1, 24, 31, 34, 38, 32, 2, 2, 1, 2, 0, 3, 1]}, null, null, 8, false, [], false, 0, [], null, 0, 1744379490.4472487, 0, {}]
[{"0": [2, 2, 0, 2, 3, 1, 3, 1, 2, 4, 1, 3, 3, 33, 1, 2, 1]}, null, null, 9, false, [], false, 0, [], null, 0, 1744379490.6619117, 0, {}]
[{"0": [4, 2, 2, 1, 4, 2, 4, 2, 2, 2, 0, 1, 1, 2, 2, 30, 37]}, null, null, 10, false, [], false, 0, [], null, 0, 1744379490.8837087, 0, {}]
[{"0": [0, 1, 2, 1, 1, 1, 1, 2, 1, 0, 37, 41, 31, 35, 3, 1, 1]}, null, null, 10, false, [], false, 0, [], null, 0, 1744379491.0903778, 0, {}]
[{"0": [1, 1, 4, 3, 2, 1, 2, 0, 5, 3, 0, 23, 37, 28, 31, 4, 0]}, null, null, 11, false, [], false, 0, [], null, 0, 1744379491.3102798, 0, {}]
[{"0": [0, 3, 4, 0, 2, 3, 1, 3, 4, 2, 3, 4, 1, 2, 30, 33, 4]}, null, null, 11, false, [], false, 0, [], null, 0, 1744379491.5230038, 0, {}]
[{"0": [2, 4, 0, 2, 2, 2, 2, 0, 4, 1, 3, 1, 1, 2, 2, 3, 29]}, null, null, 12, false, [], false, 0, [], null, 0, 1744379491.7530406, 0, {}]
[{"0": [0, 2, 5, 5, 2, 0, 2, 2, 3, 1, 1, 1, 2, 1, 3, 2, 2]}, null, null, 13, false, [], false, 0, [], null, 0, 1744379491.955349, 0, {}]
[{"0": [0, 3, 2, 2, 0, 2, 3, 3, 1, 5, 2, 2, 3, 35, 21, 30, 32]}, null, null, 13, false, [], false, 0, [], null, 0, 1744379492.1725352, 0, {}]
[{"0": [2, 3, 0, 3, 3, 3, 30, 24, 28, 3, 4, 4, 0, 2, 2, 2, 4]}, null, null, 14, false, [], false, 0, [], null, 0, 1744379492.386337, 0, {}]
[{"0": [1, 3, 2, 2, 2, 3, 1, 2, 1, 3, 26, 27, 1, 0, 1, 0, 4]}, null, null, 14, false, [], false, 0, [], null, 0, 1744379492.6014638, 0, {}]
[{"0": [5, 0, 3, 4, 2, 1, 2, 31, 31, 24, 1, 2, 1, 1, 2, 0, 1]}, null, null, 15, false, [], false, 0, [], null, 0, 1744379492.838029, 0, {}]
[{"0": [3, 1, 4, 2, 3, 2, 32, 32, 34, 30, 34, 33, 26, 37, 34, 22, 34]}, null, null, 16, false, [], false, 0, [], null, 0, 1744379493.0328715, 0, {}]
[{"0": [3, 6, 4, 4, 3, 1, 3, 4, 2, 0, 2, 4, 3, 2, 1, 1, 2]}, null, null, 16, false, [], false, 0, [], null, 0, 1744379493.257658, 0, {}]
[{"0": [3, 4, 6, 1, 0, 0, 5, 6, 1, 4, 3, 0, 4, 2, 0, 35, 29]}, null, null, 17, false, [], false, 0, [], null, 0, 1744379493.4762928, 0, {}]
[{"0": [27, 30, 25, 30, 26, 3, 0, 2, 4, 2, 2, 1, 4, 1, 6, 1, 2]}, null, null, 17, false, [], false, 0, [], null, 0, 1744379493.6979127, 0, {}]
[{"0": [2, 1, 1, 2, 0, 2, 1, 1, 0, 3, 40, 0, 1, 3, 2, 2, 4]}, null, null, 18, false, [], false, 0, [], null, 0, 1744379493.912363, 0, {}]
[{"0": [1, 2, 3, 2, 2, 37, 25, 31, 20, 41, 29, 2, 3, 0, 0, 0, 1]}, null, null, 19, false, [], false, 0, [], null, 0, 1744379494.1202314, 0, {}]
[{"0": [1, 3, 1, 2, 0, 2, 2, 3, 2, 4, 1, 3, 32, 41, 31, 0, 3]}, null, null, 19, false, [], false, 0, [], null, 0, 1744379494.3604429, 0, {}]
[{"0": [2, 3, 2, 3, 2, 0, 0, 1, 3, 2, 3, 2, 30, 1, 0, 2, 0]}, null, null, 20, false, [], false, 0, [], null, 0, 1744379494.5563903, 0, {}]
[{"0": [3, 3, 2, 2, 1, 2, 35, 25, 41, 29, 18, 27, 34, 43, 30, 35, 35]}, null, null, 20, false, [], false, 0, [], null, 0, 1744379494.7871816, 0, {}]
[{"0": [37, 29, 31, 26, 25, 37, 3, 3, 3, 2, 2, 0, 1, 1, 1, 2, 1]}, null, null, 21, false, [], false, 0, [], null, 0, 1744379495.0053692, 0, {}]
[{"0": [1, 4, 17, 32, 39, 41, 34, 31, 28, 34, 41, 40, 31, 28, 35, 26, 31]}, null, null, 22, false, [], false, 0, [], null, 0, 1744379495.2072248, 0, {}]
[{"0": [0, 2, 40, 1, 2, 6, 1, 3, 2, 2, 2, 2, 0, 1, 0, 3, 2]}, null, null, 22, false, [], false, 0, [], null, 0, 1744379495.4347053, 0, {}]
[{"0": [4, 0, 2, 1, 1, 2, 1, 3, 0, 3, 2, 3, 5, 4, 1, 2, 26]}, null, null, 23, false, [], false, 0, [], null, 0, 1744379495.6463778, 0, {}]
[{"0": [0, 1, 5, 3, 1, 2, 0, 3, 27, 42, 0, 1, 1, 3, 3, 1, 1]}, null, null, 23, false, [], false, 0, [], null, 0, 1744379495.865177, 0, {}]
[{"0": [1, 2, 4, 3, 1, 0, 2, 3, 2, 4, 3, 2, 3, 1, 3, 3, 30]}, null, null, 24, false, [], false, 0, [], null, 0, 1744379496.0805826, 0, {}]
[{"0": [2, 3, 1, 2, 3, 2, 0, 2, 0, 1, 2, 26, 35, 28, 27, 27, 3]}, null, null, 25, false, [], false, 0, [], null, 0, 1744379496.2976298, 0, {}]
[{"0": [3, 2, 6, 0, 3, 0, 2, 1, 0, 2, 2, 3, 36, 30, 30, 19, 31]}, null, null, 25, false, [], false, 0, [], null, 0, 1744379496.5097718, 0, {}]
[{"0": [4, 1, 2, 31, 31, 0, 0, 2, 0, 3, 0, 3, 1, 1, 6, 0, 1]}, null, null, 26, false, [], false, 0, [], null, 0, 1744379496.7424521, 0, {}]
[{"0": [1, 1, 2, 0, 4, 3, 23, 2, 1, 3, 5, 0, 3, 3, 1, 4, 1]}, null, null, 27, false, [], false, 0, [], null, 0, 1744379496.9417171, 0, {}]
[{"0": [2, 1, 1, 2, 2, 3, 0, 3, 30, 0, 1, 4, 1, 1, 2, 2, 2]}, null, null, 27, false, [], false, 0, [], null, 0, 1744379497.1553392, 0, {}]
[{"0": [2, 2, 2, 26, 30, 3, 2, 1, 1, 1, 1, 3, 2, 2, 1, 3, 2]}, null, null, 28, false, [], false, 0, [], null, 0, 1744379497.3713024, 0, {}]
[{"0": [3, 2, 1, 42, 28, 0, 2, 2, 2, 1, 3, 0, 0, 2, 4, 3, 5]}, null, null, 28, false, [], false, 0, [], null, 0, 1744379497.5863461, 0, {}]
[{"0": [4, 3, 1, 3, 2, 2, 1, 1, 1, 49, 33, 23, 0, 1, 2, 2, 2]}, null, null, 29, false, [], false, 0, [], null, 0, 1744379497.8032603, 0, {}]
[{"0": [3, 5, 4, 2, 0, 2, 3, 32, 27, 30, 32, 36, 28, 22, 30, 40, 2]}, null, null, 30, false, [], false, 0, [], null, 0, 1744379498.019382, 0, {}]
[{"0": [1, 4, 1, 1, 2, 1, 4, 1, 1, 1, 0, 0, 2, 3, 3, 5, 34]}, null, null, 30, false, [], false, 0, [], null, 0, 1744379498.2535493, 0, {}]
[{"0": [0, 2, 2, 1, 2, 1, 1, 1, 1, 0, 1, 34, 24, 41, 29, 31, 27]}, null, null, 31, false, [], false, 0, [], null, 0, 1744379498.4551485, 0, {}]
[{"0": [1, 3, 1, 2, 0, 3, 2, 1, 1, 3, 8, 3, 3, 37, 3, 2, 1]}, null, null, 31, false, [], false, 0, [], null, 0, 1744379498.6740844, 0, {}]
[{"0": [1, 1, 39, 23, 35, 4, 1, 1, 0, 1, 3, 0, 2, 2, 3, 0, 3]}, null, null, 32, false, [], false, 0, [], null, 0, 1744379498.8935292, 0, {}]
[{"0": [7, 1, 3, 1, 2, 2, 4, 0, 0, 3, 2, 5, 1, 3, 1, 28, 37]}, null, null, 33, false, [], false, 0, [], null, 0, 1744379499.112038, 0, {}]
[{"0": [1, 3, 0, 1, 2, 4, 3, 0, 1, 1, 2, 4, 1, 0, 2, 2, 38]}, null, null, 33, false, [], false, 0, [], null, 0, 1744379499.3198066, 0, {}]
[{"0": [2, 2, 3, 2, 0, 37, 35, 38, 34, 29, 31, 33, 30, 28, 32, 37, 29]}, null, null, 34, false, [], false, 0, [], null, 0, 1744379499.5487385, 0, {}]
[{"0": [0, 1, 25, 37, 37, 36, 24, 24, 35, 32, 30, 27, 29, 37, 38, 1, 1]}, null, null, 34, false, [], false, 0, [], null, 0, 1744379499.7521892, 0, {}]
[{"0": [0, 3, 0, 4, 4, 3, 1, 3, 3, 1, 2, 6, 0, 1, 3, 0, 17]}, null, null, 35, false, [], false, 0, [], null, 0, 1744379499.973978, 0, {}]
[{"0": [3, 3, 2, 4, 4, 3, 1, 34, 32, 29, 26, 28, 27, 28, 30, 6, 4]}, null, null, 36, false, [], false, 0, [], null, 0, 1744379500.1855319, 0, {}]
[{"0": [2, 2, 1, 3, 2, 2, 3, 3, 3, 2, 1, 3, 1, 5, 37, 0, 1]}, null, null, 36, false, [], false, 0, [], null, 0, 1744379500.4044516, 0, {}]
[{"0": [1, 3, 0, 1, 1, 0, 3, 3, 4, 31, 29, 1, 0, 2, 2, 4, 2]}, null, null, 37, false, [], false, 0, [], null, 0, 1744379500.6192515, 0, {}]
[{"0": [2, 2, 1, 2, 2, 2, 4, 2, 0, 5, 1, 5, 1, 2, 29, 29, 39]}, null, null, 37, false, [], false, 0, [], null, 0, 1744379500.8369162, 0, {}]
[{"0": [1, 3, 3, 2, 0, 2, 0, 4, 3, 1, 2, 3, 2, 1, 2, 2, 36]}, null, null, 38, false, [], false, 0, [], null, 0, 1744379501.0531893, 0, {}]
[{"0": [3, 1, 1, 2, 2, 2, 1, 0, 6, 0, 1, 1, 1, 27, 25, 32, 29]}, null, null, 39, false, [], false, 0, [], null, 0, 1744379501.2781205, 0, {}]
[{"0": [1, 2, 1, 0, 2, 0, 4, 2, 0, 1, 37, 4, 6, 1, 2, 1, 1]}, null, null, 39, false, [], false, 0, [], null, 0, 1744379501.4973235, 0, {}]
[{"0": [3, 1, 4, 36, 33, 34, 39, 27, 19, 33, 35, 37, 25, 23, 30, 2, 4]}, null, null, 40, false, [], false, 0, [], null, 0, 1744379501.7013195, 0, {}]
[{"0": [2, 4, 2, 26, 0, 3, 1, 0, 0, 0, 1, 6, 0, 2, 2, 6, 2]}, null, null, 40, false, [], false, 0, [], null, 0, 1744379501.9329896, 0, {}]
[{"0": [30, 23, 1, 0, 2, 1, 0, 0, 1, 2, 5, 4, 4, 1, 0, 3, 2]}, null, null, 41, false, [], false, 0, [], null, 0, 1744379502.1536114, 0, {}]
[{"0": [1, 0, 3, 5, 4, 0, 2, 0, 1, 4, 4, 3, 1, 3, 4, 0, 25]}, null, null, 42, false, [], false, 0, [], null, 0, 1744379502.3543308, 0, {}]
[{"0": [2, 2, 4, 0, 1, 1, 38, 29, 2, 1, 1, 4, 1, 1, 0, 4, 1]}, null, null, 42, false, [], false, 0, [], null, 0, 1744379502.587377, 0, {}]
[{"0": [1, 0, 2, 1, 3, 3, 3, 4, 2, 3, 1, 3, 6, 2, 37, 1, 2]}, null, null, 43, false, [], false, 0, [], null, 0, 1744379502.7899988, 0, {}]
[{"0": [5, 3, 3, 2, 1, 2, 18, 29, 23, 39, 2, 2, 2, 0, 2, 3, 0]}, null, null, 43, false, [], false, 0, [], null, 0, 1744379503.0074456, 0, {}]
[{"0": [1, 3, 27, 31, 7, 2, 1, 2, 0, 1, 3, 0, 1, 3, 2, 5, 3]}, null, null, 44, false, [], false, 0, [], null, 0, 1744379503.223231, 0, {}]
[{"0": [2, 5, 1, 3, 5, 1, 38, 33, 32, 29, 29, 35, 28, 36, 35, 45, 31]}, null, null, 45, false, [], false, 0, [], null, 0, 1744379503.4452837, 0, {}]
[{"0": [1, 2, 3, 4, 2, 1, 3, 35, 5, 0, 2, 0, 4, 4, 2, 3, 2]}, null, null, 45, false, [], false, 0, [], null, 0, 1744379503.6611106, 0, {}]
[{"0": [0, 2, 2, 3, 3, 1, 0, 1, 21, 17, 29, 25, 25, 18, 33, 39, 32]}, null, null, 46, false, [], false, 0, [], null, 0, 1744379503.8793297, 0, {}]
[{"0": [3, 3, 2, 2, 1, 0, 3, 1, 2, 3, 2, 3, 32, 3, 2, 2, 1]}, null, null, 46, false, [], false, 0, [], null, 0, 1744379504.1100554, 0, {}]
[{"0": [0, 2, 1, 4, 33, 2, 0, 0, 3, 2, 4, 2, 3, 3, 0, 3, 2]}, null, null, 47, false, [], false, 0, [], null, 0, 1744379504.3074877, 0, {}]
[{"0": [5, 2, 3, 4, 2, 1, 0, 5, 2, 4, 3, 1, 0, 3, 23, 28, 34]}, null, null, 48, false, [], false, 0, [], null, 0, 1744379504.5196095, 0, {}]
[{"0": [0, 2, 0, 3, 0, 2, 2, 1, 3, 0, 0, 1, 1, 4, 2, 29, 31]}, null, null, 48, false, [], false, 0, [], null, 0, 1744379504.7485774, 0, {}]
[{"0": [1, 0, 1, 1, 4, 1, 3, 3, 2, 0, 2, 3, 2, 23, 3, 0, 0]}, null, null, 49, false, [], false, 0, [], null, 0, 1744379504.9648445, 0, {}]
[{"0": [2, 5, 0, 3, 3, 30, 35, 3, 1, 0, 3, 2, 1, 1, 1, 2, 2]}, null, null, 49, false, [], false, 0, [], null, 0, 1744379505.176507, 0, {}]
[{"0": [0, 0, 2, 22, 25, 30, 31, 31, 3, 2, 2, 0, 2, 1, 1, 1, 1]}, null, null, 50, false, [], false, 0, [], null, 0, 1744379505.3949518, 0, {}]
[{"0": [2, 2, 1, 0, 2, 0, 25, 33, 2, 0, 1, 3, 1, 3, 2, 7, 3]}, null, null, 51, false, [], false, 0, [], null, 0, 1744379505.6124156, 0, {}]
[{"0": [4, 1, 3, 0, 1, 0, 3, 2, 2, 5, 4, 1, 2, 1, 0, 36, 27]}, null, null, 51, false, [], false, 0, [], null, 0, 1744379505.81937, 0, {}]
[{"0": [24, 2, 1, 1, 0, 3, 2, 1, 5, 1, 3, 3, 4, 1, 4, 2, 7]}, null, null, 52, false, [], false, 0, [], null, 0, 1744379506.05346, 0, {}]
[{"0": [28, 32, 29, 33, 22, 0, 0, 1, 2, 0, 3, 2, 5, 0, 3, 3, 1]}, null, null, 52, false, [], false, 0, [], null, 0, 1744379506.25396, 0, {}]
[{"0": [3, 2, 2, 1, 5, 0, 1, 5, 2, 3, 1, 39, 30, 33, 26, 26, 2]}, null, null, 53, false, [], false, 0, [], null, 0, 1744379506.4725645, 0, {}]
[{"0": [0, 1, 2, 4, 1, 2, 1, 2, 0, 1, 3, 4, 0, 1, 29, 5, 1]}, null, null, 54, false, [], false, 0, [], null, 0, 1744379506.687623, 0, {}]
[{"0": [1, 7, 2, 1, 0, 5, 2, 1, 2, 3, 1, 2, 3, 1, 2, 31, 39]}, null, null, 54, false, [], false, 0, [], null, 0, 1744379506.9092891, 0, {}]
[{"0": [1, 1, 1, 0, 1, 2, 2, 2, 1, 0, 1, 2, 1, 2, 1, 27, 24]}, null, null, 55, false, [], false, 0, [], null, 0, 1744379507.1215324, 0, {}]
[{"0": [2, 0, 0, 0, 1, 1, 1, 4, 1, 2, 2, 50, 29, 36, 34, 1, 1]}, null, null, 55, false, [], false, 0, [], null, 0, 1744379507.3367474, 0, {}]
[{"0": [0, 1, 0, 4, 2, 1, 3, 2, 4, 2, 27, 40, 31, 29, 31, 28, 27]}, null, null, 56, false, [], false, 0, [], null, 0, 1744379507.557033, 0, {}]
[{"0": [3, 3, 2, 30, 27, 27, 33, 17, 22, 23, 33, 22, 23, 24, 27, 37, 20]}, null, null, 57, false, [], false, 0, [], null, 0, 1744379507.7716584, 0, {}]
[{"0": [1, 3, 0, 0, 3, 1, 1, 1, 0, 0, 4, 1, 1, 5, 2, 5, 0]}, null, null, 57, false, [], false, 0, [], null, 0, 1744379507.986411, 0, {}]
[{"0": [3, 2, 2, 1, 3, 3, 1, 0, 1, 4, 3, 0, 0, 2, 1, 38, 27]}, null, null, 58, false, [], false, 0, [], null, 0, 1744379508.2148888, 0, {}]
[{"0": [0, 1, 1, 1, 2, 1, 5, 2, 0, 1, 26, 37, 30, 32, 34, 29, 40]}, null, null, 58, false, [], false, 0, [], null, 0, 1744379508.418827, 0, {}]
[{"0": [1, 2, 3, 0, 3, 2, 2, 1, 1, 2, 1, 1, 0, 3, 0, 1, 2]}, null, null, 59, false, [], false, 0, [], null, 0, 1744379508.6491282, 0, {}]
[{"0": [2, 2, 0, 2, 2, 1, 2, 4, 29, 30, 38, 30, 28, 2, 1, 2, 0]}, null, null, 60, false, [], false, 0, [], null, 0, 1744379508.8732162, 0, {}]
[{"0": [1, 3, 3, 1, 38, 1, 1, 0, 0, 1, 1, 0, 1, 0, 1, 0, 1]}, null, null, 60, false, [], false, 0, [], null, 0, 1744379509.075063, 0, {}]
[{"0": [6, 4, 4, 0, 3, 0, 3, 2, 2, 1, 3, 2, 2, 2, 27, 39, 28]}, null, null, 61, false, [], false, 0, [], null, 0, 1744379509.2997468, 0, {}]
[{"0": [0, 1, 3, 3, 3, 0, 1, 5, 36, 29, 34, 31, 25, 27, 28, 43, 26]}, null, null, 61, false, [], false, 0, [], null, 0, 1744379509.5161762, 0, {}]
[{"0": [3, 1, 2, 1, 0, 2, 0, 0, 7, 0, 1, 2, 1, 0, 2, 1, 5]}, null, null, 62, false, [], false, 0, [], null, 0, 1744379509.726519, 0, {}]
[{"0": [1, 1, 2, 0, 0, 6, 1, 0, 7, 0, 2, 3, 1, 3, 5, 2, 35]}, null, null, 63, false, [], false, 0, [], null, 0, 1744379509.9523864, 0, {}]
[{"0": [25, 27, 24, 31, 4, 2, 1, 1, 1, 3, 2, 1, 1, 3, 0, 2, 2]}, null, null, 63, false, [], false, 0, [], null, 0, 1744379510.164455, 0, {}]
[{"0": [1, 1, 0, 1, 2, 4, 3, 0, 2, 1, 3, 31, 29, 36, 32, 38, 32]}, null, null, 64, false, [], false, 0, [], null, 0, 1744379510.3938177, 0, {}]
[{"0": [2, 1, 1, 3, 2, 0, 0, 2, 24, 34, 23, 43, 1, 1, 2, 2, 6]}, null, null, 64, false, [], false, 0, [], null, 0, 1744379510.6008506, 0, {}]
[{"0": [5, 4, 1, 2, 3, 3, 2, 1, 0, 1, 0, 4, 0, 3, 2, 14, 41]}, null, null, 65, false, [], false, 0, [], null, 0, 1744379510.808255, 0, {}]
[{"0": [0, 1, 0, 2, 2, 2, 3, 3, 1, 4, 0, 23, 32, 27, 43, 37, 20]}, null, null, 66, false, [], false, 0, [], null, 0, 1744379511.0254512, 0, {}]
[{"0": [1, 1, 5, 1, 3, 2, 1, 3, 2, 1, 1, 6, 1, 0, 1, 2, 1]}, null, null, 66, false, [], false, 0, [], null, 0, 1744379511.2449098, 0, {}]
[{"0": [2, 1, 6, 1, 0, 1, 1, 3, 3, 3, 7, 1, 2, 0, 3, 4, 33]}, null, null, 67, false, [], false, 0, [], null, 0, 1744379511.4732723, 0, {}]
[{"0": [1, 2, 2, 2, 3, 2, 3, 0, 2, 2, 1, 2, 4, 1, 1, 2, 2]}, null, null, 67, false, [], false, 0, [], null, 0, 1744379511.6780345, 0, {}]
[{"0": [2, 1, 2, 2, 1, 1, 39, 1, 0, 3, 2, 4, 2, 4, 3, 3, 2]}, null, null, 68, false, [], false, 0, [], null, 0, 1744379511.9090383, 0, {}]
[{"0": [2, 0, 1, 1, 6, 1, 3, 1, 21, 34, 25, 39, 27, 21, 31, 21, 31]}, null, null, 69, false, [], false, 0, [], null, 0, 1744379512.1135428, 0, {}]
[{"0": [2, 2, 39, 29, 36, 24, 40, 5, 3, 2, 0, 3, 1, 2, 2, 1, 3]}, null, null, 69, false, [], false, 0, [], null, 0, 1744379512.3305452, 0, {}]
[{"0": [6, 2, 2, 1, 1, 1, 2, 3, 3, 24, 31, 26, 27, 29, 26, 1, 0]}, null, null, 70, false, [], false, 0, [], null, 0, 1744379512.5369384, 0, {}]
[{"0": [41, 33, 31, 20, 15, 26, 31, 22, 26, 31, 3, 5, 2, 4, 1, 2, 3]}, null, null, 70, false, [], false, 0, [], null, 0, 1744379512.765216, 0, {}]
[{"0": [1, 1, 2, 0, 4, 4, 2, 1, 34, 22, 22, 2, 1, 3, 1, 1, 3]}, null, null, 71, false, [], false, 0, [], null, 0, 1744379512.9915726, 0, {}]
[{"0": [1, 1, 1, 3, 2, 29, 26, 27, 0, 0, 0, 1, 1, 1, 4, 3, 3]}, null, null, 72, false, [], false, 0, [], null, 0, 1744379513.1932726, 0, {}]
[{"0": [2, 5, 2, 2, 5, 3, 27, 46, 30, 36, 31, 1, 2, 3, 1, 2, 2]}, null, null, 72, false, [], false, 0, [], null, 0, 1744379513.417831, 0, {}]
[{"0": [0, 5, 3, 0, 2, 3, 2, 3, 1, 2, 1, 1, 1, 0, 29, 27, 42]}, null, null, 73, false, [], false, 0, [], null, 0, 1744379513.6307795, 0, {}]
[{"0": [39, 0, 4, 1, 0, 1, 3, 2, 3, 0, 3, 3, 2, 0, 21, 0, 1]}, null, null, 73, false, [], false, 0, [], null, 0, 1744379513.8369803, 0, {}]
[{"0": [1, 0, 3, 1, 4, 2, 2, 2, 0, 3, 1, 2, 2, 1, 1, 0, 30]}, null, null, 74, false, [], false, 0, [], null, 0, 1744379514.0609007, 0, {}]
[{"0": [31, 27, 4, 2, 3, 0, 4, 4, 4, 1, 1, 1, 0, 4, 1, 2, 1]}, null, null, 75, false, [], false, 0, [], null, 0, 1744379514.2893004, 0, {}]
[{"0": [2, 0, 2, 2, 1, 1, 0, 0, 6, 1, 3, 1, 2, 3, 26, 28, 37]}, null, null, 75, false, [], false, 0, [], null, 0, 1744379514.5017014, 0, {}]
[{"0": [26, 30, 36, 27, 3, 1, 4, 11, 1, 1, 6, 1, 2, 0, 1, 2, 3]}, null, null, 76, false, [], false, 0, [], null, 0, 1744379514.7092733, 0, {}]
[{"0": [2, 0, 0, 2, 2, 2, 3, 2, 1, 2, 1, 1, 32, 27, 27, 24, 27]}, null, null, 77, false, [], false, 0, [], null, 0, 1744379514.9371812, 0, {}]
[{"0": [4, 3, 5, 2, 0, 34, 28, 27, 34, 25, 20, 32, 32, 38, 33, 24, 1]}, null, null, 77, false, [], false, 0, [], null, 0, 1744379515.144451, 0, {}]
[{"0": [4, 4, 3, 1, 1, 2, 3, 5, 28, 36, 23, 28, 30, 36, 26, 1, 0]}, null, null, 78, false, [], false, 0, [], null, 0, 1744379515.3612852, 0, {}]
[{"0": [2, 5, 2, 5, 1, 41, 36, 27, 36, 32, 27, 25, 23, 3, 1, 1, 1]}, null, null, 78, false, [], false, 0, [], null, 0, 1744379515.57897, 0, {}]
[{"0": [1, 0, 4, 2, 1, 34, 2, 5, 5, 1, 1, 3, 1, 4, 2, 2, 2]}, null, null, 79, false, [], false, 0, [], null, 0, 1744379515.8009858, 0, {}]
[{"0": [7, 2, 2, 1, 5, 2, 2, 1, 3, 4, 3, 4, 1, 1, 29, 29, 19]}, null, null, 80, false, [], false, 0, [], null, 0, 1744379516.0118284, 0, {}]
[{"0": [1, 1, 3, 0, 5, 3, 4, 2, 0, 3, 1, 30, 4, 3, 5, 1, 3]}, null, null, 80, false, [], false, 0, [], null, 0, 1744379516.2321901, 0, {}]
[{"0": [0, 0, 2, 2, 1, 1, 2, 0, 2, 37, 33, 28, 29, 40, 4, 0, 3]}, null, null, 81, false, [], false, 0, [], null, 0, 1744379516.4622505, 0, {}]
[{"0": [4, 2, 2, 1, 1, 3, 42, 32, 35, 23, 32, 28, 2, 1, 2, 2, 1]}, null, null, 81, false, [], false, 0, [], null, 0, 1744379516.6670742, 0, {}]
[{"0": [2, 4, 0, 0, 4, 3, 3, 0, 33, 29, 2, 2, 0, 3, 3, 3, 1]}, null, null, 82, false, [], false, 0, [], null, 0, 1744379516.8873985, 0, {}]
[{"0": [1, 0, 3, 4, 4, 1, 1, 0, 2, 1, 2, 1, 1, 2, 2, 3, 2]}, null, null, 83, false, [], false, 0, [], null, 0, 1744379517.0943882, 0, {}]
[{"0": [4, 2, 2, 0, 1, 4, 3, 2, 3, 41, 31, 50, 0, 1, 2, 4, 2]}, null, null, 83, false, [], false, 0, [], null, 0, 1744379517.3168721, 0, {}]
[{"0": [2, 2, 0, 1, 3, 3, 2, 1, 3, 1, 2, 4, 0, 2, 1, 25, 23]}, null, null, 84, false, [], false, 0, [], null, 0, 1744379517.5274687, 0, {}]
[{"0": [1, 2, 3, 0, 0, 2, 1, 1, 29, 1, 5, 5, 2, 4, 0, 2, 2]}, null, null, 84, false, [], false, 0, [], null, 0, 1744379517.736352, 0, {}]
[{"0": [32, 34, 29, 30, 4, 4, 2, 0, 1, 2, 4, 2, 1, 7, 0, 0, 0]}, null, null, 85, false, [], false, 0, [], null, 0, 1744379517.9666681, 0, {}]
[{"0": [3, 1, 2, 1, 2, 1, 4, 1, 5, 1, 0, 1, 2, 1, 2, 24, 37]}, null, null, 86, false, [], false, 0, [], null, 0, 1744379518.175959, 0, {}]
[{"0": [3, 0, 1, 5, 1, 7, 7, 1, 2, 2, 3, 35, 32, 35, 21, 26, 23]}, null, null, 86, false, [], false, 0, [], null, 0, 1744379518.4061573, 0, {}]
[{"0": [1, 0, 3, 2, 1, 0, 4, 1, 1, 3, 2, 2, 3, 1, 0, 27, 35]}, null, null, 87, false, [], false, 0, [], null, 0, 1744379518.610582, 0, {}]
[{"0": [0, 3, 1, 3, 2, 2, 1, 3, 3, 3, 2, 1, 1, 3, 2, 0, 39]}, null, null, 87, false, [], false, 0, [], null, 0, 1744379518.8336017, 0, {}]
[{"0": [3, 1, 31, 33, 36, 25, 3, 2, 1, 2, 2, 2, 1, 2, 2, 2, 1]}, null, null, 88, false, [], false, 0, [], null, 0, 1744379519.0476956, 0, {}]
[{"0": [2, 2, 2, 1, 1, 4, 4, 3, 3, 4, 1, 2, 0, 1, 2, 2, 2]}, null, null, 89, false, [], false, 0, [], null, 0, 1744379519.2604566, 0, {}]
[{"0": [4, 1, 2, 0, 0, 2, 1, 2, 3, 4, 0, 1, 3, 3, 2, 28, 30]}, null, null, 89, false, [], false, 0, [], null, 0, 1744379519.4690208, 0, {}]
[{"0": [1, 1, 2, 3, 2, 1, 1, 0, 3, 0, 5, 1, 2, 28, 31, 14, 1]}, null, null, 90, false, [], false, 0, [], null, 0, 1744379519.6983294, 0, {}]
[{"0": [1, 0, 2, 33, 1, 2, 0, 3, 0, 1, 3, 2, 1, 1, 0, 2, 2]}, null, null, 90, false, [], false, 0, [], null, 0, 1744379519.9109888, 0, {}]
[{"0": [0, 4, 1, 5, 3, 2, 3, 2, 25, 35, 43, 35, 44, 33, 28, 4, 2]}, null, null, 91, false, [], false, 0, [], null, 0, 1744379520.1378124, 0, {}]
[{"0": [1, 2, 7, 0, 2, 3, 3, 5, 3, 25, 29, 3, 0, 1, 1, 1, 1]}, null, null, 92, false, [], false, 0, [], null, 0, 1744379520.3529987, 0, {}]
[{"0": [0, 2, 1, 2, 2, 3, 3, 1, 0, 2, 6, 1, 5, 2, 32, 32, 27]}, null, null, 92, false, [], false, 0, [], null, 0, 1744379520.5518074, 0, {}]
[{"0": [0, 1, 1, 2, 4, 3, 1, 1, 2, 1, 2, 2, 35, 30, 21, 45, 1]}, null, null, 93, false, [], false, 0, [], null, 0, 1744379520.7729023, 0, {}]
[{"0": [2, 1, 2, 0, 1, 3, 2, 5, 4, 2, 1, 2, 2, 1, 1, 33, 26]}, null, null, 93, false, [], false, 0, [], null, 0, 1744379520.9974067, 0, {}]
[{"0": [1, 1, 2, 0, 1, 2, 4, 2, 3, 2, 2, 2, 5, 2, 2, 30, 27]}, null, null, 94, false, [], false, 0, [], null, 0, 1744379521.2205539, 0, {}]
[{"0": [1, 1, 3, 0, 2, 1, 30, 4, 5, 2, 5, 3, 1, 2, 2, 0, 0]}, null, null, 95, false, [], false, 0, [], null, 0, 1744379521.4409394, 0, {}]
[{"0": [2, 2, 38, 3, 1, 2, 4, 3, 2, 2, 3, 5, 0, 1, 3, 0, 3]}, null, null, 95, false, [], false, 0, [], null, 0, 1744379521.6647396, 0, {}]
[{"0": [1, 1, 2, 1, 1, 4, 43, 34, 25, 34, 1, 0, 0, 5, 2, 1, 3]}, null, null, 96, false, [], false, 0, [], null, 0, 1744379521.8597772, 0, {}]
[{"0": [2, 4, 3, 4, 2, 2, 1, 6, 2, 3, 1, 2, 0, 0, 1, 1, 2]}, null, null, 96, false, [], false, 0, [], null, 0, 1744379522.0740514, 0, {}]
[{"0": [2, 2, 2, 1, 3, 3, 1, 3, 1, 1, 4, 3, 5, 0, 3, 3, 28]}, null, null, 97, false, [], false, 0, [], null, 0, 1744379522.2932034, 0, {}]
[{"0": [3, 2, 0, 2, 22, 37, 31, 27, 35, 27, 33, 39, 32, 41, 32, 34, 37]}, null, null, 98, false, [], false, 0, [], null, 0, 1744379522.508494, 0, {}]
[{"0": [0, 2, 0, 1, 1, 2, 1, 2, 3, 2, 3, 0, 3, 1, 0, 1, 34]}, null, null, 98, false, [], false, 0, [], null, 0, 1744379522.7163093, 0, {}]
[{"0": [2, 2, 0, 1, 0, 3, 2, 1, 2, 1, 1, 0, 2, 3, 2, 1, 32]}, null, null, 99, false, [], false, 0, [], null, 0, 1744379522.937271, 0, {}]
[{"0": [1, 4, 1, 3, 6, 2, 2, 0, 1, 1, 3, 0, 1, 2, 29, 2, 0]}, null, null, 99, false, [], false, 0, [], null, 0, 1744379523.1545718, 0, {}]
[{"0": [3, 0, 1, 2, 2, 28, 33, 4, 2, 0, 1, 0, 4, 0, 3, 4, 5]}, null, null, 100, false, [], false, 0, [], null, 0, 1744379523.3825529, 0, {}]
[{"0": [4, 0, 5, 0, 5, 1, 0, 1, 2, 2, 1, 2, 0, 32, 4, 1, 0]}, null, null, 101, false, [], false, 0, [], null, 0, 1744379523.6024747, 0, {}]
[{"0": [1, 0, 0, 3, 3, 1, 32, 27, 1, 4, 2, 1, 0, 0, 3, 1, 1]}, null, null, 101, false, [], false, 0, [], null, 0, 1744379523.8133352, 0, {}]
[{"0": [3, 2, 3, 2, 2, 3, 1, 4, 3, 3, 0, 1, 0, 2, 1, 32, 3]}, null, null, 102, false, [], false, 0, [], null, 0, 1744379524.0297887, 0, {}]
[{"0": [1, 4, 2, 2, 4, 1, 1, 1, 2, 2, 3, 1, 5, 2, 2, 34, 30]}, null, null, 102, false, [], false, 0, [], null, 0, 1744379524.2494268, 0, {}]
[{"0": [3, 1, 1, 2, 1, 0, 0, 0, 6, 3, 2, 3, 0, 2, 0, 29, 36]}, null, null, 103, false, [], false, 0, [], null, 0, 1744379524.4707892, 0, {}]
[{"0": [1, 2, 4, 1, 4, 3, 4, 3, 4, 4, 3, 4, 1, 1, 29, 28, 0]}, null, null, 104, false, [], false, 0, [], null, 0, 1744379524.6762853, 0, {}]
[{"0": [1, 36, 3, 1, 0, 2, 2, 2, 0, 1, 2, 2, 4, 1, 1, 1, 3]}, null, null, 104, false, [], false, 0, [], null, 0, 1744379524.8964255, 0, {}]
[{"0": [0, 1, 2, 2, 1, 4, 27, 35, 37, 2, 2, 0, 2, 3, 2, 2, 2]}, null, null, 105, false, [], false, 0, [], null, 0, 1744379525.1027532, 0, {}]
[{"0": [4, 3, 3, 1, 6, 3, 2, 2, 1, 2, 1, 24, 25, 22, 27, 33, 43]}, null, null, 105, false, [], false, 0, [], null, 0, 1744379525.3385298, 0, {}]
[{"0": [2, 1, 1, 2, 0, 1, 1, 1, 2, 1, 40, 30, 1, 5, 0, 5, 2]}, null, null, 106, false, [], false, 0, [], null, 0, 1744379525.5563946, 0, {}]
[{"0": [2, 2, 2, 2, 3, 2, 2, 1, 2, 1, 2, 1, 1, 2, 5, 31, 19]}, null, null, 107, false, [], false, 0, [], null, 0, 1744379525.7626433, 0, {}]
[{"0": [5, 6, 3, 6, 6, 1, 1, 5, 3, 1, 1, 2, 1, 3, 2, 2, 27]}, null, null, 107, false, [], false, 0, [], null, 0, 1744379525.981163, 0, {}]
[{"0": [2, 1, 2, 1, 2, 0, 1, 3, 22, 35, 35, 24, 26, 28, 34, 34, 30]}, null, null, 108, false, [], false, 0, [], null, 0, 1744379526.1955595, 0, {}]
[{"0": [2, 2, 1, 27, 36, 35, 3, 2, 2, 2, 3, 1, 3, 1, 1, 5, 2]}, null, null, 108, false, [], false, 0, [], null, 0, 1744379526.4233165, 0, {}]
[{"0": [0, 1, 4, 2, 2, 40, 39, 25, 28, 1, 0, 3, 1, 1, 2, 2, 0]}, null, null, 109, false, [], false, 0, [], null, 0, 1744379526.6364439, 0, {}]
[{"0": [3, 0, 2, 1, 1, 3, 1, 2, 30, 0, 4, 2, 2, 2, 1, 1, 2]}, null, null, 110, false, [], false, 0, [], null, 0, 1744379526.8451526, 0, {}]
[{"0": [1, 0, 2, 3, 3, 1, 2, 5, 1, 2, 0, 4, 1, 6, 36, 32, 29]}, null, null, 110, false, [], false, 0, [], null, 0, 1744379527.0690074, 0, {}]
[{"0": [2, 5, 0, 2, 1, 2, 1, 33, 2, 1, 3, 2, 2, 3, 0, 2, 3]}, null, null, 111, false, [], false, 0, [], null, 0, 1744379527.2802532, 0, {}]
[{"0": [4, 1, 2, 2, 1, 1, 36, 26, 28, 1, 1, 0, 3, 4, 7, 4, 0]}, null, null, 111, false, [], false, 0, [], null, 0, 1744379527.5016308, 0, {}]
[{"0": [4, 1, 1, 0, 4, 0, 2, 8, 2, 3, 4, 30, 2, 0, 1, 0, 1]}, null, null, 112, false, [], false, 0, [], null, 0, 1744379527.7162383, 0, {}]
[{"0": [1, 3, 3, 3, 2, 6, 2, 4, 1, 3, 2, 0, 1, 1, 3, 33, 24]}, null, null, 113, false, [], false, 0, [], null, 0, 1744379527.9340887, 0, {}]
[{"0": [2, 3, 1, 1, 1, 0, 2, 3, 0, 1, 0, 2, 4, 0, 1, 7, 28]}, null, null, 113, false, [], false, 0, [], null, 0, 1744379528.1530614, 0, {}]
[{"0": [4, 4, 3, 1, 2, 1, 0, 2, 0, 2, 3, 1, 30, 2, 2, 1, 2]}, null, null, 114, false, [], false, 0, [], null, 0, 1744379528.367834, 0, {}]
[{"0": [0, 5, 0, 2, 1, 1, 4, 3, 1, 3, 3, 2, 1, 4, 3, 1, 0]}, null, null, 114, false, [], false, 0, [], null, 0, 1744379528.5814435, 0, {}]
[{"0": [0, 2, 0, 1, 0, 3, 3, 5, 2, 1, 6, 2, 2, 4, 2, 2, 4]}, null, null, 115, false, [], false, 0, [], null, 0, 1744379528.787147, 0, {}]
[{"0": [2, 3, 2, 0, 2, 32, 34, 33, 33, 1, 0, 1, 3, 2, 2, 2, 2]}, null, null, 116, false, [], false, 0, [], null, 0, 1744379529.0113795, 0, {}]
[{"0": [2, 4, 1, 2, 4, 1, 1, 2, 2, 2, 1, 1, 3, 2, 2, 0, 2]}, null, null, 116, false, [], false, 0, [], null, 0, 1744379529.2380414, 0, {}]
[{"0": [1, 1, 0, 2, 0, 1, 1, 1, 3, 2, 2, 39, 39, 29, 23, 37, 26]}, null, null, 117, false, [], false, 0, [], null, 0, 1744379529.4424114, 0, {}]
[{"0": [2, 2, 2, 3, 3, 0, 3, 6, 1, 2, 1, 3, 1, 0, 27, 34, 38]}, null, null, 117, false, [], false, 0, [], null, 0, 1744379529.6576924, 0, {}]
[{"0": [1, 4, 1, 1, 5, 5, 3, 4, 1, 0, 2, 2, 1, 0, 3, 30, 37]}, null, null, 118, false, [], false, 0, [], null, 0, 1744379529.886545, 0, {}]
[{"0": [2, 2, 5, 2, 1, 1, 0, 3, 25, 29, 0, 2, 4, 0, 4, 2, 2]}, null, null, 119, false, [], false, 0, [], null, 0, 1744379530.096697, 0, {}]
[{"0": [2, 1, 0, 5, 3, 2, 1, 1, 3, 24, 27, 2, 4, 1, 2, 0, 1]}, null, null, 119, false, [], false, 0, [], null, 0, 1744379530.3124678, 0, {}]
[{"0": [0, 5, 4, 0, 1, 2, 3, 0, 4, 36, 32, 36, 35, 30, 30, 30, 34]}, null, null, 120, false, [], false, 0, [], null, 0, 1744379530.5413575, 0, {}]
[{"0": [4, 2, 4, 1, 0, 5, 3, 2, 1, 2, 3, 31, 25, 0, 0, 0, 1]}, null, null, 120, false, [], false, 0, [], null, 0, 1744379530.7540474, 0, {}]
[{"0": [0, 1, 2, 4, 3, 6, 3, 1, 0, 2, 29, 30, 34, 23, 27, 21, 20]}, null, null, 121, false, [], false, 0, [], null, 0, 1744379530.9720435, 0, {}]
[{"0": [2, 4, 3, 2, 2, 2, 5, 0, 0, 3, 2, 3, 3, 2, 1, 2, 27]}, null, null, 122, false, [], false, 0, [], null, 0, 1744379531.184352, 0, {}]
[{"0": [1, 3, 2, 1, 3, 1, 2, 1, 31, 1, 4, 3, 1, 1, 2, 3, 3]}, null, null, 122, false, [], false, 0, [], null, 0, 1744379531.4131095, 0, {}]
[{"0": [30, 26, 29, 38, 37, 3, 5, 2, 0, 2, 3, 2, 0, 4, 3, 3, 2]}, null, null, 123, false, [], false, 0, [], null, 0, 1744379531.6140423, 0, {}]
[{"0": [2, 4, 0, 2, 5, 1, 1, 4, 2, 3, 1, 6, 0, 3, 3, 0, 33]}, null, null, 123, false, [], false, 0, [], null, 0, 1744379531.8370583, 0, {}]
[{"0": [31, 19, 32, 0, 4, 1, 2, 2, 2, 1, 3, 2, 3, 4, 3, 0, 2]}, null, null, 124, false, [], false, 0, [], null, 0, 1744379532.0372527, 0, {}]
[{"0": [3, 3, 0, 3, 1, 1, 28, 22, 1, 1, 0, 3, 1, 3, 4, 1, 2]}, null, null, 125, false, [], false, 0, [], null, 0, 1744379532.2655425, 0, {}]
[{"0": [4, 3, 4, 2, 1, 2, 3, 2, 1, 4, 3, 3, 2, 0, 2, 1, 27]}, null, null, 125, false, [], false, 0, [], null, 0, 1744379532.479029, 0, {}]
[{"0": [2, 1, 1, 0, 2, 2, 0, 1, 1, 2, 3, 31, 36, 37, 27, 38, 32]}, null, null, 126, false, [], false, 0, [], null, 0, 1744379532.7076576, 0, {}]
[{"0": [27, 19, 41, 24, 25, 28, 21, 4, 3, 5, 2, 1, 3, 2, 0, 1, 6]}, null, null, 127, false, [], false, 0, [], null, 0, 1744379532.909742, 0, {}]
[{"0": [25, 1, 5, 1, 0, 3, 1, 2, 0, 4, 2, 4, 1, 1, 4, 2, 1]}, null, null, 127, false, [], false, 0, [], null, 0, 1744379533.1288626, 0, {}]
[{"0": [2, 3, 32, 1, 6, 1, 2, 3, 1, 1, 1, 1, 3, 4, 1, 1, 0]}, null, null, 128, false, [], false, 0, [], null, 0, 1744379533.3544972, 0, {}]
[{"0": [1, 1, 3, 1, 3, 4, 3, 2, 1, 1, 2, 2, 31, 31, 39, 2, 2]}, null, null, 128, false, [], false, 0, [], null, 0, 1744379533.561194, 0, {}]
[{"0": [0, 0, 4, 4, 1, 4, 3, 0, 2, 2, 4, 3, 1, 0, 2, 4, 27]}, null, null, 129, false, [], false, 0, [], null, 0, 1744379533.7948403, 0, {}]
[{"0": [0, 1, 2, 4, 1, 2, 1, 1, 1, 4, 41, 35, 26, 32, 33, 1, 2]}, null, null, 130, false, [], false, 0, [], null, 0, 1744379534.0057833, 0, {}]
[{"0": [25, 36, 24, 31, 31, 28, 24, 26, 1, 1, 3, 5, 0, 2, 4, 1, 3]}, null, null, 130, false, [], false, 0, [], null, 0, 1744379534.2124608, 0, {}]
[{"0": [2, 2, 1, 3, 2, 2, 3, 2, 1, 27, 28, 36, 28, 1, 1, 3, 1]}, null, null, 131, false, [], false, 0, [], null, 0, 1744379534.4366603, 0, {}]
[{"0": [3, 4, 1, 1, 1, 1, 1, 1, 4, 1, 0, 30, 24, 48, 26, 2, 4]}, null, null, 131, false, [], false, 0, [], null, 0, 1744379534.642566, 0, {}]
[{"0": [2, 2, 3, 1, 1, 3, 2, 3, 3, 5, 2, 4, 2, 1, 47, 28, 27]}, null, null, 132, false, [], false, 0, [], null, 0, 1744379534.8635483, 0, {}]
[{"0": [33, 1, 1, 1, 3, 1, 1, 0, 0, 2, 4, 2, 4, 1, 0, 3, 0]}, null, null, 133, false, [], false, 0, [], null, 0, 1744379535.0832887, 0, {}]
[{"0": [0, 1, 1, 2, 1, 29, 1, 1, 0, 3, 4, 3, 2, 4, 1, 1, 2]}, null, null, 133, false, [], false, 0, [], null, 0, 1744379535.3052988, 0, {}]
[{"0": [4, 3, 2, 2, 2, 4, 0, 0, 0, 42, 23, 27, 23, 24, 23, 4, 2]}, null, null, 134, false, [], false, 0, [], null, 0, 1744379535.503495, 0, {}]
[{"0": [2, 2, 2, 1, 0, 2, 3, 3, 3, 0, 3, 1, 30, 30, 5, 0, 1]}, null, null, 134, false, [], false, 0, [], null, 0, 1744379535.729678, 0, {}]
[{"0": [1, 1, 4, 2, 3, 4, 0, 3, 5, 4, 1, 0, 1, 1, 3, 1, 21]}, null, null, 135, false, [], false, 0, [], null, 0, 1744379535.9358408, 0, {}]
[{"0": [37, 3, 1, 2, 1, 1, 3, 1, 4, 3, 0, 1, 2, 2, 4, 3, 1]}, null, null, 136, false, [], false, 0, [], null, 0, 1744379536.1742857, 0, {}]
[{"0": [4, 1, 2, 2, 4, 41, 24, 20, 21, 1, 0, 1, 2, 2, 3, 2, 3]}, null, null, 136, false, [], false, 0, [], null, 0, 1744379536.3758113, 0, {}]
[{"0": [5, 6, 0, 3, 1, 3, 3, 1, 0, 27, 30, 3, 4, 2, 0, 3, 1]}, null, null, 137, false, [], false, 0, [], null, 0, 1744379536.59188, 0, {}]
[{"0": [1, 1, 1, 4, 1, 4, 3, 0, 26, 37, 28, 25, 29, 28, 29, 39, 34]}, null, null, 137, false, [], false, 0, [], null, 0, 1744379536.8136454, 0, {}]
[{"0": [30, 31, 31, 43, 31, 31, 35, 23, 22, 27, 32, 30, 33, 34, 24, 27, 28]}, null, null, 138, false, [], false, 0, [], null, 0, 1744379537.0207179, 0, {}]
[{"0": [2, 4, 2, 1, 4, 2, 0, 1, 38, 5, 2, 1, 0, 3, 3, 2, 1]}, null, null, 139, false, [], false, 0, [], null, 0, 1744379537.2501593, 0, {}]
[{"0": [4, 0, 1, 0, 0, 4, 1, 26, 2, 6, 6, 3, 5, 2, 0, 0, 0]}, null, null, 139, false, [], false, 0, [], null, 0, 1744379537.4510765, 0, {}]
[{"0": [0, 1, 3, 30, 27, 24, 3, 0, 1, 1, 2, 2, 2, 3, 3, 4, 4]}, null, null, 140, false, [], false, 0, [], null, 0, 1744379537.676369, 0, {}]
[{"0": [1, 3, 1, 4, 3, 3, 2, 2, 2, 1, 2, 1, 0, 2, 2, 29, 26]}, null, null, 140, false, [], false, 0, [], null, 0, 1744379537.8873096, 0, {}]
[{"0": [2, 1, 2, 0, 4, 4, 1, 1, 3, 1, 2, 1, 3, 4, 6, 30, 27]}, null, null, 141, false, [], false, 0, [], null, 0, 1744379538.122483, 0, {}]
[{"0": [1, 1, 0, 1, 0, 5, 5, 30, 34, 24, 2, 0, 5, 1, 4, 3, 2]}, null, null, 142, false, [], false, 0, [], null, 0, 1744379538.3344245, 0, {}]
[{"0": [5, 3, 5, 0, 2, 0, 1, 4, 1, 1, 3, 0, 0, 1, 5, 1, 40]}, null, null, 142, false, [], false, 0, [], null, 0, 1744379538.5561604, 0, {}]
[{"0": [32, 22, 3, 1, 3, 1, 1, 0, 2, 3, 3, 0, 1, 0, 1, 1, 1]}, null, null, 143, false, [], false, 0, [], null, 0, 1744379538.75573, 0, {}]
[{"0": [3, 5, 4, 1, 3, 2, 0, 33, 24, 3, 2, 1, 1, 1, 1, 1, 0]}, null, null, 143, false, [], false, 0, [], null, 0, 1744379538.9880424, 0, {}]
[{"0": [0, 2, 0, 2, 2, 2, 2, 2, 0, 2, 2, 3, 1, 2, 2, 4, 35]}, null, null, 144, false, [], false, 0, [], null, 0, 1744379539.192487, 0, {}]
[{"0": [34, 36, 39, 31, 25, 36, 1, 3, 0, 1, 3, 2, 4, 2, 0, 4, 5]}, null, null, 145, false, [], false, 0, [], null, 0, 1744379539.4051769, 0, {}]
[{"0": [1, 1, 2, 1, 1, 1, 1, 1, 0, 2, 3, 30, 4, 4, 3, 0, 2]}, null, null, 145, false, [], false, 0, [], null, 0, 1744379539.6309218, 0, {}]
[{"0": [2, 0, 4, 4, 3, 35, 37, 43, 2, 4, 2, 3, 1, 0, 0, 3, 1]}, null, null, 146, false, [], false, 0, [], null, 0, 1744379539.8429234, 0, {}]
[{"0": [2, 1, 5, 30, 3, 2, 2, 3, 1, 2, 0, 1, 5, 2, 2, 2, 1]}, null, null, 146, false, [], false, 0, [], null, 0, 1744379540.06679, 0, {}]
[{"0": [3, 31, 33, 26, 33, 44, 33, 29, 25, 32, 37, 28, 31, 28, 29, 27, 34]}, null, null, 147, false, [], false, 0, [], null, 0, 1744379540.2716897, 0, {}]
[{"0": [3, 0, 3, 3, 1, 2, 3, 3, 1, 0, 1, 1, 1, 0, 1, 34, 4]}, null, null, 148, false, [], false, 0, [], null, 0, 1744379540.4905221, 0, {}]
[{"0": [1, 5, 1, 2, 1, 0, 3, 3, 1, 3, 0, 1, 1, 2, 2, 1, 2]}, null, null, 148, false, [], false, 0, [], null, 0, 1744379540.7089572, 0, {}]
[{"0": [1, 2, 3, 27, 4, 1, 1, 3, 0, 2, 5, 2, 1, 3, 2, 4, 3]}, null, null, 149, false, [], false, 0, [], null, 0, 1744379540.9271197, 0, {}]
[{"0": [2, 2, 2, 3, 1, 2, 2, 3, 35, 1, 1, 3, 1, 0, 1, 4, 1]}, null, null, 149, false, [], false, 0, [], null, 0, 1744379541.1515787, 0, {}]
[{"0": [4, 4, 1, 4, 0, 1, 4, 0, 23, 33, 37, 21, 23, 3, 1, 0, 2]}, null, null, 150, true, [], false, 0, [], null, 0, 1744379541.3568032, 0, {}]
