[{"0": [4, 1, 3, 2, 1, 2, 2, 23, 27, 40, 2, 4, 4, 2, 0, 1, 3]}, null, null, 0, false, [], false, 0, [], null, 0, 1744383133.8697395, 0, {}]
[{"0": [2, 2, 2, 1, 1, 1, 0, 1, 1, 1, 3, 2, 1, 1, 2, 25, 20]}, null, null, 1, false, [], false, 0, [], null, 0, 1744383134.114509, 0, {}]
[{"0": [24, 20, 34, 23, 2, 0, 1, 0, 5, 4, 1, 1, 2, 2, 0, 2, 0]}, null, null, 1, false, [], false, 0, [], null, 0, 1744383134.3234196, 0, {}]
[{"0": [2, 1, 5, 1, 2, 4, 1, 4, 4, 1, 27, 27, 28, 28, 2, 1, 2]}, null, null, 2, false, [], false, 0, [], null, 0, 1744383134.527222, 0, {}]
[{"0": [1, 1, 24, 22, 1, 2, 0, 3, 1, 2, 0, 4, 2, 1, 4, 2, 1]}, null, null, 2, false, [], false, 0, [], null, 0, 1744383134.7424228, 0, {}]
[{"0": [1, 2, 0, 5, 3, 2, 1, 1, 1, 4, 26, 24, 22, 22, 30, 24, 22]}, null, null, 3, false, [], false, 0, [], null, 0, 1744383134.9666069, 0, {}]
[{"0": [1, 2, 1, 2, 3, 1, 3, 4, 0, 1, 1, 0, 2, 3, 27, 31, 32]}, null, null, 4, false, [], false, 0, [], null, 0, 1744383135.186599, 0, {}]
[{"0": [0, 0, 1, 0, 1, 3, 1, 3, 1, 24, 33, 32, 35, 30, 25, 3, 4]}, null, null, 4, false, [], false, 0, [], null, 0, 1744383135.410136, 0, {}]
[{"0": [2, 0, 0, 0, 18, 31, 2, 3, 1, 0, 4, 4, 0, 0, 2, 4, 4]}, null, null, 5, false, [], false, 0, [], null, 0, 1744383135.620846, 0, {}]
[{"0": [1, 2, 2, 2, 3, 1, 37, 26, 1, 1, 0, 4, 2, 0, 1, 3, 2]}, null, null, 5, false, [], false, 0, [], null, 0, 1744383135.8337119, 0, {}]
[{"0": [31, 31, 29, 23, 0, 1, 4, 4, 3, 4, 3, 2, 3, 4, 2, 1, 2]}, null, null, 6, false, [], false, 0, [], null, 0, 1744383136.0470028, 0, {}]
[{"0": [1, 1, 2, 3, 2, 2, 3, 1, 1, 1, 1, 3, 1, 1, 25, 0, 0]}, null, null, 7, false, [], false, 0, [], null, 0, 1744383136.2662175, 0, {}]
[{"0": [10, 5, 0, 1, 4, 3, 3, 0, 2, 4, 31, 0, 4, 1, 0, 2, 0]}, null, null, 7, false, [], false, 0, [], null, 0, 1744383136.4833791, 0, {}]
[{"0": [2, 2, 1, 2, 0, 0, 3, 5, 4, 1, 26, 1, 1, 2, 1, 0, 1]}, null, null, 8, false, [], false, 0, [], null, 0, 1744383136.698082, 0, {}]
[{"0": [1, 1, 1, 1, 3, 1, 0, 0, 3, 1, 2, 1, 0, 2, 37, 2, 0]}, null, null, 8, false, [], false, 0, [], null, 0, 1744383136.9119737, 0, {}]
[{"0": [0, 0, 1, 1, 4, 2, 22, 21, 28, 3, 1, 1, 3, 2, 2, 3, 1]}, null, null, 9, false, [], false, 0, [], null, 0, 1744383137.1336625, 0, {}]
[{"0": [2, 3, 2, 0, 1, 2, 1, 2, 2, 1, 2, 2, 0, 0, 25, 20, 22]}, null, null, 10, false, [], false, 0, [], null, 0, 1744383137.3554194, 0, {}]
[{"0": [2, 1, 0, 5, 2, 1, 1, 2, 1, 3, 3, 1, 2, 26, 22, 20, 40]}, null, null, 10, false, [], false, 0, [], null, 0, 1744383137.5635674, 0, {}]
[{"0": [0, 1, 2, 3, 1, 2, 2, 1, 1, 1, 1, 0, 1, 1, 24, 1, 2]}, null, null, 11, false, [], false, 0, [], null, 0, 1744383137.777049, 0, {}]
[{"0": [1, 0, 3, 2, 2, 0, 2, 0, 3, 1, 30, 33, 4, 2, 1, 3, 1]}, null, null, 11, false, [], false, 0, [], null, 0, 1744383138.004734, 0, {}]
[{"0": [30, 2, 1, 0, 0, 3, 2, 2, 1, 3, 2, 1, 2, 0, 7, 1, 3]}, null, null, 12, false, [], false, 0, [], null, 0, 1744383138.2252634, 0, {}]
[{"0": [2, 2, 2, 1, 1, 1, 5, 2, 2, 3, 0, 1, 0, 2, 1, 26, 38]}, null, null, 13, false, [], false, 0, [], null, 0, 1744383138.4414928, 0, {}]
[{"0": [3, 1, 0, 1, 2, 36, 21, 34, 26, 3, 2, 0, 4, 0, 1, 2, 3]}, null, null, 13, false, [], false, 0, [], null, 0, 1744383138.6435707, 0, {}]
[{"0": [0, 3, 1, 1, 2, 2, 0, 1, 2, 3, 32, 28, 0, 2, 1, 1, 3]}, null, null, 14, false, [], false, 0, [], null, 0, 1744383138.8719754, 0, {}]
[{"0": [5, 1, 0, 4, 0, 2, 5, 2, 2, 7, 1, 1, 1, 1, 24, 30, 33]}, null, null, 14, false, [], false, 0, [], null, 0, 1744383139.0861673, 0, {}]
[{"0": [31, 1, 2, 5, 2, 4, 1, 0, 2, 1, 1, 2, 0, 0, 2, 3, 4]}, null, null, 15, false, [], false, 0, [], null, 0, 1744383139.311312, 0, {}]
[{"0": [2, 0, 5, 1, 3, 4, 2, 1, 0, 1, 26, 36, 30, 29, 28, 6, 1]}, null, null, 16, false, [], false, 0, [], null, 0, 1744383139.5156057, 0, {}]
[{"0": [2, 0, 0, 38, 21, 23, 20, 22, 30, 28, 32, 27, 1, 1, 2, 3, 1]}, null, null, 16, false, [], false, 0, [], null, 0, 1744383139.7420094, 0, {}]
[{"0": [0, 1, 3, 2, 2, 2, 3, 3, 0, 0, 1, 35, 27, 34, 24, 1, 3]}, null, null, 17, false, [], false, 0, [], null, 0, 1744383139.9465537, 0, {}]
[{"0": [2, 3, 24, 27, 27, 30, 1, 0, 3, 3, 2, 3, 1, 1, 0, 0, 1]}, null, null, 17, false, [], false, 0, [], null, 0, 1744383140.1778476, 0, {}]
[{"0": [2, 2, 2, 1, 4, 1, 8, 0, 19, 22, 36, 2, 3, 0, 3, 1, 0]}, null, null, 18, false, [], false, 0, [], null, 0, 1744383140.3791144, 0, {}]
[{"0": [0, 1, 1, 3, 0, 2, 1, 38, 32, 37, 20, 3, 2, 1, 1, 2, 2]}, null, null, 19, false, [], false, 0, [], null, 0, 1744383140.6005588, 0, {}]
[{"0": [0, 1, 3, 1, 2, 1, 2, 1, 4, 3, 2, 0, 1, 31, 27, 39, 36]}, null, null, 19, false, [], false, 0, [], null, 0, 1744383140.8217363, 0, {}]
[{"0": [1, 5, 2, 2, 0, 2, 0, 1, 2, 2, 2, 0, 30, 21, 29, 30, 41]}, null, null, 20, false, [], false, 0, [], null, 0, 1744383141.0326738, 0, {}]
[{"0": [1, 2, 5, 1, 4, 2, 2, 32, 28, 29, 27, 22, 25, 25, 26, 32, 27]}, null, null, 20, false, [], false, 0, [], null, 0, 1744383141.2598789, 0, {}]
[{"0": [2, 2, 3, 2, 1, 1, 2, 3, 2, 5, 3, 2, 23, 23, 29, 30, 31]}, null, null, 21, false, [], false, 0, [], null, 0, 1744383141.4611056, 0, {}]
[{"0": [3, 4, 1, 1, 2, 4, 2, 0, 3, 0, 2, 2, 2, 21, 42, 29, 25]}, null, null, 22, false, [], false, 0, [], null, 0, 1744383141.6933134, 0, {}]
[{"0": [1, 2, 2, 1, 2, 3, 0, 38, 4, 1, 0, 0, 2, 1, 1, 2, 3]}, null, null, 22, false, [], false, 0, [], null, 0, 1744383141.898231, 0, {}]
[{"0": [4, 1, 2, 1, 4, 2, 1, 1, 2, 0, 1, 25, 31, 22, 32, 38, 1]}, null, null, 23, false, [], false, 0, [], null, 0, 1744383142.1225023, 0, {}]
[{"0": [0, 4, 1, 2, 1, 0, 2, 3, 1, 1, 2, 0, 20, 22, 30, 23, 36]}, null, null, 23, false, [], false, 0, [], null, 0, 1744383142.3411944, 0, {}]
[{"0": [1, 5, 2, 4, 2, 1, 1, 2, 4, 5, 1, 19, 29, 34, 21, 27, 32]}, null, null, 24, false, [], false, 0, [], null, 0, 1744383142.540021, 0, {}]
[{"0": [2, 1, 1, 1, 2, 1, 1, 25, 29, 21, 23, 2, 2, 2, 0, 3, 1]}, null, null, 25, false, [], false, 0, [], null, 0, 1744383142.763352, 0, {}]
[{"0": [6, 5, 2, 1, 1, 1, 0, 1, 2, 1, 2, 2, 26, 23, 32, 36, 26]}, null, null, 25, false, [], false, 0, [], null, 0, 1744383142.9830632, 0, {}]
[{"0": [3, 2, 2, 3, 1, 2, 3, 23, 14, 32, 2, 2, 0, 0, 2, 2, 2]}, null, null, 26, false, [], false, 0, [], null, 0, 1744383143.210567, 0, {}]
[{"0": [4, 4, 0, 2, 3, 3, 1, 1, 0, 5, 1, 1, 3, 1, 1, 3, 2]}, null, null, 27, false, [], false, 0, [], null, 0, 1744383143.4298568, 0, {}]
[{"0": [3, 1, 0, 2, 2, 1, 0, 2, 1, 2, 1, 0, 2, 23, 27, 1, 2]}, null, null, 27, false, [], false, 0, [], null, 0, 1744383143.6490269, 0, {}]
[{"0": [1, 1, 5, 2, 2, 33, 27, 40, 42, 28, 32, 21, 31, 27, 24, 26, 24]}, null, null, 28, false, [], false, 0, [], null, 0, 1744383143.8528202, 0, {}]
[{"0": [14, 18, 20, 35, 29, 0, 1, 3, 3, 2, 2, 2, 2, 1, 1, 1, 1]}, null, null, 28, false, [], false, 0, [], null, 0, 1744383144.072125, 0, {}]
[{"0": [2, 2, 5, 1, 1, 2, 1, 2, 2, 2, 1, 30, 30, 19, 28, 26, 23]}, null, null, 29, false, [], false, 0, [], null, 0, 1744383144.2840538, 0, {}]
[{"0": [0, 0, 0, 2, 3, 2, 0, 1, 3, 0, 4, 2, 1, 0, 4, 2, 3]}, null, null, 30, false, [], false, 0, [], null, 0, 1744383144.489368, 0, {}]
[{"0": [4, 3, 3, 37, 0, 2, 1, 2, 3, 1, 0, 2, 3, 4, 2, 3, 1]}, null, null, 30, false, [], false, 0, [], null, 0, 1744383144.7177641, 0, {}]
[{"0": [2, 3, 2, 1, 2, 0, 2, 1, 1, 5, 36, 1, 2, 2, 3, 2, 1]}, null, null, 31, false, [], false, 0, [], null, 0, 1744383144.9305408, 0, {}]
[{"0": [3, 1, 1, 2, 1, 2, 3, 4, 20, 35, 36, 22, 36, 33, 34, 4, 0]}, null, null, 31, false, [], false, 0, [], null, 0, 1744383145.1456652, 0, {}]
[{"0": [26, 37, 26, 18, 28, 19, 5, 0, 2, 4, 1, 2, 4, 0, 1, 1, 3]}, null, null, 32, false, [], false, 0, [], null, 0, 1744383145.359328, 0, {}]
[{"0": [4, 4, 0, 0, 1, 0, 1, 0, 0, 0, 1, 19, 23, 32, 30, 27, 19]}, null, null, 33, false, [], false, 0, [], null, 0, 1744383145.580106, 0, {}]
[{"0": [0, 1, 3, 0, 1, 6, 1, 0, 1, 0, 9, 1, 1, 1, 5, 23, 23]}, null, null, 33, false, [], false, 0, [], null, 0, 1744383145.8052487, 0, {}]
[{"0": [20, 26, 2, 4, 3, 2, 5, 1, 0, 0, 1, 2, 1, 1, 0, 4, 8]}, null, null, 34, false, [], false, 0, [], null, 0, 1744383146.0095875, 0, {}]
[{"0": [1, 4, 0, 4, 29, 33, 29, 1, 1, 2, 7, 7, 3, 4, 3, 5, 1]}, null, null, 34, false, [], false, 0, [], null, 0, 1744383146.227036, 0, {}]
[{"0": [1, 1, 3, 3, 0, 2, 0, 1, 1, 2, 2, 4, 1, 33, 28, 24, 2]}, null, null, 35, false, [], false, 0, [], null, 0, 1744383146.4453769, 0, {}]
[{"0": [2, 2, 4, 2, 1, 1, 1, 1, 0, 0, 2, 0, 2, 2, 2, 3, 3]}, null, null, 36, false, [], false, 0, [], null, 0, 1744383146.6672513, 0, {}]
[{"0": [1, 2, 1, 3, 1, 3, 0, 27, 22, 2, 5, 0, 3, 3, 4, 0, 1]}, null, null, 36, false, [], false, 0, [], null, 0, 1744383146.8799448, 0, {}]
[{"0": [4, 3, 27, 22, 25, 3, 2, 5, 0, 1, 1, 0, 0, 2, 0, 1, 2]}, null, null, 37, false, [], false, 0, [], null, 0, 1744383147.1100605, 0, {}]
[{"0": [3, 2, 26, 23, 30, 25, 26, 19, 33, 32, 2, 0, 5, 2, 1, 1, 1]}, null, null, 37, false, [], false, 0, [], null, 0, 1744383147.315374, 0, {}]
[{"0": [2, 2, 1, 0, 1, 2, 1, 2, 3, 3, 3, 2, 1, 6, 1, 25, 21]}, null, null, 38, false, [], false, 0, [], null, 0, 1744383147.5353904, 0, {}]
[{"0": [2, 4, 1, 3, 0, 0, 2, 2, 0, 18, 1, 2, 1, 2, 1, 2, 3]}, null, null, 39, false, [], false, 0, [], null, 0, 1744383147.7510083, 0, {}]
[{"0": [4, 3, 1, 0, 2, 27, 36, 16, 26, 28, 0, 0, 4, 1, 0, 1, 2]}, null, null, 39, false, [], false, 0, [], null, 0, 1744383147.9666266, 0, {}]
[{"0": [1, 4, 1, 0, 0, 4, 4, 2, 20, 2, 4, 1, 2, 2, 3, 3, 1]}, null, null, 40, false, [], false, 0, [], null, 0, 1744383148.1863077, 0, {}]
[{"0": [0, 4, 1, 1, 0, 0, 31, 21, 26, 24, 40, 26, 28, 26, 26, 21, 30]}, null, null, 40, false, [], false, 0, [], null, 0, 1744383148.3888059, 0, {}]
[{"0": [0, 4, 0, 1, 1, 1, 2, 3, 1, 1, 4, 0, 1, 1, 24, 16, 33]}, null, null, 41, false, [], false, 0, [], null, 0, 1744383148.6141043, 0, {}]
[{"0": [1, 1, 0, 1, 24, 26, 27, 32, 22, 25, 18, 27, 2, 2, 2, 1, 0]}, null, null, 42, false, [], false, 0, [], null, 0, 1744383148.8311555, 0, {}]
[{"0": [2, 0, 0, 3, 3, 3, 3, 2, 3, 0, 2, 0, 25, 24, 29, 25, 36]}, null, null, 42, false, [], false, 0, [], null, 0, 1744383149.0473127, 0, {}]
[{"0": [2, 1, 5, 4, 27, 33, 30, 2, 2, 5, 0, 2, 1, 3, 2, 1, 1]}, null, null, 43, false, [], false, 0, [], null, 0, 1744383149.274184, 0, {}]
[{"0": [2, 3, 0, 2, 1, 0, 1, 2, 3, 2, 1, 5, 23, 3, 2, 3, 2]}, null, null, 43, false, [], false, 0, [], null, 0, 1744383149.491495, 0, {}]
[{"0": [1, 0, 2, 5, 3, 1, 1, 0, 2, 1, 4, 3, 3, 2, 3, 2, 0]}, null, null, 44, false, [], false, 0, [], null, 0, 1744383149.6939204, 0, {}]
[{"0": [4, 1, 2, 1, 2, 2, 0, 2, 0, 0, 2, 1, 22, 1, 2, 1, 3]}, null, null, 45, false, [], false, 0, [], null, 0, 1744383149.9154677, 0, {}]
[{"0": [5, 4, 0, 0, 2, 5, 2, 2, 0, 6, 6, 3, 2, 1, 0, 3, 27]}, null, null, 45, false, [], false, 0, [], null, 0, 1744383150.1227107, 0, {}]
[{"0": [3, 0, 4, 3, 3, 1, 26, 3, 1, 3, 1, 5, 1, 3, 2, 1, 4]}, null, null, 46, false, [], false, 0, [], null, 0, 1744383150.3549137, 0, {}]
[{"0": [2, 0, 1, 1, 1, 5, 24, 28, 30, 1, 0, 1, 1, 2, 0, 0, 2]}, null, null, 46, false, [], false, 0, [], null, 0, 1744383150.56929, 0, {}]
[{"0": [1, 1, 3, 1, 2, 17, 4, 1, 2, 5, 3, 1, 1, 1, 1, 2, 2]}, null, null, 47, false, [], false, 0, [], null, 0, 1744383150.777127, 0, {}]
[{"0": [1, 6, 0, 5, 3, 3, 4, 2, 3, 7, 33, 32, 25, 22, 33, 0, 2]}, null, null, 48, false, [], false, 0, [], null, 0, 1744383150.997481, 0, {}]
[{"0": [4, 1, 1, 1, 22, 3, 4, 1, 1, 2, 2, 2, 2, 3, 2, 3, 5]}, null, null, 48, false, [], false, 0, [], null, 0, 1744383151.221629, 0, {}]
[{"0": [0, 1, 1, 2, 1, 2, 33, 31, 24, 34, 4, 2, 0, 2, 1, 0, 4]}, null, null, 49, false, [], false, 0, [], null, 0, 1744383151.4413977, 0, {}]
[{"0": [35, 31, 29, 16, 28, 34, 0, 1, 0, 2, 1, 2, 3, 2, 3, 5, 1]}, null, null, 49, false, [], false, 0, [], null, 0, 1744383151.641727, 0, {}]
[{"0": [2, 2, 1, 1, 26, 24, 31, 20, 19, 26, 2, 2, 1, 2, 2, 1, 4]}, null, null, 50, false, [], false, 0, [], null, 0, 1744383151.8733122, 0, {}]
[{"0": [2, 2, 2, 1, 1, 1, 0, 1, 3, 1, 0, 2, 3, 1, 30, 36, 35]}, null, null, 51, false, [], false, 0, [], null, 0, 1744383152.0798004, 0, {}]
[{"0": [4, 3, 1, 0, 4, 3, 1, 2, 1, 4, 2, 24, 18, 29, 31, 28, 35]}, null, null, 51, false, [], false, 0, [], null, 0, 1744383152.29436, 0, {}]
[{"0": [1, 3, 3, 2, 1, 3, 0, 2, 4, 0, 2, 29, 28, 2, 3, 0, 2]}, null, null, 52, false, [], false, 0, [], null, 0, 1744383152.5174832, 0, {}]
[{"0": [2, 1, 4, 1, 3, 2, 0, 1, 4, 1, 29, 3, 0, 4, 1, 4, 2]}, null, null, 52, false, [], false, 0, [], null, 0, 1744383152.74035, 0, {}]
[{"0": [2, 0, 0, 2, 3, 1, 1, 3, 5, 0, 34, 2, 1, 1, 0, 0, 1]}, null, null, 53, false, [], false, 0, [], null, 0, 1744383152.9464164, 0, {}]
[{"0": [1, 1, 1, 3, 0, 3, 30, 31, 1, 3, 2, 2, 4, 0, 3, 1, 1]}, null, null, 54, false, [], false, 0, [], null, 0, 1744383153.1529524, 0, {}]
[{"0": [3, 4, 3, 31, 35, 29, 20, 28, 30, 29, 1, 0, 3, 0, 2, 2, 3]}, null, null, 54, false, [], false, 0, [], null, 0, 1744383153.3832378, 0, {}]
[{"0": [0, 1, 3, 2, 1, 3, 5, 1, 1, 3, 2, 5, 4, 0, 2, 34, 29]}, null, null, 55, false, [], false, 0, [], null, 0, 1744383153.5952933, 0, {}]
[{"0": [3, 1, 1, 32, 1, 4, 2, 1, 0, 3, 2, 3, 1, 3, 1, 4, 2]}, null, null, 55, false, [], false, 0, [], null, 0, 1744383153.81159, 0, {}]
[{"0": [2, 1, 2, 0, 3, 3, 2, 1, 0, 4, 5, 3, 1, 0, 23, 28, 26]}, null, null, 56, false, [], false, 0, [], null, 0, 1744383154.031337, 0, {}]
[{"0": [34, 27, 24, 28, 21, 30, 23, 38, 28, 43, 0, 2, 4, 1, 2, 6, 0]}, null, null, 57, false, [], false, 0, [], null, 0, 1744383154.242795, 0, {}]
[{"0": [2, 1, 0, 2, 4, 4, 1, 1, 0, 3, 0, 3, 3, 1, 2, 3, 24]}, null, null, 57, false, [], false, 0, [], null, 0, 1744383154.472903, 0, {}]
[{"0": [0, 2, 1, 2, 2, 0, 3, 2, 2, 2, 27, 31, 29, 21, 25, 2, 0]}, null, null, 58, false, [], false, 0, [], null, 0, 1744383154.6750605, 0, {}]
[{"0": [0, 2, 2, 3, 3, 5, 2, 1, 1, 0, 0, 3, 2, 2, 3, 4, 3]}, null, null, 58, false, [], false, 0, [], null, 0, 1744383154.8893938, 0, {}]
[{"0": [1, 4, 1, 2, 3, 2, 5, 29, 26, 33, 20, 1, 2, 1, 3, 5, 4]}, null, null, 59, false, [], false, 0, [], null, 0, 1744383155.1149597, 0, {}]
[{"0": [1, 3, 4, 5, 4, 1, 0, 3, 1, 2, 24, 28, 22, 30, 32, 26, 32]}, null, null, 60, false, [], false, 0, [], null, 0, 1744383155.3325653, 0, {}]
[{"0": [2, 2, 1, 1, 4, 4, 36, 26, 30, 27, 1, 4, 3, 3, 1, 1, 5]}, null, null, 60, false, [], false, 0, [], null, 0, 1744383155.5508192, 0, {}]
[{"0": [2, 2, 2, 1, 2, 36, 34, 35, 1, 0, 2, 1, 3, 2, 0, 2, 3]}, null, null, 61, false, [], false, 0, [], null, 0, 1744383155.7702842, 0, {}]
[{"0": [2, 0, 1, 1, 1, 4, 2, 34, 25, 27, 26, 32, 35, 23, 34, 21, 32]}, null, null, 61, false, [], false, 0, [], null, 0, 1744383155.982985, 0, {}]
[{"0": [0, 0, 2, 2, 25, 39, 30, 4, 2, 2, 3, 4, 2, 2, 1, 3, 1]}, null, null, 62, false, [], false, 0, [], null, 0, 1744383156.1891904, 0, {}]
[{"0": [3, 2, 3, 2, 6, 28, 29, 39, 21, 19, 23, 23, 1, 0, 3, 0, 3]}, null, null, 63, false, [], false, 0, [], null, 0, 1744383156.4068425, 0, {}]
[{"0": [1, 2, 30, 27, 30, 26, 23, 27, 37, 2, 2, 3, 1, 3, 3, 1, 0]}, null, null, 63, false, [], false, 0, [], null, 0, 1744383156.627368, 0, {}]
[{"0": [1, 1, 3, 2, 2, 2, 3, 21, 2, 3, 0, 1, 2, 3, 2, 1, 5]}, null, null, 64, false, [], false, 0, [], null, 0, 1744383156.8497014, 0, {}]
[{"0": [4, 1, 1, 1, 1, 0, 1, 3, 3, 20, 28, 23, 26, 28, 24, 29, 36]}, null, null, 64, false, [], false, 0, [], null, 0, 1744383157.0595584, 0, {}]
[{"0": [4, 4, 3, 2, 3, 1, 3, 3, 2, 0, 0, 1, 0, 0, 6, 24, 29]}, null, null, 65, false, [], false, 0, [], null, 0, 1744383157.2872174, 0, {}]
[{"0": [0, 3, 3, 4, 0, 0, 1, 4, 3, 0, 25, 42, 26, 25, 28, 31, 31]}, null, null, 66, false, [], false, 0, [], null, 0, 1744383157.4911697, 0, {}]
[{"0": [0, 1, 34, 38, 3, 3, 1, 3, 2, 3, 1, 1, 0, 0, 3, 0, 2]}, null, null, 66, false, [], false, 0, [], null, 0, 1744383157.720896, 0, {}]
[{"0": [1, 3, 3, 3, 1, 2, 2, 2, 1, 3, 28, 3, 3, 2, 3, 0, 3]}, null, null, 67, false, [], false, 0, [], null, 0, 1744383157.9367642, 0, {}]
[{"0": [3, 2, 4, 1, 1, 3, 1, 22, 27, 21, 1, 1, 3, 2, 0, 1, 2]}, null, null, 67, false, [], false, 0, [], null, 0, 1744383158.141137, 0, {}]
[{"0": [1, 5, 3, 3, 1, 2, 28, 28, 27, 20, 24, 29, 29, 28, 27, 1, 1]}, null, null, 68, false, [], false, 0, [], null, 0, 1744383158.3696365, 0, {}]
[{"0": [2, 1, 2, 1, 1, 2, 5, 0, 1, 3, 0, 1, 2, 0, 3, 2, 0]}, null, null, 69, false, [], false, 0, [], null, 0, 1744383158.5844555, 0, {}]
[{"0": [2, 2, 1, 1, 1, 0, 24, 36, 34, 36, 1, 1, 2, 1, 2, 7, 3]}, null, null, 69, false, [], false, 0, [], null, 0, 1744383158.796777, 0, {}]
[{"0": [2, 1, 3, 2, 1, 4, 0, 4, 1, 2, 1, 1, 1, 31, 30, 1, 1]}, null, null, 70, false, [], false, 0, [], null, 0, 1744383159.0166848, 0, {}]
[{"0": [2, 3, 5, 1, 0, 1, 1, 6, 1, 27, 15, 34, 27, 0, 1, 2, 2]}, null, null, 70, false, [], false, 0, [], null, 0, 1744383159.2383275, 0, {}]
[{"0": [1, 2, 1, 0, 3, 1, 1, 0, 4, 23, 1, 1, 2, 2, 3, 6, 2]}, null, null, 71, false, [], false, 0, [], null, 0, 1744383159.4376256, 0, {}]
[{"0": [35, 2, 1, 2, 4, 2, 3, 1, 0, 3, 3, 4, 7, 1, 1, 2, 1]}, null, null, 72, false, [], false, 0, [], null, 0, 1744383159.663973, 0, {}]
[{"0": [24, 37, 1, 2, 0, 1, 2, 3, 1, 1, 0, 5, 1, 2, 1, 4, 4]}, null, null, 72, false, [], false, 0, [], null, 0, 1744383159.8773835, 0, {}]
[{"0": [2, 3, 3, 5, 0, 2, 3, 0, 2, 1, 2, 1, 28, 33, 32, 24, 34]}, null, null, 73, false, [], false, 0, [], null, 0, 1744383160.086743, 0, {}]
[{"0": [1, 1, 1, 2, 2, 1, 24, 23, 27, 33, 30, 0, 2, 3, 2, 4, 0]}, null, null, 73, false, [], false, 0, [], null, 0, 1744383160.3098834, 0, {}]
[{"0": [2, 2, 3, 6, 2, 3, 4, 1, 40, 30, 31, 35, 31, 28, 29, 22, 29]}, null, null, 74, false, [], false, 0, [], null, 0, 1744383160.5352774, 0, {}]
[{"0": [3, 1, 22, 35, 0, 1, 4, 1, 2, 1, 1, 6, 3, 0, 1, 1, 0]}, null, null, 75, false, [], false, 0, [], null, 0, 1744383160.7461615, 0, {}]
[{"0": [2, 2, 23, 30, 21, 27, 2, 1, 1, 2, 1, 2, 1, 1, 2, 0, 1]}, null, null, 75, false, [], false, 0, [], null, 0, 1744383160.9618793, 0, {}]
[{"0": [0, 1, 1, 0, 1, 3, 0, 1, 3, 3, 1, 2, 1, 3, 17, 28, 21]}, null, null, 76, false, [], false, 0, [], null, 0, 1744383161.1776865, 0, {}]
[{"0": [3, 8, 4, 2, 3, 29, 0, 0, 3, 2, 1, 2, 4, 1, 2, 1, 3]}, null, null, 77, false, [], false, 0, [], null, 0, 1744383161.3910825, 0, {}]
[{"0": [0, 0, 1, 2, 1, 26, 27, 0, 3, 5, 4, 2, 2, 2, 2, 2, 1]}, null, null, 77, false, [], false, 0, [], null, 0, 1744383161.6102366, 0, {}]
[{"0": [2, 0, 0, 2, 1, 2, 2, 0, 0, 3, 1, 0, 2, 27, 25, 34, 27]}, null, null, 78, false, [], false, 0, [], null, 0, 1744383161.8347769, 0, {}]
[{"0": [1, 0, 3, 2, 1, 3, 1, 0, 2, 2, 3, 2, 1, 1, 1, 4, 2]}, null, null, 78, false, [], false, 0, [], null, 0, 1744383162.0377712, 0, {}]
[{"0": [4, 2, 6, 0, 2, 1, 2, 1, 1, 1, 0, 2, 23, 27, 19, 18, 16]}, null, null, 79, false, [], false, 0, [], null, 0, 1744383162.2569926, 0, {}]
[{"0": [0, 2, 0, 1, 0, 3, 4, 22, 31, 32, 25, 33, 31, 24, 27, 1, 2]}, null, null, 80, false, [], false, 0, [], null, 0, 1744383162.4795494, 0, {}]
[{"0": [2, 6, 0, 4, 3, 3, 2, 2, 2, 1, 1, 1, 2, 5, 25, 36, 24]}, null, null, 80, false, [], false, 0, [], null, 0, 1744383162.6942923, 0, {}]
[{"0": [4, 19, 2, 2, 2, 2, 1, 1, 4, 2, 1, 1, 4, 2, 1, 3, 5]}, null, null, 81, false, [], false, 0, [], null, 0, 1744383162.9157288, 0, {}]
[{"0": [1, 2, 1, 2, 6, 3, 0, 0, 3, 3, 0, 2, 3, 0, 2, 27, 46]}, null, null, 81, false, [], false, 0, [], null, 0, 1744383163.1180687, 0, {}]
[{"0": [2, 4, 22, 30, 34, 5, 2, 0, 3, 2, 4, 1, 4, 1, 4, 1, 2]}, null, null, 82, false, [], false, 0, [], null, 0, 1744383163.3331852, 0, {}]
[{"0": [1, 4, 1, 3, 0, 3, 2, 1, 0, 2, 2, 3, 2, 1, 1, 38, 0]}, null, null, 83, false, [], false, 0, [], null, 0, 1744383163.5523825, 0, {}]
[{"0": [1, 3, 2, 1, 2, 1, 2, 2, 5, 1, 2, 4, 2, 1, 28, 35, 23]}, null, null, 83, false, [], false, 0, [], null, 0, 1744383163.769698, 0, {}]
[{"0": [6, 3, 1, 1, 1, 1, 2, 1, 0, 0, 23, 0, 2, 4, 1, 2, 0]}, null, null, 84, false, [], false, 0, [], null, 0, 1744383163.9851694, 0, {}]
[{"0": [1, 0, 0, 2, 1, 2, 1, 3, 2, 1, 3, 1, 2, 3, 3, 31, 19]}, null, null, 84, false, [], false, 0, [], null, 0, 1744383164.2166314, 0, {}]
[{"0": [2, 1, 0, 2, 0, 0, 1, 4, 5, 0, 2, 1, 2, 1, 2, 36, 1]}, null, null, 85, false, [], false, 0, [], null, 0, 1744383164.430188, 0, {}]
[{"0": [3, 4, 0, 1, 1, 0, 1, 6, 3, 2, 4, 2, 1, 1, 0, 1, 0]}, null, null, 86, false, [], false, 0, [], null, 0, 1744383164.6495345, 0, {}]
[{"0": [5, 2, 2, 3, 0, 1, 1, 3, 2, 0, 0, 2, 2, 0, 26, 23, 32]}, null, null, 86, false, [], false, 0, [], null, 0, 1744383164.8602235, 0, {}]
[{"0": [4, 1, 0, 0, 1, 2, 4, 3, 1, 1, 1, 2, 1, 2, 0, 27, 4]}, null, null, 87, false, [], false, 0, [], null, 0, 1744383165.0804372, 0, {}]
[{"0": [0, 2, 1, 1, 1, 3, 20, 2, 1, 1, 1, 1, 1, 0, 2, 2, 4]}, null, null, 87, false, [], false, 0, [], null, 0, 1744383165.2910702, 0, {}]
[{"0": [0, 0, 3, 2, 3, 1, 3, 2, 1, 1, 2, 3, 22, 25, 20, 2, 0]}, null, null, 88, false, [], false, 0, [], null, 0, 1744383165.5085807, 0, {}]
[{"0": [4, 2, 1, 0, 4, 2, 1, 1, 2, 0, 4, 1, 0, 2, 2, 3, 1]}, null, null, 89, false, [], false, 0, [], null, 0, 1744383165.7302094, 0, {}]
[{"0": [1, 2, 23, 23, 22, 34, 1, 6, 3, 4, 2, 0, 3, 3, 0, 5, 3]}, null, null, 89, false, [], false, 0, [], null, 0, 1744383165.9443078, 0, {}]
[{"0": [5, 1, 1, 2, 2, 1, 2, 1, 1, 2, 0, 2, 1, 2, 22, 28, 31]}, null, null, 90, false, [], false, 0, [], null, 0, 1744383166.1550732, 0, {}]
[{"0": [0, 2, 1, 1, 0, 2, 2, 5, 4, 4, 3, 2, 28, 22, 36, 19, 28]}, null, null, 90, false, [], false, 0, [], null, 0, 1744383166.3832219, 0, {}]
[{"0": [0, 4, 3, 3, 1, 1, 1, 1, 0, 2, 0, 1, 2, 4, 1, 3, 3]}, null, null, 91, false, [], false, 0, [], null, 0, 1744383166.599896, 0, {}]
[{"0": [4, 5, 1, 1, 1, 2, 3, 1, 23, 28, 4, 5, 0, 1, 3, 4, 1]}, null, null, 92, false, [], false, 0, [], null, 0, 1744383166.8136566, 0, {}]
[{"0": [1, 2, 1, 2, 2, 0, 2, 5, 1, 2, 1, 4, 5, 3, 32, 1, 3]}, null, null, 92, false, [], false, 0, [], null, 0, 1744383167.022351, 0, {}]
[{"0": [3, 0, 4, 3, 1, 2, 1, 0, 2, 0, 0, 2, 0, 2, 18, 28, 42]}, null, null, 93, false, [], false, 0, [], null, 0, 1744383167.2413495, 0, {}]
[{"0": [3, 3, 3, 2, 0, 3, 3, 1, 1, 3, 2, 4, 0, 1, 2, 24, 32]}, null, null, 93, false, [], false, 0, [], null, 0, 1744383167.449305, 0, {}]
[{"0": [0, 0, 0, 26, 22, 1, 5, 2, 0, 1, 1, 3, 0, 4, 1, 4, 1]}, null, null, 94, false, [], false, 0, [], null, 0, 1744383167.6800737, 0, {}]
[{"0": [0, 1, 1, 1, 2, 0, 3, 2, 6, 1, 24, 24, 21, 28, 20, 27, 29]}, null, null, 95, false, [], false, 0, [], null, 0, 1744383167.8972793, 0, {}]
[{"0": [1, 1, 0, 4, 1, 2, 0, 1, 0, 2, 1, 3, 25, 20, 23, 28, 20]}, null, null, 95, false, [], false, 0, [], null, 0, 1744383168.1108305, 0, {}]
[{"0": [0, 3, 2, 2, 22, 29, 21, 0, 0, 2, 1, 1, 5, 0, 2, 5, 5]}, null, null, 96, false, [], false, 0, [], null, 0, 1744383168.3170407, 0, {}]
[{"0": [3, 0, 3, 2, 1, 0, 3, 2, 0, 1, 3, 1, 3, 1, 1, 28, 25]}, null, null, 96, false, [], false, 0, [], null, 0, 1744383168.5318754, 0, {}]
[{"0": [0, 0, 1, 2, 2, 1, 2, 4, 3, 2, 1, 3, 2, 2, 2, 2, 3]}, null, null, 97, false, [], false, 0, [], null, 0, 1744383168.7607734, 0, {}]
[{"0": [1, 4, 1, 3, 2, 2, 1, 2, 4, 0, 1, 2, 2, 2, 2, 0, 1]}, null, null, 98, false, [], false, 0, [], null, 0, 1744383168.979117, 0, {}]
[{"0": [17, 38, 0, 1, 5, 2, 0, 2, 5, 3, 0, 2, 3, 2, 2, 2, 3]}, null, null, 98, false, [], false, 0, [], null, 0, 1744383169.1852133, 0, {}]
[{"0": [23, 22, 1, 0, 1, 6, 3, 1, 1, 2, 3, 0, 3, 2, 1, 2, 3]}, null, null, 99, false, [], false, 0, [], null, 0, 1744383169.4009252, 0, {}]
[{"0": [4, 2, 4, 2, 2, 7, 0, 3, 27, 0, 1, 3, 1, 2, 5, 4, 1]}, null, null, 99, false, [], false, 0, [], null, 0, 1744383169.6270227, 0, {}]
[{"0": [0, 1, 1, 4, 4, 1, 2, 22, 1, 1, 0, 3, 1, 1, 3, 4, 1]}, null, null, 100, false, [], false, 0, [], null, 0, 1744383169.8442025, 0, {}]
[{"0": [2, 0, 0, 3, 1, 4, 0, 0, 2, 1, 1, 1, 3, 1, 0, 22, 28]}, null, null, 101, false, [], false, 0, [], null, 0, 1744383170.0608578, 0, {}]
[{"0": [2, 5, 2, 2, 1, 0, 0, 30, 0, 2, 1, 1, 2, 3, 1, 3, 0]}, null, null, 101, false, [], false, 0, [], null, 0, 1744383170.2654388, 0, {}]
[{"0": [2, 1, 1, 6, 2, 2, 1, 2, 2, 1, 3, 2, 4, 0, 1, 28, 22]}, null, null, 102, false, [], false, 0, [], null, 0, 1744383170.4847639, 0, {}]
[{"0": [3, 1, 29, 28, 25, 29, 29, 22, 0, 1, 4, 1, 2, 1, 2, 2, 1]}, null, null, 102, false, [], false, 0, [], null, 0, 1744383170.701463, 0, {}]
[{"0": [0, 1, 1, 0, 2, 2, 3, 23, 24, 21, 30, 32, 22, 24, 31, 19, 32]}, null, null, 103, false, [], false, 0, [], null, 0, 1744383170.9368954, 0, {}]
[{"0": [5, 3, 1, 2, 2, 3, 3, 5, 22, 30, 31, 22, 29, 23, 0, 2, 5]}, null, null, 104, false, [], false, 0, [], null, 0, 1744383171.140139, 0, {}]
[{"0": [2, 0, 1, 3, 3, 0, 24, 25, 2, 2, 1, 3, 1, 1, 0, 2, 2]}, null, null, 104, false, [], false, 0, [], null, 0, 1744383171.3563473, 0, {}]
[{"0": [1, 4, 2, 7, 1, 1, 0, 2, 1, 5, 0, 0, 0, 28, 1, 3, 1]}, null, null, 105, false, [], false, 0, [], null, 0, 1744383171.5780725, 0, {}]
[{"0": [26, 29, 28, 29, 21, 4, 1, 2, 4, 3, 0, 2, 2, 1, 1, 2, 0]}, null, null, 105, false, [], false, 0, [], null, 0, 1744383171.7864478, 0, {}]
[{"0": [3, 1, 3, 3, 0, 2, 1, 3, 1, 3, 28, 4, 3, 3, 2, 1, 3]}, null, null, 106, false, [], false, 0, [], null, 0, 1744383172.003245, 0, {}]
[{"0": [2, 1, 1, 4, 3, 2, 27, 1, 0, 1, 1, 2, 3, 2, 2, 2, 1]}, null, null, 107, false, [], false, 0, [], null, 0, 1744383172.2250195, 0, {}]
[{"0": [1, 1, 1, 1, 1, 3, 17, 27, 17, 21, 26, 36, 23, 2, 3, 0, 2]}, null, null, 107, false, [], false, 0, [], null, 0, 1744383172.4410057, 0, {}]
[{"0": [3, 1, 2, 2, 3, 1, 1, 1, 2, 0, 2, 3, 26, 3, 0, 2, 1]}, null, null, 108, false, [], false, 0, [], null, 0, 1744383172.6484346, 0, {}]
[{"0": [0, 0, 5, 2, 3, 1, 0, 3, 0, 33, 38, 34, 31, 29, 28, 39, 27]}, null, null, 108, false, [], false, 0, [], null, 0, 1744383172.8828819, 0, {}]
[{"0": [3, 4, 0, 0, 1, 2, 2, 3, 3, 2, 2, 0, 2, 2, 0, 27, 24]}, null, null, 109, false, [], false, 0, [], null, 0, 1744383173.0855994, 0, {}]
[{"0": [0, 5, 2, 1, 1, 25, 21, 33, 27, 2, 1, 1, 0, 1, 0, 3, 0]}, null, null, 110, false, [], false, 0, [], null, 0, 1744383173.3061192, 0, {}]
[{"0": [5, 1, 5, 1, 2, 1, 1, 3, 4, 25, 29, 26, 25, 27, 43, 22, 21]}, null, null, 110, false, [], false, 0, [], null, 0, 1744383173.512465, 0, {}]
[{"0": [3, 4, 2, 3, 0, 0, 4, 1, 2, 1, 1, 2, 2, 1, 5, 23, 2]}, null, null, 111, false, [], false, 0, [], null, 0, 1744383173.740235, 0, {}]
[{"0": [2, 18, 1, 1, 3, 1, 1, 4, 1, 4, 3, 2, 1, 1, 4, 1, 1]}, null, null, 111, false, [], false, 0, [], null, 0, 1744383173.961196, 0, {}]
[{"0": [27, 29, 29, 30, 33, 34, 32, 24, 28, 36, 28, 25, 20, 25, 27, 2, 3]}, null, null, 112, false, [], false, 0, [], null, 0, 1744383174.1723104, 0, {}]
[{"0": [1, 0, 0, 26, 37, 20, 25, 29, 2, 0, 2, 5, 4, 1, 2, 1, 5]}, null, null, 113, false, [], false, 0, [], null, 0, 1744383174.3803525, 0, {}]
[{"0": [1, 1, 1, 2, 2, 2, 36, 28, 1, 2, 1, 1, 0, 4, 2, 5, 2]}, null, null, 113, false, [], false, 0, [], null, 0, 1744383174.6056685, 0, {}]
[{"0": [1, 3, 0, 3, 0, 0, 1, 0, 1, 27, 31, 30, 26, 30, 21, 32, 22]}, null, null, 114, false, [], false, 0, [], null, 0, 1744383174.8229814, 0, {}]
[{"0": [1, 4, 0, 0, 4, 2, 3, 4, 1, 0, 1, 0, 4, 2, 32, 3, 1]}, null, null, 114, false, [], false, 0, [], null, 0, 1744383175.0421612, 0, {}]
[{"0": [2, 2, 4, 17, 0, 1, 2, 2, 0, 2, 3, 1, 6, 2, 2, 1, 4]}, null, null, 115, false, [], false, 0, [], null, 0, 1744383175.2607987, 0, {}]
[{"0": [0, 4, 1, 1, 0, 1, 2, 1, 1, 0, 1, 2, 3, 0, 6, 1, 2]}, null, null, 116, false, [], false, 0, [], null, 0, 1744383175.4700973, 0, {}]
[{"0": [1, 1, 1, 1, 1, 29, 19, 3, 1, 1, 1, 1, 0, 2, 1, 1, 4]}, null, null, 116, false, [], false, 0, [], null, 0, 1744383175.689088, 0, {}]
[{"0": [20, 24, 2, 4, 2, 0, 5, 1, 1, 1, 2, 2, 0, 0, 0, 1, 3]}, null, null, 117, false, [], false, 0, [], null, 0, 1744383175.90932, 0, {}]
[{"0": [3, 2, 3, 2, 2, 0, 1, 2, 4, 3, 4, 0, 0, 25, 28, 24, 27]}, null, null, 117, false, [], false, 0, [], null, 0, 1744383176.1267936, 0, {}]
[{"0": [4, 1, 3, 1, 38, 22, 25, 27, 2, 4, 3, 0, 0, 2, 4, 0, 3]}, null, null, 118, false, [], false, 0, [], null, 0, 1744383176.341884, 0, {}]
[{"0": [0, 2, 2, 4, 2, 0, 1, 4, 3, 38, 35, 1, 4, 2, 0, 4, 2]}, null, null, 119, false, [], false, 0, [], null, 0, 1744383176.568655, 0, {}]
[{"0": [2, 3, 2, 1, 1, 0, 2, 1, 2, 0, 2, 3, 23, 28, 23, 34, 26]}, null, null, 119, false, [], false, 0, [], null, 0, 1744383176.7758796, 0, {}]
[{"0": [0, 1, 2, 5, 24, 27, 2, 0, 1, 0, 3, 3, 2, 1, 4, 2, 4]}, null, null, 120, false, [], false, 0, [], null, 0, 1744383176.9967215, 0, {}]
[{"0": [1, 1, 1, 1, 5, 1, 1, 4, 2, 3, 5, 0, 0, 2, 0, 19, 25]}, null, null, 120, false, [], false, 0, [], null, 0, 1744383177.2131045, 0, {}]
[{"0": [4, 1, 0, 4, 3, 27, 0, 1, 1, 1, 3, 1, 1, 2, 1, 3, 2]}, null, null, 121, false, [], false, 0, [], null, 0, 1744383177.4255633, 0, {}]
[{"0": [0, 1, 1, 3, 3, 1, 4, 0, 1, 2, 28, 25, 27, 23, 22, 31, 18]}, null, null, 122, false, [], false, 0, [], null, 0, 1744383177.6464453, 0, {}]
[{"0": [5, 0, 1, 6, 2, 3, 1, 1, 3, 0, 1, 0, 1, 1, 1, 20, 26]}, null, null, 122, false, [], false, 0, [], null, 0, 1744383177.8674445, 0, {}]
[{"0": [2, 0, 0, 1, 2, 2, 1, 2, 21, 33, 21, 27, 33, 2, 1, 2, 5]}, null, null, 123, false, [], false, 0, [], null, 0, 1744383178.0800557, 0, {}]
[{"0": [1, 0, 5, 2, 0, 3, 5, 1, 1, 2, 1, 2, 0, 3, 5, 3, 3]}, null, null, 123, false, [], false, 0, [], null, 0, 1744383178.2886608, 0, {}]
[{"0": [1, 2, 0, 0, 1, 2, 4, 2, 23, 2, 1, 2, 2, 1, 4, 0, 1]}, null, null, 124, false, [], false, 0, [], null, 0, 1744383178.50518, 0, {}]
[{"0": [2, 3, 2, 4, 2, 3, 0, 1, 2, 2, 1, 18, 25, 38, 2, 4, 2]}, null, null, 125, false, [], false, 0, [], null, 0, 1744383178.715868, 0, {}]
[{"0": [1, 2, 4, 1, 5, 1, 1, 31, 20, 2, 1, 1, 4, 0, 2, 0, 2]}, null, null, 125, false, [], false, 0, [], null, 0, 1744383178.93264, 0, {}]
[{"0": [1, 0, 1, 1, 1, 0, 3, 0, 2, 3, 2, 4, 30, 2, 4, 1, 0]}, null, null, 126, false, [], false, 0, [], null, 0, 1744383179.161095, 0, {}]
[{"0": [1, 6, 1, 1, 4, 2, 4, 2, 2, 23, 30, 2, 1, 0, 1, 4, 2]}, null, null, 127, false, [], false, 0, [], null, 0, 1744383179.376569, 0, {}]
[{"0": [32, 27, 27, 29, 24, 4, 0, 2, 0, 1, 1, 1, 5, 1, 1, 0, 3]}, null, null, 127, false, [], false, 0, [], null, 0, 1744383179.588208, 0, {}]
[{"0": [1, 1, 0, 28, 31, 1, 1, 2, 4, 1, 0, 3, 0, 2, 3, 2, 2]}, null, null, 128, false, [], false, 0, [], null, 0, 1744383179.810264, 0, {}]
[{"0": [6, 2, 2, 1, 3, 29, 22, 34, 24, 33, 0, 4, 2, 1, 7, 1, 0]}, null, null, 128, false, [], false, 0, [], null, 0, 1744383180.016867, 0, {}]
[{"0": [3, 2, 27, 26, 38, 27, 21, 30, 31, 23, 2, 0, 1, 4, 4, 2, 2]}, null, null, 129, false, [], false, 0, [], null, 0, 1744383180.2309597, 0, {}]
[{"0": [0, 1, 3, 4, 2, 3, 2, 2, 6, 1, 2, 1, 27, 28, 32, 35, 28]}, null, null, 130, false, [], false, 0, [], null, 0, 1744383180.4520328, 0, {}]
[{"0": [1, 2, 0, 3, 1, 2, 3, 1, 1, 1, 2, 34, 28, 30, 30, 27, 24]}, null, null, 130, false, [], false, 0, [], null, 0, 1744383180.6690729, 0, {}]
[{"0": [0, 3, 2, 0, 0, 1, 3, 3, 26, 24, 26, 25, 22, 21, 21, 1, 2]}, null, null, 131, false, [], false, 0, [], null, 0, 1744383180.8839762, 0, {}]
[{"0": [30, 29, 28, 38, 1, 2, 0, 2, 3, 1, 1, 5, 1, 1, 1, 2, 0]}, null, null, 131, false, [], false, 0, [], null, 0, 1744383181.1057696, 0, {}]
[{"0": [2, 0, 2, 7, 2, 1, 1, 6, 1, 4, 0, 5, 3, 3, 0, 24, 27]}, null, null, 132, false, [], false, 0, [], null, 0, 1744383181.3223414, 0, {}]
[{"0": [0, 0, 3, 3, 4, 3, 1, 3, 1, 2, 1, 1, 2, 1, 31, 3, 1]}, null, null, 133, false, [], false, 0, [], null, 0, 1744383181.5384922, 0, {}]
[{"0": [1, 2, 3, 1, 1, 3, 0, 4, 5, 2, 1, 3, 2, 2, 1, 0, 2]}, null, null, 133, false, [], false, 0, [], null, 0, 1744383181.7593884, 0, {}]
[{"0": [1, 4, 0, 1, 4, 2, 3, 1, 3, 2, 30, 28, 25, 2, 3, 0, 2]}, null, null, 134, false, [], false, 0, [], null, 0, 1744383181.964494, 0, {}]
[{"0": [0, 0, 0, 2, 0, 3, 2, 1, 28, 20, 26, 23, 22, 1, 0, 1, 2]}, null, null, 134, false, [], false, 0, [], null, 0, 1744383182.1811855, 0, {}]
[{"0": [0, 0, 0, 2, 1, 2, 0, 1, 24, 35, 30, 31, 3, 3, 2, 4, 6]}, null, null, 135, false, [], false, 0, [], null, 0, 1744383182.3984518, 0, {}]
[{"0": [2, 3, 2, 28, 1, 2, 0, 2, 4, 2, 3, 2, 1, 0, 1, 1, 4]}, null, null, 136, false, [], false, 0, [], null, 0, 1744383182.6170588, 0, {}]
[{"0": [0, 5, 1, 3, 0, 5, 2, 3, 3, 1, 2, 1, 26, 27, 1, 2, 1]}, null, null, 136, false, [], false, 0, [], null, 0, 1744383182.838062, 0, {}]
[{"0": [0, 2, 2, 1, 1, 1, 2, 2, 1, 2, 1, 4, 3, 3, 42, 25, 27]}, null, null, 137, false, [], false, 0, [], null, 0, 1744383183.0586734, 0, {}]
[{"0": [0, 3, 0, 1, 1, 1, 2, 1, 1, 3, 0, 2, 1, 0, 4, 2, 2]}, null, null, 137, false, [], false, 0, [], null, 0, 1744383183.2697036, 0, {}]
[{"0": [0, 1, 3, 2, 1, 5, 0, 26, 25, 21, 29, 30, 26, 28, 21, 23, 22]}, null, null, 138, false, [], false, 0, [], null, 0, 1744383183.476618, 0, {}]
[{"0": [2, 1, 1, 13, 27, 28, 28, 3, 3, 1, 4, 4, 2, 2, 1, 2, 1]}, null, null, 139, false, [], false, 0, [], null, 0, 1744383183.697089, 0, {}]
[{"0": [0, 5, 3, 32, 21, 27, 24, 23, 23, 26, 35, 21, 26, 33, 27, 28, 30]}, null, null, 139, false, [], false, 0, [], null, 0, 1744383183.9152327, 0, {}]
[{"0": [2, 3, 43, 26, 24, 32, 1, 3, 2, 1, 3, 2, 6, 4, 1, 4, 4]}, null, null, 140, false, [], false, 0, [], null, 0, 1744383184.1415083, 0, {}]
[{"0": [0, 2, 0, 1, 0, 25, 22, 25, 15, 25, 15, 1, 3, 0, 3, 4, 3]}, null, null, 140, false, [], false, 0, [], null, 0, 1744383184.3511639, 0, {}]
[{"0": [0, 1, 1, 0, 4, 4, 1, 2, 0, 0, 1, 2, 4, 0, 20, 19, 18]}, null, null, 141, false, [], false, 0, [], null, 0, 1744383184.5760837, 0, {}]
[{"0": [4, 1, 4, 1, 4, 2, 2, 2, 3, 1, 2, 1, 1, 1, 2, 30, 24]}, null, null, 142, false, [], false, 0, [], null, 0, 1744383184.793337, 0, {}]
[{"0": [24, 32, 31, 21, 15, 30, 2, 2, 1, 3, 1, 1, 3, 2, 1, 2, 1]}, null, null, 142, false, [], false, 0, [], null, 0, 1744383185.0132089, 0, {}]
[{"0": [4, 1, 2, 27, 25, 32, 30, 31, 24, 30, 31, 29, 19, 24, 24, 37, 25]}, null, null, 143, false, [], false, 0, [], null, 0, 1744383185.220957, 0, {}]
[{"0": [2, 2, 2, 0, 5, 1, 4, 0, 1, 1, 0, 1, 30, 23, 25, 31, 17]}, null, null, 143, false, [], false, 0, [], null, 0, 1744383185.437561, 0, {}]
[{"0": [3, 0, 0, 29, 28, 21, 25, 23, 22, 26, 21, 39, 2, 6, 4, 2, 1]}, null, null, 144, false, [], false, 0, [], null, 0, 1744383185.653215, 0, {}]
[{"0": [2, 0, 1, 3, 0, 0, 21, 25, 30, 37, 24, 26, 17, 2, 0, 4, 4]}, null, null, 145, false, [], false, 0, [], null, 0, 1744383185.871145, 0, {}]
[{"0": [1, 1, 1, 3, 1, 2, 0, 22, 0, 3, 1, 2, 2, 0, 2, 1, 2]}, null, null, 145, false, [], false, 0, [], null, 0, 1744383186.10075, 0, {}]
[{"0": [3, 0, 1, 0, 0, 0, 1, 2, 1, 3, 3, 1, 2, 3, 3, 33, 21]}, null, null, 146, false, [], false, 0, [], null, 0, 1744383186.3153555, 0, {}]
[{"0": [2, 4, 1, 2, 2, 1, 3, 0, 2, 2, 2, 1, 2, 0, 22, 27, 34]}, null, null, 146, false, [], false, 0, [], null, 0, 1744383186.521039, 0, {}]
[{"0": [0, 5, 28, 31, 28, 2, 2, 2, 2, 3, 1, 2, 2, 1, 0, 2, 1]}, null, null, 147, false, [], false, 0, [], null, 0, 1744383186.738182, 0, {}]
[{"0": [2, 2, 1, 1, 0, 1, 1, 2, 2, 1, 2, 0, 1, 0, 24, 32, 20]}, null, null, 148, false, [], false, 0, [], null, 0, 1744383186.9500911, 0, {}]
[{"0": [1, 1, 3, 2, 2, 1, 3, 1, 1, 3, 0, 19, 22, 21, 24, 31, 26]}, null, null, 148, false, [], false, 0, [], null, 0, 1744383187.1689038, 0, {}]
[{"0": [0, 2, 1, 1, 4, 3, 0, 0, 2, 2, 2, 3, 0, 3, 26, 1, 2]}, null, null, 149, false, [], false, 0, [], null, 0, 1744383187.3817425, 0, {}]
[{"0": [2, 2, 3, 0, 3, 2, 0, 2, 2, 0, 3, 1, 2, 3, 3, 29, 22]}, null, null, 149, false, [], false, 0, [], null, 0, 1744383187.6085253, 0, {}]
[{"0": [1, 2, 1, 2, 2, 2, 3, 3, 3, 2, 2, 3, 3, 0, 16, 21, 31]}, null, null, 150, true, [], false, 0, [], null, 0, 1744383187.814195, 0, {}]
