[{"0": [0, 4, 2, 31, 28, 24, 26, 25, 27, 20, 24, 2, 2, 1, 2, 4, 0]}, null, null, 0, false, [], false, 0, [], null, 0, 1744388514.6310906, 0, {}]
[{"0": [2, 1, 3, 1, 4, 2, 2, 2, 1, 2, 1, 1, 1, 2, 2, 5, 0]}, null, null, 1, false, [], false, 0, [], null, 0, 1744388514.887446, 0, {}]
[{"0": [3, 2, 1, 0, 3, 1, 1, 0, 0, 23, 29, 1, 1, 6, 2, 1, 1]}, null, null, 1, false, [], false, 0, [], null, 0, 1744388515.1172292, 0, {}]
[{"0": [22, 4, 2, 2, 1, 2, 0, 3, 3, 0, 2, 2, 7, 1, 2, 2, 3]}, null, null, 2, false, [], false, 0, [], null, 0, 1744388515.355889, 0, {}]
[{"0": [2, 1, 2, 1, 3, 0, 1, 1, 0, 2, 4, 1, 4, 0, 3, 29, 30]}, null, null, 2, false, [], false, 0, [], null, 0, 1744388515.5765073, 0, {}]
[{"0": [3, 0, 0, 1, 2, 1, 8, 3, 4, 38, 34, 0, 4, 0, 1, 1, 0]}, null, null, 3, false, [], false, 0, [], null, 0, 1744388515.8071215, 0, {}]
[{"0": [2, 1, 2, 1, 2, 1, 0, 5, 1, 0, 1, 7, 41, 26, 37, 23, 40]}, null, null, 4, false, [], false, 0, [], null, 0, 1744388516.0424945, 0, {}]
[{"0": [4, 3, 1, 2, 3, 5, 0, 0, 3, 2, 1, 2, 5, 3, 3, 28, 32]}, null, null, 4, false, [], false, 0, [], null, 0, 1744388516.2883284, 0, {}]
[{"0": [0, 1, 1, 1, 1, 1, 2, 2, 0, 1, 0, 2, 1, 39, 25, 35, 22]}, null, null, 5, false, [], false, 0, [], null, 0, 1744388516.5172164, 0, {}]
[{"0": [1, 0, 2, 1, 3, 2, 1, 0, 1, 1, 3, 3, 4, 21, 23, 1, 2]}, null, null, 5, false, [], false, 0, [], null, 0, 1744388516.743082, 0, {}]
[{"0": [2, 1, 0, 0, 2, 2, 1, 3, 1, 5, 1, 1, 2, 2, 1, 2, 2]}, null, null, 6, false, [], false, 0, [], null, 0, 1744388516.976959, 0, {}]
[{"0": [1, 3, 1, 7, 1, 2, 2, 28, 34, 32, 24, 33, 33, 37, 3, 1, 2]}, null, null, 7, false, [], false, 0, [], null, 0, 1744388517.1980407, 0, {}]
[{"0": [2, 2, 0, 1, 3, 4, 0, 3, 1, 3, 3, 5, 2, 2, 31, 29, 34]}, null, null, 7, false, [], false, 0, [], null, 0, 1744388517.4226148, 0, {}]
[{"0": [4, 1, 2, 30, 39, 22, 27, 30, 23, 26, 2, 1, 1, 0, 0, 2, 2]}, null, null, 8, false, [], false, 0, [], null, 0, 1744388517.6359065, 0, {}]
[{"0": [2, 3, 5, 3, 2, 1, 2, 0, 27, 29, 38, 24, 25, 33, 26, 32, 26]}, null, null, 8, false, [], false, 0, [], null, 0, 1744388517.8433542, 0, {}]
[{"0": [1, 0, 2, 3, 0, 0, 29, 44, 40, 36, 31, 23, 2, 2, 2, 1, 2]}, null, null, 9, false, [], false, 0, [], null, 0, 1744388518.057781, 0, {}]
[{"0": [4, 1, 1, 1, 2, 35, 38, 26, 0, 2, 1, 3, 2, 0, 2, 0, 4]}, null, null, 10, false, [], false, 0, [], null, 0, 1744388518.2589161, 0, {}]
[{"0": [2, 1, 2, 0, 1, 0, 2, 0, 1, 3, 3, 0, 4, 0, 29, 23, 39]}, null, null, 10, false, [], false, 0, [], null, 0, 1744388518.4674647, 0, {}]
[{"0": [0, 0, 2, 4, 1, 4, 1, 2, 3, 3, 1, 3, 31, 2, 2, 1, 2]}, null, null, 11, false, [], false, 0, [], null, 0, 1744388518.6667182, 0, {}]
[{"0": [1, 1, 4, 2, 41, 35, 1, 1, 0, 4, 1, 1, 2, 0, 2, 3, 3]}, null, null, 11, false, [], false, 0, [], null, 0, 1744388518.8858187, 0, {}]
[{"0": [0, 3, 1, 3, 1, 4, 1, 37, 32, 39, 5, 3, 3, 0, 2, 2, 3]}, null, null, 12, false, [], false, 0, [], null, 0, 1744388519.0875468, 0, {}]
[{"0": [1, 1, 2, 2, 2, 2, 0, 3, 2, 3, 0, 1, 2, 29, 32, 30, 42]}, null, null, 13, false, [], false, 0, [], null, 0, 1744388519.3109362, 0, {}]
[{"0": [3, 32, 1, 2, 3, 2, 1, 2, 3, 0, 2, 0, 0, 1, 0, 3, 0]}, null, null, 13, false, [], false, 0, [], null, 0, 1744388519.5132127, 0, {}]
[{"0": [0, 2, 1, 0, 2, 0, 24, 3, 0, 3, 4, 1, 1, 2, 1, 1, 5]}, null, null, 14, false, [], false, 0, [], null, 0, 1744388519.735004, 0, {}]
[{"0": [1, 1, 0, 3, 3, 4, 2, 1, 2, 1, 2, 25, 36, 33, 43, 23, 28]}, null, null, 14, false, [], false, 0, [], null, 0, 1744388519.9423335, 0, {}]
[{"0": [3, 0, 0, 1, 3, 0, 0, 6, 2, 2, 3, 1, 31, 31, 3, 3, 3]}, null, null, 15, false, [], false, 0, [], null, 0, 1744388520.144955, 0, {}]
[{"0": [2, 3, 0, 1, 0, 1, 3, 1, 37, 31, 29, 27, 25, 33, 4, 3, 1]}, null, null, 16, false, [], false, 0, [], null, 0, 1744388520.355793, 0, {}]
[{"0": [3, 4, 2, 2, 0, 1, 1, 0, 3, 1, 2, 3, 26, 38, 1, 3, 1]}, null, null, 16, false, [], false, 0, [], null, 0, 1744388520.5688467, 0, {}]
[{"0": [2, 1, 2, 1, 2, 2, 3, 2, 33, 29, 28, 2, 2, 5, 2, 2, 1]}, null, null, 17, false, [], false, 0, [], null, 0, 1744388520.7865343, 0, {}]
[{"0": [1, 3, 0, 3, 1, 0, 1, 0, 1, 3, 5, 32, 21, 3, 3, 2, 2]}, null, null, 17, false, [], false, 0, [], null, 0, 1744388520.989449, 0, {}]
[{"0": [3, 0, 4, 3, 0, 3, 35, 28, 34, 25, 3, 2, 5, 1, 2, 0, 0]}, null, null, 18, false, [], false, 0, [], null, 0, 1744388521.1887798, 0, {}]
[{"0": [2, 2, 2, 3, 2, 1, 5, 1, 2, 1, 1, 4, 1, 0, 2, 26, 32]}, null, null, 19, false, [], false, 0, [], null, 0, 1744388521.4151068, 0, {}]
[{"0": [4, 1, 2, 1, 2, 1, 1, 3, 5, 1, 0, 2, 4, 0, 3, 0, 2]}, null, null, 19, false, [], false, 0, [], null, 0, 1744388521.6133814, 0, {}]
[{"0": [3, 4, 1, 0, 3, 1, 3, 3, 0, 1, 0, 3, 0, 1, 28, 0, 1]}, null, null, 20, false, [], false, 0, [], null, 0, 1744388521.834052, 0, {}]
[{"0": [1, 4, 3, 0, 0, 1, 29, 33, 2, 0, 1, 2, 5, 1, 2, 2, 1]}, null, null, 20, false, [], false, 0, [], null, 0, 1744388522.0494738, 0, {}]
[{"0": [3, 7, 3, 1, 0, 42, 22, 35, 1, 1, 0, 0, 1, 2, 3, 3, 2]}, null, null, 21, false, [], false, 0, [], null, 0, 1744388522.247331, 0, {}]
[{"0": [1, 2, 1, 2, 27, 36, 24, 25, 1, 3, 3, 4, 4, 0, 0, 1, 2]}, null, null, 22, false, [], false, 0, [], null, 0, 1744388522.4486575, 0, {}]
[{"0": [1, 2, 2, 3, 8, 0, 2, 0, 35, 34, 35, 39, 21, 33, 31, 27, 25]}, null, null, 22, false, [], false, 0, [], null, 0, 1744388522.6738732, 0, {}]
[{"0": [1, 2, 1, 2, 0, 1, 3, 4, 2, 5, 0, 2, 2, 1, 2, 30, 28]}, null, null, 23, false, [], false, 0, [], null, 0, 1744388522.8807209, 0, {}]
[{"0": [3, 4, 2, 3, 2, 0, 2, 1, 3, 1, 5, 2, 1, 0, 0, 1, 7]}, null, null, 23, false, [], false, 0, [], null, 0, 1744388523.098081, 0, {}]
[{"0": [2, 2, 0, 4, 41, 18, 3, 3, 3, 1, 1, 2, 1, 1, 2, 2, 1]}, null, null, 24, false, [], false, 0, [], null, 0, 1744388523.2909706, 0, {}]
[{"0": [2, 1, 0, 1, 2, 2, 1, 3, 0, 3, 1, 3, 0, 5, 34, 27, 24]}, null, null, 25, false, [], false, 0, [], null, 0, 1744388523.5122285, 0, {}]
[{"0": [3, 2, 0, 1, 1, 5, 1, 2, 4, 2, 2, 28, 37, 28, 32, 29, 35]}, null, null, 25, false, [], false, 0, [], null, 0, 1744388523.7113914, 0, {}]
[{"0": [1, 0, 1, 3, 2, 2, 0, 26, 30, 41, 28, 26, 36, 2, 2, 2, 2]}, null, null, 26, false, [], false, 0, [], null, 0, 1744388523.940222, 0, {}]
[{"0": [4, 0, 1, 2, 3, 4, 2, 3, 0, 3, 2, 27, 28, 23, 31, 32, 24]}, null, null, 27, false, [], false, 0, [], null, 0, 1744388524.1467159, 0, {}]
[{"0": [0, 2, 0, 3, 4, 2, 5, 29, 31, 1, 2, 3, 3, 3, 4, 2, 1]}, null, null, 27, false, [], false, 0, [], null, 0, 1744388524.353063, 0, {}]
[{"0": [0, 1, 2, 26, 37, 4, 0, 2, 1, 2, 2, 0, 2, 2, 2, 2, 5]}, null, null, 28, false, [], false, 0, [], null, 0, 1744388524.5590007, 0, {}]
[{"0": [3, 4, 0, 1, 0, 2, 1, 5, 1, 4, 3, 3, 3, 3, 31, 1, 4]}, null, null, 28, false, [], false, 0, [], null, 0, 1744388524.780204, 0, {}]
[{"0": [1, 2, 4, 1, 2, 0, 2, 6, 1, 4, 2, 0, 2, 4, 33, 30, 31]}, null, null, 29, false, [], false, 0, [], null, 0, 1744388524.9788647, 0, {}]
[{"0": [1, 1, 2, 4, 1, 0, 6, 27, 2, 1, 3, 1, 2, 1, 2, 1, 3]}, null, null, 30, false, [], false, 0, [], null, 0, 1744388525.17761, 0, {}]
[{"0": [2, 1, 3, 4, 1, 1, 4, 1, 3, 21, 40, 32, 31, 28, 34, 2, 0]}, null, null, 30, false, [], false, 0, [], null, 0, 1744388525.4064853, 0, {}]
[{"0": [3, 2, 1, 1, 5, 1, 6, 1, 3, 2, 1, 29, 20, 22, 29, 37, 39]}, null, null, 31, false, [], false, 0, [], null, 0, 1744388525.6065128, 0, {}]
[{"0": [3, 3, 2, 30, 26, 31, 2, 0, 0, 1, 1, 0, 1, 0, 2, 1, 1]}, null, null, 31, false, [], false, 0, [], null, 0, 1744388525.8284523, 0, {}]
[{"0": [2, 2, 1, 3, 3, 2, 3, 2, 23, 30, 3, 2, 2, 1, 1, 3, 1]}, null, null, 32, false, [], false, 0, [], null, 0, 1744388526.040791, 0, {}]
[{"0": [1, 2, 5, 0, 3, 2, 4, 2, 6, 2, 1, 2, 1, 1, 1, 2, 2]}, null, null, 33, false, [], false, 0, [], null, 0, 1744388526.2491167, 0, {}]
[{"0": [1, 3, 3, 1, 4, 2, 0, 0, 1, 1, 3, 0, 4, 0, 0, 28, 26]}, null, null, 33, false, [], false, 0, [], null, 0, 1744388526.4550753, 0, {}]
[{"0": [1, 5, 1, 1, 0, 2, 1, 2, 0, 3, 1, 2, 5, 3, 1, 31, 0]}, null, null, 34, false, [], false, 0, [], null, 0, 1744388526.6718364, 0, {}]
[{"0": [28, 27, 25, 19, 21, 3, 8, 1, 1, 1, 0, 1, 2, 6, 4, 0, 5]}, null, null, 34, false, [], false, 0, [], null, 0, 1744388526.8668702, 0, {}]
[{"0": [1, 3, 2, 1, 2, 3, 29, 26, 2, 3, 0, 0, 2, 1, 3, 0, 1]}, null, null, 35, false, [], false, 0, [], null, 0, 1744388527.0924993, 0, {}]
[{"0": [0, 2, 2, 2, 1, 44, 3, 6, 0, 2, 0, 1, 2, 3, 1, 1, 0]}, null, null, 36, false, [], false, 0, [], null, 0, 1744388527.3111198, 0, {}]
[{"0": [3, 1, 2, 1, 1, 1, 1, 2, 0, 1, 2, 31, 22, 30, 25, 0, 6]}, null, null, 36, false, [], false, 0, [], null, 0, 1744388527.535915, 0, {}]
[{"0": [1, 4, 1, 0, 0, 2, 0, 1, 1, 32, 33, 33, 3, 0, 6, 2, 0]}, null, null, 37, false, [], false, 0, [], null, 0, 1744388527.7475486, 0, {}]
[{"0": [5, 8, 0, 4, 3, 0, 0, 2, 3, 1, 4, 1, 3, 1, 5, 3, 1]}, null, null, 37, false, [], false, 0, [], null, 0, 1744388527.964999, 0, {}]
[{"0": [1, 4, 32, 23, 30, 2, 3, 1, 3, 3, 1, 0, 3, 1, 2, 0, 0]}, null, null, 38, false, [], false, 0, [], null, 0, 1744388528.1663, 0, {}]
[{"0": [5, 3, 2, 1, 2, 3, 1, 2, 4, 3, 4, 3, 1, 1, 25, 27, 34]}, null, null, 39, false, [], false, 0, [], null, 0, 1744388528.380278, 0, {}]
[{"0": [1, 5, 0, 1, 0, 5, 1, 2, 2, 0, 2, 1, 2, 4, 3, 0, 0]}, null, null, 39, false, [], false, 0, [], null, 0, 1744388528.593522, 0, {}]
[{"0": [4, 1, 2, 1, 32, 25, 1, 1, 2, 4, 2, 0, 2, 1, 6, 3, 2]}, null, null, 40, false, [], false, 0, [], null, 0, 1744388528.810123, 0, {}]
[{"0": [1, 0, 0, 30, 22, 25, 32, 1, 2, 0, 2, 5, 2, 1, 1, 2, 3]}, null, null, 40, false, [], false, 0, [], null, 0, 1744388529.0352654, 0, {}]
[{"0": [2, 1, 4, 2, 4, 5, 1, 0, 2, 1, 0, 0, 34, 30, 29, 2, 2]}, null, null, 41, false, [], false, 0, [], null, 0, 1744388529.2494528, 0, {}]
[{"0": [24, 28, 26, 30, 23, 33, 41, 21, 0, 0, 1, 1, 2, 3, 1, 4, 0]}, null, null, 42, false, [], false, 0, [], null, 0, 1744388529.479275, 0, {}]
[{"0": [1, 2, 2, 2, 1, 1, 1, 19, 33, 3, 3, 2, 2, 2, 1, 0, 2]}, null, null, 42, false, [], false, 0, [], null, 0, 1744388529.6986666, 0, {}]
[{"0": [3, 4, 1, 1, 1, 4, 0, 1, 3, 0, 3, 0, 2, 0, 2, 21, 27]}, null, null, 43, false, [], false, 0, [], null, 0, 1744388529.917229, 0, {}]
[{"0": [1, 1, 4, 3, 2, 0, 2, 0, 0, 1, 2, 3, 5, 1, 26, 30, 37]}, null, null, 43, false, [], false, 0, [], null, 0, 1744388530.131855, 0, {}]
[{"0": [2, 4, 0, 2, 4, 7, 2, 2, 2, 2, 1, 3, 3, 1, 37, 25, 28]}, null, null, 44, false, [], false, 0, [], null, 0, 1744388530.3402615, 0, {}]
[{"0": [3, 3, 1, 1, 4, 3, 2, 0, 2, 0, 1, 2, 3, 4, 4, 20, 24]}, null, null, 45, false, [], false, 0, [], null, 0, 1744388530.555587, 0, {}]
[{"0": [1, 3, 0, 4, 3, 2, 2, 19, 23, 1, 0, 2, 0, 0, 5, 3, 1]}, null, null, 45, false, [], false, 0, [], null, 0, 1744388530.7653546, 0, {}]
[{"0": [5, 1, 4, 4, 0, 0, 4, 2, 3, 2, 3, 31, 33, 23, 28, 32, 29]}, null, null, 46, false, [], false, 0, [], null, 0, 1744388530.984507, 0, {}]
[{"0": [1, 2, 1, 22, 37, 28, 38, 28, 2, 2, 1, 0, 2, 1, 2, 2, 1]}, null, null, 46, false, [], false, 0, [], null, 0, 1744388531.2132356, 0, {}]
[{"0": [1, 4, 2, 2, 1, 1, 3, 4, 1, 1, 3, 0, 25, 42, 20, 33, 28]}, null, null, 47, false, [], false, 0, [], null, 0, 1744388531.4287043, 0, {}]
[{"0": [3, 3, 0, 1, 3, 3, 4, 0, 1, 1, 3, 2, 2, 4, 1, 25, 1]}, null, null, 48, false, [], false, 0, [], null, 0, 1744388531.629345, 0, {}]
[{"0": [1, 0, 3, 1, 0, 2, 3, 2, 1, 3, 1, 1, 2, 2, 31, 2, 3]}, null, null, 48, false, [], false, 0, [], null, 0, 1744388531.8656373, 0, {}]
[{"0": [3, 5, 0, 1, 3, 5, 24, 22, 25, 37, 1, 2, 3, 3, 6, 0, 1]}, null, null, 49, false, [], false, 0, [], null, 0, 1744388532.0772922, 0, {}]
[{"0": [1, 2, 2, 1, 2, 1, 3, 2, 1, 3, 34, 31, 3, 7, 1, 2, 1]}, null, null, 49, false, [], false, 0, [], null, 0, 1744388532.2882478, 0, {}]
[{"0": [2, 0, 1, 5, 3, 3, 1, 0, 1, 4, 1, 25, 3, 2, 2, 1, 0]}, null, null, 50, false, [], false, 0, [], null, 0, 1744388532.5065675, 0, {}]
[{"0": [4, 0, 3, 3, 1, 1, 4, 24, 32, 25, 15, 29, 30, 27, 1, 1, 7]}, null, null, 51, false, [], false, 0, [], null, 0, 1744388532.7099917, 0, {}]
[{"0": [2, 1, 1, 2, 1, 1, 1, 3, 1, 1, 3, 3, 29, 38, 37, 1, 3]}, null, null, 51, false, [], false, 0, [], null, 0, 1744388532.940229, 0, {}]
[{"0": [2, 0, 2, 1, 1, 46, 31, 1, 1, 3, 3, 1, 0, 2, 3, 1, 3]}, null, null, 52, false, [], false, 0, [], null, 0, 1744388533.153475, 0, {}]
[{"0": [7, 1, 3, 27, 28, 26, 43, 2, 4, 3, 1, 2, 3, 1, 4, 5, 1]}, null, null, 52, false, [], false, 0, [], null, 0, 1744388533.381482, 0, {}]
[{"0": [1, 4, 0, 1, 2, 0, 3, 2, 2, 3, 4, 2, 1, 3, 8, 2, 0]}, null, null, 53, false, [], false, 0, [], null, 0, 1744388533.5890477, 0, {}]
[{"0": [1, 1, 4, 2, 4, 4, 2, 1, 3, 3, 4, 0, 31, 38, 34, 27, 34]}, null, null, 54, false, [], false, 0, [], null, 0, 1744388533.7997274, 0, {}]
[{"0": [1, 3, 1, 1, 3, 1, 1, 1, 1, 1, 1, 3, 2, 1, 0, 34, 0]}, null, null, 54, false, [], false, 0, [], null, 0, 1744388534.026143, 0, {}]
[{"0": [3, 1, 0, 2, 5, 0, 25, 28, 34, 35, 19, 34, 34, 41, 31, 28, 33]}, null, null, 55, false, [], false, 0, [], null, 0, 1744388534.235042, 0, {}]
[{"0": [3, 1, 2, 1, 3, 4, 1, 3, 4, 1, 2, 3, 0, 2, 6, 38, 26]}, null, null, 55, false, [], false, 0, [], null, 0, 1744388534.4605203, 0, {}]
[{"0": [3, 1, 2, 0, 3, 2, 1, 3, 0, 2, 3, 3, 2, 3, 27, 2, 2]}, null, null, 56, false, [], false, 0, [], null, 0, 1744388534.6729789, 0, {}]
[{"0": [1, 4, 4, 1, 3, 0, 5, 2, 3, 27, 30, 27, 27, 28, 20, 19, 4]}, null, null, 57, false, [], false, 0, [], null, 0, 1744388534.8789597, 0, {}]
[{"0": [2, 5, 2, 1, 2, 2, 1, 3, 2, 2, 27, 2, 2, 2, 3, 2, 0]}, null, null, 57, false, [], false, 0, [], null, 0, 1744388535.094778, 0, {}]
[{"0": [1, 2, 2, 2, 2, 5, 4, 2, 2, 1, 1, 1, 1, 3, 1, 35, 28]}, null, null, 58, false, [], false, 0, [], null, 0, 1744388535.3108664, 0, {}]
[{"0": [0, 1, 4, 0, 2, 3, 2, 23, 18, 37, 0, 2, 4, 2, 2, 2, 0]}, null, null, 58, false, [], false, 0, [], null, 0, 1744388535.5440829, 0, {}]
[{"0": [1, 1, 0, 1, 5, 1, 2, 2, 1, 2, 4, 3, 2, 3, 5, 29, 35]}, null, null, 59, false, [], false, 0, [], null, 0, 1744388535.747454, 0, {}]
[{"0": [3, 1, 3, 2, 1, 2, 2, 1, 3, 2, 5, 26, 29, 32, 26, 23, 27]}, null, null, 60, false, [], false, 0, [], null, 0, 1744388535.9616117, 0, {}]
[{"0": [2, 3, 1, 3, 1, 3, 0, 5, 2, 3, 36, 18, 32, 20, 25, 20, 26]}, null, null, 60, false, [], false, 0, [], null, 0, 1744388536.1865025, 0, {}]
[{"0": [2, 3, 1, 5, 5, 0, 0, 3, 1, 4, 1, 0, 1, 5, 3, 29, 24]}, null, null, 61, false, [], false, 0, [], null, 0, 1744388536.4129238, 0, {}]
[{"0": [4, 3, 1, 2, 2, 0, 0, 3, 6, 25, 41, 31, 32, 34, 30, 22, 33]}, null, null, 61, false, [], false, 0, [], null, 0, 1744388536.6231122, 0, {}]
[{"0": [4, 1, 3, 3, 3, 2, 27, 3, 4, 3, 2, 1, 1, 2, 2, 2, 1]}, null, null, 62, false, [], false, 0, [], null, 0, 1744388536.8350797, 0, {}]
[{"0": [35, 1, 1, 1, 1, 3, 1, 6, 6, 1, 1, 2, 2, 2, 1, 3, 1]}, null, null, 63, false, [], false, 0, [], null, 0, 1744388537.0553124, 0, {}]
[{"0": [2, 4, 2, 3, 3, 3, 4, 3, 1, 2, 3, 2, 3, 1, 0, 1, 2]}, null, null, 63, false, [], false, 0, [], null, 0, 1744388537.253869, 0, {}]
[{"0": [2, 6, 1, 4, 2, 2, 28, 38, 40, 6, 0, 2, 1, 0, 2, 2, 2]}, null, null, 64, false, [], false, 0, [], null, 0, 1744388537.4797974, 0, {}]
[{"0": [3, 2, 2, 6, 3, 2, 2, 2, 3, 1, 2, 4, 3, 2, 2, 30, 27]}, null, null, 64, false, [], false, 0, [], null, 0, 1744388537.7020767, 0, {}]
[{"0": [4, 1, 1, 0, 4, 32, 1, 2, 2, 1, 1, 3, 2, 4, 2, 4, 3]}, null, null, 65, false, [], false, 0, [], null, 0, 1744388537.9140291, 0, {}]
[{"0": [3, 1, 0, 0, 2, 2, 0, 2, 4, 1, 14, 26, 25, 28, 26, 31, 23]}, null, null, 66, false, [], false, 0, [], null, 0, 1744388538.1404262, 0, {}]
[{"0": [3, 2, 6, 0, 3, 2, 1, 3, 3, 1, 35, 34, 32, 1, 1, 1, 6]}, null, null, 66, false, [], false, 0, [], null, 0, 1744388538.3494518, 0, {}]
[{"0": [1, 1, 0, 31, 27, 25, 32, 24, 27, 26, 1, 1, 0, 2, 0, 2, 2]}, null, null, 67, false, [], false, 0, [], null, 0, 1744388538.5662591, 0, {}]
[{"0": [0, 0, 0, 1, 37, 3, 0, 2, 0, 1, 0, 4, 1, 2, 1, 0, 1]}, null, null, 67, false, [], false, 0, [], null, 0, 1744388538.7927022, 0, {}]
[{"0": [1, 1, 14, 28, 21, 0, 1, 2, 3, 0, 0, 2, 1, 1, 3, 2, 2]}, null, null, 68, false, [], false, 0, [], null, 0, 1744388538.9938214, 0, {}]
[{"0": [4, 3, 29, 21, 1, 1, 3, 2, 3, 2, 0, 2, 1, 4, 1, 1, 1]}, null, null, 69, false, [], false, 0, [], null, 0, 1744388539.2233074, 0, {}]
[{"0": [2, 2, 1, 2, 0, 1, 2, 1, 30, 29, 36, 28, 24, 27, 28, 34, 28]}, null, null, 69, false, [], false, 0, [], null, 0, 1744388539.4245284, 0, {}]
[{"0": [0, 4, 1, 0, 1, 2, 1, 0, 2, 1, 0, 0, 5, 1, 17, 30, 19]}, null, null, 70, false, [], false, 0, [], null, 0, 1744388539.644, 0, {}]
[{"0": [0, 3, 3, 1, 0, 3, 1, 3, 4, 3, 1, 5, 29, 41, 2, 1, 3]}, null, null, 70, false, [], false, 0, [], null, 0, 1744388539.8699272, 0, {}]
[{"0": [4, 1, 2, 1, 0, 26, 46, 21, 1, 0, 0, 5, 3, 1, 4, 2, 4]}, null, null, 71, false, [], false, 0, [], null, 0, 1744388540.087648, 0, {}]
[{"0": [0, 0, 1, 3, 4, 1, 2, 1, 2, 0, 3, 3, 0, 1, 23, 2, 2]}, null, null, 72, false, [], false, 0, [], null, 0, 1744388540.3038137, 0, {}]
[{"0": [2, 7, 4, 3, 1, 1, 2, 2, 1, 1, 3, 2, 3, 2, 24, 31, 19]}, null, null, 72, false, [], false, 0, [], null, 0, 1744388540.5080316, 0, {}]
[{"0": [4, 2, 2, 3, 1, 1, 1, 3, 1, 26, 27, 30, 29, 3, 1, 3, 2]}, null, null, 73, false, [], false, 0, [], null, 0, 1744388540.7226737, 0, {}]
[{"0": [4, 1, 2, 1, 4, 1, 23, 28, 20, 37, 37, 28, 4, 1, 5, 3, 3]}, null, null, 73, false, [], false, 0, [], null, 0, 1744388540.9551787, 0, {}]
[{"0": [2, 0, 2, 2, 2, 1, 2, 0, 3, 3, 0, 2, 3, 1, 39, 28, 0]}, null, null, 74, false, [], false, 0, [], null, 0, 1744388541.1700068, 0, {}]
[{"0": [1, 6, 4, 2, 3, 33, 32, 29, 21, 29, 33, 30, 1, 0, 2, 2, 0]}, null, null, 75, false, [], false, 0, [], null, 0, 1744388541.3910122, 0, {}]
[{"0": [3, 5, 3, 4, 1, 2, 32, 31, 22, 36, 23, 33, 29, 2, 1, 1, 2]}, null, null, 75, false, [], false, 0, [], null, 0, 1744388541.6138122, 0, {}]
[{"0": [2, 1, 2, 2, 1, 0, 2, 3, 3, 2, 1, 2, 5, 0, 1, 3, 1]}, null, null, 76, false, [], false, 0, [], null, 0, 1744388541.8290665, 0, {}]
[{"0": [25, 22, 30, 3, 2, 3, 2, 2, 0, 0, 4, 1, 2, 1, 0, 2, 1]}, null, null, 77, false, [], false, 0, [], null, 0, 1744388542.0379977, 0, {}]
[{"0": [2, 2, 3, 0, 1, 2, 1, 2, 2, 0, 4, 2, 1, 4, 31, 20, 25]}, null, null, 77, false, [], false, 0, [], null, 0, 1744388542.248311, 0, {}]
[{"0": [4, 1, 4, 0, 2, 2, 3, 1, 1, 1, 2, 2, 1, 1, 2, 32, 33]}, null, null, 78, false, [], false, 0, [], null, 0, 1744388542.464239, 0, {}]
[{"0": [3, 1, 2, 0, 4, 2, 2, 0, 0, 0, 27, 28, 26, 24, 2, 5, 4]}, null, null, 78, false, [], false, 0, [], null, 0, 1744388542.687452, 0, {}]
[{"0": [0, 2, 2, 1, 0, 3, 2, 0, 1, 1, 4, 0, 2, 4, 2, 4, 1]}, null, null, 79, false, [], false, 0, [], null, 0, 1744388542.911099, 0, {}]
[{"0": [32, 25, 18, 26, 1, 2, 6, 1, 3, 0, 1, 1, 4, 2, 4, 2, 2]}, null, null, 80, false, [], false, 0, [], null, 0, 1744388543.1170661, 0, {}]
[{"0": [1, 1, 1, 2, 4, 1, 1, 3, 1, 0, 3, 3, 2, 24, 31, 2, 3]}, null, null, 80, false, [], false, 0, [], null, 0, 1744388543.3332992, 0, {}]
[{"0": [2, 3, 0, 2, 2, 3, 2, 2, 1, 2, 2, 2, 2, 1, 3, 25, 26]}, null, null, 81, false, [], false, 0, [], null, 0, 1744388543.5355008, 0, {}]
[{"0": [1, 0, 1, 2, 0, 2, 1, 1, 4, 1, 0, 2, 4, 1, 25, 22, 0]}, null, null, 81, false, [], false, 0, [], null, 0, 1744388543.7567449, 0, {}]
[{"0": [1, 3, 1, 5, 0, 2, 1, 3, 28, 34, 26, 2, 0, 1, 1, 5, 1]}, null, null, 82, false, [], false, 0, [], null, 0, 1744388543.9733388, 0, {}]
[{"0": [2, 2, 30, 24, 1, 2, 0, 0, 3, 2, 3, 0, 4, 1, 0, 4, 3]}, null, null, 83, false, [], false, 0, [], null, 0, 1744388544.1859715, 0, {}]
[{"0": [2, 1, 2, 1, 3, 4, 1, 0, 3, 2, 4, 1, 5, 1, 1, 5, 3]}, null, null, 83, false, [], false, 0, [], null, 0, 1744388544.4046192, 0, {}]
[{"0": [2, 0, 1, 1, 2, 2, 2, 2, 26, 38, 39, 24, 24, 37, 3, 2, 0]}, null, null, 84, false, [], false, 0, [], null, 0, 1744388544.6220407, 0, {}]
[{"0": [39, 24, 32, 30, 25, 32, 28, 2, 3, 5, 2, 2, 2, 4, 0, 2, 5]}, null, null, 84, false, [], false, 0, [], null, 0, 1744388544.8418028, 0, {}]
[{"0": [0, 1, 2, 2, 1, 1, 1, 1, 0, 2, 1, 1, 7, 2, 31, 21, 30]}, null, null, 85, false, [], false, 0, [], null, 0, 1744388545.0600512, 0, {}]
[{"0": [1, 5, 28, 34, 26, 27, 33, 25, 39, 26, 35, 25, 31, 0, 0, 1, 1]}, null, null, 86, false, [], false, 0, [], null, 0, 1744388545.27693, 0, {}]
[{"0": [2, 0, 1, 2, 1, 1, 1, 2, 5, 27, 1, 1, 0, 2, 0, 2, 2]}, null, null, 86, false, [], false, 0, [], null, 0, 1744388545.4915738, 0, {}]
[{"0": [30, 0, 5, 2, 0, 1, 1, 0, 3, 1, 0, 0, 0, 4, 2, 1, 1]}, null, null, 87, false, [], false, 0, [], null, 0, 1744388545.7220073, 0, {}]
[{"0": [0, 2, 2, 2, 22, 24, 3, 6, 1, 1, 1, 1, 2, 2, 3, 2, 1]}, null, null, 87, false, [], false, 0, [], null, 0, 1744388545.924832, 0, {}]
[{"0": [1, 4, 0, 2, 3, 1, 5, 1, 3, 27, 18, 26, 26, 31, 25, 18, 25]}, null, null, 88, false, [], false, 0, [], null, 0, 1744388546.1427286, 0, {}]
[{"0": [1, 0, 1, 1, 2, 43, 30, 1, 1, 4, 1, 0, 1, 1, 0, 2, 1]}, null, null, 89, false, [], false, 0, [], null, 0, 1744388546.3584228, 0, {}]
[{"0": [0, 4, 1, 4, 1, 4, 4, 1, 26, 36, 2, 2, 3, 1, 1, 3, 4]}, null, null, 89, false, [], false, 0, [], null, 0, 1744388546.5892892, 0, {}]
[{"0": [1, 1, 0, 2, 2, 1, 24, 24, 28, 1, 2, 1, 1, 5, 2, 2, 2]}, null, null, 90, false, [], false, 0, [], null, 0, 1744388546.8027048, 0, {}]
[{"0": [1, 2, 5, 1, 1, 3, 1, 0, 0, 3, 0, 1, 1, 1, 3, 28, 27]}, null, null, 90, false, [], false, 0, [], null, 0, 1744388547.0224369, 0, {}]
[{"0": [3, 4, 1, 3, 5, 1, 1, 2, 1, 1, 3, 2, 29, 31, 40, 0, 2]}, null, null, 91, false, [], false, 0, [], null, 0, 1744388547.2341356, 0, {}]
[{"0": [1, 2, 0, 1, 1, 23, 24, 24, 28, 29, 37, 3, 1, 0, 2, 5, 0]}, null, null, 92, false, [], false, 0, [], null, 0, 1744388547.437148, 0, {}]
[{"0": [0, 5, 42, 23, 41, 19, 3, 5, 0, 3, 3, 1, 1, 0, 0, 1, 2]}, null, null, 92, false, [], false, 0, [], null, 0, 1744388547.6586301, 0, {}]
[{"0": [2, 4, 1, 2, 1, 0, 2, 0, 1, 0, 4, 1, 4, 1, 1, 26, 24]}, null, null, 93, false, [], false, 0, [], null, 0, 1744388547.8796375, 0, {}]
[{"0": [2, 1, 0, 2, 1, 30, 42, 28, 25, 18, 26, 31, 27, 20, 26, 29, 36]}, null, null, 93, false, [], false, 0, [], null, 0, 1744388548.092591, 0, {}]
[{"0": [2, 1, 2, 2, 1, 1, 3, 5, 28, 31, 28, 25, 0, 2, 0, 3, 0]}, null, null, 94, false, [], false, 0, [], null, 0, 1744388548.3205552, 0, {}]
[{"0": [2, 1, 1, 4, 1, 27, 27, 27, 29, 28, 28, 0, 1, 4, 6, 1, 2]}, null, null, 95, false, [], false, 0, [], null, 0, 1744388548.5287685, 0, {}]
[{"0": [3, 0, 1, 4, 2, 3, 1, 2, 2, 1, 1, 3, 1, 2, 0, 27, 32]}, null, null, 95, false, [], false, 0, [], null, 0, 1744388548.7614365, 0, {}]
[{"0": [2, 4, 3, 4, 1, 2, 3, 2, 2, 0, 2, 1, 1, 0, 1, 1, 2]}, null, null, 96, false, [], false, 0, [], null, 0, 1744388548.9514809, 0, {}]
[{"0": [1, 2, 2, 1, 4, 0, 4, 2, 0, 2, 31, 25, 21, 29, 27, 38, 22]}, null, null, 96, false, [], false, 0, [], null, 0, 1744388549.1780431, 0, {}]
[{"0": [3, 1, 3, 1, 2, 0, 2, 1, 1, 4, 1, 2, 4, 4, 40, 31, 24]}, null, null, 97, false, [], false, 0, [], null, 0, 1744388549.403472, 0, {}]
[{"0": [1, 2, 4, 1, 1, 1, 2, 3, 0, 2, 3, 2, 1, 1, 0, 27, 35]}, null, null, 98, false, [], false, 0, [], null, 0, 1744388549.606713, 0, {}]
[{"0": [2, 3, 4, 1, 4, 2, 2, 3, 2, 1, 19, 29, 28, 19, 22, 37, 33]}, null, null, 98, false, [], false, 0, [], null, 0, 1744388549.8342884, 0, {}]
[{"0": [3, 2, 0, 0, 3, 1, 0, 5, 1, 1, 1, 3, 17, 4, 0, 3, 3]}, null, null, 99, false, [], false, 0, [], null, 0, 1744388550.0507302, 0, {}]
[{"0": [0, 2, 0, 2, 1, 1, 30, 1, 1, 1, 3, 4, 2, 2, 3, 1, 2]}, null, null, 99, false, [], false, 0, [], null, 0, 1744388550.2580721, 0, {}]
[{"0": [0, 2, 2, 0, 1, 4, 29, 4, 3, 1, 6, 1, 0, 3, 2, 1, 3]}, null, null, 100, false, [], false, 0, [], null, 0, 1744388550.481105, 0, {}]
[{"0": [1, 3, 2, 35, 38, 3, 2, 2, 1, 3, 2, 3, 1, 5, 5, 1, 3]}, null, null, 101, false, [], false, 0, [], null, 0, 1744388550.69408, 0, {}]
[{"0": [22, 24, 37, 30, 28, 32, 31, 28, 31, 29, 33, 36, 20, 31, 28, 2, 2]}, null, null, 101, false, [], false, 0, [], null, 0, 1744388550.9105816, 0, {}]
[{"0": [4, 4, 2, 0, 1, 1, 3, 1, 4, 2, 3, 2, 28, 25, 26, 21, 29]}, null, null, 102, false, [], false, 0, [], null, 0, 1744388551.118809, 0, {}]
[{"0": [0, 1, 3, 0, 1, 1, 1, 0, 2, 1, 5, 1, 2, 1, 21, 38, 1]}, null, null, 102, false, [], false, 0, [], null, 0, 1744388551.338715, 0, {}]
[{"0": [2, 0, 1, 3, 1, 2, 2, 27, 34, 30, 1, 4, 2, 4, 0, 0, 1]}, null, null, 103, false, [], false, 0, [], null, 0, 1744388551.5607796, 0, {}]
[{"0": [3, 2, 2, 3, 2, 1, 3, 3, 1, 30, 2, 1, 2, 2, 2, 1, 3]}, null, null, 104, false, [], false, 0, [], null, 0, 1744388551.7715309, 0, {}]
[{"0": [2, 1, 2, 2, 2, 4, 4, 2, 0, 6, 2, 1, 1, 3, 2, 0, 3]}, null, null, 104, false, [], false, 0, [], null, 0, 1744388552.0011382, 0, {}]
[{"0": [3, 2, 2, 2, 2, 2, 1, 2, 3, 1, 3, 3, 31, 34, 28, 2, 2]}, null, null, 105, false, [], false, 0, [], null, 0, 1744388552.2021406, 0, {}]
[{"0": [27, 31, 25, 28, 39, 23, 33, 27, 31, 18, 34, 35, 29, 42, 35, 22, 39]}, null, null, 105, false, [], false, 0, [], null, 0, 1744388552.4264507, 0, {}]
[{"0": [1, 2, 1, 1, 2, 3, 2, 2, 2, 2, 0, 0, 32, 26, 25, 22, 30]}, null, null, 106, false, [], false, 0, [], null, 0, 1744388552.6513693, 0, {}]
[{"0": [19, 21, 25, 31, 30, 26, 1, 1, 2, 0, 4, 2, 1, 3, 2, 2, 1]}, null, null, 107, false, [], false, 0, [], null, 0, 1744388552.8569746, 0, {}]
[{"0": [1, 3, 3, 3, 2, 0, 0, 1, 39, 20, 31, 1, 1, 2, 1, 4, 2]}, null, null, 107, false, [], false, 0, [], null, 0, 1744388553.0827007, 0, {}]
[{"0": [30, 40, 21, 37, 24, 34, 40, 34, 25, 26, 24, 3, 1, 1, 2, 1, 1]}, null, null, 108, false, [], false, 0, [], null, 0, 1744388553.3031638, 0, {}]
[{"0": [1, 2, 4, 2, 2, 0, 2, 1, 1, 1, 27, 37, 32, 2, 3, 1, 2]}, null, null, 108, false, [], false, 0, [], null, 0, 1744388553.5104563, 0, {}]
[{"0": [2, 1, 2, 6, 0, 0, 3, 2, 1, 3, 1, 1, 0, 1, 1, 31, 21]}, null, null, 109, false, [], false, 0, [], null, 0, 1744388553.735518, 0, {}]
[{"0": [4, 4, 1, 2, 0, 1, 2, 0, 1, 21, 22, 1, 2, 6, 2, 3, 1]}, null, null, 110, false, [], false, 0, [], null, 0, 1744388553.9441633, 0, {}]
[{"0": [0, 2, 0, 2, 3, 0, 1, 0, 4, 4, 2, 0, 26, 30, 34, 32, 34]}, null, null, 110, false, [], false, 0, [], null, 0, 1744388554.171831, 0, {}]
[{"0": [2, 0, 3, 1, 1, 1, 0, 27, 27, 32, 29, 21, 26, 1, 1, 3, 1]}, null, null, 111, false, [], false, 0, [], null, 0, 1744388554.3839023, 0, {}]
[{"0": [2, 1, 2, 2, 3, 1, 2, 1, 2, 2, 2, 2, 4, 2, 25, 26, 19]}, null, null, 111, false, [], false, 0, [], null, 0, 1744388554.5976965, 0, {}]
[{"0": [1, 2, 2, 2, 4, 1, 1, 4, 2, 1, 0, 3, 5, 1, 1, 1, 4]}, null, null, 112, false, [], false, 0, [], null, 0, 1744388554.8115034, 0, {}]
[{"0": [1, 3, 3, 0, 0, 0, 2, 2, 28, 28, 30, 27, 38, 26, 32, 31, 23]}, null, null, 113, false, [], false, 0, [], null, 0, 1744388555.0344121, 0, {}]
[{"0": [4, 5, 6, 0, 5, 1, 32, 30, 31, 24, 33, 0, 1, 1, 2, 3, 3]}, null, null, 113, false, [], false, 0, [], null, 0, 1744388555.246934, 0, {}]
[{"0": [0, 2, 1, 0, 4, 2, 1, 2, 3, 3, 2, 1, 4, 0, 1, 35, 26]}, null, null, 114, false, [], false, 0, [], null, 0, 1744388555.4550426, 0, {}]
[{"0": [2, 0, 1, 3, 3, 3, 0, 1, 2, 3, 1, 25, 33, 24, 34, 34, 21]}, null, null, 114, false, [], false, 0, [], null, 0, 1744388555.6838162, 0, {}]
[{"0": [0, 0, 3, 1, 3, 0, 1, 2, 4, 3, 0, 23, 24, 37, 38, 24, 28]}, null, null, 115, false, [], false, 0, [], null, 0, 1744388555.8995283, 0, {}]
[{"0": [1, 1, 1, 2, 27, 27, 1, 3, 1, 0, 1, 4, 3, 2, 4, 1, 4]}, null, null, 116, false, [], false, 0, [], null, 0, 1744388556.121871, 0, {}]
[{"0": [2, 1, 3, 0, 1, 1, 2, 1, 5, 0, 0, 1, 1, 1, 1, 38, 31]}, null, null, 116, false, [], false, 0, [], null, 0, 1744388556.3333957, 0, {}]
[{"0": [8, 2, 3, 32, 27, 3, 3, 3, 0, 1, 2, 1, 3, 0, 1, 5, 1]}, null, null, 117, false, [], false, 0, [], null, 0, 1744388556.5421515, 0, {}]
[{"0": [24, 36, 27, 3, 4, 4, 1, 3, 1, 1, 0, 3, 1, 2, 0, 2, 2]}, null, null, 117, false, [], false, 0, [], null, 0, 1744388556.768523, 0, {}]
[{"0": [5, 1, 1, 1, 1, 1, 3, 1, 2, 1, 0, 2, 1, 0, 31, 16, 31]}, null, null, 118, false, [], false, 0, [], null, 0, 1744388556.982375, 0, {}]
[{"0": [2, 3, 0, 1, 2, 3, 3, 32, 34, 31, 29, 29, 23, 23, 37, 21, 23]}, null, null, 119, false, [], false, 0, [], null, 0, 1744388557.1977127, 0, {}]
[{"0": [21, 28, 3, 2, 1, 0, 1, 4, 2, 3, 1, 2, 1, 4, 3, 2, 5]}, null, null, 119, false, [], false, 0, [], null, 0, 1744388557.4060364, 0, {}]
[{"0": [3, 3, 1, 0, 0, 2, 23, 27, 25, 26, 22, 27, 17, 30, 38, 25, 0]}, null, null, 120, false, [], false, 0, [], null, 0, 1744388557.62615, 0, {}]
[{"0": [3, 0, 2, 1, 2, 1, 1, 6, 1, 4, 2, 1, 33, 35, 42, 27, 42]}, null, null, 120, false, [], false, 0, [], null, 0, 1744388557.8422647, 0, {}]
[{"0": [1, 2, 3, 1, 27, 21, 27, 23, 4, 1, 3, 1, 2, 2, 2, 2, 0]}, null, null, 121, false, [], false, 0, [], null, 0, 1744388558.057843, 0, {}]
[{"0": [2, 2, 4, 3, 3, 2, 0, 2, 1, 1, 0, 30, 31, 28, 26, 28, 19]}, null, null, 122, false, [], false, 0, [], null, 0, 1744388558.2816734, 0, {}]
[{"0": [5, 1, 0, 4, 1, 0, 1, 1, 3, 2, 0, 0, 1, 0, 21, 27, 38]}, null, null, 122, false, [], false, 0, [], null, 0, 1744388558.4982052, 0, {}]
[{"0": [4, 2, 0, 0, 5, 4, 4, 0, 28, 28, 1, 2, 0, 2, 3, 4, 1]}, null, null, 123, false, [], false, 0, [], null, 0, 1744388558.7089326, 0, {}]
[{"0": [0, 1, 37, 2, 5, 1, 1, 1, 0, 2, 2, 2, 0, 2, 1, 3, 1]}, null, null, 123, false, [], false, 0, [], null, 0, 1744388558.9295163, 0, {}]
[{"0": [2, 2, 2, 3, 3, 2, 2, 0, 2, 0, 5, 2, 1, 3, 1, 31, 21]}, null, null, 124, false, [], false, 0, [], null, 0, 1744388559.135126, 0, {}]
[{"0": [2, 3, 2, 3, 2, 0, 4, 1, 3, 0, 1, 33, 23, 3, 1, 0, 2]}, null, null, 125, false, [], false, 0, [], null, 0, 1744388559.365337, 0, {}]
[{"0": [28, 28, 4, 4, 1, 3, 5, 1, 4, 1, 2, 1, 2, 3, 5, 1, 1]}, null, null, 125, false, [], false, 0, [], null, 0, 1744388559.5772862, 0, {}]
[{"0": [2, 3, 2, 3, 0, 2, 4, 0, 0, 2, 4, 1, 2, 4, 5, 28, 26]}, null, null, 126, false, [], false, 0, [], null, 0, 1744388559.7943118, 0, {}]
[{"0": [1, 4, 3, 3, 4, 1, 3, 32, 2, 2, 4, 2, 1, 0, 3, 2, 0]}, null, null, 127, false, [], false, 0, [], null, 0, 1744388560.0121891, 0, {}]
[{"0": [1, 0, 1, 1, 1, 2, 1, 28, 24, 21, 19, 30, 25, 18, 39, 39, 24]}, null, null, 127, false, [], false, 0, [], null, 0, 1744388560.2239926, 0, {}]
[{"0": [2, 2, 2, 1, 2, 0, 0, 1, 4, 2, 3, 1, 1, 2, 25, 33, 34]}, null, null, 128, false, [], false, 0, [], null, 0, 1744388560.451543, 0, {}]
[{"0": [2, 2, 2, 21, 30, 32, 26, 30, 32, 28, 25, 20, 32, 26, 29, 22, 28]}, null, null, 128, false, [], false, 0, [], null, 0, 1744388560.6647522, 0, {}]
[{"0": [0, 3, 2, 3, 0, 1, 2, 3, 1, 20, 23, 20, 25, 24, 26, 24, 30]}, null, null, 129, false, [], false, 0, [], null, 0, 1744388560.8711395, 0, {}]
[{"0": [2, 2, 0, 2, 1, 2, 1, 3, 3, 2, 2, 1, 1, 29, 0, 5, 6]}, null, null, 130, false, [], false, 0, [], null, 0, 1744388561.0907335, 0, {}]
[{"0": [5, 2, 3, 2, 2, 3, 2, 4, 1, 2, 0, 0, 0, 1, 2, 0, 3]}, null, null, 130, false, [], false, 0, [], null, 0, 1744388561.299748, 0, {}]
[{"0": [2, 1, 1, 3, 3, 0, 3, 2, 2, 2, 3, 2, 3, 1, 0, 1, 1]}, null, null, 131, false, [], false, 0, [], null, 0, 1744388561.5208516, 0, {}]
[{"0": [40, 42, 3, 2, 1, 0, 4, 1, 6, 0, 3, 2, 0, 2, 2, 1, 2]}, null, null, 131, false, [], false, 0, [], null, 0, 1744388561.7407634, 0, {}]
[{"0": [25, 28, 30, 21, 23, 34, 31, 35, 34, 44, 24, 32, 32, 17, 29, 1, 2]}, null, null, 132, false, [], false, 0, [], null, 0, 1744388561.9638803, 0, {}]
[{"0": [3, 3, 2, 2, 2, 3, 4, 1, 1, 0, 1, 1, 25, 25, 27, 26, 42]}, null, null, 133, false, [], false, 0, [], null, 0, 1744388562.1656206, 0, {}]
[{"0": [1, 5, 1, 2, 3, 2, 30, 35, 29, 31, 2, 1, 2, 0, 1, 4, 1]}, null, null, 133, false, [], false, 0, [], null, 0, 1744388562.387616, 0, {}]
[{"0": [4, 1, 5, 4, 1, 0, 0, 40, 36, 25, 29, 3, 2, 5, 1, 2, 1]}, null, null, 134, false, [], false, 0, [], null, 0, 1744388562.6124864, 0, {}]
[{"0": [1, 0, 2, 0, 30, 25, 31, 23, 24, 24, 38, 34, 19, 32, 41, 3, 1]}, null, null, 134, false, [], false, 0, [], null, 0, 1744388562.823733, 0, {}]
[{"0": [0, 4, 3, 3, 2, 1, 2, 3, 4, 1, 2, 1, 0, 1, 4, 2, 1]}, null, null, 135, false, [], false, 0, [], null, 0, 1744388563.0399177, 0, {}]
[{"0": [2, 3, 3, 1, 0, 2, 2, 0, 1, 3, 4, 2, 2, 4, 1, 4, 5]}, null, null, 136, false, [], false, 0, [], null, 0, 1744388563.268032, 0, {}]
[{"0": [2, 1, 1, 1, 3, 1, 4, 3, 5, 2, 4, 3, 1, 1, 0, 2, 2]}, null, null, 136, false, [], false, 0, [], null, 0, 1744388563.4658937, 0, {}]
[{"0": [1, 1, 34, 23, 1, 2, 0, 4, 1, 1, 1, 0, 0, 0, 2, 3, 3]}, null, null, 137, false, [], false, 0, [], null, 0, 1744388563.6929386, 0, {}]
[{"0": [1, 2, 1, 1, 33, 36, 34, 32, 0, 0, 2, 1, 3, 0, 3, 2, 1]}, null, null, 137, false, [], false, 0, [], null, 0, 1744388563.9103081, 0, {}]
[{"0": [4, 0, 23, 27, 34, 30, 32, 31, 16, 23, 33, 5, 3, 5, 0, 2, 2]}, null, null, 138, false, [], false, 0, [], null, 0, 1744388564.11059, 0, {}]
[{"0": [2, 1, 2, 0, 2, 1, 3, 37, 26, 1, 3, 1, 1, 3, 2, 2, 2]}, null, null, 139, false, [], false, 0, [], null, 0, 1744388564.3412182, 0, {}]
[{"0": [1, 3, 26, 35, 24, 1, 2, 3, 4, 1, 2, 3, 4, 1, 1, 0, 3]}, null, null, 139, false, [], false, 0, [], null, 0, 1744388564.552384, 0, {}]
[{"0": [2, 2, 2, 1, 0, 1, 0, 4, 3, 2, 3, 1, 1, 2, 28, 2, 2]}, null, null, 140, false, [], false, 0, [], null, 0, 1744388564.7837484, 0, {}]
[{"0": [2, 2, 2, 2, 2, 0, 4, 0, 2, 1, 1, 5, 5, 1, 3, 1, 3]}, null, null, 140, false, [], false, 0, [], null, 0, 1744388564.9909596, 0, {}]
[{"0": [0, 2, 0, 0, 0, 1, 35, 1, 2, 1, 3, 1, 0, 1, 1, 0, 1]}, null, null, 141, false, [], false, 0, [], null, 0, 1744388565.2092876, 0, {}]
[{"0": [0, 2, 3, 3, 4, 1, 1, 32, 0, 4, 1, 0, 2, 3, 4, 0, 2]}, null, null, 142, false, [], false, 0, [], null, 0, 1744388565.4285076, 0, {}]
[{"0": [0, 2, 1, 3, 1, 0, 5, 4, 3, 1, 2, 4, 30, 30, 2, 1, 1]}, null, null, 142, false, [], false, 0, [], null, 0, 1744388565.6414738, 0, {}]
[{"0": [3, 0, 2, 1, 4, 1, 3, 2, 2, 4, 0, 0, 2, 2, 30, 32, 24]}, null, null, 143, false, [], false, 0, [], null, 0, 1744388565.8543878, 0, {}]
[{"0": [3, 3, 0, 2, 3, 3, 3, 0, 0, 5, 0, 3, 30, 43, 28, 0, 7]}, null, null, 143, false, [], false, 0, [], null, 0, 1744388566.075807, 0, {}]
[{"0": [0, 2, 2, 0, 0, 0, 1, 2, 1, 3, 1, 0, 28, 30, 34, 1, 2]}, null, null, 144, false, [], false, 0, [], null, 0, 1744388566.2886877, 0, {}]
[{"0": [33, 34, 2, 1, 0, 0, 1, 3, 4, 4, 1, 1, 3, 1, 4, 1, 1]}, null, null, 145, false, [], false, 0, [], null, 0, 1744388566.501643, 0, {}]
[{"0": [0, 0, 1, 1, 3, 4, 1, 2, 0, 2, 4, 3, 1, 5, 20, 27, 31]}, null, null, 145, false, [], false, 0, [], null, 0, 1744388566.7342052, 0, {}]
[{"0": [3, 1, 2, 3, 5, 3, 0, 1, 2, 30, 34, 0, 0, 0, 1, 1, 3]}, null, null, 146, false, [], false, 0, [], null, 0, 1744388566.9438002, 0, {}]
[{"0": [2, 0, 2, 26, 34, 35, 31, 31, 26, 0, 2, 1, 0, 1, 0, 4, 1]}, null, null, 146, false, [], false, 0, [], null, 0, 1744388567.149775, 0, {}]
[{"0": [2, 2, 18, 3, 1, 2, 6, 1, 1, 2, 1, 37, 33, 41, 27, 35, 27]}, null, null, 147, false, [], false, 0, [], null, 0, 1744388567.3705564, 0, {}]
[{"0": [2, 1, 2, 0, 2, 2, 0, 1, 2, 1, 18, 29, 22, 39, 4, 0, 2]}, null, null, 148, false, [], false, 0, [], null, 0, 1744388567.6000307, 0, {}]
[{"0": [1, 26, 26, 27, 3, 1, 2, 0, 1, 1, 2, 2, 2, 1, 1, 2, 0]}, null, null, 148, false, [], false, 0, [], null, 0, 1744388567.8085454, 0, {}]
[{"0": [1, 2, 1, 2, 1, 1, 1, 1, 2, 2, 0, 3, 29, 34, 27, 23, 1]}, null, null, 149, false, [], false, 0, [], null, 0, 1744388568.0349982, 0, {}]
[{"0": [0, 0, 1, 3, 4, 3, 1, 4, 0, 5, 23, 25, 25, 23, 24, 30, 21]}, null, null, 149, false, [], false, 0, [], null, 0, 1744388568.2466733, 0, {}]
[{"0": [3, 6, 2, 1, 0, 2, 2, 2, 23, 1, 2, 1, 2, 3, 0, 1, 3]}, null, null, 150, true, [], false, 0, [], null, 0, 1744388568.4591062, 0, {}]
