[{"0": [0, 3, 3, 3, 0, 4, 2, 3, 2, 5, 2, 2, 2, 1, 0, 4, 0]}, null, null, 0, false, [], false, 0, [], null, 0, 1744376030.2108064, 0, {}]
[{"0": [3, 2, 3, 1, 1, 2, 1, 0, 0, 1, 4, 26, 26, 31, 28, 3, 0]}, null, null, 1, false, [], false, 0, [], null, 0, 1744376030.452556, 0, {}]
[{"0": [1, 1, 1, 3, 1, 2, 2, 2, 1, 4, 30, 21, 4, 5, 0, 1, 2]}, null, null, 1, false, [], false, 0, [], null, 0, 1744376030.6557417, 0, {}]
[{"0": [4, 2, 2, 26, 28, 2, 2, 1, 2, 2, 2, 0, 2, 0, 2, 2, 3]}, null, null, 2, false, [], false, 0, [], null, 0, 1744376030.8689404, 0, {}]
[{"0": [1, 0, 2, 2, 1, 0, 0, 1, 4, 2, 0, 3, 1, 0, 2, 1, 24]}, null, null, 2, false, [], false, 0, [], null, 0, 1744376031.0961, 0, {}]
[{"0": [2, 0, 2, 2, 2, 0, 0, 1, 4, 3, 28, 4, 1, 1, 3, 3, 1]}, null, null, 3, false, [], false, 0, [], null, 0, 1744376031.3024526, 0, {}]
[{"0": [18, 18, 30, 39, 18, 22, 0, 0, 5, 2, 0, 0, 1, 1, 2, 3, 1]}, null, null, 4, false, [], false, 0, [], null, 0, 1744376031.517897, 0, {}]
[{"0": [35, 11, 29, 25, 27, 22, 23, 27, 27, 31, 25, 43, 0, 3, 1, 1, 2]}, null, null, 4, false, [], false, 0, [], null, 0, 1744376031.7435799, 0, {}]
[{"0": [2, 3, 2, 1, 1, 1, 1, 3, 26, 28, 32, 25, 25, 24, 36, 23, 2]}, null, null, 5, false, [], false, 0, [], null, 0, 1744376031.9579191, 0, {}]
[{"0": [1, 1, 0, 4, 1, 3, 5, 0, 5, 2, 24, 25, 27, 0, 1, 3, 3]}, null, null, 5, false, [], false, 0, [], null, 0, 1744376032.1701593, 0, {}]
[{"0": [0, 0, 1, 5, 3, 2, 29, 25, 29, 28, 3, 0, 2, 1, 2, 2, 1]}, null, null, 6, false, [], false, 0, [], null, 0, 1744376032.3905895, 0, {}]
[{"0": [1, 3, 2, 1, 4, 0, 1, 2, 23, 29, 32, 26, 27, 1, 3, 2, 2]}, null, null, 7, false, [], false, 0, [], null, 0, 1744376032.614855, 0, {}]
[{"0": [4, 2, 2, 4, 32, 40, 19, 20, 2, 1, 2, 4, 0, 2, 1, 3, 2]}, null, null, 7, false, [], false, 0, [], null, 0, 1744376032.8230247, 0, {}]
[{"0": [2, 2, 3, 1, 1, 3, 24, 30, 35, 36, 1, 1, 1, 3, 0, 1, 2]}, null, null, 8, false, [], false, 0, [], null, 0, 1744376033.0365696, 0, {}]
[{"0": [2, 8, 3, 1, 2, 0, 1, 1, 0, 1, 25, 39, 31, 1, 0, 4, 2]}, null, null, 8, false, [], false, 0, [], null, 0, 1744376033.250187, 0, {}]
[{"0": [1, 3, 2, 20, 32, 2, 2, 0, 0, 1, 2, 2, 0, 3, 0, 3, 2]}, null, null, 9, false, [], false, 0, [], null, 0, 1744376033.4716353, 0, {}]
[{"0": [2, 2, 1, 1, 1, 0, 0, 1, 0, 2, 25, 21, 1, 1, 0, 2, 2]}, null, null, 10, false, [], false, 0, [], null, 0, 1744376033.7030416, 0, {}]
[{"0": [1, 3, 2, 2, 3, 0, 2, 2, 0, 2, 2, 1, 4, 0, 1, 4, 25]}, null, null, 10, false, [], false, 0, [], null, 0, 1744376033.907931, 0, {}]
[{"0": [3, 1, 1, 0, 2, 1, 2, 0, 1, 2, 31, 1, 0, 1, 2, 4, 4]}, null, null, 11, false, [], false, 0, [], null, 0, 1744376034.128985, 0, {}]
[{"0": [3, 0, 0, 1, 3, 1, 1, 4, 2, 2, 3, 1, 32, 1, 1, 0, 3]}, null, null, 11, false, [], false, 0, [], null, 0, 1744376034.3380735, 0, {}]
[{"0": [27, 34, 1, 1, 1, 6, 1, 1, 1, 1, 0, 2, 1, 2, 4, 4, 0]}, null, null, 12, false, [], false, 0, [], null, 0, 1744376034.5585501, 0, {}]
[{"0": [1, 2, 1, 2, 26, 28, 18, 35, 0, 1, 2, 4, 3, 5, 2, 2, 1]}, null, null, 13, false, [], false, 0, [], null, 0, 1744376034.7724752, 0, {}]
[{"0": [4, 1, 2, 1, 2, 3, 3, 3, 3, 2, 30, 34, 24, 24, 34, 3, 0]}, null, null, 13, false, [], false, 0, [], null, 0, 1744376034.9979582, 0, {}]
[{"0": [2, 0, 2, 22, 27, 28, 37, 1, 2, 2, 2, 0, 2, 4, 1, 2, 1]}, null, null, 14, false, [], false, 0, [], null, 0, 1744376035.2052858, 0, {}]
[{"0": [0, 1, 1, 3, 1, 2, 24, 23, 21, 23, 32, 23, 20, 3, 2, 1, 2]}, null, null, 14, false, [], false, 0, [], null, 0, 1744376035.430785, 0, {}]
[{"0": [1, 0, 3, 5, 1, 2, 1, 1, 3, 5, 1, 0, 4, 0, 3, 1, 3]}, null, null, 15, false, [], false, 0, [], null, 0, 1744376035.6348536, 0, {}]
[{"0": [4, 0, 2, 0, 1, 3, 2, 33, 0, 1, 5, 2, 1, 5, 2, 3, 4]}, null, null, 16, false, [], false, 0, [], null, 0, 1744376035.8502264, 0, {}]
[{"0": [1, 1, 4, 0, 1, 3, 1, 1, 6, 0, 0, 26, 29, 34, 26, 23, 18]}, null, null, 16, false, [], false, 0, [], null, 0, 1744376036.0684602, 0, {}]
[{"0": [0, 0, 0, 3, 2, 1, 2, 2, 1, 1, 0, 3, 0, 3, 0, 3, 4]}, null, null, 17, false, [], false, 0, [], null, 0, 1744376036.2819803, 0, {}]
[{"0": [1, 1, 1, 18, 31, 23, 5, 1, 0, 2, 2, 1, 3, 1, 2, 2, 1]}, null, null, 17, false, [], false, 0, [], null, 0, 1744376036.5021813, 0, {}]
[{"0": [1, 3, 1, 2, 2, 4, 4, 0, 1, 1, 1, 1, 1, 2, 23, 35, 30]}, null, null, 18, false, [], false, 0, [], null, 0, 1744376036.7171767, 0, {}]
[{"0": [3, 0, 0, 2, 0, 2, 1, 1, 0, 1, 2, 34, 23, 28, 27, 27, 35]}, null, null, 19, false, [], false, 0, [], null, 0, 1744376036.9343016, 0, {}]
[{"0": [1, 2, 2, 33, 32, 3, 3, 2, 1, 0, 2, 2, 1, 3, 3, 6, 3]}, null, null, 19, false, [], false, 0, [], null, 0, 1744376037.1524699, 0, {}]
[{"0": [2, 0, 0, 2, 2, 4, 0, 4, 0, 2, 2, 0, 2, 0, 1, 1, 38]}, null, null, 20, false, [], false, 0, [], null, 0, 1744376037.3739245, 0, {}]
[{"0": [0, 1, 5, 1, 3, 0, 0, 0, 0, 1, 3, 22, 28, 22, 2, 2, 3]}, null, null, 20, false, [], false, 0, [], null, 0, 1744376037.5830925, 0, {}]
[{"0": [2, 3, 2, 1, 4, 2, 2, 1, 30, 33, 24, 1, 1, 3, 6, 1, 2]}, null, null, 21, false, [], false, 0, [], null, 0, 1744376037.798326, 0, {}]
[{"0": [0, 2, 2, 2, 1, 3, 35, 24, 32, 17, 30, 25, 18, 32, 19, 1, 2]}, null, null, 22, false, [], false, 0, [], null, 0, 1744376038.0324745, 0, {}]
[{"0": [2, 24, 25, 16, 37, 25, 22, 32, 37, 16, 2, 0, 0, 1, 3, 2, 2]}, null, null, 22, false, [], false, 0, [], null, 0, 1744376038.239794, 0, {}]
[{"0": [1, 0, 1, 2, 1, 0, 1, 2, 2, 2, 0, 18, 19, 23, 33, 28, 21]}, null, null, 23, false, [], false, 0, [], null, 0, 1744376038.4509802, 0, {}]
[{"0": [26, 2, 1, 1, 4, 2, 4, 2, 4, 4, 2, 2, 4, 1, 1, 3, 3]}, null, null, 23, false, [], false, 0, [], null, 0, 1744376038.6663878, 0, {}]
[{"0": [2, 0, 3, 2, 1, 1, 3, 3, 2, 2, 32, 30, 1, 4, 3, 0, 2]}, null, null, 24, false, [], false, 0, [], null, 0, 1744376038.8985217, 0, {}]
[{"0": [0, 3, 1, 2, 5, 2, 0, 0, 1, 3, 2, 4, 41, 21, 33, 27, 30]}, null, null, 25, false, [], false, 0, [], null, 0, 1744376039.0985672, 0, {}]
[{"0": [3, 0, 1, 2, 1, 3, 0, 2, 1, 1, 1, 30, 34, 26, 36, 4, 5]}, null, null, 25, false, [], false, 0, [], null, 0, 1744376039.3127296, 0, {}]
[{"0": [3, 2, 1, 4, 23, 20, 28, 37, 20, 23, 32, 20, 23, 31, 30, 24, 35]}, null, null, 26, false, [], false, 0, [], null, 0, 1744376039.5452287, 0, {}]
[{"0": [2, 0, 5, 1, 4, 3, 1, 3, 2, 1, 33, 27, 19, 19, 1, 2, 2]}, null, null, 27, false, [], false, 0, [], null, 0, 1744376039.7520714, 0, {}]
[{"0": [30, 1, 1, 4, 3, 1, 1, 1, 3, 1, 1, 1, 22, 18, 28, 22, 24]}, null, null, 27, false, [], false, 0, [], null, 0, 1744376039.9667237, 0, {}]
[{"0": [2, 35, 21, 35, 27, 22, 25, 2, 0, 1, 2, 2, 2, 1, 3, 1, 2]}, null, null, 28, false, [], false, 0, [], null, 0, 1744376040.1959076, 0, {}]
[{"0": [0, 1, 3, 2, 1, 1, 35, 26, 31, 22, 2, 5, 0, 1, 0, 0, 1]}, null, null, 28, false, [], false, 0, [], null, 0, 1744376040.399609, 0, {}]
[{"0": [1, 2, 0, 2, 0, 0, 2, 2, 3, 1, 2, 1, 8, 0, 0, 2, 30]}, null, null, 29, false, [], false, 0, [], null, 0, 1744376040.6144712, 0, {}]
[{"0": [4, 2, 3, 3, 2, 3, 1, 4, 2, 1, 3, 2, 0, 4, 3, 2, 1]}, null, null, 30, false, [], false, 0, [], null, 0, 1744376040.8313518, 0, {}]
[{"0": [1, 0, 0, 2, 2, 3, 0, 2, 1, 30, 35, 31, 22, 31, 27, 36, 32]}, null, null, 30, false, [], false, 0, [], null, 0, 1744376041.047168, 0, {}]
[{"0": [0, 3, 2, 4, 0, 1, 0, 0, 4, 24, 1, 2, 1, 2, 2, 1, 3]}, null, null, 31, false, [], false, 0, [], null, 0, 1744376041.2771716, 0, {}]
[{"0": [21, 26, 2, 0, 1, 3, 2, 2, 3, 3, 3, 1, 2, 1, 2, 4, 2]}, null, null, 31, false, [], false, 0, [], null, 0, 1744376041.4788992, 0, {}]
[{"0": [3, 19, 1, 3, 1, 1, 0, 1, 1, 0, 1, 2, 2, 3, 1, 2, 3]}, null, null, 32, false, [], false, 0, [], null, 0, 1744376041.7128477, 0, {}]
[{"0": [1, 4, 0, 2, 2, 5, 1, 1, 2, 38, 31, 39, 32, 26, 28, 1, 1]}, null, null, 33, false, [], false, 0, [], null, 0, 1744376041.9189901, 0, {}]
[{"0": [2, 3, 1, 2, 3, 0, 1, 2, 2, 22, 2, 7, 0, 1, 4, 1, 0]}, null, null, 33, false, [], false, 0, [], null, 0, 1744376042.131674, 0, {}]
[{"0": [2, 3, 0, 2, 2, 1, 4, 3, 2, 1, 35, 2, 1, 3, 0, 0, 2]}, null, null, 34, false, [], false, 0, [], null, 0, 1744376042.3486772, 0, {}]
[{"0": [5, 4, 4, 4, 1, 0, 1, 25, 32, 1, 2, 3, 1, 0, 3, 1, 2]}, null, null, 34, false, [], false, 0, [], null, 0, 1744376042.5604746, 0, {}]
[{"0": [3, 4, 3, 2, 2, 7, 1, 24, 34, 33, 27, 27, 30, 25, 29, 19, 1]}, null, null, 35, false, [], false, 0, [], null, 0, 1744376042.7831998, 0, {}]
[{"0": [2, 0, 31, 28, 36, 1, 2, 0, 1, 1, 2, 0, 0, 1, 5, 0, 1]}, null, null, 36, false, [], false, 0, [], null, 0, 1744376042.9944751, 0, {}]
[{"0": [1, 22, 20, 26, 31, 26, 23, 38, 7, 2, 1, 1, 0, 3, 0, 2, 3]}, null, null, 36, false, [], false, 0, [], null, 0, 1744376043.2129343, 0, {}]
[{"0": [3, 4, 2, 2, 0, 1, 3, 0, 3, 37, 26, 24, 33, 31, 24, 29, 0]}, null, null, 37, false, [], false, 0, [], null, 0, 1744376043.4348865, 0, {}]
[{"0": [6, 0, 3, 0, 3, 1, 1, 3, 1, 5, 4, 5, 1, 23, 2, 2, 3]}, null, null, 37, false, [], false, 0, [], null, 0, 1744376043.6500194, 0, {}]
[{"0": [3, 5, 28, 36, 2, 3, 0, 1, 3, 2, 1, 1, 1, 1, 1, 1, 2]}, null, null, 38, false, [], false, 0, [], null, 0, 1744376043.8632758, 0, {}]
[{"0": [1, 1, 2, 1, 2, 1, 4, 17, 30, 1, 3, 1, 6, 1, 4, 3, 1]}, null, null, 39, false, [], false, 0, [], null, 0, 1744376044.0943341, 0, {}]
[{"0": [0, 4, 1, 1, 2, 3, 2, 5, 0, 29, 30, 30, 34, 27, 25, 25, 25]}, null, null, 39, false, [], false, 0, [], null, 0, 1744376044.300416, 0, {}]
[{"0": [3, 2, 1, 1, 0, 0, 3, 3, 2, 2, 4, 1, 28, 27, 36, 29, 19]}, null, null, 40, false, [], false, 0, [], null, 0, 1744376044.5147076, 0, {}]
[{"0": [6, 2, 0, 2, 1, 4, 4, 2, 3, 5, 5, 1, 3, 2, 25, 35, 18]}, null, null, 40, false, [], false, 0, [], null, 0, 1744376044.7301588, 0, {}]
[{"0": [2, 1, 4, 1, 2, 4, 2, 1, 0, 2, 5, 3, 1, 1, 25, 26, 29]}, null, null, 41, false, [], false, 0, [], null, 0, 1744376044.9469352, 0, {}]
[{"0": [1, 2, 2, 5, 1, 0, 1, 1, 37, 29, 3, 5, 2, 1, 1, 2, 2]}, null, null, 42, false, [], false, 0, [], null, 0, 1744376045.1656833, 0, {}]
[{"0": [3, 2, 3, 0, 0, 1, 1, 1, 3, 4, 1, 31, 31, 25, 34, 37, 21]}, null, null, 42, false, [], false, 0, [], null, 0, 1744376045.3834572, 0, {}]
[{"0": [2, 1, 3, 0, 3, 2, 1, 2, 2, 1, 2, 1, 2, 1, 4, 0, 2]}, null, null, 43, false, [], false, 0, [], null, 0, 1744376045.6007476, 0, {}]
[{"0": [3, 2, 0, 3, 1, 2, 2, 0, 31, 24, 30, 29, 19, 2, 3, 3, 7]}, null, null, 43, false, [], false, 0, [], null, 0, 1744376045.815068, 0, {}]
[{"0": [0, 4, 4, 2, 3, 2, 4, 26, 26, 26, 25, 2, 0, 2, 3, 2, 1]}, null, null, 44, false, [], false, 0, [], null, 0, 1744376046.0302954, 0, {}]
[{"0": [4, 2, 25, 32, 29, 35, 23, 34, 32, 33, 21, 37, 27, 31, 22, 32, 27]}, null, null, 45, false, [], false, 0, [], null, 0, 1744376046.2614026, 0, {}]
[{"0": [3, 2, 0, 3, 3, 2, 2, 30, 26, 23, 33, 27, 21, 42, 29, 28, 25]}, null, null, 45, false, [], false, 0, [], null, 0, 1744376046.4706264, 0, {}]
[{"0": [32, 2, 3, 1, 2, 1, 2, 3, 2, 2, 2, 3, 2, 0, 0, 4, 1]}, null, null, 46, false, [], false, 0, [], null, 0, 1744376046.6879756, 0, {}]
[{"0": [0, 2, 22, 34, 23, 30, 32, 25, 38, 27, 23, 12, 3, 2, 2, 2, 3]}, null, null, 46, false, [], false, 0, [], null, 0, 1744376046.9059963, 0, {}]
[{"0": [29, 2, 1, 1, 0, 3, 2, 0, 2, 4, 3, 1, 0, 2, 2, 1, 6]}, null, null, 47, false, [], false, 0, [], null, 0, 1744376047.121917, 0, {}]
[{"0": [1, 0, 1, 1, 1, 0, 4, 4, 28, 23, 30, 25, 23, 32, 28, 31, 26]}, null, null, 48, false, [], false, 0, [], null, 0, 1744376047.3367884, 0, {}]
[{"0": [2, 2, 0, 4, 1, 2, 32, 25, 32, 37, 34, 40, 27, 25, 36, 30, 29]}, null, null, 48, false, [], false, 0, [], null, 0, 1744376047.551162, 0, {}]
[{"0": [23, 33, 20, 24, 25, 33, 33, 0, 3, 2, 3, 1, 0, 1, 1, 3, 8]}, null, null, 49, false, [], false, 0, [], null, 0, 1744376047.774371, 0, {}]
[{"0": [31, 37, 2, 1, 1, 3, 2, 3, 0, 0, 0, 3, 4, 0, 1, 2, 0]}, null, null, 49, false, [], false, 0, [], null, 0, 1744376047.9812732, 0, {}]
[{"0": [3, 0, 0, 2, 4, 0, 0, 39, 4, 1, 3, 3, 2, 2, 4, 1, 3]}, null, null, 50, false, [], false, 0, [], null, 0, 1744376048.204841, 0, {}]
[{"0": [2, 2, 0, 0, 4, 4, 1, 4, 1, 25, 31, 30, 28, 19, 32, 18, 29]}, null, null, 51, false, [], false, 0, [], null, 0, 1744376048.41672, 0, {}]
[{"0": [3, 2, 4, 2, 28, 23, 15, 2, 4, 2, 2, 1, 2, 1, 4, 3, 5]}, null, null, 51, false, [], false, 0, [], null, 0, 1744376048.6318307, 0, {}]
[{"0": [2, 2, 2, 2, 4, 5, 1, 4, 0, 4, 29, 23, 23, 23, 34, 33, 35]}, null, null, 52, false, [], false, 0, [], null, 0, 1744376048.8505812, 0, {}]
[{"0": [0, 0, 1, 3, 10, 0, 1, 0, 2, 2, 3, 3, 2, 2, 2, 1, 1]}, null, null, 52, false, [], false, 0, [], null, 0, 1744376049.0680017, 0, {}]
[{"0": [2, 2, 1, 3, 0, 4, 3, 1, 2, 0, 2, 3, 25, 36, 28, 18, 30]}, null, null, 53, false, [], false, 0, [], null, 0, 1744376049.2932727, 0, {}]
[{"0": [2, 1, 0, 1, 1, 4, 1, 2, 1, 3, 0, 1, 1, 0, 0, 0, 1]}, null, null, 54, false, [], false, 0, [], null, 0, 1744376049.4958508, 0, {}]
[{"0": [3, 1, 3, 2, 3, 2, 2, 0, 0, 1, 28, 36, 22, 28, 28, 23, 19]}, null, null, 54, false, [], false, 0, [], null, 0, 1744376049.7168717, 0, {}]
[{"0": [2, 2, 4, 1, 3, 3, 0, 2, 2, 1, 2, 27, 32, 2, 1, 1, 0]}, null, null, 55, false, [], false, 0, [], null, 0, 1744376049.9434304, 0, {}]
[{"0": [31, 0, 0, 2, 2, 1, 5, 1, 0, 23, 24, 1, 1, 2, 1, 2, 0]}, null, null, 55, false, [], false, 0, [], null, 0, 1744376050.1667123, 0, {}]
[{"0": [4, 5, 2, 3, 43, 34, 1, 1, 3, 2, 2, 1, 1, 2, 1, 1, 2]}, null, null, 56, false, [], false, 0, [], null, 0, 1744376050.3620853, 0, {}]
[{"0": [1, 5, 2, 2, 0, 1, 2, 4, 2, 3, 0, 0, 3, 2, 3, 1, 21]}, null, null, 57, false, [], false, 0, [], null, 0, 1744376050.5939245, 0, {}]
[{"0": [5, 2, 2, 2, 2, 30, 0, 3, 2, 1, 3, 5, 4, 2, 1, 4, 2]}, null, null, 57, false, [], false, 0, [], null, 0, 1744376050.7992353, 0, {}]
[{"0": [1, 1, 1, 0, 0, 5, 0, 0, 1, 1, 1, 22, 23, 3, 0, 0, 2]}, null, null, 58, false, [], false, 0, [], null, 0, 1744376051.0131946, 0, {}]
[{"0": [2, 3, 3, 0, 1, 2, 4, 2, 28, 24, 32, 3, 3, 1, 5, 0, 2]}, null, null, 58, false, [], false, 0, [], null, 0, 1744376051.2352636, 0, {}]
[{"0": [0, 4, 2, 0, 0, 0, 1, 23, 22, 35, 27, 33, 35, 22, 20, 24, 30]}, null, null, 59, false, [], false, 0, [], null, 0, 1744376051.4512832, 0, {}]
[{"0": [3, 1, 1, 2, 4, 1, 2, 32, 41, 31, 32, 3, 3, 3, 1, 2, 3]}, null, null, 60, false, [], false, 0, [], null, 0, 1744376051.6723518, 0, {}]
[{"0": [3, 33, 4, 1, 1, 0, 0, 2, 2, 4, 33, 1, 1, 2, 0, 4, 1]}, null, null, 60, false, [], false, 0, [], null, 0, 1744376051.889646, 0, {}]
[{"0": [1, 4, 0, 3, 2, 2, 0, 3, 3, 1, 33, 21, 29, 31, 35, 33, 31]}, null, null, 61, false, [], false, 0, [], null, 0, 1744376052.1103132, 0, {}]
[{"0": [0, 0, 1, 26, 34, 29, 35, 34, 34, 25, 29, 19, 27, 1, 4, 6, 4]}, null, null, 61, false, [], false, 0, [], null, 0, 1744376052.3090084, 0, {}]
[{"0": [2, 3, 0, 1, 5, 27, 34, 23, 25, 24, 35, 30, 27, 30, 25, 34, 28]}, null, null, 62, false, [], false, 0, [], null, 0, 1744376052.532107, 0, {}]
[{"0": [26, 2, 2, 2, 2, 2, 3, 2, 0, 0, 4, 1, 3, 3, 1, 2, 1]}, null, null, 63, false, [], false, 0, [], null, 0, 1744376052.7434623, 0, {}]
[{"0": [3, 3, 3, 3, 1, 28, 39, 22, 26, 2, 2, 2, 1, 2, 3, 3, 5]}, null, null, 63, false, [], false, 0, [], null, 0, 1744376052.9631145, 0, {}]
[{"0": [1, 3, 1, 4, 2, 3, 1, 1, 1, 5, 1, 27, 26, 22, 3, 2, 1]}, null, null, 64, false, [], false, 0, [], null, 0, 1744376053.1817293, 0, {}]
[{"0": [3, 1, 32, 30, 32, 27, 26, 21, 41, 29, 32, 24, 29, 21, 31, 24, 33]}, null, null, 64, false, [], false, 0, [], null, 0, 1744376053.4096558, 0, {}]
[{"0": [0, 2, 38, 30, 38, 38, 30, 29, 30, 1, 1, 1, 2, 4, 2, 2, 0]}, null, null, 65, false, [], false, 0, [], null, 0, 1744376053.6224217, 0, {}]
[{"0": [1, 3, 1, 1, 3, 3, 2, 1, 2, 3, 0, 1, 4, 1, 0, 5, 0]}, null, null, 66, false, [], false, 0, [], null, 0, 1744376053.8398714, 0, {}]
[{"0": [37, 24, 34, 32, 1, 1, 4, 2, 2, 3, 2, 3, 4, 2, 2, 2, 1]}, null, null, 66, false, [], false, 0, [], null, 0, 1744376054.0560892, 0, {}]
[{"0": [22, 2, 1, 1, 2, 2, 3, 1, 1, 1, 2, 1, 3, 1, 2, 0, 3]}, null, null, 67, false, [], false, 0, [], null, 0, 1744376054.2779763, 0, {}]
[{"0": [29, 1, 1, 0, 0, 36, 28, 3, 3, 0, 1, 1, 1, 1, 1, 0, 2]}, null, null, 67, false, [], false, 0, [], null, 0, 1744376054.4776607, 0, {}]
[{"0": [29, 26, 39, 14, 32, 35, 36, 2, 1, 3, 2, 0, 1, 0, 1, 2, 3]}, null, null, 68, false, [], false, 0, [], null, 0, 1744376054.705245, 0, {}]
[{"0": [2, 4, 29, 26, 2, 1, 1, 2, 1, 2, 2, 0, 0, 1, 4, 2, 3]}, null, null, 69, false, [], false, 0, [], null, 0, 1744376054.9121788, 0, {}]
[{"0": [4, 1, 3, 1, 1, 1, 3, 2, 0, 2, 28, 34, 23, 26, 23, 27, 33]}, null, null, 69, false, [], false, 0, [], null, 0, 1744376055.1344392, 0, {}]
[{"0": [0, 1, 2, 0, 2, 25, 31, 35, 24, 31, 0, 3, 0, 6, 1, 2, 1]}, null, null, 70, false, [], false, 0, [], null, 0, 1744376055.3576608, 0, {}]
[{"0": [0, 6, 2, 2, 4, 3, 28, 25, 33, 1, 2, 3, 2, 1, 3, 1, 2]}, null, null, 70, false, [], false, 0, [], null, 0, 1744376055.5730393, 0, {}]
[{"0": [1, 3, 1, 1, 1, 1, 2, 28, 26, 2, 4, 1, 2, 1, 1, 1, 1]}, null, null, 71, false, [], false, 0, [], null, 0, 1744376055.7857223, 0, {}]
[{"0": [3, 3, 2, 2, 1, 23, 31, 31, 3, 2, 6, 2, 3, 1, 1, 1, 1]}, null, null, 72, false, [], false, 0, [], null, 0, 1744376056.0094216, 0, {}]
[{"0": [30, 21, 2, 0, 1, 3, 1, 2, 2, 0, 5, 3, 1, 1, 1, 3, 3]}, null, null, 72, false, [], false, 0, [], null, 0, 1744376056.2201297, 0, {}]
[{"0": [2, 1, 2, 1, 0, 2, 4, 2, 2, 29, 22, 27, 37, 25, 28, 34, 26]}, null, null, 73, false, [], false, 0, [], null, 0, 1744376056.4500036, 0, {}]
[{"0": [0, 2, 3, 0, 0, 0, 1, 2, 0, 0, 29, 1, 3, 1, 1, 0, 2]}, null, null, 73, false, [], false, 0, [], null, 0, 1744376056.6629395, 0, {}]
[{"0": [3, 1, 2, 2, 3, 0, 4, 1, 1, 1, 29, 24, 23, 29, 30, 2, 1]}, null, null, 74, false, [], false, 0, [], null, 0, 1744376056.8797183, 0, {}]
[{"0": [3, 1, 0, 0, 23, 37, 34, 15, 1, 1, 2, 1, 1, 0, 1, 1, 0]}, null, null, 75, false, [], false, 0, [], null, 0, 1744376057.0790553, 0, {}]
[{"0": [1, 3, 3, 2, 3, 3, 4, 0, 2, 4, 1, 2, 0, 3, 1, 1, 1]}, null, null, 75, false, [], false, 0, [], null, 0, 1744376057.314107, 0, {}]
[{"0": [1, 1, 2, 5, 2, 3, 1, 3, 2, 1, 0, 25, 27, 23, 35, 26, 24]}, null, null, 76, false, [], false, 0, [], null, 0, 1744376057.5278773, 0, {}]
[{"0": [0, 3, 3, 2, 2, 3, 2, 2, 0, 0, 26, 21, 1, 1, 1, 2, 1]}, null, null, 77, false, [], false, 0, [], null, 0, 1744376057.742954, 0, {}]
[{"0": [1, 2, 2, 3, 2, 2, 4, 3, 0, 0, 0, 33, 35, 27, 22, 25, 31]}, null, null, 77, false, [], false, 0, [], null, 0, 1744376057.9560468, 0, {}]
[{"0": [1, 3, 3, 2, 0, 1, 1, 1, 1, 1, 3, 5, 1, 1, 3, 3, 4]}, null, null, 78, false, [], false, 0, [], null, 0, 1744376058.171505, 0, {}]
[{"0": [2, 4, 1, 4, 2, 1, 0, 2, 0, 1, 1, 1, 2, 26, 33, 3, 3]}, null, null, 78, false, [], false, 0, [], null, 0, 1744376058.3857758, 0, {}]
[{"0": [1, 0, 4, 1, 2, 2, 1, 23, 24, 38, 31, 22, 1, 4, 1, 4, 2]}, null, null, 79, false, [], false, 0, [], null, 0, 1744376058.6115556, 0, {}]
[{"0": [1, 37, 26, 25, 31, 2, 2, 2, 1, 2, 5, 2, 0, 1, 0, 1, 2]}, null, null, 80, false, [], false, 0, [], null, 0, 1744376058.8267236, 0, {}]
[{"0": [2, 3, 2, 0, 5, 0, 2, 1, 1, 5, 2, 22, 19, 22, 25, 1, 4]}, null, null, 80, false, [], false, 0, [], null, 0, 1744376059.0303562, 0, {}]
[{"0": [0, 3, 1, 4, 0, 1, 3, 0, 0, 3, 0, 4, 2, 3, 1, 3, 4]}, null, null, 81, false, [], false, 0, [], null, 0, 1744376059.2452452, 0, {}]
[{"0": [2, 2, 3, 3, 2, 3, 1, 3, 26, 27, 29, 25, 23, 26, 0, 3, 3]}, null, null, 81, false, [], false, 0, [], null, 0, 1744376059.4636629, 0, {}]
[{"0": [1, 27, 22, 27, 5, 3, 3, 1, 2, 1, 1, 3, 3, 1, 1, 2, 1]}, null, null, 82, false, [], false, 0, [], null, 0, 1744376059.6934443, 0, {}]
[{"0": [24, 22, 0, 3, 3, 1, 4, 2, 2, 1, 1, 1, 6, 3, 0, 1, 1]}, null, null, 83, false, [], false, 0, [], null, 0, 1744376059.8985865, 0, {}]
[{"0": [1, 1, 0, 2, 2, 25, 28, 22, 26, 1, 1, 3, 1, 0, 1, 2, 1]}, null, null, 83, false, [], false, 0, [], null, 0, 1744376060.1217716, 0, {}]
[{"0": [2, 4, 2, 0, 1, 4, 0, 3, 0, 1, 0, 26, 36, 2, 1, 2, 2]}, null, null, 84, false, [], false, 0, [], null, 0, 1744376060.3335898, 0, {}]
[{"0": [20, 23, 27, 42, 3, 1, 2, 1, 2, 5, 0, 1, 1, 1, 2, 3, 2]}, null, null, 84, false, [], false, 0, [], null, 0, 1744376060.5582697, 0, {}]
[{"0": [3, 5, 2, 2, 0, 2, 1, 4, 1, 26, 39, 24, 31, 24, 30, 26, 23]}, null, null, 85, false, [], false, 0, [], null, 0, 1744376060.7690341, 0, {}]
[{"0": [1, 3, 2, 2, 4, 32, 27, 19, 15, 26, 31, 32, 35, 18, 0, 1, 2]}, null, null, 86, false, [], false, 0, [], null, 0, 1744376060.9801733, 0, {}]
[{"0": [4, 2, 4, 0, 27, 27, 34, 2, 3, 0, 1, 2, 3, 2, 2, 2, 1]}, null, null, 86, false, [], false, 0, [], null, 0, 1744376061.2067275, 0, {}]
[{"0": [2, 1, 2, 2, 5, 4, 2, 4, 1, 1, 3, 1, 2, 2, 2, 1, 1]}, null, null, 87, false, [], false, 0, [], null, 0, 1744376061.4176652, 0, {}]
[{"0": [1, 4, 1, 3, 5, 0, 1, 30, 34, 32, 1, 1, 3, 3, 0, 0, 1]}, null, null, 87, false, [], false, 0, [], null, 0, 1744376061.639483, 0, {}]
[{"0": [1, 3, 1, 4, 1, 2, 2, 2, 1, 31, 18, 0, 3, 1, 0, 3, 3]}, null, null, 88, false, [], false, 0, [], null, 0, 1744376061.8458035, 0, {}]
[{"0": [0, 3, 1, 3, 2, 1, 1, 2, 1, 1, 32, 20, 24, 2, 3, 2, 2]}, null, null, 89, false, [], false, 0, [], null, 0, 1744376062.0756643, 0, {}]
[{"0": [2, 3, 1, 2, 0, 1, 0, 3, 2, 1, 23, 23, 2, 2, 2, 7, 4]}, null, null, 89, false, [], false, 0, [], null, 0, 1744376062.2823882, 0, {}]
[{"0": [6, 2, 1, 0, 2, 3, 4, 0, 2, 22, 29, 30, 29, 29, 32, 2, 5]}, null, null, 90, false, [], false, 0, [], null, 0, 1744376062.5082107, 0, {}]
[{"0": [4, 0, 5, 0, 3, 2, 0, 5, 1, 1, 5, 3, 23, 0, 0, 0, 3]}, null, null, 90, false, [], false, 0, [], null, 0, 1744376062.7206903, 0, {}]
[{"0": [2, 1, 1, 1, 2, 2, 0, 4, 1, 3, 2, 30, 26, 30, 36, 26, 2]}, null, null, 91, false, [], false, 0, [], null, 0, 1744376062.9371896, 0, {}]
[{"0": [2, 1, 4, 1, 0, 2, 0, 3, 22, 2, 2, 2, 2, 3, 2, 1, 0]}, null, null, 92, false, [], false, 0, [], null, 0, 1744376063.1628819, 0, {}]
[{"0": [1, 3, 1, 4, 1, 0, 3, 4, 1, 0, 7, 0, 3, 0, 3, 1, 1]}, null, null, 92, false, [], false, 0, [], null, 0, 1744376063.366129, 0, {}]
[{"0": [1, 1, 2, 0, 4, 3, 1, 3, 1, 0, 2, 0, 1, 1, 1, 36, 37]}, null, null, 93, false, [], false, 0, [], null, 0, 1744376063.5844765, 0, {}]
[{"0": [0, 2, 23, 22, 1, 3, 2, 5, 2, 1, 3, 3, 4, 1, 0, 1, 0]}, null, null, 93, false, [], false, 0, [], null, 0, 1744376063.8056047, 0, {}]
[{"0": [5, 0, 5, 1, 2, 1, 2, 24, 31, 24, 0, 0, 0, 1, 0, 2, 3]}, null, null, 94, false, [], false, 0, [], null, 0, 1744376064.0148919, 0, {}]
[{"0": [0, 4, 0, 1, 0, 2, 3, 24, 27, 31, 2, 2, 3, 1, 2, 3, 0]}, null, null, 95, false, [], false, 0, [], null, 0, 1744376064.2360024, 0, {}]
[{"0": [2, 2, 0, 3, 3, 2, 0, 1, 0, 3, 28, 27, 0, 2, 4, 3, 1]}, null, null, 95, false, [], false, 0, [], null, 0, 1744376064.461494, 0, {}]
[{"0": [5, 4, 2, 2, 2, 6, 5, 2, 3, 1, 3, 3, 35, 33, 35, 19, 24]}, null, null, 96, false, [], false, 0, [], null, 0, 1744376064.671979, 0, {}]
[{"0": [2, 1, 2, 1, 0, 4, 1, 1, 30, 35, 33, 22, 23, 28, 31, 5, 1]}, null, null, 96, false, [], false, 0, [], null, 0, 1744376064.8962219, 0, {}]
[{"0": [3, 1, 0, 2, 0, 3, 23, 32, 5, 3, 1, 2, 0, 2, 1, 0, 3]}, null, null, 97, false, [], false, 0, [], null, 0, 1744376065.09632, 0, {}]
[{"0": [2, 1, 2, 0, 3, 4, 1, 3, 1, 3, 34, 21, 23, 1, 1, 1, 3]}, null, null, 98, false, [], false, 0, [], null, 0, 1744376065.314739, 0, {}]
[{"0": [0, 1, 3, 3, 1, 3, 2, 1, 3, 1, 1, 4, 2, 1, 2, 1, 1]}, null, null, 98, false, [], false, 0, [], null, 0, 1744376065.538701, 0, {}]
[{"0": [0, 2, 3, 1, 26, 31, 28, 20, 25, 3, 2, 2, 0, 1, 1, 1, 7]}, null, null, 99, false, [], false, 0, [], null, 0, 1744376065.7465918, 0, {}]
[{"0": [1, 2, 1, 1, 2, 28, 27, 32, 26, 33, 32, 35, 3, 2, 4, 3, 0]}, null, null, 99, false, [], false, 0, [], null, 0, 1744376065.9595468, 0, {}]
[{"0": [1, 3, 22, 2, 1, 2, 2, 5, 0, 1, 1, 2, 5, 4, 1, 2, 3]}, null, null, 100, false, [], false, 0, [], null, 0, 1744376066.1982188, 0, {}]
[{"0": [3, 0, 1, 0, 2, 1, 1, 2, 1, 2, 29, 33, 20, 28, 26, 24, 26]}, null, null, 101, false, [], false, 0, [], null, 0, 1744376066.3993962, 0, {}]
[{"0": [1, 2, 1, 0, 0, 3, 1, 4, 4, 4, 1, 5, 1, 3, 0, 2, 31]}, null, null, 101, false, [], false, 0, [], null, 0, 1744376066.622554, 0, {}]
[{"0": [0, 4, 2, 1, 2, 3, 1, 27, 28, 29, 33, 33, 1, 3, 1, 4, 1]}, null, null, 102, false, [], false, 0, [], null, 0, 1744376066.837131, 0, {}]
[{"0": [24, 5, 2, 4, 1, 1, 2, 1, 2, 3, 6, 1, 1, 1, 33, 1, 1]}, null, null, 102, false, [], false, 0, [], null, 0, 1744376067.0548575, 0, {}]
[{"0": [1, 3, 3, 1, 1, 0, 2, 1, 2, 2, 34, 31, 24, 24, 3, 2, 4]}, null, null, 103, false, [], false, 0, [], null, 0, 1744376067.270478, 0, {}]
[{"0": [1, 0, 3, 2, 2, 0, 0, 5, 0, 2, 1, 1, 2, 0, 0, 3, 0]}, null, null, 104, false, [], false, 0, [], null, 0, 1744376067.4840126, 0, {}]
[{"0": [0, 1, 1, 3, 2, 2, 4, 2, 2, 1, 29, 1, 3, 3, 0, 3, 2]}, null, null, 104, false, [], false, 0, [], null, 0, 1744376067.6990404, 0, {}]
[{"0": [0, 0, 1, 3, 5, 2, 1, 0, 28, 27, 43, 26, 36, 26, 25, 32, 22]}, null, null, 105, false, [], false, 0, [], null, 0, 1744376067.9145052, 0, {}]
[{"0": [0, 1, 3, 1, 0, 2, 3, 2, 3, 1, 1, 1, 23, 25, 32, 24, 33]}, null, null, 105, false, [], false, 0, [], null, 0, 1744376068.1313736, 0, {}]
[{"0": [1, 1, 3, 1, 3, 2, 0, 2, 1, 1, 1, 1, 2, 0, 3, 0, 2]}, null, null, 106, false, [], false, 0, [], null, 0, 1744376068.3450177, 0, {}]
[{"0": [1, 3, 4, 1, 1, 2, 2, 4, 2, 22, 26, 33, 30, 28, 29, 28, 22]}, null, null, 107, false, [], false, 0, [], null, 0, 1744376068.5627859, 0, {}]
[{"0": [1, 2, 1, 30, 23, 32, 19, 30, 0, 2, 6, 1, 3, 3, 0, 3, 4]}, null, null, 107, false, [], false, 0, [], null, 0, 1744376068.7763999, 0, {}]
[{"0": [1, 1, 2, 3, 2, 2, 1, 2, 0, 2, 2, 24, 27, 31, 38, 22, 30]}, null, null, 108, false, [], false, 0, [], null, 0, 1744376069.0063946, 0, {}]
[{"0": [3, 5, 1, 2, 2, 0, 3, 0, 22, 1, 5, 3, 5, 0, 1, 3, 0]}, null, null, 108, false, [], false, 0, [], null, 0, 1744376069.2171893, 0, {}]
[{"0": [27, 29, 32, 23, 30, 21, 24, 1, 0, 2, 3, 1, 0, 4, 3, 1, 2]}, null, null, 109, false, [], false, 0, [], null, 0, 1744376069.4377115, 0, {}]
[{"0": [3, 5, 0, 3, 6, 0, 2, 1, 4, 3, 4, 35, 25, 28, 20, 23, 35]}, null, null, 110, false, [], false, 0, [], null, 0, 1744376069.6592932, 0, {}]
[{"0": [2, 1, 1, 2, 3, 28, 2, 3, 4, 2, 5, 0, 4, 1, 2, 1, 2]}, null, null, 110, false, [], false, 0, [], null, 0, 1744376069.8758905, 0, {}]
[{"0": [1, 3, 4, 2, 2, 1, 1, 3, 4, 2, 29, 6, 3, 2, 2, 2, 3]}, null, null, 111, false, [], false, 0, [], null, 0, 1744376070.0897481, 0, {}]
[{"0": [2, 3, 1, 0, 4, 2, 1, 3, 0, 33, 38, 21, 28, 24, 27, 28, 3]}, null, null, 111, false, [], false, 0, [], null, 0, 1744376070.3095186, 0, {}]
[{"0": [0, 2, 1, 1, 4, 1, 0, 4, 1, 3, 0, 34, 29, 32, 32, 29, 21]}, null, null, 112, false, [], false, 0, [], null, 0, 1744376070.5182786, 0, {}]
[{"0": [0, 1, 31, 35, 28, 29, 19, 32, 1, 1, 3, 1, 3, 1, 2, 1, 0]}, null, null, 113, false, [], false, 0, [], null, 0, 1744376070.7289293, 0, {}]
[{"0": [1, 0, 2, 1, 0, 3, 4, 2, 5, 2, 4, 0, 32, 27, 28, 28, 26]}, null, null, 113, false, [], false, 0, [], null, 0, 1744376070.9527767, 0, {}]
[{"0": [2, 1, 0, 0, 0, 0, 4, 28, 41, 30, 3, 1, 0, 3, 1, 1, 2]}, null, null, 114, false, [], false, 0, [], null, 0, 1744376071.1830668, 0, {}]
[{"0": [5, 1, 2, 1, 1, 34, 25, 2, 6, 1, 3, 0, 2, 1, 1, 2, 3]}, null, null, 114, false, [], false, 0, [], null, 0, 1744376071.3991919, 0, {}]
[{"0": [2, 2, 0, 3, 1, 3, 5, 3, 0, 2, 0, 35, 26, 20, 20, 23, 29]}, null, null, 115, false, [], false, 0, [], null, 0, 1744376071.6168966, 0, {}]
[{"0": [2, 2, 30, 2, 2, 4, 3, 4, 3, 1, 1, 3, 1, 4, 2, 0, 2]}, null, null, 116, false, [], false, 0, [], null, 0, 1744376071.8242939, 0, {}]
[{"0": [1, 4, 5, 0, 3, 2, 1, 1, 18, 27, 30, 21, 26, 26, 38, 27, 31]}, null, null, 116, false, [], false, 0, [], null, 0, 1744376072.036746, 0, {}]
[{"0": [1, 3, 1, 2, 0, 2, 3, 3, 3, 1, 27, 32, 23, 31, 29, 27, 2]}, null, null, 117, false, [], false, 0, [], null, 0, 1744376072.2592804, 0, {}]
[{"0": [1, 3, 4, 2, 1, 6, 3, 1, 0, 4, 18, 1, 0, 4, 2, 5, 3]}, null, null, 117, false, [], false, 0, [], null, 0, 1744376072.4673686, 0, {}]
[{"0": [0, 3, 1, 1, 4, 1, 0, 0, 0, 29, 22, 35, 34, 21, 23, 15, 1]}, null, null, 118, false, [], false, 0, [], null, 0, 1744376072.6887238, 0, {}]
[{"0": [1, 0, 23, 32, 33, 30, 25, 1, 0, 1, 1, 3, 2, 4, 0, 5, 1]}, null, null, 119, false, [], false, 0, [], null, 0, 1744376072.899357, 0, {}]
[{"0": [5, 4, 1, 1, 1, 2, 35, 2, 1, 1, 2, 1, 2, 1, 2, 1, 2]}, null, null, 119, false, [], false, 0, [], null, 0, 1744376073.1243675, 0, {}]
[{"0": [3, 1, 1, 5, 2, 2, 2, 3, 2, 6, 34, 2, 2, 0, 1, 2, 0]}, null, null, 120, false, [], false, 0, [], null, 0, 1744376073.3343124, 0, {}]
[{"0": [0, 1, 2, 4, 3, 2, 0, 20, 3, 1, 1, 2, 1, 0, 29, 40, 32]}, null, null, 120, false, [], false, 0, [], null, 0, 1744376073.5693607, 0, {}]
[{"0": [0, 0, 3, 3, 2, 3, 2, 1, 1, 2, 0, 2, 2, 3, 6, 3, 27]}, null, null, 121, false, [], false, 0, [], null, 0, 1744376073.7769625, 0, {}]
[{"0": [3, 1, 2, 2, 2, 2, 3, 2, 17, 33, 5, 3, 3, 2, 3, 2, 2]}, null, null, 122, false, [], false, 0, [], null, 0, 1744376073.9936018, 0, {}]
[{"0": [5, 3, 1, 0, 1, 0, 2, 1, 1, 0, 4, 1, 30, 39, 39, 28, 24]}, null, null, 122, false, [], false, 0, [], null, 0, 1744376074.2063806, 0, {}]
[{"0": [0, 8, 1, 1, 1, 1, 0, 4, 23, 23, 37, 28, 0, 1, 0, 2, 3]}, null, null, 123, false, [], false, 0, [], null, 0, 1744376074.4237342, 0, {}]
[{"0": [1, 0, 2, 2, 6, 1, 1, 1, 1, 0, 27, 20, 0, 0, 1, 2, 0]}, null, null, 123, false, [], false, 0, [], null, 0, 1744376074.636369, 0, {}]
[{"0": [2, 0, 0, 1, 0, 4, 29, 4, 2, 3, 2, 2, 2, 0, 1, 1, 3]}, null, null, 124, false, [], false, 0, [], null, 0, 1744376074.8525004, 0, {}]
[{"0": [3, 3, 3, 0, 2, 2, 1, 2, 30, 0, 4, 2, 2, 2, 1, 1, 1]}, null, null, 125, false, [], false, 0, [], null, 0, 1744376075.0749626, 0, {}]
[{"0": [18, 29, 0, 1, 5, 1, 1, 0, 3, 2, 3, 2, 2, 0, 1, 3, 1]}, null, null, 125, false, [], false, 0, [], null, 0, 1744376075.302218, 0, {}]
[{"0": [27, 35, 4, 0, 1, 3, 3, 1, 2, 1, 1, 1, 2, 3, 2, 0, 2]}, null, null, 126, false, [], false, 0, [], null, 0, 1744376075.5141716, 0, {}]
[{"0": [33, 3, 6, 2, 1, 2, 1, 0, 1, 3, 4, 2, 0, 2, 5, 0, 0]}, null, null, 127, false, [], false, 0, [], null, 0, 1744376075.7223203, 0, {}]
[{"0": [1, 2, 25, 17, 22, 18, 26, 25, 40, 33, 30, 31, 40, 37, 26, 32, 25]}, null, null, 127, false, [], false, 0, [], null, 0, 1744376075.947956, 0, {}]
[{"0": [2, 5, 1, 1, 6, 0, 26, 2, 2, 3, 5, 1, 1, 1, 2, 1, 3]}, null, null, 128, false, [], false, 0, [], null, 0, 1744376076.166942, 0, {}]
[{"0": [1, 2, 0, 1, 1, 1, 1, 19, 39, 26, 27, 37, 34, 28, 4, 0, 0]}, null, null, 128, false, [], false, 0, [], null, 0, 1744376076.382508, 0, {}]
[{"0": [1, 0, 2, 1, 1, 2, 3, 2, 2, 5, 3, 0, 4, 2, 2, 3, 4]}, null, null, 129, false, [], false, 0, [], null, 0, 1744376076.5964856, 0, {}]
[{"0": [1, 0, 3, 2, 1, 2, 0, 0, 22, 25, 30, 27, 2, 3, 2, 3, 2]}, null, null, 130, false, [], false, 0, [], null, 0, 1744376076.7993128, 0, {}]
[{"0": [2, 37, 35, 29, 24, 26, 19, 23, 4, 1, 3, 0, 3, 2, 3, 3, 1]}, null, null, 130, false, [], false, 0, [], null, 0, 1744376077.0227685, 0, {}]
[{"0": [2, 0, 0, 6, 3, 35, 1, 1, 2, 0, 3, 4, 1, 2, 2, 0, 4]}, null, null, 131, false, [], false, 0, [], null, 0, 1744376077.2529619, 0, {}]
[{"0": [2, 2, 0, 0, 3, 3, 4, 2, 3, 27, 2, 2, 0, 2, 3, 0, 2]}, null, null, 131, false, [], false, 0, [], null, 0, 1744376077.4492774, 0, {}]
[{"0": [2, 1, 1, 1, 1, 2, 2, 2, 6, 1, 0, 1, 31, 30, 17, 19, 35]}, null, null, 132, false, [], false, 0, [], null, 0, 1744376077.6755958, 0, {}]
[{"0": [1, 4, 1, 35, 31, 31, 28, 27, 36, 2, 1, 3, 1, 1, 0, 1, 2]}, null, null, 133, false, [], false, 0, [], null, 0, 1744376077.8811848, 0, {}]
[{"0": [1, 1, 1, 3, 3, 3, 1, 2, 2, 31, 2, 2, 6, 0, 2, 1, 2]}, null, null, 133, false, [], false, 0, [], null, 0, 1744376078.109975, 0, {}]
[{"0": [2, 0, 2, 0, 3, 4, 2, 1, 0, 0, 2, 3, 0, 2, 3, 2, 5]}, null, null, 134, false, [], false, 0, [], null, 0, 1744376078.3222911, 0, {}]
[{"0": [0, 1, 5, 3, 2, 26, 23, 24, 1, 1, 3, 3, 2, 5, 0, 3, 3]}, null, null, 134, false, [], false, 0, [], null, 0, 1744376078.5407727, 0, {}]
[{"0": [33, 0, 4, 1, 3, 1, 2, 2, 3, 4, 3, 0, 0, 1, 0, 1, 1]}, null, null, 135, false, [], false, 0, [], null, 0, 1744376078.7552867, 0, {}]
[{"0": [1, 4, 1, 4, 2, 1, 3, 2, 2, 3, 3, 0, 5, 1, 3, 2, 2]}, null, null, 136, false, [], false, 0, [], null, 0, 1744376078.9803057, 0, {}]
[{"0": [4, 3, 1, 3, 2, 2, 2, 2, 2, 0, 39, 0, 2, 2, 3, 1, 0]}, null, null, 136, false, [], false, 0, [], null, 0, 1744376079.2002203, 0, {}]
[{"0": [2, 1, 1, 1, 1, 2, 3, 1, 6, 4, 1, 4, 2, 1, 2, 1, 23]}, null, null, 137, false, [], false, 0, [], null, 0, 1744376079.4210954, 0, {}]
[{"0": [3, 34, 1, 1, 0, 2, 0, 4, 1, 3, 3, 2, 0, 2, 1, 1, 2]}, null, null, 137, false, [], false, 0, [], null, 0, 1744376079.6170466, 0, {}]
[{"0": [2, 0, 2, 2, 1, 2, 27, 27, 21, 21, 22, 4, 1, 4, 0, 4, 1]}, null, null, 138, false, [], false, 0, [], null, 0, 1744376079.858793, 0, {}]
[{"0": [4, 35, 28, 30, 23, 23, 1, 2, 2, 0, 0, 1, 1, 4, 2, 2, 1]}, null, null, 139, false, [], false, 0, [], null, 0, 1744376080.0614913, 0, {}]
[{"0": [4, 2, 3, 6, 0, 4, 4, 0, 1, 1, 2, 33, 1, 1, 2, 1, 2]}, null, null, 139, false, [], false, 0, [], null, 0, 1744376080.2803745, 0, {}]
[{"0": [1, 3, 0, 0, 1, 1, 3, 1, 1, 4, 2, 0, 1, 0, 1, 0, 0]}, null, null, 140, false, [], false, 0, [], null, 0, 1744376080.5013309, 0, {}]
[{"0": [1, 0, 3, 2, 2, 0, 24, 30, 0, 0, 0, 1, 3, 2, 1, 1, 6]}, null, null, 140, false, [], false, 0, [], null, 0, 1744376080.7010725, 0, {}]
[{"0": [38, 40, 36, 25, 28, 18, 32, 1, 2, 2, 2, 2, 4, 2, 5, 3, 0]}, null, null, 141, false, [], false, 0, [], null, 0, 1744376080.9357872, 0, {}]
[{"0": [3, 1, 0, 7, 2, 2, 0, 7, 2, 3, 2, 2, 34, 27, 3, 2, 3]}, null, null, 142, false, [], false, 0, [], null, 0, 1744376081.144645, 0, {}]
[{"0": [1, 0, 1, 3, 3, 5, 4, 3, 2, 32, 26, 30, 23, 31, 25, 1, 1]}, null, null, 142, false, [], false, 0, [], null, 0, 1744376081.3708658, 0, {}]
[{"0": [1, 2, 1, 2, 2, 2, 1, 4, 22, 20, 32, 40, 30, 26, 28, 24, 26]}, null, null, 143, false, [], false, 0, [], null, 0, 1744376081.582723, 0, {}]
[{"0": [5, 0, 1, 1, 3, 3, 0, 1, 2, 3, 6, 1, 2, 27, 25, 34, 24]}, null, null, 143, false, [], false, 0, [], null, 0, 1744376081.7862623, 0, {}]
[{"0": [2, 1, 5, 0, 3, 4, 1, 1, 4, 34, 29, 31, 2, 0, 1, 3, 2]}, null, null, 144, false, [], false, 0, [], null, 0, 1744376081.9961238, 0, {}]
[{"0": [2, 2, 25, 30, 21, 31, 0, 3, 1, 6, 2, 1, 2, 1, 6, 2, 2]}, null, null, 145, false, [], false, 0, [], null, 0, 1744376082.2284164, 0, {}]
[{"0": [1, 2, 0, 1, 3, 1, 2, 2, 3, 1, 2, 23, 18, 13, 29, 23, 33]}, null, null, 145, false, [], false, 0, [], null, 0, 1744376082.452592, 0, {}]
[{"0": [2, 3, 3, 2, 1, 4, 3, 3, 0, 2, 25, 3, 3, 2, 4, 2, 1]}, null, null, 146, false, [], false, 0, [], null, 0, 1744376082.668632, 0, {}]
[{"0": [4, 3, 3, 0, 1, 3, 2, 6, 2, 23, 0, 1, 3, 8, 3, 1, 1]}, null, null, 146, false, [], false, 0, [], null, 0, 1744376082.8825336, 0, {}]
[{"0": [3, 0, 28, 19, 0, 2, 3, 0, 1, 3, 1, 0, 2, 2, 4, 0, 2]}, null, null, 147, false, [], false, 0, [], null, 0, 1744376083.0959451, 0, {}]
[{"0": [2, 2, 0, 1, 30, 26, 3, 0, 5, 1, 2, 3, 0, 3, 2, 4, 2]}, null, null, 148, false, [], false, 0, [], null, 0, 1744376083.3145216, 0, {}]
[{"0": [1, 0, 2, 2, 4, 2, 1, 6, 1, 2, 0, 34, 2, 1, 1, 1, 2]}, null, null, 148, false, [], false, 0, [], null, 0, 1744376083.5379992, 0, {}]
[{"0": [3, 1, 0, 2, 2, 1, 41, 31, 29, 27, 1, 3, 3, 0, 1, 3, 2]}, null, null, 149, false, [], false, 0, [], null, 0, 1744376083.7450035, 0, {}]
[{"0": [2, 3, 2, 0, 2, 1, 2, 2, 1, 2, 2, 34, 22, 35, 18, 35, 2]}, null, null, 149, false, [], false, 0, [], null, 0, 1744376083.9730256, 0, {}]
[{"0": [2, 3, 0, 0, 3, 1, 1, 1, 2, 4, 23, 2, 2, 3, 1, 4, 2]}, null, null, 150, true, [], false, 0, [], null, 0, 1744376084.1901853, 0, {}]
