[{"0": [2, 1, 0, 1, 2, 1, 0, 6, 1, 1, 0, 0, 0, 0, 1, 4, 0]}, null, null, 0, false, [], false, 0, [], null, 0, 1744376565.7865188, 0, {}]
[{"0": [0, 3, 3, 1, 2, 24, 26, 25, 33, 20, 25, 24, 27, 21, 26, 25, 24]}, null, null, 1, false, [], false, 0, [], null, 0, 1744376566.0189052, 0, {}]
[{"0": [2, 4, 2, 31, 29, 22, 25, 0, 0, 1, 0, 2, 3, 1, 2, 2, 2]}, null, null, 1, false, [], false, 0, [], null, 0, 1744376566.2689006, 0, {}]
[{"0": [2, 1, 2, 3, 0, 0, 4, 1, 18, 29, 25, 28, 15, 25, 23, 30, 27]}, null, null, 2, false, [], false, 0, [], null, 0, 1744376566.457186, 0, {}]
[{"0": [1, 3, 2, 0, 1, 2, 1, 3, 30, 25, 28, 26, 1, 3, 2, 1, 0]}, null, null, 2, false, [], false, 0, [], null, 0, 1744376566.665638, 0, {}]
[{"0": [1, 0, 1, 3, 3, 2, 4, 27, 39, 19, 26, 22, 28, 28, 31, 34, 29]}, null, null, 3, false, [], false, 0, [], null, 0, 1744376566.9036531, 0, {}]
[{"0": [4, 0, 1, 0, 0, 1, 1, 3, 2, 1, 5, 1, 4, 2, 30, 30, 31]}, null, null, 4, false, [], false, 0, [], null, 0, 1744376567.1083639, 0, {}]
[{"0": [1, 0, 20, 31, 36, 37, 26, 33, 20, 36, 1, 4, 1, 1, 1, 1, 1]}, null, null, 4, false, [], false, 0, [], null, 0, 1744376567.334215, 0, {}]
[{"0": [0, 28, 26, 35, 21, 0, 0, 1, 1, 1, 1, 1, 0, 2, 2, 3, 1]}, null, null, 5, false, [], false, 0, [], null, 0, 1744376567.550542, 0, {}]
[{"0": [6, 4, 2, 1, 0, 21, 28, 28, 30, 26, 1, 0, 4, 5, 0, 2, 3]}, null, null, 5, false, [], false, 0, [], null, 0, 1744376567.7564933, 0, {}]
[{"0": [1, 1, 2, 2, 2, 2, 1, 1, 4, 3, 29, 32, 29, 31, 33, 0, 1]}, null, null, 6, false, [], false, 0, [], null, 0, 1744376567.9705284, 0, {}]
[{"0": [1, 0, 1, 0, 1, 3, 0, 1, 1, 2, 28, 23, 24, 28, 2, 1, 3]}, null, null, 7, false, [], false, 0, [], null, 0, 1744376568.1839635, 0, {}]
[{"0": [27, 1, 2, 2, 3, 1, 4, 3, 0, 2, 1, 6, 3, 1, 0, 29, 35]}, null, null, 7, false, [], false, 0, [], null, 0, 1744376568.406036, 0, {}]
[{"0": [3, 2, 3, 5, 1, 6, 0, 0, 1, 2, 1, 1, 1, 1, 3, 1, 2]}, null, null, 8, false, [], false, 0, [], null, 0, 1744376568.634374, 0, {}]
[{"0": [3, 0, 0, 3, 1, 0, 2, 2, 2, 2, 1, 2, 1, 1, 1, 0, 2]}, null, null, 8, false, [], false, 0, [], null, 0, 1744376568.83981, 0, {}]
[{"0": [3, 2, 1, 0, 1, 1, 3, 3, 2, 1, 2, 2, 0, 1, 0, 26, 35]}, null, null, 9, false, [], false, 0, [], null, 0, 1744376569.0561576, 0, {}]
[{"0": [0, 4, 0, 1, 2, 4, 2, 0, 2, 1, 2, 26, 22, 32, 22, 26, 27]}, null, null, 10, false, [], false, 0, [], null, 0, 1744376569.2818046, 0, {}]
[{"0": [2, 1, 25, 26, 29, 2, 3, 2, 2, 2, 2, 1, 1, 3, 1, 0, 0]}, null, null, 10, false, [], false, 0, [], null, 0, 1744376569.502923, 0, {}]
[{"0": [2, 0, 6, 2, 2, 0, 1, 28, 2, 1, 3, 2, 1, 3, 0, 4, 1]}, null, null, 11, false, [], false, 0, [], null, 0, 1744376569.7143269, 0, {}]
[{"0": [0, 0, 4, 0, 2, 0, 1, 0, 4, 2, 1, 26, 28, 29, 3, 0, 0]}, null, null, 11, false, [], false, 0, [], null, 0, 1744376569.914614, 0, {}]
[{"0": [0, 2, 2, 0, 0, 1, 1, 0, 1, 1, 0, 0, 2, 1, 4, 1, 23]}, null, null, 12, false, [], false, 0, [], null, 0, 1744376570.1419656, 0, {}]
[{"0": [1, 0, 1, 2, 1, 7, 1, 34, 29, 36, 4, 1, 0, 4, 1, 0, 5]}, null, null, 13, false, [], false, 0, [], null, 0, 1744376570.3593185, 0, {}]
[{"0": [1, 0, 1, 1, 3, 4, 2, 4, 2, 0, 1, 3, 1, 2, 0, 2, 36]}, null, null, 13, false, [], false, 0, [], null, 0, 1744376570.5805037, 0, {}]
[{"0": [1, 0, 1, 1, 2, 3, 1, 0, 30, 26, 3, 1, 1, 3, 2, 3, 2]}, null, null, 14, false, [], false, 0, [], null, 0, 1744376570.7906632, 0, {}]
[{"0": [2, 1, 3, 1, 1, 5, 2, 2, 1, 2, 3, 0, 1, 0, 0, 27, 2]}, null, null, 14, false, [], false, 0, [], null, 0, 1744376570.995399, 0, {}]
[{"0": [2, 0, 2, 2, 2, 3, 4, 3, 1, 1, 4, 1, 1, 2, 0, 2, 35]}, null, null, 15, false, [], false, 0, [], null, 0, 1744376571.2325075, 0, {}]
[{"0": [0, 2, 3, 1, 1, 0, 1, 4, 0, 3, 6, 2, 1, 5, 0, 5, 1]}, null, null, 16, false, [], false, 0, [], null, 0, 1744376571.4312437, 0, {}]
[{"0": [2, 3, 4, 2, 4, 2, 0, 0, 2, 2, 2, 1, 1, 0, 21, 35, 3]}, null, null, 16, false, [], false, 0, [], null, 0, 1744376571.646814, 0, {}]
[{"0": [0, 1, 1, 2, 2, 2, 4, 4, 1, 1, 1, 29, 20, 29, 24, 36, 25]}, null, null, 17, false, [], false, 0, [], null, 0, 1744376571.8732965, 0, {}]
[{"0": [0, 1, 5, 1, 2, 4, 2, 1, 3, 5, 4, 2, 2, 2, 3, 0, 3]}, null, null, 17, false, [], false, 0, [], null, 0, 1744376572.0874598, 0, {}]
[{"0": [1, 0, 2, 2, 0, 2, 0, 1, 2, 1, 4, 1, 3, 4, 1, 23, 23]}, null, null, 18, false, [], false, 0, [], null, 0, 1744376572.3153052, 0, {}]
[{"0": [4, 3, 5, 3, 1, 2, 4, 1, 0, 0, 0, 26, 25, 25, 24, 1, 2]}, null, null, 19, false, [], false, 0, [], null, 0, 1744376572.530772, 0, {}]
[{"0": [2, 2, 1, 1, 1, 0, 1, 3, 5, 2, 1, 2, 1, 5, 2, 1, 26]}, null, null, 19, false, [], false, 0, [], null, 0, 1744376572.7443037, 0, {}]
[{"0": [6, 1, 2, 2, 2, 2, 1, 2, 1, 2, 2, 32, 27, 35, 26, 1, 1]}, null, null, 20, false, [], false, 0, [], null, 0, 1744376572.9521418, 0, {}]
[{"0": [1, 0, 3, 2, 3, 2, 3, 2, 2, 4, 27, 27, 1, 0, 2, 2, 0]}, null, null, 20, false, [], false, 0, [], null, 0, 1744376573.1676455, 0, {}]
[{"0": [29, 24, 27, 29, 3, 2, 0, 1, 0, 0, 3, 1, 2, 0, 3, 2, 3]}, null, null, 21, false, [], false, 0, [], null, 0, 1744376573.3786497, 0, {}]
[{"0": [2, 1, 2, 2, 0, 1, 1, 36, 28, 30, 2, 1, 5, 1, 2, 0, 1]}, null, null, 22, false, [], false, 0, [], null, 0, 1744376573.6108627, 0, {}]
[{"0": [2, 1, 0, 2, 1, 3, 1, 2, 34, 24, 20, 20, 26, 27, 22, 25, 40]}, null, null, 22, false, [], false, 0, [], null, 0, 1744376573.818763, 0, {}]
[{"0": [0, 2, 21, 32, 36, 29, 1, 2, 0, 4, 3, 2, 2, 1, 1, 5, 1]}, null, null, 23, false, [], false, 0, [], null, 0, 1744376574.0397744, 0, {}]
[{"0": [4, 3, 4, 2, 3, 0, 1, 1, 5, 27, 32, 28, 32, 25, 26, 34, 0]}, null, null, 23, false, [], false, 0, [], null, 0, 1744376574.2806394, 0, {}]
[{"0": [4, 1, 21, 3, 1, 2, 0, 2, 1, 0, 2, 3, 1, 5, 0, 2, 0]}, null, null, 24, false, [], false, 0, [], null, 0, 1744376574.4726484, 0, {}]
[{"0": [0, 0, 35, 31, 37, 0, 0, 2, 1, 0, 0, 1, 2, 0, 1, 2, 2]}, null, null, 25, false, [], false, 0, [], null, 0, 1744376574.706629, 0, {}]
[{"0": [1, 3, 1, 2, 0, 3, 0, 4, 33, 31, 24, 1, 6, 2, 5, 1, 3]}, null, null, 25, false, [], false, 0, [], null, 0, 1744376574.9146655, 0, {}]
[{"0": [0, 3, 3, 3, 2, 2, 1, 1, 35, 27, 23, 43, 24, 24, 4, 4, 0]}, null, null, 26, false, [], false, 0, [], null, 0, 1744376575.1195254, 0, {}]
[{"0": [2, 0, 1, 22, 33, 33, 25, 23, 35, 31, 33, 29, 34, 18, 28, 26, 22]}, null, null, 27, false, [], false, 0, [], null, 0, 1744376575.3352246, 0, {}]
[{"0": [0, 0, 1, 1, 2, 1, 1, 1, 2, 1, 5, 5, 23, 40, 26, 1, 1]}, null, null, 27, false, [], false, 0, [], null, 0, 1744376575.5563047, 0, {}]
[{"0": [3, 1, 3, 2, 5, 35, 31, 39, 0, 3, 1, 4, 3, 0, 3, 3, 0]}, null, null, 28, false, [], false, 0, [], null, 0, 1744376575.7690027, 0, {}]
[{"0": [0, 0, 1, 2, 3, 2, 0, 4, 0, 0, 1, 2, 30, 20, 22, 24, 29]}, null, null, 28, false, [], false, 0, [], null, 0, 1744376575.9937186, 0, {}]
[{"0": [3, 1, 0, 0, 1, 2, 1, 1, 3, 3, 2, 1, 3, 5, 2, 2, 23]}, null, null, 29, false, [], false, 0, [], null, 0, 1744376576.2102766, 0, {}]
[{"0": [1, 4, 3, 26, 29, 5, 1, 0, 2, 3, 5, 1, 2, 0, 4, 1, 1]}, null, null, 30, false, [], false, 0, [], null, 0, 1744376576.4150586, 0, {}]
[{"0": [24, 23, 22, 17, 32, 22, 21, 34, 20, 19, 36, 3, 1, 3, 2, 2, 2]}, null, null, 30, false, [], false, 0, [], null, 0, 1744376576.6436772, 0, {}]
[{"0": [1, 4, 3, 2, 3, 1, 2, 24, 1, 1, 1, 1, 2, 2, 0, 5, 4]}, null, null, 31, false, [], false, 0, [], null, 0, 1744376576.8535328, 0, {}]
[{"0": [1, 33, 25, 1, 1, 1, 3, 1, 2, 3, 3, 1, 3, 4, 3, 0, 2]}, null, null, 31, false, [], false, 0, [], null, 0, 1744376577.0716083, 0, {}]
[{"0": [30, 17, 32, 23, 1, 2, 1, 3, 1, 2, 1, 0, 1, 1, 1, 0, 2]}, null, null, 32, false, [], false, 0, [], null, 0, 1744376577.2984955, 0, {}]
[{"0": [1, 2, 1, 2, 1, 1, 3, 2, 1, 2, 1, 2, 1, 0, 0, 32, 29]}, null, null, 33, false, [], false, 0, [], null, 0, 1744376577.5006435, 0, {}]
[{"0": [0, 2, 0, 0, 1, 3, 1, 2, 1, 2, 1, 22, 1, 3, 1, 2, 3]}, null, null, 33, false, [], false, 0, [], null, 0, 1744376577.7284887, 0, {}]
[{"0": [2, 2, 2, 4, 0, 0, 2, 1, 3, 4, 3, 1, 27, 29, 4, 1, 1]}, null, null, 34, false, [], false, 0, [], null, 0, 1744376577.9406202, 0, {}]
[{"0": [2, 2, 1, 1, 0, 25, 27, 30, 32, 22, 20, 26, 32, 23, 1, 0, 0]}, null, null, 34, false, [], false, 0, [], null, 0, 1744376578.1694276, 0, {}]
[{"0": [22, 29, 25, 25, 31, 20, 20, 29, 21, 34, 1, 0, 3, 0, 1, 4, 3]}, null, null, 35, false, [], false, 0, [], null, 0, 1744376578.3779583, 0, {}]
[{"0": [2, 2, 2, 0, 0, 3, 1, 3, 0, 2, 1, 2, 2, 4, 1, 3, 1]}, null, null, 36, false, [], false, 0, [], null, 0, 1744376578.583169, 0, {}]
[{"0": [3, 4, 1, 1, 3, 1, 2, 3, 3, 1, 2, 2, 2, 28, 25, 3, 3]}, null, null, 36, false, [], false, 0, [], null, 0, 1744376578.8059049, 0, {}]
[{"0": [0, 3, 2, 1, 0, 0, 1, 36, 1, 2, 0, 5, 2, 0, 3, 0, 4]}, null, null, 37, false, [], false, 0, [], null, 0, 1744376579.0320473, 0, {}]
[{"0": [0, 0, 5, 2, 1, 4, 29, 29, 3, 2, 1, 2, 3, 2, 1, 0, 1]}, null, null, 37, false, [], false, 0, [], null, 0, 1744376579.2290833, 0, {}]
[{"0": [0, 0, 2, 1, 0, 2, 20, 22, 36, 33, 23, 26, 25, 29, 24, 29, 23]}, null, null, 38, false, [], false, 0, [], null, 0, 1744376579.4553082, 0, {}]
[{"0": [1, 2, 1, 2, 1, 0, 2, 0, 1, 23, 24, 22, 25, 25, 30, 22, 28]}, null, null, 39, false, [], false, 0, [], null, 0, 1744376579.6815054, 0, {}]
[{"0": [3, 0, 0, 4, 1, 4, 2, 30, 35, 29, 21, 22, 20, 7, 0, 3, 2]}, null, null, 39, false, [], false, 0, [], null, 0, 1744376579.8895974, 0, {}]
[{"0": [3, 2, 3, 2, 1, 4, 0, 1, 3, 1, 2, 2, 3, 3, 0, 1, 27]}, null, null, 40, false, [], false, 0, [], null, 0, 1744376580.1197755, 0, {}]
[{"0": [0, 2, 2, 2, 3, 2, 2, 0, 0, 4, 2, 1, 1, 1, 6, 2, 23]}, null, null, 40, false, [], false, 0, [], null, 0, 1744376580.3171856, 0, {}]
[{"0": [1, 0, 0, 4, 26, 0, 2, 2, 1, 2, 0, 4, 1, 0, 3, 7, 2]}, null, null, 41, false, [], false, 0, [], null, 0, 1744376580.5452754, 0, {}]
[{"0": [1, 3, 7, 0, 4, 2, 2, 0, 2, 3, 2, 30, 29, 21, 24, 22, 15]}, null, null, 42, false, [], false, 0, [], null, 0, 1744376580.7659864, 0, {}]
[{"0": [3, 2, 1, 1, 3, 3, 4, 0, 1, 2, 2, 43, 33, 31, 18, 34, 33]}, null, null, 42, false, [], false, 0, [], null, 0, 1744376580.9818444, 0, {}]
[{"0": [1, 1, 4, 2, 2, 1, 1, 5, 3, 2, 27, 25, 26, 16, 30, 28, 21]}, null, null, 43, false, [], false, 0, [], null, 0, 1744376581.1814518, 0, {}]
[{"0": [0, 2, 1, 1, 23, 26, 32, 4, 2, 1, 0, 3, 1, 2, 2, 2, 3]}, null, null, 43, false, [], false, 0, [], null, 0, 1744376581.4101176, 0, {}]
[{"0": [1, 5, 5, 0, 3, 0, 1, 1, 0, 1, 2, 38, 27, 26, 37, 29, 25]}, null, null, 44, false, [], false, 0, [], null, 0, 1744376581.6265707, 0, {}]
[{"0": [0, 0, 38, 3, 2, 0, 1, 4, 0, 2, 0, 0, 2, 0, 2, 1, 1]}, null, null, 45, false, [], false, 0, [], null, 0, 1744376581.839501, 0, {}]
[{"0": [0, 0, 2, 3, 4, 1, 0, 2, 0, 2, 1, 2, 0, 0, 21, 23, 18]}, null, null, 45, false, [], false, 0, [], null, 0, 1744376582.0662303, 0, {}]
[{"0": [25, 29, 3, 1, 2, 3, 5, 0, 0, 3, 2, 2, 2, 2, 0, 3, 4]}, null, null, 46, false, [], false, 0, [], null, 0, 1744376582.2707727, 0, {}]
[{"0": [27, 28, 2, 1, 1, 1, 3, 1, 1, 1, 2, 1, 3, 0, 3, 1, 1]}, null, null, 46, false, [], false, 0, [], null, 0, 1744376582.4868963, 0, {}]
[{"0": [1, 1, 2, 1, 3, 2, 2, 1, 6, 2, 1, 0, 1, 2, 36, 2, 0]}, null, null, 47, false, [], false, 0, [], null, 0, 1744376582.696923, 0, {}]
[{"0": [4, 2, 1, 1, 4, 1, 1, 3, 1, 31, 26, 24, 20, 34, 26, 30, 26]}, null, null, 48, false, [], false, 0, [], null, 0, 1744376582.912092, 0, {}]
[{"0": [1, 1, 1, 4, 1, 2, 2, 1, 0, 1, 0, 3, 0, 0, 2, 33, 32]}, null, null, 48, false, [], false, 0, [], null, 0, 1744376583.14637, 0, {}]
[{"0": [0, 2, 2, 2, 1, 3, 2, 1, 1, 1, 1, 1, 1, 21, 0, 3, 2]}, null, null, 49, false, [], false, 0, [], null, 0, 1744376583.3462582, 0, {}]
[{"0": [1, 2, 2, 1, 28, 31, 21, 33, 39, 42, 2, 2, 0, 2, 3, 0, 1]}, null, null, 49, false, [], false, 0, [], null, 0, 1744376583.5732062, 0, {}]
[{"0": [4, 2, 5, 4, 0, 1, 1, 7, 2, 22, 3, 3, 2, 0, 1, 2, 1]}, null, null, 50, false, [], false, 0, [], null, 0, 1744376583.7987568, 0, {}]
[{"0": [2, 1, 3, 2, 1, 1, 1, 0, 1, 3, 3, 1, 1, 4, 5, 2, 6]}, null, null, 51, false, [], false, 0, [], null, 0, 1744376584.01225, 0, {}]
[{"0": [3, 27, 29, 28, 35, 19, 19, 2, 0, 1, 2, 2, 0, 0, 0, 2, 2]}, null, null, 51, false, [], false, 0, [], null, 0, 1744376584.2279043, 0, {}]
[{"0": [2, 1, 3, 4, 1, 4, 35, 0, 0, 2, 1, 2, 5, 3, 3, 1, 1]}, null, null, 52, false, [], false, 0, [], null, 0, 1744376584.443296, 0, {}]
[{"0": [4, 2, 27, 31, 21, 19, 16, 36, 23, 0, 2, 0, 1, 1, 2, 0, 3]}, null, null, 52, false, [], false, 0, [], null, 0, 1744376584.659363, 0, {}]
[{"0": [30, 25, 2, 4, 2, 5, 1, 4, 0, 4, 0, 0, 2, 5, 2, 1, 1]}, null, null, 53, false, [], false, 0, [], null, 0, 1744376584.8747222, 0, {}]
[{"0": [27, 31, 19, 24, 9, 21, 36, 2, 3, 3, 2, 3, 0, 2, 1, 4, 5]}, null, null, 54, false, [], false, 0, [], null, 0, 1744376585.0796027, 0, {}]
[{"0": [23, 3, 2, 2, 4, 2, 4, 5, 1, 3, 4, 21, 2, 2, 3, 3, 3]}, null, null, 54, false, [], false, 0, [], null, 0, 1744376585.3016057, 0, {}]
[{"0": [0, 1, 2, 1, 0, 3, 2, 2, 1, 3, 2, 30, 1, 1, 0, 0, 2]}, null, null, 55, false, [], false, 0, [], null, 0, 1744376585.5280476, 0, {}]
[{"0": [1, 1, 1, 1, 3, 3, 1, 2, 0, 2, 2, 37, 1, 4, 1, 0, 2]}, null, null, 55, false, [], false, 0, [], null, 0, 1744376585.7341287, 0, {}]
[{"0": [24, 0, 5, 1, 0, 0, 1, 4, 3, 0, 2, 3, 1, 1, 1, 1, 3]}, null, null, 56, false, [], false, 0, [], null, 0, 1744376585.9550145, 0, {}]
[{"0": [1, 0, 31, 37, 4, 1, 3, 0, 3, 1, 1, 4, 1, 2, 4, 2, 2]}, null, null, 57, false, [], false, 0, [], null, 0, 1744376586.1737776, 0, {}]
[{"0": [3, 2, 2, 32, 18, 23, 0, 0, 2, 3, 3, 0, 0, 1, 2, 4, 2]}, null, null, 57, false, [], false, 0, [], null, 0, 1744376586.3834336, 0, {}]
[{"0": [0, 1, 3, 1, 34, 25, 24, 0, 1, 4, 3, 1, 2, 1, 1, 1, 3]}, null, null, 58, false, [], false, 0, [], null, 0, 1744376586.6076758, 0, {}]
[{"0": [23, 25, 14, 2, 5, 5, 3, 3, 1, 4, 0, 2, 1, 1, 2, 1, 0]}, null, null, 58, false, [], false, 0, [], null, 0, 1744376586.8162513, 0, {}]
[{"0": [7, 1, 1, 3, 3, 1, 3, 21, 25, 32, 31, 0, 2, 0, 2, 2, 2]}, null, null, 59, false, [], false, 0, [], null, 0, 1744376587.0408764, 0, {}]
[{"0": [2, 2, 0, 2, 2, 1, 3, 0, 2, 28, 28, 6, 0, 3, 2, 0, 3]}, null, null, 60, false, [], false, 0, [], null, 0, 1744376587.262149, 0, {}]
[{"0": [1, 7, 1, 1, 0, 2, 0, 1, 3, 6, 2, 0, 1, 1, 3, 1, 29]}, null, null, 60, false, [], false, 0, [], null, 0, 1744376587.4796436, 0, {}]
[{"0": [3, 1, 0, 0, 1, 1, 1, 26, 31, 11, 22, 25, 21, 33, 28, 23, 30]}, null, null, 61, false, [], false, 0, [], null, 0, 1744376587.698449, 0, {}]
[{"0": [2, 3, 30, 28, 4, 2, 1, 4, 1, 3, 1, 0, 2, 2, 0, 1, 3]}, null, null, 61, false, [], false, 0, [], null, 0, 1744376587.9123228, 0, {}]
[{"0": [1, 2, 1, 1, 2, 3, 1, 0, 2, 1, 0, 3, 2, 2, 0, 27, 34]}, null, null, 62, false, [], false, 0, [], null, 0, 1744376588.1193705, 0, {}]
[{"0": [2, 2, 4, 0, 2, 2, 2, 2, 2, 0, 29, 25, 30, 21, 20, 29, 36]}, null, null, 63, false, [], false, 0, [], null, 0, 1744376588.3416314, 0, {}]
[{"0": [2, 1, 1, 0, 3, 1, 19, 2, 2, 1, 2, 0, 0, 1, 1, 2, 0]}, null, null, 63, false, [], false, 0, [], null, 0, 1744376588.561678, 0, {}]
[{"0": [1, 1, 2, 2, 4, 22, 27, 1, 1, 3, 4, 3, 4, 1, 1, 2, 1]}, null, null, 64, false, [], false, 0, [], null, 0, 1744376588.779987, 0, {}]
[{"0": [0, 2, 0, 2, 1, 1, 3, 33, 36, 1, 2, 1, 1, 2, 5, 0, 1]}, null, null, 64, false, [], false, 0, [], null, 0, 1744376588.9853115, 0, {}]
[{"0": [1, 3, 2, 29, 30, 20, 21, 3, 5, 1, 2, 1, 1, 4, 1, 1, 0]}, null, null, 65, false, [], false, 0, [], null, 0, 1744376589.2207465, 0, {}]
[{"0": [0, 0, 2, 1, 0, 1, 1, 1, 2, 1, 2, 0, 1, 2, 1, 3, 21]}, null, null, 66, false, [], false, 0, [], null, 0, 1744376589.4162443, 0, {}]
[{"0": [3, 5, 2, 3, 3, 25, 17, 3, 1, 4, 1, 2, 2, 1, 3, 1, 4]}, null, null, 66, false, [], false, 0, [], null, 0, 1744376589.645805, 0, {}]
[{"0": [0, 2, 2, 2, 0, 0, 3, 1, 2, 2, 3, 1, 0, 3, 0, 1, 1]}, null, null, 67, false, [], false, 0, [], null, 0, 1744376589.8600185, 0, {}]
[{"0": [2, 4, 0, 1, 3, 1, 0, 3, 0, 0, 1, 0, 0, 0, 0, 1, 2]}, null, null, 67, false, [], false, 0, [], null, 0, 1744376590.077275, 0, {}]
[{"0": [2, 2, 0, 1, 2, 4, 3, 0, 1, 1, 2, 21, 2, 0, 4, 2, 1]}, null, null, 68, false, [], false, 0, [], null, 0, 1744376590.3005378, 0, {}]
[{"0": [1, 3, 1, 4, 0, 2, 1, 2, 1, 1, 4, 2, 4, 26, 26, 1, 1]}, null, null, 69, false, [], false, 0, [], null, 0, 1744376590.505217, 0, {}]
[{"0": [2, 1, 3, 2, 4, 21, 31, 25, 24, 0, 3, 1, 2, 1, 4, 1, 2]}, null, null, 69, false, [], false, 0, [], null, 0, 1744376590.7243419, 0, {}]
[{"0": [22, 26, 0, 0, 2, 3, 1, 3, 1, 0, 0, 2, 1, 0, 1, 2, 1]}, null, null, 70, false, [], false, 0, [], null, 0, 1744376590.9476252, 0, {}]
[{"0": [1, 0, 2, 1, 2, 1, 1, 0, 5, 1, 1, 5, 30, 0, 0, 2, 1]}, null, null, 70, false, [], false, 0, [], null, 0, 1744376591.155995, 0, {}]
[{"0": [0, 1, 2, 34, 30, 24, 26, 23, 26, 27, 17, 31, 1, 2, 3, 2, 2]}, null, null, 71, false, [], false, 0, [], null, 0, 1744376591.3828526, 0, {}]
[{"0": [1, 4, 1, 2, 2, 0, 2, 5, 1, 1, 21, 0, 1, 4, 2, 1, 2]}, null, null, 72, false, [], false, 0, [], null, 0, 1744376591.5992901, 0, {}]
[{"0": [4, 1, 3, 3, 2, 21, 29, 29, 23, 28, 23, 31, 18, 26, 24, 35, 17]}, null, null, 72, false, [], false, 0, [], null, 0, 1744376591.8079324, 0, {}]
[{"0": [3, 3, 0, 1, 1, 2, 0, 0, 2, 3, 4, 35, 1, 0, 0, 1, 1]}, null, null, 73, false, [], false, 0, [], null, 0, 1744376592.0161476, 0, {}]
[{"0": [2, 2, 2, 2, 24, 19, 24, 1, 2, 0, 1, 0, 2, 4, 1, 2, 5]}, null, null, 73, false, [], false, 0, [], null, 0, 1744376592.242499, 0, {}]
[{"0": [5, 2, 34, 37, 26, 23, 4, 4, 1, 2, 4, 3, 0, 0, 1, 0, 2]}, null, null, 74, false, [], false, 0, [], null, 0, 1744376592.4635222, 0, {}]
[{"0": [1, 5, 3, 5, 2, 1, 1, 0, 3, 1, 3, 35, 30, 30, 32, 22, 28]}, null, null, 75, false, [], false, 0, [], null, 0, 1744376592.6771095, 0, {}]
[{"0": [1, 1, 0, 1, 1, 3, 2, 1, 1, 4, 2, 29, 1, 3, 2, 4, 1]}, null, null, 75, false, [], false, 0, [], null, 0, 1744376592.888312, 0, {}]
[{"0": [1, 3, 0, 2, 4, 3, 2, 2, 5, 3, 1, 4, 0, 1, 3, 2, 26]}, null, null, 76, false, [], false, 0, [], null, 0, 1744376593.1166914, 0, {}]
[{"0": [1, 4, 0, 4, 6, 1, 2, 1, 2, 26, 24, 19, 34, 24, 21, 31, 34]}, null, null, 77, false, [], false, 0, [], null, 0, 1744376593.347587, 0, {}]
[{"0": [42, 3, 2, 3, 0, 0, 1, 1, 2, 2, 2, 2, 2, 4, 1, 24, 27]}, null, null, 77, false, [], false, 0, [], null, 0, 1744376593.5430605, 0, {}]
[{"0": [0, 3, 1, 0, 1, 2, 1, 2, 1, 1, 2, 1, 2, 4, 3, 2, 37]}, null, null, 78, false, [], false, 0, [], null, 0, 1744376593.751359, 0, {}]
[{"0": [0, 3, 2, 2, 3, 4, 1, 0, 2, 2, 1, 28, 1, 2, 2, 2, 4]}, null, null, 78, false, [], false, 0, [], null, 0, 1744376593.9765525, 0, {}]
[{"0": [1, 0, 1, 24, 33, 0, 1, 0, 2, 0, 3, 1, 2, 3, 1, 1, 3]}, null, null, 79, false, [], false, 0, [], null, 0, 1744376594.19663, 0, {}]
[{"0": [1, 3, 0, 4, 2, 4, 0, 3, 30, 2, 1, 3, 5, 1, 2, 1, 3]}, null, null, 80, false, [], false, 0, [], null, 0, 1744376594.4180834, 0, {}]
[{"0": [1, 1, 0, 1, 0, 0, 3, 6, 20, 32, 29, 3, 2, 0, 0, 2, 1]}, null, null, 80, false, [], false, 0, [], null, 0, 1744376594.6220813, 0, {}]
[{"0": [3, 1, 0, 2, 1, 1, 0, 36, 1, 0, 3, 2, 0, 3, 0, 0, 5]}, null, null, 81, false, [], false, 0, [], null, 0, 1744376594.8394701, 0, {}]
[{"0": [3, 2, 3, 2, 29, 2, 0, 4, 2, 0, 1, 2, 2, 1, 4, 3, 2]}, null, null, 81, false, [], false, 0, [], null, 0, 1744376595.0506258, 0, {}]
[{"0": [0, 0, 1, 1, 3, 2, 5, 0, 1, 0, 36, 1, 6, 2, 1, 3, 4]}, null, null, 82, false, [], false, 0, [], null, 0, 1744376595.2702186, 0, {}]
[{"0": [30, 18, 25, 22, 3, 0, 0, 2, 2, 0, 1, 0, 2, 2, 3, 2, 1]}, null, null, 83, false, [], false, 0, [], null, 0, 1744376595.5015595, 0, {}]
[{"0": [1, 1, 1, 0, 1, 1, 2, 0, 2, 0, 18, 28, 25, 12, 18, 25, 28]}, null, null, 83, false, [], false, 0, [], null, 0, 1744376595.698788, 0, {}]
[{"0": [4, 3, 4, 1, 2, 1, 2, 0, 2, 2, 34, 19, 2, 0, 1, 2, 0]}, null, null, 84, false, [], false, 0, [], null, 0, 1744376595.9276001, 0, {}]
[{"0": [2, 2, 1, 1, 1, 0, 28, 29, 29, 35, 28, 24, 35, 30, 27, 22, 3]}, null, null, 84, false, [], false, 0, [], null, 0, 1744376596.1304889, 0, {}]
[{"0": [3, 1, 2, 1, 3, 1, 2, 2, 1, 3, 1, 3, 1, 1, 4, 4, 44]}, null, null, 85, false, [], false, 0, [], null, 0, 1744376596.3458574, 0, {}]
[{"0": [1, 2, 1, 2, 22, 26, 24, 21, 25, 2, 1, 1, 1, 0, 1, 2, 1]}, null, null, 86, false, [], false, 0, [], null, 0, 1744376596.5684383, 0, {}]
[{"0": [3, 2, 4, 4, 2, 1, 1, 0, 4, 2, 29, 0, 1, 1, 1, 1, 2]}, null, null, 86, false, [], false, 0, [], null, 0, 1744376596.7936914, 0, {}]
[{"0": [4, 1, 1, 2, 0, 1, 2, 1, 22, 21, 2, 4, 3, 0, 2, 4, 2]}, null, null, 87, false, [], false, 0, [], null, 0, 1744376597.001487, 0, {}]
[{"0": [1, 2, 28, 33, 27, 4, 1, 1, 1, 2, 3, 1, 2, 3, 2, 2, 2]}, null, null, 87, false, [], false, 0, [], null, 0, 1744376597.2230952, 0, {}]
[{"0": [2, 2, 2, 3, 1, 1, 0, 2, 3, 21, 0, 2, 4, 1, 3, 1, 1]}, null, null, 88, false, [], false, 0, [], null, 0, 1744376597.4381123, 0, {}]
[{"0": [0, 2, 1, 1, 1, 1, 1, 4, 0, 3, 3, 1, 2, 2, 0, 2, 1]}, null, null, 89, false, [], false, 0, [], null, 0, 1744376597.65355, 0, {}]
[{"0": [2, 2, 4, 30, 1, 0, 2, 2, 3, 1, 0, 4, 0, 2, 0, 1, 3]}, null, null, 89, false, [], false, 0, [], null, 0, 1744376597.8765833, 0, {}]
[{"0": [1, 2, 0, 2, 1, 0, 2, 2, 2, 2, 3, 27, 29, 33, 23, 34, 21]}, null, null, 90, false, [], false, 0, [], null, 0, 1744376598.0913498, 0, {}]
[{"0": [2, 2, 0, 2, 2, 4, 4, 3, 0, 3, 2, 33, 32, 32, 23, 30, 21]}, null, null, 90, false, [], false, 0, [], null, 0, 1744376598.3039484, 0, {}]
[{"0": [1, 1, 2, 3, 3, 1, 0, 38, 0, 0, 4, 1, 1, 3, 2, 0, 2]}, null, null, 91, false, [], false, 0, [], null, 0, 1744376598.5198476, 0, {}]
[{"0": [3, 2, 0, 1, 0, 2, 2, 0, 2, 2, 1, 0, 0, 2, 2, 2, 2]}, null, null, 92, false, [], false, 0, [], null, 0, 1744376598.7419977, 0, {}]
[{"0": [1, 3, 33, 28, 32, 30, 1, 3, 1, 0, 3, 1, 1, 2, 0, 3, 1]}, null, null, 92, false, [], false, 0, [], null, 0, 1744376598.9629364, 0, {}]
[{"0": [0, 3, 0, 2, 2, 36, 26, 32, 1, 4, 1, 1, 2, 2, 3, 0, 1]}, null, null, 93, false, [], false, 0, [], null, 0, 1744376599.173631, 0, {}]
[{"0": [23, 20, 29, 31, 2, 1, 1, 0, 1, 4, 3, 4, 1, 4, 1, 0, 1]}, null, null, 93, false, [], false, 0, [], null, 0, 1744376599.3912382, 0, {}]
[{"0": [1, 0, 2, 0, 3, 1, 0, 2, 1, 0, 1, 0, 2, 0, 1, 4, 24]}, null, null, 94, false, [], false, 0, [], null, 0, 1744376599.6016302, 0, {}]
[{"0": [3, 0, 19, 26, 26, 3, 0, 3, 3, 1, 1, 2, 1, 0, 2, 1, 0]}, null, null, 95, false, [], false, 0, [], null, 0, 1744376599.8174138, 0, {}]
[{"0": [3, 2, 27, 28, 35, 22, 35, 37, 31, 6, 3, 3, 0, 1, 3, 3, 0]}, null, null, 95, false, [], false, 0, [], null, 0, 1744376600.0502393, 0, {}]
[{"0": [0, 1, 0, 25, 28, 31, 24, 20, 33, 3, 3, 0, 2, 0, 1, 1, 2]}, null, null, 96, false, [], false, 0, [], null, 0, 1744376600.2594476, 0, {}]
[{"0": [3, 3, 1, 2, 0, 2, 1, 2, 1, 3, 3, 2, 1, 1, 2, 27, 25]}, null, null, 96, false, [], false, 0, [], null, 0, 1744376600.4692214, 0, {}]
[{"0": [0, 1, 0, 1, 2, 2, 1, 3, 1, 3, 1, 0, 1, 11, 32, 22, 26]}, null, null, 97, false, [], false, 0, [], null, 0, 1744376600.7002902, 0, {}]
[{"0": [1, 1, 2, 2, 1, 0, 2, 1, 1, 2, 2, 4, 2, 3, 2, 3, 6]}, null, null, 98, false, [], false, 0, [], null, 0, 1744376600.901064, 0, {}]
[{"0": [1, 2, 1, 4, 3, 0, 3, 1, 5, 1, 2, 1, 1, 1, 2, 3, 28]}, null, null, 98, false, [], false, 0, [], null, 0, 1744376601.1354606, 0, {}]
[{"0": [3, 0, 1, 2, 2, 2, 3, 1, 1, 3, 2, 1, 0, 1, 2, 3, 2]}, null, null, 99, false, [], false, 0, [], null, 0, 1744376601.3414907, 0, {}]
[{"0": [2, 22, 21, 22, 22, 23, 25, 25, 25, 35, 21, 23, 1, 0, 4, 4, 1]}, null, null, 99, false, [], false, 0, [], null, 0, 1744376601.5536933, 0, {}]
[{"0": [1, 2, 2, 4, 5, 1, 2, 1, 2, 2, 21, 1, 3, 1, 2, 2, 3]}, null, null, 100, false, [], false, 0, [], null, 0, 1744376601.7743332, 0, {}]
[{"0": [6, 2, 2, 3, 2, 1, 2, 0, 3, 0, 0, 26, 22, 29, 18, 21, 27]}, null, null, 101, false, [], false, 0, [], null, 0, 1744376601.9988992, 0, {}]
[{"0": [2, 1, 2, 22, 2, 0, 2, 3, 1, 1, 1, 2, 4, 1, 3, 2, 1]}, null, null, 101, false, [], false, 0, [], null, 0, 1744376602.21221, 0, {}]
[{"0": [2, 35, 21, 14, 3, 5, 2, 3, 3, 1, 2, 0, 2, 2, 4, 2, 1]}, null, null, 102, false, [], false, 0, [], null, 0, 1744376602.4337637, 0, {}]
[{"0": [3, 5, 0, 2, 2, 1, 24, 29, 28, 26, 25, 26, 26, 1, 1, 3, 3]}, null, null, 102, false, [], false, 0, [], null, 0, 1744376602.637456, 0, {}]
[{"0": [2, 4, 0, 4, 2, 2, 1, 2, 1, 2, 28, 28, 31, 34, 22, 36, 21]}, null, null, 103, false, [], false, 0, [], null, 0, 1744376602.8484025, 0, {}]
[{"0": [3, 0, 1, 35, 32, 24, 19, 34, 33, 0, 2, 0, 2, 3, 1, 1, 2]}, null, null, 104, false, [], false, 0, [], null, 0, 1744376603.0667849, 0, {}]
[{"0": [29, 24, 33, 31, 40, 29, 23, 24, 27, 21, 1, 1, 0, 3, 3, 0, 5]}, null, null, 104, false, [], false, 0, [], null, 0, 1744376603.2881813, 0, {}]
[{"0": [1, 3, 0, 1, 3, 0, 5, 2, 3, 1, 1, 31, 25, 23, 22, 1, 1]}, null, null, 105, false, [], false, 0, [], null, 0, 1744376603.4994164, 0, {}]
[{"0": [0, 3, 28, 3, 1, 2, 0, 0, 0, 0, 2, 0, 3, 3, 0, 2, 2]}, null, null, 105, false, [], false, 0, [], null, 0, 1744376603.7309682, 0, {}]
[{"0": [1, 2, 1, 4, 4, 1, 2, 4, 1, 3, 2, 0, 31, 31, 33, 19, 23]}, null, null, 106, false, [], false, 0, [], null, 0, 1744376603.9439297, 0, {}]
[{"0": [2, 0, 2, 28, 28, 25, 31, 31, 27, 1, 2, 2, 2, 3, 2, 4, 1]}, null, null, 107, false, [], false, 0, [], null, 0, 1744376604.154343, 0, {}]
[{"0": [2, 3, 1, 4, 0, 4, 1, 1, 1, 2, 3, 29, 27, 32, 37, 22, 23]}, null, null, 107, false, [], false, 0, [], null, 0, 1744376604.387293, 0, {}]
[{"0": [2, 0, 3, 3, 1, 0, 2, 2, 0, 0, 1, 6, 36, 32, 29, 29, 20]}, null, null, 108, false, [], false, 0, [], null, 0, 1744376604.5962183, 0, {}]
[{"0": [33, 23, 2, 1, 0, 2, 2, 0, 5, 2, 2, 2, 1, 2, 0, 3, 1]}, null, null, 108, false, [], false, 0, [], null, 0, 1744376604.806066, 0, {}]
[{"0": [2, 1, 1, 1, 3, 0, 2, 1, 3, 2, 20, 20, 24, 30, 1, 1, 0]}, null, null, 109, false, [], false, 0, [], null, 0, 1744376605.024608, 0, {}]
[{"0": [1, 0, 22, 31, 1, 4, 2, 2, 1, 1, 4, 2, 4, 1, 3, 3, 3]}, null, null, 110, false, [], false, 0, [], null, 0, 1744376605.237304, 0, {}]
[{"0": [2, 1, 2, 1, 1, 0, 2, 2, 0, 3, 3, 3, 5, 0, 4, 3, 17]}, null, null, 110, false, [], false, 0, [], null, 0, 1744376605.4591966, 0, {}]
[{"0": [3, 1, 5, 2, 2, 1, 2, 29, 38, 22, 33, 3, 2, 2, 0, 1, 2]}, null, null, 111, false, [], false, 0, [], null, 0, 1744376605.6680186, 0, {}]
[{"0": [2, 2, 6, 2, 2, 0, 2, 2, 39, 29, 22, 35, 3, 2, 1, 3, 1]}, null, null, 111, false, [], false, 0, [], null, 0, 1744376605.8903315, 0, {}]
[{"0": [4, 1, 2, 1, 1, 4, 1, 4, 2, 2, 1, 4, 1, 0, 1, 1, 27]}, null, null, 112, false, [], false, 0, [], null, 0, 1744376606.113457, 0, {}]
[{"0": [0, 1, 0, 0, 2, 1, 1, 2, 7, 0, 27, 36, 28, 23, 2, 2, 3]}, null, null, 113, false, [], false, 0, [], null, 0, 1744376606.318487, 0, {}]
[{"0": [1, 1, 2, 0, 3, 0, 2, 5, 0, 1, 5, 2, 2, 3, 1, 21, 32]}, null, null, 113, false, [], false, 0, [], null, 0, 1744376606.5424476, 0, {}]
[{"0": [21, 30, 24, 28, 26, 19, 26, 29, 28, 24, 25, 24, 26, 20, 18, 32, 31]}, null, null, 114, false, [], false, 0, [], null, 0, 1744376606.75028, 0, {}]
[{"0": [1, 2, 0, 0, 0, 3, 1, 0, 2, 0, 1, 29, 19, 20, 25, 26, 32]}, null, null, 114, false, [], false, 0, [], null, 0, 1744376606.9687283, 0, {}]
[{"0": [3, 2, 0, 2, 3, 2, 4, 1, 2, 4, 0, 0, 6, 2, 30, 35, 28]}, null, null, 115, false, [], false, 0, [], null, 0, 1744376607.1915627, 0, {}]
[{"0": [1, 2, 2, 2, 2, 1, 0, 1, 1, 1, 2, 4, 2, 3, 0, 0, 4]}, null, null, 116, false, [], false, 0, [], null, 0, 1744376607.40031, 0, {}]
[{"0": [2, 4, 22, 27, 26, 25, 28, 24, 24, 32, 0, 3, 1, 1, 2, 2, 3]}, null, null, 116, false, [], false, 0, [], null, 0, 1744376607.6348245, 0, {}]
[{"0": [2, 2, 2, 0, 2, 3, 0, 20, 27, 33, 17, 28, 23, 25, 40, 18, 18]}, null, null, 117, false, [], false, 0, [], null, 0, 1744376607.83417, 0, {}]
[{"0": [2, 0, 1, 2, 0, 4, 3, 2, 2, 23, 21, 2, 2, 1, 3, 1, 0]}, null, null, 117, false, [], false, 0, [], null, 0, 1744376608.0609267, 0, {}]
[{"0": [34, 27, 26, 26, 19, 1, 1, 4, 1, 3, 0, 2, 0, 2, 1, 3, 4]}, null, null, 118, false, [], false, 0, [], null, 0, 1744376608.2668064, 0, {}]
[{"0": [3, 3, 3, 2, 5, 2, 1, 0, 2, 3, 0, 1, 1, 1, 0, 0, 26]}, null, null, 119, false, [], false, 0, [], null, 0, 1744376608.4871368, 0, {}]
[{"0": [2, 0, 2, 3, 1, 1, 3, 1, 2, 29, 29, 21, 37, 23, 0, 1, 0]}, null, null, 119, false, [], false, 0, [], null, 0, 1744376608.7061522, 0, {}]
[{"0": [2, 2, 1, 1, 1, 21, 33, 29, 2, 6, 2, 3, 1, 2, 3, 1, 2]}, null, null, 120, false, [], false, 0, [], null, 0, 1744376608.9270155, 0, {}]
[{"0": [2, 0, 2, 3, 1, 3, 0, 0, 34, 33, 20, 22, 23, 22, 32, 34, 20]}, null, null, 120, false, [], false, 0, [], null, 0, 1744376609.1375277, 0, {}]
[{"0": [1, 0, 2, 5, 1, 5, 2, 0, 20, 20, 2, 3, 4, 1, 2, 5, 1]}, null, null, 121, false, [], false, 0, [], null, 0, 1744376609.3618374, 0, {}]
[{"0": [0, 0, 1, 0, 3, 2, 4, 0, 19, 22, 36, 26, 28, 28, 21, 28, 36]}, null, null, 122, false, [], false, 0, [], null, 0, 1744376609.57288, 0, {}]
[{"0": [1, 0, 2, 1, 2, 1, 1, 2, 2, 23, 21, 5, 2, 2, 1, 2, 1]}, null, null, 122, false, [], false, 0, [], null, 0, 1744376609.7808213, 0, {}]
[{"0": [0, 2, 2, 4, 2, 1, 2, 4, 2, 1, 2, 2, 1, 1, 3, 1, 30]}, null, null, 123, false, [], false, 0, [], null, 0, 1744376610.007781, 0, {}]
[{"0": [2, 3, 2, 1, 1, 7, 30, 36, 3, 5, 1, 4, 1, 2, 3, 0, 3]}, null, null, 123, false, [], false, 0, [], null, 0, 1744376610.2176077, 0, {}]
[{"0": [2, 0, 3, 1, 5, 1, 32, 22, 26, 28, 1, 1, 0, 1, 2, 1, 2]}, null, null, 124, false, [], false, 0, [], null, 0, 1744376610.448265, 0, {}]
[{"0": [1, 3, 6, 0, 1, 2, 1, 3, 1, 2, 0, 1, 1, 2, 1, 26, 27]}, null, null, 125, false, [], false, 0, [], null, 0, 1744376610.6642609, 0, {}]
[{"0": [24, 29, 23, 29, 24, 34, 5, 2, 2, 2, 0, 3, 0, 3, 1, 2, 1]}, null, null, 125, false, [], false, 0, [], null, 0, 1744376610.8731935, 0, {}]
[{"0": [0, 0, 3, 0, 2, 2, 0, 2, 1, 0, 30, 2, 0, 1, 3, 2, 1]}, null, null, 126, false, [], false, 0, [], null, 0, 1744376611.0935395, 0, {}]
[{"0": [1, 3, 0, 0, 2, 0, 3, 3, 3, 1, 36, 1, 3, 0, 1, 4, 4]}, null, null, 127, false, [], false, 0, [], null, 0, 1744376611.3119633, 0, {}]
[{"0": [0, 0, 0, 1, 1, 1, 2, 1, 1, 3, 33, 25, 31, 29, 27, 25, 24]}, null, null, 127, false, [], false, 0, [], null, 0, 1744376611.5274265, 0, {}]
[{"0": [1, 0, 2, 3, 6, 19, 21, 22, 34, 27, 27, 30, 30, 18, 1, 2, 1]}, null, null, 128, false, [], false, 0, [], null, 0, 1744376611.7416353, 0, {}]
[{"0": [2, 2, 2, 1, 2, 32, 25, 19, 0, 1, 4, 2, 2, 2, 2, 2, 1]}, null, null, 128, false, [], false, 0, [], null, 0, 1744376611.9528136, 0, {}]
[{"0": [1, 3, 2, 0, 2, 1, 2, 2, 2, 0, 31, 35, 23, 23, 22, 27, 32]}, null, null, 129, false, [], false, 0, [], null, 0, 1744376612.173032, 0, {}]
[{"0": [1, 2, 2, 0, 2, 0, 1, 4, 3, 25, 16, 37, 24, 18, 31, 0, 0]}, null, null, 130, false, [], false, 0, [], null, 0, 1744376612.3973894, 0, {}]
[{"0": [4, 1, 1, 0, 5, 3, 0, 1, 0, 1, 27, 3, 2, 2, 4, 1, 2]}, null, null, 130, false, [], false, 0, [], null, 0, 1744376612.6028328, 0, {}]
[{"0": [2, 0, 0, 1, 0, 1, 1, 0, 3, 30, 39, 25, 29, 25, 23, 20, 27]}, null, null, 131, false, [], false, 0, [], null, 0, 1744376612.8225226, 0, {}]
[{"0": [5, 1, 1, 1, 28, 32, 29, 39, 2, 5, 1, 0, 2, 2, 1, 4, 1]}, null, null, 131, false, [], false, 0, [], null, 0, 1744376613.0313969, 0, {}]
[{"0": [3, 0, 2, 1, 0, 1, 1, 2, 2, 1, 3, 2, 0, 27, 0, 0, 2]}, null, null, 132, false, [], false, 0, [], null, 0, 1744376613.2700677, 0, {}]
[{"0": [0, 1, 1, 0, 1, 5, 3, 2, 1, 0, 1, 34, 1, 0, 2, 0, 3]}, null, null, 133, false, [], false, 0, [], null, 0, 1744376613.4655335, 0, {}]
[{"0": [34, 27, 24, 0, 2, 3, 2, 0, 1, 1, 2, 6, 4, 0, 2, 4, 1]}, null, null, 133, false, [], false, 0, [], null, 0, 1744376613.6970558, 0, {}]
[{"0": [1, 1, 30, 1, 2, 0, 1, 4, 2, 3, 1, 1, 0, 5, 1, 2, 0]}, null, null, 134, false, [], false, 0, [], null, 0, 1744376613.9154532, 0, {}]
[{"0": [23, 0, 2, 0, 1, 4, 2, 1, 1, 3, 0, 2, 2, 2, 0, 1, 0]}, null, null, 134, false, [], false, 0, [], null, 0, 1744376614.1179404, 0, {}]
[{"0": [4, 3, 2, 2, 2, 0, 1, 4, 0, 3, 3, 0, 0, 1, 1, 33, 37]}, null, null, 135, false, [], false, 0, [], null, 0, 1744376614.3363037, 0, {}]
[{"0": [2, 2, 1, 2, 1, 2, 1, 1, 2, 1, 20, 21, 24, 1, 4, 1, 1]}, null, null, 136, false, [], false, 0, [], null, 0, 1744376614.5487554, 0, {}]
[{"0": [34, 2, 1, 2, 1, 0, 1, 1, 3, 3, 2, 0, 1, 2, 3, 2, 1]}, null, null, 136, false, [], false, 0, [], null, 0, 1744376614.7681036, 0, {}]
[{"0": [4, 7, 1, 0, 5, 3, 1, 2, 0, 0, 2, 2, 1, 6, 4, 1, 20]}, null, null, 137, false, [], false, 0, [], null, 0, 1744376614.998518, 0, {}]
[{"0": [2, 3, 1, 2, 1, 1, 2, 1, 2, 0, 2, 1, 0, 2, 3, 1, 4]}, null, null, 137, false, [], false, 0, [], null, 0, 1744376615.2117906, 0, {}]
[{"0": [23, 22, 23, 26, 3, 1, 2, 2, 2, 2, 2, 1, 1, 0, 2, 4, 0]}, null, null, 138, false, [], false, 0, [], null, 0, 1744376615.4156122, 0, {}]
[{"0": [1, 2, 1, 4, 2, 4, 1, 2, 1, 2, 1, 3, 3, 4, 0, 3, 33]}, null, null, 139, false, [], false, 0, [], null, 0, 1744376615.64072, 0, {}]
[{"0": [3, 1, 1, 1, 2, 30, 2, 1, 0, 1, 2, 1, 3, 2, 1, 1, 2]}, null, null, 139, false, [], false, 0, [], null, 0, 1744376615.8669186, 0, {}]
[{"0": [0, 2, 1, 3, 0, 3, 1, 2, 1, 23, 1, 1, 2, 1, 1, 2, 0]}, null, null, 140, false, [], false, 0, [], null, 0, 1744376616.068381, 0, {}]
[{"0": [24, 31, 20, 0, 1, 2, 1, 2, 5, 3, 0, 2, 3, 1, 2, 0, 0]}, null, null, 140, false, [], false, 0, [], null, 0, 1744376616.2919042, 0, {}]
[{"0": [4, 2, 0, 1, 1, 1, 1, 2, 1, 23, 35, 1, 2, 1, 2, 0, 1]}, null, null, 141, false, [], false, 0, [], null, 0, 1744376616.505705, 0, {}]
[{"0": [5, 1, 1, 3, 2, 3, 0, 0, 4, 2, 1, 4, 3, 1, 26, 32, 27]}, null, null, 142, false, [], false, 0, [], null, 0, 1744376616.7262385, 0, {}]
[{"0": [0, 4, 0, 2, 1, 1, 0, 30, 19, 21, 28, 32, 25, 28, 4, 3, 2]}, null, null, 142, false, [], false, 0, [], null, 0, 1744376616.9357996, 0, {}]
[{"0": [0, 3, 1, 2, 2, 4, 3, 2, 38, 23, 34, 22, 22, 23, 17, 27, 1]}, null, null, 143, false, [], false, 0, [], null, 0, 1744376617.1536498, 0, {}]
[{"0": [1, 1, 0, 2, 2, 0, 3, 1, 3, 2, 2, 23, 19, 24, 27, 2, 2]}, null, null, 143, false, [], false, 0, [], null, 0, 1744376617.3735814, 0, {}]
[{"0": [2, 0, 1, 2, 2, 0, 3, 1, 2, 1, 3, 26, 2, 2, 3, 2, 1]}, null, null, 144, false, [], false, 0, [], null, 0, 1744376617.5883148, 0, {}]
[{"0": [1, 0, 0, 2, 0, 2, 1, 1, 2, 3, 2, 4, 0, 0, 1, 1, 1]}, null, null, 145, false, [], false, 0, [], null, 0, 1744376617.8027997, 0, {}]
[{"0": [3, 1, 2, 1, 2, 1, 1, 2, 1, 2, 3, 2, 2, 0, 1, 2, 32]}, null, null, 145, false, [], false, 0, [], null, 0, 1744376618.0173588, 0, {}]
[{"0": [1, 3, 4, 1, 2, 2, 3, 2, 0, 2, 0, 1, 4, 1, 2, 3, 31]}, null, null, 146, false, [], false, 0, [], null, 0, 1744376618.234215, 0, {}]
[{"0": [0, 1, 3, 2, 2, 1, 2, 2, 2, 0, 0, 0, 3, 1, 1, 0, 2]}, null, null, 146, false, [], false, 0, [], null, 0, 1744376618.464009, 0, {}]
[{"0": [4, 1, 0, 2, 1, 2, 1, 3, 23, 25, 25, 26, 28, 37, 30, 29, 3]}, null, null, 147, false, [], false, 0, [], null, 0, 1744376618.6690211, 0, {}]
[{"0": [1, 2, 2, 4, 2, 1, 2, 1, 1, 1, 1, 28, 24, 25, 35, 23, 24]}, null, null, 148, false, [], false, 0, [], null, 0, 1744376618.880594, 0, {}]
[{"0": [4, 2, 1, 0, 5, 3, 0, 2, 2, 2, 27, 26, 38, 37, 27, 34, 24]}, null, null, 148, false, [], false, 0, [], null, 0, 1744376619.1055667, 0, {}]
[{"0": [1, 2, 2, 1, 3, 1, 3, 0, 1, 3, 1, 0, 2, 3, 0, 0, 28]}, null, null, 149, false, [], false, 0, [], null, 0, 1744376619.3222475, 0, {}]
[{"0": [3, 2, 22, 0, 1, 2, 0, 4, 2, 2, 0, 4, 1, 1, 0, 1, 2]}, null, null, 149, false, [], false, 0, [], null, 0, 1744376619.539131, 0, {}]
[{"0": [4, 1, 3, 1, 1, 3, 4, 0, 1, 3, 20, 2, 0, 1, 5, 2, 1]}, null, null, 150, true, [], false, 0, [], null, 0, 1744376619.7514672, 0, {}]
