[{"0": [24, 21, 4, 1, 2, 1, 0, 3, 3, 1, 1, 3, 0, 1, 2, 3, 2]}, null, null, 0, false, [], false, 0, [], null, 0, 1744374604.3863292, 0, {}]
[{"0": [3, 29, 3, 2, 1, 3, 1, 2, 1, 0, 0, 2, 1, 0, 2, 4, 3]}, null, null, 1, false, [], false, 0, [], null, 0, 1744374604.614493, 0, {}]
[{"0": [2, 0, 3, 1, 4, 2, 1, 3, 1, 0, 1, 26, 31, 2, 4, 3, 2]}, null, null, 1, false, [], false, 0, [], null, 0, 1744374604.8285668, 0, {}]
[{"0": [0, 30, 29, 25, 31, 25, 3, 2, 0, 2, 1, 0, 2, 1, 0, 2, 3]}, null, null, 2, false, [], false, 0, [], null, 0, 1744374605.0455902, 0, {}]
[{"0": [2, 0, 31, 2, 1, 3, 3, 6, 5, 2, 5, 3, 1, 5, 2, 4, 2]}, null, null, 2, false, [], false, 0, [], null, 0, 1744374605.2573812, 0, {}]
[{"0": [0, 37, 3, 2, 4, 1, 2, 1, 1, 2, 2, 3, 1, 0, 0, 0, 1]}, null, null, 3, false, [], false, 0, [], null, 0, 1744374605.4737525, 0, {}]
[{"0": [2, 27, 17, 21, 22, 28, 26, 33, 1, 1, 1, 1, 0, 0, 1, 4, 1]}, null, null, 4, false, [], false, 0, [], null, 0, 1744374605.7027254, 0, {}]
[{"0": [26, 28, 29, 3, 2, 2, 0, 4, 1, 2, 1, 1, 2, 1, 3, 1, 1]}, null, null, 4, false, [], false, 0, [], null, 0, 1744374605.9188323, 0, {}]
[{"0": [3, 29, 19, 32, 5, 4, 1, 2, 1, 0, 2, 1, 2, 2, 1, 1, 3]}, null, null, 5, false, [], false, 0, [], null, 0, 1744374606.1329598, 0, {}]
[{"0": [3, 30, 39, 27, 28, 3, 1, 0, 2, 2, 3, 0, 1, 3, 2, 4, 1]}, null, null, 5, false, [], false, 0, [], null, 0, 1744374606.3558776, 0, {}]
[{"0": [1, 31, 27, 32, 29, 17, 29, 29, 20, 2, 3, 3, 3, 2, 2, 2, 1]}, null, null, 6, false, [], false, 0, [], null, 0, 1744374606.572893, 0, {}]
[{"0": [22, 1, 2, 2, 0, 2, 2, 2, 3, 1, 5, 1, 4, 1, 0, 3, 0]}, null, null, 7, false, [], false, 0, [], null, 0, 1744374606.7877495, 0, {}]
[{"0": [1, 18, 19, 31, 3, 2, 0, 4, 1, 2, 4, 2, 3, 1, 2, 0, 3]}, null, null, 7, false, [], false, 0, [], null, 0, 1744374606.997996, 0, {}]
[{"0": [3, 37, 7, 1, 2, 1, 5, 1, 0, 1, 1, 1, 1, 2, 2, 0, 1]}, null, null, 8, false, [], false, 0, [], null, 0, 1744374607.2118666, 0, {}]
[{"0": [2, 25, 29, 27, 2, 0, 1, 1, 3, 4, 2, 2, 0, 0, 3, 3, 1]}, null, null, 8, false, [], false, 0, [], null, 0, 1744374607.4261656, 0, {}]
[{"0": [2, 27, 31, 3, 2, 0, 5, 1, 3, 0, 4, 0, 1, 1, 2, 0, 2]}, null, null, 9, false, [], false, 0, [], null, 0, 1744374607.65127, 0, {}]
[{"0": [2, 1, 2, 2, 0, 5, 2, 2, 1, 31, 24, 2, 1, 0, 0, 3, 2]}, null, null, 10, false, [], false, 0, [], null, 0, 1744374607.8751726, 0, {}]
[{"0": [1, 27, 30, 38, 3, 2, 2, 3, 6, 4, 2, 1, 2, 4, 2, 4, 4]}, null, null, 10, false, [], false, 0, [], null, 0, 1744374608.089025, 0, {}]
[{"0": [3, 24, 32, 21, 15, 2, 5, 3, 3, 2, 1, 0, 3, 0, 3, 2, 2]}, null, null, 11, false, [], false, 0, [], null, 0, 1744374608.303411, 0, {}]
[{"0": [2, 1, 3, 1, 1, 1, 1, 2, 5, 0, 2, 2, 1, 2, 2, 0, 1]}, null, null, 11, false, [], false, 0, [], null, 0, 1744374608.5143256, 0, {}]
[{"0": [2, 34, 4, 2, 4, 0, 1, 1, 0, 3, 1, 2, 6, 3, 1, 3, 1]}, null, null, 12, false, [], false, 0, [], null, 0, 1744374608.7362165, 0, {}]
[{"0": [3, 26, 39, 0, 2, 2, 3, 3, 4, 3, 1, 0, 3, 3, 3, 3, 2]}, null, null, 13, false, [], false, 0, [], null, 0, 1744374608.9580612, 0, {}]
[{"0": [22, 1, 4, 0, 3, 0, 1, 1, 2, 3, 1, 3, 1, 2, 4, 1, 1]}, null, null, 13, false, [], false, 0, [], null, 0, 1744374609.1590729, 0, {}]
[{"0": [2, 2, 2, 1, 0, 2, 1, 0, 4, 0, 31, 26, 26, 20, 35, 33, 30]}, null, null, 14, false, [], false, 0, [], null, 0, 1744374609.3840694, 0, {}]
[{"0": [1, 3, 3, 3, 1, 1, 2, 0, 3, 1, 0, 1, 1, 2, 1, 4, 2]}, null, null, 14, false, [], false, 0, [], null, 0, 1744374609.613632, 0, {}]
[{"0": [1, 25, 1, 1, 4, 1, 1, 0, 1, 2, 2, 2, 2, 2, 1, 1, 3]}, null, null, 15, false, [], false, 0, [], null, 0, 1744374609.8288352, 0, {}]
[{"0": [2, 0, 2, 1, 5, 1, 1, 2, 1, 2, 26, 1, 1, 3, 4, 1, 4]}, null, null, 16, false, [], false, 0, [], null, 0, 1744374610.032793, 0, {}]
[{"0": [4, 2, 0, 4, 1, 2, 1, 2, 2, 27, 16, 1, 2, 0, 3, 2, 1]}, null, null, 16, false, [], false, 0, [], null, 0, 1744374610.2472878, 0, {}]
[{"0": [24, 1, 2, 2, 2, 2, 7, 5, 1, 2, 21, 29, 25, 26, 26, 39, 1]}, null, null, 17, false, [], false, 0, [], null, 0, 1744374610.4612117, 0, {}]
[{"0": [2, 23, 26, 22, 19, 3, 2, 5, 1, 0, 1, 1, 2, 1, 2, 1, 4]}, null, null, 17, false, [], false, 0, [], null, 0, 1744374610.686606, 0, {}]
[{"0": [2, 21, 27, 18, 2, 0, 3, 5, 4, 0, 3, 1, 3, 4, 2, 2, 2]}, null, null, 18, false, [], false, 0, [], null, 0, 1744374610.9099746, 0, {}]
[{"0": [4, 34, 23, 21, 28, 26, 3, 2, 1, 1, 2, 1, 4, 1, 0, 0, 2]}, null, null, 19, false, [], false, 0, [], null, 0, 1744374611.121236, 0, {}]
[{"0": [2, 1, 3, 1, 1, 0, 33, 2, 0, 3, 0, 2, 2, 0, 0, 2, 1]}, null, null, 19, false, [], false, 0, [], null, 0, 1744374611.3380625, 0, {}]
[{"0": [0, 0, 0, 3, 1, 1, 0, 0, 0, 1, 4, 4, 36, 21, 27, 1, 4]}, null, null, 20, false, [], false, 0, [], null, 0, 1744374611.5517364, 0, {}]
[{"0": [4, 26, 24, 27, 24, 2, 3, 2, 2, 1, 2, 1, 3, 3, 1, 8, 3]}, null, null, 20, false, [], false, 0, [], null, 0, 1744374611.7790704, 0, {}]
[{"0": [2, 20, 34, 36, 1, 0, 2, 2, 0, 4, 3, 4, 0, 4, 3, 4, 2]}, null, null, 21, false, [], false, 0, [], null, 0, 1744374611.9994977, 0, {}]
[{"0": [2, 21, 31, 31, 0, 1, 3, 9, 3, 3, 3, 3, 2, 5, 2, 3, 3]}, null, null, 22, false, [], false, 0, [], null, 0, 1744374612.1985326, 0, {}]
[{"0": [2, 3, 1, 4, 1, 2, 2, 2, 0, 1, 2, 22, 31, 34, 34, 3, 1]}, null, null, 22, false, [], false, 0, [], null, 0, 1744374612.4106195, 0, {}]
[{"0": [3, 26, 2, 0, 2, 3, 4, 3, 3, 1, 0, 2, 2, 2, 1, 0, 2]}, null, null, 23, false, [], false, 0, [], null, 0, 1744374612.641965, 0, {}]
[{"0": [0, 3, 3, 1, 2, 4, 2, 25, 1, 7, 2, 2, 1, 3, 1, 1, 4]}, null, null, 23, false, [], false, 0, [], null, 0, 1744374612.8567598, 0, {}]
[{"0": [1, 2, 1, 3, 2, 1, 3, 2, 1, 1, 1, 3, 0, 0, 2, 0, 5]}, null, null, 24, false, [], false, 0, [], null, 0, 1744374613.0710046, 0, {}]
[{"0": [3, 20, 24, 30, 18, 14, 32, 23, 26, 2, 0, 1, 1, 2, 3, 1, 3]}, null, null, 25, false, [], false, 0, [], null, 0, 1744374613.2805336, 0, {}]
[{"0": [2, 0, 1, 0, 2, 5, 0, 2, 1, 2, 35, 33, 25, 5, 1, 2, 1]}, null, null, 25, false, [], false, 0, [], null, 0, 1744374613.4980412, 0, {}]
[{"0": [2, 25, 28, 28, 24, 32, 29, 1, 1, 0, 0, 2, 3, 2, 0, 2, 2]}, null, null, 26, false, [], false, 0, [], null, 0, 1744374613.7314742, 0, {}]
[{"0": [2, 26, 19, 23, 4, 0, 2, 4, 1, 1, 1, 0, 5, 4, 2, 1, 1]}, null, null, 27, false, [], false, 0, [], null, 0, 1744374613.937845, 0, {}]
[{"0": [1, 30, 26, 34, 1, 2, 2, 3, 1, 0, 0, 0, 2, 2, 4, 3, 2]}, null, null, 27, false, [], false, 0, [], null, 0, 1744374614.1676042, 0, {}]
[{"0": [3, 2, 0, 1, 3, 2, 2, 0, 0, 1, 2, 0, 2, 2, 0, 3, 2]}, null, null, 28, false, [], false, 0, [], null, 0, 1744374614.371218, 0, {}]
[{"0": [1, 23, 31, 1, 0, 1, 0, 3, 2, 4, 2, 1, 0, 1, 0, 0, 0]}, null, null, 28, false, [], false, 0, [], null, 0, 1744374614.5832996, 0, {}]
[{"0": [1, 0, 2, 1, 1, 1, 2, 1, 0, 3, 29, 23, 24, 32, 28, 31, 27]}, null, null, 29, false, [], false, 0, [], null, 0, 1744374614.8104477, 0, {}]
[{"0": [3, 26, 26, 2, 1, 1, 6, 3, 1, 6, 1, 1, 1, 2, 2, 2, 0]}, null, null, 30, false, [], false, 0, [], null, 0, 1744374615.0140877, 0, {}]
[{"0": [2, 25, 5, 1, 1, 1, 2, 2, 1, 1, 2, 2, 0, 2, 1, 1, 0]}, null, null, 30, false, [], false, 0, [], null, 0, 1744374615.230289, 0, {}]
[{"0": [34, 27, 30, 1, 1, 3, 2, 2, 5, 4, 1, 3, 1, 1, 2, 2, 3]}, null, null, 31, false, [], false, 0, [], null, 0, 1744374615.449305, 0, {}]
[{"0": [1, 5, 3, 1, 3, 3, 3, 2, 2, 2, 0, 0, 32, 39, 38, 0, 3]}, null, null, 31, false, [], false, 0, [], null, 0, 1744374615.664303, 0, {}]
[{"0": [0, 37, 37, 17, 1, 1, 3, 2, 5, 1, 1, 1, 2, 3, 1, 3, 2]}, null, null, 32, false, [], false, 0, [], null, 0, 1744374615.8798625, 0, {}]
[{"0": [2, 27, 33, 4, 0, 2, 2, 0, 2, 1, 4, 1, 0, 1, 3, 3, 1]}, null, null, 33, false, [], false, 0, [], null, 0, 1744374616.1087198, 0, {}]
[{"0": [4, 18, 24, 25, 31, 20, 2, 1, 3, 6, 2, 2, 4, 1, 1, 0, 1]}, null, null, 33, false, [], false, 0, [], null, 0, 1744374616.3282201, 0, {}]
[{"0": [1, 1, 1, 0, 19, 1, 1, 0, 2, 2, 2, 3, 2, 4, 3, 1, 2]}, null, null, 34, false, [], false, 0, [], null, 0, 1744374616.5373342, 0, {}]
[{"0": [1, 28, 25, 26, 20, 27, 24, 0, 2, 1, 2, 0, 1, 2, 1, 1, 4]}, null, null, 34, false, [], false, 0, [], null, 0, 1744374616.7545311, 0, {}]
[{"0": [1, 19, 2, 0, 2, 4, 2, 0, 0, 1, 1, 3, 5, 3, 2, 4, 3]}, null, null, 35, false, [], false, 0, [], null, 0, 1744374616.9817922, 0, {}]
[{"0": [2, 20, 29, 23, 34, 2, 0, 2, 1, 1, 0, 1, 4, 2, 3, 2, 2]}, null, null, 36, false, [], false, 0, [], null, 0, 1744374617.190336, 0, {}]
[{"0": [1, 0, 2, 1, 0, 2, 2, 2, 3, 0, 1, 3, 1, 2, 2, 3, 1]}, null, null, 36, false, [], false, 0, [], null, 0, 1744374617.4007204, 0, {}]
[{"0": [2, 34, 24, 1, 2, 1, 2, 0, 3, 0, 3, 1, 2, 3, 5, 4, 1]}, null, null, 37, false, [], false, 0, [], null, 0, 1744374617.633033, 0, {}]
[{"0": [2, 1, 1, 3, 1, 3, 2, 28, 34, 15, 1, 1, 1, 0, 3, 0, 3]}, null, null, 37, false, [], false, 0, [], null, 0, 1744374617.8441637, 0, {}]
[{"0": [2, 27, 34, 19, 28, 25, 28, 31, 23, 2, 0, 3, 0, 1, 2, 5, 1]}, null, null, 38, false, [], false, 0, [], null, 0, 1744374618.046245, 0, {}]
[{"0": [3, 23, 24, 33, 25, 19, 28, 25, 38, 34, 24, 3, 1, 1, 2, 1, 2]}, null, null, 39, false, [], false, 0, [], null, 0, 1744374618.2757366, 0, {}]
[{"0": [2, 27, 29, 29, 4, 0, 0, 0, 2, 3, 0, 2, 0, 2, 2, 4, 2]}, null, null, 39, false, [], false, 0, [], null, 0, 1744374618.4827008, 0, {}]
[{"0": [2, 20, 18, 1, 2, 2, 1, 4, 1, 1, 1, 3, 0, 1, 2, 1, 2]}, null, null, 40, false, [], false, 0, [], null, 0, 1744374618.7101257, 0, {}]
[{"0": [25, 36, 16, 20, 30, 2, 1, 0, 0, 4, 0, 2, 1, 2, 2, 0, 4]}, null, null, 40, false, [], false, 0, [], null, 0, 1744374618.9136107, 0, {}]
[{"0": [1, 1, 3, 0, 4, 0, 3, 1, 0, 3, 0, 1, 4, 2, 0, 2, 3]}, null, null, 41, false, [], false, 0, [], null, 0, 1744374619.1321902, 0, {}]
[{"0": [1, 29, 1, 1, 3, 1, 0, 6, 2, 1, 4, 2, 2, 3, 0, 1, 2]}, null, null, 42, false, [], false, 0, [], null, 0, 1744374619.3570733, 0, {}]
[{"0": [0, 28, 20, 21, 2, 0, 1, 4, 1, 1, 1, 5, 0, 2, 2, 1, 1]}, null, null, 42, false, [], false, 0, [], null, 0, 1744374619.5647347, 0, {}]
[{"0": [2, 1, 1, 6, 6, 1, 4, 1, 1, 1, 3, 0, 1, 2, 1, 1, 1]}, null, null, 43, false, [], false, 0, [], null, 0, 1744374619.7929597, 0, {}]
[{"0": [0, 28, 2, 3, 0, 1, 5, 1, 4, 1, 2, 2, 2, 2, 2, 2, 3]}, null, null, 43, false, [], false, 0, [], null, 0, 1744374620.0071526, 0, {}]
[{"0": [2, 29, 31, 3, 1, 1, 4, 0, 0, 1, 3, 2, 3, 1, 0, 1, 1]}, null, null, 44, false, [], false, 0, [], null, 0, 1744374620.2261379, 0, {}]
[{"0": [1, 28, 27, 25, 2, 0, 1, 5, 2, 1, 0, 3, 2, 1, 1, 1, 1]}, null, null, 45, false, [], false, 0, [], null, 0, 1744374620.435824, 0, {}]
[{"0": [30, 26, 29, 27, 18, 21, 1, 0, 2, 1, 2, 1, 3, 3, 0, 3, 3]}, null, null, 45, false, [], false, 0, [], null, 0, 1744374620.66042, 0, {}]
[{"0": [2, 20, 2, 4, 3, 3, 3, 3, 1, 1, 2, 3, 1, 0, 0, 0, 4]}, null, null, 46, false, [], false, 0, [], null, 0, 1744374620.8708045, 0, {}]
[{"0": [3, 1, 5, 3, 2, 1, 1, 0, 1, 0, 0, 2, 2, 0, 3, 1, 0]}, null, null, 46, false, [], false, 0, [], null, 0, 1744374621.0944045, 0, {}]
[{"0": [0, 1, 1, 5, 0, 0, 25, 26, 30, 31, 33, 3, 3, 0, 3, 2, 2]}, null, null, 47, false, [], false, 0, [], null, 0, 1744374621.315268, 0, {}]
[{"0": [3, 28, 34, 31, 0, 1, 0, 2, 2, 2, 1, 0, 3, 3, 3, 4, 2]}, null, null, 48, false, [], false, 0, [], null, 0, 1744374621.5287628, 0, {}]
[{"0": [1, 22, 25, 36, 3, 1, 2, 2, 3, 1, 1, 3, 0, 1, 1, 2, 2]}, null, null, 48, false, [], false, 0, [], null, 0, 1744374621.736944, 0, {}]
[{"0": [1, 29, 28, 21, 33, 24, 23, 30, 3, 0, 0, 2, 2, 1, 2, 2, 1]}, null, null, 49, false, [], false, 0, [], null, 0, 1744374621.9540296, 0, {}]
[{"0": [2, 30, 3, 1, 0, 4, 2, 2, 1, 3, 0, 1, 0, 3, 2, 0, 2]}, null, null, 49, false, [], false, 0, [], null, 0, 1744374622.169077, 0, {}]
[{"0": [2, 1, 2, 1, 4, 2, 2, 0, 4, 0, 3, 1, 1, 2, 2, 1, 2]}, null, null, 50, false, [], false, 0, [], null, 0, 1744374622.3811417, 0, {}]
[{"0": [2, 21, 23, 37, 3, 3, 2, 1, 2, 2, 2, 0, 1, 1, 1, 1, 0]}, null, null, 51, false, [], false, 0, [], null, 0, 1744374622.6121864, 0, {}]
[{"0": [21, 25, 26, 24, 3, 2, 3, 5, 4, 0, 3, 0, 1, 1, 0, 2, 2]}, null, null, 51, false, [], false, 0, [], null, 0, 1744374622.8270493, 0, {}]
[{"0": [24, 28, 1, 2, 5, 4, 2, 2, 3, 1, 0, 2, 2, 2, 0, 1, 5]}, null, null, 52, false, [], false, 0, [], null, 0, 1744374623.0375507, 0, {}]
[{"0": [3, 5, 3, 2, 3, 1, 3, 1, 2, 2, 0, 0, 1, 3, 1, 1, 1]}, null, null, 52, false, [], false, 0, [], null, 0, 1744374623.259277, 0, {}]
[{"0": [1, 2, 2, 4, 1, 2, 2, 2, 0, 1, 4, 3, 2, 3, 4, 1, 2]}, null, null, 53, false, [], false, 0, [], null, 0, 1744374623.4776273, 0, {}]
[{"0": [2, 1, 1, 5, 1, 1, 3, 4, 0, 19, 19, 1, 3, 0, 4, 5, 0]}, null, null, 54, false, [], false, 0, [], null, 0, 1744374623.6870148, 0, {}]
[{"0": [1, 0, 2, 0, 4, 3, 1, 1, 2, 0, 1, 24, 24, 26, 33, 23, 1]}, null, null, 54, false, [], false, 0, [], null, 0, 1744374623.8944976, 0, {}]
[{"0": [2, 2, 2, 4, 1, 0, 4, 2, 2, 18, 30, 2, 3, 1, 2, 2, 2]}, null, null, 55, false, [], false, 0, [], null, 0, 1744374624.1137762, 0, {}]
[{"0": [2, 0, 1, 0, 2, 1, 35, 2, 2, 3, 1, 1, 1, 4, 1, 0, 1]}, null, null, 55, false, [], false, 0, [], null, 0, 1744374624.330604, 0, {}]
[{"0": [1, 3, 0, 1, 4, 2, 0, 2, 1, 1, 20, 22, 21, 27, 30, 27, 28]}, null, null, 56, false, [], false, 0, [], null, 0, 1744374624.557565, 0, {}]
[{"0": [1, 2, 2, 3, 0, 1, 3, 31, 4, 2, 2, 4, 2, 2, 1, 2, 0]}, null, null, 57, false, [], false, 0, [], null, 0, 1744374624.7694533, 0, {}]
[{"0": [0, 3, 1, 2, 4, 0, 1, 3, 0, 0, 2, 3, 0, 2, 1, 2, 2]}, null, null, 57, false, [], false, 0, [], null, 0, 1744374624.9938047, 0, {}]
[{"0": [0, 26, 3, 1, 3, 3, 1, 0, 1, 3, 0, 1, 1, 1, 1, 1, 3]}, null, null, 58, false, [], false, 0, [], null, 0, 1744374625.2026124, 0, {}]
[{"0": [36, 21, 30, 27, 13, 24, 31, 39, 24, 4, 6, 1, 0, 1, 0, 2, 1]}, null, null, 58, false, [], false, 0, [], null, 0, 1744374625.4133203, 0, {}]
[{"0": [2, 2, 1, 0, 3, 4, 2, 0, 2, 32, 29, 22, 21, 28, 29, 3, 5]}, null, null, 59, false, [], false, 0, [], null, 0, 1744374625.6322691, 0, {}]
[{"0": [1, 28, 25, 27, 28, 27, 31, 34, 30, 27, 25, 36, 26, 23, 31, 31, 25]}, null, null, 60, false, [], false, 0, [], null, 0, 1744374625.8480535, 0, {}]
[{"0": [0, 3, 3, 1, 1, 1, 3, 0, 1, 2, 0, 28, 2, 5, 0, 4, 2]}, null, null, 60, false, [], false, 0, [], null, 0, 1744374626.0582316, 0, {}]
[{"0": [2, 23, 23, 20, 0, 3, 2, 2, 2, 2, 1, 3, 1, 4, 2, 2, 2]}, null, null, 61, false, [], false, 0, [], null, 0, 1744374626.2848783, 0, {}]
[{"0": [2, 34, 19, 30, 28, 26, 22, 27, 19, 28, 1, 1, 3, 5, 1, 0, 0]}, null, null, 61, false, [], false, 0, [], null, 0, 1744374626.5114062, 0, {}]
[{"0": [1, 0, 3, 4, 5, 0, 2, 0, 2, 4, 25, 28, 22, 28, 27, 23, 34]}, null, null, 62, false, [], false, 0, [], null, 0, 1744374626.723294, 0, {}]
[{"0": [23, 29, 1, 2, 0, 1, 2, 2, 0, 0, 2, 1, 1, 2, 2, 1, 1]}, null, null, 63, false, [], false, 0, [], null, 0, 1744374626.952161, 0, {}]
[{"0": [1, 33, 29, 26, 27, 2, 1, 2, 2, 2, 4, 3, 1, 1, 1, 1, 2]}, null, null, 63, false, [], false, 0, [], null, 0, 1744374627.1461394, 0, {}]
[{"0": [3, 23, 30, 24, 23, 24, 23, 26, 30, 2, 2, 4, 3, 1, 1, 2, 1]}, null, null, 64, false, [], false, 0, [], null, 0, 1744374627.3828423, 0, {}]
[{"0": [2, 0, 2, 2, 1, 4, 15, 33, 31, 31, 1, 1, 5, 1, 0, 5, 0]}, null, null, 64, false, [], false, 0, [], null, 0, 1744374627.5897617, 0, {}]
[{"0": [2, 31, 2, 0, 2, 2, 1, 2, 1, 1, 5, 1, 1, 2, 1, 3, 2]}, null, null, 65, false, [], false, 0, [], null, 0, 1744374627.798073, 0, {}]
[{"0": [1, 22, 0, 2, 0, 3, 3, 2, 0, 2, 0, 0, 1, 1, 1, 0, 1]}, null, null, 66, false, [], false, 0, [], null, 0, 1744374628.0174732, 0, {}]
[{"0": [1, 23, 25, 27, 3, 0, 0, 1, 3, 2, 2, 1, 4, 1, 4, 1, 1]}, null, null, 66, false, [], false, 0, [], null, 0, 1744374628.2336304, 0, {}]
[{"0": [1, 19, 27, 28, 24, 22, 28, 1, 2, 1, 1, 2, 1, 2, 1, 1, 2]}, null, null, 67, false, [], false, 0, [], null, 0, 1744374628.4519987, 0, {}]
[{"0": [1, 21, 36, 2, 2, 1, 0, 3, 0, 1, 2, 1, 0, 2, 3, 3, 0]}, null, null, 67, false, [], false, 0, [], null, 0, 1744374628.6662447, 0, {}]
[{"0": [2, 30, 21, 18, 31, 30, 33, 4, 1, 4, 0, 1, 3, 1, 0, 1, 1]}, null, null, 68, false, [], false, 0, [], null, 0, 1744374628.8891122, 0, {}]
[{"0": [3, 25, 24, 20, 0, 0, 0, 1, 2, 4, 2, 1, 0, 0, 3, 4, 2]}, null, null, 69, false, [], false, 0, [], null, 0, 1744374629.1145306, 0, {}]
[{"0": [2, 16, 2, 1, 4, 2, 1, 2, 0, 4, 2, 2, 1, 2, 0, 0, 3]}, null, null, 69, false, [], false, 0, [], null, 0, 1744374629.3147187, 0, {}]
[{"0": [21, 25, 2, 7, 1, 1, 2, 1, 1, 1, 0, 4, 2, 0, 4, 2, 1]}, null, null, 70, false, [], false, 0, [], null, 0, 1744374629.540865, 0, {}]
[{"0": [4, 29, 20, 26, 24, 31, 21, 22, 1, 1, 1, 4, 0, 2, 2, 1, 1]}, null, null, 70, false, [], false, 0, [], null, 0, 1744374629.7542434, 0, {}]
[{"0": [0, 32, 2, 2, 2, 3, 2, 5, 2, 1, 0, 3, 0, 3, 3, 1, 2]}, null, null, 71, false, [], false, 0, [], null, 0, 1744374629.9779196, 0, {}]
[{"0": [2, 1, 0, 2, 1, 4, 2, 2, 1, 0, 1, 3, 1, 3, 3, 0, 1]}, null, null, 72, false, [], false, 0, [], null, 0, 1744374630.1967285, 0, {}]
[{"0": [27, 37, 30, 3, 3, 0, 0, 0, 0, 2, 1, 2, 1, 2, 2, 0, 2]}, null, null, 72, false, [], false, 0, [], null, 0, 1744374630.4019408, 0, {}]
[{"0": [0, 29, 26, 18, 24, 20, 20, 0, 1, 3, 1, 3, 5, 1, 5, 5, 1]}, null, null, 73, false, [], false, 0, [], null, 0, 1744374630.630104, 0, {}]
[{"0": [5, 27, 33, 24, 33, 36, 27, 0, 2, 2, 0, 1, 0, 1, 2, 1, 2]}, null, null, 73, false, [], false, 0, [], null, 0, 1744374630.844782, 0, {}]
[{"0": [3, 24, 31, 19, 20, 32, 27, 25, 21, 20, 27, 1, 1, 1, 2, 1, 2]}, null, null, 74, false, [], false, 0, [], null, 0, 1744374631.0555356, 0, {}]
[{"0": [1, 23, 20, 1, 3, 1, 3, 1, 1, 2, 1, 2, 1, 0, 1, 2, 1]}, null, null, 75, false, [], false, 0, [], null, 0, 1744374631.2796028, 0, {}]
[{"0": [1, 18, 25, 2, 3, 2, 1, 1, 2, 2, 3, 3, 2, 3, 3, 4, 1]}, null, null, 75, false, [], false, 0, [], null, 0, 1744374631.4989095, 0, {}]
[{"0": [2, 26, 2, 1, 1, 4, 0, 0, 2, 2, 2, 1, 1, 3, 0, 1, 5]}, null, null, 76, false, [], false, 0, [], null, 0, 1744374631.7150955, 0, {}]
[{"0": [0, 20, 19, 27, 1, 3, 0, 2, 1, 1, 1, 1, 3, 1, 2, 1, 1]}, null, null, 77, false, [], false, 0, [], null, 0, 1744374631.9292219, 0, {}]
[{"0": [2, 23, 26, 25, 23, 26, 26, 29, 25, 24, 24, 27, 23, 24, 20, 19, 30]}, null, null, 77, false, [], false, 0, [], null, 0, 1744374632.1375258, 0, {}]
[{"0": [0, 20, 2, 3, 2, 4, 3, 5, 4, 2, 3, 3, 3, 2, 1, 2, 1]}, null, null, 78, false, [], false, 0, [], null, 0, 1744374632.3505278, 0, {}]
[{"0": [1, 26, 21, 16, 0, 5, 1, 4, 2, 1, 1, 3, 1, 1, 0, 1, 3]}, null, null, 78, false, [], false, 0, [], null, 0, 1744374632.5804827, 0, {}]
[{"0": [2, 2, 0, 1, 0, 1, 0, 4, 1, 24, 2, 2, 5, 1, 0, 5, 1]}, null, null, 79, false, [], false, 0, [], null, 0, 1744374632.7810507, 0, {}]
[{"0": [1, 25, 1, 2, 2, 1, 1, 3, 1, 1, 0, 2, 3, 1, 4, 3, 1]}, null, null, 80, false, [], false, 0, [], null, 0, 1744374633.0033534, 0, {}]
[{"0": [3, 23, 32, 26, 7, 2, 1, 3, 2, 3, 2, 2, 0, 2, 0, 1, 4]}, null, null, 80, false, [], false, 0, [], null, 0, 1744374633.2162974, 0, {}]
[{"0": [4, 16, 20, 0, 1, 0, 3, 2, 1, 0, 1, 1, 3, 0, 0, 4, 2]}, null, null, 81, false, [], false, 0, [], null, 0, 1744374633.449536, 0, {}]
[{"0": [4, 16, 1, 0, 1, 2, 2, 1, 1, 5, 1, 5, 1, 0, 0, 2, 4]}, null, null, 81, false, [], false, 0, [], null, 0, 1744374633.6578724, 0, {}]
[{"0": [2, 22, 4, 2, 2, 5, 2, 1, 3, 3, 5, 1, 3, 1, 1, 3, 3]}, null, null, 82, false, [], false, 0, [], null, 0, 1744374633.8679914, 0, {}]
[{"0": [2, 30, 24, 26, 23, 24, 1, 3, 3, 4, 2, 2, 1, 4, 2, 2, 2]}, null, null, 83, false, [], false, 0, [], null, 0, 1744374634.0893464, 0, {}]
[{"0": [1, 40, 21, 37, 27, 28, 2, 1, 0, 2, 2, 4, 3, 3, 1, 1, 2]}, null, null, 83, false, [], false, 0, [], null, 0, 1744374634.2985804, 0, {}]
[{"0": [2, 27, 34, 35, 28, 3, 3, 1, 0, 0, 2, 0, 1, 1, 1, 3, 1]}, null, null, 84, false, [], false, 0, [], null, 0, 1744374634.5263867, 0, {}]
[{"0": [3, 0, 1, 2, 2, 3, 1, 2, 3, 4, 0, 1, 4, 1, 4, 2, 1]}, null, null, 84, false, [], false, 0, [], null, 0, 1744374634.7343533, 0, {}]
[{"0": [0, 23, 25, 26, 26, 27, 20, 24, 22, 22, 27, 22, 1, 1, 0, 3, 0]}, null, null, 85, false, [], false, 0, [], null, 0, 1744374634.9616516, 0, {}]
[{"0": [5, 39, 24, 28, 23, 26, 28, 34, 35, 26, 3, 0, 0, 1, 0, 1, 3]}, null, null, 86, false, [], false, 0, [], null, 0, 1744374635.1838083, 0, {}]
[{"0": [1, 27, 0, 2, 0, 3, 5, 1, 3, 3, 2, 2, 1, 1, 2, 2, 2]}, null, null, 86, false, [], false, 0, [], null, 0, 1744374635.391204, 0, {}]
[{"0": [2, 30, 24, 32, 24, 27, 31, 29, 31, 27, 27, 1, 2, 4, 1, 3, 2]}, null, null, 87, false, [], false, 0, [], null, 0, 1744374635.6083224, 0, {}]
[{"0": [2, 2, 2, 2, 26, 24, 24, 1, 4, 4, 1, 1, 2, 2, 1, 2, 1]}, null, null, 87, false, [], false, 0, [], null, 0, 1744374635.8105507, 0, {}]
[{"0": [1, 29, 19, 4, 4, 4, 0, 5, 4, 1, 2, 1, 2, 1, 8, 2, 0]}, null, null, 88, false, [], false, 0, [], null, 0, 1744374636.0467458, 0, {}]
[{"0": [2, 29, 27, 26, 24, 28, 0, 0, 2, 0, 2, 2, 1, 0, 4, 3, 2]}, null, null, 89, false, [], false, 0, [], null, 0, 1744374636.2476366, 0, {}]
[{"0": [40, 1, 1, 3, 2, 3, 5, 1, 2, 3, 2, 2, 1, 2, 1, 1, 4]}, null, null, 89, false, [], false, 0, [], null, 0, 1744374636.4825332, 0, {}]
[{"0": [1, 28, 2, 2, 3, 1, 0, 4, 2, 2, 1, 1, 2, 0, 2, 3, 2]}, null, null, 90, false, [], false, 0, [], null, 0, 1744374636.6952891, 0, {}]
[{"0": [0, 29, 2, 0, 5, 2, 3, 2, 4, 2, 2, 3, 0, 2, 3, 3, 0]}, null, null, 90, false, [], false, 0, [], null, 0, 1744374636.8938606, 0, {}]
[{"0": [3, 25, 33, 21, 27, 22, 29, 1, 0, 3, 1, 1, 2, 3, 0, 2, 3]}, null, null, 91, false, [], false, 0, [], null, 0, 1744374637.137428, 0, {}]
[{"0": [3, 28, 2, 3, 1, 1, 1, 2, 4, 1, 0, 3, 5, 1, 0, 2, 1]}, null, null, 92, false, [], false, 0, [], null, 0, 1744374637.3388114, 0, {}]
[{"0": [0, 1, 3, 1, 1, 1, 2, 3, 1, 3, 1, 3, 2, 3, 1, 0, 3]}, null, null, 92, false, [], false, 0, [], null, 0, 1744374637.5526502, 0, {}]
[{"0": [0, 26, 22, 21, 2, 3, 1, 0, 1, 4, 4, 2, 3, 2, 1, 4, 3]}, null, null, 93, false, [], false, 0, [], null, 0, 1744374637.76949, 0, {}]
[{"0": [0, 19, 26, 25, 18, 19, 25, 1, 0, 0, 1, 3, 2, 1, 1, 0, 4]}, null, null, 93, false, [], false, 0, [], null, 0, 1744374637.9789138, 0, {}]
[{"0": [1, 25, 24, 24, 4, 4, 4, 0, 0, 0, 1, 1, 0, 0, 2, 3, 0]}, null, null, 94, false, [], false, 0, [], null, 0, 1744374638.209678, 0, {}]
[{"0": [0, 0, 2, 2, 1, 3, 0, 3, 2, 0, 1, 25, 24, 14, 27, 24, 28]}, null, null, 95, false, [], false, 0, [], null, 0, 1744374638.4156954, 0, {}]
[{"0": [5, 2, 4, 4, 3, 4, 4, 1, 2, 3, 23, 1, 0, 0, 1, 0, 0]}, null, null, 95, false, [], false, 0, [], null, 0, 1744374638.6378655, 0, {}]
[{"0": [0, 20, 31, 26, 26, 28, 28, 24, 26, 2, 3, 3, 1, 2, 3, 0, 0]}, null, null, 96, false, [], false, 0, [], null, 0, 1744374638.8426654, 0, {}]
[{"0": [1, 1, 4, 1, 26, 26, 29, 20, 3, 1, 1, 2, 0, 0, 1, 1, 2]}, null, null, 96, false, [], false, 0, [], null, 0, 1744374639.0738394, 0, {}]
[{"0": [1, 35, 30, 2, 2, 4, 3, 1, 0, 3, 2, 3, 0, 0, 0, 0, 3]}, null, null, 97, false, [], false, 0, [], null, 0, 1744374639.2976377, 0, {}]
[{"0": [2, 1, 1, 2, 0, 0, 25, 2, 4, 1, 3, 0, 1, 1, 0, 5, 1]}, null, null, 98, false, [], false, 0, [], null, 0, 1744374639.5077486, 0, {}]
[{"0": [22, 32, 0, 1, 2, 4, 3, 4, 2, 1, 2, 2, 1, 1, 2, 1, 1]}, null, null, 98, false, [], false, 0, [], null, 0, 1744374639.7103162, 0, {}]
[{"0": [30, 32, 20, 25, 19, 29, 29, 30, 24, 24, 24, 23, 30, 30, 37, 37, 26]}, null, null, 99, false, [], false, 0, [], null, 0, 1744374639.9418635, 0, {}]
[{"0": [0, 24, 33, 1, 2, 4, 1, 2, 2, 2, 2, 0, 0, 3, 1, 0, 3]}, null, null, 99, false, [], false, 0, [], null, 0, 1744374640.1628702, 0, {}]
[{"0": [3, 31, 0, 3, 3, 1, 1, 1, 2, 1, 0, 2, 3, 3, 2, 2, 2]}, null, null, 100, false, [], false, 0, [], null, 0, 1744374640.3854911, 0, {}]
[{"0": [1, 26, 34, 23, 17, 30, 19, 22, 23, 0, 3, 0, 0, 1, 0, 0, 0]}, null, null, 101, false, [], false, 0, [], null, 0, 1744374640.5883968, 0, {}]
[{"0": [1, 26, 4, 2, 2, 2, 0, 1, 0, 0, 2, 0, 1, 1, 0, 1, 1]}, null, null, 101, false, [], false, 0, [], null, 0, 1744374640.8157766, 0, {}]
[{"0": [15, 2, 3, 5, 1, 0, 1, 1, 3, 1, 1, 2, 1, 0, 25, 30, 0]}, null, null, 102, false, [], false, 0, [], null, 0, 1744374641.010114, 0, {}]
[{"0": [2, 31, 29, 4, 1, 3, 1, 2, 2, 5, 0, 0, 1, 1, 3, 3, 0]}, null, null, 102, false, [], false, 0, [], null, 0, 1744374641.2446067, 0, {}]
[{"0": [0, 3, 4, 2, 3, 3, 2, 5, 26, 23, 2, 0, 2, 0, 2, 3, 1]}, null, null, 103, false, [], false, 0, [], null, 0, 1744374641.4618642, 0, {}]
[{"0": [3, 18, 27, 29, 25, 25, 31, 28, 25, 24, 33, 34, 27, 34, 2, 2, 1]}, null, null, 104, false, [], false, 0, [], null, 0, 1744374641.675782, 0, {}]
[{"0": [32, 25, 21, 17, 30, 3, 3, 1, 2, 1, 1, 0, 2, 1, 2, 0, 1]}, null, null, 104, false, [], false, 0, [], null, 0, 1744374641.8933349, 0, {}]
[{"0": [2, 27, 30, 34, 1, 1, 2, 2, 1, 3, 2, 2, 2, 2, 5, 4, 2]}, null, null, 105, false, [], false, 0, [], null, 0, 1744374642.113947, 0, {}]
[{"0": [0, 16, 28, 35, 30, 31, 2, 1, 1, 0, 3, 2, 2, 3, 2, 1, 0]}, null, null, 105, false, [], false, 0, [], null, 0, 1744374642.3268728, 0, {}]
[{"0": [0, 33, 1, 1, 2, 2, 2, 4, 4, 3, 1, 4, 1, 3, 4, 2, 2]}, null, null, 106, false, [], false, 0, [], null, 0, 1744374642.5398858, 0, {}]
[{"0": [0, 40, 1, 1, 2, 4, 3, 4, 2, 2, 3, 0, 1, 1, 0, 3, 2]}, null, null, 107, false, [], false, 0, [], null, 0, 1744374642.7637541, 0, {}]
[{"0": [2, 27, 22, 3, 1, 1, 2, 3, 1, 1, 3, 1, 3, 4, 2, 2, 0]}, null, null, 107, false, [], false, 0, [], null, 0, 1744374642.9601498, 0, {}]
[{"0": [1, 28, 24, 3, 2, 0, 2, 1, 3, 3, 2, 1, 3, 3, 3, 2, 2]}, null, null, 108, false, [], false, 0, [], null, 0, 1744374643.1929603, 0, {}]
[{"0": [0, 22, 23, 25, 21, 23, 1, 3, 2, 3, 1, 4, 2, 1, 0, 0, 1]}, null, null, 108, false, [], false, 0, [], null, 0, 1744374643.4162862, 0, {}]
[{"0": [2, 30, 26, 39, 25, 2, 1, 1, 4, 1, 3, 1, 1, 1, 4, 2, 0]}, null, null, 109, false, [], false, 0, [], null, 0, 1744374643.631286, 0, {}]
[{"0": [0, 32, 23, 26, 4, 1, 1, 1, 0, 1, 1, 1, 0, 1, 2, 2, 2]}, null, null, 110, false, [], false, 0, [], null, 0, 1744374643.8408499, 0, {}]
[{"0": [29, 28, 28, 24, 3, 3, 2, 3, 1, 3, 0, 2, 1, 1, 2, 3, 3]}, null, null, 110, false, [], false, 0, [], null, 0, 1744374644.0532002, 0, {}]
[{"0": [29, 25, 29, 2, 2, 3, 0, 4, 5, 2, 2, 3, 1, 2, 3, 0, 3]}, null, null, 111, false, [], false, 0, [], null, 0, 1744374644.273818, 0, {}]
[{"0": [1, 30, 29, 2, 0, 3, 1, 1, 0, 0, 0, 1, 1, 1, 0, 4, 2]}, null, null, 111, false, [], false, 0, [], null, 0, 1744374644.4870732, 0, {}]
[{"0": [2, 27, 2, 4, 2, 4, 2, 1, 1, 0, 3, 1, 4, 1, 2, 2, 1]}, null, null, 112, false, [], false, 0, [], null, 0, 1744374644.7024267, 0, {}]
[{"0": [1, 0, 1, 2, 3, 5, 30, 31, 1, 1, 4, 0, 4, 0, 4, 0, 2]}, null, null, 113, false, [], false, 0, [], null, 0, 1744374644.9088862, 0, {}]
[{"0": [6, 19, 23, 33, 26, 19, 2, 1, 1, 1, 1, 2, 1, 2, 0, 2, 2]}, null, null, 113, false, [], false, 0, [], null, 0, 1744374645.1351643, 0, {}]
[{"0": [2, 25, 30, 31, 3, 3, 4, 3, 2, 1, 1, 0, 3, 2, 4, 1, 1]}, null, null, 114, false, [], false, 0, [], null, 0, 1744374645.361017, 0, {}]
[{"0": [28, 25, 24, 27, 1, 5, 1, 3, 0, 3, 1, 1, 5, 2, 1, 3, 1]}, null, null, 114, false, [], false, 0, [], null, 0, 1744374645.5725517, 0, {}]
[{"0": [2, 28, 27, 32, 31, 27, 24, 2, 1, 0, 2, 1, 2, 0, 0, 0, 0]}, null, null, 115, false, [], false, 0, [], null, 0, 1744374645.8008194, 0, {}]
[{"0": [1, 16, 33, 20, 28, 24, 1, 3, 2, 3, 2, 1, 0, 1, 2, 0, 0]}, null, null, 116, false, [], false, 0, [], null, 0, 1744374646.0036757, 0, {}]
[{"0": [1, 18, 21, 0, 1, 2, 1, 1, 4, 2, 1, 0, 1, 1, 4, 4, 1]}, null, null, 116, false, [], false, 0, [], null, 0, 1744374646.2289407, 0, {}]
[{"0": [33, 23, 35, 25, 3, 1, 3, 3, 2, 4, 1, 0, 0, 1, 1, 4, 2]}, null, null, 117, false, [], false, 0, [], null, 0, 1744374646.4288962, 0, {}]
[{"0": [1, 34, 21, 23, 29, 25, 19, 0, 30, 23, 4, 1, 0, 1, 3, 3, 1]}, null, null, 117, false, [], false, 0, [], null, 0, 1744374646.655515, 0, {}]
[{"0": [1, 27, 40, 34, 26, 0, 1, 2, 3, 2, 1, 3, 1, 1, 2, 2, 1]}, null, null, 118, false, [], false, 0, [], null, 0, 1744374646.8798373, 0, {}]
[{"0": [36, 27, 23, 30, 32, 24, 22, 32, 19, 30, 24, 22, 12, 27, 21, 23, 27]}, null, null, 119, false, [], false, 0, [], null, 0, 1744374647.0910325, 0, {}]
[{"0": [0, 31, 28, 1, 2, 4, 1, 1, 2, 0, 3, 3, 1, 3, 1, 2, 2]}, null, null, 119, false, [], false, 0, [], null, 0, 1744374647.3059735, 0, {}]
[{"0": [3, 24, 18, 1, 0, 1, 0, 3, 2, 0, 2, 2, 2, 1, 3, 1, 2]}, null, null, 120, false, [], false, 0, [], null, 0, 1744374647.518711, 0, {}]
[{"0": [3, 2, 4, 33, 22, 20, 29, 28, 26, 24, 30, 2, 3, 2, 2, 0, 1]}, null, null, 120, false, [], false, 0, [], null, 0, 1744374647.7374914, 0, {}]
[{"0": [0, 37, 32, 27, 24, 29, 2, 0, 2, 1, 1, 2, 2, 3, 4, 1, 2]}, null, null, 121, false, [], false, 0, [], null, 0, 1744374647.956964, 0, {}]
[{"0": [3, 1, 3, 1, 3, 1, 0, 0, 0, 22, 20, 11, 18, 24, 21, 31, 23]}, null, null, 122, false, [], false, 0, [], null, 0, 1744374648.1692352, 0, {}]
[{"0": [2, 26, 19, 19, 19, 30, 31, 0, 3, 4, 1, 0, 0, 0, 3, 0, 3]}, null, null, 122, false, [], false, 0, [], null, 0, 1744374648.3870487, 0, {}]
[{"0": [4, 23, 36, 3, 2, 1, 1, 1, 0, 0, 1, 1, 2, 3, 1, 2, 1]}, null, null, 123, false, [], false, 0, [], null, 0, 1744374648.6003826, 0, {}]
[{"0": [36, 23, 27, 28, 27, 27, 30, 28, 14, 28, 19, 30, 2, 1, 1, 1, 1]}, null, null, 123, false, [], false, 0, [], null, 0, 1744374648.8109488, 0, {}]
[{"0": [0, 1, 1, 2, 2, 1, 1, 5, 18, 30, 3, 2, 1, 3, 3, 0, 3]}, null, null, 124, false, [], false, 0, [], null, 0, 1744374649.031642, 0, {}]
[{"0": [2, 29, 29, 22, 23, 32, 19, 31, 4, 0, 6, 2, 0, 1, 0, 4, 4]}, null, null, 125, false, [], false, 0, [], null, 0, 1744374649.2635555, 0, {}]
[{"0": [2, 0, 3, 20, 24, 22, 1, 3, 2, 0, 2, 2, 4, 1, 2, 3, 2]}, null, null, 125, false, [], false, 0, [], null, 0, 1744374649.4776185, 0, {}]
[{"0": [0, 29, 0, 2, 5, 1, 2, 2, 1, 0, 1, 1, 1, 0, 0, 1, 0]}, null, null, 126, false, [], false, 0, [], null, 0, 1744374649.6804357, 0, {}]
[{"0": [2, 1, 2, 3, 3, 2, 2, 2, 4, 2, 0, 1, 2, 2, 0, 1, 3]}, null, null, 127, false, [], false, 0, [], null, 0, 1744374649.9098754, 0, {}]
[{"0": [2, 32, 14, 20, 31, 0, 0, 4, 2, 5, 0, 1, 2, 2, 4, 0, 0]}, null, null, 127, false, [], false, 0, [], null, 0, 1744374650.1192472, 0, {}]
[{"0": [0, 5, 1, 1, 2, 0, 1, 1, 0, 0, 18, 26, 23, 22, 4, 0, 2]}, null, null, 128, false, [], false, 0, [], null, 0, 1744374650.332755, 0, {}]
[{"0": [1, 31, 0, 1, 2, 2, 2, 4, 1, 2, 1, 5, 0, 1, 0, 2, 3]}, null, null, 128, false, [], false, 0, [], null, 0, 1744374650.5481014, 0, {}]
[{"0": [4, 25, 22, 40, 25, 24, 27, 23, 16, 0, 2, 1, 5, 3, 0, 1, 3]}, null, null, 129, false, [], false, 0, [], null, 0, 1744374650.758343, 0, {}]
[{"0": [0, 2, 1, 1, 2, 1, 1, 0, 2, 3, 1, 3, 28, 28, 23, 26, 35]}, null, null, 130, false, [], false, 0, [], null, 0, 1744374650.9853728, 0, {}]
[{"0": [0, 29, 24, 28, 0, 0, 3, 0, 1, 2, 1, 3, 1, 1, 0, 1, 1]}, null, null, 130, false, [], false, 0, [], null, 0, 1744374651.194548, 0, {}]
[{"0": [18, 24, 22, 16, 1, 3, 1, 1, 0, 1, 3, 2, 3, 0, 3, 2, 4]}, null, null, 131, false, [], false, 0, [], null, 0, 1744374651.4138505, 0, {}]
[{"0": [2, 4, 1, 3, 0, 0, 2, 5, 3, 1, 1, 1, 4, 2, 4, 1, 0]}, null, null, 131, false, [], false, 0, [], null, 0, 1744374651.629856, 0, {}]
[{"0": [4, 25, 34, 27, 24, 21, 37, 32, 28, 27, 3, 0, 1, 2, 0, 2, 1]}, null, null, 132, false, [], false, 0, [], null, 0, 1744374651.8496616, 0, {}]
[{"0": [2, 24, 18, 0, 1, 0, 3, 2, 4, 1, 2, 2, 2, 1, 0, 3, 1]}, null, null, 133, false, [], false, 0, [], null, 0, 1744374652.073261, 0, {}]
[{"0": [0, 20, 28, 28, 26, 21, 25, 27, 2, 4, 1, 4, 3, 1, 3, 2, 1]}, null, null, 133, false, [], false, 0, [], null, 0, 1744374652.2861595, 0, {}]
[{"0": [1, 22, 32, 33, 1, 2, 2, 1, 3, 1, 3, 3, 3, 1, 4, 1, 3]}, null, null, 134, false, [], false, 0, [], null, 0, 1744374652.5057287, 0, {}]
[{"0": [1, 3, 2, 3, 1, 4, 4, 1, 0, 2, 1, 1, 1, 28, 28, 38, 23]}, null, null, 134, false, [], false, 0, [], null, 0, 1744374652.7302322, 0, {}]
[{"0": [1, 24, 23, 3, 3, 5, 3, 1, 1, 0, 2, 0, 1, 0, 1, 2, 1]}, null, null, 135, false, [], false, 0, [], null, 0, 1744374652.9331112, 0, {}]
[{"0": [2, 35, 17, 27, 24, 29, 1, 3, 4, 1, 2, 1, 1, 0, 1, 0, 3]}, null, null, 136, false, [], false, 0, [], null, 0, 1744374653.15533, 0, {}]
[{"0": [2, 23, 26, 23, 2, 3, 1, 1, 2, 3, 2, 1, 2, 0, 2, 0, 1]}, null, null, 136, false, [], false, 0, [], null, 0, 1744374653.3697958, 0, {}]
[{"0": [2, 3, 22, 0, 2, 0, 0, 3, 0, 1, 2, 3, 2, 1, 2, 2, 0]}, null, null, 137, false, [], false, 0, [], null, 0, 1744374653.5817986, 0, {}]
[{"0": [4, 29, 22, 31, 29, 19, 29, 28, 1, 1, 1, 1, 1, 1, 4, 1, 3]}, null, null, 137, false, [], false, 0, [], null, 0, 1744374653.7998767, 0, {}]
[{"0": [0, 3, 3, 2, 3, 3, 1, 3, 0, 2, 26, 25, 2, 6, 2, 1, 2]}, null, null, 138, false, [], false, 0, [], null, 0, 1744374654.0275643, 0, {}]
[{"0": [0, 28, 1, 3, 2, 1, 1, 3, 1, 3, 1, 3, 1, 5, 1, 1, 1]}, null, null, 139, false, [], false, 0, [], null, 0, 1744374654.2332108, 0, {}]
[{"0": [0, 21, 1, 2, 1, 0, 3, 1, 4, 3, 2, 2, 3, 1, 1, 1, 5]}, null, null, 139, false, [], false, 0, [], null, 0, 1744374654.4616315, 0, {}]
[{"0": [1, 1, 1, 0, 0, 1, 4, 0, 3, 1, 25, 27, 29, 33, 29, 29, 25]}, null, null, 140, false, [], false, 0, [], null, 0, 1744374654.6765342, 0, {}]
[{"0": [25, 1, 3, 0, 4, 2, 4, 2, 3, 0, 2, 2, 0, 0, 0, 0, 1]}, null, null, 140, false, [], false, 0, [], null, 0, 1744374654.8917813, 0, {}]
[{"0": [1, 29, 29, 26, 2, 4, 2, 1, 2, 0, 1, 2, 0, 1, 1, 0, 2]}, null, null, 141, false, [], false, 0, [], null, 0, 1744374655.1084933, 0, {}]
[{"0": [1, 1, 2, 3, 3, 1, 1, 2, 0, 1, 26, 1, 3, 2, 1, 4, 3]}, null, null, 142, false, [], false, 0, [], null, 0, 1744374655.310335, 0, {}]
[{"0": [0, 2, 35, 27, 28, 0, 3, 1, 1, 3, 0, 1, 1, 1, 2, 2, 1]}, null, null, 142, false, [], false, 0, [], null, 0, 1744374655.5293555, 0, {}]
[{"0": [2, 30, 26, 30, 26, 24, 21, 31, 28, 23, 29, 11, 23, 0, 2, 2, 1]}, null, null, 143, false, [], false, 0, [], null, 0, 1744374655.755258, 0, {}]
[{"0": [4, 18, 34, 24, 23, 31, 36, 34, 29, 2, 0, 3, 2, 3, 2, 1, 1]}, null, null, 143, false, [], false, 0, [], null, 0, 1744374655.966039, 0, {}]
[{"0": [0, 25, 38, 2, 2, 2, 4, 1, 1, 0, 4, 1, 3, 0, 1, 1, 2]}, null, null, 144, false, [], false, 0, [], null, 0, 1744374656.1944764, 0, {}]
[{"0": [30, 2, 2, 2, 1, 2, 1, 0, 1, 0, 4, 2, 1, 1, 2, 1, 3]}, null, null, 145, false, [], false, 0, [], null, 0, 1744374656.4019234, 0, {}]
[{"0": [1, 21, 29, 24, 22, 26, 33, 3, 2, 1, 0, 2, 2, 1, 1, 2, 0]}, null, null, 145, false, [], false, 0, [], null, 0, 1744374656.6313593, 0, {}]
[{"0": [1, 29, 1, 3, 0, 1, 4, 2, 0, 1, 0, 2, 2, 0, 1, 1, 0]}, null, null, 146, false, [], false, 0, [], null, 0, 1744374656.8403792, 0, {}]
[{"0": [1, 39, 1, 1, 5, 1, 3, 1, 1, 2, 3, 2, 2, 1, 1, 0, 1]}, null, null, 146, false, [], false, 0, [], null, 0, 1744374657.0600774, 0, {}]
[{"0": [3, 27, 0, 4, 1, 3, 0, 4, 1, 1, 4, 2, 2, 3, 2, 0, 1]}, null, null, 147, false, [], false, 0, [], null, 0, 1744374657.2690601, 0, {}]
[{"0": [1, 38, 22, 0, 1, 0, 1, 3, 5, 0, 3, 1, 2, 1, 0, 2, 3]}, null, null, 148, false, [], false, 0, [], null, 0, 1744374657.499189, 0, {}]
[{"0": [3, 31, 23, 3, 1, 4, 2, 2, 1, 0, 0, 3, 1, 1, 0, 2, 2]}, null, null, 148, false, [], false, 0, [], null, 0, 1744374657.7096012, 0, {}]
[{"0": [1, 23, 27, 2, 4, 0, 1, 1, 2, 0, 4, 4, 1, 2, 1, 1, 3]}, null, null, 149, false, [], false, 0, [], null, 0, 1744374657.913727, 0, {}]
[{"0": [2, 19, 14, 24, 26, 25, 21, 21, 16, 2, 0, 0, 1, 2, 1, 3, 1]}, null, null, 149, false, [], false, 0, [], null, 0, 1744374658.1444595, 0, {}]
[{"0": [4, 2, 1, 2, 1, 1, 3, 1, 2, 7, 2, 3, 2, 1, 2, 2, 3]}, null, null, 150, true, [], false, 0, [], null, 0, 1744374658.362429, 0, {}]
