[{"0": [2, 1, 3, 3, 2, 1, 0, 0, 4, 2, 2, 2, 1, 35, 26, 32, 21]}, null, null, 0, false, [], false, 0, [], null, 0, 1744385821.130144, 0, {}]
[{"0": [1, 2, 2, 1, 2, 0, 5, 0, 3, 1, 1, 2, 2, 31, 41, 3, 2]}, null, null, 1, false, [], false, 0, [], null, 0, 1744385821.377631, 0, {}]
[{"0": [1, 1, 1, 3, 2, 0, 1, 1, 2, 0, 2, 4, 28, 33, 24, 29, 2]}, null, null, 1, false, [], false, 0, [], null, 0, 1744385821.5813923, 0, {}]
[{"0": [26, 30, 24, 29, 1, 2, 1, 2, 2, 0, 1, 1, 1, 2, 3, 4, 1]}, null, null, 2, false, [], false, 0, [], null, 0, 1744385821.7960742, 0, {}]
[{"0": [3, 3, 2, 0, 2, 1, 1, 3, 1, 40, 24, 1, 0, 2, 2, 4, 7]}, null, null, 2, false, [], false, 0, [], null, 0, 1744385822.024252, 0, {}]
[{"0": [1, 1, 2, 36, 28, 33, 3, 3, 2, 2, 2, 3, 2, 0, 0, 2, 3]}, null, null, 3, false, [], false, 0, [], null, 0, 1744385822.2411747, 0, {}]
[{"0": [4, 3, 0, 3, 2, 8, 2, 1, 1, 2, 2, 6, 1, 25, 2, 3, 3]}, null, null, 4, false, [], false, 0, [], null, 0, 1744385822.461853, 0, {}]
[{"0": [1, 3, 2, 2, 1, 25, 25, 27, 33, 3, 0, 2, 2, 2, 3, 3, 1]}, null, null, 4, false, [], false, 0, [], null, 0, 1744385822.6718218, 0, {}]
[{"0": [3, 2, 4, 2, 1, 42, 31, 27, 37, 28, 39, 20, 36, 2, 2, 1, 3]}, null, null, 5, false, [], false, 0, [], null, 0, 1744385822.8899584, 0, {}]
[{"0": [4, 2, 2, 5, 2, 2, 1, 2, 4, 2, 4, 2, 2, 0, 0, 2, 1]}, null, null, 5, false, [], false, 0, [], null, 0, 1744385823.0969336, 0, {}]
[{"0": [2, 2, 2, 1, 3, 1, 1, 1, 2, 2, 5, 1, 1, 0, 39, 32, 25]}, null, null, 6, false, [], false, 0, [], null, 0, 1744385823.3192225, 0, {}]
[{"0": [2, 5, 0, 3, 3, 35, 32, 34, 30, 33, 3, 5, 1, 1, 3, 2, 1]}, null, null, 7, false, [], false, 0, [], null, 0, 1744385823.5407324, 0, {}]
[{"0": [1, 1, 1, 1, 31, 33, 21, 0, 1, 1, 3, 0, 2, 1, 3, 2, 4]}, null, null, 7, false, [], false, 0, [], null, 0, 1744385823.7469165, 0, {}]
[{"0": [3, 5, 2, 2, 1, 6, 4, 29, 29, 2, 3, 2, 2, 0, 6, 1, 2]}, null, null, 8, false, [], false, 0, [], null, 0, 1744385823.967895, 0, {}]
[{"0": [2, 3, 0, 2, 1, 0, 2, 1, 2, 1, 31, 28, 2, 4, 3, 2, 1]}, null, null, 8, false, [], false, 0, [], null, 0, 1744385824.1880977, 0, {}]
[{"0": [3, 2, 4, 3, 1, 32, 29, 22, 38, 34, 0, 1, 4, 1, 1, 5, 5]}, null, null, 9, false, [], false, 0, [], null, 0, 1744385824.3991554, 0, {}]
[{"0": [1, 3, 2, 3, 1, 1, 4, 1, 2, 1, 0, 26, 23, 39, 29, 33, 33]}, null, null, 10, false, [], false, 0, [], null, 0, 1744385824.6217403, 0, {}]
[{"0": [0, 1, 0, 2, 4, 2, 4, 2, 2, 2, 1, 1, 3, 2, 2, 30, 33]}, null, null, 10, false, [], false, 0, [], null, 0, 1744385824.8417802, 0, {}]
[{"0": [3, 20, 38, 30, 31, 22, 51, 37, 4, 0, 1, 1, 0, 5, 2, 1, 1]}, null, null, 11, false, [], false, 0, [], null, 0, 1744385825.044825, 0, {}]
[{"0": [0, 1, 2, 19, 26, 3, 2, 1, 0, 2, 2, 4, 2, 2, 2, 0, 4]}, null, null, 11, false, [], false, 0, [], null, 0, 1744385825.2811978, 0, {}]
[{"0": [3, 2, 0, 2, 2, 3, 2, 2, 4, 1, 0, 37, 44, 33, 26, 42, 3]}, null, null, 12, false, [], false, 0, [], null, 0, 1744385825.4802437, 0, {}]
[{"0": [2, 0, 8, 21, 21, 31, 1, 2, 1, 4, 2, 2, 2, 5, 2, 2, 4]}, null, null, 13, false, [], false, 0, [], null, 0, 1744385825.7054558, 0, {}]
[{"0": [1, 2, 5, 5, 1, 4, 2, 1, 1, 25, 30, 45, 42, 36, 34, 38, 29]}, null, null, 13, false, [], false, 0, [], null, 0, 1744385825.9241045, 0, {}]
[{"0": [2, 0, 5, 1, 26, 26, 43, 46, 34, 0, 0, 5, 3, 2, 2, 3, 0]}, null, null, 14, false, [], false, 0, [], null, 0, 1744385826.142226, 0, {}]
[{"0": [2, 1, 2, 1, 1, 4, 0, 32, 2, 2, 3, 3, 0, 1, 1, 2, 0]}, null, null, 14, false, [], false, 0, [], null, 0, 1744385826.353796, 0, {}]
[{"0": [1, 1, 5, 2, 0, 1, 7, 0, 2, 3, 2, 0, 0, 37, 33, 23, 23]}, null, null, 15, false, [], false, 0, [], null, 0, 1744385826.5715826, 0, {}]
[{"0": [4, 0, 3, 1, 2, 1, 2, 4, 1, 3, 2, 2, 2, 6, 1, 2, 3]}, null, null, 16, false, [], false, 0, [], null, 0, 1744385826.7791147, 0, {}]
[{"0": [2, 3, 2, 2, 2, 3, 3, 3, 0, 1, 5, 2, 0, 2, 1, 2, 2]}, null, null, 16, false, [], false, 0, [], null, 0, 1744385827.0094593, 0, {}]
[{"0": [3, 4, 2, 1, 2, 0, 5, 2, 1, 29, 35, 32, 3, 2, 0, 2, 0]}, null, null, 17, false, [], false, 0, [], null, 0, 1744385827.2230852, 0, {}]
[{"0": [0, 3, 2, 1, 1, 2, 2, 2, 44, 30, 26, 30, 31, 2, 1, 0, 1]}, null, null, 17, false, [], false, 0, [], null, 0, 1744385827.434979, 0, {}]
[{"0": [3, 1, 0, 3, 3, 2, 3, 3, 41, 36, 32, 43, 28, 27, 47, 0, 4]}, null, null, 18, false, [], false, 0, [], null, 0, 1744385827.6535385, 0, {}]
[{"0": [4, 0, 34, 23, 2, 0, 2, 2, 2, 0, 1, 3, 2, 2, 5, 7, 4]}, null, null, 19, false, [], false, 0, [], null, 0, 1744385827.8596141, 0, {}]
[{"0": [1, 1, 2, 2, 3, 4, 0, 4, 2, 2, 1, 1, 0, 37, 27, 3, 1]}, null, null, 19, false, [], false, 0, [], null, 0, 1744385828.086856, 0, {}]
[{"0": [2, 2, 3, 35, 31, 31, 30, 29, 45, 29, 26, 26, 31, 31, 41, 36, 28]}, null, null, 20, false, [], false, 0, [], null, 0, 1744385828.2960148, 0, {}]
[{"0": [3, 3, 2, 0, 1, 1, 1, 2, 2, 0, 2, 28, 21, 2, 1, 1, 3]}, null, null, 20, false, [], false, 0, [], null, 0, 1744385828.5183842, 0, {}]
[{"0": [2, 0, 4, 3, 1, 0, 1, 0, 2, 0, 40, 25, 2, 0, 1, 2, 0]}, null, null, 21, false, [], false, 0, [], null, 0, 1744385828.728752, 0, {}]
[{"0": [2, 5, 3, 36, 26, 28, 23, 24, 29, 29, 33, 22, 32, 24, 31, 33, 38]}, null, null, 22, false, [], false, 0, [], null, 0, 1744385828.9646688, 0, {}]
[{"0": [1, 3, 2, 2, 3, 4, 2, 4, 1, 7, 2, 6, 31, 1, 2, 3, 0]}, null, null, 22, false, [], false, 0, [], null, 0, 1744385829.1612213, 0, {}]
[{"0": [1, 2, 5, 3, 31, 29, 0, 6, 0, 1, 0, 0, 1, 1, 1, 2, 4]}, null, null, 23, false, [], false, 0, [], null, 0, 1744385829.3948176, 0, {}]
[{"0": [1, 0, 1, 1, 0, 2, 0, 0, 2, 1, 1, 1, 1, 1, 0, 37, 25]}, null, null, 23, false, [], false, 0, [], null, 0, 1744385829.6070752, 0, {}]
[{"0": [2, 1, 36, 37, 43, 29, 5, 2, 1, 1, 3, 3, 2, 1, 0, 2, 1]}, null, null, 24, false, [], false, 0, [], null, 0, 1744385829.8278646, 0, {}]
[{"0": [2, 1, 2, 3, 6, 3, 1, 4, 1, 3, 0, 4, 1, 4, 4, 31, 4]}, null, null, 25, false, [], false, 0, [], null, 0, 1744385830.0225022, 0, {}]
[{"0": [2, 2, 3, 1, 2, 1, 2, 4, 2, 1, 3, 33, 29, 35, 33, 29, 29]}, null, null, 25, false, [], false, 0, [], null, 0, 1744385830.243123, 0, {}]
[{"0": [1, 3, 1, 2, 2, 1, 0, 2, 4, 0, 1, 3, 2, 35, 27, 25, 20]}, null, null, 26, false, [], false, 0, [], null, 0, 1744385830.4703903, 0, {}]
[{"0": [3, 2, 1, 2, 2, 0, 34, 19, 33, 26, 4, 6, 5, 3, 3, 0, 0]}, null, null, 27, false, [], false, 0, [], null, 0, 1744385830.689556, 0, {}]
[{"0": [37, 22, 28, 3, 1, 1, 2, 1, 4, 2, 1, 1, 1, 2, 1, 3, 3]}, null, null, 27, false, [], false, 0, [], null, 0, 1744385830.8932898, 0, {}]
[{"0": [1, 3, 1, 2, 2, 1, 0, 4, 2, 9, 1, 6, 39, 24, 30, 26, 32]}, null, null, 28, false, [], false, 0, [], null, 0, 1744385831.1145086, 0, {}]
[{"0": [1, 1, 3, 4, 0, 1, 2, 7, 1, 2, 5, 1, 1, 1, 3, 35, 3]}, null, null, 28, false, [], false, 0, [], null, 0, 1744385831.336894, 0, {}]
[{"0": [3, 3, 2, 4, 1, 26, 31, 30, 31, 30, 39, 31, 35, 31, 26, 26, 28]}, null, null, 29, false, [], false, 0, [], null, 0, 1744385831.5546691, 0, {}]
[{"0": [1, 2, 2, 3, 1, 3, 1, 3, 1, 38, 26, 1, 2, 2, 2, 0, 4]}, null, null, 30, false, [], false, 0, [], null, 0, 1744385831.7537446, 0, {}]
[{"0": [3, 1, 1, 0, 3, 0, 2, 2, 1, 4, 30, 40, 3, 1, 3, 0, 2]}, null, null, 30, false, [], false, 0, [], null, 0, 1744385831.9930408, 0, {}]
[{"0": [27, 33, 29, 31, 4, 4, 2, 0, 1, 2, 2, 1, 4, 2, 1, 2, 3]}, null, null, 31, false, [], false, 0, [], null, 0, 1744385832.2030115, 0, {}]
[{"0": [0, 1, 1, 1, 1, 1, 0, 2, 0, 1, 0, 1, 0, 0, 2, 1, 1]}, null, null, 31, false, [], false, 0, [], null, 0, 1744385832.4192824, 0, {}]
[{"0": [1, 1, 1, 1, 1, 2, 1, 27, 27, 30, 2, 2, 3, 4, 0, 1, 2]}, null, null, 32, false, [], false, 0, [], null, 0, 1744385832.6324933, 0, {}]
[{"0": [2, 1, 2, 3, 2, 1, 2, 3, 2, 6, 2, 3, 1, 28, 25, 36, 33]}, null, null, 33, false, [], false, 0, [], null, 0, 1744385832.8499918, 0, {}]
[{"0": [2, 1, 5, 34, 30, 23, 34, 30, 41, 0, 2, 1, 5, 2, 0, 2, 4]}, null, null, 33, false, [], false, 0, [], null, 0, 1744385833.0675662, 0, {}]
[{"0": [3, 1, 6, 1, 3, 1, 1, 2, 0, 1, 28, 1, 4, 3, 1, 0, 4]}, null, null, 34, false, [], false, 0, [], null, 0, 1744385833.2803917, 0, {}]
[{"0": [2, 1, 3, 1, 4, 32, 43, 28, 21, 2, 0, 3, 3, 2, 1, 2, 1]}, null, null, 34, false, [], false, 0, [], null, 0, 1744385833.5063553, 0, {}]
[{"0": [5, 1, 29, 38, 28, 26, 28, 37, 38, 3, 2, 2, 0, 2, 1, 2, 4]}, null, null, 35, false, [], false, 0, [], null, 0, 1744385833.7141814, 0, {}]
[{"0": [0, 1, 1, 0, 2, 1, 0, 37, 1, 4, 3, 1, 2, 4, 2, 1, 2]}, null, null, 36, false, [], false, 0, [], null, 0, 1744385833.9293618, 0, {}]
[{"0": [5, 1, 4, 0, 1, 3, 2, 2, 1, 0, 1, 2, 4, 1, 2, 31, 32]}, null, null, 36, false, [], false, 0, [], null, 0, 1744385834.144267, 0, {}]
[{"0": [30, 25, 31, 31, 27, 28, 33, 33, 19, 3, 0, 2, 0, 2, 4, 0, 2]}, null, null, 37, false, [], false, 0, [], null, 0, 1744385834.363602, 0, {}]
[{"0": [0, 3, 33, 31, 30, 32, 36, 26, 40, 25, 2, 1, 3, 3, 4, 2, 3]}, null, null, 37, false, [], false, 0, [], null, 0, 1744385834.5857608, 0, {}]
[{"0": [2, 4, 1, 36, 28, 39, 36, 39, 15, 5, 0, 1, 5, 0, 1, 0, 2]}, null, null, 38, false, [], false, 0, [], null, 0, 1744385834.7920632, 0, {}]
[{"0": [2, 1, 0, 1, 0, 2, 1, 3, 2, 1, 5, 4, 2, 32, 39, 42, 19]}, null, null, 39, false, [], false, 0, [], null, 0, 1744385835.0121574, 0, {}]
[{"0": [1, 3, 0, 30, 30, 24, 31, 30, 29, 29, 25, 40, 33, 2, 1, 1, 0]}, null, null, 39, false, [], false, 0, [], null, 0, 1744385835.2309866, 0, {}]
[{"0": [1, 1, 3, 4, 3, 3, 1, 3, 2, 25, 35, 34, 34, 28, 31, 25, 24]}, null, null, 40, false, [], false, 0, [], null, 0, 1744385835.4404883, 0, {}]
[{"0": [1, 2, 28, 20, 21, 31, 2, 4, 3, 1, 8, 4, 2, 1, 3, 2, 2]}, null, null, 40, false, [], false, 0, [], null, 0, 1744385835.6715152, 0, {}]
[{"0": [0, 6, 1, 1, 2, 3, 3, 1, 1, 1, 4, 0, 3, 31, 0, 0, 3]}, null, null, 41, false, [], false, 0, [], null, 0, 1744385835.891196, 0, {}]
[{"0": [1, 4, 1, 1, 4, 1, 1, 1, 45, 1, 1, 0, 2, 3, 2, 0, 1]}, null, null, 42, false, [], false, 0, [], null, 0, 1744385836.1124244, 0, {}]
[{"0": [3, 4, 0, 2, 3, 1, 42, 31, 2, 1, 3, 2, 3, 2, 1, 3, 1]}, null, null, 42, false, [], false, 0, [], null, 0, 1744385836.3172572, 0, {}]
[{"0": [2, 4, 2, 0, 5, 0, 1, 2, 1, 1, 0, 2, 1, 2, 0, 0, 2]}, null, null, 43, false, [], false, 0, [], null, 0, 1744385836.5380545, 0, {}]
[{"0": [3, 0, 8, 2, 4, 1, 0, 4, 31, 22, 33, 32, 37, 2, 0, 2, 6]}, null, null, 43, false, [], false, 0, [], null, 0, 1744385836.7522755, 0, {}]
[{"0": [3, 4, 6, 2, 1, 1, 1, 2, 34, 41, 38, 32, 41, 35, 35, 40, 30]}, null, null, 44, false, [], false, 0, [], null, 0, 1744385836.9607537, 0, {}]
[{"0": [0, 2, 2, 2, 2, 34, 27, 27, 1, 3, 1, 2, 0, 2, 0, 4, 0]}, null, null, 45, false, [], false, 0, [], null, 0, 1744385837.1693141, 0, {}]
[{"0": [1, 0, 1, 24, 34, 29, 38, 36, 37, 37, 35, 25, 25, 39, 40, 31, 44]}, null, null, 45, false, [], false, 0, [], null, 0, 1744385837.3951635, 0, {}]
[{"0": [3, 1, 1, 1, 1, 2, 0, 2, 5, 35, 1, 1, 3, 2, 0, 2, 7]}, null, null, 46, false, [], false, 0, [], null, 0, 1744385837.6193755, 0, {}]
[{"0": [1, 1, 4, 0, 0, 3, 2, 0, 2, 1, 2, 0, 2, 2, 0, 22, 30]}, null, null, 46, false, [], false, 0, [], null, 0, 1744385837.8317986, 0, {}]
[{"0": [2, 1, 0, 2, 32, 28, 23, 41, 36, 1, 1, 2, 2, 1, 4, 0, 1]}, null, null, 47, false, [], false, 0, [], null, 0, 1744385838.0467942, 0, {}]
[{"0": [2, 4, 1, 0, 5, 2, 2, 2, 0, 2, 2, 27, 19, 2, 1, 0, 1]}, null, null, 48, false, [], false, 0, [], null, 0, 1744385838.253195, 0, {}]
[{"0": [1, 2, 3, 4, 0, 5, 0, 1, 0, 1, 2, 2, 3, 1, 29, 28, 25]}, null, null, 48, false, [], false, 0, [], null, 0, 1744385838.486464, 0, {}]
[{"0": [3, 0, 1, 0, 2, 2, 0, 4, 2, 1, 3, 2, 0, 0, 2, 30, 1]}, null, null, 49, false, [], false, 0, [], null, 0, 1744385838.6888888, 0, {}]
[{"0": [2, 3, 0, 3, 31, 26, 21, 33, 31, 2, 5, 0, 1, 4, 5, 5, 1]}, null, null, 49, false, [], false, 0, [], null, 0, 1744385838.9066198, 0, {}]
[{"0": [0, 0, 31, 23, 30, 3, 3, 2, 2, 3, 1, 4, 4, 0, 4, 3, 2]}, null, null, 50, false, [], false, 0, [], null, 0, 1744385839.1233373, 0, {}]
[{"0": [3, 2, 2, 32, 29, 45, 24, 30, 2, 2, 2, 2, 3, 2, 3, 3, 3]}, null, null, 51, false, [], false, 0, [], null, 0, 1744385839.3385315, 0, {}]
[{"0": [3, 0, 2, 1, 5, 2, 4, 3, 2, 2, 2, 29, 31, 28, 27, 30, 3]}, null, null, 51, false, [], false, 0, [], null, 0, 1744385839.5673673, 0, {}]
[{"0": [1, 1, 1, 3, 3, 5, 0, 2, 0, 2, 2, 2, 0, 39, 28, 29, 32]}, null, null, 52, false, [], false, 0, [], null, 0, 1744385839.7745125, 0, {}]
[{"0": [19, 34, 21, 34, 35, 36, 33, 32, 33, 36, 30, 39, 36, 29, 33, 39, 23]}, null, null, 52, false, [], false, 0, [], null, 0, 1744385839.9990008, 0, {}]
[{"0": [0, 0, 3, 2, 0, 2, 3, 2, 2, 2, 1, 1, 3, 1, 3, 24, 36]}, null, null, 53, false, [], false, 0, [], null, 0, 1744385840.215829, 0, {}]
[{"0": [0, 1, 3, 1, 5, 6, 0, 3, 2, 0, 1, 5, 2, 5, 1, 29, 31]}, null, null, 54, false, [], false, 0, [], null, 0, 1744385840.4324548, 0, {}]
[{"0": [1, 2, 1, 2, 0, 2, 4, 2, 0, 3, 26, 35, 0, 2, 7, 0, 1]}, null, null, 54, false, [], false, 0, [], null, 0, 1744385840.6450224, 0, {}]
[{"0": [0, 0, 3, 3, 1, 4, 9, 3, 0, 1, 1, 2, 4, 1, 0, 1, 4]}, null, null, 55, false, [], false, 0, [], null, 0, 1744385840.8805006, 0, {}]
[{"0": [0, 1, 2, 3, 1, 2, 3, 2, 1, 2, 0, 3, 3, 2, 2, 27, 34]}, null, null, 55, false, [], false, 0, [], null, 0, 1744385841.069164, 0, {}]
[{"0": [1, 2, 0, 2, 29, 30, 31, 33, 1, 1, 0, 2, 3, 0, 3, 2, 3]}, null, null, 56, false, [], false, 0, [], null, 0, 1744385841.309078, 0, {}]
[{"0": [34, 1, 0, 2, 1, 3, 3, 1, 35, 29, 3, 4, 1, 1, 3, 1, 0]}, null, null, 57, false, [], false, 0, [], null, 0, 1744385841.5142777, 0, {}]
[{"0": [2, 3, 4, 3, 1, 2, 1, 2, 4, 2, 0, 17, 37, 1, 1, 0, 2]}, null, null, 57, false, [], false, 0, [], null, 0, 1744385841.726439, 0, {}]
[{"0": [3, 2, 2, 3, 2, 3, 4, 1, 2, 0, 33, 30, 30, 28, 1, 2, 4]}, null, null, 58, false, [], false, 0, [], null, 0, 1744385841.9462335, 0, {}]
[{"0": [1, 1, 2, 5, 3, 0, 1, 0, 1, 1, 3, 3, 0, 3, 1, 32, 37]}, null, null, 58, false, [], false, 0, [], null, 0, 1744385842.1580462, 0, {}]
[{"0": [4, 2, 6, 3, 3, 3, 3, 41, 31, 28, 15, 37, 35, 2, 5, 1, 3]}, null, null, 59, false, [], false, 0, [], null, 0, 1744385842.3825772, 0, {}]
[{"0": [3, 3, 0, 1, 5, 1, 4, 3, 2, 1, 2, 1, 3, 30, 26, 40, 29]}, null, null, 60, false, [], false, 0, [], null, 0, 1744385842.5977666, 0, {}]
[{"0": [3, 1, 0, 1, 1, 33, 36, 34, 26, 30, 30, 32, 33, 33, 31, 28, 35]}, null, null, 60, false, [], false, 0, [], null, 0, 1744385842.8178468, 0, {}]
[{"0": [0, 3, 1, 2, 2, 1, 2, 3, 0, 3, 3, 43, 1, 2, 2, 2, 0]}, null, null, 61, false, [], false, 0, [], null, 0, 1744385843.0260794, 0, {}]
[{"0": [3, 1, 7, 1, 3, 3, 4, 3, 2, 1, 0, 3, 25, 33, 0, 4, 3]}, null, null, 61, false, [], false, 0, [], null, 0, 1744385843.2507622, 0, {}]
[{"0": [2, 3, 27, 41, 0, 2, 0, 3, 1, 0, 0, 1, 3, 2, 0, 3, 2]}, null, null, 62, false, [], false, 0, [], null, 0, 1744385843.4697611, 0, {}]
[{"0": [1, 1, 32, 19, 0, 3, 3, 1, 0, 4, 2, 2, 4, 1, 1, 0, 2]}, null, null, 63, false, [], false, 0, [], null, 0, 1744385843.6834502, 0, {}]
[{"0": [0, 3, 1, 1, 2, 3, 3, 0, 1, 1, 1, 5, 1, 36, 35, 24, 37]}, null, null, 63, false, [], false, 0, [], null, 0, 1744385843.88649, 0, {}]
[{"0": [4, 2, 1, 0, 3, 2, 1, 0, 3, 4, 0, 1, 0, 0, 2, 39, 37]}, null, null, 64, false, [], false, 0, [], null, 0, 1744385844.1042752, 0, {}]
[{"0": [4, 0, 1, 2, 1, 1, 0, 2, 3, 1, 0, 4, 34, 1, 3, 1, 3]}, null, null, 64, false, [], false, 0, [], null, 0, 1744385844.3199208, 0, {}]
[{"0": [1, 4, 31, 2, 1, 3, 3, 1, 0, 1, 4, 3, 3, 1, 3, 2, 3]}, null, null, 65, false, [], false, 0, [], null, 0, 1744385844.5403357, 0, {}]
[{"0": [3, 1, 1, 3, 5, 4, 1, 5, 3, 2, 35, 23, 23, 29, 32, 31, 43]}, null, null, 66, false, [], false, 0, [], null, 0, 1744385844.752185, 0, {}]
[{"0": [2, 3, 1, 1, 3, 0, 2, 1, 2, 5, 1, 2, 0, 3, 2, 27, 18]}, null, null, 66, false, [], false, 0, [], null, 0, 1744385844.9738796, 0, {}]
[{"0": [4, 0, 5, 0, 3, 3, 0, 1, 1, 1, 41, 27, 25, 27, 27, 33, 33]}, null, null, 67, false, [], false, 0, [], null, 0, 1744385845.2035553, 0, {}]
[{"0": [3, 2, 31, 1, 1, 4, 0, 4, 3, 3, 4, 4, 0, 1, 4, 2, 4]}, null, null, 67, false, [], false, 0, [], null, 0, 1744385845.4143703, 0, {}]
[{"0": [0, 1, 0, 3, 0, 2, 1, 0, 5, 23, 47, 21, 2, 1, 2, 2, 0]}, null, null, 68, false, [], false, 0, [], null, 0, 1744385845.6271963, 0, {}]
[{"0": [1, 3, 3, 1, 1, 3, 1, 1, 2, 1, 2, 2, 0, 38, 30, 35, 33]}, null, null, 69, false, [], false, 0, [], null, 0, 1744385845.8485372, 0, {}]
[{"0": [1, 4, 0, 3, 2, 34, 2, 4, 2, 3, 2, 4, 2, 3, 3, 2, 1]}, null, null, 69, false, [], false, 0, [], null, 0, 1744385846.0707033, 0, {}]
[{"0": [4, 1, 1, 2, 28, 41, 32, 41, 35, 1, 2, 1, 3, 1, 3, 1, 2]}, null, null, 70, false, [], false, 0, [], null, 0, 1744385846.2825465, 0, {}]
[{"0": [4, 1, 5, 3, 1, 2, 1, 1, 3, 1, 37, 30, 36, 33, 29, 5, 2]}, null, null, 70, false, [], false, 0, [], null, 0, 1744385846.5032978, 0, {}]
[{"0": [28, 32, 2, 2, 3, 1, 2, 1, 0, 2, 1, 2, 3, 6, 3, 5, 1]}, null, null, 71, false, [], false, 0, [], null, 0, 1744385846.704257, 0, {}]
[{"0": [3, 4, 1, 6, 3, 32, 40, 50, 36, 25, 34, 37, 28, 25, 33, 36, 1]}, null, null, 72, false, [], false, 0, [], null, 0, 1744385846.9390972, 0, {}]
[{"0": [2, 1, 1, 2, 1, 1, 3, 1, 2, 2, 34, 1, 2, 1, 1, 3, 4]}, null, null, 72, false, [], false, 0, [], null, 0, 1744385847.1511226, 0, {}]
[{"0": [3, 2, 5, 3, 4, 1, 2, 1, 1, 0, 3, 31, 26, 31, 24, 36, 30]}, null, null, 73, false, [], false, 0, [], null, 0, 1744385847.3682945, 0, {}]
[{"0": [3, 5, 3, 7, 1, 0, 0, 2, 3, 1, 2, 2, 28, 31, 41, 37, 1]}, null, null, 73, false, [], false, 0, [], null, 0, 1744385847.5681934, 0, {}]
[{"0": [4, 2, 1, 3, 1, 4, 3, 1, 4, 1, 1, 2, 2, 6, 3, 3, 6]}, null, null, 74, false, [], false, 0, [], null, 0, 1744385847.7920148, 0, {}]
[{"0": [0, 4, 4, 2, 3, 3, 2, 0, 1, 3, 1, 0, 4, 1, 1, 1, 1]}, null, null, 75, false, [], false, 0, [], null, 0, 1744385848.0160964, 0, {}]
[{"0": [3, 3, 7, 1, 0, 4, 0, 2, 1, 1, 4, 37, 28, 24, 2, 1, 2]}, null, null, 75, false, [], false, 0, [], null, 0, 1744385848.2245195, 0, {}]
[{"0": [2, 2, 3, 3, 1, 3, 1, 3, 0, 3, 2, 0, 2, 25, 28, 34, 30]}, null, null, 76, false, [], false, 0, [], null, 0, 1744385848.4318492, 0, {}]
[{"0": [0, 2, 4, 3, 1, 3, 3, 3, 2, 3, 2, 4, 23, 34, 40, 0, 2]}, null, null, 77, false, [], false, 0, [], null, 0, 1744385848.6706245, 0, {}]
[{"0": [1, 0, 1, 6, 1, 3, 33, 31, 31, 22, 28, 31, 32, 38, 1, 1, 2]}, null, null, 77, false, [], false, 0, [], null, 0, 1744385848.880067, 0, {}]
[{"0": [4, 1, 1, 2, 2, 0, 1, 2, 3, 2, 3, 3, 2, 5, 2, 3, 1]}, null, null, 78, false, [], false, 0, [], null, 0, 1744385849.0959659, 0, {}]
[{"0": [4, 2, 1, 1, 1, 0, 3, 3, 1, 1, 2, 4, 4, 3, 4, 37, 5]}, null, null, 78, false, [], false, 0, [], null, 0, 1744385849.3074346, 0, {}]
[{"0": [0, 4, 2, 2, 1, 2, 2, 24, 25, 38, 36, 29, 1, 0, 2, 1, 4]}, null, null, 79, false, [], false, 0, [], null, 0, 1744385849.5350637, 0, {}]
[{"0": [3, 4, 2, 0, 2, 1, 4, 0, 1, 2, 1, 1, 1, 33, 19, 43, 28]}, null, null, 80, false, [], false, 0, [], null, 0, 1744385849.7434487, 0, {}]
[{"0": [4, 2, 2, 1, 39, 27, 32, 30, 34, 34, 28, 24, 39, 36, 25, 1, 4]}, null, null, 80, false, [], false, 0, [], null, 0, 1744385849.952355, 0, {}]
[{"0": [3, 6, 2, 2, 1, 28, 28, 36, 26, 30, 34, 33, 36, 32, 32, 29, 31]}, null, null, 81, false, [], false, 0, [], null, 0, 1744385850.176455, 0, {}]
[{"0": [1, 1, 0, 0, 2, 1, 1, 2, 2, 3, 27, 35, 7, 2, 0, 1, 2]}, null, null, 81, false, [], false, 0, [], null, 0, 1744385850.398171, 0, {}]
[{"0": [4, 3, 0, 1, 0, 2, 4, 4, 3, 31, 28, 36, 37, 39, 1, 3, 2]}, null, null, 82, false, [], false, 0, [], null, 0, 1744385850.6105638, 0, {}]
[{"0": [2, 3, 0, 4, 4, 2, 36, 39, 36, 29, 1, 3, 0, 3, 2, 2, 3]}, null, null, 83, false, [], false, 0, [], null, 0, 1744385850.8192205, 0, {}]
[{"0": [1, 2, 4, 3, 3, 0, 1, 4, 4, 3, 6, 3, 0, 5, 0, 32, 38]}, null, null, 83, false, [], false, 0, [], null, 0, 1744385851.0412157, 0, {}]
[{"0": [2, 1, 2, 1, 4, 3, 4, 0, 2, 4, 2, 3, 32, 30, 34, 35, 35]}, null, null, 84, false, [], false, 0, [], null, 0, 1744385851.2594094, 0, {}]
[{"0": [5, 2, 3, 3, 36, 24, 26, 37, 19, 1, 2, 1, 1, 2, 1, 2, 2]}, null, null, 84, false, [], false, 0, [], null, 0, 1744385851.486353, 0, {}]
[{"0": [3, 1, 2, 1, 2, 1, 22, 44, 1, 1, 1, 0, 1, 3, 0, 0, 2]}, null, null, 85, false, [], false, 0, [], null, 0, 1744385851.6931438, 0, {}]
[{"0": [0, 3, 30, 3, 1, 0, 0, 2, 4, 4, 2, 4, 1, 2, 1, 2, 1]}, null, null, 86, false, [], false, 0, [], null, 0, 1744385851.9167664, 0, {}]
[{"0": [2, 1, 0, 5, 1, 3, 1, 6, 3, 5, 3, 2, 2, 2, 1, 30, 25]}, null, null, 86, false, [], false, 0, [], null, 0, 1744385852.1289203, 0, {}]
[{"0": [0, 8, 1, 4, 4, 5, 4, 4, 4, 3, 2, 29, 29, 26, 43, 31, 35]}, null, null, 87, false, [], false, 0, [], null, 0, 1744385852.3544667, 0, {}]
[{"0": [0, 5, 4, 1, 0, 4, 0, 2, 2, 1, 0, 4, 0, 0, 1, 24, 42]}, null, null, 87, false, [], false, 0, [], null, 0, 1744385852.5547836, 0, {}]
[{"0": [0, 39, 39, 37, 32, 33, 27, 33, 3, 2, 0, 0, 2, 0, 1, 0, 2]}, null, null, 88, false, [], false, 0, [], null, 0, 1744385852.7783735, 0, {}]
[{"0": [24, 2, 2, 0, 0, 2, 3, 3, 0, 1, 3, 6, 4, 3, 6, 2, 2]}, null, null, 89, false, [], false, 0, [], null, 0, 1744385852.985916, 0, {}]
[{"0": [1, 2, 1, 0, 2, 24, 19, 3, 7, 5, 2, 4, 3, 1, 0, 1, 0]}, null, null, 89, false, [], false, 0, [], null, 0, 1744385853.2196548, 0, {}]
[{"0": [2, 1, 1, 2, 3, 3, 2, 2, 3, 1, 3, 3, 3, 4, 2, 2, 3]}, null, null, 90, false, [], false, 0, [], null, 0, 1744385853.432977, 0, {}]
[{"0": [4, 0, 2, 8, 2, 0, 2, 4, 1, 0, 1, 5, 1, 31, 21, 29, 38]}, null, null, 90, false, [], false, 0, [], null, 0, 1744385853.6342905, 0, {}]
[{"0": [2, 2, 2, 2, 1, 4, 2, 32, 43, 1, 5, 1, 4, 1, 0, 2, 1]}, null, null, 91, false, [], false, 0, [], null, 0, 1744385853.8663628, 0, {}]
[{"0": [3, 2, 2, 1, 3, 2, 3, 5, 2, 4, 4, 3, 2, 1, 2, 2, 3]}, null, null, 92, false, [], false, 0, [], null, 0, 1744385854.0753806, 0, {}]
[{"0": [3, 0, 4, 2, 0, 4, 4, 4, 2, 4, 0, 1, 0, 1, 3, 31, 1]}, null, null, 92, false, [], false, 0, [], null, 0, 1744385854.286685, 0, {}]
[{"0": [27, 28, 21, 24, 30, 31, 33, 32, 26, 24, 28, 30, 43, 27, 37, 26, 29]}, null, null, 93, false, [], false, 0, [], null, 0, 1744385854.517867, 0, {}]
[{"0": [1, 1, 4, 2, 3, 3, 1, 1, 5, 2, 0, 31, 36, 37, 29, 4, 0]}, null, null, 93, false, [], false, 0, [], null, 0, 1744385854.7288365, 0, {}]
[{"0": [2, 0, 3, 3, 3, 4, 3, 1, 4, 1, 1, 2, 3, 1, 1, 34, 30]}, null, null, 94, false, [], false, 0, [], null, 0, 1744385854.9460876, 0, {}]
[{"0": [2, 0, 3, 0, 2, 2, 25, 37, 3, 3, 3, 2, 2, 0, 5, 6, 0]}, null, null, 95, false, [], false, 0, [], null, 0, 1744385855.1490853, 0, {}]
[{"0": [1, 4, 2, 0, 3, 26, 1, 0, 2, 3, 2, 3, 2, 2, 2, 7, 0]}, null, null, 95, false, [], false, 0, [], null, 0, 1744385855.3672755, 0, {}]
[{"0": [1, 4, 2, 2, 0, 1, 5, 33, 37, 2, 3, 2, 1, 2, 2, 1, 4]}, null, null, 96, false, [], false, 0, [], null, 0, 1744385855.5912378, 0, {}]
[{"0": [3, 2, 6, 4, 1, 2, 2, 2, 1, 0, 2, 22, 26, 29, 26, 32, 32]}, null, null, 96, false, [], false, 0, [], null, 0, 1744385855.8173156, 0, {}]
[{"0": [1, 2, 0, 3, 0, 3, 1, 0, 1, 1, 0, 0, 1, 1, 28, 30, 28]}, null, null, 97, false, [], false, 0, [], null, 0, 1744385856.0358167, 0, {}]
[{"0": [3, 1, 2, 0, 7, 2, 1, 1, 4, 1, 4, 3, 3, 5, 3, 23, 22]}, null, null, 98, false, [], false, 0, [], null, 0, 1744385856.240575, 0, {}]
[{"0": [1, 1, 29, 40, 36, 31, 29, 36, 28, 34, 26, 1, 2, 1, 2, 1, 2]}, null, null, 98, false, [], false, 0, [], null, 0, 1744385856.4683926, 0, {}]
[{"0": [2, 1, 4, 4, 2, 2, 3, 1, 3, 5, 1, 2, 1, 2, 3, 29, 34]}, null, null, 99, false, [], false, 0, [], null, 0, 1744385856.668091, 0, {}]
[{"0": [0, 3, 0, 2, 5, 1, 3, 3, 1, 1, 1, 1, 2, 0, 3, 3, 22]}, null, null, 99, false, [], false, 0, [], null, 0, 1744385856.8903804, 0, {}]
[{"0": [3, 1, 6, 1, 27, 40, 1, 0, 1, 3, 2, 5, 2, 2, 2, 2, 1]}, null, null, 100, false, [], false, 0, [], null, 0, 1744385857.0985992, 0, {}]
[{"0": [2, 37, 37, 26, 32, 0, 0, 1, 3, 2, 5, 3, 1, 3, 0, 2, 1]}, null, null, 101, false, [], false, 0, [], null, 0, 1744385857.335483, 0, {}]
[{"0": [2, 4, 2, 2, 1, 2, 1, 2, 2, 2, 32, 41, 3, 1, 2, 3, 1]}, null, null, 101, false, [], false, 0, [], null, 0, 1744385857.5465298, 0, {}]
[{"0": [0, 1, 0, 3, 3, 2, 3, 1, 2, 1, 3, 0, 2, 38, 6, 2, 0]}, null, null, 102, false, [], false, 0, [], null, 0, 1744385857.7482195, 0, {}]
[{"0": [1, 2, 0, 3, 1, 0, 5, 2, 0, 4, 4, 22, 40, 35, 32, 26, 31]}, null, null, 102, false, [], false, 0, [], null, 0, 1744385857.9758513, 0, {}]
[{"0": [1, 0, 2, 4, 3, 1, 2, 30, 35, 42, 35, 29, 26, 28, 39, 29, 33]}, null, null, 103, false, [], false, 0, [], null, 0, 1744385858.1876307, 0, {}]
[{"0": [1, 1, 2, 5, 38, 33, 39, 30, 44, 32, 33, 1, 0, 2, 3, 2, 3]}, null, null, 104, false, [], false, 0, [], null, 0, 1744385858.4163177, 0, {}]
[{"0": [0, 4, 23, 33, 27, 32, 36, 38, 34, 1, 4, 1, 1, 3, 0, 4, 2]}, null, null, 104, false, [], false, 0, [], null, 0, 1744385858.6279054, 0, {}]
[{"0": [3, 1, 2, 2, 0, 1, 0, 1, 7, 6, 2, 2, 2, 39, 33, 31, 40]}, null, null, 105, false, [], false, 0, [], null, 0, 1744385858.8465252, 0, {}]
[{"0": [5, 5, 2, 3, 2, 4, 0, 48, 2, 4, 0, 5, 0, 1, 0, 1, 2]}, null, null, 105, false, [], false, 0, [], null, 0, 1744385859.0485675, 0, {}]
[{"0": [1, 0, 2, 0, 1, 1, 2, 0, 1, 30, 5, 1, 1, 3, 1, 0, 3]}, null, null, 106, false, [], false, 0, [], null, 0, 1744385859.2718985, 0, {}]
[{"0": [2, 1, 1, 5, 3, 23, 47, 40, 1, 0, 3, 3, 2, 2, 5, 0, 2]}, null, null, 107, false, [], false, 0, [], null, 0, 1744385859.4968758, 0, {}]
[{"0": [2, 2, 1, 2, 1, 25, 1, 3, 3, 2, 2, 2, 1, 4, 3, 3, 1]}, null, null, 107, false, [], false, 0, [], null, 0, 1744385859.7077072, 0, {}]
[{"0": [25, 4, 1, 1, 2, 4, 3, 2, 3, 3, 3, 1, 1, 2, 1, 3, 3]}, null, null, 108, false, [], false, 0, [], null, 0, 1744385859.9202542, 0, {}]
[{"0": [0, 2, 1, 4, 3, 2, 3, 3, 4, 1, 3, 3, 1, 2, 1, 41, 33]}, null, null, 108, false, [], false, 0, [], null, 0, 1744385860.1383443, 0, {}]
[{"0": [1, 2, 0, 2, 0, 1, 0, 1, 36, 30, 36, 2, 2, 4, 2, 3, 3]}, null, null, 109, false, [], false, 0, [], null, 0, 1744385860.3635356, 0, {}]
[{"0": [2, 4, 2, 39, 0, 1, 4, 1, 1, 0, 0, 3, 2, 7, 2, 3, 3]}, null, null, 110, false, [], false, 0, [], null, 0, 1744385860.5774121, 0, {}]
[{"0": [4, 2, 5, 2, 1, 1, 1, 0, 5, 3, 1, 2, 0, 38, 2, 3, 3]}, null, null, 110, false, [], false, 0, [], null, 0, 1744385860.7852159, 0, {}]
[{"0": [0, 5, 3, 2, 2, 31, 31, 40, 26, 21, 42, 30, 39, 37, 34, 43, 29]}, null, null, 111, false, [], false, 0, [], null, 0, 1744385861.0088198, 0, {}]
[{"0": [4, 2, 38, 36, 25, 38, 2, 2, 1, 0, 1, 2, 3, 1, 2, 2, 2]}, null, null, 111, false, [], false, 0, [], null, 0, 1744385861.2321348, 0, {}]
[{"0": [5, 4, 4, 6, 2, 4, 3, 1, 27, 21, 28, 0, 4, 0, 0, 0, 0]}, null, null, 112, false, [], false, 0, [], null, 0, 1744385861.4531062, 0, {}]
[{"0": [1, 3, 1, 0, 2, 1, 1, 5, 6, 6, 3, 2, 1, 1, 2, 24, 32]}, null, null, 113, false, [], false, 0, [], null, 0, 1744385861.6580412, 0, {}]
[{"0": [25, 41, 35, 0, 1, 1, 1, 5, 2, 2, 3, 2, 0, 1, 2, 1, 3]}, null, null, 113, false, [], false, 0, [], null, 0, 1744385861.8654394, 0, {}]
[{"0": [3, 3, 3, 6, 1, 2, 1, 37, 2, 1, 2, 1, 2, 2, 3, 3, 1]}, null, null, 114, false, [], false, 0, [], null, 0, 1744385862.081803, 0, {}]
[{"0": [3, 1, 2, 0, 0, 2, 2, 2, 5, 1, 2, 1, 4, 22, 17, 5, 3]}, null, null, 114, false, [], false, 0, [], null, 0, 1744385862.3093185, 0, {}]
[{"0": [28, 34, 43, 4, 3, 3, 1, 2, 3, 0, 2, 1, 3, 2, 2, 4, 2]}, null, null, 115, false, [], false, 0, [], null, 0, 1744385862.5274763, 0, {}]
[{"0": [2, 4, 1, 3, 0, 2, 3, 2, 1, 1, 40, 3, 1, 1, 4, 0, 1]}, null, null, 116, false, [], false, 0, [], null, 0, 1744385862.7334042, 0, {}]
[{"0": [0, 4, 0, 1, 2, 2, 1, 3, 3, 27, 36, 35, 2, 1, 2, 0, 5]}, null, null, 116, false, [], false, 0, [], null, 0, 1744385862.9642408, 0, {}]
[{"0": [1, 1, 1, 1, 5, 2, 24, 1, 2, 4, 3, 3, 1, 5, 2, 4, 1]}, null, null, 117, false, [], false, 0, [], null, 0, 1744385863.1736872, 0, {}]
[{"0": [1, 1, 1, 4, 3, 38, 23, 36, 30, 22, 3, 1, 2, 3, 2, 3, 0]}, null, null, 117, false, [], false, 0, [], null, 0, 1744385863.3996673, 0, {}]
[{"0": [1, 0, 3, 5, 4, 0, 1, 2, 6, 1, 1, 2, 2, 44, 2, 3, 0]}, null, null, 118, false, [], false, 0, [], null, 0, 1744385863.6061487, 0, {}]
[{"0": [6, 3, 2, 28, 34, 26, 0, 0, 3, 1, 2, 2, 0, 2, 1, 4, 1]}, null, null, 119, false, [], false, 0, [], null, 0, 1744385863.821895, 0, {}]
[{"0": [2, 1, 2, 2, 0, 3, 4, 1, 2, 1, 4, 1, 4, 1, 2, 0, 6]}, null, null, 119, false, [], false, 0, [], null, 0, 1744385864.0374699, 0, {}]
[{"0": [1, 2, 2, 1, 2, 0, 1, 2, 3, 2, 39, 33, 33, 32, 5, 1, 1]}, null, null, 120, false, [], false, 0, [], null, 0, 1744385864.2473285, 0, {}]
[{"0": [4, 4, 2, 2, 1, 1, 1, 0, 3, 3, 33, 23, 37, 44, 27, 37, 40]}, null, null, 120, false, [], false, 0, [], null, 0, 1744385864.4665709, 0, {}]
[{"0": [4, 1, 1, 2, 1, 1, 33, 1, 2, 4, 6, 4, 2, 7, 3, 1, 2]}, null, null, 121, false, [], false, 0, [], null, 0, 1744385864.6832287, 0, {}]
[{"0": [1, 1, 2, 0, 2, 1, 0, 7, 1, 3, 1, 4, 26, 28, 35, 30, 43]}, null, null, 122, false, [], false, 0, [], null, 0, 1744385864.9012206, 0, {}]
[{"0": [2, 0, 1, 1, 5, 2, 5, 3, 1, 3, 2, 3, 2, 42, 41, 37, 48]}, null, null, 122, false, [], false, 0, [], null, 0, 1744385865.1175299, 0, {}]
[{"0": [2, 4, 8, 1, 5, 2, 1, 3, 4, 2, 1, 40, 46, 32, 1, 0, 2]}, null, null, 123, false, [], false, 0, [], null, 0, 1744385865.3453622, 0, {}]
[{"0": [0, 1, 2, 0, 1, 17, 1, 1, 1, 1, 2, 2, 1, 2, 0, 2, 3]}, null, null, 123, false, [], false, 0, [], null, 0, 1744385865.5523515, 0, {}]
[{"0": [0, 1, 4, 3, 4, 1, 25, 27, 40, 33, 2, 3, 4, 0, 1, 3, 1]}, null, null, 124, false, [], false, 0, [], null, 0, 1744385865.7782383, 0, {}]
[{"0": [0, 2, 2, 2, 4, 2, 1, 2, 5, 2, 1, 1, 1, 1, 0, 1, 2]}, null, null, 125, false, [], false, 0, [], null, 0, 1744385865.992798, 0, {}]
[{"0": [2, 5, 0, 3, 5, 4, 38, 27, 24, 24, 2, 4, 3, 2, 3, 2, 0]}, null, null, 125, false, [], false, 0, [], null, 0, 1744385866.207701, 0, {}]
[{"0": [2, 2, 1, 1, 2, 3, 3, 1, 35, 25, 0, 0, 4, 2, 3, 1, 0]}, null, null, 126, false, [], false, 0, [], null, 0, 1744385866.4276083, 0, {}]
[{"0": [1, 1, 36, 2, 3, 2, 3, 1, 2, 1, 5, 1, 2, 1, 1, 4, 2]}, null, null, 127, false, [], false, 0, [], null, 0, 1744385866.6415148, 0, {}]
[{"0": [3, 1, 1, 2, 2, 1, 1, 2, 2, 1, 4, 0, 3, 0, 6, 0, 1]}, null, null, 127, false, [], false, 0, [], null, 0, 1744385866.855348, 0, {}]
[{"0": [1, 0, 5, 22, 30, 36, 1, 2, 2, 4, 6, 3, 2, 1, 3, 2, 2]}, null, null, 128, false, [], false, 0, [], null, 0, 1744385867.0747423, 0, {}]
[{"0": [0, 1, 2, 0, 28, 37, 24, 23, 29, 48, 35, 46, 30, 27, 30, 28, 27]}, null, null, 128, false, [], false, 0, [], null, 0, 1744385867.2784085, 0, {}]
[{"0": [2, 4, 2, 0, 1, 3, 5, 1, 4, 34, 3, 1, 1, 1, 1, 2, 0]}, null, null, 129, false, [], false, 0, [], null, 0, 1744385867.511065, 0, {}]
[{"0": [37, 24, 1, 4, 0, 0, 4, 1, 1, 3, 3, 3, 1, 2, 1, 3, 1]}, null, null, 130, false, [], false, 0, [], null, 0, 1744385867.725611, 0, {}]
[{"0": [5, 2, 1, 2, 3, 3, 2, 4, 0, 5, 1, 4, 1, 1, 0, 1, 4]}, null, null, 130, false, [], false, 0, [], null, 0, 1744385867.9384754, 0, {}]
[{"0": [0, 2, 2, 3, 32, 30, 31, 33, 38, 34, 3, 1, 2, 4, 1, 4, 2]}, null, null, 131, false, [], false, 0, [], null, 0, 1744385868.1671784, 0, {}]
[{"0": [1, 1, 4, 0, 0, 3, 1, 3, 0, 1, 5, 3, 3, 3, 3, 36, 30]}, null, null, 131, false, [], false, 0, [], null, 0, 1744385868.3733795, 0, {}]
[{"0": [4, 2, 2, 0, 2, 1, 2, 2, 4, 0, 29, 35, 33, 30, 24, 27, 2]}, null, null, 132, false, [], false, 0, [], null, 0, 1744385868.5808492, 0, {}]
[{"0": [2, 3, 1, 3, 4, 0, 2, 2, 0, 0, 31, 37, 26, 39, 23, 28, 4]}, null, null, 133, false, [], false, 0, [], null, 0, 1744385868.8168135, 0, {}]
[{"0": [3, 5, 2, 1, 1, 1, 3, 0, 6, 1, 2, 2, 2, 1, 3, 25, 28]}, null, null, 133, false, [], false, 0, [], null, 0, 1744385869.0302653, 0, {}]
[{"0": [0, 1, 1, 3, 4, 32, 25, 32, 2, 2, 5, 2, 0, 2, 0, 2, 4]}, null, null, 134, false, [], false, 0, [], null, 0, 1744385869.2506661, 0, {}]
[{"0": [1, 0, 0, 2, 4, 2, 3, 2, 1, 1, 2, 3, 1, 2, 5, 27, 36]}, null, null, 134, false, [], false, 0, [], null, 0, 1744385869.446638, 0, {}]
[{"0": [4, 2, 3, 3, 1, 1, 0, 1, 0, 4, 0, 2, 1, 47, 30, 35, 35]}, null, null, 135, false, [], false, 0, [], null, 0, 1744385869.6720488, 0, {}]
[{"0": [2, 2, 20, 24, 29, 26, 39, 41, 26, 34, 23, 29, 30, 33, 26, 31, 42]}, null, null, 136, false, [], false, 0, [], null, 0, 1744385869.8875718, 0, {}]
[{"0": [29, 23, 31, 26, 25, 35, 2, 4, 3, 1, 1, 3, 4, 2, 2, 0, 2]}, null, null, 136, false, [], false, 0, [], null, 0, 1744385870.1093185, 0, {}]
[{"0": [2, 2, 3, 1, 3, 2, 3, 2, 2, 5, 16, 3, 0, 3, 4, 3, 2]}, null, null, 137, false, [], false, 0, [], null, 0, 1744385870.3298085, 0, {}]
[{"0": [1, 3, 3, 23, 28, 53, 1, 1, 2, 0, 3, 1, 2, 1, 0, 2, 1]}, null, null, 137, false, [], false, 0, [], null, 0, 1744385870.535434, 0, {}]
[{"0": [4, 3, 2, 1, 2, 2, 3, 1, 2, 1, 2, 0, 3, 2, 1, 29, 34]}, null, null, 138, false, [], false, 0, [], null, 0, 1744385870.7552197, 0, {}]
[{"0": [2, 1, 4, 2, 3, 0, 1, 1, 2, 3, 29, 34, 30, 0, 2, 1, 0]}, null, null, 139, false, [], false, 0, [], null, 0, 1744385870.972654, 0, {}]
[{"0": [4, 2, 1, 2, 2, 2, 2, 3, 2, 2, 1, 3, 1, 5, 1, 0, 2]}, null, null, 139, false, [], false, 0, [], null, 0, 1744385871.1979258, 0, {}]
[{"0": [0, 1, 2, 1, 0, 0, 1, 3, 2, 0, 2, 3, 46, 33, 23, 1, 2]}, null, null, 140, false, [], false, 0, [], null, 0, 1744385871.4110167, 0, {}]
[{"0": [3, 4, 2, 1, 1, 0, 1, 1, 3, 0, 2, 1, 2, 1, 2, 27, 43]}, null, null, 140, false, [], false, 0, [], null, 0, 1744385871.6278925, 0, {}]
[{"0": [2, 1, 1, 1, 1, 32, 32, 18, 29, 38, 25, 0, 1, 2, 2, 3, 1]}, null, null, 141, false, [], false, 0, [], null, 0, 1744385871.8446066, 0, {}]
[{"0": [1, 3, 1, 2, 1, 0, 30, 1, 2, 6, 3, 0, 4, 3, 1, 4, 1]}, null, null, 142, false, [], false, 0, [], null, 0, 1744385872.0529668, 0, {}]
[{"0": [4, 1, 1, 1, 3, 5, 34, 28, 34, 30, 22, 0, 2, 2, 3, 1, 4]}, null, null, 142, false, [], false, 0, [], null, 0, 1744385872.2854843, 0, {}]
[{"0": [3, 4, 40, 38, 29, 28, 20, 38, 28, 30, 28, 2, 2, 3, 1, 0, 0]}, null, null, 143, false, [], false, 0, [], null, 0, 1744385872.50445, 0, {}]
[{"0": [3, 4, 2, 1, 38, 31, 25, 40, 31, 0, 3, 2, 2, 2, 2, 3, 3]}, null, null, 143, false, [], false, 0, [], null, 0, 1744385872.6958315, 0, {}]
[{"0": [1, 3, 2, 3, 1, 2, 2, 0, 2, 2, 0, 2, 2, 26, 35, 2, 1]}, null, null, 144, false, [], false, 0, [], null, 0, 1744385872.931281, 0, {}]
[{"0": [25, 35, 28, 2, 1, 1, 0, 1, 0, 2, 1, 1, 1, 2, 4, 4, 0]}, null, null, 145, false, [], false, 0, [], null, 0, 1744385873.1326706, 0, {}]
[{"0": [1, 3, 2, 1, 5, 1, 0, 0, 5, 38, 32, 20, 36, 28, 31, 27, 30]}, null, null, 145, false, [], false, 0, [], null, 0, 1744385873.3517303, 0, {}]
[{"0": [2, 1, 0, 4, 5, 3, 2, 0, 0, 3, 3, 2, 5, 1, 0, 33, 19]}, null, null, 146, false, [], false, 0, [], null, 0, 1744385873.5715744, 0, {}]
[{"0": [4, 2, 0, 1, 1, 0, 34, 23, 19, 33, 32, 31, 0, 3, 2, 3, 4]}, null, null, 146, false, [], false, 0, [], null, 0, 1744385873.7918787, 0, {}]
[{"0": [1, 5, 1, 1, 1, 1, 2, 3, 0, 3, 1, 33, 1, 0, 0, 4, 3]}, null, null, 147, false, [], false, 0, [], null, 0, 1744385874.0150888, 0, {}]
[{"0": [1, 0, 3, 2, 5, 4, 1, 2, 1, 43, 38, 30, 32, 30, 29, 32, 35]}, null, null, 148, false, [], false, 0, [], null, 0, 1744385874.2314796, 0, {}]
[{"0": [5, 6, 3, 2, 1, 1, 5, 3, 3, 4, 1, 2, 2, 3, 5, 24, 30]}, null, null, 148, false, [], false, 0, [], null, 0, 1744385874.450336, 0, {}]
[{"0": [1, 1, 27, 29, 29, 24, 24, 28, 33, 30, 34, 0, 1, 1, 5, 0, 5]}, null, null, 149, false, [], false, 0, [], null, 0, 1744385874.6571474, 0, {}]
[{"0": [0, 0, 2, 1, 3, 1, 3, 1, 1, 1, 0, 0, 1, 24, 32, 39, 21]}, null, null, 149, false, [], false, 0, [], null, 0, 1744385874.8729682, 0, {}]
[{"0": [0, 3, 2, 2, 2, 4, 0, 0, 33, 37, 25, 32, 27, 34, 24, 23, 28]}, null, null, 150, true, [], false, 0, [], null, 0, 1744385875.0953376, 0, {}]
