[{"0": [0, 2, 2, 1, 3, 4, 1, 1, 0, 1, 28, 2, 5, 4, 2, 4, 1]}, null, null, 0, false, [], false, 0, [], null, 0, 1744378152.484494, 0, {}]
[{"0": [0, 2, 1, 3, 1, 2, 18, 3, 3, 1, 2, 1, 0, 4, 1, 3, 2]}, null, null, 1, false, [], false, 0, [], null, 0, 1744378152.7292452, 0, {}]
[{"0": [0, 3, 3, 0, 1, 3, 3, 1, 0, 2, 4, 1, 3, 4, 2, 27, 30]}, null, null, 1, false, [], false, 0, [], null, 0, 1744378152.9312341, 0, {}]
[{"0": [1, 2, 1, 2, 0, 2, 0, 1, 1, 1, 3, 1, 2, 0, 1, 27, 30]}, null, null, 2, false, [], false, 0, [], null, 0, 1744378153.160691, 0, {}]
[{"0": [0, 2, 1, 5, 2, 1, 2, 2, 3, 3, 1, 0, 2, 2, 3, 2, 2]}, null, null, 2, false, [], false, 0, [], null, 0, 1744378153.3726358, 0, {}]
[{"0": [2, 3, 2, 0, 0, 1, 1, 0, 3, 40, 0, 5, 1, 1, 2, 5, 1]}, null, null, 3, false, [], false, 0, [], null, 0, 1744378153.5859272, 0, {}]
[{"0": [3, 2, 0, 1, 0, 2, 4, 0, 0, 3, 32, 1, 1, 3, 3, 2, 1]}, null, null, 4, false, [], false, 0, [], null, 0, 1744378153.8033245, 0, {}]
[{"0": [0, 2, 3, 0, 1, 1, 1, 3, 0, 1, 0, 0, 2, 0, 1, 22, 25]}, null, null, 4, false, [], false, 0, [], null, 0, 1744378154.0152173, 0, {}]
[{"0": [31, 3, 3, 0, 1, 0, 0, 3, 1, 0, 1, 0, 0, 1, 2, 1, 2]}, null, null, 5, false, [], false, 0, [], null, 0, 1744378154.2314801, 0, {}]
[{"0": [2, 1, 3, 2, 2, 1, 0, 30, 36, 34, 1, 2, 1, 3, 2, 2, 3]}, null, null, 5, false, [], false, 0, [], null, 0, 1744378154.454771, 0, {}]
[{"0": [2, 1, 8, 2, 1, 1, 5, 5, 1, 2, 1, 22, 26, 25, 29, 28, 28]}, null, null, 6, false, [], false, 0, [], null, 0, 1744378154.6807017, 0, {}]
[{"0": [0, 4, 2, 1, 4, 1, 3, 4, 3, 3, 1, 2, 0, 3, 0, 0, 25]}, null, null, 7, false, [], false, 0, [], null, 0, 1744378154.8862016, 0, {}]
[{"0": [2, 2, 1, 34, 27, 3, 1, 1, 2, 4, 1, 0, 2, 0, 1, 2, 2]}, null, null, 7, false, [], false, 0, [], null, 0, 1744378155.1002483, 0, {}]
[{"0": [36, 27, 38, 33, 33, 35, 32, 6, 3, 2, 4, 1, 4, 1, 4, 3, 1]}, null, null, 8, false, [], false, 0, [], null, 0, 1744378155.3286252, 0, {}]
[{"0": [1, 1, 1, 1, 2, 2, 1, 2, 0, 2, 1, 32, 27, 26, 32, 28, 18]}, null, null, 8, false, [], false, 0, [], null, 0, 1744378155.545492, 0, {}]
[{"0": [3, 1, 3, 3, 2, 2, 3, 4, 1, 3, 2, 0, 2, 3, 2, 1, 30]}, null, null, 9, false, [], false, 0, [], null, 0, 1744378155.7470465, 0, {}]
[{"0": [6, 1, 1, 20, 21, 29, 1, 4, 5, 4, 5, 1, 2, 1, 1, 0, 3]}, null, null, 10, false, [], false, 0, [], null, 0, 1744378155.9717984, 0, {}]
[{"0": [25, 25, 28, 35, 33, 3, 2, 5, 2, 0, 0, 2, 1, 2, 2, 3, 3]}, null, null, 10, false, [], false, 0, [], null, 0, 1744378156.1794353, 0, {}]
[{"0": [2, 2, 2, 3, 3, 3, 2, 1, 1, 3, 1, 27, 1, 4, 0, 1, 1]}, null, null, 11, false, [], false, 0, [], null, 0, 1744378156.4034467, 0, {}]
[{"0": [0, 2, 0, 2, 3, 2, 2, 4, 4, 3, 2, 0, 5, 1, 1, 20, 29]}, null, null, 11, false, [], false, 0, [], null, 0, 1744378156.6143715, 0, {}]
[{"0": [4, 4, 1, 5, 3, 1, 2, 0, 34, 3, 1, 3, 3, 2, 1, 2, 4]}, null, null, 12, false, [], false, 0, [], null, 0, 1744378156.8371487, 0, {}]
[{"0": [1, 2, 0, 4, 2, 2, 2, 3, 2, 1, 2, 31, 33, 31, 28, 29, 37]}, null, null, 13, false, [], false, 0, [], null, 0, 1744378157.0647948, 0, {}]
[{"0": [0, 1, 9, 3, 29, 30, 27, 24, 26, 29, 21, 4, 2, 5, 6, 1, 1]}, null, null, 13, false, [], false, 0, [], null, 0, 1744378157.281511, 0, {}]
[{"0": [2, 3, 27, 26, 3, 0, 3, 4, 1, 1, 1, 1, 2, 1, 2, 2, 3]}, null, null, 14, false, [], false, 0, [], null, 0, 1744378157.4794953, 0, {}]
[{"0": [2, 1, 3, 3, 0, 1, 1, 4, 1, 3, 1, 2, 3, 0, 2, 1, 24]}, null, null, 14, false, [], false, 0, [], null, 0, 1744378157.7087927, 0, {}]
[{"0": [2, 0, 0, 0, 3, 3, 1, 1, 0, 1, 2, 2, 5, 0, 1, 27, 32]}, null, null, 15, false, [], false, 0, [], null, 0, 1744378157.923993, 0, {}]
[{"0": [5, 2, 0, 1, 0, 6, 5, 1, 0, 1, 2, 2, 1, 44, 27, 1, 1]}, null, null, 16, false, [], false, 0, [], null, 0, 1744378158.136534, 0, {}]
[{"0": [2, 1, 0, 3, 2, 1, 1, 3, 0, 2, 0, 1, 5, 0, 3, 0, 29]}, null, null, 16, false, [], false, 0, [], null, 0, 1744378158.363863, 0, {}]
[{"0": [1, 2, 1, 1, 3, 1, 1, 2, 3, 1, 0, 1, 1, 1, 1, 2, 4]}, null, null, 17, false, [], false, 0, [], null, 0, 1744378158.5750227, 0, {}]
[{"0": [1, 1, 1, 2, 2, 3, 0, 2, 1, 0, 0, 34, 28, 36, 23, 1, 2]}, null, null, 17, false, [], false, 0, [], null, 0, 1744378158.7861707, 0, {}]
[{"0": [3, 1, 1, 3, 1, 3, 2, 1, 1, 2, 29, 25, 25, 26, 35, 5, 4]}, null, null, 18, false, [], false, 0, [], null, 0, 1744378159.0042253, 0, {}]
[{"0": [0, 1, 3, 3, 1, 2, 2, 0, 2, 30, 27, 38, 28, 30, 34, 30, 1]}, null, null, 19, false, [], false, 0, [], null, 0, 1744378159.229238, 0, {}]
[{"0": [2, 3, 1, 1, 1, 3, 1, 0, 2, 2, 4, 2, 2, 27, 18, 25, 26]}, null, null, 19, false, [], false, 0, [], null, 0, 1744378159.4459488, 0, {}]
[{"0": [1, 3, 2, 2, 2, 4, 1, 1, 0, 2, 2, 1, 4, 1, 3, 2, 1]}, null, null, 20, false, [], false, 0, [], null, 0, 1744378159.6535604, 0, {}]
[{"0": [5, 2, 4, 2, 1, 4, 3, 2, 3, 1, 1, 4, 1, 2, 2, 2, 2]}, null, null, 20, false, [], false, 0, [], null, 0, 1744378159.8725593, 0, {}]
[{"0": [0, 2, 30, 29, 32, 35, 21, 26, 27, 40, 34, 2, 1, 3, 2, 1, 2]}, null, null, 21, false, [], false, 0, [], null, 0, 1744378160.093134, 0, {}]
[{"0": [30, 36, 0, 3, 3, 2, 1, 0, 2, 1, 0, 2, 2, 1, 3, 1, 1]}, null, null, 22, false, [], false, 0, [], null, 0, 1744378160.2957916, 0, {}]
[{"0": [2, 1, 0, 6, 27, 4, 3, 4, 5, 2, 1, 2, 0, 1, 2, 1, 2]}, null, null, 22, false, [], false, 0, [], null, 0, 1744378160.5091832, 0, {}]
[{"0": [2, 4, 29, 22, 2, 4, 0, 2, 2, 0, 3, 3, 0, 2, 1, 1, 2]}, null, null, 23, false, [], false, 0, [], null, 0, 1744378160.724626, 0, {}]
[{"0": [5, 2, 1, 1, 0, 3, 1, 0, 28, 43, 2, 3, 2, 1, 1, 0, 2]}, null, null, 23, false, [], false, 0, [], null, 0, 1744378160.947003, 0, {}]
[{"0": [0, 2, 5, 2, 4, 2, 0, 2, 27, 29, 31, 1, 1, 1, 3, 4, 4]}, null, null, 24, false, [], false, 0, [], null, 0, 1744378161.1555305, 0, {}]
[{"0": [5, 3, 2, 2, 3, 0, 1, 1, 1, 3, 0, 5, 2, 1, 6, 30, 0]}, null, null, 25, false, [], false, 0, [], null, 0, 1744378161.3886547, 0, {}]
[{"0": [1, 1, 4, 4, 2, 1, 1, 2, 24, 37, 28, 25, 32, 23, 5, 2, 1]}, null, null, 25, false, [], false, 0, [], null, 0, 1744378161.5977378, 0, {}]
[{"0": [1, 2, 1, 27, 32, 48, 22, 44, 21, 26, 27, 29, 30, 38, 32, 2, 2]}, null, null, 26, false, [], false, 0, [], null, 0, 1744378161.8076634, 0, {}]
[{"0": [2, 2, 1, 33, 38, 31, 31, 34, 35, 1, 2, 0, 1, 2, 2, 0, 3]}, null, null, 27, false, [], false, 0, [], null, 0, 1744378162.024788, 0, {}]
[{"0": [4, 3, 2, 3, 4, 0, 1, 2, 1, 1, 3, 3, 1, 2, 0, 3, 3]}, null, null, 27, false, [], false, 0, [], null, 0, 1744378162.241936, 0, {}]
[{"0": [4, 2, 3, 0, 1, 1, 3, 3, 0, 2, 0, 0, 2, 17, 28, 40, 29]}, null, null, 28, false, [], false, 0, [], null, 0, 1744378162.4662123, 0, {}]
[{"0": [2, 3, 0, 41, 5, 3, 5, 1, 1, 2, 1, 1, 1, 3, 1, 1, 4]}, null, null, 28, false, [], false, 0, [], null, 0, 1744378162.6734092, 0, {}]
[{"0": [1, 1, 0, 0, 36, 30, 0, 2, 3, 2, 3, 1, 1, 0, 0, 0, 1]}, null, null, 29, false, [], false, 0, [], null, 0, 1744378162.8960674, 0, {}]
[{"0": [2, 3, 1, 0, 0, 2, 2, 3, 1, 32, 33, 26, 22, 27, 35, 4, 1]}, null, null, 30, false, [], false, 0, [], null, 0, 1744378163.1087656, 0, {}]
[{"0": [2, 1, 2, 0, 0, 1, 3, 26, 27, 2, 2, 0, 3, 1, 0, 2, 4]}, null, null, 30, false, [], false, 0, [], null, 0, 1744378163.3368256, 0, {}]
[{"0": [2, 1, 1, 3, 3, 3, 3, 29, 39, 28, 36, 3, 4, 0, 4, 0, 5]}, null, null, 31, false, [], false, 0, [], null, 0, 1744378163.5559597, 0, {}]
[{"0": [3, 3, 2, 0, 2, 1, 4, 30, 22, 3, 2, 2, 1, 2, 1, 2, 0]}, null, null, 31, false, [], false, 0, [], null, 0, 1744378163.7640314, 0, {}]
[{"0": [3, 1, 0, 1, 1, 0, 2, 32, 30, 37, 24, 21, 0, 1, 1, 2, 3]}, null, null, 32, false, [], false, 0, [], null, 0, 1744378163.9881582, 0, {}]
[{"0": [1, 1, 3, 2, 1, 1, 23, 28, 25, 19, 32, 35, 29, 27, 29, 0, 6]}, null, null, 33, false, [], false, 0, [], null, 0, 1744378164.1976156, 0, {}]
[{"0": [1, 0, 2, 2, 2, 3, 4, 5, 2, 1, 3, 3, 1, 3, 2, 3, 30]}, null, null, 33, false, [], false, 0, [], null, 0, 1744378164.4213893, 0, {}]
[{"0": [3, 1, 3, 2, 2, 4, 3, 2, 2, 22, 36, 38, 24, 29, 1, 3, 2]}, null, null, 34, false, [], false, 0, [], null, 0, 1744378164.632828, 0, {}]
[{"0": [2, 3, 0, 1, 2, 3, 1, 2, 4, 1, 3, 3, 3, 2, 26, 39, 26]}, null, null, 34, false, [], false, 0, [], null, 0, 1744378164.8435757, 0, {}]
[{"0": [1, 1, 2, 1, 29, 32, 35, 30, 31, 28, 32, 35, 26, 32, 31, 33, 26]}, null, null, 35, false, [], false, 0, [], null, 0, 1744378165.0587866, 0, {}]
[{"0": [7, 1, 0, 1, 5, 1, 2, 2, 2, 1, 4, 0, 1, 4, 1, 1, 4]}, null, null, 36, false, [], false, 0, [], null, 0, 1744378165.2825375, 0, {}]
[{"0": [23, 34, 33, 33, 31, 29, 27, 37, 33, 21, 26, 33, 27, 1, 2, 1, 2]}, null, null, 36, false, [], false, 0, [], null, 0, 1744378165.5036273, 0, {}]
[{"0": [6, 2, 3, 1, 3, 2, 3, 0, 1, 3, 3, 2, 2, 1, 0, 2, 31]}, null, null, 37, false, [], false, 0, [], null, 0, 1744378165.7069342, 0, {}]
[{"0": [1, 2, 1, 2, 2, 26, 34, 4, 5, 4, 2, 1, 1, 4, 1, 0, 3]}, null, null, 37, false, [], false, 0, [], null, 0, 1744378165.92444, 0, {}]
[{"0": [4, 5, 3, 2, 3, 33, 29, 19, 23, 3, 2, 2, 2, 3, 2, 6, 2]}, null, null, 38, false, [], false, 0, [], null, 0, 1744378166.1433392, 0, {}]
[{"0": [5, 1, 3, 3, 2, 1, 2, 1, 3, 2, 0, 31, 22, 1, 1, 4, 2]}, null, null, 39, false, [], false, 0, [], null, 0, 1744378166.3590844, 0, {}]
[{"0": [1, 1, 2, 4, 1, 2, 2, 4, 4, 2, 1, 1, 2, 2, 1, 1, 39]}, null, null, 39, false, [], false, 0, [], null, 0, 1744378166.5777717, 0, {}]
[{"0": [2, 3, 2, 2, 3, 1, 3, 34, 29, 36, 39, 32, 27, 33, 2, 1, 0]}, null, null, 40, false, [], false, 0, [], null, 0, 1744378166.7951462, 0, {}]
[{"0": [3, 7, 2, 1, 4, 5, 2, 1, 34, 23, 27, 25, 2, 3, 0, 1, 3]}, null, null, 40, false, [], false, 0, [], null, 0, 1744378167.005211, 0, {}]
[{"0": [3, 1, 2, 1, 2, 2, 0, 3, 2, 1, 4, 1, 38, 37, 36, 1, 4]}, null, null, 41, false, [], false, 0, [], null, 0, 1744378167.2254755, 0, {}]
[{"0": [4, 3, 1, 0, 0, 2, 2, 3, 3, 2, 2, 0, 33, 29, 39, 33, 17]}, null, null, 42, false, [], false, 0, [], null, 0, 1744378167.4476576, 0, {}]
[{"0": [1, 3, 0, 3, 3, 1, 2, 1, 5, 27, 3, 2, 2, 2, 3, 1, 1]}, null, null, 42, false, [], false, 0, [], null, 0, 1744378167.6712964, 0, {}]
[{"0": [1, 6, 3, 37, 1, 2, 0, 0, 1, 3, 2, 4, 1, 3, 2, 4, 2]}, null, null, 43, false, [], false, 0, [], null, 0, 1744378167.8790774, 0, {}]
[{"0": [4, 0, 3, 1, 1, 39, 0, 1, 3, 1, 2, 1, 1, 1, 3, 1, 0]}, null, null, 43, false, [], false, 0, [], null, 0, 1744378168.1073236, 0, {}]
[{"0": [34, 33, 3, 0, 1, 0, 0, 1, 5, 2, 1, 0, 2, 1, 2, 4, 1]}, null, null, 44, false, [], false, 0, [], null, 0, 1744378168.3158338, 0, {}]
[{"0": [3, 1, 2, 2, 32, 28, 24, 22, 24, 32, 2, 2, 3, 3, 2, 3, 4]}, null, null, 45, false, [], false, 0, [], null, 0, 1744378168.5427778, 0, {}]
[{"0": [5, 1, 2, 5, 1, 0, 27, 23, 27, 24, 24, 3, 3, 1, 2, 1, 1]}, null, null, 45, false, [], false, 0, [], null, 0, 1744378168.7395306, 0, {}]
[{"0": [1, 2, 0, 0, 1, 2, 1, 2, 3, 0, 3, 3, 3, 1, 1, 6, 3]}, null, null, 46, false, [], false, 0, [], null, 0, 1744378168.9634535, 0, {}]
[{"0": [1, 1, 0, 0, 2, 0, 0, 2, 3, 3, 3, 2, 0, 2, 4, 1, 3]}, null, null, 46, false, [], false, 0, [], null, 0, 1744378169.190803, 0, {}]
[{"0": [37, 28, 4, 0, 4, 6, 1, 2, 1, 1, 3, 5, 2, 1, 3, 1, 1]}, null, null, 47, false, [], false, 0, [], null, 0, 1744378169.3973932, 0, {}]
[{"0": [1, 2, 3, 3, 2, 3, 2, 0, 1, 1, 2, 2, 2, 4, 1, 26, 29]}, null, null, 48, false, [], false, 0, [], null, 0, 1744378169.6160417, 0, {}]
[{"0": [2, 1, 3, 2, 3, 3, 2, 1, 28, 27, 27, 32, 25, 32, 22, 27, 26]}, null, null, 48, false, [], false, 0, [], null, 0, 1744378169.8318598, 0, {}]
[{"0": [2, 1, 4, 1, 2, 3, 2, 3, 5, 1, 0, 1, 1, 30, 27, 26, 27]}, null, null, 49, false, [], false, 0, [], null, 0, 1744378170.0570066, 0, {}]
[{"0": [1, 4, 1, 2, 3, 23, 30, 28, 37, 30, 26, 27, 1, 2, 0, 1, 2]}, null, null, 49, false, [], false, 0, [], null, 0, 1744378170.2710376, 0, {}]
[{"0": [3, 0, 1, 2, 28, 1, 4, 2, 0, 0, 4, 2, 5, 2, 3, 0, 0]}, null, null, 50, false, [], false, 0, [], null, 0, 1744378170.486255, 0, {}]
[{"0": [0, 1, 2, 3, 0, 30, 30, 26, 25, 0, 1, 2, 0, 0, 1, 3, 3]}, null, null, 51, false, [], false, 0, [], null, 0, 1744378170.702514, 0, {}]
[{"0": [4, 1, 3, 1, 2, 0, 3, 1, 1, 1, 1, 1, 0, 4, 1, 3, 2]}, null, null, 51, false, [], false, 0, [], null, 0, 1744378170.9179926, 0, {}]
[{"0": [0, 0, 2, 2, 0, 26, 0, 3, 1, 2, 3, 5, 2, 1, 2, 2, 2]}, null, null, 52, false, [], false, 0, [], null, 0, 1744378171.1233618, 0, {}]
[{"0": [1, 2, 25, 32, 29, 23, 33, 21, 29, 33, 35, 25, 2, 2, 0, 3, 1]}, null, null, 52, false, [], false, 0, [], null, 0, 1744378171.3354359, 0, {}]
[{"0": [4, 3, 3, 1, 0, 1, 3, 36, 23, 27, 26, 2, 1, 1, 1, 1, 1]}, null, null, 53, false, [], false, 0, [], null, 0, 1744378171.564525, 0, {}]
[{"0": [1, 1, 4, 0, 4, 2, 2, 3, 3, 0, 3, 3, 4, 3, 32, 38, 28]}, null, null, 54, false, [], false, 0, [], null, 0, 1744378171.768702, 0, {}]
[{"0": [3, 1, 1, 2, 0, 1, 1, 0, 2, 2, 1, 3, 0, 28, 1, 1, 2]}, null, null, 54, false, [], false, 0, [], null, 0, 1744378171.999057, 0, {}]
[{"0": [1, 0, 30, 2, 4, 1, 1, 0, 1, 5, 1, 1, 1, 2, 1, 4, 0]}, null, null, 55, false, [], false, 0, [], null, 0, 1744378172.2173038, 0, {}]
[{"0": [0, 1, 0, 0, 2, 2, 0, 3, 25, 22, 19, 23, 35, 0, 1, 5, 3]}, null, null, 55, false, [], false, 0, [], null, 0, 1744378172.4189036, 0, {}]
[{"0": [3, 2, 1, 1, 1, 3, 4, 1, 2, 3, 2, 0, 2, 4, 28, 3, 2]}, null, null, 56, false, [], false, 0, [], null, 0, 1744378172.6384206, 0, {}]
[{"0": [32, 1, 1, 2, 3, 2, 2, 2, 1, 1, 2, 0, 2, 4, 5, 1, 2]}, null, null, 57, false, [], false, 0, [], null, 0, 1744378172.8645656, 0, {}]
[{"0": [26, 25, 20, 1, 2, 7, 1, 1, 1, 2, 1, 1, 3, 4, 1, 2, 1]}, null, null, 57, false, [], false, 0, [], null, 0, 1744378173.0728133, 0, {}]
[{"0": [30, 26, 2, 0, 1, 2, 1, 1, 2, 4, 0, 2, 2, 1, 1, 2, 4]}, null, null, 58, false, [], false, 0, [], null, 0, 1744378173.2979312, 0, {}]
[{"0": [2, 0, 1, 1, 0, 2, 1, 2, 1, 2, 2, 2, 3, 2, 4, 2, 0]}, null, null, 58, false, [], false, 0, [], null, 0, 1744378173.5064366, 0, {}]
[{"0": [2, 1, 0, 0, 3, 28, 31, 37, 25, 33, 2, 2, 3, 2, 0, 2, 1]}, null, null, 59, false, [], false, 0, [], null, 0, 1744378173.7264757, 0, {}]
[{"0": [0, 2, 2, 2, 5, 3, 2, 0, 2, 1, 0, 3, 3, 1, 2, 22, 28]}, null, null, 60, false, [], false, 0, [], null, 0, 1744378173.9499617, 0, {}]
[{"0": [2, 1, 2, 28, 36, 20, 24, 26, 28, 29, 27, 0, 2, 2, 1, 4, 2]}, null, null, 60, false, [], false, 0, [], null, 0, 1744378174.1771302, 0, {}]
[{"0": [1, 3, 3, 0, 1, 2, 0, 1, 2, 0, 3, 1, 2, 2, 27, 18, 4]}, null, null, 61, false, [], false, 0, [], null, 0, 1744378174.3905556, 0, {}]
[{"0": [5, 0, 1, 25, 0, 3, 2, 1, 5, 4, 3, 2, 4, 3, 3, 0, 0]}, null, null, 61, false, [], false, 0, [], null, 0, 1744378174.604518, 0, {}]
[{"0": [0, 1, 2, 29, 2, 2, 4, 3, 4, 3, 1, 1, 2, 2, 3, 0, 1]}, null, null, 62, false, [], false, 0, [], null, 0, 1744378174.8106976, 0, {}]
[{"0": [1, 1, 1, 2, 4, 2, 1, 1, 5, 2, 3, 1, 2, 1, 5, 1, 25]}, null, null, 63, false, [], false, 0, [], null, 0, 1744378175.0326385, 0, {}]
[{"0": [2, 2, 5, 2, 2, 3, 0, 1, 1, 0, 3, 2, 32, 37, 24, 23, 25]}, null, null, 63, false, [], false, 0, [], null, 0, 1744378175.2514222, 0, {}]
[{"0": [0, 4, 2, 1, 2, 3, 2, 2, 2, 1, 1, 2, 1, 0, 2, 24, 31]}, null, null, 64, false, [], false, 0, [], null, 0, 1744378175.4576497, 0, {}]
[{"0": [2, 2, 3, 1, 0, 0, 1, 1, 1, 0, 29, 3, 1, 1, 5, 2, 1]}, null, null, 64, false, [], false, 0, [], null, 0, 1744378175.6804173, 0, {}]
[{"0": [1, 2, 24, 28, 22, 27, 31, 30, 27, 24, 30, 30, 26, 25, 37, 37, 32]}, null, null, 65, false, [], false, 0, [], null, 0, 1744378175.8952012, 0, {}]
[{"0": [0, 2, 4, 1, 4, 27, 1, 0, 3, 1, 2, 2, 2, 1, 2, 1, 2]}, null, null, 66, false, [], false, 0, [], null, 0, 1744378176.1044962, 0, {}]
[{"0": [1, 2, 0, 2, 1, 0, 2, 3, 1, 2, 23, 29, 35, 0, 2, 1, 2]}, null, null, 66, false, [], false, 0, [], null, 0, 1744378176.336742, 0, {}]
[{"0": [0, 2, 0, 2, 6, 21, 1, 0, 1, 3, 1, 6, 3, 3, 2, 1, 0]}, null, null, 67, false, [], false, 0, [], null, 0, 1744378176.5540428, 0, {}]
[{"0": [1, 2, 2, 1, 29, 24, 24, 1, 0, 4, 1, 1, 2, 2, 1, 2, 0]}, null, null, 67, false, [], false, 0, [], null, 0, 1744378176.7552993, 0, {}]
[{"0": [4, 6, 3, 0, 1, 2, 1, 2, 1, 3, 24, 36, 22, 21, 26, 27, 2]}, null, null, 68, false, [], false, 0, [], null, 0, 1744378176.9737797, 0, {}]
[{"0": [6, 3, 1, 0, 1, 1, 0, 4, 6, 2, 2, 21, 25, 23, 27, 34, 35]}, null, null, 69, false, [], false, 0, [], null, 0, 1744378177.1963406, 0, {}]
[{"0": [0, 1, 3, 0, 0, 2, 4, 38, 1, 1, 2, 2, 1, 0, 1, 3, 2]}, null, null, 69, false, [], false, 0, [], null, 0, 1744378177.403572, 0, {}]
[{"0": [1, 3, 1, 3, 0, 1, 1, 0, 0, 4, 1, 3, 4, 1, 4, 0, 2]}, null, null, 70, false, [], false, 0, [], null, 0, 1744378177.6236508, 0, {}]
[{"0": [1, 3, 1, 2, 2, 4, 1, 6, 4, 3, 0, 3, 3, 2, 1, 2, 0]}, null, null, 70, false, [], false, 0, [], null, 0, 1744378177.8478117, 0, {}]
[{"0": [2, 2, 3, 1, 0, 1, 2, 3, 2, 2, 1, 1, 2, 2, 2, 29, 28]}, null, null, 71, false, [], false, 0, [], null, 0, 1744378178.054213, 0, {}]
[{"0": [3, 0, 2, 29, 4, 3, 1, 1, 1, 1, 1, 1, 1, 1, 5, 2, 1]}, null, null, 72, false, [], false, 0, [], null, 0, 1744378178.2932487, 0, {}]
[{"0": [27, 24, 34, 31, 15, 25, 18, 28, 23, 3, 2, 2, 1, 3, 2, 2, 5]}, null, null, 72, false, [], false, 0, [], null, 0, 1744378178.4926703, 0, {}]
[{"0": [3, 0, 3, 2, 1, 3, 3, 2, 3, 2, 4, 34, 28, 22, 24, 34, 29]}, null, null, 73, false, [], false, 0, [], null, 0, 1744378178.7185605, 0, {}]
[{"0": [3, 1, 2, 1, 28, 14, 24, 29, 26, 28, 0, 1, 1, 1, 4, 1, 0]}, null, null, 73, false, [], false, 0, [], null, 0, 1744378178.9371493, 0, {}]
[{"0": [1, 1, 1, 2, 4, 1, 1, 2, 1, 4, 32, 25, 27, 0, 3, 3, 3]}, null, null, 74, false, [], false, 0, [], null, 0, 1744378179.1539352, 0, {}]
[{"0": [2, 3, 3, 25, 1, 2, 1, 1, 2, 0, 5, 1, 1, 1, 2, 0, 1]}, null, null, 75, false, [], false, 0, [], null, 0, 1744378179.3526456, 0, {}]
[{"0": [0, 4, 0, 2, 1, 3, 1, 3, 0, 2, 29, 1, 3, 0, 7, 1, 1]}, null, null, 75, false, [], false, 0, [], null, 0, 1744378179.5739589, 0, {}]
[{"0": [2, 1, 4, 1, 3, 2, 3, 1, 1, 1, 2, 4, 2, 31, 25, 32, 25]}, null, null, 76, false, [], false, 0, [], null, 0, 1744378179.7996252, 0, {}]
[{"0": [25, 3, 3, 1, 4, 2, 2, 1, 1, 0, 4, 1, 0, 1, 1, 2, 1]}, null, null, 77, false, [], false, 0, [], null, 0, 1744378180.0028806, 0, {}]
[{"0": [1, 1, 3, 0, 0, 2, 25, 24, 25, 31, 24, 2, 1, 1, 3, 2, 2]}, null, null, 77, false, [], false, 0, [], null, 0, 1744378180.22922, 0, {}]
[{"0": [1, 1, 3, 5, 3, 2, 2, 0, 3, 2, 2, 38, 20, 14, 22, 20, 36]}, null, null, 78, false, [], false, 0, [], null, 0, 1744378180.4472687, 0, {}]
[{"0": [2, 3, 3, 0, 4, 0, 2, 2, 3, 1, 2, 0, 1, 41, 4, 0, 1]}, null, null, 78, false, [], false, 0, [], null, 0, 1744378180.65143, 0, {}]
[{"0": [2, 3, 1, 2, 24, 26, 1, 1, 6, 1, 2, 0, 3, 1, 1, 5, 3]}, null, null, 79, false, [], false, 0, [], null, 0, 1744378180.874822, 0, {}]
[{"0": [1, 2, 1, 2, 2, 30, 38, 26, 2, 1, 6, 5, 3, 3, 2, 0, 0]}, null, null, 80, false, [], false, 0, [], null, 0, 1744378181.0987136, 0, {}]
[{"0": [1, 3, 5, 3, 3, 1, 1, 0, 0, 0, 0, 1, 1, 3, 23, 28, 37]}, null, null, 80, false, [], false, 0, [], null, 0, 1744378181.3101077, 0, {}]
[{"0": [1, 27, 25, 27, 27, 25, 4, 3, 3, 0, 4, 2, 2, 5, 1, 2, 2]}, null, null, 81, false, [], false, 0, [], null, 0, 1744378181.5269768, 0, {}]
[{"0": [2, 1, 1, 1, 1, 1, 2, 1, 0, 4, 1, 0, 1, 38, 29, 37, 21]}, null, null, 81, false, [], false, 0, [], null, 0, 1744378181.7433057, 0, {}]
[{"0": [1, 4, 1, 1, 0, 2, 3, 2, 0, 23, 22, 25, 2, 1, 0, 3, 1]}, null, null, 82, false, [], false, 0, [], null, 0, 1744378181.9591541, 0, {}]
[{"0": [2, 3, 2, 2, 1, 1, 2, 3, 1, 1, 0, 2, 0, 2, 1, 27, 24]}, null, null, 83, false, [], false, 0, [], null, 0, 1744378182.178771, 0, {}]
[{"0": [2, 2, 3, 0, 2, 1, 3, 3, 0, 1, 1, 0, 28, 28, 35, 32, 0]}, null, null, 83, false, [], false, 0, [], null, 0, 1744378182.3920457, 0, {}]
[{"0": [1, 1, 1, 29, 25, 5, 1, 3, 3, 1, 4, 2, 1, 1, 2, 5, 3]}, null, null, 84, false, [], false, 0, [], null, 0, 1744378182.6186485, 0, {}]
[{"0": [1, 2, 3, 36, 34, 28, 33, 31, 31, 36, 3, 1, 3, 0, 2, 2, 1]}, null, null, 84, false, [], false, 0, [], null, 0, 1744378182.8247945, 0, {}]
[{"0": [1, 2, 0, 1, 2, 3, 1, 4, 2, 2, 1, 23, 32, 0, 1, 2, 0]}, null, null, 85, false, [], false, 0, [], null, 0, 1744378183.0497384, 0, {}]
[{"0": [1, 1, 1, 1, 2, 0, 1, 2, 2, 1, 0, 30, 1, 2, 1, 2, 3]}, null, null, 86, false, [], false, 0, [], null, 0, 1744378183.2679927, 0, {}]
[{"0": [5, 2, 33, 32, 1, 1, 2, 4, 0, 0, 1, 1, 2, 1, 1, 2, 2]}, null, null, 86, false, [], false, 0, [], null, 0, 1744378183.479269, 0, {}]
[{"0": [5, 3, 0, 2, 2, 4, 1, 0, 3, 1, 1, 1, 1, 1, 0, 3, 2]}, null, null, 87, false, [], false, 0, [], null, 0, 1744378183.688905, 0, {}]
[{"0": [1, 2, 2, 2, 5, 1, 1, 0, 0, 2, 45, 28, 27, 1, 1, 1, 1]}, null, null, 87, false, [], false, 0, [], null, 0, 1744378183.9132445, 0, {}]
[{"0": [1, 4, 1, 3, 2, 2, 2, 1, 2, 1, 18, 34, 31, 25, 41, 32, 23]}, null, null, 88, false, [], false, 0, [], null, 0, 1744378184.1303656, 0, {}]
[{"0": [1, 0, 2, 30, 24, 30, 35, 4, 2, 0, 0, 1, 0, 7, 1, 7, 3]}, null, null, 89, false, [], false, 0, [], null, 0, 1744378184.3434863, 0, {}]
[{"0": [1, 2, 2, 1, 1, 1, 1, 3, 2, 1, 3, 1, 5, 25, 31, 28, 23]}, null, null, 89, false, [], false, 0, [], null, 0, 1744378184.5637507, 0, {}]
[{"0": [1, 2, 1, 0, 2, 3, 3, 1, 1, 1, 1, 2, 3, 24, 29, 1, 0]}, null, null, 90, false, [], false, 0, [], null, 0, 1744378184.7766368, 0, {}]
[{"0": [0, 1, 5, 4, 3, 2, 4, 0, 4, 0, 2, 2, 2, 1, 24, 24, 25]}, null, null, 90, false, [], false, 0, [], null, 0, 1744378184.995071, 0, {}]
[{"0": [3, 1, 2, 2, 1, 2, 1, 2, 30, 27, 31, 17, 16, 13, 29, 26, 22]}, null, null, 91, false, [], false, 0, [], null, 0, 1744378185.2259517, 0, {}]
[{"0": [1, 3, 38, 36, 19, 3, 2, 3, 0, 2, 4, 1, 4, 2, 0, 0, 3]}, null, null, 92, false, [], false, 0, [], null, 0, 1744378185.4312534, 0, {}]
[{"0": [0, 2, 0, 0, 1, 2, 3, 1, 2, 1, 5, 0, 22, 19, 29, 30, 17]}, null, null, 92, false, [], false, 0, [], null, 0, 1744378185.64639, 0, {}]
[{"0": [1, 1, 0, 0, 0, 4, 1, 2, 0, 3, 31, 29, 38, 28, 32, 27, 39]}, null, null, 93, false, [], false, 0, [], null, 0, 1744378185.8627827, 0, {}]
[{"0": [5, 6, 2, 3, 1, 2, 1, 2, 5, 3, 0, 2, 2, 2, 33, 2, 1]}, null, null, 93, false, [], false, 0, [], null, 0, 1744378186.0854142, 0, {}]
[{"0": [0, 2, 1, 2, 1, 1, 30, 3, 2, 3, 0, 2, 4, 3, 2, 0, 1]}, null, null, 94, false, [], false, 0, [], null, 0, 1744378186.2928693, 0, {}]
[{"0": [2, 1, 1, 1, 3, 1, 3, 2, 0, 29, 25, 31, 22, 28, 18, 1, 0]}, null, null, 95, false, [], false, 0, [], null, 0, 1744378186.515809, 0, {}]
[{"0": [3, 2, 2, 3, 2, 1, 4, 1, 0, 2, 2, 1, 1, 3, 1, 2, 3]}, null, null, 95, false, [], false, 0, [], null, 0, 1744378186.7266145, 0, {}]
[{"0": [0, 2, 1, 2, 27, 29, 24, 19, 28, 34, 25, 21, 29, 30, 30, 29, 27]}, null, null, 96, false, [], false, 0, [], null, 0, 1744378186.953052, 0, {}]
[{"0": [2, 2, 2, 2, 2, 1, 0, 3, 1, 0, 2, 0, 1, 27, 40, 1, 1]}, null, null, 96, false, [], false, 0, [], null, 0, 1744378187.1634302, 0, {}]
[{"0": [3, 1, 2, 1, 0, 1, 1, 3, 1, 4, 1, 3, 1, 3, 26, 29, 22]}, null, null, 97, false, [], false, 0, [], null, 0, 1744378187.3831062, 0, {}]
[{"0": [2, 2, 1, 4, 3, 1, 0, 0, 1, 3, 27, 24, 30, 32, 2, 2, 2]}, null, null, 98, false, [], false, 0, [], null, 0, 1744378187.5937703, 0, {}]
[{"0": [1, 0, 2, 3, 0, 5, 1, 1, 1, 0, 6, 2, 23, 30, 31, 16, 24]}, null, null, 98, false, [], false, 0, [], null, 0, 1744378187.8175929, 0, {}]
[{"0": [2, 2, 0, 0, 3, 0, 1, 2, 28, 28, 25, 23, 40, 29, 33, 17, 26]}, null, null, 99, false, [], false, 0, [], null, 0, 1744378188.035402, 0, {}]
[{"0": [1, 0, 3, 2, 1, 25, 34, 25, 34, 3, 3, 3, 6, 3, 1, 1, 2]}, null, null, 99, false, [], false, 0, [], null, 0, 1744378188.2555702, 0, {}]
[{"0": [0, 0, 2, 3, 2, 1, 3, 1, 25, 27, 24, 27, 24, 30, 27, 32, 36]}, null, null, 100, false, [], false, 0, [], null, 0, 1744378188.449546, 0, {}]
[{"0": [4, 3, 2, 24, 28, 27, 29, 29, 4, 0, 1, 1, 2, 3, 1, 3, 1]}, null, null, 101, false, [], false, 0, [], null, 0, 1744378188.6798272, 0, {}]
[{"0": [1, 1, 2, 2, 3, 3, 18, 19, 28, 27, 27, 2, 2, 1, 3, 1, 1]}, null, null, 101, false, [], false, 0, [], null, 0, 1744378188.9016511, 0, {}]
[{"0": [2, 4, 2, 1, 1, 0, 3, 2, 0, 3, 1, 2, 2, 3, 2, 35, 26]}, null, null, 102, false, [], false, 0, [], null, 0, 1744378189.0985334, 0, {}]
[{"0": [2, 3, 1, 1, 2, 1, 2, 3, 2, 0, 1, 2, 3, 0, 31, 30, 18]}, null, null, 102, false, [], false, 0, [], null, 0, 1744378189.3345304, 0, {}]
[{"0": [3, 2, 3, 1, 2, 0, 24, 26, 2, 1, 1, 3, 1, 1, 0, 3, 1]}, null, null, 103, false, [], false, 0, [], null, 0, 1744378189.533231, 0, {}]
[{"0": [5, 1, 0, 0, 3, 1, 1, 1, 4, 4, 4, 2, 1, 1, 3, 2, 2]}, null, null, 104, false, [], false, 0, [], null, 0, 1744378189.758369, 0, {}]
[{"0": [0, 1, 2, 5, 0, 3, 0, 2, 2, 1, 4, 21, 15, 1, 3, 2, 5]}, null, null, 104, false, [], false, 0, [], null, 0, 1744378189.9837587, 0, {}]
[{"0": [1, 2, 3, 5, 1, 0, 1, 2, 1, 2, 0, 23, 24, 1, 2, 3, 2]}, null, null, 105, false, [], false, 0, [], null, 0, 1744378190.1969721, 0, {}]
[{"0": [1, 1, 1, 1, 3, 1, 1, 1, 4, 2, 1, 0, 3, 28, 27, 0, 2]}, null, null, 105, false, [], false, 0, [], null, 0, 1744378190.4179387, 0, {}]
[{"0": [0, 2, 2, 3, 2, 1, 2, 2, 0, 1, 2, 4, 1, 1, 32, 23, 2]}, null, null, 106, false, [], false, 0, [], null, 0, 1744378190.6303234, 0, {}]
[{"0": [1, 1, 1, 0, 7, 2, 1, 2, 3, 2, 1, 2, 3, 1, 2, 1, 4]}, null, null, 107, false, [], false, 0, [], null, 0, 1744378190.8432937, 0, {}]
[{"0": [1, 1, 0, 2, 2, 2, 7, 3, 1, 28, 34, 26, 24, 30, 26, 16, 20]}, null, null, 107, false, [], false, 0, [], null, 0, 1744378191.057834, 0, {}]
[{"0": [5, 4, 2, 3, 4, 1, 2, 1, 2, 6, 2, 27, 2, 2, 2, 2, 2]}, null, null, 108, false, [], false, 0, [], null, 0, 1744378191.2868724, 0, {}]
[{"0": [3, 0, 3, 5, 34, 29, 4, 0, 0, 2, 0, 2, 1, 3, 1, 2, 3]}, null, null, 108, false, [], false, 0, [], null, 0, 1744378191.4903598, 0, {}]
[{"0": [2, 2, 2, 0, 2, 2, 2, 1, 2, 28, 22, 1, 3, 1, 0, 2, 1]}, null, null, 109, false, [], false, 0, [], null, 0, 1744378191.703501, 0, {}]
[{"0": [23, 21, 24, 31, 39, 25, 23, 21, 31, 31, 26, 28, 35, 19, 21, 4, 3]}, null, null, 110, false, [], false, 0, [], null, 0, 1744378191.92506, 0, {}]
[{"0": [0, 3, 2, 1, 2, 19, 1, 1, 3, 2, 4, 7, 1, 2, 1, 0, 3]}, null, null, 110, false, [], false, 0, [], null, 0, 1744378192.1490786, 0, {}]
[{"0": [2, 2, 4, 0, 1, 2, 0, 3, 5, 1, 3, 3, 2, 2, 2, 2, 1]}, null, null, 111, false, [], false, 0, [], null, 0, 1744378192.3666427, 0, {}]
[{"0": [1, 3, 3, 0, 1, 24, 0, 2, 1, 2, 3, 0, 3, 1, 2, 1, 3]}, null, null, 111, false, [], false, 0, [], null, 0, 1744378192.5783687, 0, {}]
[{"0": [0, 1, 1, 0, 0, 1, 32, 26, 27, 39, 42, 27, 28, 36, 3, 0, 1]}, null, null, 112, false, [], false, 0, [], null, 0, 1744378192.793845, 0, {}]
[{"0": [4, 2, 2, 2, 2, 3, 26, 29, 3, 0, 3, 0, 1, 1, 3, 0, 2]}, null, null, 113, false, [], false, 0, [], null, 0, 1744378193.002798, 0, {}]
[{"0": [3, 2, 2, 24, 22, 20, 25, 21, 3, 1, 1, 5, 2, 2, 1, 3, 5]}, null, null, 113, false, [], false, 0, [], null, 0, 1744378193.217418, 0, {}]
[{"0": [2, 3, 1, 4, 2, 3, 2, 2, 1, 0, 2, 2, 32, 36, 24, 25, 25]}, null, null, 114, false, [], false, 0, [], null, 0, 1744378193.4405556, 0, {}]
[{"0": [0, 2, 1, 3, 0, 2, 5, 2, 5, 1, 2, 2, 24, 30, 33, 33, 28]}, null, null, 114, false, [], false, 0, [], null, 0, 1744378193.655971, 0, {}]
[{"0": [3, 1, 27, 27, 20, 19, 38, 32, 36, 32, 26, 1, 1, 2, 2, 2, 0]}, null, null, 115, false, [], false, 0, [], null, 0, 1744378193.887742, 0, {}]
[{"0": [35, 33, 4, 1, 1, 0, 2, 3, 2, 1, 2, 1, 1, 2, 0, 2, 6]}, null, null, 116, false, [], false, 0, [], null, 0, 1744378194.08689, 0, {}]
[{"0": [0, 0, 2, 1, 1, 3, 3, 4, 1, 0, 0, 38, 2, 2, 0, 2, 0]}, null, null, 116, false, [], false, 0, [], null, 0, 1744378194.3054335, 0, {}]
[{"0": [3, 0, 30, 32, 35, 3, 1, 1, 5, 2, 1, 2, 2, 3, 2, 2, 0]}, null, null, 117, false, [], false, 0, [], null, 0, 1744378194.5234077, 0, {}]
[{"0": [2, 0, 3, 0, 3, 0, 0, 3, 4, 3, 3, 2, 1, 1, 21, 54, 1]}, null, null, 117, false, [], false, 0, [], null, 0, 1744378194.741978, 0, {}]
[{"0": [2, 1, 5, 4, 2, 2, 2, 1, 4, 3, 1, 4, 2, 2, 1, 1, 0]}, null, null, 118, false, [], false, 0, [], null, 0, 1744378194.9658062, 0, {}]
[{"0": [1, 4, 3, 0, 2, 2, 3, 0, 1, 3, 2, 27, 2, 2, 1, 2, 1]}, null, null, 119, false, [], false, 0, [], null, 0, 1744378195.1766772, 0, {}]
[{"0": [2, 3, 2, 1, 0, 2, 2, 0, 2, 4, 28, 24, 33, 27, 25, 33, 30]}, null, null, 119, false, [], false, 0, [], null, 0, 1744378195.4021847, 0, {}]
[{"0": [3, 2, 2, 1, 3, 0, 2, 3, 1, 3, 1, 3, 26, 0, 1, 5, 3]}, null, null, 120, false, [], false, 0, [], null, 0, 1744378195.6064997, 0, {}]
[{"0": [3, 1, 1, 2, 3, 3, 0, 3, 0, 2, 2, 0, 4, 2, 2, 2, 47]}, null, null, 120, false, [], false, 0, [], null, 0, 1744378195.8289309, 0, {}]
[{"0": [2, 2, 2, 3, 3, 2, 5, 3, 4, 0, 3, 4, 27, 2, 2, 2, 1]}, null, null, 121, false, [], false, 0, [], null, 0, 1744378196.0407102, 0, {}]
[{"0": [3, 3, 2, 2, 2, 3, 2, 2, 4, 0, 1, 2, 3, 2, 4, 37, 27]}, null, null, 122, false, [], false, 0, [], null, 0, 1744378196.262871, 0, {}]
[{"0": [3, 2, 0, 0, 1, 2, 1, 2, 2, 39, 2, 3, 1, 3, 2, 1, 1]}, null, null, 122, false, [], false, 0, [], null, 0, 1744378196.4883633, 0, {}]
[{"0": [2, 3, 1, 3, 0, 0, 1, 2, 2, 1, 5, 3, 2, 2, 5, 2, 4]}, null, null, 123, false, [], false, 0, [], null, 0, 1744378196.6833055, 0, {}]
[{"0": [6, 5, 1, 1, 2, 0, 0, 3, 3, 1, 1, 3, 1, 0, 1, 1, 25]}, null, null, 123, false, [], false, 0, [], null, 0, 1744378196.9078724, 0, {}]
[{"0": [3, 4, 4, 3, 1, 1, 2, 0, 2, 3, 0, 0, 1, 0, 0, 3, 2]}, null, null, 124, false, [], false, 0, [], null, 0, 1744378197.1291778, 0, {}]
[{"0": [26, 29, 30, 29, 29, 32, 21, 30, 28, 0, 0, 0, 1, 1, 2, 1, 3]}, null, null, 125, false, [], false, 0, [], null, 0, 1744378197.332917, 0, {}]
[{"0": [2, 1, 2, 3, 4, 5, 1, 1, 0, 2, 30, 28, 28, 25, 32, 27, 31]}, null, null, 125, false, [], false, 0, [], null, 0, 1744378197.5570211, 0, {}]
[{"0": [2, 2, 3, 1, 1, 2, 3, 5, 3, 1, 1, 0, 4, 1, 0, 1, 33]}, null, null, 126, false, [], false, 0, [], null, 0, 1744378197.772785, 0, {}]
[{"0": [0, 0, 2, 3, 3, 3, 3, 2, 1, 1, 1, 2, 1, 0, 3, 24, 31]}, null, null, 127, false, [], false, 0, [], null, 0, 1744378197.992768, 0, {}]
[{"0": [0, 2, 2, 3, 0, 1, 0, 1, 2, 0, 2, 26, 26, 27, 29, 23, 25]}, null, null, 127, false, [], false, 0, [], null, 0, 1744378198.2093406, 0, {}]
[{"0": [1, 3, 1, 0, 2, 0, 2, 1, 0, 2, 2, 21, 2, 1, 2, 0, 1]}, null, null, 128, false, [], false, 0, [], null, 0, 1744378198.4183276, 0, {}]
[{"0": [2, 2, 32, 1, 1, 2, 1, 2, 1, 0, 4, 2, 2, 2, 0, 2, 0]}, null, null, 128, false, [], false, 0, [], null, 0, 1744378198.6367626, 0, {}]
[{"0": [4, 0, 4, 0, 4, 1, 2, 2, 1, 31, 26, 25, 33, 1, 1, 4, 5]}, null, null, 129, false, [], false, 0, [], null, 0, 1744378198.8559256, 0, {}]
[{"0": [1, 2, 4, 4, 3, 3, 3, 1, 1, 3, 1, 30, 29, 31, 32, 30, 27]}, null, null, 130, false, [], false, 0, [], null, 0, 1744378199.0839438, 0, {}]
[{"0": [1, 0, 1, 2, 3, 37, 28, 24, 24, 24, 2, 2, 5, 0, 2, 4, 3]}, null, null, 130, false, [], false, 0, [], null, 0, 1744378199.2939687, 0, {}]
[{"0": [2, 2, 2, 0, 28, 1, 2, 1, 1, 19, 29, 16, 35, 23, 25, 2, 1]}, null, null, 131, false, [], false, 0, [], null, 0, 1744378199.5096502, 0, {}]
[{"0": [2, 1, 2, 1, 1, 3, 4, 4, 1, 1, 1, 4, 4, 4, 3, 3, 4]}, null, null, 131, false, [], false, 0, [], null, 0, 1744378199.720719, 0, {}]
[{"0": [2, 3, 3, 6, 1, 2, 0, 3, 2, 1, 28, 1, 3, 1, 2, 2, 2]}, null, null, 132, false, [], false, 0, [], null, 0, 1744378199.946909, 0, {}]
[{"0": [2, 0, 3, 0, 2, 20, 26, 27, 29, 35, 3, 0, 1, 4, 0, 1, 2]}, null, null, 133, false, [], false, 0, [], null, 0, 1744378200.1568975, 0, {}]
[{"0": [3, 2, 1, 2, 4, 2, 27, 4, 1, 2, 1, 1, 1, 3, 4, 0, 1]}, null, null, 133, false, [], false, 0, [], null, 0, 1744378200.3821492, 0, {}]
[{"0": [1, 2, 3, 4, 2, 2, 1, 2, 1, 2, 1, 1, 2, 0, 20, 28, 22]}, null, null, 134, false, [], false, 0, [], null, 0, 1744378200.5947936, 0, {}]
[{"0": [1, 3, 3, 0, 2, 1, 1, 1, 4, 3, 1, 2, 5, 1, 13, 16, 37]}, null, null, 134, false, [], false, 0, [], null, 0, 1744378200.8304656, 0, {}]
[{"0": [3, 4, 2, 1, 3, 3, 1, 27, 37, 0, 4, 1, 0, 1, 1, 0, 1]}, null, null, 135, false, [], false, 0, [], null, 0, 1744378201.018741, 0, {}]
[{"0": [2, 3, 2, 1, 2, 1, 4, 0, 4, 31, 27, 30, 1, 0, 1, 0, 4]}, null, null, 136, false, [], false, 0, [], null, 0, 1744378201.2352235, 0, {}]
[{"0": [2, 1, 1, 3, 2, 2, 0, 0, 2, 4, 23, 32, 19, 4, 2, 3, 0]}, null, null, 136, false, [], false, 0, [], null, 0, 1744378201.4691, 0, {}]
[{"0": [29, 0, 1, 1, 2, 2, 4, 1, 3, 1, 1, 1, 2, 1, 2, 3, 1]}, null, null, 137, false, [], false, 0, [], null, 0, 1744378201.6765668, 0, {}]
[{"0": [2, 3, 2, 1, 2, 2, 1, 3, 3, 0, 1, 27, 31, 3, 1, 2, 1]}, null, null, 137, false, [], false, 0, [], null, 0, 1744378201.8824692, 0, {}]
[{"0": [0, 0, 0, 22, 3, 1, 2, 0, 1, 2, 3, 1, 1, 1, 1, 0, 0]}, null, null, 138, false, [], false, 0, [], null, 0, 1744378202.1167479, 0, {}]
[{"0": [1, 7, 2, 3, 0, 1, 3, 3, 6, 1, 2, 1, 2, 2, 3, 0, 1]}, null, null, 139, false, [], false, 0, [], null, 0, 1744378202.3261056, 0, {}]
[{"0": [2, 3, 38, 2, 1, 2, 0, 4, 1, 2, 3, 1, 0, 1, 0, 2, 1]}, null, null, 139, false, [], false, 0, [], null, 0, 1744378202.5428445, 0, {}]
[{"0": [4, 0, 3, 0, 2, 0, 19, 2, 2, 1, 1, 1, 1, 4, 1, 3, 3]}, null, null, 140, false, [], false, 0, [], null, 0, 1744378202.7523322, 0, {}]
[{"0": [1, 3, 20, 31, 1, 5, 1, 0, 1, 4, 4, 3, 0, 0, 1, 1, 0]}, null, null, 140, false, [], false, 0, [], null, 0, 1744378202.9751434, 0, {}]
[{"0": [28, 0, 2, 2, 2, 0, 1, 0, 0, 1, 0, 0, 3, 3, 5, 6, 0]}, null, null, 141, false, [], false, 0, [], null, 0, 1744378203.1835284, 0, {}]
[{"0": [0, 1, 1, 1, 1, 3, 2, 0, 3, 0, 0, 3, 3, 1, 0, 33, 26]}, null, null, 142, false, [], false, 0, [], null, 0, 1744378203.3979566, 0, {}]
[{"0": [0, 3, 1, 2, 3, 1, 0, 3, 28, 29, 37, 29, 21, 35, 24, 37, 33]}, null, null, 142, false, [], false, 0, [], null, 0, 1744378203.6151347, 0, {}]
[{"0": [2, 1, 3, 3, 4, 1, 1, 3, 1, 2, 2, 1, 1, 3, 1, 1, 2]}, null, null, 143, false, [], false, 0, [], null, 0, 1744378203.8448396, 0, {}]
[{"0": [3, 0, 3, 0, 0, 0, 2, 3, 2, 2, 4, 1, 2, 31, 28, 18, 29]}, null, null, 143, false, [], false, 0, [], null, 0, 1744378204.0700626, 0, {}]
[{"0": [3, 2, 3, 2, 33, 2, 2, 4, 1, 2, 0, 3, 4, 3, 3, 2, 0]}, null, null, 144, false, [], false, 0, [], null, 0, 1744378204.28561, 0, {}]
[{"0": [0, 1, 2, 4, 3, 3, 2, 0, 0, 0, 0, 2, 4, 4, 25, 25, 24]}, null, null, 145, false, [], false, 0, [], null, 0, 1744378204.4921343, 0, {}]
[{"0": [1, 3, 1, 1, 4, 4, 0, 32, 1, 4, 0, 1, 3, 5, 0, 1, 2]}, null, null, 145, false, [], false, 0, [], null, 0, 1744378204.7020648, 0, {}]
[{"0": [32, 22, 33, 36, 22, 27, 26, 31, 32, 21, 31, 31, 1, 1, 0, 1, 3]}, null, null, 146, false, [], false, 0, [], null, 0, 1744378204.9283924, 0, {}]
[{"0": [0, 3, 0, 0, 1, 2, 1, 1, 1, 1, 1, 16, 24, 28, 34, 24, 19]}, null, null, 146, false, [], false, 0, [], null, 0, 1744378205.1430109, 0, {}]
[{"0": [2, 3, 1, 1, 40, 3, 2, 0, 1, 1, 0, 3, 2, 2, 1, 0, 2]}, null, null, 147, false, [], false, 0, [], null, 0, 1744378205.3623285, 0, {}]
[{"0": [1, 4, 2, 2, 1, 3, 3, 1, 2, 2, 3, 23, 39, 38, 31, 29, 30]}, null, null, 148, false, [], false, 0, [], null, 0, 1744378205.562933, 0, {}]
[{"0": [2, 2, 2, 4, 1, 0, 1, 4, 23, 34, 30, 6, 3, 1, 1, 2, 1]}, null, null, 148, false, [], false, 0, [], null, 0, 1744378205.794559, 0, {}]
[{"0": [3, 2, 2, 37, 31, 30, 31, 31, 36, 3, 0, 1, 1, 1, 2, 2, 1]}, null, null, 149, false, [], false, 0, [], null, 0, 1744378206.01333, 0, {}]
[{"0": [2, 2, 1, 3, 25, 31, 20, 27, 24, 16, 2, 4, 1, 1, 1, 2, 2]}, null, null, 149, false, [], false, 0, [], null, 0, 1744378206.2217963, 0, {}]
[{"0": [3, 3, 4, 0, 1, 0, 0, 2, 2, 2, 28, 24, 35, 28, 28, 34, 3]}, null, null, 150, true, [], false, 0, [], null, 0, 1744378206.45194, 0, {}]
