[{"0": [3, 1, 3, 0, 1, 0, 3, 4, 0, 2, 2, 2, 0, 1, 0, 2, 2]}, null, null, 0, false, [], false, 0, [], null, 0, 1744385200.5029514, 0, {}]
[{"0": [0, 2, 1, 2, 4, 3, 26, 1, 0, 1, 0, 2, 2, 1, 0, 2, 4]}, null, null, 1, false, [], false, 0, [], null, 0, 1744385200.7272286, 0, {}]
[{"0": [2, 2, 3, 1, 1, 2, 1, 2, 1, 4, 40, 20, 24, 25, 29, 28, 31]}, null, null, 1, false, [], false, 0, [], null, 0, 1744385200.941814, 0, {}]
[{"0": [3, 1, 4, 0, 2, 2, 3, 1, 21, 4, 4, 0, 3, 2, 2, 1, 4]}, null, null, 2, false, [], false, 0, [], null, 0, 1744385201.168854, 0, {}]
[{"0": [3, 1, 0, 1, 2, 1, 2, 33, 17, 18, 26, 0, 1, 1, 1, 2, 6]}, null, null, 2, false, [], false, 0, [], null, 0, 1744385201.3769724, 0, {}]
[{"0": [3, 2, 3, 2, 0, 32, 33, 39, 0, 5, 2, 0, 2, 1, 0, 0, 2]}, null, null, 3, false, [], false, 0, [], null, 0, 1744385201.5942266, 0, {}]
[{"0": [2, 3, 2, 4, 4, 0, 3, 1, 2, 5, 40, 35, 23, 36, 27, 19, 28]}, null, null, 4, false, [], false, 0, [], null, 0, 1744385201.8086605, 0, {}]
[{"0": [28, 24, 27, 2, 2, 1, 0, 1, 3, 1, 3, 1, 2, 1, 1, 2, 3]}, null, null, 4, false, [], false, 0, [], null, 0, 1744385202.0247207, 0, {}]
[{"0": [2, 0, 3, 2, 1, 1, 1, 1, 3, 0, 2, 1, 2, 1, 1, 37, 30]}, null, null, 5, false, [], false, 0, [], null, 0, 1744385202.241588, 0, {}]
[{"0": [1, 0, 2, 1, 3, 1, 2, 1, 2, 1, 2, 0, 1, 3, 0, 1, 0]}, null, null, 5, false, [], false, 0, [], null, 0, 1744385202.463971, 0, {}]
[{"0": [2, 2, 2, 2, 2, 0, 2, 4, 3, 1, 3, 4, 1, 2, 0, 15, 1]}, null, null, 6, false, [], false, 0, [], null, 0, 1744385202.6879575, 0, {}]
[{"0": [2, 1, 1, 1, 2, 2, 0, 0, 0, 2, 1, 1, 1, 4, 0, 4, 1]}, null, null, 7, false, [], false, 0, [], null, 0, 1744385202.906224, 0, {}]
[{"0": [1, 0, 1, 1, 2, 4, 4, 1, 2, 1, 3, 1, 3, 1, 1, 2, 29]}, null, null, 7, false, [], false, 0, [], null, 0, 1744385203.1117852, 0, {}]
[{"0": [1, 2, 0, 0, 4, 3, 0, 1, 3, 33, 28, 20, 2, 1, 5, 2, 1]}, null, null, 8, false, [], false, 0, [], null, 0, 1744385203.3248408, 0, {}]
[{"0": [0, 2, 3, 4, 1, 2, 22, 24, 17, 19, 3, 1, 0, 1, 0, 1, 0]}, null, null, 8, false, [], false, 0, [], null, 0, 1744385203.5427463, 0, {}]
[{"0": [1, 1, 1, 3, 1, 2, 5, 3, 2, 25, 31, 30, 30, 27, 25, 21, 3]}, null, null, 9, false, [], false, 0, [], null, 0, 1744385203.769648, 0, {}]
[{"0": [2, 1, 3, 3, 1, 2, 2, 24, 27, 28, 24, 25, 23, 4, 1, 1, 1]}, null, null, 10, false, [], false, 0, [], null, 0, 1744385203.9730716, 0, {}]
[{"0": [25, 3, 1, 4, 2, 5, 0, 2, 1, 2, 2, 2, 1, 1, 2, 2, 3]}, null, null, 10, false, [], false, 0, [], null, 0, 1744385204.1876607, 0, {}]
[{"0": [26, 27, 4, 1, 2, 2, 1, 3, 2, 1, 3, 1, 2, 5, 1, 1, 0]}, null, null, 11, false, [], false, 0, [], null, 0, 1744385204.4055452, 0, {}]
[{"0": [2, 1, 2, 19, 37, 34, 32, 1, 2, 0, 0, 2, 3, 2, 2, 3, 1]}, null, null, 11, false, [], false, 0, [], null, 0, 1744385204.6204457, 0, {}]
[{"0": [0, 5, 2, 2, 2, 2, 2, 4, 3, 0, 1, 2, 22, 18, 33, 1, 3]}, null, null, 12, false, [], false, 0, [], null, 0, 1744385204.8481636, 0, {}]
[{"0": [3, 2, 4, 28, 3, 1, 2, 2, 0, 0, 2, 2, 3, 3, 2, 2, 2]}, null, null, 13, false, [], false, 0, [], null, 0, 1744385205.061241, 0, {}]
[{"0": [2, 2, 1, 5, 3, 4, 1, 2, 2, 3, 3, 28, 1, 0, 1, 0, 4]}, null, null, 13, false, [], false, 0, [], null, 0, 1744385205.2753239, 0, {}]
[{"0": [1, 0, 2, 0, 1, 1, 1, 1, 4, 1, 28, 2, 1, 2, 2, 1, 1]}, null, null, 14, false, [], false, 0, [], null, 0, 1744385205.4989097, 0, {}]
[{"0": [3, 2, 2, 1, 1, 0, 1, 1, 0, 2, 1, 2, 3, 3, 1, 14, 22]}, null, null, 14, false, [], false, 0, [], null, 0, 1744385205.725183, 0, {}]
[{"0": [33, 5, 0, 0, 4, 2, 2, 5, 0, 1, 2, 3, 4, 3, 0, 5, 2]}, null, null, 15, false, [], false, 0, [], null, 0, 1744385205.9283805, 0, {}]
[{"0": [5, 1, 1, 2, 1, 2, 2, 3, 2, 3, 5, 3, 23, 30, 26, 28, 28]}, null, null, 16, false, [], false, 0, [], null, 0, 1744385206.1395113, 0, {}]
[{"0": [0, 5, 2, 2, 3, 26, 1, 2, 1, 2, 2, 1, 1, 3, 6, 0, 3]}, null, null, 16, false, [], false, 0, [], null, 0, 1744385206.3708136, 0, {}]
[{"0": [2, 3, 2, 4, 0, 2, 2, 4, 1, 0, 2, 1, 0, 0, 2, 2, 1]}, null, null, 17, false, [], false, 0, [], null, 0, 1744385206.571688, 0, {}]
[{"0": [1, 4, 1, 0, 1, 3, 2, 30, 1, 2, 1, 1, 0, 3, 1, 1, 2]}, null, null, 17, false, [], false, 0, [], null, 0, 1744385206.7915173, 0, {}]
[{"0": [4, 1, 2, 0, 3, 0, 1, 4, 1, 2, 1, 3, 6, 2, 5, 3, 1]}, null, null, 18, false, [], false, 0, [], null, 0, 1744385207.0061996, 0, {}]
[{"0": [1, 1, 2, 33, 5, 3, 0, 1, 7, 2, 3, 3, 2, 1, 1, 3, 1]}, null, null, 19, false, [], false, 0, [], null, 0, 1744385207.2216675, 0, {}]
[{"0": [2, 1, 3, 1, 1, 1, 3, 3, 27, 3, 4, 2, 4, 1, 1, 1, 2]}, null, null, 19, false, [], false, 0, [], null, 0, 1744385207.4453306, 0, {}]
[{"0": [1, 2, 2, 22, 24, 2, 2, 0, 0, 2, 1, 3, 2, 1, 2, 0, 1]}, null, null, 20, false, [], false, 0, [], null, 0, 1744385207.6585472, 0, {}]
[{"0": [0, 2, 1, 0, 3, 0, 0, 6, 2, 5, 5, 1, 4, 2, 3, 1, 27]}, null, null, 20, false, [], false, 0, [], null, 0, 1744385207.8742259, 0, {}]
[{"0": [2, 2, 0, 6, 1, 2, 1, 1, 2, 1, 5, 1, 0, 27, 0, 2, 2]}, null, null, 21, false, [], false, 0, [], null, 0, 1744385208.0950692, 0, {}]
[{"0": [1, 2, 2, 2, 1, 1, 2, 1, 2, 25, 32, 28, 4, 3, 0, 4, 1]}, null, null, 22, false, [], false, 0, [], null, 0, 1744385208.3159266, 0, {}]
[{"0": [1, 3, 2, 2, 0, 2, 3, 5, 2, 2, 1, 0, 3, 1, 2, 21, 32]}, null, null, 22, false, [], false, 0, [], null, 0, 1744385208.5198305, 0, {}]
[{"0": [3, 0, 1, 21, 31, 38, 21, 0, 3, 1, 2, 1, 1, 2, 3, 6, 1]}, null, null, 23, false, [], false, 0, [], null, 0, 1744385208.743541, 0, {}]
[{"0": [2, 0, 3, 5, 1, 3, 2, 2, 3, 3, 1, 1, 0, 1, 1, 2, 0]}, null, null, 23, false, [], false, 0, [], null, 0, 1744385208.9583337, 0, {}]
[{"0": [3, 2, 6, 2, 0, 3, 1, 3, 2, 2, 2, 4, 2, 3, 26, 33, 27]}, null, null, 24, false, [], false, 0, [], null, 0, 1744385209.1814034, 0, {}]
[{"0": [1, 2, 4, 0, 3, 4, 3, 0, 2, 2, 1, 1, 29, 29, 26, 31, 2]}, null, null, 25, false, [], false, 0, [], null, 0, 1744385209.3888013, 0, {}]
[{"0": [34, 2, 1, 1, 1, 1, 3, 2, 5, 1, 2, 7, 1, 1, 4, 1, 1]}, null, null, 25, false, [], false, 0, [], null, 0, 1744385209.6163995, 0, {}]
[{"0": [1, 1, 5, 4, 1, 2, 2, 0, 0, 0, 3, 1, 1, 4, 1, 2, 3]}, null, null, 26, false, [], false, 0, [], null, 0, 1744385209.8333855, 0, {}]
[{"0": [2, 3, 1, 5, 2, 1, 0, 2, 3, 5, 1, 2, 2, 1, 2, 38, 31]}, null, null, 27, false, [], false, 0, [], null, 0, 1744385210.0597181, 0, {}]
[{"0": [2, 1, 3, 2, 1, 1, 0, 0, 1, 5, 2, 1, 1, 1, 1, 4, 3]}, null, null, 27, false, [], false, 0, [], null, 0, 1744385210.271995, 0, {}]
[{"0": [1, 2, 26, 2, 1, 2, 5, 1, 3, 1, 0, 0, 1, 0, 1, 0, 6]}, null, null, 28, false, [], false, 0, [], null, 0, 1744385210.482371, 0, {}]
[{"0": [29, 28, 34, 1, 2, 5, 1, 2, 1, 4, 4, 1, 2, 0, 5, 3, 1]}, null, null, 28, false, [], false, 0, [], null, 0, 1744385210.6948857, 0, {}]
[{"0": [6, 0, 21, 18, 41, 30, 20, 25, 32, 29, 32, 36, 16, 22, 34, 26, 27]}, null, null, 29, false, [], false, 0, [], null, 0, 1744385210.9229693, 0, {}]
[{"0": [2, 1, 1, 1, 1, 0, 2, 0, 2, 3, 1, 0, 25, 0, 2, 1, 2]}, null, null, 30, false, [], false, 0, [], null, 0, 1744385211.1198888, 0, {}]
[{"0": [1, 1, 1, 4, 1, 2, 33, 37, 25, 37, 1, 2, 1, 1, 2, 0, 4]}, null, null, 30, false, [], false, 0, [], null, 0, 1744385211.3523886, 0, {}]
[{"0": [30, 27, 28, 34, 39, 2, 3, 2, 1, 2, 0, 2, 1, 3, 3, 2, 1]}, null, null, 31, false, [], false, 0, [], null, 0, 1744385211.5643811, 0, {}]
[{"0": [3, 1, 2, 0, 3, 2, 1, 5, 3, 3, 25, 3, 2, 2, 0, 2, 1]}, null, null, 31, false, [], false, 0, [], null, 0, 1744385211.7678094, 0, {}]
[{"0": [1, 1, 2, 2, 6, 4, 2, 2, 1, 35, 33, 24, 33, 19, 30, 21, 1]}, null, null, 32, false, [], false, 0, [], null, 0, 1744385212.0012016, 0, {}]
[{"0": [1, 1, 38, 28, 21, 31, 32, 27, 28, 23, 31, 37, 26, 37, 24, 30, 25]}, null, null, 33, false, [], false, 0, [], null, 0, 1744385212.2113209, 0, {}]
[{"0": [32, 31, 24, 25, 25, 28, 30, 24, 32, 25, 25, 0, 1, 2, 0, 1, 3]}, null, null, 33, false, [], false, 0, [], null, 0, 1744385212.4216352, 0, {}]
[{"0": [5, 2, 4, 3, 1, 0, 3, 1, 2, 0, 35, 38, 22, 29, 24, 25, 28]}, null, null, 34, false, [], false, 0, [], null, 0, 1744385212.6571443, 0, {}]
[{"0": [3, 1, 0, 4, 1, 4, 2, 1, 2, 2, 34, 26, 22, 16, 32, 28, 29]}, null, null, 34, false, [], false, 0, [], null, 0, 1744385212.860054, 0, {}]
[{"0": [3, 2, 1, 1, 2, 1, 3, 0, 2, 3, 0, 2, 0, 0, 1, 4, 1]}, null, null, 35, false, [], false, 0, [], null, 0, 1744385213.0826466, 0, {}]
[{"0": [1, 0, 2, 30, 36, 32, 0, 1, 0, 3, 0, 4, 1, 2, 2, 2, 2]}, null, null, 36, false, [], false, 0, [], null, 0, 1744385213.2898185, 0, {}]
[{"0": [5, 2, 1, 1, 3, 0, 2, 2, 0, 4, 0, 2, 2, 2, 4, 3, 20]}, null, null, 36, false, [], false, 0, [], null, 0, 1744385213.5043597, 0, {}]
[{"0": [3, 1, 0, 3, 1, 1, 3, 1, 2, 2, 2, 0, 24, 25, 4, 2, 0]}, null, null, 37, false, [], false, 0, [], null, 0, 1744385213.7405214, 0, {}]
[{"0": [22, 26, 21, 27, 1, 4, 3, 2, 4, 1, 3, 2, 2, 3, 3, 2, 1]}, null, null, 37, false, [], false, 0, [], null, 0, 1744385213.9476135, 0, {}]
[{"0": [2, 4, 1, 1, 0, 1, 0, 1, 3, 3, 4, 1, 3, 1, 38, 27, 26]}, null, null, 38, false, [], false, 0, [], null, 0, 1744385214.1522653, 0, {}]
[{"0": [2, 3, 2, 3, 2, 1, 0, 2, 1, 2, 2, 5, 0, 27, 32, 23, 20]}, null, null, 39, false, [], false, 0, [], null, 0, 1744385214.3770337, 0, {}]
[{"0": [1, 1, 28, 27, 22, 18, 3, 3, 0, 2, 4, 1, 3, 0, 0, 2, 1]}, null, null, 39, false, [], false, 0, [], null, 0, 1744385214.5899923, 0, {}]
[{"0": [5, 1, 2, 4, 2, 4, 25, 35, 31, 25, 33, 2, 1, 1, 2, 0, 3]}, null, null, 40, false, [], false, 0, [], null, 0, 1744385214.8091164, 0, {}]
[{"0": [36, 25, 3, 2, 2, 5, 3, 3, 2, 0, 1, 3, 0, 2, 0, 1, 4]}, null, null, 40, false, [], false, 0, [], null, 0, 1744385215.027101, 0, {}]
[{"0": [5, 1, 1, 1, 2, 2, 2, 2, 2, 3, 4, 0, 0, 23, 26, 2, 3]}, null, null, 41, false, [], false, 0, [], null, 0, 1744385215.247853, 0, {}]
[{"0": [2, 2, 2, 5, 1, 3, 0, 2, 0, 3, 1, 1, 1, 28, 26, 24, 24]}, null, null, 42, false, [], false, 0, [], null, 0, 1744385215.4514954, 0, {}]
[{"0": [2, 2, 4, 1, 3, 1, 15, 0, 1, 1, 0, 2, 1, 1, 3, 2, 3]}, null, null, 42, false, [], false, 0, [], null, 0, 1744385215.6676118, 0, {}]
[{"0": [3, 4, 3, 1, 1, 5, 0, 4, 29, 26, 30, 25, 22, 32, 36, 33, 26]}, null, null, 43, false, [], false, 0, [], null, 0, 1744385215.9038286, 0, {}]
[{"0": [1, 1, 1, 2, 3, 1, 1, 2, 2, 2, 0, 27, 0, 4, 4, 3, 2]}, null, null, 43, false, [], false, 0, [], null, 0, 1744385216.1115112, 0, {}]
[{"0": [5, 1, 0, 33, 1, 1, 1, 1, 3, 0, 2, 1, 4, 1, 2, 1, 1]}, null, null, 44, false, [], false, 0, [], null, 0, 1744385216.3199358, 0, {}]
[{"0": [3, 1, 1, 4, 1, 1, 3, 2, 1, 0, 2, 3, 1, 26, 24, 23, 30]}, null, null, 45, false, [], false, 0, [], null, 0, 1744385216.540623, 0, {}]
[{"0": [1, 0, 1, 2, 4, 3, 35, 1, 0, 3, 3, 1, 5, 4, 2, 2, 1]}, null, null, 45, false, [], false, 0, [], null, 0, 1744385216.7537553, 0, {}]
[{"0": [3, 37, 31, 25, 2, 1, 3, 4, 3, 1, 1, 1, 4, 3, 1, 3, 0]}, null, null, 46, false, [], false, 0, [], null, 0, 1744385216.9770179, 0, {}]
[{"0": [1, 1, 1, 5, 0, 1, 1, 1, 0, 1, 3, 3, 3, 28, 28, 26, 2]}, null, null, 46, false, [], false, 0, [], null, 0, 1744385217.194364, 0, {}]
[{"0": [4, 2, 0, 1, 1, 2, 0, 2, 1, 0, 3, 2, 2, 32, 2, 4, 1]}, null, null, 47, false, [], false, 0, [], null, 0, 1744385217.3999202, 0, {}]
[{"0": [2, 5, 3, 0, 4, 0, 1, 2, 0, 2, 2, 0, 1, 3, 2, 3, 26]}, null, null, 48, false, [], false, 0, [], null, 0, 1744385217.6349053, 0, {}]
[{"0": [31, 33, 16, 35, 18, 0, 3, 1, 0, 1, 1, 3, 3, 4, 1, 1, 3]}, null, null, 48, false, [], false, 0, [], null, 0, 1744385217.850754, 0, {}]
[{"0": [3, 2, 0, 29, 29, 20, 21, 22, 28, 25, 32, 30, 29, 31, 2, 4, 2]}, null, null, 49, false, [], false, 0, [], null, 0, 1744385218.0617986, 0, {}]
[{"0": [2, 0, 0, 3, 2, 2, 1, 0, 0, 1, 3, 29, 23, 1, 1, 1, 1]}, null, null, 49, false, [], false, 0, [], null, 0, 1744385218.2821143, 0, {}]
[{"0": [3, 1, 4, 2, 2, 4, 6, 23, 0, 0, 2, 3, 3, 3, 1, 1, 0]}, null, null, 50, false, [], false, 0, [], null, 0, 1744385218.4992201, 0, {}]
[{"0": [2, 1, 1, 2, 1, 2, 3, 2, 1, 0, 3, 5, 2, 1, 0, 1, 2]}, null, null, 51, false, [], false, 0, [], null, 0, 1744385218.720655, 0, {}]
[{"0": [2, 0, 2, 2, 1, 2, 3, 2, 2, 2, 0, 1, 1, 27, 23, 23, 31]}, null, null, 51, false, [], false, 0, [], null, 0, 1744385218.9335353, 0, {}]
[{"0": [1, 3, 1, 2, 3, 2, 2, 0, 3, 2, 3, 1, 2, 21, 23, 25, 25]}, null, null, 52, false, [], false, 0, [], null, 0, 1744385219.1449492, 0, {}]
[{"0": [2, 0, 3, 6, 5, 4, 24, 4, 2, 3, 2, 3, 0, 1, 1, 4, 2]}, null, null, 52, false, [], false, 0, [], null, 0, 1744385219.3650072, 0, {}]
[{"0": [1, 0, 24, 33, 22, 15, 20, 26, 28, 35, 28, 25, 1, 2, 3, 2, 1]}, null, null, 53, false, [], false, 0, [], null, 0, 1744385219.5882843, 0, {}]
[{"0": [31, 30, 25, 28, 17, 28, 2, 5, 2, 0, 1, 2, 1, 2, 0, 2, 1]}, null, null, 54, false, [], false, 0, [], null, 0, 1744385219.800534, 0, {}]
[{"0": [1, 2, 4, 0, 4, 2, 6, 0, 1, 3, 1, 1, 1, 1, 0, 3, 2]}, null, null, 54, false, [], false, 0, [], null, 0, 1744385220.0077388, 0, {}]
[{"0": [2, 2, 1, 3, 2, 7, 3, 2, 1, 2, 2, 5, 2, 0, 36, 32, 1]}, null, null, 55, false, [], false, 0, [], null, 0, 1744385220.2203364, 0, {}]
[{"0": [1, 1, 1, 3, 1, 3, 2, 2, 30, 29, 23, 21, 27, 28, 34, 34, 39]}, null, null, 55, false, [], false, 0, [], null, 0, 1744385220.4350283, 0, {}]
[{"0": [2, 2, 0, 2, 1, 1, 1, 1, 0, 2, 1, 3, 1, 2, 1, 1, 24]}, null, null, 56, false, [], false, 0, [], null, 0, 1744385220.654678, 0, {}]
[{"0": [1, 1, 2, 3, 2, 5, 1, 1, 3, 0, 30, 23, 20, 27, 19, 27, 4]}, null, null, 57, false, [], false, 0, [], null, 0, 1744385220.879605, 0, {}]
[{"0": [1, 3, 2, 0, 0, 2, 1, 29, 25, 23, 3, 2, 3, 4, 2, 4, 3]}, null, null, 57, false, [], false, 0, [], null, 0, 1744385221.086704, 0, {}]
[{"0": [28, 26, 19, 25, 22, 34, 28, 2, 4, 1, 1, 3, 3, 0, 1, 1, 3]}, null, null, 58, false, [], false, 0, [], null, 0, 1744385221.304626, 0, {}]
[{"0": [4, 2, 28, 1, 1, 1, 0, 1, 0, 0, 0, 4, 1, 0, 5, 0, 2]}, null, null, 58, false, [], false, 0, [], null, 0, 1744385221.527773, 0, {}]
[{"0": [1, 3, 3, 2, 0, 4, 1, 1, 0, 1, 1, 1, 3, 23, 19, 21, 28]}, null, null, 59, false, [], false, 0, [], null, 0, 1744385221.7336502, 0, {}]
[{"0": [2, 1, 2, 2, 0, 28, 1, 3, 1, 2, 1, 2, 3, 0, 1, 1, 1]}, null, null, 60, false, [], false, 0, [], null, 0, 1744385221.9593155, 0, {}]
[{"0": [1, 2, 31, 22, 38, 28, 31, 32, 0, 2, 1, 2, 6, 1, 0, 3, 2]}, null, null, 60, false, [], false, 0, [], null, 0, 1744385222.1682642, 0, {}]
[{"0": [28, 1, 3, 2, 5, 2, 3, 1, 2, 0, 2, 0, 2, 2, 1, 0, 4]}, null, null, 61, false, [], false, 0, [], null, 0, 1744385222.3911643, 0, {}]
[{"0": [6, 2, 1, 2, 2, 3, 7, 1, 0, 3, 3, 1, 30, 26, 26, 1, 0]}, null, null, 61, false, [], false, 0, [], null, 0, 1744385222.612105, 0, {}]
[{"0": [0, 1, 0, 3, 3, 3, 33, 31, 18, 2, 1, 5, 1, 2, 1, 2, 0]}, null, null, 62, false, [], false, 0, [], null, 0, 1744385222.8163574, 0, {}]
[{"0": [4, 1, 0, 1, 3, 2, 2, 4, 2, 1, 1, 0, 2, 2, 0, 0, 25]}, null, null, 63, false, [], false, 0, [], null, 0, 1744385223.035005, 0, {}]
[{"0": [19, 22, 21, 23, 27, 25, 23, 3, 1, 3, 1, 4, 1, 1, 2, 0, 5]}, null, null, 63, false, [], false, 0, [], null, 0, 1744385223.2646422, 0, {}]
[{"0": [2, 2, 4, 2, 1, 3, 2, 5, 27, 26, 22, 21, 25, 28, 30, 27, 27]}, null, null, 64, false, [], false, 0, [], null, 0, 1744385223.4723296, 0, {}]
[{"0": [0, 2, 2, 2, 3, 4, 3, 4, 0, 2, 3, 3, 2, 1, 22, 0, 3]}, null, null, 64, false, [], false, 0, [], null, 0, 1744385223.6893816, 0, {}]
[{"0": [2, 4, 0, 0, 1, 2, 1, 2, 29, 31, 3, 3, 1, 1, 0, 3, 4]}, null, null, 65, false, [], false, 0, [], null, 0, 1744385223.9065864, 0, {}]
[{"0": [0, 0, 0, 25, 22, 29, 1, 1, 1, 1, 2, 0, 2, 2, 1, 0, 1]}, null, null, 66, false, [], false, 0, [], null, 0, 1744385224.1225796, 0, {}]
[{"0": [2, 2, 1, 4, 0, 2, 2, 1, 2, 0, 0, 0, 1, 1, 2, 28, 23]}, null, null, 66, false, [], false, 0, [], null, 0, 1744385224.3418667, 0, {}]
[{"0": [29, 21, 19, 0, 3, 1, 4, 2, 1, 0, 3, 1, 1, 0, 0, 3, 3]}, null, null, 67, false, [], false, 0, [], null, 0, 1744385224.5591931, 0, {}]
[{"0": [1, 0, 4, 3, 2, 4, 32, 21, 30, 31, 30, 25, 33, 29, 29, 25, 33]}, null, null, 67, false, [], false, 0, [], null, 0, 1744385224.7813454, 0, {}]
[{"0": [2, 0, 0, 1, 1, 1, 37, 45, 1, 2, 4, 1, 0, 4, 0, 1, 2]}, null, null, 68, false, [], false, 0, [], null, 0, 1744385224.9891102, 0, {}]
[{"0": [2, 4, 1, 5, 1, 1, 3, 1, 1, 1, 3, 4, 3, 4, 2, 5, 2]}, null, null, 69, false, [], false, 0, [], null, 0, 1744385225.2128494, 0, {}]
[{"0": [0, 4, 2, 2, 2, 3, 0, 27, 36, 1, 0, 0, 5, 0, 0, 1, 1]}, null, null, 69, false, [], false, 0, [], null, 0, 1744385225.4210885, 0, {}]
[{"0": [2, 1, 3, 1, 2, 1, 25, 30, 28, 30, 0, 0, 2, 1, 2, 1, 1]}, null, null, 70, false, [], false, 0, [], null, 0, 1744385225.6394758, 0, {}]
[{"0": [3, 2, 2, 2, 23, 28, 2, 3, 1, 2, 4, 2, 0, 2, 0, 2, 4]}, null, null, 70, false, [], false, 0, [], null, 0, 1744385225.8565834, 0, {}]
[{"0": [0, 1, 1, 1, 3, 0, 1, 1, 2, 4, 2, 2, 29, 29, 19, 35, 29]}, null, null, 71, false, [], false, 0, [], null, 0, 1744385226.0786107, 0, {}]
[{"0": [23, 29, 27, 30, 28, 34, 24, 29, 23, 31, 33, 27, 35, 28, 22, 36, 32]}, null, null, 72, false, [], false, 0, [], null, 0, 1744385226.287108, 0, {}]
[{"0": [30, 1, 0, 3, 3, 0, 4, 3, 0, 2, 2, 3, 0, 1, 2, 3, 2]}, null, null, 72, false, [], false, 0, [], null, 0, 1744385226.5115502, 0, {}]
[{"0": [29, 26, 25, 0, 1, 1, 3, 3, 4, 1, 3, 0, 2, 0, 3, 1, 2]}, null, null, 73, false, [], false, 0, [], null, 0, 1744385226.7244918, 0, {}]
[{"0": [4, 2, 2, 0, 2, 3, 1, 3, 2, 1, 1, 2, 3, 3, 3, 2, 18]}, null, null, 73, false, [], false, 0, [], null, 0, 1744385226.9433706, 0, {}]
[{"0": [25, 1, 2, 4, 4, 3, 2, 1, 3, 1, 1, 1, 1, 30, 23, 23, 1]}, null, null, 74, false, [], false, 0, [], null, 0, 1744385227.1577597, 0, {}]
[{"0": [3, 1, 2, 3, 5, 0, 0, 1, 0, 0, 1, 3, 1, 1, 29, 23, 37]}, null, null, 75, false, [], false, 0, [], null, 0, 1744385227.3755279, 0, {}]
[{"0": [31, 33, 1, 1, 6, 0, 3, 1, 2, 2, 4, 1, 1, 4, 1, 5, 0]}, null, null, 75, false, [], false, 0, [], null, 0, 1744385227.5885046, 0, {}]
[{"0": [28, 20, 32, 28, 28, 22, 15, 1, 1, 2, 1, 1, 1, 1, 2, 2, 2]}, null, null, 76, false, [], false, 0, [], null, 0, 1744385227.800371, 0, {}]
[{"0": [0, 0, 1, 0, 1, 1, 4, 0, 1, 1, 0, 0, 1, 1, 33, 30, 30]}, null, null, 77, false, [], false, 0, [], null, 0, 1744385228.0254812, 0, {}]
[{"0": [1, 2, 0, 3, 0, 1, 2, 6, 2, 2, 0, 2, 1, 28, 0, 0, 0]}, null, null, 77, false, [], false, 0, [], null, 0, 1744385228.2292292, 0, {}]
[{"0": [2, 3, 1, 3, 1, 4, 1, 28, 34, 37, 38, 24, 30, 29, 28, 3, 1]}, null, null, 78, false, [], false, 0, [], null, 0, 1744385228.4642558, 0, {}]
[{"0": [0, 1, 0, 1, 3, 1, 0, 4, 1, 1, 0, 44, 3, 2, 5, 1, 0]}, null, null, 78, false, [], false, 0, [], null, 0, 1744385228.66545, 0, {}]
[{"0": [4, 1, 2, 1, 5, 2, 0, 32, 28, 33, 29, 2, 1, 2, 2, 2, 3]}, null, null, 79, false, [], false, 0, [], null, 0, 1744385228.8980222, 0, {}]
[{"0": [5, 3, 1, 1, 3, 3, 0, 3, 29, 28, 25, 1, 4, 1, 1, 1, 0]}, null, null, 80, false, [], false, 0, [], null, 0, 1744385229.1119776, 0, {}]
[{"0": [2, 0, 1, 36, 18, 30, 0, 3, 0, 0, 1, 3, 0, 3, 1, 3, 2]}, null, null, 80, false, [], false, 0, [], null, 0, 1744385229.3242245, 0, {}]
[{"0": [4, 0, 5, 0, 0, 36, 21, 25, 2, 3, 2, 0, 3, 2, 1, 0, 5]}, null, null, 81, false, [], false, 0, [], null, 0, 1744385229.5380008, 0, {}]
[{"0": [1, 1, 1, 1, 2, 3, 1, 2, 2, 5, 2, 3, 1, 27, 29, 23, 22]}, null, null, 81, false, [], false, 0, [], null, 0, 1744385229.756392, 0, {}]
[{"0": [1, 2, 0, 1, 2, 0, 2, 3, 2, 0, 3, 0, 0, 4, 5, 1, 27]}, null, null, 82, false, [], false, 0, [], null, 0, 1744385229.9772854, 0, {}]
[{"0": [1, 1, 1, 0, 28, 29, 2, 0, 3, 0, 1, 1, 2, 3, 6, 4, 1]}, null, null, 83, false, [], false, 0, [], null, 0, 1744385230.1999857, 0, {}]
[{"0": [1, 4, 2, 2, 2, 0, 3, 4, 1, 4, 3, 1, 1, 2, 0, 22, 2]}, null, null, 83, false, [], false, 0, [], null, 0, 1744385230.414054, 0, {}]
[{"0": [1, 0, 34, 19, 28, 20, 32, 27, 22, 30, 32, 3, 1, 2, 5, 0, 1]}, null, null, 84, false, [], false, 0, [], null, 0, 1744385230.6138854, 0, {}]
[{"0": [26, 2, 1, 5, 0, 0, 4, 1, 3, 4, 1, 1, 4, 2, 2, 33, 29]}, null, null, 84, false, [], false, 0, [], null, 0, 1744385230.847332, 0, {}]
[{"0": [6, 0, 1, 1, 3, 3, 3, 1, 0, 3, 21, 29, 25, 6, 1, 1, 2]}, null, null, 85, false, [], false, 0, [], null, 0, 1744385231.0492492, 0, {}]
[{"0": [3, 0, 4, 0, 1, 5, 33, 35, 34, 27, 25, 35, 33, 1, 0, 3, 3]}, null, null, 86, false, [], false, 0, [], null, 0, 1744385231.2699046, 0, {}]
[{"0": [0, 2, 1, 1, 4, 3, 1, 4, 1, 4, 0, 3, 1, 7, 0, 34, 30]}, null, null, 86, false, [], false, 0, [], null, 0, 1744385231.4855735, 0, {}]
[{"0": [0, 2, 2, 1, 3, 4, 1, 3, 2, 4, 2, 3, 2, 0, 2, 1, 3]}, null, null, 87, false, [], false, 0, [], null, 0, 1744385231.7058475, 0, {}]
[{"0": [0, 0, 5, 1, 2, 2, 3, 2, 1, 1, 0, 2, 1, 2, 25, 32, 2]}, null, null, 87, false, [], false, 0, [], null, 0, 1744385231.9260032, 0, {}]
[{"0": [2, 0, 2, 1, 0, 3, 3, 2, 1, 3, 2, 0, 1, 2, 2, 0, 3]}, null, null, 88, false, [], false, 0, [], null, 0, 1744385232.136538, 0, {}]
[{"0": [0, 1, 5, 2, 2, 0, 4, 4, 3, 3, 5, 4, 2, 20, 27, 30, 32]}, null, null, 89, false, [], false, 0, [], null, 0, 1744385232.3646183, 0, {}]
[{"0": [1, 3, 28, 31, 35, 22, 29, 30, 3, 0, 1, 2, 2, 3, 2, 1, 1]}, null, null, 89, false, [], false, 0, [], null, 0, 1744385232.573223, 0, {}]
[{"0": [32, 29, 27, 16, 24, 28, 30, 26, 3, 4, 2, 2, 3, 4, 0, 1, 5]}, null, null, 90, false, [], false, 0, [], null, 0, 1744385232.7834153, 0, {}]
[{"0": [4, 4, 3, 3, 6, 4, 2, 3, 1, 1, 1, 1, 5, 1, 17, 0, 0]}, null, null, 90, false, [], false, 0, [], null, 0, 1744385233.0046248, 0, {}]
[{"0": [1, 4, 0, 5, 1, 1, 1, 2, 0, 1, 4, 2, 1, 3, 0, 5, 1]}, null, null, 91, false, [], false, 0, [], null, 0, 1744385233.2137425, 0, {}]
[{"0": [2, 3, 2, 36, 22, 22, 29, 35, 25, 25, 26, 17, 28, 1, 2, 5, 3]}, null, null, 92, false, [], false, 0, [], null, 0, 1744385233.4457474, 0, {}]
[{"0": [1, 2, 2, 1, 3, 2, 5, 1, 3, 0, 1, 4, 1, 2, 3, 4, 1]}, null, null, 92, false, [], false, 0, [], null, 0, 1744385233.6620014, 0, {}]
[{"0": [2, 1, 3, 0, 2, 0, 2, 1, 1, 2, 2, 2, 2, 0, 0, 1, 24]}, null, null, 93, false, [], false, 0, [], null, 0, 1744385233.8678994, 0, {}]
[{"0": [1, 2, 4, 0, 2, 3, 5, 3, 1, 3, 26, 4, 4, 1, 0, 3, 5]}, null, null, 93, false, [], false, 0, [], null, 0, 1744385234.0795393, 0, {}]
[{"0": [2, 2, 31, 3, 2, 0, 0, 1, 4, 1, 4, 3, 4, 5, 1, 1, 2]}, null, null, 94, false, [], false, 0, [], null, 0, 1744385234.299265, 0, {}]
[{"0": [1, 0, 0, 2, 36, 0, 2, 2, 1, 2, 2, 1, 5, 3, 3, 2, 4]}, null, null, 95, false, [], false, 0, [], null, 0, 1744385234.5224679, 0, {}]
[{"0": [3, 3, 0, 1, 1, 0, 1, 1, 1, 1, 3, 1, 23, 29, 34, 22, 35]}, null, null, 95, false, [], false, 0, [], null, 0, 1744385234.731404, 0, {}]
[{"0": [2, 3, 2, 2, 1, 1, 1, 0, 2, 14, 2, 2, 2, 3, 0, 3, 1]}, null, null, 96, false, [], false, 0, [], null, 0, 1744385234.9552722, 0, {}]
[{"0": [3, 3, 2, 24, 34, 29, 23, 3, 0, 5, 2, 2, 3, 0, 2, 0, 1]}, null, null, 96, false, [], false, 0, [], null, 0, 1744385235.1792247, 0, {}]
[{"0": [0, 3, 1, 2, 2, 22, 24, 2, 2, 2, 1, 2, 3, 1, 3, 1, 2]}, null, null, 97, false, [], false, 0, [], null, 0, 1744385235.3911812, 0, {}]
[{"0": [1, 2, 2, 0, 1, 26, 29, 36, 28, 37, 33, 24, 33, 26, 22, 26, 29]}, null, null, 98, false, [], false, 0, [], null, 0, 1744385235.6092358, 0, {}]
[{"0": [3, 2, 1, 0, 1, 28, 20, 26, 36, 35, 29, 23, 3, 2, 1, 3, 0]}, null, null, 98, false, [], false, 0, [], null, 0, 1744385235.8227615, 0, {}]
[{"0": [3, 1, 1, 2, 1, 1, 5, 2, 1, 2, 1, 3, 1, 3, 3, 2, 2]}, null, null, 99, false, [], false, 0, [], null, 0, 1744385236.023552, 0, {}]
[{"0": [5, 3, 32, 34, 1, 0, 4, 2, 1, 0, 3, 2, 0, 2, 0, 2, 5]}, null, null, 99, false, [], false, 0, [], null, 0, 1744385236.2515595, 0, {}]
[{"0": [2, 0, 1, 4, 4, 1, 30, 31, 31, 1, 1, 1, 3, 2, 0, 1, 2]}, null, null, 100, false, [], false, 0, [], null, 0, 1744385236.472378, 0, {}]
[{"0": [3, 1, 0, 2, 0, 0, 1, 2, 1, 3, 3, 0, 0, 2, 2, 5, 29]}, null, null, 101, false, [], false, 0, [], null, 0, 1744385236.6843328, 0, {}]
[{"0": [0, 1, 2, 2, 31, 31, 1, 1, 5, 1, 2, 1, 2, 0, 0, 3, 1]}, null, null, 101, false, [], false, 0, [], null, 0, 1744385236.902161, 0, {}]
[{"0": [3, 2, 1, 2, 3, 0, 3, 1, 4, 3, 3, 1, 27, 2, 2, 1, 1]}, null, null, 102, false, [], false, 0, [], null, 0, 1744385237.1142707, 0, {}]
[{"0": [0, 2, 0, 2, 4, 2, 23, 38, 27, 31, 0, 1, 3, 2, 0, 3, 0]}, null, null, 102, false, [], false, 0, [], null, 0, 1744385237.3487346, 0, {}]
[{"0": [0, 0, 1, 2, 2, 2, 2, 2, 2, 1, 3, 1, 0, 1, 0, 3, 24]}, null, null, 103, false, [], false, 0, [], null, 0, 1744385237.560826, 0, {}]
[{"0": [2, 3, 0, 3, 4, 0, 3, 6, 3, 2, 2, 1, 0, 1, 1, 33, 1]}, null, null, 104, false, [], false, 0, [], null, 0, 1744385237.7662473, 0, {}]
[{"0": [3, 1, 2, 1, 0, 2, 2, 4, 1, 3, 4, 1, 0, 1, 1, 3, 3]}, null, null, 104, false, [], false, 0, [], null, 0, 1744385237.9972188, 0, {}]
[{"0": [0, 1, 32, 32, 35, 36, 27, 27, 19, 27, 31, 39, 39, 21, 17, 2, 0]}, null, null, 105, false, [], false, 0, [], null, 0, 1744385238.1957543, 0, {}]
[{"0": [1, 4, 25, 27, 26, 27, 1, 3, 2, 2, 5, 2, 2, 2, 2, 2, 6]}, null, null, 105, false, [], false, 0, [], null, 0, 1744385238.4254673, 0, {}]
[{"0": [0, 0, 2, 3, 2, 0, 2, 27, 28, 20, 25, 31, 26, 30, 29, 3, 2]}, null, null, 106, false, [], false, 0, [], null, 0, 1744385238.624167, 0, {}]
[{"0": [3, 2, 26, 34, 29, 23, 3, 2, 2, 4, 4, 1, 3, 0, 0, 1, 6]}, null, null, 107, false, [], false, 0, [], null, 0, 1744385238.8477626, 0, {}]
[{"0": [3, 1, 4, 3, 26, 25, 26, 28, 32, 2, 3, 3, 2, 4, 1, 1, 0]}, null, null, 107, false, [], false, 0, [], null, 0, 1744385239.061391, 0, {}]
[{"0": [1, 1, 40, 1, 1, 0, 2, 1, 3, 4, 4, 3, 4, 2, 2, 1, 2]}, null, null, 108, false, [], false, 0, [], null, 0, 1744385239.276385, 0, {}]
[{"0": [1, 1, 2, 4, 5, 4, 4, 1, 20, 29, 2, 2, 3, 2, 2, 1, 2]}, null, null, 108, false, [], false, 0, [], null, 0, 1744385239.490987, 0, {}]
[{"0": [3, 4, 2, 2, 2, 3, 0, 2, 2, 3, 32, 22, 25, 25, 39, 27, 27]}, null, null, 109, false, [], false, 0, [], null, 0, 1744385239.7150798, 0, {}]
[{"0": [1, 4, 3, 1, 4, 0, 1, 4, 1, 0, 1, 1, 0, 1, 36, 3, 0]}, null, null, 110, false, [], false, 0, [], null, 0, 1744385239.9240074, 0, {}]
[{"0": [1, 1, 2, 1, 5, 4, 1, 3, 2, 1, 0, 0, 2, 29, 2, 2, 2]}, null, null, 110, false, [], false, 0, [], null, 0, 1744385240.1443481, 0, {}]
[{"0": [2, 0, 2, 3, 3, 1, 2, 2, 3, 3, 0, 3, 2, 3, 1, 31, 32]}, null, null, 111, false, [], false, 0, [], null, 0, 1744385240.372772, 0, {}]
[{"0": [29, 29, 3, 3, 2, 4, 4, 0, 0, 1, 2, 2, 0, 1, 2, 2, 2]}, null, null, 111, false, [], false, 0, [], null, 0, 1744385240.5711277, 0, {}]
[{"0": [17, 25, 33, 37, 28, 32, 28, 22, 30, 23, 3, 0, 7, 2, 2, 1, 2]}, null, null, 112, false, [], false, 0, [], null, 0, 1744385240.8009887, 0, {}]
[{"0": [1, 2, 0, 1, 0, 34, 24, 23, 1, 1, 1, 2, 6, 2, 3, 1, 3]}, null, null, 113, false, [], false, 0, [], null, 0, 1744385241.0109222, 0, {}]
[{"0": [0, 4, 0, 1, 4, 4, 4, 6, 1, 1, 1, 1, 3, 3, 3, 1, 0]}, null, null, 113, false, [], false, 0, [], null, 0, 1744385241.2338414, 0, {}]
[{"0": [2, 0, 2, 1, 3, 3, 1, 2, 2, 0, 2, 3, 2, 1, 0, 2, 2]}, null, null, 114, false, [], false, 0, [], null, 0, 1744385241.4370852, 0, {}]
[{"0": [0, 3, 2, 2, 2, 0, 23, 32, 0, 3, 4, 3, 3, 1, 0, 5, 3]}, null, null, 114, false, [], false, 0, [], null, 0, 1744385241.672265, 0, {}]
[{"0": [4, 2, 0, 5, 2, 2, 3, 3, 2, 1, 0, 38, 28, 33, 31, 22, 30]}, null, null, 115, false, [], false, 0, [], null, 0, 1744385241.8822093, 0, {}]
[{"0": [1, 2, 30, 36, 19, 0, 1, 0, 4, 2, 2, 4, 2, 0, 2, 1, 0]}, null, null, 116, false, [], false, 0, [], null, 0, 1744385242.0959716, 0, {}]
[{"0": [1, 0, 2, 3, 3, 1, 2, 4, 5, 0, 4, 2, 19, 34, 26, 27, 27]}, null, null, 116, false, [], false, 0, [], null, 0, 1744385242.3120146, 0, {}]
[{"0": [2, 0, 2, 1, 1, 1, 0, 1, 1, 1, 36, 34, 1, 0, 2, 3, 1]}, null, null, 117, false, [], false, 0, [], null, 0, 1744385242.535213, 0, {}]
[{"0": [1, 2, 1, 2, 3, 1, 1, 4, 2, 1, 36, 40, 27, 0, 3, 7, 1]}, null, null, 117, false, [], false, 0, [], null, 0, 1744385242.7559972, 0, {}]
[{"0": [0, 0, 1, 3, 0, 0, 3, 1, 3, 1, 0, 1, 2, 0, 34, 32, 3]}, null, null, 118, false, [], false, 0, [], null, 0, 1744385242.9556296, 0, {}]
[{"0": [4, 2, 2, 2, 1, 1, 3, 2, 3, 2, 2, 3, 2, 0, 21, 3, 0]}, null, null, 119, false, [], false, 0, [], null, 0, 1744385243.1773436, 0, {}]
[{"0": [3, 2, 1, 4, 2, 2, 2, 3, 0, 2, 29, 24, 30, 32, 26, 24, 29]}, null, null, 119, false, [], false, 0, [], null, 0, 1744385243.3937187, 0, {}]
[{"0": [1, 4, 1, 2, 3, 4, 3, 2, 4, 0, 2, 2, 3, 1, 35, 29, 48]}, null, null, 120, false, [], false, 0, [], null, 0, 1744385243.6122034, 0, {}]
[{"0": [0, 3, 2, 2, 2, 1, 1, 2, 3, 3, 2, 3, 2, 5, 1, 39, 18]}, null, null, 120, false, [], false, 0, [], null, 0, 1744385243.830861, 0, {}]
[{"0": [1, 1, 2, 0, 4, 2, 1, 0, 3, 0, 2, 3, 2, 1, 2, 26, 23]}, null, null, 121, false, [], false, 0, [], null, 0, 1744385244.0378346, 0, {}]
[{"0": [3, 3, 0, 2, 1, 2, 24, 29, 29, 26, 36, 39, 0, 1, 0, 2, 2]}, null, null, 122, false, [], false, 0, [], null, 0, 1744385244.2744465, 0, {}]
[{"0": [0, 2, 2, 30, 26, 2, 1, 2, 2, 2, 3, 2, 1, 1, 2, 2, 1]}, null, null, 122, false, [], false, 0, [], null, 0, 1744385244.4869912, 0, {}]
[{"0": [2, 1, 37, 3, 2, 2, 0, 1, 5, 2, 1, 1, 3, 1, 0, 0, 0]}, null, null, 123, false, [], false, 0, [], null, 0, 1744385244.6931698, 0, {}]
[{"0": [1, 4, 0, 5, 2, 0, 5, 0, 34, 3, 3, 2, 3, 2, 4, 6, 2]}, null, null, 123, false, [], false, 0, [], null, 0, 1744385244.9109347, 0, {}]
[{"0": [1, 2, 1, 2, 2, 1, 2, 2, 0, 4, 0, 0, 0, 1, 3, 4, 30]}, null, null, 124, false, [], false, 0, [], null, 0, 1744385245.1283543, 0, {}]
[{"0": [1, 1, 4, 3, 1, 1, 6, 22, 35, 28, 25, 3, 2, 3, 4, 3, 1]}, null, null, 125, false, [], false, 0, [], null, 0, 1744385245.3518891, 0, {}]
[{"0": [3, 2, 3, 3, 2, 4, 2, 1, 1, 0, 0, 5, 0, 2, 4, 22, 29]}, null, null, 125, false, [], false, 0, [], null, 0, 1744385245.5735834, 0, {}]
[{"0": [3, 3, 0, 2, 2, 1, 2, 3, 0, 3, 2, 2, 29, 20, 30, 26, 27]}, null, null, 126, false, [], false, 0, [], null, 0, 1744385245.7814374, 0, {}]
[{"0": [21, 31, 4, 1, 5, 1, 0, 0, 3, 3, 2, 1, 2, 1, 4, 4, 2]}, null, null, 127, false, [], false, 0, [], null, 0, 1744385246.0061793, 0, {}]
[{"0": [21, 32, 3, 4, 1, 2, 0, 0, 3, 0, 1, 0, 0, 2, 1, 6, 1]}, null, null, 127, false, [], false, 0, [], null, 0, 1744385246.2277737, 0, {}]
[{"0": [2, 1, 0, 2, 1, 0, 22, 36, 2, 1, 3, 2, 1, 1, 1, 2, 1]}, null, null, 128, false, [], false, 0, [], null, 0, 1744385246.4426804, 0, {}]
[{"0": [2, 3, 1, 3, 3, 3, 1, 1, 2, 1, 3, 2, 1, 24, 47, 26, 16]}, null, null, 128, false, [], false, 0, [], null, 0, 1744385246.6478746, 0, {}]
[{"0": [1, 2, 4, 4, 4, 2, 1, 0, 2, 1, 4, 1, 4, 1, 3, 33, 29]}, null, null, 129, false, [], false, 0, [], null, 0, 1744385246.8676364, 0, {}]
[{"0": [3, 1, 1, 1, 2, 4, 2, 3, 3, 3, 5, 1, 2, 28, 35, 32, 27]}, null, null, 130, false, [], false, 0, [], null, 0, 1744385247.0881698, 0, {}]
[{"0": [3, 2, 2, 20, 1, 0, 8, 1, 2, 2, 4, 1, 0, 2, 1, 1, 4]}, null, null, 130, false, [], false, 0, [], null, 0, 1744385247.3009262, 0, {}]
[{"0": [31, 30, 2, 2, 1, 0, 5, 3, 1, 2, 0, 1, 5, 5, 5, 3, 3]}, null, null, 131, false, [], false, 0, [], null, 0, 1744385247.5230362, 0, {}]
[{"0": [31, 27, 1, 2, 1, 0, 3, 1, 2, 3, 1, 2, 4, 3, 1, 1, 1]}, null, null, 131, false, [], false, 0, [], null, 0, 1744385247.728197, 0, {}]
[{"0": [2, 2, 1, 2, 1, 2, 2, 3, 2, 3, 4, 1, 2, 0, 0, 25, 20]}, null, null, 132, false, [], false, 0, [], null, 0, 1744385247.9492176, 0, {}]
[{"0": [7, 2, 1, 2, 1, 5, 2, 2, 2, 1, 24, 2, 5, 3, 3, 1, 1]}, null, null, 133, false, [], false, 0, [], null, 0, 1744385248.1596665, 0, {}]
[{"0": [3, 1, 2, 0, 0, 2, 2, 5, 27, 38, 27, 34, 25, 22, 36, 29, 0]}, null, null, 133, false, [], false, 0, [], null, 0, 1744385248.3852534, 0, {}]
[{"0": [2, 3, 0, 2, 0, 40, 33, 1, 1, 1, 1, 1, 0, 4, 5, 1, 1]}, null, null, 134, false, [], false, 0, [], null, 0, 1744385248.6038723, 0, {}]
[{"0": [0, 4, 0, 2, 1, 0, 3, 2, 0, 1, 2, 3, 0, 0, 24, 22, 23]}, null, null, 134, false, [], false, 0, [], null, 0, 1744385248.8153503, 0, {}]
[{"0": [2, 1, 1, 1, 2, 4, 24, 37, 27, 26, 40, 22, 3, 2, 2, 3, 4]}, null, null, 135, false, [], false, 0, [], null, 0, 1744385249.0280418, 0, {}]
[{"0": [2, 2, 2, 2, 1, 0, 0, 2, 1, 2, 1, 1, 0, 2, 2, 1, 4]}, null, null, 136, false, [], false, 0, [], null, 0, 1744385249.24886, 0, {}]
[{"0": [3, 5, 2, 4, 0, 2, 3, 5, 2, 1, 2, 1, 1, 0, 43, 28, 35]}, null, null, 136, false, [], false, 0, [], null, 0, 1744385249.4661348, 0, {}]
[{"0": [3, 2, 2, 2, 3, 16, 1, 2, 3, 2, 0, 3, 2, 2, 2, 5, 3]}, null, null, 137, false, [], false, 0, [], null, 0, 1744385249.66785, 0, {}]
[{"0": [4, 1, 2, 0, 3, 2, 2, 1, 1, 2, 3, 0, 2, 33, 33, 21, 30]}, null, null, 137, false, [], false, 0, [], null, 0, 1744385249.889932, 0, {}]
[{"0": [3, 1, 3, 2, 2, 3, 3, 2, 0, 4, 3, 0, 2, 3, 3, 3, 0]}, null, null, 138, false, [], false, 0, [], null, 0, 1744385250.1099823, 0, {}]
[{"0": [4, 4, 1, 2, 3, 4, 4, 5, 1, 2, 2, 3, 4, 6, 34, 31, 30]}, null, null, 139, false, [], false, 0, [], null, 0, 1744385250.3394616, 0, {}]
[{"0": [0, 2, 1, 1, 1, 1, 6, 3, 4, 3, 0, 1, 0, 2, 1, 26, 34]}, null, null, 139, false, [], false, 0, [], null, 0, 1744385250.5601301, 0, {}]
[{"0": [4, 3, 1, 0, 2, 1, 2, 2, 1, 35, 28, 28, 35, 30, 29, 28, 39]}, null, null, 140, false, [], false, 0, [], null, 0, 1744385250.7650056, 0, {}]
[{"0": [0, 0, 3, 26, 3, 1, 1, 2, 1, 2, 3, 3, 3, 1, 2, 0, 2]}, null, null, 140, false, [], false, 0, [], null, 0, 1744385250.9841743, 0, {}]
[{"0": [27, 27, 35, 28, 34, 1, 2, 2, 3, 4, 1, 3, 0, 2, 5, 1, 0]}, null, null, 141, false, [], false, 0, [], null, 0, 1744385251.1973705, 0, {}]
[{"0": [0, 4, 2, 3, 1, 0, 1, 4, 2, 5, 3, 7, 2, 1, 23, 32, 27]}, null, null, 142, false, [], false, 0, [], null, 0, 1744385251.4055262, 0, {}]
[{"0": [0, 3, 3, 1, 2, 1, 24, 30, 25, 33, 30, 6, 3, 3, 0, 6, 2]}, null, null, 142, false, [], false, 0, [], null, 0, 1744385251.6356442, 0, {}]
[{"0": [2, 2, 3, 4, 1, 1, 2, 0, 4, 1, 3, 3, 2, 29, 33, 1, 2]}, null, null, 143, false, [], false, 0, [], null, 0, 1744385251.8529654, 0, {}]
[{"0": [4, 3, 1, 3, 3, 1, 2, 3, 1, 4, 2, 37, 24, 34, 36, 35, 26]}, null, null, 143, false, [], false, 0, [], null, 0, 1744385252.0639973, 0, {}]
[{"0": [2, 1, 27, 29, 34, 26, 30, 27, 21, 1, 1, 1, 1, 1, 2, 2, 0]}, null, null, 144, false, [], false, 0, [], null, 0, 1744385252.2897885, 0, {}]
[{"0": [1, 0, 1, 5, 3, 1, 2, 1, 2, 29, 33, 25, 34, 29, 28, 26, 21]}, null, null, 145, false, [], false, 0, [], null, 0, 1744385252.5121849, 0, {}]
[{"0": [32, 31, 33, 33, 27, 29, 25, 34, 22, 2, 2, 2, 0, 0, 1, 2, 2]}, null, null, 145, false, [], false, 0, [], null, 0, 1744385252.7138708, 0, {}]
[{"0": [3, 1, 3, 29, 28, 23, 32, 34, 5, 3, 2, 15, 26, 0, 0, 1, 3]}, null, null, 146, false, [], false, 0, [], null, 0, 1744385252.925913, 0, {}]
[{"0": [4, 1, 2, 2, 1, 4, 0, 2, 27, 21, 4, 3, 5, 2, 0, 6, 2]}, null, null, 146, false, [], false, 0, [], null, 0, 1744385253.1384192, 0, {}]
[{"0": [25, 35, 26, 25, 20, 19, 27, 5, 2, 2, 3, 0, 1, 3, 3, 0, 2]}, null, null, 147, false, [], false, 0, [], null, 0, 1744385253.3522067, 0, {}]
[{"0": [28, 33, 32, 26, 28, 32, 34, 24, 28, 0, 0, 1, 2, 1, 1, 1, 3]}, null, null, 148, false, [], false, 0, [], null, 0, 1744385253.5725696, 0, {}]
[{"0": [1, 2, 1, 2, 0, 31, 4, 4, 0, 4, 2, 0, 2, 1, 3, 2, 1]}, null, null, 148, false, [], false, 0, [], null, 0, 1744385253.8003488, 0, {}]
[{"0": [0, 1, 2, 0, 2, 0, 5, 3, 1, 0, 4, 4, 2, 5, 3, 2, 27]}, null, null, 149, false, [], false, 0, [], null, 0, 1744385254.0179472, 0, {}]
[{"0": [2, 4, 4, 3, 2, 1, 0, 2, 28, 24, 32, 37, 27, 30, 0, 2, 3]}, null, null, 149, false, [], false, 0, [], null, 0, 1744385254.2339263, 0, {}]
[{"0": [0, 0, 3, 4, 1, 0, 31, 3, 1, 5, 4, 1, 2, 0, 5, 4, 1]}, null, null, 150, true, [], false, 0, [], null, 0, 1744385254.448262, 0, {}]
