[{"0": [1, 2, 1, 2, 1, 31, 22, 22, 35, 24, 38, 2, 2, 2, 3, 1, 4]}, null, null, 0, false, [], false, 0, [], null, 0, 1744376389.339207, 0, {}]
[{"0": [1, 2, 2, 1, 5, 4, 1, 0, 1, 35, 3, 2, 0, 1, 1, 2, 1]}, null, null, 1, false, [], false, 0, [], null, 0, 1744376389.5786064, 0, {}]
[{"0": [1, 2, 1, 1, 4, 2, 2, 1, 1, 3, 0, 2, 0, 2, 2, 3, 1]}, null, null, 1, false, [], false, 0, [], null, 0, 1744376389.7713525, 0, {}]
[{"0": [2, 1, 1, 1, 2, 4, 3, 2, 1, 2, 2, 20, 3, 1, 0, 0, 1]}, null, null, 2, false, [], false, 0, [], null, 0, 1744376389.9921112, 0, {}]
[{"0": [0, 1, 37, 2, 2, 2, 1, 3, 1, 0, 2, 2, 3, 6, 1, 2, 2]}, null, null, 2, false, [], false, 0, [], null, 0, 1744376390.2171884, 0, {}]
[{"0": [2, 2, 36, 20, 35, 26, 24, 25, 23, 1, 2, 3, 1, 2, 1, 4, 3]}, null, null, 3, false, [], false, 0, [], null, 0, 1744376390.430839, 0, {}]
[{"0": [2, 3, 2, 1, 0, 3, 1, 0, 3, 2, 36, 28, 29, 30, 34, 1, 8]}, null, null, 4, false, [], false, 0, [], null, 0, 1744376390.6482966, 0, {}]
[{"0": [2, 2, 3, 0, 2, 2, 3, 1, 2, 4, 3, 1, 1, 5, 1, 5, 0]}, null, null, 4, false, [], false, 0, [], null, 0, 1744376390.8653526, 0, {}]
[{"0": [3, 3, 0, 1, 3, 1, 1, 1, 3, 3, 1, 1, 4, 3, 1, 3, 27]}, null, null, 5, false, [], false, 0, [], null, 0, 1744376391.0818665, 0, {}]
[{"0": [6, 2, 3, 3, 25, 21, 22, 24, 25, 32, 32, 3, 2, 1, 2, 1, 4]}, null, null, 5, false, [], false, 0, [], null, 0, 1744376391.298776, 0, {}]
[{"0": [0, 3, 1, 1, 5, 2, 3, 0, 2, 7, 1, 1, 2, 3, 2, 1, 2]}, null, null, 6, false, [], false, 0, [], null, 0, 1744376391.5170329, 0, {}]
[{"0": [2, 2, 1, 4, 1, 1, 3, 3, 0, 1, 2, 3, 2, 5, 1, 2, 0]}, null, null, 7, false, [], false, 0, [], null, 0, 1744376391.7401605, 0, {}]
[{"0": [2, 1, 3, 1, 1, 2, 2, 0, 0, 3, 1, 2, 4, 0, 1, 1, 35]}, null, null, 7, false, [], false, 0, [], null, 0, 1744376391.9386647, 0, {}]
[{"0": [1, 3, 3, 0, 1, 2, 2, 1, 2, 28, 36, 24, 22, 23, 2, 3, 1]}, null, null, 8, false, [], false, 0, [], null, 0, 1744376392.1589284, 0, {}]
[{"0": [3, 0, 1, 1, 3, 0, 1, 1, 3, 0, 6, 1, 3, 2, 1, 2, 27]}, null, null, 8, false, [], false, 0, [], null, 0, 1744376392.3847237, 0, {}]
[{"0": [2, 1, 3, 1, 3, 2, 3, 1, 1, 34, 35, 33, 0, 3, 4, 3, 2]}, null, null, 9, false, [], false, 0, [], null, 0, 1744376392.6023874, 0, {}]
[{"0": [1, 0, 6, 1, 1, 2, 1, 3, 0, 1, 1, 1, 3, 2, 2, 2, 3]}, null, null, 10, false, [], false, 0, [], null, 0, 1744376392.806964, 0, {}]
[{"0": [1, 0, 4, 3, 2, 4, 6, 1, 3, 2, 0, 1, 2, 1, 1, 2, 3]}, null, null, 10, false, [], false, 0, [], null, 0, 1744376393.023371, 0, {}]
[{"0": [3, 1, 32, 36, 40, 44, 29, 26, 2, 1, 0, 1, 0, 4, 0, 0, 3]}, null, null, 11, false, [], false, 0, [], null, 0, 1744376393.2401168, 0, {}]
[{"0": [1, 2, 3, 1, 1, 1, 3, 2, 2, 4, 3, 2, 2, 1, 0, 3, 32]}, null, null, 11, false, [], false, 0, [], null, 0, 1744376393.4746032, 0, {}]
[{"0": [2, 5, 1, 2, 1, 21, 33, 25, 26, 2, 3, 3, 0, 1, 2, 2, 1]}, null, null, 12, false, [], false, 0, [], null, 0, 1744376393.6769493, 0, {}]
[{"0": [1, 2, 1, 1, 2, 1, 1, 5, 2, 3, 23, 3, 1, 4, 1, 3, 2]}, null, null, 13, false, [], false, 0, [], null, 0, 1744376393.8910983, 0, {}]
[{"0": [1, 2, 1, 2, 3, 5, 2, 2, 30, 23, 19, 35, 25, 26, 31, 0, 4]}, null, null, 13, false, [], false, 0, [], null, 0, 1744376394.1082053, 0, {}]
[{"0": [23, 37, 44, 32, 2, 1, 2, 1, 0, 3, 5, 1, 5, 1, 1, 2, 2]}, null, null, 14, false, [], false, 0, [], null, 0, 1744376394.329601, 0, {}]
[{"0": [26, 27, 1, 3, 0, 0, 1, 2, 2, 1, 0, 1, 1, 5, 2, 5, 1]}, null, null, 14, false, [], false, 0, [], null, 0, 1744376394.551074, 0, {}]
[{"0": [3, 1, 2, 1, 4, 0, 2, 32, 34, 23, 0, 3, 1, 3, 3, 0, 3]}, null, null, 15, false, [], false, 0, [], null, 0, 1744376394.7666893, 0, {}]
[{"0": [2, 1, 0, 3, 1, 2, 1, 3, 2, 1, 19, 32, 1, 2, 2, 3, 2]}, null, null, 16, false, [], false, 0, [], null, 0, 1744376394.9738908, 0, {}]
[{"0": [5, 3, 32, 32, 0, 3, 1, 0, 3, 0, 2, 4, 3, 3, 2, 2, 2]}, null, null, 16, false, [], false, 0, [], null, 0, 1744376395.1926346, 0, {}]
[{"0": [0, 1, 0, 4, 1, 0, 0, 26, 22, 2, 1, 2, 1, 2, 0, 5, 3]}, null, null, 17, false, [], false, 0, [], null, 0, 1744376395.406011, 0, {}]
[{"0": [4, 4, 2, 4, 0, 0, 2, 2, 0, 2, 2, 1, 4, 4, 3, 0, 2]}, null, null, 17, false, [], false, 0, [], null, 0, 1744376395.6300936, 0, {}]
[{"0": [1, 2, 1, 1, 1, 24, 26, 39, 30, 32, 2, 0, 2, 0, 2, 2, 0]}, null, null, 18, false, [], false, 0, [], null, 0, 1744376395.8422062, 0, {}]
[{"0": [1, 3, 1, 1, 2, 6, 1, 7, 0, 25, 2, 0, 3, 1, 3, 4, 1]}, null, null, 19, false, [], false, 0, [], null, 0, 1744376396.064437, 0, {}]
[{"0": [2, 0, 2, 2, 2, 1, 0, 3, 1, 3, 5, 2, 28, 22, 30, 3, 3]}, null, null, 19, false, [], false, 0, [], null, 0, 1744376396.2749438, 0, {}]
[{"0": [33, 1, 6, 3, 1, 4, 1, 5, 2, 4, 2, 2, 1, 0, 2, 3, 1]}, null, null, 20, false, [], false, 0, [], null, 0, 1744376396.4928358, 0, {}]
[{"0": [1, 5, 1, 3, 1, 23, 25, 2, 1, 1, 2, 1, 0, 1, 3, 4, 0]}, null, null, 20, false, [], false, 0, [], null, 0, 1744376396.7235782, 0, {}]
[{"0": [0, 1, 2, 0, 2, 3, 4, 1, 1, 2, 26, 28, 27, 20, 23, 20, 29]}, null, null, 21, false, [], false, 0, [], null, 0, 1744376396.9215426, 0, {}]
[{"0": [2, 0, 1, 1, 1, 4, 0, 29, 1, 1, 0, 3, 3, 3, 3, 4, 3]}, null, null, 22, false, [], false, 0, [], null, 0, 1744376397.1397233, 0, {}]
[{"0": [0, 1, 2, 1, 0, 1, 0, 4, 3, 2, 2, 2, 5, 2, 1, 3, 28]}, null, null, 22, false, [], false, 0, [], null, 0, 1744376397.3583877, 0, {}]
[{"0": [2, 4, 4, 1, 4, 4, 26, 36, 38, 2, 3, 1, 2, 1, 5, 1, 4]}, null, null, 23, false, [], false, 0, [], null, 0, 1744376397.5845594, 0, {}]
[{"0": [4, 5, 6, 0, 2, 2, 1, 2, 2, 31, 3, 1, 1, 1, 3, 0, 1]}, null, null, 23, false, [], false, 0, [], null, 0, 1744376397.7908216, 0, {}]
[{"0": [0, 3, 3, 1, 30, 1, 0, 1, 2, 1, 0, 2, 2, 0, 0, 4, 5]}, null, null, 24, false, [], false, 0, [], null, 0, 1744376398.0071023, 0, {}]
[{"0": [29, 23, 0, 4, 0, 4, 0, 3, 5, 1, 0, 2, 2, 3, 1, 1, 2]}, null, null, 25, false, [], false, 0, [], null, 0, 1744376398.230586, 0, {}]
[{"0": [1, 0, 0, 2, 0, 0, 3, 0, 2, 0, 5, 4, 1, 1, 5, 22, 24]}, null, null, 25, false, [], false, 0, [], null, 0, 1744376398.4413066, 0, {}]
[{"0": [5, 0, 1, 0, 2, 2, 27, 21, 33, 28, 24, 20, 1, 1, 3, 3, 1]}, null, null, 26, false, [], false, 0, [], null, 0, 1744376398.652561, 0, {}]
[{"0": [2, 3, 3, 2, 2, 3, 1, 3, 2, 3, 2, 24, 29, 33, 1, 4, 2]}, null, null, 27, false, [], false, 0, [], null, 0, 1744376398.8715115, 0, {}]
[{"0": [4, 1, 4, 4, 4, 3, 2, 35, 26, 19, 24, 0, 4, 0, 1, 3, 4]}, null, null, 27, false, [], false, 0, [], null, 0, 1744376399.0919511, 0, {}]
[{"0": [29, 31, 27, 1, 4, 3, 1, 4, 2, 3, 0, 2, 2, 5, 2, 5, 2]}, null, null, 28, false, [], false, 0, [], null, 0, 1744376399.3116605, 0, {}]
[{"0": [1, 0, 7, 3, 0, 1, 0, 3, 37, 29, 39, 33, 27, 35, 3, 0, 2]}, null, null, 28, false, [], false, 0, [], null, 0, 1744376399.5294669, 0, {}]
[{"0": [3, 0, 3, 3, 3, 3, 2, 2, 3, 3, 1, 3, 24, 23, 1, 3, 0]}, null, null, 29, false, [], false, 0, [], null, 0, 1744376399.7362375, 0, {}]
[{"0": [4, 6, 4, 1, 1, 33, 28, 2, 3, 1, 1, 1, 3, 0, 1, 0, 4]}, null, null, 30, false, [], false, 0, [], null, 0, 1744376399.9682, 0, {}]
[{"0": [1, 4, 1, 31, 29, 28, 33, 22, 25, 39, 19, 33, 24, 26, 30, 27, 41]}, null, null, 30, false, [], false, 0, [], null, 0, 1744376400.1791978, 0, {}]
[{"0": [1, 4, 4, 1, 2, 0, 28, 2, 3, 0, 4, 3, 2, 2, 2, 5, 1]}, null, null, 31, false, [], false, 0, [], null, 0, 1744376400.400079, 0, {}]
[{"0": [1, 28, 26, 21, 35, 32, 33, 31, 35, 34, 35, 31, 23, 19, 27, 28, 30]}, null, null, 31, false, [], false, 0, [], null, 0, 1744376400.6037502, 0, {}]
[{"0": [2, 0, 2, 0, 5, 0, 1, 1, 0, 3, 2, 3, 2, 3, 2, 2, 1]}, null, null, 32, false, [], false, 0, [], null, 0, 1744376400.8259783, 0, {}]
[{"0": [0, 1, 1, 30, 24, 28, 34, 23, 36, 29, 34, 0, 3, 2, 3, 1, 2]}, null, null, 33, false, [], false, 0, [], null, 0, 1744376401.032667, 0, {}]
[{"0": [3, 2, 2, 3, 0, 1, 0, 24, 1, 2, 0, 2, 0, 1, 1, 1, 0]}, null, null, 33, false, [], false, 0, [], null, 0, 1744376401.264629, 0, {}]
[{"0": [0, 4, 2, 3, 2, 1, 3, 0, 1, 25, 30, 2, 2, 2, 1, 0, 3]}, null, null, 34, false, [], false, 0, [], null, 0, 1744376401.468111, 0, {}]
[{"0": [1, 1, 2, 2, 1, 32, 22, 30, 34, 33, 0, 2, 2, 3, 0, 0, 2]}, null, null, 34, false, [], false, 0, [], null, 0, 1744376401.7006595, 0, {}]
[{"0": [1, 1, 1, 2, 0, 3, 3, 3, 4, 4, 5, 0, 0, 0, 1, 0, 0]}, null, null, 35, false, [], false, 0, [], null, 0, 1744376401.915728, 0, {}]
[{"0": [3, 0, 1, 1, 0, 3, 4, 1, 3, 1, 24, 35, 36, 31, 22, 2, 2]}, null, null, 36, false, [], false, 0, [], null, 0, 1744376402.1201138, 0, {}]
[{"0": [3, 1, 1, 1, 1, 1, 4, 6, 28, 30, 33, 1, 1, 1, 1, 2, 2]}, null, null, 36, false, [], false, 0, [], null, 0, 1744376402.3347745, 0, {}]
[{"0": [1, 1, 1, 2, 0, 3, 2, 1, 3, 1, 1, 19, 20, 36, 2, 1, 3]}, null, null, 37, false, [], false, 0, [], null, 0, 1744376402.5523157, 0, {}]
[{"0": [3, 5, 4, 0, 4, 0, 4, 2, 0, 38, 31, 28, 24, 33, 24, 33, 31]}, null, null, 37, false, [], false, 0, [], null, 0, 1744376402.7688074, 0, {}]
[{"0": [1, 3, 5, 1, 0, 1, 1, 28, 35, 18, 27, 19, 31, 21, 23, 27, 34]}, null, null, 38, false, [], false, 0, [], null, 0, 1744376402.9835446, 0, {}]
[{"0": [0, 0, 3, 2, 0, 0, 0, 0, 0, 4, 1, 0, 3, 2, 1, 1, 25]}, null, null, 39, false, [], false, 0, [], null, 0, 1744376403.2012472, 0, {}]
[{"0": [25, 1, 1, 0, 2, 1, 0, 1, 5, 0, 2, 3, 4, 2, 1, 3, 0]}, null, null, 39, false, [], false, 0, [], null, 0, 1744376403.4260616, 0, {}]
[{"0": [5, 3, 1, 2, 0, 2, 0, 3, 4, 36, 33, 38, 27, 27, 2, 2, 4]}, null, null, 40, false, [], false, 0, [], null, 0, 1744376403.649595, 0, {}]
[{"0": [4, 4, 4, 3, 0, 0, 1, 2, 2, 1, 1, 0, 2, 2, 0, 2, 15]}, null, null, 40, false, [], false, 0, [], null, 0, 1744376403.8546267, 0, {}]
[{"0": [0, 3, 1, 1, 4, 2, 3, 1, 2, 0, 5, 4, 1, 1, 2, 1, 29]}, null, null, 41, false, [], false, 0, [], null, 0, 1744376404.0707417, 0, {}]
[{"0": [3, 2, 2, 3, 1, 2, 2, 1, 6, 2, 1, 1, 2, 1, 2, 1, 31]}, null, null, 42, false, [], false, 0, [], null, 0, 1744376404.2889671, 0, {}]
[{"0": [18, 22, 26, 1, 4, 3, 1, 2, 3, 5, 1, 4, 0, 2, 4, 3, 1]}, null, null, 42, false, [], false, 0, [], null, 0, 1744376404.5082495, 0, {}]
[{"0": [1, 1, 2, 0, 0, 1, 2, 6, 3, 0, 0, 2, 21, 20, 29, 33, 22]}, null, null, 43, false, [], false, 0, [], null, 0, 1744376404.7253928, 0, {}]
[{"0": [1, 6, 4, 1, 1, 4, 3, 2, 0, 1, 2, 27, 40, 28, 1, 0, 1]}, null, null, 43, false, [], false, 0, [], null, 0, 1744376404.9409957, 0, {}]
[{"0": [0, 1, 2, 4, 1, 2, 3, 1, 0, 4, 2, 1, 1, 2, 26, 32, 33]}, null, null, 44, false, [], false, 0, [], null, 0, 1744376405.160692, 0, {}]
[{"0": [1, 2, 1, 0, 1, 1, 3, 21, 21, 25, 27, 31, 14, 28, 31, 25, 2]}, null, null, 45, false, [], false, 0, [], null, 0, 1744376405.3837233, 0, {}]
[{"0": [21, 3, 1, 1, 1, 0, 2, 1, 2, 2, 3, 3, 1, 3, 0, 1, 1]}, null, null, 45, false, [], false, 0, [], null, 0, 1744376405.6040154, 0, {}]
[{"0": [1, 3, 2, 3, 0, 2, 1, 0, 1, 30, 29, 23, 23, 1, 2, 2, 0]}, null, null, 46, false, [], false, 0, [], null, 0, 1744376405.8087, 0, {}]
[{"0": [4, 1, 3, 1, 1, 2, 4, 5, 2, 4, 4, 5, 2, 2, 0, 1, 0]}, null, null, 46, false, [], false, 0, [], null, 0, 1744376406.0221007, 0, {}]
[{"0": [1, 2, 2, 4, 3, 0, 5, 3, 4, 0, 0, 35, 27, 26, 26, 29, 26]}, null, null, 47, false, [], false, 0, [], null, 0, 1744376406.2479753, 0, {}]
[{"0": [2, 2, 4, 0, 0, 2, 0, 4, 1, 4, 1, 0, 31, 33, 40, 1, 1]}, null, null, 48, false, [], false, 0, [], null, 0, 1744376406.464026, 0, {}]
[{"0": [1, 1, 3, 3, 2, 3, 2, 1, 23, 26, 26, 22, 29, 36, 50, 0, 3]}, null, null, 48, false, [], false, 0, [], null, 0, 1744376406.6642327, 0, {}]
[{"0": [2, 0, 2, 0, 1, 0, 3, 4, 2, 1, 0, 2, 0, 3, 2, 3, 2]}, null, null, 49, false, [], false, 0, [], null, 0, 1744376406.900874, 0, {}]
[{"0": [1, 5, 30, 0, 4, 3, 0, 2, 4, 2, 4, 4, 5, 1, 3, 3, 5]}, null, null, 49, false, [], false, 0, [], null, 0, 1744376407.097871, 0, {}]
[{"0": [2, 4, 6, 2, 0, 26, 23, 27, 33, 28, 32, 24, 22, 28, 27, 29, 22]}, null, null, 50, false, [], false, 0, [], null, 0, 1744376407.3343534, 0, {}]
[{"0": [1, 4, 1, 3, 36, 21, 28, 28, 22, 1, 3, 1, 3, 1, 2, 3, 1]}, null, null, 51, false, [], false, 0, [], null, 0, 1744376407.5483356, 0, {}]
[{"0": [3, 1, 1, 2, 1, 1, 1, 0, 2, 1, 0, 1, 2, 1, 1, 3, 1]}, null, null, 51, false, [], false, 0, [], null, 0, 1744376407.7641852, 0, {}]
[{"0": [2, 3, 1, 3, 1, 22, 22, 26, 34, 29, 27, 26, 2, 2, 0, 3, 2]}, null, null, 52, false, [], false, 0, [], null, 0, 1744376407.9758608, 0, {}]
[{"0": [3, 4, 2, 4, 3, 24, 27, 37, 20, 1, 0, 1, 1, 3, 2, 4, 2]}, null, null, 52, false, [], false, 0, [], null, 0, 1744376408.2002327, 0, {}]
[{"0": [2, 3, 34, 27, 25, 28, 25, 25, 28, 26, 28, 44, 34, 25, 30, 38, 23]}, null, null, 53, false, [], false, 0, [], null, 0, 1744376408.4040396, 0, {}]
[{"0": [2, 1, 0, 3, 0, 1, 1, 1, 0, 1, 20, 1, 1, 2, 2, 1, 1]}, null, null, 54, false, [], false, 0, [], null, 0, 1744376408.6254063, 0, {}]
[{"0": [1, 0, 2, 3, 1, 4, 2, 3, 1, 2, 27, 25, 2, 1, 4, 1, 1]}, null, null, 54, false, [], false, 0, [], null, 0, 1744376408.8340492, 0, {}]
[{"0": [2, 1, 3, 6, 2, 1, 1, 3, 1, 1, 26, 21, 25, 39, 27, 2, 4]}, null, null, 55, false, [], false, 0, [], null, 0, 1744376409.0527291, 0, {}]
[{"0": [3, 1, 3, 23, 36, 28, 2, 6, 1, 0, 2, 2, 0, 2, 1, 1, 1]}, null, null, 55, false, [], false, 0, [], null, 0, 1744376409.2727425, 0, {}]
[{"0": [33, 1, 3, 4, 5, 1, 1, 2, 3, 0, 1, 0, 3, 1, 1, 1, 0]}, null, null, 56, false, [], false, 0, [], null, 0, 1744376409.4932787, 0, {}]
[{"0": [0, 0, 3, 4, 1, 2, 2, 5, 27, 1, 3, 1, 1, 5, 4, 6, 0]}, null, null, 57, false, [], false, 0, [], null, 0, 1744376409.7162955, 0, {}]
[{"0": [1, 2, 1, 2, 2, 2, 23, 1, 0, 2, 1, 3, 1, 2, 2, 1, 1]}, null, null, 57, false, [], false, 0, [], null, 0, 1744376409.9306684, 0, {}]
[{"0": [3, 2, 1, 2, 6, 2, 1, 20, 34, 34, 28, 35, 22, 30, 23, 2, 0]}, null, null, 58, false, [], false, 0, [], null, 0, 1744376410.1458492, 0, {}]
[{"0": [0, 1, 1, 3, 1, 2, 2, 3, 3, 1, 1, 0, 1, 2, 1, 2, 33]}, null, null, 58, false, [], false, 0, [], null, 0, 1744376410.351216, 0, {}]
[{"0": [2, 2, 2, 1, 4, 0, 1, 3, 2, 1, 2, 6, 0, 1, 2, 2, 30]}, null, null, 59, false, [], false, 0, [], null, 0, 1744376410.5753343, 0, {}]
[{"0": [0, 1, 2, 0, 6, 4, 3, 3, 2, 1, 1, 2, 0, 1, 1, 1, 1]}, null, null, 60, false, [], false, 0, [], null, 0, 1744376410.7954974, 0, {}]
[{"0": [1, 1, 1, 1, 4, 2, 5, 2, 3, 36, 29, 28, 25, 15, 29, 22, 28]}, null, null, 60, false, [], false, 0, [], null, 0, 1744376411.00396, 0, {}]
[{"0": [0, 2, 3, 1, 2, 0, 2, 2, 0, 1, 33, 5, 0, 1, 0, 1, 2]}, null, null, 61, false, [], false, 0, [], null, 0, 1744376411.231271, 0, {}]
[{"0": [0, 3, 2, 2, 0, 0, 2, 2, 32, 26, 1, 1, 1, 2, 1, 0, 2]}, null, null, 61, false, [], false, 0, [], null, 0, 1744376411.4497316, 0, {}]
[{"0": [3, 2, 0, 2, 2, 1, 1, 3, 3, 3, 1, 0, 1, 0, 3, 3, 0]}, null, null, 62, false, [], false, 0, [], null, 0, 1744376411.666327, 0, {}]
[{"0": [1, 3, 1, 6, 0, 5, 34, 20, 23, 31, 32, 33, 1, 3, 2, 3, 2]}, null, null, 63, false, [], false, 0, [], null, 0, 1744376411.8852553, 0, {}]
[{"0": [30, 1, 6, 0, 2, 1, 0, 1, 1, 2, 1, 1, 4, 1, 4, 2, 2]}, null, null, 63, false, [], false, 0, [], null, 0, 1744376412.0827522, 0, {}]
[{"0": [1, 0, 3, 2, 4, 3, 2, 3, 3, 27, 21, 37, 27, 30, 34, 2, 1]}, null, null, 64, false, [], false, 0, [], null, 0, 1744376412.308426, 0, {}]
[{"0": [4, 30, 18, 23, 1, 1, 2, 1, 1, 3, 1, 0, 1, 1, 4, 0, 1]}, null, null, 64, false, [], false, 0, [], null, 0, 1744376412.5361555, 0, {}]
[{"0": [0, 0, 3, 0, 4, 2, 2, 1, 4, 1, 19, 31, 22, 1, 2, 4, 3]}, null, null, 65, false, [], false, 0, [], null, 0, 1744376412.7421932, 0, {}]
[{"0": [1, 3, 5, 1, 3, 1, 29, 16, 31, 38, 31, 33, 19, 27, 21, 27, 41]}, null, null, 66, false, [], false, 0, [], null, 0, 1744376412.9563618, 0, {}]
[{"0": [1, 4, 3, 1, 5, 3, 2, 3, 3, 0, 2, 0, 2, 0, 3, 1, 36]}, null, null, 66, false, [], false, 0, [], null, 0, 1744376413.166589, 0, {}]
[{"0": [1, 2, 0, 1, 1, 2, 1, 2, 3, 3, 2, 3, 4, 0, 1, 44, 26]}, null, null, 67, false, [], false, 0, [], null, 0, 1744376413.3791132, 0, {}]
[{"0": [5, 2, 2, 4, 2, 2, 1, 0, 29, 26, 21, 41, 24, 22, 33, 25, 25]}, null, null, 67, false, [], false, 0, [], null, 0, 1744376413.5959227, 0, {}]
[{"0": [3, 2, 2, 1, 2, 1, 3, 0, 3, 3, 1, 5, 5, 2, 2, 1, 33]}, null, null, 68, false, [], false, 0, [], null, 0, 1744376413.8131137, 0, {}]
[{"0": [4, 2, 0, 1, 0, 3, 2, 0, 3, 1, 1, 2, 0, 2, 1, 3, 3]}, null, null, 69, false, [], false, 0, [], null, 0, 1744376414.0324566, 0, {}]
[{"0": [0, 0, 2, 4, 0, 2, 2, 3, 4, 6, 2, 3, 33, 25, 2, 1, 2]}, null, null, 69, false, [], false, 0, [], null, 0, 1744376414.2500358, 0, {}]
[{"0": [2, 0, 1, 29, 23, 32, 33, 27, 29, 1, 0, 0, 2, 1, 0, 4, 2]}, null, null, 70, false, [], false, 0, [], null, 0, 1744376414.4663942, 0, {}]
[{"0": [1, 3, 1, 3, 0, 2, 2, 3, 1, 1, 1, 1, 1, 1, 0, 22, 19]}, null, null, 70, false, [], false, 0, [], null, 0, 1744376414.6960945, 0, {}]
[{"0": [2, 3, 0, 0, 1, 0, 3, 2, 29, 26, 37, 30, 28, 26, 26, 33, 33]}, null, null, 71, false, [], false, 0, [], null, 0, 1744376414.8983724, 0, {}]
[{"0": [29, 25, 2, 3, 1, 1, 2, 1, 0, 0, 4, 3, 0, 2, 0, 0, 1]}, null, null, 72, false, [], false, 0, [], null, 0, 1744376415.123847, 0, {}]
[{"0": [1, 0, 1, 2, 5, 3, 0, 41, 29, 29, 36, 28, 31, 30, 31, 24, 38]}, null, null, 72, false, [], false, 0, [], null, 0, 1744376415.337049, 0, {}]
[{"0": [0, 2, 6, 1, 3, 1, 3, 3, 23, 23, 25, 32, 22, 33, 30, 33, 30]}, null, null, 73, false, [], false, 0, [], null, 0, 1744376415.5573819, 0, {}]
[{"0": [4, 1, 31, 25, 26, 32, 25, 35, 35, 32, 32, 27, 2, 2, 2, 4, 3]}, null, null, 73, false, [], false, 0, [], null, 0, 1744376415.770993, 0, {}]
[{"0": [1, 0, 4, 28, 26, 23, 29, 0, 3, 4, 1, 2, 2, 2, 3, 2, 4]}, null, null, 74, false, [], false, 0, [], null, 0, 1744376415.9955745, 0, {}]
[{"0": [0, 0, 1, 2, 1, 0, 1, 0, 0, 2, 20, 27, 33, 23, 22, 30, 24]}, null, null, 75, false, [], false, 0, [], null, 0, 1744376416.2011912, 0, {}]
[{"0": [0, 1, 0, 1, 3, 0, 31, 2, 1, 1, 1, 4, 4, 1, 4, 2, 2]}, null, null, 75, false, [], false, 0, [], null, 0, 1744376416.416801, 0, {}]
[{"0": [1, 1, 2, 2, 2, 1, 3, 1, 27, 4, 3, 1, 3, 2, 6, 4, 2]}, null, null, 76, false, [], false, 0, [], null, 0, 1744376416.6472685, 0, {}]
[{"0": [0, 1, 2, 2, 2, 4, 2, 1, 24, 20, 34, 24, 3, 1, 2, 1, 1]}, null, null, 77, false, [], false, 0, [], null, 0, 1744376416.857603, 0, {}]
[{"0": [1, 1, 2, 4, 0, 5, 3, 4, 2, 4, 1, 1, 2, 0, 2, 0, 1]}, null, null, 77, false, [], false, 0, [], null, 0, 1744376417.0838413, 0, {}]
[{"0": [1, 1, 5, 2, 1, 1, 1, 6, 4, 6, 42, 27, 33, 34, 4, 4, 3]}, null, null, 78, false, [], false, 0, [], null, 0, 1744376417.2875862, 0, {}]
[{"0": [1, 36, 0, 5, 4, 2, 1, 3, 2, 1, 1, 1, 0, 2, 0, 2, 4]}, null, null, 78, false, [], false, 0, [], null, 0, 1744376417.5014029, 0, {}]
[{"0": [0, 3, 2, 2, 2, 22, 32, 23, 26, 33, 35, 27, 35, 33, 32, 3, 0]}, null, null, 79, false, [], false, 0, [], null, 0, 1744376417.7227385, 0, {}]
[{"0": [0, 3, 1, 4, 3, 1, 0, 2, 23, 35, 32, 0, 2, 1, 2, 2, 2]}, null, null, 80, false, [], false, 0, [], null, 0, 1744376417.93963, 0, {}]
[{"0": [6, 3, 1, 2, 0, 21, 3, 1, 0, 1, 1, 0, 1, 1, 4, 2, 3]}, null, null, 80, false, [], false, 0, [], null, 0, 1744376418.146576, 0, {}]
[{"0": [2, 0, 1, 2, 2, 2, 0, 3, 0, 2, 2, 6, 2, 1, 2, 2, 25]}, null, null, 81, false, [], false, 0, [], null, 0, 1744376418.374273, 0, {}]
[{"0": [3, 5, 1, 2, 4, 4, 0, 4, 0, 2, 3, 30, 23, 3, 2, 2, 3]}, null, null, 81, false, [], false, 0, [], null, 0, 1744376418.5838394, 0, {}]
[{"0": [1, 4, 3, 0, 2, 2, 3, 26, 28, 25, 2, 1, 3, 4, 0, 2, 0]}, null, null, 82, false, [], false, 0, [], null, 0, 1744376418.8069985, 0, {}]
[{"0": [3, 3, 0, 2, 1, 2, 29, 34, 24, 3, 0, 1, 1, 0, 1, 2, 1]}, null, null, 83, false, [], false, 0, [], null, 0, 1744376419.0111444, 0, {}]
[{"0": [2, 0, 2, 1, 1, 3, 1, 2, 1, 1, 2, 1, 3, 3, 2, 22, 25]}, null, null, 83, false, [], false, 0, [], null, 0, 1744376419.2293553, 0, {}]
[{"0": [2, 1, 30, 29, 1, 3, 1, 1, 1, 3, 2, 1, 2, 4, 0, 1, 3]}, null, null, 84, false, [], false, 0, [], null, 0, 1744376419.45266, 0, {}]
[{"0": [1, 2, 1, 1, 9, 0, 2, 3, 2, 2, 31, 36, 30, 31, 23, 1, 1]}, null, null, 84, false, [], false, 0, [], null, 0, 1744376419.6683998, 0, {}]
[{"0": [0, 2, 1, 1, 1, 35, 24, 0, 4, 4, 2, 1, 4, 1, 2, 2, 1]}, null, null, 85, false, [], false, 0, [], null, 0, 1744376419.8792794, 0, {}]
[{"0": [0, 1, 2, 2, 2, 3, 1, 2, 2, 0, 3, 31, 31, 1, 1, 1, 1]}, null, null, 86, false, [], false, 0, [], null, 0, 1744376420.1044984, 0, {}]
[{"0": [1, 2, 2, 3, 0, 1, 23, 19, 31, 5, 2, 3, 2, 1, 2, 2, 3]}, null, null, 86, false, [], false, 0, [], null, 0, 1744376420.3238807, 0, {}]
[{"0": [2, 4, 2, 1, 2, 1, 4, 0, 3, 2, 0, 1, 2, 2, 0, 4, 19]}, null, null, 87, false, [], false, 0, [], null, 0, 1744376420.5311527, 0, {}]
[{"0": [1, 4, 1, 3, 3, 4, 3, 4, 1, 2, 5, 5, 3, 1, 20, 2, 3]}, null, null, 87, false, [], false, 0, [], null, 0, 1744376420.7475674, 0, {}]
[{"0": [1, 1, 3, 0, 0, 2, 2, 29, 34, 34, 34, 42, 41, 0, 3, 0, 1]}, null, null, 88, false, [], false, 0, [], null, 0, 1744376420.9721534, 0, {}]
[{"0": [23, 32, 1, 2, 4, 2, 2, 1, 1, 0, 0, 4, 3, 1, 3, 2, 1]}, null, null, 89, false, [], false, 0, [], null, 0, 1744376421.192025, 0, {}]
[{"0": [3, 0, 1, 37, 20, 32, 27, 30, 29, 35, 33, 34, 34, 27, 1, 4, 1]}, null, null, 89, false, [], false, 0, [], null, 0, 1744376421.3964841, 0, {}]
[{"0": [1, 2, 2, 2, 1, 2, 3, 3, 5, 0, 1, 2, 1, 0, 3, 31, 26]}, null, null, 90, false, [], false, 0, [], null, 0, 1744376421.6180098, 0, {}]
[{"0": [3, 3, 4, 1, 0, 2, 2, 2, 2, 0, 0, 3, 2, 3, 0, 1, 2]}, null, null, 90, false, [], false, 0, [], null, 0, 1744376421.8404467, 0, {}]
[{"0": [3, 1, 1, 3, 0, 1, 2, 4, 4, 2, 3, 3, 1, 0, 25, 1, 2]}, null, null, 91, false, [], false, 0, [], null, 0, 1744376422.0524275, 0, {}]
[{"0": [1, 0, 1, 1, 1, 3, 0, 2, 37, 23, 24, 30, 27, 15, 28, 31, 38]}, null, null, 92, false, [], false, 0, [], null, 0, 1744376422.278698, 0, {}]
[{"0": [0, 2, 1, 1, 2, 1, 0, 5, 2, 3, 2, 2, 1, 1, 0, 4, 1]}, null, null, 92, false, [], false, 0, [], null, 0, 1744376422.4772737, 0, {}]
[{"0": [1, 0, 1, 3, 4, 1, 3, 1, 0, 28, 26, 1, 1, 3, 2, 3, 1]}, null, null, 93, false, [], false, 0, [], null, 0, 1744376422.7014425, 0, {}]
[{"0": [3, 1, 2, 2, 1, 1, 0, 1, 38, 35, 27, 38, 1, 2, 3, 1, 3]}, null, null, 93, false, [], false, 0, [], null, 0, 1744376422.9221797, 0, {}]
[{"0": [1, 4, 6, 4, 1, 2, 1, 1, 0, 1, 1, 2, 2, 2, 2, 39, 29]}, null, null, 94, false, [], false, 0, [], null, 0, 1744376423.132246, 0, {}]
[{"0": [4, 3, 5, 1, 1, 1, 2, 25, 20, 22, 25, 27, 36, 28, 27, 23, 3]}, null, null, 95, false, [], false, 0, [], null, 0, 1744376423.3610482, 0, {}]
[{"0": [37, 28, 21, 35, 3, 2, 1, 2, 3, 2, 3, 0, 4, 0, 1, 2, 0]}, null, null, 95, false, [], false, 0, [], null, 0, 1744376423.5617719, 0, {}]
[{"0": [1, 5, 5, 1, 3, 3, 31, 2, 1, 1, 0, 2, 1, 0, 0, 1, 0]}, null, null, 96, false, [], false, 0, [], null, 0, 1744376423.79943, 0, {}]
[{"0": [1, 3, 37, 32, 33, 31, 1, 2, 1, 2, 4, 0, 4, 4, 1, 1, 1]}, null, null, 96, false, [], false, 0, [], null, 0, 1744376424.010696, 0, {}]
[{"0": [1, 3, 0, 1, 2, 3, 1, 3, 2, 3, 3, 24, 27, 27, 29, 25, 28]}, null, null, 97, false, [], false, 0, [], null, 0, 1744376424.2224293, 0, {}]
[{"0": [3, 2, 0, 0, 3, 0, 0, 2, 1, 1, 3, 1, 2, 0, 2, 3, 2]}, null, null, 98, false, [], false, 0, [], null, 0, 1744376424.4401314, 0, {}]
[{"0": [2, 0, 2, 3, 1, 2, 1, 0, 3, 0, 2, 33, 22, 37, 2, 3, 0]}, null, null, 98, false, [], false, 0, [], null, 0, 1744376424.654804, 0, {}]
[{"0": [3, 2, 1, 2, 1, 2, 1, 6, 2, 1, 27, 28, 1, 7, 1, 3, 2]}, null, null, 99, false, [], false, 0, [], null, 0, 1744376424.8762498, 0, {}]
[{"0": [2, 1, 1, 2, 1, 3, 4, 3, 1, 1, 4, 2, 3, 2, 2, 0, 24]}, null, null, 99, false, [], false, 0, [], null, 0, 1744376425.0928159, 0, {}]
[{"0": [0, 1, 3, 2, 4, 3, 1, 1, 0, 3, 1, 2, 1, 3, 1, 3, 31]}, null, null, 100, false, [], false, 0, [], null, 0, 1744376425.3005757, 0, {}]
[{"0": [1, 2, 1, 1, 1, 0, 1, 3, 0, 29, 3, 2, 3, 0, 1, 1, 1]}, null, null, 101, false, [], false, 0, [], null, 0, 1744376425.5209348, 0, {}]
[{"0": [3, 0, 2, 1, 1, 6, 2, 3, 28, 1, 1, 0, 7, 2, 1, 1, 2]}, null, null, 101, false, [], false, 0, [], null, 0, 1744376425.7333279, 0, {}]
[{"0": [3, 2, 1, 3, 1, 2, 3, 1, 2, 1, 0, 3, 1, 0, 2, 1, 25]}, null, null, 102, false, [], false, 0, [], null, 0, 1744376425.9563997, 0, {}]
[{"0": [3, 0, 3, 1, 0, 1, 1, 2, 2, 34, 21, 28, 24, 2, 4, 2, 0]}, null, null, 102, false, [], false, 0, [], null, 0, 1744376426.1660187, 0, {}]
[{"0": [5, 2, 0, 3, 3, 1, 29, 22, 27, 1, 2, 3, 2, 4, 3, 1, 3]}, null, null, 103, false, [], false, 0, [], null, 0, 1744376426.3786762, 0, {}]
[{"0": [3, 1, 1, 2, 0, 3, 0, 2, 3, 3, 23, 9, 29, 23, 1, 3, 2]}, null, null, 104, false, [], false, 0, [], null, 0, 1744376426.600993, 0, {}]
[{"0": [3, 5, 1, 1, 1, 1, 4, 2, 4, 1, 4, 3, 0, 1, 32, 23, 32]}, null, null, 104, false, [], false, 0, [], null, 0, 1744376426.8149369, 0, {}]
[{"0": [1, 2, 3, 3, 4, 3, 0, 1, 3, 1, 23, 19, 27, 19, 25, 30, 25]}, null, null, 105, false, [], false, 0, [], null, 0, 1744376427.0406563, 0, {}]
[{"0": [3, 0, 2, 1, 0, 2, 0, 2, 36, 2, 1, 1, 3, 1, 1, 1, 1]}, null, null, 105, false, [], false, 0, [], null, 0, 1744376427.267915, 0, {}]
[{"0": [6, 3, 2, 1, 3, 2, 0, 2, 2, 3, 2, 4, 2, 3, 2, 0, 0]}, null, null, 106, false, [], false, 0, [], null, 0, 1744376427.477026, 0, {}]
[{"0": [1, 2, 0, 1, 1, 1, 2, 29, 4, 3, 2, 2, 2, 0, 3, 3, 1]}, null, null, 107, false, [], false, 0, [], null, 0, 1744376427.6814482, 0, {}]
[{"0": [1, 1, 3, 1, 1, 2, 0, 2, 1, 2, 27, 3, 4, 3, 2, 2, 2]}, null, null, 107, false, [], false, 0, [], null, 0, 1744376427.912599, 0, {}]
[{"0": [1, 1, 29, 23, 33, 1, 0, 7, 3, 2, 0, 0, 2, 1, 1, 1, 3]}, null, null, 108, false, [], false, 0, [], null, 0, 1744376428.1262372, 0, {}]
[{"0": [24, 34, 20, 37, 17, 27, 26, 28, 1, 1, 1, 1, 4, 1, 3, 0, 0]}, null, null, 108, false, [], false, 0, [], null, 0, 1744376428.346771, 0, {}]
[{"0": [1, 0, 3, 0, 25, 28, 30, 26, 2, 2, 2, 2, 5, 3, 2, 3, 1]}, null, null, 109, false, [], false, 0, [], null, 0, 1744376428.5555584, 0, {}]
[{"0": [0, 1, 24, 27, 27, 23, 34, 27, 27, 23, 30, 22, 22, 0, 4, 1, 1]}, null, null, 110, false, [], false, 0, [], null, 0, 1744376428.7767913, 0, {}]
[{"0": [4, 1, 1, 2, 2, 1, 1, 2, 1, 3, 2, 1, 3, 2, 3, 3, 0]}, null, null, 110, false, [], false, 0, [], null, 0, 1744376428.9732873, 0, {}]
[{"0": [29, 27, 24, 35, 25, 33, 23, 3, 2, 5, 2, 0, 1, 6, 2, 2, 1]}, null, null, 111, false, [], false, 0, [], null, 0, 1744376429.2003434, 0, {}]
[{"0": [3, 0, 3, 3, 5, 2, 5, 0, 3, 1, 3, 2, 3, 4, 2, 1, 1]}, null, null, 111, false, [], false, 0, [], null, 0, 1744376429.41788, 0, {}]
[{"0": [1, 1, 3, 1, 2, 2, 2, 3, 28, 1, 0, 0, 1, 2, 2, 3, 3]}, null, null, 112, false, [], false, 0, [], null, 0, 1744376429.6441522, 0, {}]
[{"0": [4, 3, 1, 2, 1, 1, 30, 24, 25, 26, 32, 1, 2, 3, 4, 0, 0]}, null, null, 113, false, [], false, 0, [], null, 0, 1744376429.857389, 0, {}]
[{"0": [0, 2, 1, 1, 1, 0, 5, 3, 39, 33, 2, 2, 2, 1, 2, 1, 1]}, null, null, 113, false, [], false, 0, [], null, 0, 1744376430.0719755, 0, {}]
[{"0": [2, 2, 2, 3, 3, 2, 1, 0, 2, 1, 30, 34, 27, 28, 32, 30, 31]}, null, null, 114, false, [], false, 0, [], null, 0, 1744376430.2979953, 0, {}]
[{"0": [1, 0, 2, 4, 1, 1, 3, 2, 0, 2, 33, 4, 3, 3, 0, 3, 4]}, null, null, 114, false, [], false, 0, [], null, 0, 1744376430.514312, 0, {}]
[{"0": [3, 2, 3, 3, 0, 2, 1, 2, 4, 0, 33, 29, 1, 1, 2, 1, 1]}, null, null, 115, false, [], false, 0, [], null, 0, 1744376430.709207, 0, {}]
[{"0": [2, 2, 2, 1, 1, 3, 2, 1, 1, 0, 3, 3, 2, 2, 2, 1, 25]}, null, null, 116, false, [], false, 0, [], null, 0, 1744376430.928417, 0, {}]
[{"0": [1, 4, 1, 3, 5, 2, 0, 1, 26, 35, 32, 2, 4, 3, 1, 1, 0]}, null, null, 116, false, [], false, 0, [], null, 0, 1744376431.1562018, 0, {}]
[{"0": [1, 1, 0, 2, 1, 2, 3, 1, 2, 1, 3, 2, 28, 20, 1, 4, 2]}, null, null, 117, false, [], false, 0, [], null, 0, 1744376431.356777, 0, {}]
[{"0": [1, 1, 4, 1, 2, 1, 3, 0, 35, 29, 35, 28, 30, 29, 30, 2, 5]}, null, null, 117, false, [], false, 0, [], null, 0, 1744376431.5739822, 0, {}]
[{"0": [3, 2, 1, 1, 1, 0, 30, 0, 3, 0, 0, 1, 1, 2, 5, 1, 1]}, null, null, 118, false, [], false, 0, [], null, 0, 1744376431.8003693, 0, {}]
[{"0": [27, 33, 20, 37, 23, 31, 24, 30, 3, 2, 3, 1, 2, 0, 3, 1, 1]}, null, null, 119, false, [], false, 0, [], null, 0, 1744376432.023021, 0, {}]
[{"0": [1, 1, 3, 3, 1, 1, 1, 4, 1, 25, 36, 27, 31, 35, 27, 33, 36]}, null, null, 119, false, [], false, 0, [], null, 0, 1744376432.23758, 0, {}]
[{"0": [4, 3, 1, 1, 1, 1, 4, 1, 2, 0, 26, 21, 4, 2, 1, 2, 3]}, null, null, 120, false, [], false, 0, [], null, 0, 1744376432.4545734, 0, {}]
[{"0": [3, 3, 2, 33, 26, 31, 29, 22, 34, 0, 3, 1, 1, 0, 0, 1, 3]}, null, null, 120, false, [], false, 0, [], null, 0, 1744376432.6708984, 0, {}]
[{"0": [0, 3, 1, 34, 24, 39, 36, 24, 5, 2, 2, 3, 1, 1, 1, 4, 5]}, null, null, 121, false, [], false, 0, [], null, 0, 1744376432.8994186, 0, {}]
[{"0": [3, 2, 33, 41, 36, 19, 28, 26, 18, 24, 33, 29, 20, 32, 31, 31, 30]}, null, null, 122, false, [], false, 0, [], null, 0, 1744376433.0909204, 0, {}]
[{"0": [4, 3, 22, 18, 34, 24, 33, 27, 19, 31, 39, 32, 31, 27, 28, 2, 4]}, null, null, 122, false, [], false, 0, [], null, 0, 1744376433.3130014, 0, {}]
[{"0": [3, 0, 3, 1, 2, 0, 1, 1, 1, 27, 34, 3, 5, 1, 1, 1, 4]}, null, null, 123, false, [], false, 0, [], null, 0, 1744376433.540575, 0, {}]
[{"0": [2, 1, 1, 0, 2, 2, 2, 2, 23, 23, 26, 36, 19, 3, 2, 3, 0]}, null, null, 123, false, [], false, 0, [], null, 0, 1744376433.749567, 0, {}]
[{"0": [26, 1, 3, 3, 2, 5, 2, 1, 0, 3, 3, 1, 3, 5, 0, 2, 1]}, null, null, 124, false, [], false, 0, [], null, 0, 1744376433.9678552, 0, {}]
[{"0": [2, 4, 1, 1, 3, 2, 31, 33, 35, 26, 28, 34, 2, 3, 0, 4, 3]}, null, null, 125, false, [], false, 0, [], null, 0, 1744376434.1808014, 0, {}]
[{"0": [23, 1, 1, 0, 1, 0, 6, 2, 4, 0, 5, 2, 30, 31, 2, 2, 2]}, null, null, 125, false, [], false, 0, [], null, 0, 1744376434.3889093, 0, {}]
[{"0": [1, 1, 2, 2, 0, 3, 1, 1, 2, 1, 2, 32, 22, 33, 27, 27, 31]}, null, null, 126, false, [], false, 0, [], null, 0, 1744376434.6209888, 0, {}]
[{"0": [3, 1, 3, 4, 0, 3, 4, 8, 21, 32, 3, 3, 2, 3, 3, 2, 1]}, null, null, 127, false, [], false, 0, [], null, 0, 1744376434.8202379, 0, {}]
[{"0": [1, 2, 0, 1, 1, 2, 2, 32, 28, 33, 3, 1, 0, 2, 1, 1, 1]}, null, null, 127, false, [], false, 0, [], null, 0, 1744376435.0480385, 0, {}]
[{"0": [2, 1, 26, 29, 38, 28, 35, 29, 32, 23, 44, 0, 3, 1, 0, 1, 2]}, null, null, 128, false, [], false, 0, [], null, 0, 1744376435.266315, 0, {}]
[{"0": [1, 2, 0, 3, 3, 1, 38, 25, 34, 37, 33, 1, 2, 1, 2, 3, 2]}, null, null, 128, false, [], false, 0, [], null, 0, 1744376435.4921649, 0, {}]
[{"0": [3, 4, 2, 4, 1, 30, 37, 6, 3, 2, 0, 2, 0, 3, 2, 0, 2]}, null, null, 129, false, [], false, 0, [], null, 0, 1744376435.6991844, 0, {}]
[{"0": [3, 0, 0, 3, 4, 2, 33, 31, 39, 32, 24, 31, 1, 2, 0, 1, 3]}, null, null, 130, false, [], false, 0, [], null, 0, 1744376435.9144843, 0, {}]
[{"0": [1, 2, 2, 0, 0, 36, 2, 0, 0, 3, 1, 2, 0, 1, 1, 3, 0]}, null, null, 130, false, [], false, 0, [], null, 0, 1744376436.1450677, 0, {}]
[{"0": [1, 4, 25, 34, 26, 23, 27, 30, 28, 35, 29, 3, 1, 1, 1, 2, 2]}, null, null, 131, false, [], false, 0, [], null, 0, 1744376436.3574758, 0, {}]
[{"0": [1, 0, 0, 0, 5, 1, 1, 2, 36, 31, 26, 2, 3, 1, 2, 4, 4]}, null, null, 131, false, [], false, 0, [], null, 0, 1744376436.5682857, 0, {}]
[{"0": [1, 1, 2, 2, 4, 3, 1, 0, 1, 1, 29, 4, 2, 3, 4, 0, 0]}, null, null, 132, false, [], false, 0, [], null, 0, 1744376436.7829242, 0, {}]
[{"0": [1, 3, 0, 1, 2, 2, 5, 3, 2, 2, 3, 2, 0, 2, 3, 0, 29]}, null, null, 133, false, [], false, 0, [], null, 0, 1744376436.9901767, 0, {}]
[{"0": [1, 2, 3, 2, 3, 0, 2, 2, 15, 25, 30, 29, 26, 37, 29, 29, 29]}, null, null, 133, false, [], false, 0, [], null, 0, 1744376437.2127173, 0, {}]
[{"0": [3, 3, 2, 1, 2, 3, 3, 2, 1, 35, 20, 31, 26, 0, 0, 1, 1]}, null, null, 134, false, [], false, 0, [], null, 0, 1744376437.4285378, 0, {}]
[{"0": [2, 1, 28, 20, 23, 33, 26, 27, 27, 30, 25, 27, 31, 22, 2, 1, 3]}, null, null, 134, false, [], false, 0, [], null, 0, 1744376437.6526845, 0, {}]
[{"0": [2, 1, 3, 3, 0, 2, 32, 29, 23, 1, 2, 3, 1, 1, 2, 0, 4]}, null, null, 135, false, [], false, 0, [], null, 0, 1744376437.8553262, 0, {}]
[{"0": [1, 0, 35, 27, 31, 1, 4, 0, 3, 3, 3, 2, 2, 3, 4, 0, 2]}, null, null, 136, false, [], false, 0, [], null, 0, 1744376438.0946176, 0, {}]
[{"0": [3, 0, 4, 2, 1, 3, 1, 2, 4, 1, 29, 23, 28, 21, 37, 1, 3]}, null, null, 136, false, [], false, 0, [], null, 0, 1744376438.2863822, 0, {}]
[{"0": [3, 4, 1, 23, 25, 1, 4, 1, 1, 1, 3, 1, 0, 3, 2, 0, 2]}, null, null, 137, false, [], false, 0, [], null, 0, 1744376438.520416, 0, {}]
[{"0": [26, 32, 27, 33, 29, 27, 33, 22, 1, 2, 2, 4, 2, 2, 2, 3, 0]}, null, null, 137, false, [], false, 0, [], null, 0, 1744376438.7394097, 0, {}]
[{"0": [1, 2, 3, 28, 36, 27, 1, 2, 1, 2, 0, 2, 0, 2, 1, 3, 1]}, null, null, 138, false, [], false, 0, [], null, 0, 1744376438.9498267, 0, {}]
[{"0": [0, 0, 3, 2, 1, 2, 4, 2, 2, 0, 0, 0, 0, 1, 4, 3, 26]}, null, null, 139, false, [], false, 0, [], null, 0, 1744376439.1709023, 0, {}]
[{"0": [2, 2, 0, 29, 1, 0, 2, 3, 2, 3, 0, 1, 2, 1, 3, 2, 0]}, null, null, 139, false, [], false, 0, [], null, 0, 1744376439.3879976, 0, {}]
[{"0": [0, 2, 32, 34, 30, 23, 2, 0, 5, 2, 1, 3, 3, 1, 1, 4, 3]}, null, null, 140, false, [], false, 0, [], null, 0, 1744376439.6068182, 0, {}]
[{"0": [1, 3, 1, 1, 2, 0, 3, 3, 1, 3, 7, 2, 1, 3, 1, 1, 29]}, null, null, 140, false, [], false, 0, [], null, 0, 1744376439.8051612, 0, {}]
[{"0": [3, 1, 3, 2, 0, 2, 1, 3, 3, 1, 0, 28, 26, 19, 20, 3, 3]}, null, null, 141, false, [], false, 0, [], null, 0, 1744376440.0257592, 0, {}]
[{"0": [5, 1, 1, 37, 30, 34, 30, 17, 2, 0, 2, 1, 1, 2, 1, 3, 1]}, null, null, 142, false, [], false, 0, [], null, 0, 1744376440.2369535, 0, {}]
[{"0": [3, 0, 4, 1, 1, 32, 30, 3, 7, 1, 2, 0, 1, 2, 3, 2, 0]}, null, null, 142, false, [], false, 0, [], null, 0, 1744376440.469582, 0, {}]
[{"0": [3, 1, 2, 3, 2, 32, 23, 34, 1, 4, 1, 3, 2, 3, 2, 1, 1]}, null, null, 143, false, [], false, 0, [], null, 0, 1744376440.6790361, 0, {}]
[{"0": [2, 2, 1, 3, 2, 0, 1, 3, 3, 1, 1, 30, 2, 2, 3, 0, 0]}, null, null, 143, false, [], false, 0, [], null, 0, 1744376440.8895001, 0, {}]
[{"0": [0, 4, 2, 1, 0, 1, 1, 33, 25, 32, 30, 17, 19, 37, 28, 28, 14]}, null, null, 144, false, [], false, 0, [], null, 0, 1744376441.1220574, 0, {}]
[{"0": [1, 2, 1, 36, 26, 22, 27, 30, 34, 1, 3, 0, 0, 0, 4, 2, 2]}, null, null, 145, false, [], false, 0, [], null, 0, 1744376441.3220503, 0, {}]
[{"0": [0, 0, 0, 3, 0, 3, 1, 3, 1, 3, 2, 31, 28, 28, 1, 3, 0]}, null, null, 145, false, [], false, 0, [], null, 0, 1744376441.5377138, 0, {}]
[{"0": [5, 0, 1, 1, 1, 2, 1, 1, 2, 3, 1, 0, 2, 0, 1, 1, 27]}, null, null, 146, false, [], false, 0, [], null, 0, 1744376441.7597053, 0, {}]
[{"0": [4, 1, 4, 31, 30, 28, 32, 33, 2, 2, 1, 0, 1, 3, 2, 1, 1]}, null, null, 146, false, [], false, 0, [], null, 0, 1744376441.9861872, 0, {}]
[{"0": [2, 0, 5, 3, 2, 0, 2, 23, 2, 1, 2, 2, 2, 1, 3, 2, 3]}, null, null, 147, false, [], false, 0, [], null, 0, 1744376442.2087913, 0, {}]
[{"0": [0, 2, 1, 3, 2, 5, 0, 2, 1, 1, 31, 36, 21, 34, 32, 33, 26]}, null, null, 148, false, [], false, 0, [], null, 0, 1744376442.412353, 0, {}]
[{"0": [1, 2, 3, 2, 3, 1, 1, 3, 2, 2, 1, 4, 2, 2, 0, 33, 34]}, null, null, 148, false, [], false, 0, [], null, 0, 1744376442.6236682, 0, {}]
[{"0": [0, 0, 1, 32, 40, 33, 23, 25, 24, 36, 20, 0, 1, 1, 3, 2, 2]}, null, null, 149, false, [], false, 0, [], null, 0, 1744376442.8485324, 0, {}]
[{"0": [1, 2, 2, 1, 28, 2, 2, 0, 5, 1, 2, 0, 0, 2, 2, 0, 3]}, null, null, 149, false, [], false, 0, [], null, 0, 1744376443.0763547, 0, {}]
[{"0": [0, 2, 3, 28, 30, 36, 1, 0, 2, 3, 0, 1, 3, 3, 4, 2, 3]}, null, null, 150, true, [], false, 0, [], null, 0, 1744376443.2802749, 0, {}]
