[{"0": [1, 1, 33, 31, 2, 2, 2, 3, 1, 1, 3, 2, 0, 1, 2, 3, 3]}, null, null, 0, false, [], false, 0, [], null, 0, 1744387981.0979848, 0, {}]
[{"0": [1, 1, 2, 1, 1, 1, 28, 14, 23, 31, 35, 25, 33, 26, 27, 27, 28]}, null, null, 1, false, [], false, 0, [], null, 0, 1744387981.3251781, 0, {}]
[{"0": [5, 1, 0, 3, 1, 2, 4, 4, 0, 4, 4, 3, 1, 1, 19, 31, 4]}, null, null, 1, false, [], false, 0, [], null, 0, 1744387981.547035, 0, {}]
[{"0": [5, 2, 3, 1, 2, 3, 1, 2, 0, 4, 26, 20, 29, 24, 3, 1, 1]}, null, null, 2, false, [], false, 0, [], null, 0, 1744387981.7714396, 0, {}]
[{"0": [1, 1, 2, 2, 2, 2, 0, 1, 2, 3, 3, 2, 3, 3, 0, 3, 30]}, null, null, 2, false, [], false, 0, [], null, 0, 1744387981.979126, 0, {}]
[{"0": [5, 0, 3, 2, 2, 2, 4, 3, 4, 4, 4, 27, 32, 37, 1, 1, 2]}, null, null, 3, false, [], false, 0, [], null, 0, 1744387982.1961555, 0, {}]
[{"0": [0, 2, 2, 0, 1, 0, 2, 3, 1, 4, 34, 24, 4, 1, 3, 6, 1]}, null, null, 4, false, [], false, 0, [], null, 0, 1744387982.4131052, 0, {}]
[{"0": [1, 1, 0, 4, 3, 2, 5, 0, 2, 2, 2, 2, 2, 2, 29, 36, 39]}, null, null, 4, false, [], false, 0, [], null, 0, 1744387982.63312, 0, {}]
[{"0": [1, 4, 1, 1, 1, 25, 4, 1, 1, 1, 1, 1, 0, 1, 0, 1, 4]}, null, null, 5, false, [], false, 0, [], null, 0, 1744387982.8529952, 0, {}]
[{"0": [2, 2, 3, 2, 0, 1, 3, 2, 2, 4, 0, 5, 1, 1, 23, 29, 30]}, null, null, 5, false, [], false, 0, [], null, 0, 1744387983.0581217, 0, {}]
[{"0": [1, 0, 1, 3, 1, 2, 5, 0, 24, 30, 42, 31, 34, 34, 26, 32, 36]}, null, null, 6, false, [], false, 0, [], null, 0, 1744387983.2809286, 0, {}]
[{"0": [4, 1, 2, 1, 3, 1, 2, 3, 3, 1, 3, 2, 1, 27, 24, 32, 29]}, null, null, 7, false, [], false, 0, [], null, 0, 1744387983.5021324, 0, {}]
[{"0": [1, 0, 2, 0, 2, 0, 1, 1, 1, 2, 4, 1, 30, 23, 33, 28, 22]}, null, null, 7, false, [], false, 0, [], null, 0, 1744387983.7176504, 0, {}]
[{"0": [1, 2, 3, 0, 3, 2, 3, 1, 3, 2, 6, 36, 32, 39, 34, 30, 27]}, null, null, 8, false, [], false, 0, [], null, 0, 1744387983.938106, 0, {}]
[{"0": [5, 4, 0, 3, 2, 1, 1, 3, 2, 3, 34, 2, 2, 2, 2, 1, 1]}, null, null, 8, false, [], false, 0, [], null, 0, 1744387984.147119, 0, {}]
[{"0": [26, 3, 4, 1, 2, 4, 5, 2, 5, 4, 2, 1, 3, 2, 5, 1, 2]}, null, null, 9, false, [], false, 0, [], null, 0, 1744387984.3666925, 0, {}]
[{"0": [3, 0, 1, 3, 1, 2, 2, 0, 0, 2, 5, 1, 5, 3, 2, 0, 2]}, null, null, 10, false, [], false, 0, [], null, 0, 1744387984.5921228, 0, {}]
[{"0": [5, 4, 2, 3, 2, 4, 3, 1, 29, 23, 27, 37, 5, 3, 2, 3, 2]}, null, null, 10, false, [], false, 0, [], null, 0, 1744387984.796691, 0, {}]
[{"0": [0, 4, 2, 2, 3, 2, 0, 6, 30, 28, 27, 28, 0, 1, 2, 1, 4]}, null, null, 11, false, [], false, 0, [], null, 0, 1744387985.0059948, 0, {}]
[{"0": [2, 3, 3, 2, 2, 1, 0, 1, 2, 25, 37, 33, 3, 4, 1, 4, 0]}, null, null, 11, false, [], false, 0, [], null, 0, 1744387985.2372868, 0, {}]
[{"0": [1, 1, 1, 1, 2, 1, 2, 1, 1, 2, 2, 2, 1, 1, 22, 24, 29]}, null, null, 12, false, [], false, 0, [], null, 0, 1744387985.449125, 0, {}]
[{"0": [2, 3, 4, 4, 37, 44, 28, 30, 4, 0, 2, 3, 0, 2, 1, 1, 0]}, null, null, 13, false, [], false, 0, [], null, 0, 1744387985.6611545, 0, {}]
[{"0": [3, 3, 3, 2, 3, 2, 0, 5, 1, 2, 2, 5, 2, 4, 0, 33, 37]}, null, null, 13, false, [], false, 0, [], null, 0, 1744387985.8719037, 0, {}]
[{"0": [0, 3, 1, 2, 2, 1, 1, 3, 3, 1, 0, 1, 21, 3, 1, 2, 2]}, null, null, 14, false, [], false, 0, [], null, 0, 1744387986.0931742, 0, {}]
[{"0": [2, 1, 6, 0, 2, 2, 3, 2, 2, 2, 0, 2, 1, 2, 1, 2, 3]}, null, null, 14, false, [], false, 0, [], null, 0, 1744387986.306865, 0, {}]
[{"0": [1, 3, 2, 1, 3, 2, 3, 0, 1, 2, 2, 3, 1, 4, 26, 20, 32]}, null, null, 15, false, [], false, 0, [], null, 0, 1744387986.5347893, 0, {}]
[{"0": [4, 5, 0, 2, 3, 2, 2, 2, 0, 2, 2, 32, 23, 4, 0, 1, 0]}, null, null, 16, false, [], false, 0, [], null, 0, 1744387986.7368872, 0, {}]
[{"0": [2, 0, 1, 31, 29, 36, 33, 27, 22, 1, 0, 5, 3, 2, 1, 2, 2]}, null, null, 16, false, [], false, 0, [], null, 0, 1744387986.975898, 0, {}]
[{"0": [1, 4, 2, 2, 4, 2, 5, 2, 3, 1, 4, 5, 2, 22, 17, 27, 29]}, null, null, 17, false, [], false, 0, [], null, 0, 1744387987.177066, 0, {}]
[{"0": [2, 3, 4, 2, 4, 2, 0, 32, 2, 4, 3, 4, 2, 1, 1, 3, 2]}, null, null, 17, false, [], false, 0, [], null, 0, 1744387987.388573, 0, {}]
[{"0": [0, 0, 2, 2, 3, 1, 2, 2, 3, 21, 35, 27, 28, 3, 2, 4, 3]}, null, null, 18, false, [], false, 0, [], null, 0, 1744387987.6205943, 0, {}]
[{"0": [2, 1, 1, 1, 2, 3, 4, 2, 0, 3, 1, 34, 33, 41, 30, 30, 34]}, null, null, 19, false, [], false, 0, [], null, 0, 1744387987.8326385, 0, {}]
[{"0": [0, 2, 2, 1, 1, 4, 4, 2, 2, 1, 4, 36, 20, 29, 23, 4, 5]}, null, null, 19, false, [], false, 0, [], null, 0, 1744387988.0485113, 0, {}]
[{"0": [3, 5, 0, 2, 0, 6, 2, 2, 1, 3, 2, 1, 2, 28, 22, 25, 35]}, null, null, 20, false, [], false, 0, [], null, 0, 1744387988.2637908, 0, {}]
[{"0": [1, 1, 2, 2, 1, 3, 1, 3, 3, 1, 2, 5, 2, 1, 0, 2, 31]}, null, null, 20, false, [], false, 0, [], null, 0, 1744387988.4801416, 0, {}]
[{"0": [3, 0, 4, 0, 1, 1, 0, 2, 2, 3, 1, 3, 3, 5, 31, 40, 21]}, null, null, 21, false, [], false, 0, [], null, 0, 1744387988.687111, 0, {}]
[{"0": [0, 4, 4, 2, 1, 0, 1, 2, 1, 35, 32, 31, 23, 34, 35, 37, 30]}, null, null, 22, false, [], false, 0, [], null, 0, 1744387988.9106486, 0, {}]
[{"0": [4, 3, 31, 1, 1, 3, 3, 2, 5, 5, 2, 2, 3, 2, 3, 3, 6]}, null, null, 22, false, [], false, 0, [], null, 0, 1744387989.1420755, 0, {}]
[{"0": [2, 1, 4, 2, 3, 3, 2, 1, 1, 2, 0, 5, 0, 3, 32, 3, 5]}, null, null, 23, false, [], false, 0, [], null, 0, 1744387989.3517103, 0, {}]
[{"0": [1, 2, 0, 0, 29, 23, 42, 31, 2, 1, 1, 4, 4, 2, 2, 4, 3]}, null, null, 23, false, [], false, 0, [], null, 0, 1744387989.567157, 0, {}]
[{"0": [2, 2, 2, 3, 4, 3, 32, 32, 3, 3, 1, 1, 3, 0, 0, 3, 0]}, null, null, 24, false, [], false, 0, [], null, 0, 1744387989.776149, 0, {}]
[{"0": [3, 3, 0, 2, 4, 2, 3, 1, 3, 3, 1, 1, 2, 2, 3, 36, 3]}, null, null, 25, false, [], false, 0, [], null, 0, 1744387989.9914978, 0, {}]
[{"0": [4, 6, 2, 0, 1, 2, 1, 1, 2, 4, 3, 2, 33, 24, 30, 18, 29]}, null, null, 25, false, [], false, 0, [], null, 0, 1744387990.211263, 0, {}]
[{"0": [0, 0, 1, 4, 2, 2, 1, 1, 1, 29, 25, 34, 3, 2, 2, 0, 1]}, null, null, 26, false, [], false, 0, [], null, 0, 1744387990.4367237, 0, {}]
[{"0": [2, 0, 0, 25, 29, 35, 26, 33, 0, 1, 2, 1, 4, 2, 2, 0, 0]}, null, null, 27, false, [], false, 0, [], null, 0, 1744387990.6419342, 0, {}]
[{"0": [0, 2, 18, 33, 27, 35, 2, 7, 2, 2, 1, 4, 2, 1, 1, 1, 4]}, null, null, 27, false, [], false, 0, [], null, 0, 1744387990.862758, 0, {}]
[{"0": [0, 0, 1, 1, 2, 2, 26, 37, 1, 0, 3, 0, 1, 4, 1, 2, 3]}, null, null, 28, false, [], false, 0, [], null, 0, 1744387991.0736692, 0, {}]
[{"0": [2, 4, 1, 27, 24, 19, 3, 1, 0, 3, 0, 0, 1, 2, 1, 2, 0]}, null, null, 28, false, [], false, 0, [], null, 0, 1744387991.289059, 0, {}]
[{"0": [1, 2, 2, 0, 1, 1, 4, 2, 1, 2, 3, 3, 0, 2, 2, 1, 40]}, null, null, 29, false, [], false, 0, [], null, 0, 1744387991.5212684, 0, {}]
[{"0": [3, 2, 5, 1, 31, 37, 32, 36, 30, 26, 43, 27, 43, 34, 33, 33, 30]}, null, null, 30, false, [], false, 0, [], null, 0, 1744387991.7384903, 0, {}]
[{"0": [2, 1, 0, 1, 2, 1, 3, 1, 3, 1, 4, 4, 0, 0, 22, 23, 2]}, null, null, 30, false, [], false, 0, [], null, 0, 1744387991.9431057, 0, {}]
[{"0": [3, 2, 2, 1, 1, 2, 1, 1, 0, 1, 29, 41, 3, 2, 2, 3, 3]}, null, null, 31, false, [], false, 0, [], null, 0, 1744387992.166378, 0, {}]
[{"0": [38, 30, 1, 7, 5, 4, 3, 2, 4, 1, 0, 4, 4, 0, 2, 1, 5]}, null, null, 31, false, [], false, 0, [], null, 0, 1744387992.3833032, 0, {}]
[{"0": [3, 3, 1, 2, 3, 4, 27, 35, 34, 4, 1, 0, 3, 2, 4, 3, 2]}, null, null, 32, false, [], false, 0, [], null, 0, 1744387992.5911903, 0, {}]
[{"0": [5, 2, 3, 0, 0, 2, 1, 1, 0, 1, 4, 5, 1, 2, 32, 2, 3]}, null, null, 33, false, [], false, 0, [], null, 0, 1744387992.8077984, 0, {}]
[{"0": [23, 1, 0, 1, 1, 2, 1, 0, 3, 4, 0, 4, 4, 2, 3, 2, 0]}, null, null, 33, false, [], false, 0, [], null, 0, 1744387993.0328245, 0, {}]
[{"0": [1, 1, 4, 1, 2, 0, 1, 3, 2, 33, 25, 36, 4, 4, 1, 2, 1]}, null, null, 34, false, [], false, 0, [], null, 0, 1744387993.2433987, 0, {}]
[{"0": [1, 1, 1, 4, 2, 4, 3, 8, 1, 0, 1, 3, 6, 1, 1, 1, 45]}, null, null, 34, false, [], false, 0, [], null, 0, 1744387993.4554508, 0, {}]
[{"0": [0, 3, 0, 2, 1, 3, 3, 2, 3, 30, 28, 25, 32, 26, 25, 35, 35]}, null, null, 35, false, [], false, 0, [], null, 0, 1744387993.6905541, 0, {}]
[{"0": [6, 2, 1, 2, 4, 2, 0, 1, 3, 5, 2, 2, 30, 22, 17, 36, 31]}, null, null, 36, false, [], false, 0, [], null, 0, 1744387993.8893168, 0, {}]
[{"0": [1, 3, 1, 3, 2, 1, 1, 0, 0, 2, 3, 34, 29, 36, 3, 2, 5]}, null, null, 36, false, [], false, 0, [], null, 0, 1744387994.1244154, 0, {}]
[{"0": [0, 1, 2, 1, 0, 1, 33, 19, 33, 3, 1, 2, 3, 3, 1, 3, 1]}, null, null, 37, false, [], false, 0, [], null, 0, 1744387994.3347893, 0, {}]
[{"0": [1, 1, 0, 4, 3, 0, 2, 1, 1, 2, 2, 2, 32, 22, 34, 34, 3]}, null, null, 37, false, [], false, 0, [], null, 0, 1744387994.542168, 0, {}]
[{"0": [0, 1, 2, 2, 2, 20, 29, 24, 29, 35, 24, 28, 0, 1, 4, 2, 5]}, null, null, 38, false, [], false, 0, [], null, 0, 1744387994.7723062, 0, {}]
[{"0": [1, 2, 0, 0, 2, 1, 4, 2, 1, 0, 1, 36, 25, 25, 30, 5, 2]}, null, null, 39, false, [], false, 0, [], null, 0, 1744387994.9780385, 0, {}]
[{"0": [2, 1, 1, 0, 3, 1, 28, 35, 24, 34, 21, 31, 31, 32, 25, 25, 21]}, null, null, 39, false, [], false, 0, [], null, 0, 1744387995.1958287, 0, {}]
[{"0": [0, 1, 2, 3, 1, 2, 0, 3, 1, 29, 31, 30, 31, 28, 2, 0, 2]}, null, null, 40, false, [], false, 0, [], null, 0, 1744387995.4036353, 0, {}]
[{"0": [28, 30, 23, 25, 26, 31, 30, 25, 28, 25, 30, 32, 31, 1, 1, 1, 6]}, null, null, 40, false, [], false, 0, [], null, 0, 1744387995.6276598, 0, {}]
[{"0": [4, 2, 4, 4, 2, 1, 1, 0, 3, 37, 3, 3, 1, 1, 1, 1, 1]}, null, null, 41, false, [], false, 0, [], null, 0, 1744387995.8403063, 0, {}]
[{"0": [1, 0, 4, 2, 2, 0, 1, 1, 1, 3, 3, 1, 3, 2, 1, 5, 28]}, null, null, 42, false, [], false, 0, [], null, 0, 1744387996.0569088, 0, {}]
[{"0": [1, 1, 2, 3, 4, 4, 3, 2, 3, 2, 2, 2, 4, 2, 2, 2, 6]}, null, null, 42, false, [], false, 0, [], null, 0, 1744387996.2887838, 0, {}]
[{"0": [2, 3, 3, 2, 1, 29, 35, 31, 28, 34, 35, 37, 30, 4, 4, 3, 2]}, null, null, 43, false, [], false, 0, [], null, 0, 1744387996.490945, 0, {}]
[{"0": [1, 3, 3, 28, 28, 2, 6, 0, 1, 3, 3, 1, 3, 0, 0, 2, 1]}, null, null, 43, false, [], false, 0, [], null, 0, 1744387996.7119522, 0, {}]
[{"0": [0, 1, 2, 1, 29, 30, 27, 33, 2, 3, 1, 2, 4, 3, 2, 3, 3]}, null, null, 44, false, [], false, 0, [], null, 0, 1744387996.935275, 0, {}]
[{"0": [5, 2, 1, 4, 3, 5, 2, 32, 37, 3, 2, 1, 3, 2, 4, 1, 1]}, null, null, 45, false, [], false, 0, [], null, 0, 1744387997.1534545, 0, {}]
[{"0": [2, 0, 6, 4, 3, 4, 3, 2, 2, 1, 0, 33, 23, 22, 24, 32, 29]}, null, null, 45, false, [], false, 0, [], null, 0, 1744387997.360897, 0, {}]
[{"0": [2, 1, 2, 3, 2, 0, 2, 4, 1, 2, 2, 1, 31, 31, 21, 35, 31]}, null, null, 46, false, [], false, 0, [], null, 0, 1744387997.583973, 0, {}]
[{"0": [1, 3, 4, 3, 2, 3, 4, 6, 2, 2, 4, 4, 0, 2, 2, 1, 22]}, null, null, 46, false, [], false, 0, [], null, 0, 1744387997.792123, 0, {}]
[{"0": [0, 1, 1, 1, 1, 1, 0, 1, 33, 25, 32, 28, 29, 27, 0, 1, 0]}, null, null, 47, false, [], false, 0, [], null, 0, 1744387998.0069542, 0, {}]
[{"0": [1, 0, 2, 23, 3, 4, 0, 3, 1, 3, 4, 0, 2, 2, 1, 1, 1]}, null, null, 48, false, [], false, 0, [], null, 0, 1744387998.2312438, 0, {}]
[{"0": [1, 1, 1, 3, 1, 3, 3, 2, 4, 1, 25, 1, 2, 5, 2, 1, 3]}, null, null, 48, false, [], false, 0, [], null, 0, 1744387998.4449868, 0, {}]
[{"0": [3, 4, 2, 2, 1, 24, 25, 31, 26, 32, 26, 28, 40, 25, 24, 1, 2]}, null, null, 49, false, [], false, 0, [], null, 0, 1744387998.662854, 0, {}]
[{"0": [2, 0, 2, 0, 2, 2, 1, 0, 2, 4, 21, 1, 1, 3, 2, 2, 4]}, null, null, 49, false, [], false, 0, [], null, 0, 1744387998.876086, 0, {}]
[{"0": [1, 3, 1, 0, 5, 3, 1, 2, 2, 26, 5, 2, 2, 2, 1, 2, 0]}, null, null, 50, false, [], false, 0, [], null, 0, 1744387999.0918343, 0, {}]
[{"0": [1, 2, 0, 2, 2, 3, 2, 1, 2, 36, 4, 2, 1, 1, 3, 3, 2]}, null, null, 51, false, [], false, 0, [], null, 0, 1744387999.309807, 0, {}]
[{"0": [3, 0, 3, 3, 3, 34, 44, 30, 20, 2, 0, 2, 3, 1, 1, 9, 3]}, null, null, 51, false, [], false, 0, [], null, 0, 1744387999.541471, 0, {}]
[{"0": [2, 2, 4, 5, 0, 1, 1, 0, 0, 3, 0, 36, 33, 29, 29, 31, 24]}, null, null, 52, false, [], false, 0, [], null, 0, 1744387999.7365508, 0, {}]
[{"0": [2, 1, 2, 0, 28, 34, 25, 26, 24, 26, 30, 25, 24, 21, 21, 1, 2]}, null, null, 52, false, [], false, 0, [], null, 0, 1744387999.9652278, 0, {}]
[{"0": [2, 2, 4, 3, 1, 2, 2, 4, 2, 1, 2, 2, 2, 1, 5, 32, 28]}, null, null, 53, false, [], false, 0, [], null, 0, 1744388000.1770785, 0, {}]
[{"0": [39, 36, 27, 2, 3, 3, 1, 5, 7, 2, 2, 0, 4, 0, 4, 4, 1]}, null, null, 54, false, [], false, 0, [], null, 0, 1744388000.387418, 0, {}]
[{"0": [1, 2, 2, 0, 3, 3, 0, 0, 33, 3, 2, 2, 1, 3, 2, 1, 2]}, null, null, 54, false, [], false, 0, [], null, 0, 1744388000.601866, 0, {}]
[{"0": [1, 4, 1, 0, 0, 1, 3, 1, 1, 1, 3, 1, 1, 1, 27, 21, 19]}, null, null, 55, false, [], false, 0, [], null, 0, 1744388000.8359382, 0, {}]
[{"0": [4, 4, 2, 5, 0, 3, 2, 2, 5, 24, 34, 0, 0, 0, 3, 1, 2]}, null, null, 55, false, [], false, 0, [], null, 0, 1744388001.0364664, 0, {}]
[{"0": [2, 5, 1, 3, 2, 0, 0, 3, 34, 33, 21, 3, 3, 2, 1, 2, 4]}, null, null, 56, false, [], false, 0, [], null, 0, 1744388001.2636688, 0, {}]
[{"0": [2, 3, 22, 22, 25, 28, 27, 30, 1, 1, 3, 3, 0, 0, 5, 2, 6]}, null, null, 57, false, [], false, 0, [], null, 0, 1744388001.4775176, 0, {}]
[{"0": [0, 2, 1, 0, 2, 2, 4, 1, 4, 26, 1, 2, 3, 3, 3, 2, 2]}, null, null, 57, false, [], false, 0, [], null, 0, 1744388001.6935465, 0, {}]
[{"0": [2, 1, 3, 1, 1, 5, 25, 3, 2, 2, 1, 1, 2, 2, 1, 0, 3]}, null, null, 58, false, [], false, 0, [], null, 0, 1744388001.9095247, 0, {}]
[{"0": [1, 2, 0, 0, 2, 2, 24, 1, 7, 2, 2, 0, 2, 2, 3, 3, 1]}, null, null, 58, false, [], false, 0, [], null, 0, 1744388002.1367786, 0, {}]
[{"0": [36, 29, 33, 22, 25, 30, 32, 34, 4, 2, 1, 1, 4, 2, 2, 0, 2]}, null, null, 59, false, [], false, 0, [], null, 0, 1744388002.3374383, 0, {}]
[{"0": [3, 2, 29, 45, 3, 1, 2, 2, 3, 1, 7, 2, 3, 2, 2, 0, 3]}, null, null, 60, false, [], false, 0, [], null, 0, 1744388002.5584912, 0, {}]
[{"0": [3, 5, 25, 24, 23, 32, 36, 24, 35, 28, 26, 3, 2, 1, 1, 2, 1]}, null, null, 60, false, [], false, 0, [], null, 0, 1744388002.7800062, 0, {}]
[{"0": [3, 4, 3, 1, 4, 2, 0, 0, 3, 24, 19, 17, 26, 37, 25, 32, 2]}, null, null, 61, false, [], false, 0, [], null, 0, 1744388002.996537, 0, {}]
[{"0": [2, 1, 3, 2, 2, 2, 1, 0, 3, 1, 3, 0, 2, 3, 21, 24, 24]}, null, null, 61, false, [], false, 0, [], null, 0, 1744388003.2074444, 0, {}]
[{"0": [4, 4, 1, 3, 27, 30, 32, 23, 29, 31, 1, 0, 6, 6, 2, 1, 2]}, null, null, 62, false, [], false, 0, [], null, 0, 1744388003.4361837, 0, {}]
[{"0": [1, 2, 2, 3, 3, 4, 0, 1, 30, 26, 30, 37, 44, 4, 2, 0, 2]}, null, null, 63, false, [], false, 0, [], null, 0, 1744388003.6519406, 0, {}]
[{"0": [1, 3, 1, 1, 2, 0, 2, 2, 2, 3, 0, 0, 1, 1, 29, 1, 0]}, null, null, 63, false, [], false, 0, [], null, 0, 1744388003.8584976, 0, {}]
[{"0": [4, 1, 4, 3, 2, 1, 4, 0, 2, 2, 3, 3, 2, 26, 30, 0, 1]}, null, null, 64, false, [], false, 0, [], null, 0, 1744388004.0791583, 0, {}]
[{"0": [2, 4, 25, 14, 27, 18, 33, 31, 25, 16, 28, 27, 0, 5, 2, 1, 1]}, null, null, 64, false, [], false, 0, [], null, 0, 1744388004.3032901, 0, {}]
[{"0": [2, 1, 2, 3, 2, 1, 2, 1, 3, 1, 2, 1, 1, 1, 3, 1, 1]}, null, null, 65, false, [], false, 0, [], null, 0, 1744388004.5113542, 0, {}]
[{"0": [2, 3, 2, 5, 2, 1, 2, 1, 5, 2, 2, 2, 3, 2, 3, 2, 2]}, null, null, 66, false, [], false, 0, [], null, 0, 1744388004.7209635, 0, {}]
[{"0": [1, 2, 4, 1, 2, 1, 2, 2, 2, 3, 4, 1, 6, 2, 1, 2, 15]}, null, null, 66, false, [], false, 0, [], null, 0, 1744388004.9417555, 0, {}]
[{"0": [3, 1, 2, 5, 4, 1, 0, 1, 3, 1, 3, 1, 29, 3, 0, 1, 1]}, null, null, 67, false, [], false, 0, [], null, 0, 1744388005.16111, 0, {}]
[{"0": [28, 28, 18, 38, 29, 25, 34, 23, 31, 32, 20, 29, 0, 2, 1, 4, 1]}, null, null, 67, false, [], false, 0, [], null, 0, 1744388005.3779438, 0, {}]
[{"0": [6, 4, 2, 3, 32, 18, 1, 0, 1, 2, 1, 2, 2, 4, 3, 0, 3]}, null, null, 68, false, [], false, 0, [], null, 0, 1744388005.5930774, 0, {}]
[{"0": [1, 2, 5, 5, 1, 5, 0, 1, 6, 2, 3, 0, 2, 2, 4, 2, 26]}, null, null, 69, false, [], false, 0, [], null, 0, 1744388005.8101616, 0, {}]
[{"0": [20, 30, 1, 2, 1, 2, 3, 3, 1, 1, 1, 0, 2, 4, 0, 0, 2]}, null, null, 69, false, [], false, 0, [], null, 0, 1744388006.024726, 0, {}]
[{"0": [3, 4, 3, 2, 1, 1, 0, 2, 1, 0, 1, 1, 3, 31, 3, 4, 1]}, null, null, 70, false, [], false, 0, [], null, 0, 1744388006.244629, 0, {}]
[{"0": [1, 0, 4, 1, 37, 27, 33, 25, 33, 29, 21, 27, 31, 17, 34, 29, 36]}, null, null, 70, false, [], false, 0, [], null, 0, 1744388006.4694116, 0, {}]
[{"0": [2, 0, 2, 0, 1, 3, 4, 0, 2, 1, 2, 1, 0, 2, 1, 0, 24]}, null, null, 71, false, [], false, 0, [], null, 0, 1744388006.6797972, 0, {}]
[{"0": [4, 1, 1, 2, 2, 1, 2, 3, 2, 3, 2, 3, 3, 0, 7, 22, 26]}, null, null, 72, false, [], false, 0, [], null, 0, 1744388006.9023106, 0, {}]
[{"0": [4, 1, 1, 1, 2, 5, 2, 3, 1, 6, 3, 2, 37, 28, 37, 27, 32]}, null, null, 72, false, [], false, 0, [], null, 0, 1744388007.1152878, 0, {}]
[{"0": [1, 4, 3, 1, 0, 1, 4, 0, 2, 2, 3, 4, 46, 2, 1, 1, 3]}, null, null, 73, false, [], false, 0, [], null, 0, 1744388007.335934, 0, {}]
[{"0": [2, 1, 0, 3, 4, 3, 4, 5, 4, 3, 30, 1, 1, 4, 2, 6, 1]}, null, null, 73, false, [], false, 0, [], null, 0, 1744388007.5566642, 0, {}]
[{"0": [27, 44, 29, 26, 30, 38, 29, 35, 3, 3, 4, 1, 1, 3, 3, 0, 2]}, null, null, 74, false, [], false, 0, [], null, 0, 1744388007.7575254, 0, {}]
[{"0": [1, 1, 1, 1, 1, 0, 1, 26, 22, 21, 21, 22, 28, 1, 0, 2, 1]}, null, null, 75, false, [], false, 0, [], null, 0, 1744388007.9785123, 0, {}]
[{"0": [0, 0, 1, 1, 3, 5, 5, 3, 1, 3, 0, 1, 24, 29, 25, 27, 24]}, null, null, 75, false, [], false, 0, [], null, 0, 1744388008.20707, 0, {}]
[{"0": [4, 2, 3, 2, 3, 1, 0, 27, 21, 2, 1, 2, 2, 0, 2, 6, 5]}, null, null, 76, false, [], false, 0, [], null, 0, 1744388008.4135964, 0, {}]
[{"0": [1, 5, 38, 34, 28, 3, 2, 0, 2, 2, 1, 2, 3, 1, 0, 0, 1]}, null, null, 77, false, [], false, 0, [], null, 0, 1744388008.6289985, 0, {}]
[{"0": [3, 2, 1, 2, 1, 2, 2, 1, 29, 35, 27, 31, 21, 1, 3, 1, 2]}, null, null, 77, false, [], false, 0, [], null, 0, 1744388008.844379, 0, {}]
[{"0": [1, 1, 3, 0, 2, 2, 2, 2, 1, 5, 4, 2, 0, 2, 2, 2, 30]}, null, null, 78, false, [], false, 0, [], null, 0, 1744388009.052328, 0, {}]
[{"0": [1, 0, 1, 5, 1, 1, 0, 1, 1, 3, 2, 4, 4, 27, 31, 29, 30]}, null, null, 78, false, [], false, 0, [], null, 0, 1744388009.27801, 0, {}]
[{"0": [35, 33, 32, 2, 2, 1, 3, 0, 0, 1, 1, 2, 0, 0, 1, 3, 2]}, null, null, 79, false, [], false, 0, [], null, 0, 1744388009.4921577, 0, {}]
[{"0": [1, 2, 3, 2, 0, 26, 22, 1, 3, 1, 2, 1, 4, 3, 0, 0, 1]}, null, null, 80, false, [], false, 0, [], null, 0, 1744388009.7049003, 0, {}]
[{"0": [2, 3, 0, 5, 2, 0, 0, 3, 3, 1, 1, 25, 32, 0, 2, 0, 1]}, null, null, 80, false, [], false, 0, [], null, 0, 1744388009.932779, 0, {}]
[{"0": [4, 3, 3, 7, 1, 2, 1, 2, 2, 5, 5, 2, 3, 1, 25, 25, 22]}, null, null, 81, false, [], false, 0, [], null, 0, 1744388010.153404, 0, {}]
[{"0": [4, 2, 0, 0, 0, 0, 2, 0, 2, 2, 1, 2, 0, 2, 0, 40, 18]}, null, null, 81, false, [], false, 0, [], null, 0, 1744388010.355427, 0, {}]
[{"0": [2, 1, 4, 1, 26, 31, 34, 34, 36, 35, 0, 3, 1, 1, 2, 2, 1]}, null, null, 82, false, [], false, 0, [], null, 0, 1744388010.572174, 0, {}]
[{"0": [35, 25, 36, 1, 2, 1, 4, 0, 1, 3, 1, 3, 3, 1, 1, 2, 3]}, null, null, 83, false, [], false, 0, [], null, 0, 1744388010.785868, 0, {}]
[{"0": [1, 1, 4, 4, 1, 3, 1, 5, 1, 1, 1, 2, 36, 29, 29, 29, 28]}, null, null, 83, false, [], false, 0, [], null, 0, 1744388011.0161014, 0, {}]
[{"0": [1, 2, 3, 4, 3, 2, 22, 25, 22, 20, 29, 2, 3, 1, 1, 4, 0]}, null, null, 84, false, [], false, 0, [], null, 0, 1744388011.2291195, 0, {}]
[{"0": [2, 2, 3, 1, 2, 3, 2, 0, 1, 3, 1, 3, 32, 34, 23, 24, 2]}, null, null, 84, false, [], false, 0, [], null, 0, 1744388011.4474146, 0, {}]
[{"0": [1, 1, 4, 1, 0, 4, 24, 30, 37, 3, 0, 5, 3, 0, 1, 1, 1]}, null, null, 85, false, [], false, 0, [], null, 0, 1744388011.661459, 0, {}]
[{"0": [2, 2, 37, 32, 23, 27, 0, 1, 1, 4, 2, 2, 2, 2, 5, 0, 1]}, null, null, 86, false, [], false, 0, [], null, 0, 1744388011.8763516, 0, {}]
[{"0": [2, 0, 2, 3, 6, 1, 3, 0, 2, 3, 1, 3, 3, 1, 3, 38, 36]}, null, null, 86, false, [], false, 0, [], null, 0, 1744388012.0885117, 0, {}]
[{"0": [4, 2, 1, 1, 5, 2, 24, 32, 3, 2, 0, 4, 2, 2, 2, 2, 3]}, null, null, 87, false, [], false, 0, [], null, 0, 1744388012.312928, 0, {}]
[{"0": [1, 2, 1, 3, 3, 0, 1, 3, 2, 3, 1, 3, 6, 1, 2, 27, 35]}, null, null, 87, false, [], false, 0, [], null, 0, 1744388012.5397742, 0, {}]
[{"0": [1, 1, 0, 2, 23, 4, 2, 3, 1, 3, 3, 1, 1, 2, 2, 2, 2]}, null, null, 88, false, [], false, 0, [], null, 0, 1744388012.7566104, 0, {}]
[{"0": [0, 2, 2, 2, 4, 1, 1, 0, 1, 4, 2, 0, 0, 4, 5, 5, 4]}, null, null, 89, false, [], false, 0, [], null, 0, 1744388012.958645, 0, {}]
[{"0": [0, 3, 3, 2, 33, 32, 32, 24, 28, 30, 27, 35, 30, 29, 2, 2, 2]}, null, null, 89, false, [], false, 0, [], null, 0, 1744388013.1785393, 0, {}]
[{"0": [3, 28, 4, 0, 0, 2, 3, 1, 3, 3, 1, 2, 2, 3, 2, 2, 3]}, null, null, 90, false, [], false, 0, [], null, 0, 1744388013.3922486, 0, {}]
[{"0": [5, 2, 1, 20, 21, 29, 32, 2, 2, 0, 2, 0, 2, 1, 7, 2, 4]}, null, null, 90, false, [], false, 0, [], null, 0, 1744388013.6046307, 0, {}]
[{"0": [2, 1, 2, 3, 2, 2, 4, 3, 2, 29, 31, 33, 32, 27, 19, 29, 22]}, null, null, 91, false, [], false, 0, [], null, 0, 1744388013.8401248, 0, {}]
[{"0": [32, 38, 39, 2, 2, 2, 5, 4, 2, 1, 3, 0, 1, 1, 1, 3, 0]}, null, null, 92, false, [], false, 0, [], null, 0, 1744388014.0405416, 0, {}]
[{"0": [1, 0, 33, 26, 32, 31, 0, 2, 1, 2, 5, 2, 2, 2, 1, 6, 0]}, null, null, 92, false, [], false, 0, [], null, 0, 1744388014.2564554, 0, {}]
[{"0": [30, 3, 0, 3, 0, 0, 2, 0, 2, 0, 2, 0, 1, 2, 5, 4, 2]}, null, null, 93, false, [], false, 0, [], null, 0, 1744388014.4831429, 0, {}]
[{"0": [1, 2, 2, 5, 29, 32, 32, 33, 29, 30, 37, 31, 36, 3, 0, 4, 1]}, null, null, 93, false, [], false, 0, [], null, 0, 1744388014.7010872, 0, {}]
[{"0": [5, 1, 2, 2, 1, 0, 2, 4, 2, 23, 32, 5, 1, 1, 3, 3, 1]}, null, null, 94, false, [], false, 0, [], null, 0, 1744388014.907082, 0, {}]
[{"0": [0, 4, 3, 3, 1, 2, 1, 1, 2, 3, 3, 0, 3, 2, 0, 4, 31]}, null, null, 95, false, [], false, 0, [], null, 0, 1744388015.1210003, 0, {}]
[{"0": [2, 0, 2, 25, 20, 34, 21, 45, 26, 22, 4, 1, 2, 2, 1, 3, 1]}, null, null, 95, false, [], false, 0, [], null, 0, 1744388015.346786, 0, {}]
[{"0": [5, 2, 3, 2, 2, 4, 0, 2, 4, 2, 2, 1, 4, 2, 3, 2, 2]}, null, null, 96, false, [], false, 0, [], null, 0, 1744388015.5667186, 0, {}]
[{"0": [0, 7, 2, 1, 3, 28, 29, 16, 29, 33, 38, 36, 29, 32, 26, 32, 32]}, null, null, 96, false, [], false, 0, [], null, 0, 1744388015.7728622, 0, {}]
[{"0": [3, 1, 3, 2, 2, 1, 5, 1, 1, 3, 1, 23, 34, 24, 27, 43, 37]}, null, null, 97, false, [], false, 0, [], null, 0, 1744388015.9949317, 0, {}]
[{"0": [2, 1, 2, 28, 22, 29, 32, 15, 29, 17, 27, 41, 21, 27, 1, 1, 1]}, null, null, 98, false, [], false, 0, [], null, 0, 1744388016.2088912, 0, {}]
[{"0": [5, 0, 2, 2, 1, 4, 0, 1, 3, 0, 2, 0, 1, 2, 42, 2, 6]}, null, null, 98, false, [], false, 0, [], null, 0, 1744388016.4271364, 0, {}]
[{"0": [1, 3, 3, 1, 3, 1, 1, 29, 26, 34, 2, 1, 3, 3, 2, 3, 3]}, null, null, 99, false, [], false, 0, [], null, 0, 1744388016.6463628, 0, {}]
[{"0": [2, 1, 0, 2, 6, 5, 2, 29, 21, 30, 33, 36, 2, 3, 1, 2, 3]}, null, null, 99, false, [], false, 0, [], null, 0, 1744388016.859598, 0, {}]
[{"0": [1, 3, 3, 28, 34, 30, 47, 29, 26, 30, 3, 0, 0, 6, 1, 2, 0]}, null, null, 100, false, [], false, 0, [], null, 0, 1744388017.0788662, 0, {}]
[{"0": [0, 2, 1, 0, 4, 3, 1, 0, 32, 34, 24, 3, 0, 6, 1, 1, 2]}, null, null, 101, false, [], false, 0, [], null, 0, 1744388017.297548, 0, {}]
[{"0": [3, 1, 0, 1, 4, 26, 32, 20, 14, 30, 1, 1, 4, 2, 0, 2, 1]}, null, null, 101, false, [], false, 0, [], null, 0, 1744388017.5150635, 0, {}]
[{"0": [1, 1, 2, 2, 4, 1, 3, 2, 1, 3, 30, 34, 23, 33, 29, 2, 2]}, null, null, 102, false, [], false, 0, [], null, 0, 1744388017.7249954, 0, {}]
[{"0": [1, 24, 30, 27, 22, 32, 26, 31, 20, 24, 28, 30, 1, 3, 2, 0, 4]}, null, null, 102, false, [], false, 0, [], null, 0, 1744388017.9402962, 0, {}]
[{"0": [0, 1, 0, 3, 2, 3, 4, 2, 2, 2, 5, 0, 0, 30, 33, 24, 47]}, null, null, 103, false, [], false, 0, [], null, 0, 1744388018.1580935, 0, {}]
[{"0": [1, 3, 2, 3, 4, 16, 30, 27, 1, 1, 2, 4, 0, 3, 7, 3, 2]}, null, null, 104, false, [], false, 0, [], null, 0, 1744388018.382786, 0, {}]
[{"0": [36, 19, 31, 29, 21, 36, 1, 2, 1, 3, 3, 3, 1, 2, 1, 0, 1]}, null, null, 104, false, [], false, 0, [], null, 0, 1744388018.601622, 0, {}]
[{"0": [0, 3, 3, 1, 1, 1, 0, 2, 1, 5, 3, 1, 1, 3, 3, 1, 2]}, null, null, 105, false, [], false, 0, [], null, 0, 1744388018.8167503, 0, {}]
[{"0": [0, 2, 1, 3, 2, 3, 1, 1, 1, 3, 0, 1, 6, 33, 28, 1, 0]}, null, null, 105, false, [], false, 0, [], null, 0, 1744388019.0374231, 0, {}]
[{"0": [3, 1, 0, 2, 1, 0, 3, 0, 3, 5, 1, 2, 1, 0, 2, 2, 4]}, null, null, 106, false, [], false, 0, [], null, 0, 1744388019.2492113, 0, {}]
[{"0": [3, 2, 2, 3, 0, 3, 1, 3, 3, 2, 4, 2, 0, 2, 3, 7, 0]}, null, null, 107, false, [], false, 0, [], null, 0, 1744388019.470915, 0, {}]
[{"0": [4, 3, 1, 34, 35, 20, 24, 3, 6, 2, 0, 2, 0, 3, 1, 5, 1]}, null, null, 107, false, [], false, 0, [], null, 0, 1744388019.678754, 0, {}]
[{"0": [21, 26, 25, 32, 26, 27, 24, 1, 2, 4, 3, 2, 3, 1, 3, 2, 0]}, null, null, 108, false, [], false, 0, [], null, 0, 1744388019.8952773, 0, {}]
[{"0": [2, 0, 2, 2, 2, 1, 1, 2, 3, 4, 2, 1, 34, 29, 2, 2, 4]}, null, null, 108, false, [], false, 0, [], null, 0, 1744388020.110791, 0, {}]
[{"0": [4, 1, 2, 2, 1, 3, 1, 2, 0, 0, 3, 3, 1, 2, 2, 0, 28]}, null, null, 109, false, [], false, 0, [], null, 0, 1744388020.3417706, 0, {}]
[{"0": [2, 0, 1, 2, 2, 2, 2, 1, 1, 1, 3, 2, 2, 1, 2, 1, 25]}, null, null, 110, false, [], false, 0, [], null, 0, 1744388020.5385263, 0, {}]
[{"0": [0, 1, 3, 3, 4, 36, 3, 2, 0, 3, 1, 2, 1, 3, 1, 1, 3]}, null, null, 110, false, [], false, 0, [], null, 0, 1744388020.7605133, 0, {}]
[{"0": [4, 1, 2, 3, 1, 3, 1, 1, 0, 28, 21, 2, 3, 1, 1, 3, 0]}, null, null, 111, false, [], false, 0, [], null, 0, 1744388020.9788928, 0, {}]
[{"0": [0, 1, 6, 1, 3, 0, 2, 3, 2, 1, 3, 30, 32, 32, 37, 1, 2]}, null, null, 111, false, [], false, 0, [], null, 0, 1744388021.2045033, 0, {}]
[{"0": [1, 1, 41, 35, 32, 3, 1, 1, 1, 6, 2, 0, 1, 4, 1, 2, 2]}, null, null, 112, false, [], false, 0, [], null, 0, 1744388021.413612, 0, {}]
[{"0": [1, 3, 2, 1, 2, 3, 2, 2, 2, 1, 21, 2, 4, 1, 5, 4, 2]}, null, null, 113, false, [], false, 0, [], null, 0, 1744388021.623639, 0, {}]
[{"0": [2, 4, 1, 0, 1, 3, 1, 3, 4, 2, 1, 1, 1, 31, 32, 29, 36]}, null, null, 113, false, [], false, 0, [], null, 0, 1744388021.8432307, 0, {}]
[{"0": [1, 2, 1, 3, 2, 6, 2, 2, 2, 2, 1, 0, 2, 3, 30, 32, 23]}, null, null, 114, false, [], false, 0, [], null, 0, 1744388022.0674727, 0, {}]
[{"0": [1, 2, 4, 0, 2, 2, 3, 2, 1, 1, 2, 35, 1, 4, 3, 4, 0]}, null, null, 114, false, [], false, 0, [], null, 0, 1744388022.286729, 0, {}]
[{"0": [4, 0, 4, 1, 1, 1, 2, 3, 28, 0, 1, 3, 2, 2, 1, 1, 3]}, null, null, 115, false, [], false, 0, [], null, 0, 1744388022.4946642, 0, {}]
[{"0": [1, 3, 1, 0, 0, 1, 2, 1, 1, 2, 0, 3, 5, 1, 1, 3, 6]}, null, null, 116, false, [], false, 0, [], null, 0, 1744388022.7228448, 0, {}]
[{"0": [1, 2, 3, 0, 3, 2, 1, 2, 1, 0, 0, 5, 1, 2, 0, 2, 25]}, null, null, 116, false, [], false, 0, [], null, 0, 1744388022.923919, 0, {}]
[{"0": [1, 3, 5, 2, 0, 2, 4, 4, 1, 1, 4, 1, 31, 33, 4, 2, 2]}, null, null, 117, false, [], false, 0, [], null, 0, 1744388023.143194, 0, {}]
[{"0": [2, 3, 2, 6, 0, 1, 4, 2, 1, 3, 2, 1, 37, 30, 3, 2, 1]}, null, null, 117, false, [], false, 0, [], null, 0, 1744388023.367089, 0, {}]
[{"0": [4, 2, 4, 1, 31, 26, 22, 31, 28, 33, 24, 31, 37, 41, 31, 0, 2]}, null, null, 118, false, [], false, 0, [], null, 0, 1744388023.5815063, 0, {}]
[{"0": [1, 1, 33, 1, 4, 1, 0, 1, 1, 4, 2, 2, 1, 1, 1, 1, 1]}, null, null, 119, false, [], false, 0, [], null, 0, 1744388023.8074508, 0, {}]
[{"0": [3, 1, 2, 0, 1, 1, 27, 1, 1, 1, 4, 2, 2, 2, 1, 3, 4]}, null, null, 119, false, [], false, 0, [], null, 0, 1744388024.0185924, 0, {}]
[{"0": [1, 1, 3, 0, 2, 2, 1, 2, 2, 2, 4, 0, 35, 29, 33, 2, 2]}, null, null, 120, false, [], false, 0, [], null, 0, 1744388024.2354846, 0, {}]
[{"0": [2, 1, 2, 1, 2, 3, 2, 3, 3, 1, 1, 4, 5, 1, 3, 1, 41]}, null, null, 120, false, [], false, 0, [], null, 0, 1744388024.4569862, 0, {}]
[{"0": [1, 1, 0, 1, 0, 2, 2, 2, 4, 34, 25, 0, 2, 3, 2, 1, 0]}, null, null, 121, false, [], false, 0, [], null, 0, 1744388024.6680312, 0, {}]
[{"0": [1, 0, 33, 28, 2, 1, 1, 7, 2, 4, 1, 3, 3, 1, 0, 2, 1]}, null, null, 122, false, [], false, 0, [], null, 0, 1744388024.8707168, 0, {}]
[{"0": [2, 1, 2, 4, 7, 4, 3, 2, 4, 2, 2, 3, 5, 2, 3, 0, 3]}, null, null, 122, false, [], false, 0, [], null, 0, 1744388025.1026042, 0, {}]
[{"0": [2, 4, 2, 2, 4, 27, 3, 4, 2, 1, 4, 1, 5, 3, 1, 3, 0]}, null, null, 123, false, [], false, 0, [], null, 0, 1744388025.3128333, 0, {}]
[{"0": [0, 0, 1, 3, 3, 2, 1, 1, 0, 3, 0, 1, 0, 4, 2, 35, 27]}, null, null, 123, false, [], false, 0, [], null, 0, 1744388025.5267525, 0, {}]
[{"0": [0, 0, 3, 30, 4, 1, 1, 1, 3, 1, 0, 0, 1, 2, 0, 2, 3]}, null, null, 124, false, [], false, 0, [], null, 0, 1744388025.7434833, 0, {}]
[{"0": [1, 2, 2, 5, 1, 2, 0, 5, 1, 1, 2, 35, 22, 21, 41, 30, 24]}, null, null, 125, false, [], false, 0, [], null, 0, 1744388025.9606893, 0, {}]
[{"0": [1, 4, 1, 6, 0, 3, 4, 1, 5, 4, 0, 29, 34, 33, 29, 1, 2]}, null, null, 125, false, [], false, 0, [], null, 0, 1744388026.1844923, 0, {}]
[{"0": [1, 3, 6, 2, 2, 5, 1, 2, 4, 2, 2, 3, 2, 4, 29, 35, 2]}, null, null, 126, false, [], false, 0, [], null, 0, 1744388026.407568, 0, {}]
[{"0": [30, 17, 26, 26, 26, 28, 23, 31, 30, 31, 34, 28, 25, 26, 21, 29, 27]}, null, null, 127, false, [], false, 0, [], null, 0, 1744388026.6173985, 0, {}]
[{"0": [3, 4, 3, 21, 1, 4, 6, 4, 1, 1, 3, 0, 0, 1, 3, 0, 1]}, null, null, 127, false, [], false, 0, [], null, 0, 1744388026.820583, 0, {}]
[{"0": [0, 2, 3, 0, 4, 2, 0, 3, 2, 0, 20, 1, 4, 0, 1, 1, 0]}, null, null, 128, false, [], false, 0, [], null, 0, 1744388027.0553389, 0, {}]
[{"0": [1, 2, 1, 8, 3, 1, 4, 3, 4, 4, 1, 2, 2, 1, 3, 22, 36]}, null, null, 128, false, [], false, 0, [], null, 0, 1744388027.2619202, 0, {}]
[{"0": [2, 2, 2, 32, 32, 21, 30, 25, 28, 21, 23, 36, 30, 37, 26, 15, 35]}, null, null, 129, false, [], false, 0, [], null, 0, 1744388027.4824553, 0, {}]
[{"0": [1, 0, 1, 1, 2, 2, 4, 5, 3, 2, 4, 3, 1, 31, 1, 4, 2]}, null, null, 130, false, [], false, 0, [], null, 0, 1744388027.7078292, 0, {}]
[{"0": [1, 3, 3, 1, 2, 2, 2, 1, 32, 25, 37, 32, 25, 22, 19, 29, 28]}, null, null, 130, false, [], false, 0, [], null, 0, 1744388027.928806, 0, {}]
[{"0": [7, 4, 0, 0, 2, 1, 1, 0, 4, 0, 0, 3, 27, 3, 2, 1, 0]}, null, null, 131, false, [], false, 0, [], null, 0, 1744388028.1394176, 0, {}]
[{"0": [36, 32, 1, 1, 2, 1, 2, 1, 0, 0, 1, 1, 1, 1, 2, 2, 0]}, null, null, 131, false, [], false, 0, [], null, 0, 1744388028.3477798, 0, {}]
[{"0": [3, 0, 4, 1, 1, 2, 0, 33, 2, 1, 2, 2, 1, 2, 1, 3, 1]}, null, null, 132, false, [], false, 0, [], null, 0, 1744388028.5713618, 0, {}]
[{"0": [2, 2, 1, 2, 2, 0, 2, 4, 0, 2, 1, 1, 2, 2, 23, 30, 24]}, null, null, 133, false, [], false, 0, [], null, 0, 1744388028.7754474, 0, {}]
[{"0": [1, 1, 3, 1, 2, 2, 2, 0, 3, 4, 26, 27, 16, 1, 0, 5, 4]}, null, null, 133, false, [], false, 0, [], null, 0, 1744388028.9948714, 0, {}]
[{"0": [1, 1, 2, 28, 26, 19, 25, 29, 28, 1, 0, 4, 1, 0, 2, 3, 0]}, null, null, 134, false, [], false, 0, [], null, 0, 1744388029.2148094, 0, {}]
[{"0": [3, 1, 5, 18, 2, 0, 2, 1, 5, 0, 1, 0, 2, 3, 2, 4, 4]}, null, null, 134, false, [], false, 0, [], null, 0, 1744388029.4296987, 0, {}]
[{"0": [30, 38, 33, 27, 22, 32, 25, 23, 30, 1, 0, 2, 1, 1, 0, 2, 2]}, null, null, 135, false, [], false, 0, [], null, 0, 1744388029.646763, 0, {}]
[{"0": [3, 4, 3, 3, 2, 1, 4, 3, 2, 1, 6, 1, 3, 1, 2, 3, 30]}, null, null, 136, false, [], false, 0, [], null, 0, 1744388029.8685136, 0, {}]
[{"0": [2, 1, 2, 0, 1, 1, 2, 3, 3, 1, 2, 5, 1, 2, 2, 1, 1]}, null, null, 136, false, [], false, 0, [], null, 0, 1744388030.0835688, 0, {}]
[{"0": [2, 5, 1, 4, 2, 2, 0, 2, 0, 0, 4, 2, 1, 3, 23, 21, 32]}, null, null, 137, false, [], false, 0, [], null, 0, 1744388030.3002944, 0, {}]
[{"0": [1, 2, 0, 3, 4, 2, 4, 1, 2, 6, 2, 2, 3, 2, 36, 27, 26]}, null, null, 137, false, [], false, 0, [], null, 0, 1744388030.5155795, 0, {}]
[{"0": [5, 0, 4, 6, 2, 1, 1, 1, 1, 2, 1, 1, 30, 24, 27, 45, 37]}, null, null, 138, false, [], false, 0, [], null, 0, 1744388030.7420769, 0, {}]
[{"0": [1, 3, 1, 2, 3, 4, 2, 23, 27, 23, 19, 23, 32, 30, 29, 35, 34]}, null, null, 139, false, [], false, 0, [], null, 0, 1744388030.9403257, 0, {}]
[{"0": [3, 1, 35, 26, 40, 1, 3, 0, 1, 6, 4, 1, 3, 3, 1, 2, 0]}, null, null, 139, false, [], false, 0, [], null, 0, 1744388031.1683207, 0, {}]
[{"0": [3, 2, 1, 27, 30, 2, 4, 2, 2, 3, 2, 5, 3, 2, 3, 1, 2]}, null, null, 140, false, [], false, 0, [], null, 0, 1744388031.3823025, 0, {}]
[{"0": [5, 1, 3, 4, 0, 2, 4, 2, 3, 2, 2, 2, 2, 0, 4, 3, 29]}, null, null, 140, false, [], false, 0, [], null, 0, 1744388031.5978253, 0, {}]
[{"0": [1, 4, 2, 4, 4, 36, 5, 2, 1, 8, 2, 3, 2, 4, 2, 1, 3]}, null, null, 141, false, [], false, 0, [], null, 0, 1744388031.812314, 0, {}]
[{"0": [1, 2, 1, 0, 2, 0, 1, 3, 1, 1, 29, 31, 24, 18, 2, 0, 2]}, null, null, 142, false, [], false, 0, [], null, 0, 1744388032.0403063, 0, {}]
[{"0": [0, 3, 1, 5, 1, 1, 1, 2, 3, 1, 2, 1, 1, 2, 0, 26, 34]}, null, null, 142, false, [], false, 0, [], null, 0, 1744388032.2531261, 0, {}]
[{"0": [2, 0, 3, 0, 3, 3, 1, 0, 2, 3, 37, 0, 1, 1, 2, 1, 0]}, null, null, 143, false, [], false, 0, [], null, 0, 1744388032.4670715, 0, {}]
[{"0": [3, 5, 4, 1, 0, 1, 2, 26, 28, 1, 5, 1, 0, 3, 2, 0, 0]}, null, null, 143, false, [], false, 0, [], null, 0, 1744388032.6894572, 0, {}]
[{"0": [3, 1, 4, 0, 3, 0, 31, 1, 2, 1, 1, 1, 3, 2, 1, 2, 1]}, null, null, 144, false, [], false, 0, [], null, 0, 1744388032.8953147, 0, {}]
[{"0": [29, 25, 26, 27, 30, 33, 23, 15, 28, 0, 2, 3, 2, 4, 4, 2, 1]}, null, null, 145, false, [], false, 0, [], null, 0, 1744388033.126253, 0, {}]
[{"0": [2, 0, 0, 2, 6, 1, 2, 1, 4, 4, 1, 3, 3, 0, 36, 33, 27]}, null, null, 145, false, [], false, 0, [], null, 0, 1744388033.3245296, 0, {}]
[{"0": [2, 2, 3, 0, 25, 25, 32, 3, 0, 3, 2, 1, 2, 1, 4, 3, 1]}, null, null, 146, false, [], false, 0, [], null, 0, 1744388033.550932, 0, {}]
[{"0": [2, 2, 2, 0, 0, 0, 23, 27, 44, 24, 23, 24, 3, 4, 1, 7, 2]}, null, null, 146, false, [], false, 0, [], null, 0, 1744388033.7737508, 0, {}]
[{"0": [1, 1, 1, 3, 1, 2, 2, 1, 1, 4, 3, 2, 30, 1, 2, 1, 3]}, null, null, 147, false, [], false, 0, [], null, 0, 1744388033.9803, 0, {}]
[{"0": [7, 1, 1, 0, 5, 2, 2, 3, 1, 1, 5, 1, 2, 26, 25, 38, 25]}, null, null, 148, false, [], false, 0, [], null, 0, 1744388034.1952717, 0, {}]
[{"0": [2, 0, 1, 4, 3, 37, 1, 3, 1, 1, 1, 3, 1, 3, 1, 4, 0]}, null, null, 148, false, [], false, 0, [], null, 0, 1744388034.4195926, 0, {}]
[{"0": [3, 4, 1, 2, 2, 1, 0, 2, 1, 2, 2, 3, 0, 31, 37, 33, 33]}, null, null, 149, false, [], false, 0, [], null, 0, 1744388034.6464567, 0, {}]
[{"0": [1, 1, 2, 5, 5, 30, 25, 25, 33, 25, 2, 0, 5, 3, 4, 2, 1]}, null, null, 149, false, [], false, 0, [], null, 0, 1744388034.851492, 0, {}]
[{"0": [0, 2, 3, 1, 3, 39, 31, 29, 24, 28, 25, 27, 23, 33, 28, 43, 0]}, null, null, 150, true, [], false, 0, [], null, 0, 1744388035.0776093, 0, {}]
