[{"0": [2, 2, 2, 1, 34, 1, 2, 3, 3, 1, 2, 2, 2, 3, 0, 2, 1]}, null, null, 0, false, [], false, 0, [], null, 0, 1744380117.4628007, 0, {}]
[{"0": [1, 4, 0, 1, 2, 1, 1, 1, 1, 2, 1, 1, 4, 1, 3, 24, 39]}, null, null, 1, false, [], false, 0, [], null, 0, 1744380117.6959014, 0, {}]
[{"0": [2, 3, 2, 2, 1, 2, 4, 2, 1, 0, 3, 35, 26, 19, 34, 3, 0]}, null, null, 1, false, [], false, 0, [], null, 0, 1744380117.929467, 0, {}]
[{"0": [4, 1, 38, 3, 0, 1, 2, 2, 4, 1, 1, 3, 2, 3, 4, 3, 2]}, null, null, 2, false, [], false, 0, [], null, 0, 1744380118.1230288, 0, {}]
[{"0": [1, 3, 1, 3, 5, 4, 3, 1, 1, 1, 1, 5, 33, 20, 22, 0, 2]}, null, null, 2, false, [], false, 0, [], null, 0, 1744380118.3624437, 0, {}]
[{"0": [2, 2, 2, 4, 0, 1, 0, 2, 0, 0, 2, 2, 30, 0, 2, 5, 3]}, null, null, 3, false, [], false, 0, [], null, 0, 1744380118.5679142, 0, {}]
[{"0": [1, 2, 1, 21, 1, 4, 1, 1, 3, 1, 1, 1, 1, 4, 1, 1, 3]}, null, null, 4, false, [], false, 0, [], null, 0, 1744380118.7843978, 0, {}]
[{"0": [3, 2, 3, 2, 1, 21, 23, 30, 2, 1, 2, 2, 1, 3, 5, 2, 2]}, null, null, 4, false, [], false, 0, [], null, 0, 1744380119.0029957, 0, {}]
[{"0": [2, 1, 3, 1, 1, 2, 2, 1, 2, 1, 2, 1, 1, 3, 4, 26, 0]}, null, null, 5, false, [], false, 0, [], null, 0, 1744380119.213152, 0, {}]
[{"0": [0, 2, 28, 31, 30, 2, 0, 2, 4, 2, 1, 2, 1, 0, 1, 2, 2]}, null, null, 5, false, [], false, 0, [], null, 0, 1744380119.42372, 0, {}]
[{"0": [26, 25, 2, 2, 2, 4, 4, 0, 1, 2, 0, 0, 3, 0, 4, 0, 0]}, null, null, 6, false, [], false, 0, [], null, 0, 1744380119.6500576, 0, {}]
[{"0": [31, 2, 3, 1, 1, 16, 28, 3, 1, 2, 2, 3, 2, 1, 1, 0, 3]}, null, null, 7, false, [], false, 0, [], null, 0, 1744380119.8621745, 0, {}]
[{"0": [0, 3, 1, 1, 2, 1, 2, 3, 3, 0, 2, 2, 3, 2, 40, 34, 38]}, null, null, 7, false, [], false, 0, [], null, 0, 1744380120.0740626, 0, {}]
[{"0": [27, 3, 1, 3, 0, 3, 2, 0, 0, 1, 3, 2, 0, 2, 1, 3, 3]}, null, null, 8, false, [], false, 0, [], null, 0, 1744380120.2954595, 0, {}]
[{"0": [2, 4, 1, 1, 1, 4, 4, 28, 39, 31, 21, 38, 4, 3, 0, 2, 3]}, null, null, 8, false, [], false, 0, [], null, 0, 1744380120.5107896, 0, {}]
[{"0": [0, 0, 4, 1, 1, 2, 1, 7, 1, 0, 1, 1, 2, 2, 3, 30, 32]}, null, null, 9, false, [], false, 0, [], null, 0, 1744380120.73904, 0, {}]
[{"0": [2, 2, 2, 0, 3, 4, 1, 2, 3, 5, 2, 2, 4, 4, 1, 3, 28]}, null, null, 10, false, [], false, 0, [], null, 0, 1744380120.9466207, 0, {}]
[{"0": [3, 2, 3, 3, 3, 1, 2, 3, 2, 3, 1, 2, 2, 0, 2, 1, 0]}, null, null, 10, false, [], false, 0, [], null, 0, 1744380121.1616468, 0, {}]
[{"0": [5, 1, 3, 2, 4, 2, 28, 37, 30, 2, 0, 2, 1, 2, 1, 0, 1]}, null, null, 11, false, [], false, 0, [], null, 0, 1744380121.3763294, 0, {}]
[{"0": [28, 33, 27, 34, 39, 28, 36, 32, 38, 1, 5, 0, 3, 1, 1, 1, 0]}, null, null, 11, false, [], false, 0, [], null, 0, 1744380121.591359, 0, {}]
[{"0": [1, 2, 1, 1, 32, 33, 1, 6, 1, 1, 0, 4, 2, 3, 5, 2, 1]}, null, null, 12, false, [], false, 0, [], null, 0, 1744380121.8280585, 0, {}]
[{"0": [2, 0, 24, 2, 2, 1, 1, 0, 4, 3, 0, 2, 4, 2, 2, 4, 3]}, null, null, 13, false, [], false, 0, [], null, 0, 1744380122.036578, 0, {}]
[{"0": [2, 6, 32, 36, 35, 34, 35, 3, 6, 0, 0, 0, 2, 1, 2, 2, 1]}, null, null, 13, false, [], false, 0, [], null, 0, 1744380122.2502792, 0, {}]
[{"0": [4, 1, 1, 7, 0, 1, 1, 4, 1, 1, 2, 1, 3, 2, 2, 39, 30]}, null, null, 14, false, [], false, 0, [], null, 0, 1744380122.470486, 0, {}]
[{"0": [3, 1, 4, 3, 3, 2, 1, 3, 4, 4, 4, 2, 2, 30, 33, 1, 1]}, null, null, 14, false, [], false, 0, [], null, 0, 1744380122.6864684, 0, {}]
[{"0": [0, 0, 1, 4, 1, 34, 33, 34, 33, 0, 1, 1, 2, 0, 7, 3, 0]}, null, null, 15, false, [], false, 0, [], null, 0, 1744380122.8990219, 0, {}]
[{"0": [2, 0, 0, 4, 2, 4, 0, 0, 0, 1, 2, 4, 2, 1, 2, 33, 34]}, null, null, 16, false, [], false, 0, [], null, 0, 1744380123.1062818, 0, {}]
[{"0": [1, 1, 2, 1, 6, 0, 2, 1, 3, 43, 24, 22, 27, 32, 26, 18, 27]}, null, null, 16, false, [], false, 0, [], null, 0, 1744380123.3334417, 0, {}]
[{"0": [1, 0, 2, 4, 4, 4, 2, 28, 27, 7, 2, 5, 1, 2, 1, 2, 0]}, null, null, 17, false, [], false, 0, [], null, 0, 1744380123.540767, 0, {}]
[{"0": [1, 4, 2, 1, 4, 2, 4, 3, 0, 2, 2, 3, 2, 1, 33, 33, 25]}, null, null, 17, false, [], false, 0, [], null, 0, 1744380123.7777948, 0, {}]
[{"0": [2, 1, 3, 3, 1, 1, 2, 4, 0, 28, 3, 2, 2, 3, 6, 2, 2]}, null, null, 18, false, [], false, 0, [], null, 0, 1744380123.984236, 0, {}]
[{"0": [3, 0, 4, 1, 0, 1, 3, 2, 2, 4, 1, 1, 5, 3, 23, 35, 28]}, null, null, 19, false, [], false, 0, [], null, 0, 1744380124.2039876, 0, {}]
[{"0": [3, 3, 2, 0, 2, 3, 0, 2, 1, 2, 28, 34, 38, 26, 41, 20, 30]}, null, null, 19, false, [], false, 0, [], null, 0, 1744380124.4132154, 0, {}]
[{"0": [3, 1, 3, 3, 4, 2, 2, 1, 3, 2, 2, 3, 3, 2, 1, 30, 38]}, null, null, 20, false, [], false, 0, [], null, 0, 1744380124.6309106, 0, {}]
[{"0": [1, 2, 1, 0, 30, 36, 45, 31, 31, 3, 4, 1, 3, 3, 2, 2, 1]}, null, null, 20, false, [], false, 0, [], null, 0, 1744380124.8561823, 0, {}]
[{"0": [0, 1, 2, 1, 3, 1, 0, 2, 1, 0, 1, 29, 27, 33, 22, 3, 2]}, null, null, 21, false, [], false, 0, [], null, 0, 1744380125.0637805, 0, {}]
[{"0": [29, 1, 2, 1, 2, 0, 2, 3, 2, 0, 4, 3, 3, 4, 0, 0, 3]}, null, null, 22, false, [], false, 0, [], null, 0, 1744380125.2894876, 0, {}]
[{"0": [3, 0, 1, 2, 35, 24, 40, 26, 33, 26, 33, 20, 35, 30, 25, 27, 29]}, null, null, 22, false, [], false, 0, [], null, 0, 1744380125.4914057, 0, {}]
[{"0": [3, 3, 3, 3, 3, 2, 2, 2, 25, 27, 28, 1, 0, 1, 2, 2, 0]}, null, null, 23, false, [], false, 0, [], null, 0, 1744380125.70651, 0, {}]
[{"0": [1, 3, 31, 26, 28, 35, 38, 0, 1, 0, 4, 2, 1, 4, 4, 3, 3]}, null, null, 23, false, [], false, 0, [], null, 0, 1744380125.9411392, 0, {}]
[{"0": [0, 2, 4, 1, 4, 2, 6, 1, 1, 0, 4, 1, 2, 2, 2, 23, 23]}, null, null, 24, false, [], false, 0, [], null, 0, 1744380126.142407, 0, {}]
[{"0": [2, 4, 2, 2, 2, 29, 32, 41, 32, 31, 18, 23, 35, 31, 23, 31, 35]}, null, null, 25, false, [], false, 0, [], null, 0, 1744380126.3677702, 0, {}]
[{"0": [6, 3, 1, 1, 1, 3, 0, 1, 3, 3, 3, 1, 0, 2, 1, 1, 3]}, null, null, 25, false, [], false, 0, [], null, 0, 1744380126.5854, 0, {}]
[{"0": [4, 2, 4, 1, 35, 31, 23, 1, 1, 1, 3, 0, 0, 2, 5, 4, 0]}, null, null, 26, false, [], false, 0, [], null, 0, 1744380126.805664, 0, {}]
[{"0": [2, 0, 2, 0, 4, 0, 1, 3, 4, 2, 3, 1, 2, 0, 5, 4, 1]}, null, null, 27, false, [], false, 0, [], null, 0, 1744380127.0155675, 0, {}]
[{"0": [3, 0, 4, 2, 2, 24, 28, 32, 28, 28, 35, 16, 1, 1, 1, 1, 0]}, null, null, 27, false, [], false, 0, [], null, 0, 1744380127.225634, 0, {}]
[{"0": [2, 1, 0, 2, 3, 2, 2, 0, 0, 4, 2, 3, 2, 2, 3, 4, 4]}, null, null, 28, false, [], false, 0, [], null, 0, 1744380127.4457889, 0, {}]
[{"0": [2, 4, 2, 4, 2, 3, 2, 2, 25, 1, 1, 2, 0, 2, 1, 3, 2]}, null, null, 28, false, [], false, 0, [], null, 0, 1744380127.6645458, 0, {}]
[{"0": [2, 2, 0, 2, 2, 3, 2, 2, 3, 4, 5, 1, 1, 1, 3, 0, 28]}, null, null, 29, false, [], false, 0, [], null, 0, 1744380127.880957, 0, {}]
[{"0": [4, 1, 2, 0, 3, 2, 0, 4, 5, 26, 29, 0, 5, 1, 2, 2, 2]}, null, null, 30, false, [], false, 0, [], null, 0, 1744380128.0945492, 0, {}]
[{"0": [1, 0, 33, 33, 25, 25, 22, 36, 28, 29, 23, 0, 2, 3, 2, 4, 1]}, null, null, 30, false, [], false, 0, [], null, 0, 1744380128.306278, 0, {}]
[{"0": [0, 4, 0, 1, 3, 1, 25, 26, 31, 30, 25, 3, 0, 1, 1, 3, 0]}, null, null, 31, false, [], false, 0, [], null, 0, 1744380128.5316997, 0, {}]
[{"0": [2, 1, 29, 1, 2, 3, 1, 2, 2, 1, 0, 4, 3, 0, 3, 3, 1]}, null, null, 31, false, [], false, 0, [], null, 0, 1744380128.7499766, 0, {}]
[{"0": [1, 1, 5, 3, 2, 2, 0, 1, 3, 2, 3, 0, 2, 1, 28, 25, 1]}, null, null, 32, false, [], false, 0, [], null, 0, 1744380128.966754, 0, {}]
[{"0": [2, 1, 1, 2, 24, 30, 3, 1, 2, 1, 3, 3, 4, 2, 2, 3, 2]}, null, null, 33, false, [], false, 0, [], null, 0, 1744380129.176146, 0, {}]
[{"0": [28, 28, 1, 2, 2, 1, 1, 4, 3, 6, 1, 1, 1, 4, 4, 1, 3]}, null, null, 33, false, [], false, 0, [], null, 0, 1744380129.40038, 0, {}]
[{"0": [0, 0, 2, 2, 3, 4, 1, 2, 2, 3, 2, 2, 2, 28, 2, 2, 6]}, null, null, 34, false, [], false, 0, [], null, 0, 1744380129.6094956, 0, {}]
[{"0": [1, 2, 1, 1, 4, 1, 3, 32, 0, 2, 2, 5, 1, 0, 2, 4, 0]}, null, null, 34, false, [], false, 0, [], null, 0, 1744380129.8207173, 0, {}]
[{"0": [1, 2, 1, 2, 2, 4, 4, 2, 3, 0, 2, 4, 2, 24, 34, 35, 28]}, null, null, 35, false, [], false, 0, [], null, 0, 1744380130.0499492, 0, {}]
[{"0": [1, 3, 26, 5, 2, 3, 2, 2, 0, 1, 1, 2, 1, 4, 0, 2, 2]}, null, null, 36, false, [], false, 0, [], null, 0, 1744380130.2546184, 0, {}]
[{"0": [2, 2, 1, 1, 0, 0, 2, 1, 2, 3, 0, 1, 1, 1, 1, 28, 30]}, null, null, 36, false, [], false, 0, [], null, 0, 1744380130.4902935, 0, {}]
[{"0": [39, 25, 27, 29, 1, 0, 3, 0, 3, 1, 3, 3, 3, 3, 1, 5, 4]}, null, null, 37, false, [], false, 0, [], null, 0, 1744380130.696389, 0, {}]
[{"0": [3, 3, 3, 2, 3, 3, 1, 1, 3, 2, 2, 3, 34, 35, 34, 31, 2]}, null, null, 37, false, [], false, 0, [], null, 0, 1744380130.9151158, 0, {}]
[{"0": [3, 7, 4, 0, 1, 3, 3, 1, 0, 2, 2, 0, 0, 0, 4, 1, 1]}, null, null, 38, false, [], false, 0, [], null, 0, 1744380131.123355, 0, {}]
[{"0": [2, 0, 28, 33, 3, 2, 2, 2, 2, 2, 1, 3, 3, 6, 1, 1, 2]}, null, null, 39, false, [], false, 0, [], null, 0, 1744380131.3359754, 0, {}]
[{"0": [0, 1, 2, 27, 26, 2, 1, 2, 3, 6, 5, 1, 1, 2, 2, 3, 3]}, null, null, 39, false, [], false, 0, [], null, 0, 1744380131.5554264, 0, {}]
[{"0": [0, 1, 0, 5, 2, 3, 1, 2, 2, 2, 1, 1, 1, 21, 35, 29, 2]}, null, null, 40, false, [], false, 0, [], null, 0, 1744380131.7737997, 0, {}]
[{"0": [3, 1, 2, 1, 3, 1, 2, 3, 2, 3, 5, 1, 3, 2, 34, 2, 1]}, null, null, 40, false, [], false, 0, [], null, 0, 1744380131.9957383, 0, {}]
[{"0": [3, 1, 3, 3, 1, 1, 3, 3, 3, 4, 3, 1, 0, 2, 1, 30, 31]}, null, null, 41, false, [], false, 0, [], null, 0, 1744380132.2102532, 0, {}]
[{"0": [2, 3, 1, 0, 5, 0, 2, 4, 1, 0, 3, 2, 2, 34, 22, 37, 29]}, null, null, 42, false, [], false, 0, [], null, 0, 1744380132.4204953, 0, {}]
[{"0": [0, 2, 2, 2, 2, 2, 2, 2, 2, 2, 1, 30, 26, 28, 4, 1, 3]}, null, null, 42, false, [], false, 0, [], null, 0, 1744380132.6437728, 0, {}]
[{"0": [2, 5, 3, 1, 1, 0, 23, 4, 0, 3, 5, 2, 1, 5, 2, 2, 1]}, null, null, 43, false, [], false, 0, [], null, 0, 1744380132.8604565, 0, {}]
[{"0": [1, 1, 24, 33, 31, 39, 33, 24, 27, 28, 40, 31, 32, 32, 2, 2, 1]}, null, null, 43, false, [], false, 0, [], null, 0, 1744380133.0768747, 0, {}]
[{"0": [2, 25, 8, 2, 0, 4, 2, 1, 2, 0, 3, 0, 3, 1, 3, 2, 2]}, null, null, 44, false, [], false, 0, [], null, 0, 1744380133.2892246, 0, {}]
[{"0": [3, 1, 3, 0, 2, 2, 4, 41, 38, 36, 26, 19, 2, 9, 4, 1, 1]}, null, null, 45, false, [], false, 0, [], null, 0, 1744380133.5188584, 0, {}]
[{"0": [2, 2, 0, 1, 3, 2, 0, 3, 5, 4, 2, 1, 1, 40, 26, 0, 0]}, null, null, 45, false, [], false, 0, [], null, 0, 1744380133.738493, 0, {}]
[{"0": [1, 3, 23, 29, 3, 2, 3, 3, 2, 2, 1, 2, 3, 2, 2, 2, 2]}, null, null, 46, false, [], false, 0, [], null, 0, 1744380133.9579434, 0, {}]
[{"0": [2, 3, 4, 1, 0, 3, 5, 1, 2, 1, 0, 18, 32, 31, 27, 1, 2]}, null, null, 46, false, [], false, 0, [], null, 0, 1744380134.1558368, 0, {}]
[{"0": [2, 0, 4, 2, 2, 2, 3, 2, 2, 35, 33, 27, 2, 2, 2, 3, 3]}, null, null, 47, false, [], false, 0, [], null, 0, 1744380134.3717918, 0, {}]
[{"0": [0, 2, 28, 26, 33, 3, 2, 4, 4, 0, 2, 3, 0, 3, 1, 3, 0]}, null, null, 48, false, [], false, 0, [], null, 0, 1744380134.5817094, 0, {}]
[{"0": [0, 1, 3, 3, 2, 0, 1, 2, 2, 1, 1, 2, 2, 5, 0, 0, 0]}, null, null, 48, false, [], false, 0, [], null, 0, 1744380134.81007, 0, {}]
[{"0": [1, 2, 1, 1, 0, 32, 20, 33, 39, 30, 24, 31, 32, 25, 26, 25, 26]}, null, null, 49, false, [], false, 0, [], null, 0, 1744380135.036735, 0, {}]
[{"0": [3, 3, 0, 2, 0, 2, 30, 25, 21, 39, 35, 5, 4, 1, 1, 2, 1]}, null, null, 49, false, [], false, 0, [], null, 0, 1744380135.2405133, 0, {}]
[{"0": [4, 1, 1, 0, 0, 5, 0, 2, 1, 0, 4, 3, 3, 40, 32, 2, 1]}, null, null, 50, false, [], false, 0, [], null, 0, 1744380135.4620895, 0, {}]
[{"0": [1, 2, 1, 0, 4, 2, 0, 4, 4, 3, 1, 3, 0, 1, 2, 2, 2]}, null, null, 51, false, [], false, 0, [], null, 0, 1744380135.6802928, 0, {}]
[{"0": [5, 0, 3, 4, 2, 1, 0, 0, 1, 2, 2, 4, 0, 5, 18, 36, 1]}, null, null, 51, false, [], false, 0, [], null, 0, 1744380135.8972123, 0, {}]
[{"0": [2, 4, 0, 2, 2, 3, 2, 1, 1, 2, 2, 0, 0, 4, 30, 32, 38]}, null, null, 52, false, [], false, 0, [], null, 0, 1744380136.110675, 0, {}]
[{"0": [2, 1, 2, 0, 1, 0, 1, 2, 2, 2, 1, 31, 26, 36, 32, 21, 35]}, null, null, 52, false, [], false, 0, [], null, 0, 1744380136.3386493, 0, {}]
[{"0": [0, 4, 2, 3, 1, 3, 2, 4, 3, 2, 0, 4, 5, 2, 1, 25, 25]}, null, null, 53, false, [], false, 0, [], null, 0, 1744380136.5383322, 0, {}]
[{"0": [0, 3, 3, 2, 3, 3, 2, 3, 2, 0, 1, 21, 3, 4, 1, 2, 0]}, null, null, 54, false, [], false, 0, [], null, 0, 1744380136.7623653, 0, {}]
[{"0": [1, 5, 1, 4, 2, 2, 3, 34, 30, 30, 34, 2, 0, 0, 0, 0, 2]}, null, null, 54, false, [], false, 0, [], null, 0, 1744380136.9805357, 0, {}]
[{"0": [2, 1, 0, 1, 2, 9, 2, 2, 1, 1, 2, 2, 5, 2, 3, 1, 31]}, null, null, 55, false, [], false, 0, [], null, 0, 1744380137.2045054, 0, {}]
[{"0": [3, 3, 34, 36, 39, 30, 18, 32, 2, 0, 2, 1, 3, 1, 4, 1, 2]}, null, null, 55, false, [], false, 0, [], null, 0, 1744380137.4067707, 0, {}]
[{"0": [1, 2, 2, 3, 1, 3, 3, 1, 2, 1, 2, 36, 34, 43, 26, 25, 2]}, null, null, 56, false, [], false, 0, [], null, 0, 1744380137.618835, 0, {}]
[{"0": [1, 3, 3, 0, 2, 26, 1, 0, 1, 0, 1, 3, 4, 2, 0, 3, 2]}, null, null, 57, false, [], false, 0, [], null, 0, 1744380137.8504853, 0, {}]
[{"0": [2, 1, 5, 1, 0, 2, 3, 2, 5, 1, 1, 0, 4, 28, 20, 26, 18]}, null, null, 57, false, [], false, 0, [], null, 0, 1744380138.0555873, 0, {}]
[{"0": [2, 0, 0, 2, 36, 1, 0, 0, 3, 4, 1, 0, 0, 4, 4, 2, 1]}, null, null, 58, false, [], false, 0, [], null, 0, 1744380138.274709, 0, {}]
[{"0": [2, 3, 4, 2, 1, 0, 28, 33, 25, 29, 26, 27, 16, 31, 35, 29, 22]}, null, null, 58, false, [], false, 0, [], null, 0, 1744380138.4878275, 0, {}]
[{"0": [0, 31, 32, 28, 37, 40, 24, 21, 25, 35, 31, 6, 4, 4, 6, 1, 3]}, null, null, 59, false, [], false, 0, [], null, 0, 1744380138.7023084, 0, {}]
[{"0": [1, 2, 1, 3, 3, 4, 1, 1, 1, 2, 3, 35, 2, 1, 1, 1, 1]}, null, null, 60, false, [], false, 0, [], null, 0, 1744380138.93697, 0, {}]
[{"0": [1, 0, 5, 0, 1, 0, 2, 2, 0, 0, 2, 2, 2, 3, 25, 28, 0]}, null, null, 60, false, [], false, 0, [], null, 0, 1744380139.1548722, 0, {}]
[{"0": [3, 5, 2, 1, 3, 1, 0, 3, 19, 29, 29, 30, 1, 1, 0, 2, 1]}, null, null, 61, false, [], false, 0, [], null, 0, 1744380139.3636575, 0, {}]
[{"0": [2, 0, 0, 21, 3, 1, 0, 3, 1, 2, 1, 3, 3, 1, 2, 3, 2]}, null, null, 61, false, [], false, 0, [], null, 0, 1744380139.576627, 0, {}]
[{"0": [4, 3, 1, 0, 0, 3, 1, 1, 1, 4, 4, 2, 35, 31, 32, 1, 2]}, null, null, 62, false, [], false, 0, [], null, 0, 1744380139.7842846, 0, {}]
[{"0": [2, 3, 2, 2, 4, 5, 4, 2, 1, 1, 4, 5, 1, 0, 33, 30, 20]}, null, null, 63, false, [], false, 0, [], null, 0, 1744380140.0015624, 0, {}]
[{"0": [28, 27, 1, 2, 1, 0, 0, 2, 2, 1, 1, 5, 0, 2, 1, 3, 3]}, null, null, 63, false, [], false, 0, [], null, 0, 1744380140.2195718, 0, {}]
[{"0": [0, 2, 1, 3, 2, 2, 2, 5, 3, 26, 31, 3, 6, 2, 2, 3, 4]}, null, null, 64, false, [], false, 0, [], null, 0, 1744380140.4379795, 0, {}]
[{"0": [28, 30, 27, 38, 47, 35, 40, 23, 37, 31, 2, 3, 2, 1, 2, 2, 3]}, null, null, 64, false, [], false, 0, [], null, 0, 1744380140.6582482, 0, {}]
[{"0": [4, 3, 2, 2, 1, 3, 2, 1, 5, 1, 0, 2, 1, 23, 1, 1, 1]}, null, null, 65, false, [], false, 0, [], null, 0, 1744380140.8694959, 0, {}]
[{"0": [1, 0, 2, 2, 4, 4, 2, 2, 0, 1, 1, 4, 5, 2, 36, 0, 2]}, null, null, 66, false, [], false, 0, [], null, 0, 1744380141.104051, 0, {}]
[{"0": [31, 2, 3, 1, 4, 5, 3, 1, 30, 31, 1, 1, 4, 1, 2, 2, 1]}, null, null, 66, false, [], false, 0, [], null, 0, 1744380141.3199468, 0, {}]
[{"0": [2, 2, 2, 5, 0, 1, 2, 0, 2, 2, 2, 1, 1, 3, 2, 30, 42]}, null, null, 67, false, [], false, 0, [], null, 0, 1744380141.5155175, 0, {}]
[{"0": [2, 1, 2, 1, 1, 37, 24, 28, 0, 0, 3, 2, 1, 3, 1, 2, 2]}, null, null, 67, false, [], false, 0, [], null, 0, 1744380141.7438655, 0, {}]
[{"0": [1, 2, 2, 4, 3, 2, 2, 4, 34, 29, 2, 2, 2, 2, 1, 0, 0]}, null, null, 68, false, [], false, 0, [], null, 0, 1744380141.9624274, 0, {}]
[{"0": [2, 3, 1, 2, 0, 1, 3, 2, 0, 1, 3, 0, 0, 2, 2, 4, 0]}, null, null, 69, false, [], false, 0, [], null, 0, 1744380142.1682925, 0, {}]
[{"0": [1, 3, 1, 3, 0, 0, 2, 0, 2, 3, 0, 21, 0, 4, 1, 3, 4]}, null, null, 69, false, [], false, 0, [], null, 0, 1744380142.4029365, 0, {}]
[{"0": [0, 1, 2, 3, 1, 1, 3, 2, 3, 2, 0, 3, 1, 29, 26, 27, 26]}, null, null, 70, false, [], false, 0, [], null, 0, 1744380142.6169593, 0, {}]
[{"0": [0, 5, 0, 4, 2, 1, 0, 22, 2, 1, 1, 0, 3, 4, 0, 2, 1]}, null, null, 70, false, [], false, 0, [], null, 0, 1744380142.833459, 0, {}]
[{"0": [1, 2, 2, 1, 3, 1, 1, 5, 0, 27, 27, 35, 1, 1, 3, 5, 1]}, null, null, 71, false, [], false, 0, [], null, 0, 1744380143.0484638, 0, {}]
[{"0": [3, 3, 1, 4, 3, 2, 3, 1, 2, 5, 3, 3, 3, 1, 0, 3, 36]}, null, null, 72, false, [], false, 0, [], null, 0, 1744380143.2513056, 0, {}]
[{"0": [3, 1, 3, 1, 2, 1, 2, 3, 2, 1, 0, 4, 3, 0, 35, 3, 2]}, null, null, 72, false, [], false, 0, [], null, 0, 1744380143.4830666, 0, {}]
[{"0": [0, 4, 2, 1, 0, 0, 2, 1, 0, 1, 5, 4, 0, 2, 29, 30, 33]}, null, null, 73, false, [], false, 0, [], null, 0, 1744380143.692928, 0, {}]
[{"0": [1, 1, 4, 2, 3, 0, 0, 1, 3, 27, 31, 23, 3, 1, 0, 2, 1]}, null, null, 73, false, [], false, 0, [], null, 0, 1744380143.9127002, 0, {}]
[{"0": [1, 3, 3, 2, 29, 29, 2, 1, 0, 2, 4, 2, 1, 0, 2, 2, 0]}, null, null, 74, false, [], false, 0, [], null, 0, 1744380144.1152072, 0, {}]
[{"0": [4, 1, 2, 34, 37, 25, 34, 31, 3, 5, 1, 3, 0, 2, 2, 3, 2]}, null, null, 75, false, [], false, 0, [], null, 0, 1744380144.3400843, 0, {}]
[{"0": [0, 2, 2, 1, 2, 2, 4, 1, 4, 2, 3, 2, 27, 26, 28, 2, 1]}, null, null, 75, false, [], false, 0, [], null, 0, 1744380144.5536604, 0, {}]
[{"0": [2, 2, 1, 0, 1, 2, 1, 2, 1, 0, 0, 1, 1, 35, 1, 2, 0]}, null, null, 76, false, [], false, 0, [], null, 0, 1744380144.7698147, 0, {}]
[{"0": [30, 41, 33, 26, 30, 25, 2, 0, 1, 1, 4, 3, 1, 2, 0, 1, 3]}, null, null, 77, false, [], false, 0, [], null, 0, 1744380144.989069, 0, {}]
[{"0": [0, 1, 2, 2, 2, 2, 2, 2, 1, 4, 27, 30, 35, 34, 40, 29, 2]}, null, null, 77, false, [], false, 0, [], null, 0, 1744380145.2089517, 0, {}]
[{"0": [0, 3, 2, 2, 1, 1, 2, 1, 1, 1, 0, 3, 3, 1, 22, 2, 2]}, null, null, 78, false, [], false, 0, [], null, 0, 1744380145.41493, 0, {}]
[{"0": [0, 4, 1, 5, 2, 20, 31, 36, 38, 23, 1, 1, 1, 3, 2, 4, 0]}, null, null, 78, false, [], false, 0, [], null, 0, 1744380145.6468878, 0, {}]
[{"0": [0, 3, 1, 6, 1, 1, 2, 2, 2, 0, 2, 2, 1, 0, 28, 32, 30]}, null, null, 79, false, [], false, 0, [], null, 0, 1744380145.8690245, 0, {}]
[{"0": [3, 3, 2, 0, 2, 29, 26, 27, 28, 7, 4, 0, 2, 3, 1, 3, 1]}, null, null, 80, false, [], false, 0, [], null, 0, 1744380146.0834272, 0, {}]
[{"0": [2, 1, 1, 3, 0, 2, 1, 1, 2, 2, 1, 3, 1, 29, 1, 3, 0]}, null, null, 80, false, [], false, 0, [], null, 0, 1744380146.2850149, 0, {}]
[{"0": [4, 3, 2, 1, 1, 4, 3, 2, 4, 1, 2, 5, 33, 23, 22, 24, 40]}, null, null, 81, false, [], false, 0, [], null, 0, 1744380146.5054657, 0, {}]
[{"0": [2, 2, 0, 3, 3, 2, 0, 0, 29, 28, 27, 1, 2, 2, 0, 0, 3]}, null, null, 81, false, [], false, 0, [], null, 0, 1744380146.7190073, 0, {}]
[{"0": [0, 1, 2, 2, 3, 0, 1, 2, 3, 2, 2, 2, 1, 2, 25, 25, 18]}, null, null, 82, false, [], false, 0, [], null, 0, 1744380146.9350314, 0, {}]
[{"0": [2, 2, 0, 1, 2, 2, 2, 3, 1, 26, 33, 22, 0, 1, 1, 0, 1]}, null, null, 83, false, [], false, 0, [], null, 0, 1744380147.151534, 0, {}]
[{"0": [3, 1, 1, 2, 1, 0, 2, 2, 4, 5, 26, 25, 20, 1, 2, 2, 0]}, null, null, 83, false, [], false, 0, [], null, 0, 1744380147.3792682, 0, {}]
[{"0": [24, 2, 1, 4, 2, 2, 0, 2, 3, 0, 0, 2, 0, 4, 3, 1, 0]}, null, null, 84, false, [], false, 0, [], null, 0, 1744380147.5858026, 0, {}]
[{"0": [1, 2, 4, 2, 1, 1, 4, 1, 1, 3, 1, 2, 1, 6, 29, 3, 4]}, null, null, 84, false, [], false, 0, [], null, 0, 1744380147.815098, 0, {}]
[{"0": [2, 2, 2, 4, 2, 0, 5, 3, 1, 1, 1, 1, 3, 32, 26, 27, 33]}, null, null, 85, false, [], false, 0, [], null, 0, 1744380148.028149, 0, {}]
[{"0": [1, 1, 4, 1, 1, 3, 28, 2, 1, 2, 6, 0, 4, 7, 2, 0, 1]}, null, null, 86, false, [], false, 0, [], null, 0, 1744380148.2484696, 0, {}]
[{"0": [1, 1, 1, 2, 2, 1, 2, 0, 1, 1, 27, 0, 2, 1, 0, 3, 2]}, null, null, 86, false, [], false, 0, [], null, 0, 1744380148.4606614, 0, {}]
[{"0": [1, 2, 1, 3, 4, 3, 2, 0, 5, 3, 1, 1, 2, 3, 1, 22, 19]}, null, null, 87, false, [], false, 0, [], null, 0, 1744380148.6760375, 0, {}]
[{"0": [1, 1, 1, 1, 0, 2, 1, 1, 3, 1, 1, 2, 1, 2, 3, 32, 0]}, null, null, 87, false, [], false, 0, [], null, 0, 1744380148.889902, 0, {}]
[{"0": [0, 4, 10, 2, 1, 1, 1, 3, 1, 1, 1, 0, 3, 35, 24, 29, 30]}, null, null, 88, false, [], false, 0, [], null, 0, 1744380149.1076157, 0, {}]
[{"0": [3, 2, 3, 0, 2, 1, 1, 4, 0, 5, 1, 1, 4, 2, 3, 31, 26]}, null, null, 89, false, [], false, 0, [], null, 0, 1744380149.3185854, 0, {}]
[{"0": [2, 1, 1, 3, 2, 1, 2, 2, 1, 3, 3, 5, 3, 35, 26, 27, 28]}, null, null, 89, false, [], false, 0, [], null, 0, 1744380149.5430906, 0, {}]
[{"0": [17, 12, 31, 24, 21, 23, 29, 2, 3, 4, 0, 1, 3, 2, 0, 0, 1]}, null, null, 90, false, [], false, 0, [], null, 0, 1744380149.7586803, 0, {}]
[{"0": [1, 2, 1, 3, 30, 20, 1, 3, 1, 3, 2, 0, 1, 1, 4, 2, 4]}, null, null, 90, false, [], false, 0, [], null, 0, 1744380149.9750726, 0, {}]
[{"0": [3, 2, 3, 1, 1, 2, 3, 2, 1, 1, 0, 1, 3, 3, 1, 4, 1]}, null, null, 91, false, [], false, 0, [], null, 0, 1744380150.19279, 0, {}]
[{"0": [2, 3, 6, 1, 3, 38, 30, 21, 22, 36, 0, 4, 2, 2, 3, 3, 3]}, null, null, 92, false, [], false, 0, [], null, 0, 1744380150.403297, 0, {}]
[{"0": [2, 0, 0, 4, 2, 0, 3, 1, 2, 1, 2, 0, 2, 2, 1, 0, 2]}, null, null, 92, false, [], false, 0, [], null, 0, 1744380150.6293445, 0, {}]
[{"0": [28, 20, 24, 4, 0, 3, 3, 1, 2, 4, 3, 2, 1, 3, 3, 2, 3]}, null, null, 93, false, [], false, 0, [], null, 0, 1744380150.8365664, 0, {}]
[{"0": [34, 1, 2, 1, 2, 4, 0, 1, 5, 2, 3, 2, 4, 0, 2, 3, 2]}, null, null, 93, false, [], false, 0, [], null, 0, 1744380151.046027, 0, {}]
[{"0": [2, 3, 6, 0, 2, 2, 2, 2, 3, 0, 2, 5, 3, 1, 23, 21, 21]}, null, null, 94, false, [], false, 0, [], null, 0, 1744380151.281782, 0, {}]
[{"0": [5, 0, 31, 2, 1, 2, 1, 1, 0, 0, 0, 2, 4, 2, 1, 1, 7]}, null, null, 95, false, [], false, 0, [], null, 0, 1744380151.481757, 0, {}]
[{"0": [0, 1, 2, 2, 2, 0, 0, 2, 1, 0, 4, 1, 2, 26, 31, 22, 27]}, null, null, 95, false, [], false, 0, [], null, 0, 1744380151.6986012, 0, {}]
[{"0": [1, 0, 3, 3, 3, 2, 2, 2, 3, 1, 25, 1, 0, 1, 1, 1, 2]}, null, null, 96, false, [], false, 0, [], null, 0, 1744380151.9256904, 0, {}]
[{"0": [28, 24, 24, 27, 33, 39, 31, 28, 38, 33, 28, 20, 24, 2, 3, 4, 2]}, null, null, 96, false, [], false, 0, [], null, 0, 1744380152.1427426, 0, {}]
[{"0": [3, 2, 3, 0, 33, 2, 0, 1, 1, 3, 1, 0, 4, 0, 0, 2, 0]}, null, null, 97, false, [], false, 0, [], null, 0, 1744380152.3584971, 0, {}]
[{"0": [2, 1, 2, 3, 1, 0, 1, 2, 1, 1, 2, 0, 23, 22, 31, 30, 23]}, null, null, 98, false, [], false, 0, [], null, 0, 1744380152.5738134, 0, {}]
[{"0": [3, 1, 0, 32, 0, 1, 4, 2, 5, 1, 4, 3, 2, 5, 1, 3, 4]}, null, null, 98, false, [], false, 0, [], null, 0, 1744380152.7882273, 0, {}]
[{"0": [0, 1, 1, 0, 5, 3, 2, 3, 2, 32, 1, 1, 0, 2, 1, 2, 1]}, null, null, 99, false, [], false, 0, [], null, 0, 1744380152.9953582, 0, {}]
[{"0": [2, 2, 3, 4, 2, 3, 3, 4, 1, 2, 1, 1, 2, 2, 27, 3, 2]}, null, null, 99, false, [], false, 0, [], null, 0, 1744380153.223122, 0, {}]
[{"0": [2, 2, 2, 1, 1, 3, 0, 2, 3, 3, 0, 2, 1, 0, 29, 28, 2]}, null, null, 100, false, [], false, 0, [], null, 0, 1744380153.449672, 0, {}]
[{"0": [0, 3, 2, 1, 1, 3, 0, 2, 7, 1, 2, 0, 24, 4, 1, 0, 1]}, null, null, 101, false, [], false, 0, [], null, 0, 1744380153.6529377, 0, {}]
[{"0": [5, 0, 30, 24, 31, 31, 28, 23, 1, 3, 2, 0, 1, 4, 3, 2, 3]}, null, null, 101, false, [], false, 0, [], null, 0, 1744380153.8781886, 0, {}]
[{"0": [2, 2, 1, 2, 0, 1, 2, 2, 2, 0, 1, 2, 0, 2, 2, 35, 18]}, null, null, 102, false, [], false, 0, [], null, 0, 1744380154.082581, 0, {}]
[{"0": [1, 2, 3, 2, 0, 0, 0, 1, 2, 1, 4, 0, 2, 14, 19, 24, 6]}, null, null, 102, false, [], false, 0, [], null, 0, 1744380154.2982929, 0, {}]
[{"0": [2, 4, 0, 2, 4, 1, 3, 0, 0, 28, 32, 19, 23, 29, 1, 1, 2]}, null, null, 103, false, [], false, 0, [], null, 0, 1744380154.5171072, 0, {}]
[{"0": [1, 1, 2, 2, 1, 1, 31, 27, 28, 31, 23, 0, 1, 2, 1, 1, 0]}, null, null, 104, false, [], false, 0, [], null, 0, 1744380154.745508, 0, {}]
[{"0": [1, 1, 3, 1, 1, 2, 2, 1, 2, 1, 2, 4, 1, 5, 4, 1, 2]}, null, null, 104, false, [], false, 0, [], null, 0, 1744380154.9480207, 0, {}]
[{"0": [2, 22, 24, 27, 0, 1, 1, 3, 1, 1, 1, 2, 4, 2, 1, 1, 2]}, null, null, 105, false, [], false, 0, [], null, 0, 1744380155.1636758, 0, {}]
[{"0": [1, 5, 4, 3, 5, 2, 1, 1, 1, 7, 1, 26, 35, 0, 2, 1, 3]}, null, null, 105, false, [], false, 0, [], null, 0, 1744380155.3799253, 0, {}]
[{"0": [2, 1, 31, 34, 1, 1, 2, 3, 2, 4, 1, 2, 3, 0, 0, 2, 3]}, null, null, 106, false, [], false, 0, [], null, 0, 1744380155.5949275, 0, {}]
[{"0": [2, 3, 2, 2, 2, 2, 3, 4, 2, 0, 0, 1, 1, 31, 32, 1, 3]}, null, null, 107, false, [], false, 0, [], null, 0, 1744380155.8263476, 0, {}]
[{"0": [26, 30, 0, 2, 0, 2, 1, 3, 3, 3, 1, 1, 3, 1, 4, 1, 4]}, null, null, 107, false, [], false, 0, [], null, 0, 1744380156.0434895, 0, {}]
[{"0": [1, 0, 2, 2, 3, 35, 37, 31, 0, 2, 2, 0, 4, 2, 3, 2, 1]}, null, null, 108, false, [], false, 0, [], null, 0, 1744380156.2664454, 0, {}]
[{"0": [0, 1, 1, 20, 28, 26, 22, 31, 31, 33, 30, 35, 1, 2, 2, 1, 0]}, null, null, 108, false, [], false, 0, [], null, 0, 1744380156.4681609, 0, {}]
[{"0": [6, 3, 24, 34, 28, 29, 24, 6, 3, 1, 3, 0, 1, 1, 2, 0, 0]}, null, null, 109, false, [], false, 0, [], null, 0, 1744380156.6825252, 0, {}]
[{"0": [0, 2, 3, 32, 23, 30, 36, 34, 28, 30, 1, 1, 0, 3, 1, 2, 2]}, null, null, 110, false, [], false, 0, [], null, 0, 1744380156.8981557, 0, {}]
[{"0": [0, 3, 4, 1, 0, 2, 0, 28, 1, 2, 2, 1, 2, 0, 3, 1, 1]}, null, null, 110, false, [], false, 0, [], null, 0, 1744380157.1210365, 0, {}]
[{"0": [2, 3, 1, 2, 2, 0, 1, 2, 1, 3, 1, 4, 6, 2, 27, 1, 1]}, null, null, 111, false, [], false, 0, [], null, 0, 1744380157.344321, 0, {}]
[{"0": [0, 2, 2, 3, 1, 0, 1, 1, 1, 1, 0, 3, 33, 34, 22, 23, 35]}, null, null, 111, false, [], false, 0, [], null, 0, 1744380157.5497763, 0, {}]
[{"0": [0, 0, 1, 2, 0, 5, 2, 1, 32, 2, 1, 3, 3, 1, 3, 1, 3]}, null, null, 112, false, [], false, 0, [], null, 0, 1744380157.7609024, 0, {}]
[{"0": [3, 3, 2, 2, 0, 2, 0, 2, 1, 2, 0, 1, 1, 1, 0, 3, 1]}, null, null, 113, false, [], false, 0, [], null, 0, 1744380157.9925158, 0, {}]
[{"0": [1, 0, 1, 2, 1, 1, 3, 28, 18, 32, 30, 2, 1, 2, 2, 5, 0]}, null, null, 113, false, [], false, 0, [], null, 0, 1744380158.215772, 0, {}]
[{"0": [1, 1, 1, 1, 2, 3, 36, 26, 3, 3, 4, 2, 2, 1, 2, 2, 1]}, null, null, 114, false, [], false, 0, [], null, 0, 1744380158.4173381, 0, {}]
[{"0": [2, 2, 1, 30, 29, 28, 25, 28, 2, 4, 4, 1, 1, 1, 3, 0, 1]}, null, null, 114, false, [], false, 0, [], null, 0, 1744380158.6485684, 0, {}]
[{"0": [3, 1, 2, 0, 2, 1, 5, 4, 3, 0, 1, 1, 2, 0, 27, 3, 1]}, null, null, 115, false, [], false, 0, [], null, 0, 1744380158.8515565, 0, {}]
[{"0": [3, 1, 3, 1, 5, 4, 2, 1, 3, 0, 2, 3, 3, 24, 26, 33, 28]}, null, null, 116, false, [], false, 0, [], null, 0, 1744380159.0632176, 0, {}]
[{"0": [2, 0, 1, 1, 1, 2, 1, 4, 25, 26, 2, 3, 1, 3, 1, 2, 0]}, null, null, 116, false, [], false, 0, [], null, 0, 1744380159.280909, 0, {}]
[{"0": [0, 5, 0, 2, 0, 2, 1, 4, 3, 1, 3, 4, 6, 28, 28, 1, 0]}, null, null, 117, false, [], false, 0, [], null, 0, 1744380159.4999104, 0, {}]
[{"0": [2, 2, 0, 2, 25, 27, 36, 19, 27, 0, 1, 1, 2, 2, 0, 1, 0]}, null, null, 117, false, [], false, 0, [], null, 0, 1744380159.7298539, 0, {}]
[{"0": [4, 0, 1, 3, 3, 0, 39, 33, 27, 27, 29, 27, 34, 37, 33, 2, 2]}, null, null, 118, false, [], false, 0, [], null, 0, 1744380159.938001, 0, {}]
[{"0": [5, 4, 4, 3, 2, 2, 0, 2, 35, 22, 36, 32, 25, 20, 30, 29, 23]}, null, null, 119, false, [], false, 0, [], null, 0, 1744380160.1605937, 0, {}]
[{"0": [1, 2, 0, 3, 1, 3, 2, 0, 1, 3, 33, 22, 1, 1, 4, 3, 0]}, null, null, 119, false, [], false, 0, [], null, 0, 1744380160.3729036, 0, {}]
[{"0": [1, 1, 1, 0, 3, 4, 3, 1, 0, 2, 2, 1, 1, 2, 0, 38, 32]}, null, null, 120, false, [], false, 0, [], null, 0, 1744380160.5918117, 0, {}]
[{"0": [1, 3, 0, 0, 1, 4, 1, 2, 2, 1, 32, 32, 19, 2, 2, 2, 2]}, null, null, 120, false, [], false, 0, [], null, 0, 1744380160.8038907, 0, {}]
[{"0": [1, 2, 4, 1, 4, 2, 5, 3, 2, 1, 32, 3, 2, 4, 0, 1, 3]}, null, null, 121, false, [], false, 0, [], null, 0, 1744380161.014835, 0, {}]
[{"0": [1, 2, 2, 1, 0, 26, 35, 24, 30, 29, 2, 2, 2, 3, 2, 1, 0]}, null, null, 122, false, [], false, 0, [], null, 0, 1744380161.2427764, 0, {}]
[{"0": [3, 1, 3, 3, 1, 0, 4, 0, 2, 4, 2, 3, 2, 30, 34, 1, 1]}, null, null, 122, false, [], false, 0, [], null, 0, 1744380161.4581926, 0, {}]
[{"0": [1, 1, 4, 2, 3, 2, 2, 1, 2, 3, 21, 21, 23, 32, 18, 36, 28]}, null, null, 123, false, [], false, 0, [], null, 0, 1744380161.6855183, 0, {}]
[{"0": [3, 1, 4, 0, 3, 4, 0, 1, 0, 1, 28, 26, 0, 3, 1, 3, 1]}, null, null, 123, false, [], false, 0, [], null, 0, 1744380161.9045806, 0, {}]
[{"0": [4, 3, 3, 3, 0, 1, 1, 1, 2, 1, 2, 1, 0, 3, 3, 2, 2]}, null, null, 124, false, [], false, 0, [], null, 0, 1744380162.1053069, 0, {}]
[{"0": [1, 2, 35, 28, 1, 2, 2, 2, 1, 3, 1, 2, 10, 2, 4, 2, 0]}, null, null, 125, false, [], false, 0, [], null, 0, 1744380162.323533, 0, {}]
[{"0": [1, 1, 1, 0, 0, 4, 0, 1, 0, 4, 1, 3, 22, 20, 1, 1, 3]}, null, null, 125, false, [], false, 0, [], null, 0, 1744380162.5528383, 0, {}]
[{"0": [4, 1, 2, 1, 0, 1, 1, 2, 1, 1, 45, 30, 22, 26, 31, 30, 31]}, null, null, 126, false, [], false, 0, [], null, 0, 1744380162.7545018, 0, {}]
[{"0": [1, 2, 2, 2, 1, 1, 1, 0, 1, 1, 25, 40, 27, 22, 25, 32, 32]}, null, null, 127, false, [], false, 0, [], null, 0, 1744380162.9815772, 0, {}]
[{"0": [2, 3, 2, 3, 3, 2, 3, 0, 0, 0, 24, 34, 0, 1, 3, 1, 1]}, null, null, 127, false, [], false, 0, [], null, 0, 1744380163.1902187, 0, {}]
[{"0": [0, 2, 0, 0, 1, 3, 21, 25, 33, 1, 2, 1, 1, 4, 2, 1, 3]}, null, null, 128, false, [], false, 0, [], null, 0, 1744380163.394557, 0, {}]
[{"0": [4, 2, 2, 2, 1, 1, 5, 1, 0, 3, 0, 2, 0, 1, 22, 26, 24]}, null, null, 128, false, [], false, 0, [], null, 0, 1744380163.6174452, 0, {}]
[{"0": [0, 1, 2, 1, 3, 1, 2, 3, 29, 24, 43, 20, 28, 22, 2, 2, 1]}, null, null, 129, false, [], false, 0, [], null, 0, 1744380163.8276744, 0, {}]
[{"0": [46, 0, 1, 2, 3, 1, 2, 4, 3, 1, 2, 1, 0, 1, 1, 0, 1]}, null, null, 130, false, [], false, 0, [], null, 0, 1744380164.0507922, 0, {}]
[{"0": [29, 21, 18, 34, 20, 25, 3, 1, 0, 2, 2, 0, 1, 2, 3, 3, 4]}, null, null, 130, false, [], false, 0, [], null, 0, 1744380164.2674117, 0, {}]
[{"0": [0, 1, 31, 28, 27, 25, 23, 25, 25, 4, 4, 3, 3, 2, 2, 0, 1]}, null, null, 131, false, [], false, 0, [], null, 0, 1744380164.4897115, 0, {}]
[{"0": [3, 4, 1, 2, 1, 3, 2, 2, 3, 3, 0, 29, 23, 25, 33, 29, 1]}, null, null, 131, false, [], false, 0, [], null, 0, 1744380164.6974883, 0, {}]
[{"0": [2, 2, 1, 1, 1, 2, 2, 1, 5, 1, 4, 41, 28, 32, 34, 33, 27]}, null, null, 132, false, [], false, 0, [], null, 0, 1744380164.9256659, 0, {}]
[{"0": [2, 3, 4, 0, 2, 18, 32, 4, 2, 3, 1, 1, 1, 5, 3, 0, 3]}, null, null, 133, false, [], false, 0, [], null, 0, 1744380165.1450946, 0, {}]
[{"0": [3, 1, 0, 3, 2, 1, 1, 1, 1, 27, 24, 1, 7, 4, 2, 2, 1]}, null, null, 133, false, [], false, 0, [], null, 0, 1744380165.3478985, 0, {}]
[{"0": [4, 3, 3, 2, 0, 1, 32, 0, 2, 3, 1, 1, 2, 3, 3, 1, 1]}, null, null, 134, false, [], false, 0, [], null, 0, 1744380165.565594, 0, {}]
[{"0": [3, 3, 0, 0, 3, 2, 1, 1, 3, 1, 0, 1, 2, 0, 1, 1, 27]}, null, null, 134, false, [], false, 0, [], null, 0, 1744380165.7848732, 0, {}]
[{"0": [5, 2, 3, 3, 1, 2, 2, 3, 2, 29, 31, 0, 0, 2, 1, 4, 1]}, null, null, 135, false, [], false, 0, [], null, 0, 1744380165.9975905, 0, {}]
[{"0": [1, 2, 0, 1, 3, 0, 2, 0, 34, 24, 40, 36, 38, 31, 26, 27, 0]}, null, null, 136, false, [], false, 0, [], null, 0, 1744380166.2135408, 0, {}]
[{"0": [2, 1, 0, 2, 2, 3, 1, 2, 1, 2, 1, 0, 0, 2, 27, 26, 29]}, null, null, 136, false, [], false, 0, [], null, 0, 1744380166.4290867, 0, {}]
[{"0": [0, 1, 0, 38, 31, 29, 29, 24, 24, 40, 28, 2, 4, 1, 2, 2, 3]}, null, null, 137, false, [], false, 0, [], null, 0, 1744380166.647211, 0, {}]
[{"0": [3, 3, 2, 6, 2, 3, 3, 24, 17, 30, 28, 33, 33, 21, 18, 2, 1]}, null, null, 137, false, [], false, 0, [], null, 0, 1744380166.86576, 0, {}]
[{"0": [3, 1, 3, 1, 0, 0, 2, 5, 3, 1, 29, 22, 33, 31, 25, 23, 28]}, null, null, 138, false, [], false, 0, [], null, 0, 1744380167.0816557, 0, {}]
[{"0": [25, 27, 28, 28, 2, 1, 2, 4, 1, 2, 3, 1, 1, 2, 3, 2, 2]}, null, null, 139, false, [], false, 0, [], null, 0, 1744380167.2975028, 0, {}]
[{"0": [1, 2, 3, 2, 33, 24, 27, 30, 26, 22, 3, 2, 3, 0, 1, 2, 2]}, null, null, 139, false, [], false, 0, [], null, 0, 1744380167.5278099, 0, {}]
[{"0": [0, 2, 3, 3, 2, 1, 3, 2, 0, 1, 1, 2, 1, 0, 3, 33, 28]}, null, null, 140, false, [], false, 0, [], null, 0, 1744380167.7255664, 0, {}]
[{"0": [0, 4, 1, 1, 3, 1, 4, 0, 0, 0, 2, 1, 27, 27, 31, 1, 3]}, null, null, 140, false, [], false, 0, [], null, 0, 1744380167.959082, 0, {}]
[{"0": [1, 3, 2, 2, 2, 4, 2, 0, 1, 2, 5, 2, 1, 3, 36, 29, 29]}, null, null, 141, false, [], false, 0, [], null, 0, 1744380168.177023, 0, {}]
[{"0": [1, 4, 19, 1, 4, 2, 2, 1, 2, 2, 2, 1, 3, 1, 3, 4, 2]}, null, null, 142, false, [], false, 0, [], null, 0, 1744380168.381157, 0, {}]
[{"0": [3, 3, 0, 1, 0, 1, 2, 0, 2, 2, 25, 28, 26, 26, 34, 1, 2]}, null, null, 142, false, [], false, 0, [], null, 0, 1744380168.6007762, 0, {}]
[{"0": [2, 3, 0, 0, 2, 2, 2, 1, 1, 3, 3, 0, 1, 1, 3, 29, 39]}, null, null, 143, false, [], false, 0, [], null, 0, 1744380168.8276083, 0, {}]
[{"0": [27, 28, 34, 22, 3, 3, 0, 4, 1, 3, 0, 3, 1, 3, 0, 1, 2]}, null, null, 143, false, [], false, 0, [], null, 0, 1744380169.0405924, 0, {}]
[{"0": [1, 1, 2, 1, 2, 2, 3, 3, 23, 0, 2, 0, 2, 3, 0, 2, 4]}, null, null, 144, false, [], false, 0, [], null, 0, 1744380169.2663598, 0, {}]
[{"0": [2, 1, 0, 1, 27, 29, 3, 0, 2, 1, 2, 1, 2, 0, 1, 1, 3]}, null, null, 145, false, [], false, 0, [], null, 0, 1744380169.4747345, 0, {}]
[{"0": [1, 1, 1, 22, 28, 3, 1, 2, 0, 4, 1, 3, 0, 2, 1, 2, 3]}, null, null, 145, false, [], false, 0, [], null, 0, 1744380169.700189, 0, {}]
[{"0": [2, 4, 0, 29, 30, 27, 27, 34, 28, 2, 3, 3, 1, 4, 1, 2, 2]}, null, null, 146, false, [], false, 0, [], null, 0, 1744380169.901269, 0, {}]
[{"0": [1, 1, 0, 2, 1, 1, 28, 31, 28, 28, 22, 1, 3, 1, 4, 2, 0]}, null, null, 146, false, [], false, 0, [], null, 0, 1744380170.1180809, 0, {}]
[{"0": [1, 1, 28, 21, 30, 28, 1, 1, 1, 1, 2, 6, 5, 4, 4, 5, 2]}, null, null, 147, false, [], false, 0, [], null, 0, 1744380170.3360598, 0, {}]
[{"0": [1, 0, 0, 0, 4, 1, 2, 2, 0, 4, 1, 0, 0, 2, 0, 5, 2]}, null, null, 148, false, [], false, 0, [], null, 0, 1744380170.564767, 0, {}]
[{"0": [0, 1, 1, 3, 4, 2, 1, 2, 1, 24, 4, 1, 2, 0, 3, 0, 2]}, null, null, 148, false, [], false, 0, [], null, 0, 1744380170.787208, 0, {}]
[{"0": [33, 32, 33, 18, 30, 0, 1, 1, 4, 1, 2, 2, 0, 1, 4, 4, 4]}, null, null, 149, false, [], false, 0, [], null, 0, 1744380170.9883523, 0, {}]
[{"0": [23, 21, 1, 2, 3, 1, 1, 3, 1, 3, 4, 0, 0, 0, 3, 2, 3]}, null, null, 149, false, [], false, 0, [], null, 0, 1744380171.2192183, 0, {}]
[{"0": [1, 0, 1, 2, 2, 4, 2, 5, 1, 2, 1, 40, 1, 1, 0, 3, 3]}, null, null, 150, true, [], false, 0, [], null, 0, 1744380171.427079, 0, {}]
