[{"0": [0, 2, 2, 0, 2, 2, 1, 1, 5, 3, 3, 30, 40, 3, 1, 3, 3]}, null, null, 0, false, [], false, 0, [], null, 0, 1744377438.6036057, 0, {}]
[{"0": [0, 2, 2, 4, 1, 3, 8, 38, 32, 19, 38, 30, 27, 27, 25, 1, 0]}, null, null, 1, false, [], false, 0, [], null, 0, 1744377438.8403032, 0, {}]
[{"0": [2, 2, 2, 3, 2, 0, 3, 2, 1, 1, 0, 37, 30, 21, 34, 0, 1]}, null, null, 1, false, [], false, 0, [], null, 0, 1744377439.0665364, 0, {}]
[{"0": [2, 2, 2, 4, 1, 2, 0, 1, 3, 0, 1, 1, 2, 1, 28, 23, 32]}, null, null, 2, false, [], false, 0, [], null, 0, 1744377439.2638159, 0, {}]
[{"0": [2, 3, 0, 4, 1, 1, 2, 2, 2, 1, 3, 2, 31, 2, 1, 5, 4]}, null, null, 2, false, [], false, 0, [], null, 0, 1744377439.490152, 0, {}]
[{"0": [3, 2, 4, 2, 1, 4, 3, 2, 2, 2, 1, 3, 1, 2, 0, 1, 2]}, null, null, 3, false, [], false, 0, [], null, 0, 1744377439.7140808, 0, {}]
[{"0": [2, 3, 1, 2, 3, 35, 21, 29, 36, 26, 1, 1, 0, 4, 2, 2, 4]}, null, null, 4, false, [], false, 0, [], null, 0, 1744377439.935976, 0, {}]
[{"0": [0, 2, 2, 34, 34, 18, 23, 32, 28, 29, 36, 38, 31, 29, 31, 32, 1]}, null, null, 4, false, [], false, 0, [], null, 0, 1744377440.1366036, 0, {}]
[{"0": [4, 2, 2, 0, 0, 2, 1, 4, 0, 3, 1, 3, 1, 1, 2, 2, 27]}, null, null, 5, false, [], false, 0, [], null, 0, 1744377440.3474061, 0, {}]
[{"0": [3, 1, 2, 33, 28, 3, 3, 0, 2, 3, 0, 3, 1, 3, 1, 0, 0]}, null, null, 5, false, [], false, 0, [], null, 0, 1744377440.5745354, 0, {}]
[{"0": [2, 1, 1, 1, 0, 0, 0, 4, 2, 3, 30, 25, 30, 0, 2, 0, 0]}, null, null, 6, false, [], false, 0, [], null, 0, 1744377440.7971413, 0, {}]
[{"0": [2, 4, 2, 1, 3, 4, 1, 2, 3, 0, 1, 2, 34, 35, 26, 29, 24]}, null, null, 7, false, [], false, 0, [], null, 0, 1744377441.013455, 0, {}]
[{"0": [1, 1, 3, 2, 1, 3, 0, 1, 0, 28, 42, 34, 24, 28, 22, 30, 28]}, null, null, 7, false, [], false, 0, [], null, 0, 1744377441.2261248, 0, {}]
[{"0": [3, 0, 3, 2, 1, 1, 2, 0, 21, 3, 2, 0, 3, 1, 3, 5, 2]}, null, null, 8, false, [], false, 0, [], null, 0, 1744377441.433128, 0, {}]
[{"0": [3, 2, 1, 2, 43, 1, 0, 4, 3, 0, 0, 2, 0, 3, 1, 4, 3]}, null, null, 8, false, [], false, 0, [], null, 0, 1744377441.6670704, 0, {}]
[{"0": [1, 2, 2, 2, 3, 1, 2, 1, 2, 2, 1, 1, 1, 2, 1, 3, 3]}, null, null, 9, false, [], false, 0, [], null, 0, 1744377441.883569, 0, {}]
[{"0": [2, 2, 2, 1, 0, 21, 1, 2, 4, 2, 0, 0, 2, 1, 3, 1, 1]}, null, null, 10, false, [], false, 0, [], null, 0, 1744377442.084418, 0, {}]
[{"0": [4, 2, 6, 26, 28, 37, 40, 35, 26, 24, 33, 35, 24, 1, 2, 0, 5]}, null, null, 10, false, [], false, 0, [], null, 0, 1744377442.3028932, 0, {}]
[{"0": [2, 2, 29, 29, 30, 29, 34, 22, 29, 34, 33, 2, 0, 1, 1, 2, 2]}, null, null, 11, false, [], false, 0, [], null, 0, 1744377442.5154219, 0, {}]
[{"0": [1, 2, 6, 2, 1, 1, 2, 1, 4, 3, 31, 30, 0, 1, 2, 2, 1]}, null, null, 11, false, [], false, 0, [], null, 0, 1744377442.7340515, 0, {}]
[{"0": [0, 7, 23, 26, 39, 26, 3, 2, 1, 4, 2, 1, 2, 2, 1, 2, 1]}, null, null, 12, false, [], false, 0, [], null, 0, 1744377442.9469528, 0, {}]
[{"0": [21, 33, 28, 26, 3, 1, 0, 2, 4, 1, 2, 1, 1, 1, 3, 1, 2]}, null, null, 13, false, [], false, 0, [], null, 0, 1744377443.177673, 0, {}]
[{"0": [28, 35, 28, 38, 28, 34, 29, 30, 34, 28, 2, 3, 1, 3, 1, 2, 2]}, null, null, 13, false, [], false, 0, [], null, 0, 1744377443.3842628, 0, {}]
[{"0": [3, 0, 0, 2, 3, 28, 25, 33, 31, 25, 27, 30, 24, 37, 2, 0, 3]}, null, null, 14, false, [], false, 0, [], null, 0, 1744377443.61963, 0, {}]
[{"0": [1, 2, 2, 27, 21, 36, 1, 0, 1, 3, 1, 3, 3, 1, 0, 1, 3]}, null, null, 14, false, [], false, 0, [], null, 0, 1744377443.8254056, 0, {}]
[{"0": [31, 35, 36, 40, 29, 26, 33, 2, 2, 5, 2, 1, 2, 1, 5, 0, 1]}, null, null, 15, false, [], false, 0, [], null, 0, 1744377444.0386155, 0, {}]
[{"0": [1, 0, 3, 1, 2, 3, 1, 0, 1, 1, 0, 0, 2, 27, 35, 32, 23]}, null, null, 16, false, [], false, 0, [], null, 0, 1744377444.2614486, 0, {}]
[{"0": [4, 2, 2, 1, 3, 2, 3, 2, 2, 0, 32, 0, 1, 2, 2, 0, 1]}, null, null, 16, false, [], false, 0, [], null, 0, 1744377444.4859545, 0, {}]
[{"0": [3, 0, 0, 4, 4, 0, 23, 31, 4, 0, 3, 3, 2, 0, 6, 1, 2]}, null, null, 17, false, [], false, 0, [], null, 0, 1744377444.685437, 0, {}]
[{"0": [36, 30, 37, 34, 3, 3, 1, 0, 2, 0, 3, 3, 0, 0, 0, 1, 2]}, null, null, 17, false, [], false, 0, [], null, 0, 1744377444.9033759, 0, {}]
[{"0": [3, 2, 3, 3, 1, 1, 1, 0, 1, 2, 1, 0, 2, 5, 3, 26, 30]}, null, null, 18, false, [], false, 0, [], null, 0, 1744377445.1155748, 0, {}]
[{"0": [1, 0, 0, 1, 3, 1, 3, 2, 1, 3, 2, 1, 29, 39, 27, 25, 53]}, null, null, 19, false, [], false, 0, [], null, 0, 1744377445.3588817, 0, {}]
[{"0": [2, 2, 6, 3, 7, 2, 0, 0, 2, 1, 2, 1, 0, 1, 4, 4, 1]}, null, null, 19, false, [], false, 0, [], null, 0, 1744377445.5590096, 0, {}]
[{"0": [3, 4, 1, 0, 2, 1, 2, 3, 3, 5, 5, 26, 33, 40, 31, 31, 33]}, null, null, 20, false, [], false, 0, [], null, 0, 1744377445.784787, 0, {}]
[{"0": [0, 4, 1, 30, 1, 2, 2, 0, 1, 4, 3, 3, 2, 0, 1, 2, 1]}, null, null, 20, false, [], false, 0, [], null, 0, 1744377445.9894128, 0, {}]
[{"0": [1, 2, 2, 2, 1, 1, 1, 1, 4, 1, 2, 28, 20, 35, 28, 29, 32]}, null, null, 21, false, [], false, 0, [], null, 0, 1744377446.2035124, 0, {}]
[{"0": [0, 1, 0, 0, 31, 30, 30, 37, 25, 33, 1, 5, 1, 0, 1, 4, 0]}, null, null, 22, false, [], false, 0, [], null, 0, 1744377446.4326208, 0, {}]
[{"0": [1, 2, 0, 1, 4, 27, 0, 2, 3, 1, 4, 0, 1, 1, 1, 2, 5]}, null, null, 22, false, [], false, 0, [], null, 0, 1744377446.6537268, 0, {}]
[{"0": [2, 1, 0, 3, 1, 1, 3, 1, 0, 5, 1, 3, 2, 1, 2, 3, 30]}, null, null, 23, false, [], false, 0, [], null, 0, 1744377446.8689556, 0, {}]
[{"0": [1, 3, 2, 1, 4, 1, 1, 0, 4, 2, 2, 36, 36, 29, 1, 2, 1]}, null, null, 23, false, [], false, 0, [], null, 0, 1744377447.0752652, 0, {}]
[{"0": [2, 2, 1, 2, 3, 3, 0, 32, 3, 2, 0, 0, 4, 2, 0, 1, 4]}, null, null, 24, false, [], false, 0, [], null, 0, 1744377447.2984617, 0, {}]
[{"0": [24, 22, 1, 3, 2, 0, 2, 3, 2, 1, 4, 0, 3, 1, 1, 1, 1]}, null, null, 25, false, [], false, 0, [], null, 0, 1744377447.50629, 0, {}]
[{"0": [3, 2, 5, 1, 3, 2, 1, 1, 1, 4, 35, 25, 18, 27, 33, 37, 29]}, null, null, 25, false, [], false, 0, [], null, 0, 1744377447.7377064, 0, {}]
[{"0": [3, 2, 1, 1, 1, 0, 0, 26, 29, 1, 1, 0, 2, 2, 2, 3, 2]}, null, null, 26, false, [], false, 0, [], null, 0, 1744377447.9478745, 0, {}]
[{"0": [0, 1, 5, 3, 3, 0, 1, 2, 3, 0, 2, 2, 0, 2, 34, 30, 34]}, null, null, 27, false, [], false, 0, [], null, 0, 1744377448.1525297, 0, {}]
[{"0": [1, 2, 1, 4, 1, 3, 2, 5, 1, 0, 3, 21, 30, 38, 2, 2, 3]}, null, null, 27, false, [], false, 0, [], null, 0, 1744377448.3692746, 0, {}]
[{"0": [1, 3, 1, 2, 0, 2, 1, 3, 29, 26, 5, 1, 1, 1, 1, 3, 2]}, null, null, 28, false, [], false, 0, [], null, 0, 1744377448.5890675, 0, {}]
[{"0": [3, 1, 1, 2, 1, 1, 1, 1, 1, 2, 2, 35, 26, 22, 31, 3, 2]}, null, null, 28, false, [], false, 0, [], null, 0, 1744377448.8127162, 0, {}]
[{"0": [2, 2, 16, 35, 35, 22, 19, 31, 28, 36, 3, 0, 3, 3, 0, 0, 0]}, null, null, 29, false, [], false, 0, [], null, 0, 1744377449.0272794, 0, {}]
[{"0": [30, 25, 42, 22, 23, 2, 1, 0, 3, 0, 0, 4, 1, 3, 2, 3, 1]}, null, null, 30, false, [], false, 0, [], null, 0, 1744377449.2500017, 0, {}]
[{"0": [3, 3, 4, 1, 3, 1, 37, 25, 34, 1, 2, 2, 2, 1, 3, 1, 0]}, null, null, 30, false, [], false, 0, [], null, 0, 1744377449.462038, 0, {}]
[{"0": [26, 4, 1, 34, 2, 3, 2, 1, 2, 0, 0, 1, 2, 1, 1, 1, 1]}, null, null, 31, false, [], false, 0, [], null, 0, 1744377449.6822155, 0, {}]
[{"0": [2, 2, 2, 1, 2, 0, 0, 1, 4, 30, 26, 4, 3, 0, 2, 0, 0]}, null, null, 31, false, [], false, 0, [], null, 0, 1744377449.900611, 0, {}]
[{"0": [0, 3, 2, 1, 5, 6, 1, 0, 1, 2, 0, 0, 0, 29, 30, 2, 2]}, null, null, 32, false, [], false, 0, [], null, 0, 1744377450.1092129, 0, {}]
[{"0": [20, 40, 24, 26, 0, 4, 0, 2, 1, 2, 2, 3, 0, 3, 2, 3, 0]}, null, null, 33, false, [], false, 0, [], null, 0, 1744377450.3216164, 0, {}]
[{"0": [1, 2, 30, 39, 27, 3, 1, 3, 0, 0, 2, 1, 3, 1, 3, 1, 3]}, null, null, 33, false, [], false, 0, [], null, 0, 1744377450.5457785, 0, {}]
[{"0": [0, 1, 2, 1, 1, 1, 1, 9, 0, 2, 3, 26, 27, 28, 36, 3, 2]}, null, null, 34, false, [], false, 0, [], null, 0, 1744377450.7629359, 0, {}]
[{"0": [1, 3, 4, 0, 3, 0, 2, 3, 2, 2, 3, 1, 3, 5, 3, 3, 0]}, null, null, 34, false, [], false, 0, [], null, 0, 1744377450.9874742, 0, {}]
[{"0": [1, 1, 25, 31, 23, 26, 33, 31, 26, 24, 44, 25, 30, 24, 34, 32, 41]}, null, null, 35, false, [], false, 0, [], null, 0, 1744377451.1945906, 0, {}]
[{"0": [2, 1, 4, 3, 0, 3, 3, 2, 0, 3, 5, 20, 1, 0, 0, 0, 3]}, null, null, 36, false, [], false, 0, [], null, 0, 1744377451.4132173, 0, {}]
[{"0": [3, 1, 1, 2, 2, 1, 3, 3, 5, 3, 2, 4, 0, 25, 20, 25, 23]}, null, null, 36, false, [], false, 0, [], null, 0, 1744377451.637983, 0, {}]
[{"0": [2, 5, 0, 2, 3, 1, 2, 33, 30, 27, 33, 1, 7, 1, 1, 0, 1]}, null, null, 37, false, [], false, 0, [], null, 0, 1744377451.8435092, 0, {}]
[{"0": [2, 3, 4, 2, 1, 3, 3, 0, 3, 4, 3, 2, 3, 1, 2, 0, 1]}, null, null, 37, false, [], false, 0, [], null, 0, 1744377452.0606105, 0, {}]
[{"0": [1, 2, 1, 3, 4, 4, 34, 31, 18, 30, 32, 29, 28, 22, 24, 35, 27]}, null, null, 38, false, [], false, 0, [], null, 0, 1744377452.2754738, 0, {}]
[{"0": [2, 3, 1, 1, 2, 1, 0, 1, 3, 1, 1, 3, 2, 24, 35, 27, 26]}, null, null, 39, false, [], false, 0, [], null, 0, 1744377452.4904919, 0, {}]
[{"0": [2, 2, 2, 1, 1, 0, 1, 3, 1, 4, 2, 1, 4, 2, 1, 3, 28]}, null, null, 39, false, [], false, 0, [], null, 0, 1744377452.7025404, 0, {}]
[{"0": [15, 44, 26, 26, 32, 32, 40, 26, 36, 1, 1, 2, 1, 1, 0, 1, 0]}, null, null, 40, false, [], false, 0, [], null, 0, 1744377452.9186528, 0, {}]
[{"0": [28, 34, 25, 2, 2, 0, 1, 2, 2, 1, 1, 1, 0, 4, 4, 3, 3]}, null, null, 40, false, [], false, 0, [], null, 0, 1744377453.1428566, 0, {}]
[{"0": [0, 2, 0, 3, 1, 0, 1, 4, 2, 2, 0, 2, 3, 2, 27, 22, 26]}, null, null, 41, false, [], false, 0, [], null, 0, 1744377453.373841, 0, {}]
[{"0": [1, 4, 3, 1, 1, 2, 6, 2, 0, 2, 5, 0, 1, 1, 0, 0, 2]}, null, null, 42, false, [], false, 0, [], null, 0, 1744377453.5766814, 0, {}]
[{"0": [2, 4, 0, 0, 2, 1, 2, 3, 4, 1, 2, 25, 31, 27, 1, 2, 3]}, null, null, 42, false, [], false, 0, [], null, 0, 1744377453.7912524, 0, {}]
[{"0": [1, 1, 0, 1, 4, 1, 1, 2, 1, 1, 1, 2, 1, 2, 2, 1, 0]}, null, null, 43, false, [], false, 0, [], null, 0, 1744377454.0023048, 0, {}]
[{"0": [0, 4, 0, 3, 1, 26, 28, 1, 0, 1, 2, 1, 2, 2, 5, 2, 1]}, null, null, 43, false, [], false, 0, [], null, 0, 1744377454.2213593, 0, {}]
[{"0": [36, 2, 1, 1, 3, 1, 1, 1, 3, 2, 4, 1, 3, 1, 3, 2, 3]}, null, null, 44, false, [], false, 0, [], null, 0, 1744377454.4351926, 0, {}]
[{"0": [2, 0, 3, 1, 2, 3, 1, 5, 1, 30, 19, 25, 2, 3, 0, 2, 1]}, null, null, 45, false, [], false, 0, [], null, 0, 1744377454.6520026, 0, {}]
[{"0": [1, 2, 1, 2, 1, 1, 4, 3, 2, 5, 3, 1, 3, 2, 21, 28, 30]}, null, null, 45, false, [], false, 0, [], null, 0, 1744377454.8735955, 0, {}]
[{"0": [0, 3, 4, 1, 3, 2, 0, 0, 2, 0, 3, 0, 1, 38, 27, 24, 36]}, null, null, 46, false, [], false, 0, [], null, 0, 1744377455.0881493, 0, {}]
[{"0": [0, 2, 0, 2, 2, 4, 2, 5, 0, 3, 0, 0, 1, 40, 2, 1, 1]}, null, null, 46, false, [], false, 0, [], null, 0, 1744377455.3072608, 0, {}]
[{"0": [2, 6, 0, 1, 20, 34, 4, 3, 3, 3, 3, 4, 1, 0, 2, 0, 2]}, null, null, 47, false, [], false, 0, [], null, 0, 1744377455.5274541, 0, {}]
[{"0": [3, 1, 3, 1, 3, 0, 1, 1, 2, 3, 4, 30, 38, 24, 31, 28, 21]}, null, null, 48, false, [], false, 0, [], null, 0, 1744377455.7436485, 0, {}]
[{"0": [1, 0, 3, 0, 1, 3, 0, 2, 1, 4, 1, 2, 0, 1, 3, 1, 1]}, null, null, 48, false, [], false, 0, [], null, 0, 1744377455.9490747, 0, {}]
[{"0": [2, 3, 2, 2, 2, 1, 35, 22, 33, 25, 28, 32, 26, 25, 34, 2, 1]}, null, null, 49, false, [], false, 0, [], null, 0, 1744377456.183011, 0, {}]
[{"0": [2, 1, 1, 28, 34, 42, 1, 0, 3, 1, 1, 1, 0, 1, 4, 1, 6]}, null, null, 49, false, [], false, 0, [], null, 0, 1744377456.3834212, 0, {}]
[{"0": [4, 2, 3, 2, 3, 36, 29, 27, 38, 27, 24, 31, 34, 2, 0, 2, 1]}, null, null, 50, false, [], false, 0, [], null, 0, 1744377456.6220548, 0, {}]
[{"0": [0, 0, 1, 1, 1, 33, 21, 19, 31, 31, 28, 24, 3, 1, 1, 2, 1]}, null, null, 51, false, [], false, 0, [], null, 0, 1744377456.8237252, 0, {}]
[{"0": [4, 2, 1, 1, 2, 4, 1, 0, 3, 0, 1, 4, 0, 34, 28, 28, 33]}, null, null, 51, false, [], false, 0, [], null, 0, 1744377457.0427918, 0, {}]
[{"0": [4, 0, 4, 1, 1, 4, 1, 0, 1, 28, 18, 1, 3, 0, 1, 2, 4]}, null, null, 52, false, [], false, 0, [], null, 0, 1744377457.269579, 0, {}]
[{"0": [4, 1, 2, 2, 4, 0, 2, 2, 1, 1, 1, 19, 25, 25, 31, 25, 31]}, null, null, 52, false, [], false, 0, [], null, 0, 1744377457.4883068, 0, {}]
[{"0": [1, 5, 1, 2, 2, 2, 1, 0, 4, 1, 1, 4, 25, 24, 22, 3, 1]}, null, null, 53, false, [], false, 0, [], null, 0, 1744377457.690808, 0, {}]
[{"0": [1, 2, 4, 2, 2, 2, 27, 33, 2, 1, 3, 2, 3, 2, 2, 2, 4]}, null, null, 54, false, [], false, 0, [], null, 0, 1744377457.9130397, 0, {}]
[{"0": [4, 1, 2, 1, 0, 1, 2, 1, 1, 0, 1, 5, 3, 3, 38, 1, 0]}, null, null, 54, false, [], false, 0, [], null, 0, 1744377458.1148324, 0, {}]
[{"0": [3, 0, 3, 1, 1, 4, 2, 4, 1, 0, 1, 1, 20, 21, 0, 2, 0]}, null, null, 55, false, [], false, 0, [], null, 0, 1744377458.3461847, 0, {}]
[{"0": [1, 3, 1, 1, 5, 3, 0, 0, 2, 4, 2, 31, 21, 17, 29, 27, 32]}, null, null, 55, false, [], false, 0, [], null, 0, 1744377458.555002, 0, {}]
[{"0": [2, 0, 0, 2, 1, 1, 2, 0, 3, 21, 23, 30, 29, 23, 34, 0, 2]}, null, null, 56, false, [], false, 0, [], null, 0, 1744377458.7780335, 0, {}]
[{"0": [3, 1, 3, 2, 6, 2, 36, 26, 33, 26, 21, 19, 25, 28, 38, 21, 35]}, null, null, 57, false, [], false, 0, [], null, 0, 1744377458.994379, 0, {}]
[{"0": [1, 3, 0, 1, 1, 4, 1, 4, 31, 26, 35, 23, 26, 25, 33, 31, 25]}, null, null, 57, false, [], false, 0, [], null, 0, 1744377459.2061357, 0, {}]
[{"0": [3, 2, 34, 0, 1, 0, 1, 2, 4, 3, 0, 0, 4, 2, 2, 1, 1]}, null, null, 58, false, [], false, 0, [], null, 0, 1744377459.4245687, 0, {}]
[{"0": [1, 2, 26, 23, 1, 1, 3, 0, 1, 1, 2, 1, 0, 2, 0, 4, 3]}, null, null, 58, false, [], false, 0, [], null, 0, 1744377459.6364648, 0, {}]
[{"0": [1, 4, 4, 0, 2, 0, 2, 4, 1, 1, 2, 23, 21, 33, 29, 33, 30]}, null, null, 59, false, [], false, 0, [], null, 0, 1744377459.8528714, 0, {}]
[{"0": [31, 32, 33, 22, 1, 1, 1, 1, 1, 2, 4, 4, 0, 2, 0, 0, 0]}, null, null, 60, false, [], false, 0, [], null, 0, 1744377460.0678935, 0, {}]
[{"0": [7, 2, 2, 0, 2, 30, 33, 35, 32, 24, 27, 0, 4, 0, 0, 3, 0]}, null, null, 60, false, [], false, 0, [], null, 0, 1744377460.2837698, 0, {}]
[{"0": [2, 1, 0, 4, 0, 3, 0, 0, 3, 0, 1, 30, 41, 27, 36, 0, 1]}, null, null, 61, false, [], false, 0, [], null, 0, 1744377460.5039194, 0, {}]
[{"0": [0, 2, 0, 1, 2, 5, 0, 1, 2, 3, 2, 1, 2, 4, 3, 7, 0]}, null, null, 61, false, [], false, 0, [], null, 0, 1744377460.7192214, 0, {}]
[{"0": [1, 1, 0, 4, 1, 1, 3, 1, 4, 1, 1, 30, 27, 42, 28, 23, 23]}, null, null, 62, false, [], false, 0, [], null, 0, 1744377460.9346194, 0, {}]
[{"0": [1, 1, 1, 30, 0, 6, 1, 0, 2, 0, 5, 3, 0, 2, 2, 0, 4]}, null, null, 63, false, [], false, 0, [], null, 0, 1744377461.1643813, 0, {}]
[{"0": [1, 4, 2, 1, 3, 0, 4, 0, 1, 2, 1, 3, 4, 1, 25, 4, 2]}, null, null, 63, false, [], false, 0, [], null, 0, 1744377461.3831508, 0, {}]
[{"0": [1, 0, 4, 3, 29, 34, 31, 34, 0, 1, 3, 2, 2, 0, 1, 1, 1]}, null, null, 64, false, [], false, 0, [], null, 0, 1744377461.6063895, 0, {}]
[{"0": [3, 3, 2, 1, 0, 0, 0, 0, 2, 1, 2, 2, 1, 26, 33, 1, 1]}, null, null, 64, false, [], false, 0, [], null, 0, 1744377461.8005865, 0, {}]
[{"0": [2, 2, 30, 28, 0, 2, 0, 2, 3, 0, 1, 4, 2, 1, 1, 3, 3]}, null, null, 65, false, [], false, 0, [], null, 0, 1744377462.0239117, 0, {}]
[{"0": [1, 3, 1, 0, 2, 0, 19, 31, 3, 5, 0, 0, 1, 3, 0, 2, 1]}, null, null, 66, false, [], false, 0, [], null, 0, 1744377462.234758, 0, {}]
[{"0": [1, 2, 1, 1, 1, 0, 0, 3, 2, 4, 32, 41, 23, 29, 34, 26, 34]}, null, null, 66, false, [], false, 0, [], null, 0, 1744377462.4575124, 0, {}]
[{"0": [3, 3, 0, 2, 0, 0, 2, 3, 5, 25, 30, 1, 3, 3, 3, 3, 3]}, null, null, 67, false, [], false, 0, [], null, 0, 1744377462.6742742, 0, {}]
[{"0": [3, 4, 25, 0, 1, 5, 1, 2, 2, 5, 3, 3, 1, 2, 1, 1, 4]}, null, null, 67, false, [], false, 0, [], null, 0, 1744377462.888646, 0, {}]
[{"0": [1, 0, 2, 37, 29, 22, 29, 23, 27, 35, 34, 32, 29, 27, 28, 25, 28]}, null, null, 68, false, [], false, 0, [], null, 0, 1744377463.109495, 0, {}]
[{"0": [1, 2, 2, 1, 2, 1, 2, 34, 28, 25, 0, 2, 1, 3, 1, 3, 2]}, null, null, 69, false, [], false, 0, [], null, 0, 1744377463.3281968, 0, {}]
[{"0": [1, 1, 2, 2, 5, 0, 0, 2, 0, 4, 1, 0, 18, 34, 26, 32, 26]}, null, null, 69, false, [], false, 0, [], null, 0, 1744377463.5429664, 0, {}]
[{"0": [17, 0, 3, 0, 1, 2, 2, 3, 1, 3, 0, 2, 0, 1, 0, 1, 1]}, null, null, 70, false, [], false, 0, [], null, 0, 1744377463.7725103, 0, {}]
[{"0": [3, 2, 2, 4, 3, 2, 3, 1, 1, 1, 29, 25, 28, 35, 27, 35, 42]}, null, null, 70, false, [], false, 0, [], null, 0, 1744377463.9831796, 0, {}]
[{"0": [1, 4, 1, 32, 0, 2, 2, 1, 0, 0, 4, 2, 3, 2, 0, 0, 4]}, null, null, 71, false, [], false, 0, [], null, 0, 1744377464.1954002, 0, {}]
[{"0": [1, 0, 1, 34, 20, 26, 35, 19, 38, 32, 30, 30, 31, 19, 3, 2, 1]}, null, null, 72, false, [], false, 0, [], null, 0, 1744377464.4002812, 0, {}]
[{"0": [5, 0, 4, 2, 1, 2, 2, 33, 24, 24, 15, 24, 29, 38, 29, 25, 33]}, null, null, 72, false, [], false, 0, [], null, 0, 1744377464.625383, 0, {}]
[{"0": [21, 23, 27, 29, 28, 25, 1, 3, 3, 1, 4, 0, 4, 1, 0, 2, 0]}, null, null, 73, false, [], false, 0, [], null, 0, 1744377464.8393188, 0, {}]
[{"0": [37, 25, 1, 4, 2, 0, 2, 0, 2, 2, 0, 1, 1, 1, 4, 1, 3]}, null, null, 73, false, [], false, 0, [], null, 0, 1744377465.0595107, 0, {}]
[{"0": [3, 0, 3, 2, 1, 2, 1, 0, 1, 32, 0, 4, 2, 6, 2, 3, 2]}, null, null, 74, false, [], false, 0, [], null, 0, 1744377465.2770061, 0, {}]
[{"0": [3, 1, 0, 1, 1, 4, 28, 3, 7, 2, 4, 0, 3, 0, 2, 1, 1]}, null, null, 75, false, [], false, 0, [], null, 0, 1744377465.4963236, 0, {}]
[{"0": [6, 3, 2, 2, 1, 0, 1, 2, 0, 1, 1, 26, 26, 23, 25, 33, 32]}, null, null, 75, false, [], false, 0, [], null, 0, 1744377465.719507, 0, {}]
[{"0": [1, 26, 36, 34, 25, 0, 3, 1, 1, 1, 0, 2, 1, 1, 2, 2, 0]}, null, null, 76, false, [], false, 0, [], null, 0, 1744377465.9168625, 0, {}]
[{"0": [5, 2, 0, 33, 0, 3, 4, 2, 2, 1, 3, 5, 4, 1, 1, 2, 4]}, null, null, 77, false, [], false, 0, [], null, 0, 1744377466.132255, 0, {}]
[{"0": [1, 2, 1, 3, 2, 2, 5, 2, 1, 2, 4, 3, 30, 30, 31, 32, 1]}, null, null, 77, false, [], false, 0, [], null, 0, 1744377466.3710196, 0, {}]
[{"0": [2, 2, 1, 5, 2, 3, 27, 1, 3, 1, 2, 2, 1, 1, 1, 3, 1]}, null, null, 78, false, [], false, 0, [], null, 0, 1744377466.5764298, 0, {}]
[{"0": [1, 1, 4, 1, 4, 2, 2, 3, 1, 0, 0, 1, 28, 30, 28, 34, 24]}, null, null, 78, false, [], false, 0, [], null, 0, 1744377466.783382, 0, {}]
[{"0": [2, 0, 0, 1, 4, 24, 27, 27, 40, 27, 33, 27, 29, 48, 37, 26, 27]}, null, null, 79, false, [], false, 0, [], null, 0, 1744377467.000076, 0, {}]
[{"0": [2, 1, 1, 3, 2, 3, 2, 1, 3, 22, 30, 3, 4, 6, 1, 3, 1]}, null, null, 80, false, [], false, 0, [], null, 0, 1744377467.2230654, 0, {}]
[{"0": [2, 0, 3, 1, 5, 0, 0, 1, 3, 4, 2, 2, 0, 1, 37, 25, 40]}, null, null, 80, false, [], false, 0, [], null, 0, 1744377467.4419475, 0, {}]
[{"0": [2, 2, 3, 2, 1, 3, 2, 0, 1, 1, 1, 25, 40, 25, 30, 30, 28]}, null, null, 81, false, [], false, 0, [], null, 0, 1744377467.6691947, 0, {}]
[{"0": [2, 4, 4, 3, 2, 3, 2, 3, 0, 2, 2, 2, 0, 4, 3, 2, 0]}, null, null, 81, false, [], false, 0, [], null, 0, 1744377467.8701591, 0, {}]
[{"0": [0, 0, 2, 3, 0, 0, 2, 32, 23, 22, 31, 3, 1, 1, 2, 3, 1]}, null, null, 82, false, [], false, 0, [], null, 0, 1744377468.0966463, 0, {}]
[{"0": [0, 29, 36, 32, 28, 33, 32, 27, 22, 27, 26, 40, 35, 31, 32, 2, 1]}, null, null, 83, false, [], false, 0, [], null, 0, 1744377468.3077579, 0, {}]
[{"0": [2, 2, 3, 31, 25, 23, 42, 21, 1, 1, 3, 0, 0, 1, 3, 2, 0]}, null, null, 83, false, [], false, 0, [], null, 0, 1744377468.5301213, 0, {}]
[{"0": [2, 4, 1, 0, 0, 0, 2, 2, 2, 1, 1, 2, 1, 31, 1, 1, 2]}, null, null, 84, false, [], false, 0, [], null, 0, 1744377468.738962, 0, {}]
[{"0": [2, 1, 3, 3, 1, 2, 0, 2, 3, 4, 31, 4, 1, 4, 0, 1, 1]}, null, null, 84, false, [], false, 0, [], null, 0, 1744377468.9597862, 0, {}]
[{"0": [3, 4, 0, 22, 25, 26, 39, 25, 1, 3, 2, 5, 0, 3, 0, 1, 3]}, null, null, 85, false, [], false, 0, [], null, 0, 1744377469.1909811, 0, {}]
[{"0": [4, 0, 0, 3, 1, 2, 3, 2, 1, 1, 1, 0, 4, 2, 25, 40, 28]}, null, null, 86, false, [], false, 0, [], null, 0, 1744377469.3889306, 0, {}]
[{"0": [0, 1, 31, 36, 26, 3, 0, 0, 3, 1, 3, 3, 3, 3, 2, 6, 2]}, null, null, 86, false, [], false, 0, [], null, 0, 1744377469.6099083, 0, {}]
[{"0": [0, 1, 2, 3, 1, 27, 18, 42, 31, 30, 23, 1, 0, 4, 1, 1, 0]}, null, null, 87, false, [], false, 0, [], null, 0, 1744377469.8367958, 0, {}]
[{"0": [0, 3, 2, 4, 4, 0, 0, 2, 6, 3, 0, 0, 3, 2, 0, 0, 1]}, null, null, 87, false, [], false, 0, [], null, 0, 1744377470.052021, 0, {}]
[{"0": [1, 0, 0, 3, 3, 2, 2, 3, 0, 2, 3, 32, 26, 2, 1, 3, 1]}, null, null, 88, false, [], false, 0, [], null, 0, 1744377470.2576942, 0, {}]
[{"0": [28, 37, 3, 2, 3, 5, 2, 0, 3, 1, 0, 2, 2, 0, 0, 0, 2]}, null, null, 89, false, [], false, 0, [], null, 0, 1744377470.4676065, 0, {}]
[{"0": [2, 1, 33, 2, 1, 2, 1, 2, 2, 2, 0, 1, 2, 5, 1, 4, 4]}, null, null, 89, false, [], false, 0, [], null, 0, 1744377470.6935964, 0, {}]
[{"0": [1, 0, 3, 3, 1, 4, 2, 3, 2, 3, 5, 0, 0, 0, 26, 25, 3]}, null, null, 90, false, [], false, 0, [], null, 0, 1744377470.905808, 0, {}]
[{"0": [1, 2, 32, 26, 5, 4, 0, 1, 5, 1, 2, 1, 1, 2, 1, 0, 2]}, null, null, 90, false, [], false, 0, [], null, 0, 1744377471.1212966, 0, {}]
[{"0": [5, 0, 1, 4, 2, 34, 0, 1, 0, 2, 1, 0, 2, 1, 2, 3, 1]}, null, null, 91, false, [], false, 0, [], null, 0, 1744377471.345186, 0, {}]
[{"0": [1, 2, 1, 2, 0, 2, 3, 3, 32, 33, 0, 3, 1, 2, 1, 1, 0]}, null, null, 92, false, [], false, 0, [], null, 0, 1744377471.5604727, 0, {}]
[{"0": [2, 2, 4, 1, 1, 5, 3, 4, 3, 1, 3, 33, 33, 1, 2, 0, 2]}, null, null, 92, false, [], false, 0, [], null, 0, 1744377471.763069, 0, {}]
[{"0": [2, 0, 0, 32, 37, 5, 1, 1, 3, 4, 1, 1, 0, 3, 3, 2, 1]}, null, null, 93, false, [], false, 0, [], null, 0, 1744377471.9851983, 0, {}]
[{"0": [0, 1, 30, 27, 0, 2, 2, 3, 1, 3, 1, 1, 2, 1, 2, 0, 2]}, null, null, 93, false, [], false, 0, [], null, 0, 1744377472.2082705, 0, {}]
[{"0": [3, 0, 2, 1, 3, 4, 2, 3, 2, 0, 3, 1, 2, 26, 33, 3, 1]}, null, null, 94, false, [], false, 0, [], null, 0, 1744377472.421421, 0, {}]
[{"0": [2, 1, 18, 38, 33, 33, 5, 2, 1, 1, 2, 0, 3, 1, 0, 2, 1]}, null, null, 95, false, [], false, 0, [], null, 0, 1744377472.6366212, 0, {}]
[{"0": [3, 1, 29, 27, 25, 33, 4, 0, 0, 2, 1, 2, 2, 0, 1, 3, 4]}, null, null, 95, false, [], false, 0, [], null, 0, 1744377472.8594325, 0, {}]
[{"0": [4, 0, 4, 1, 3, 1, 0, 2, 1, 3, 1, 6, 24, 1, 2, 3, 1]}, null, null, 96, false, [], false, 0, [], null, 0, 1744377473.0698593, 0, {}]
[{"0": [0, 0, 3, 5, 2, 3, 35, 4, 1, 2, 0, 7, 2, 1, 2, 1, 0]}, null, null, 96, false, [], false, 0, [], null, 0, 1744377473.2938712, 0, {}]
[{"0": [0, 3, 0, 0, 5, 2, 1, 1, 3, 3, 2, 1, 4, 2, 2, 3, 17]}, null, null, 97, false, [], false, 0, [], null, 0, 1744377473.5106413, 0, {}]
[{"0": [3, 1, 1, 2, 1, 3, 1, 3, 1, 1, 1, 3, 30, 28, 33, 32, 18]}, null, null, 98, false, [], false, 0, [], null, 0, 1744377473.7222972, 0, {}]
[{"0": [33, 3, 0, 0, 1, 1, 0, 1, 1, 1, 1, 1, 2, 1, 1, 0, 2]}, null, null, 98, false, [], false, 0, [], null, 0, 1744377473.9478426, 0, {}]
[{"0": [4, 4, 0, 0, 0, 2, 1, 6, 2, 2, 1, 1, 31, 29, 35, 35, 24]}, null, null, 99, false, [], false, 0, [], null, 0, 1744377474.1611228, 0, {}]
[{"0": [1, 3, 2, 1, 4, 2, 2, 3, 0, 3, 0, 1, 2, 25, 35, 31, 26]}, null, null, 99, false, [], false, 0, [], null, 0, 1744377474.3669665, 0, {}]
[{"0": [1, 1, 2, 2, 0, 2, 3, 27, 0, 3, 1, 2, 1, 2, 1, 2, 3]}, null, null, 100, false, [], false, 0, [], null, 0, 1744377474.5852187, 0, {}]
[{"0": [2, 2, 2, 6, 23, 24, 29, 21, 29, 25, 27, 1, 2, 1, 1, 2, 1]}, null, null, 101, false, [], false, 0, [], null, 0, 1744377474.81855, 0, {}]
[{"0": [2, 3, 4, 2, 1, 1, 1, 1, 2, 29, 37, 23, 2, 2, 1, 1, 0]}, null, null, 101, false, [], false, 0, [], null, 0, 1744377475.018938, 0, {}]
[{"0": [2, 3, 2, 3, 4, 2, 1, 0, 1, 24, 3, 2, 3, 1, 2, 2, 2]}, null, null, 102, false, [], false, 0, [], null, 0, 1744377475.2270005, 0, {}]
[{"0": [2, 3, 3, 1, 1, 4, 1, 2, 1, 3, 1, 2, 4, 26, 40, 2, 1]}, null, null, 102, false, [], false, 0, [], null, 0, 1744377475.4500504, 0, {}]
[{"0": [1, 2, 0, 29, 2, 2, 1, 3, 3, 0, 1, 1, 2, 1, 1, 1, 4]}, null, null, 103, false, [], false, 0, [], null, 0, 1744377475.6637163, 0, {}]
[{"0": [5, 8, 1, 3, 1, 4, 2, 2, 1, 0, 0, 1, 2, 3, 23, 29, 30]}, null, null, 104, false, [], false, 0, [], null, 0, 1744377475.8937955, 0, {}]
[{"0": [3, 0, 1, 4, 3, 1, 2, 2, 2, 1, 1, 3, 1, 1, 3, 0, 29]}, null, null, 104, false, [], false, 0, [], null, 0, 1744377476.0992796, 0, {}]
[{"0": [1, 2, 1, 29, 34, 31, 2, 2, 7, 1, 2, 1, 0, 6, 2, 2, 1]}, null, null, 105, false, [], false, 0, [], null, 0, 1744377476.3132122, 0, {}]
[{"0": [3, 2, 0, 35, 1, 3, 1, 0, 2, 2, 3, 5, 1, 2, 5, 2, 2]}, null, null, 105, false, [], false, 0, [], null, 0, 1744377476.5338085, 0, {}]
[{"0": [4, 2, 0, 5, 1, 1, 1, 3, 3, 1, 1, 3, 27, 18, 33, 19, 38]}, null, null, 106, false, [], false, 0, [], null, 0, 1744377476.7489944, 0, {}]
[{"0": [0, 3, 2, 2, 31, 35, 0, 3, 3, 4, 4, 3, 3, 1, 2, 1, 3]}, null, null, 107, false, [], false, 0, [], null, 0, 1744377476.9861414, 0, {}]
[{"0": [6, 2, 2, 2, 28, 36, 36, 18, 29, 32, 3, 0, 0, 3, 2, 2, 3]}, null, null, 107, false, [], false, 0, [], null, 0, 1744377477.1873302, 0, {}]
[{"0": [3, 1, 4, 0, 2, 1, 2, 1, 2, 1, 3, 24, 27, 22, 17, 31, 29]}, null, null, 108, false, [], false, 0, [], null, 0, 1744377477.3989139, 0, {}]
[{"0": [1, 3, 0, 0, 2, 2, 29, 2, 3, 2, 4, 1, 5, 0, 1, 1, 4]}, null, null, 108, false, [], false, 0, [], null, 0, 1744377477.6310475, 0, {}]
[{"0": [6, 0, 0, 5, 1, 1, 2, 1, 4, 1, 1, 0, 3, 29, 2, 2, 2]}, null, null, 109, false, [], false, 0, [], null, 0, 1744377477.8364842, 0, {}]
[{"0": [0, 1, 1, 4, 34, 30, 25, 25, 28, 3, 1, 2, 2, 0, 1, 2, 1]}, null, null, 110, false, [], false, 0, [], null, 0, 1744377478.056891, 0, {}]
[{"0": [4, 3, 1, 30, 39, 29, 31, 38, 30, 2, 1, 0, 4, 1, 2, 3, 3]}, null, null, 110, false, [], false, 0, [], null, 0, 1744377478.2664127, 0, {}]
[{"0": [0, 1, 2, 2, 1, 0, 0, 3, 1, 0, 1, 2, 0, 2, 1, 1, 0]}, null, null, 111, false, [], false, 0, [], null, 0, 1744377478.4834745, 0, {}]
[{"0": [1, 2, 1, 2, 0, 3, 2, 0, 2, 5, 1, 1, 28, 22, 21, 35, 32]}, null, null, 111, false, [], false, 0, [], null, 0, 1744377478.7039347, 0, {}]
[{"0": [1, 33, 1, 2, 0, 2, 2, 1, 1, 2, 2, 1, 1, 3, 0, 2, 2]}, null, null, 112, false, [], false, 0, [], null, 0, 1744377478.9166706, 0, {}]
[{"0": [30, 2, 1, 3, 4, 1, 2, 2, 2, 1, 2, 0, 2, 1, 1, 0, 1]}, null, null, 113, false, [], false, 0, [], null, 0, 1744377479.1341722, 0, {}]
[{"0": [1, 0, 1, 2, 0, 0, 1, 0, 1, 3, 3, 0, 26, 25, 32, 3, 5]}, null, null, 113, false, [], false, 0, [], null, 0, 1744377479.345807, 0, {}]
[{"0": [2, 4, 4, 1, 1, 1, 27, 25, 1, 1, 1, 0, 2, 3, 1, 4, 1]}, null, null, 114, false, [], false, 0, [], null, 0, 1744377479.5756664, 0, {}]
[{"0": [2, 2, 2, 1, 1, 2, 0, 3, 0, 1, 7, 1, 1, 2, 2, 1, 0]}, null, null, 114, false, [], false, 0, [], null, 0, 1744377479.7787206, 0, {}]
[{"0": [2, 1, 3, 1, 0, 0, 2, 4, 1, 3, 1, 3, 1, 0, 3, 2, 1]}, null, null, 115, false, [], false, 0, [], null, 0, 1744377480.0082135, 0, {}]
[{"0": [1, 0, 1, 1, 0, 2, 1, 4, 1, 0, 1, 26, 1, 2, 2, 1, 0]}, null, null, 116, false, [], false, 0, [], null, 0, 1744377480.223726, 0, {}]
[{"0": [29, 3, 0, 2, 4, 0, 1, 1, 0, 0, 1, 0, 3, 1, 3, 2, 1]}, null, null, 116, false, [], false, 0, [], null, 0, 1744377480.4390447, 0, {}]
[{"0": [3, 4, 0, 0, 1, 0, 2, 1, 2, 2, 2, 1, 1, 1, 31, 31, 2]}, null, null, 117, false, [], false, 0, [], null, 0, 1744377480.6447036, 0, {}]
[{"0": [3, 0, 5, 1, 36, 0, 2, 0, 3, 2, 1, 3, 2, 1, 2, 2, 2]}, null, null, 117, false, [], false, 0, [], null, 0, 1744377480.8773084, 0, {}]
[{"0": [3, 6, 27, 33, 4, 3, 1, 0, 3, 2, 2, 1, 1, 0, 2, 0, 2]}, null, null, 118, false, [], false, 0, [], null, 0, 1744377481.0872295, 0, {}]
[{"0": [1, 1, 2, 2, 2, 4, 1, 2, 2, 2, 2, 1, 3, 33, 3, 1, 6]}, null, null, 119, false, [], false, 0, [], null, 0, 1744377481.3044403, 0, {}]
[{"0": [2, 3, 0, 0, 3, 2, 2, 2, 37, 0, 2, 2, 3, 0, 4, 2, 5]}, null, null, 119, false, [], false, 0, [], null, 0, 1744377481.5206277, 0, {}]
[{"0": [0, 0, 2, 3, 0, 33, 32, 20, 2, 2, 0, 3, 1, 3, 2, 2, 5]}, null, null, 120, false, [], false, 0, [], null, 0, 1744377481.7346137, 0, {}]
[{"0": [2, 1, 29, 1, 6, 5, 2, 3, 2, 1, 3, 2, 4, 1, 0, 2, 2]}, null, null, 120, false, [], false, 0, [], null, 0, 1744377481.9499757, 0, {}]
[{"0": [1, 0, 2, 4, 29, 19, 32, 25, 3, 0, 0, 0, 0, 0, 5, 2, 1]}, null, null, 121, false, [], false, 0, [], null, 0, 1744377482.1740675, 0, {}]
[{"0": [1, 1, 2, 0, 0, 3, 0, 1, 1, 1, 1, 3, 1, 1, 1, 1, 0]}, null, null, 122, false, [], false, 0, [], null, 0, 1744377482.3869982, 0, {}]
[{"0": [2, 1, 1, 36, 27, 20, 32, 33, 32, 33, 1, 3, 1, 2, 2, 1, 1]}, null, null, 122, false, [], false, 0, [], null, 0, 1744377482.5996988, 0, {}]
[{"0": [3, 0, 1, 3, 0, 1, 4, 1, 4, 5, 0, 32, 25, 28, 37, 1, 2]}, null, null, 123, false, [], false, 0, [], null, 0, 1744377482.8161771, 0, {}]
[{"0": [1, 2, 1, 2, 0, 2, 4, 0, 3, 3, 20, 30, 34, 29, 34, 32, 23]}, null, null, 123, false, [], false, 0, [], null, 0, 1744377483.0261517, 0, {}]
[{"0": [1, 2, 1, 2, 2, 0, 1, 3, 1, 0, 5, 4, 2, 2, 30, 28, 31]}, null, null, 124, false, [], false, 0, [], null, 0, 1744377483.250285, 0, {}]
[{"0": [5, 1, 4, 1, 2, 1, 2, 1, 1, 14, 25, 28, 21, 30, 20, 1, 3]}, null, null, 125, false, [], false, 0, [], null, 0, 1744377483.477927, 0, {}]
[{"0": [3, 1, 4, 4, 1, 1, 1, 2, 3, 2, 1, 3, 21, 27, 28, 1, 1]}, null, null, 125, false, [], false, 0, [], null, 0, 1744377483.6789145, 0, {}]
[{"0": [2, 2, 0, 3, 1, 1, 1, 0, 2, 3, 1, 23, 3, 3, 1, 2, 3]}, null, null, 126, false, [], false, 0, [], null, 0, 1744377483.8984654, 0, {}]
[{"0": [3, 1, 2, 24, 30, 26, 27, 26, 31, 0, 3, 4, 6, 2, 3, 1, 1]}, null, null, 127, false, [], false, 0, [], null, 0, 1744377484.1232827, 0, {}]
[{"0": [2, 0, 4, 2, 4, 3, 2, 2, 2, 3, 2, 23, 28, 30, 20, 31, 27]}, null, null, 127, false, [], false, 0, [], null, 0, 1744377484.3342972, 0, {}]
[{"0": [0, 2, 1, 1, 3, 1, 1, 2, 35, 28, 33, 26, 1, 2, 3, 2, 2]}, null, null, 128, false, [], false, 0, [], null, 0, 1744377484.5596085, 0, {}]
[{"0": [0, 5, 2, 3, 7, 0, 1, 5, 1, 0, 2, 1, 31, 37, 27, 20, 24]}, null, null, 128, false, [], false, 0, [], null, 0, 1744377484.7585895, 0, {}]
[{"0": [2, 1, 2, 1, 0, 29, 25, 28, 34, 27, 31, 38, 31, 33, 27, 31, 34]}, null, null, 129, false, [], false, 0, [], null, 0, 1744377484.979815, 0, {}]
[{"0": [5, 0, 1, 1, 2, 3, 2, 2, 0, 4, 0, 1, 32, 26, 24, 37, 1]}, null, null, 130, false, [], false, 0, [], null, 0, 1744377485.2053342, 0, {}]
[{"0": [2, 1, 2, 1, 3, 0, 1, 0, 3, 3, 3, 2, 1, 1, 0, 1, 5]}, null, null, 130, false, [], false, 0, [], null, 0, 1744377485.4229999, 0, {}]
[{"0": [26, 27, 27, 25, 31, 28, 20, 30, 24, 33, 30, 31, 41, 1, 2, 2, 2]}, null, null, 131, false, [], false, 0, [], null, 0, 1744377485.6342685, 0, {}]
[{"0": [2, 0, 3, 2, 1, 3, 1, 4, 17, 24, 24, 38, 1, 1, 2, 2, 0]}, null, null, 131, false, [], false, 0, [], null, 0, 1744377485.8549514, 0, {}]
[{"0": [38, 0, 3, 2, 0, 2, 3, 2, 3, 0, 1, 2, 0, 4, 4, 1, 2]}, null, null, 132, false, [], false, 0, [], null, 0, 1744377486.0644648, 0, {}]
[{"0": [0, 2, 3, 1, 3, 3, 2, 0, 2, 1, 42, 18, 27, 26, 31, 26, 30]}, null, null, 133, false, [], false, 0, [], null, 0, 1744377486.2824004, 0, {}]
[{"0": [1, 3, 1, 0, 2, 4, 1, 2, 2, 3, 3, 0, 1, 4, 4, 3, 40]}, null, null, 133, false, [], false, 0, [], null, 0, 1744377486.4975915, 0, {}]
[{"0": [2, 1, 2, 1, 2, 1, 4, 3, 1, 3, 25, 1, 1, 1, 2, 3, 2]}, null, null, 134, false, [], false, 0, [], null, 0, 1744377486.7145202, 0, {}]
[{"0": [1, 0, 1, 2, 0, 6, 1, 2, 0, 35, 40, 41, 34, 27, 28, 35, 29]}, null, null, 134, false, [], false, 0, [], null, 0, 1744377486.9335575, 0, {}]
[{"0": [2, 3, 2, 27, 5, 0, 3, 2, 2, 2, 2, 2, 3, 3, 3, 3, 3]}, null, null, 135, false, [], false, 0, [], null, 0, 1744377487.144106, 0, {}]
[{"0": [2, 0, 2, 4, 1, 3, 2, 2, 1, 2, 2, 19, 27, 39, 30, 4, 3]}, null, null, 136, false, [], false, 0, [], null, 0, 1744377487.3741515, 0, {}]
[{"0": [4, 1, 1, 1, 21, 31, 39, 33, 2, 1, 3, 0, 1, 0, 1, 1, 2]}, null, null, 136, false, [], false, 0, [], null, 0, 1744377487.574062, 0, {}]
[{"0": [4, 2, 4, 25, 34, 25, 26, 22, 2, 2, 0, 1, 1, 2, 2, 4, 2]}, null, null, 137, false, [], false, 0, [], null, 0, 1744377487.7946923, 0, {}]
[{"0": [2, 0, 0, 5, 3, 4, 4, 3, 0, 27, 2, 4, 3, 4, 2, 3, 2]}, null, null, 137, false, [], false, 0, [], null, 0, 1744377488.011322, 0, {}]
[{"0": [1, 1, 16, 17, 23, 22, 33, 28, 26, 25, 27, 1, 0, 2, 4, 4, 0]}, null, null, 138, false, [], false, 0, [], null, 0, 1744377488.225757, 0, {}]
[{"0": [1, 2, 1, 1, 4, 5, 2, 1, 1, 3, 2, 22, 31, 3, 1, 2, 3]}, null, null, 139, false, [], false, 0, [], null, 0, 1744377488.4486516, 0, {}]
[{"0": [3, 0, 2, 4, 38, 30, 23, 0, 5, 1, 0, 1, 1, 2, 0, 3, 2]}, null, null, 139, false, [], false, 0, [], null, 0, 1744377488.659259, 0, {}]
[{"0": [1, 2, 1, 1, 4, 38, 34, 3, 1, 3, 3, 4, 1, 0, 1, 1, 4]}, null, null, 140, false, [], false, 0, [], null, 0, 1744377488.880434, 0, {}]
[{"0": [28, 18, 31, 40, 22, 21, 32, 30, 26, 25, 2, 1, 4, 0, 3, 4, 2]}, null, null, 140, false, [], false, 0, [], null, 0, 1744377489.1059134, 0, {}]
[{"0": [1, 0, 8, 1, 0, 5, 4, 2, 1, 1, 1, 30, 27, 25, 23, 24, 1]}, null, null, 141, false, [], false, 0, [], null, 0, 1744377489.321422, 0, {}]
[{"0": [2, 1, 2, 4, 4, 2, 2, 0, 0, 1, 3, 3, 29, 34, 30, 0, 1]}, null, null, 142, false, [], false, 0, [], null, 0, 1744377489.543176, 0, {}]
[{"0": [4, 1, 1, 3, 1, 3, 5, 0, 22, 25, 22, 34, 25, 32, 31, 38, 27]}, null, null, 142, false, [], false, 0, [], null, 0, 1744377489.758388, 0, {}]
[{"0": [0, 4, 0, 0, 4, 27, 35, 2, 1, 2, 0, 1, 3, 2, 4, 2, 8]}, null, null, 143, false, [], false, 0, [], null, 0, 1744377489.9608603, 0, {}]
[{"0": [2, 2, 2, 0, 3, 2, 1, 2, 3, 1, 32, 40, 32, 28, 25, 28, 32]}, null, null, 143, false, [], false, 0, [], null, 0, 1744377490.1762838, 0, {}]
[{"0": [0, 1, 0, 2, 6, 1, 34, 3, 2, 2, 1, 3, 2, 2, 1, 2, 2]}, null, null, 144, false, [], false, 0, [], null, 0, 1744377490.3947635, 0, {}]
[{"0": [3, 2, 4, 1, 2, 3, 4, 1, 2, 0, 3, 29, 29, 26, 0, 2, 2]}, null, null, 145, false, [], false, 0, [], null, 0, 1744377490.610213, 0, {}]
[{"0": [1, 2, 3, 4, 4, 1, 1, 2, 1, 2, 3, 19, 34, 24, 27, 25, 26]}, null, null, 145, false, [], false, 0, [], null, 0, 1744377490.8436923, 0, {}]
[{"0": [4, 3, 5, 3, 1, 2, 3, 0, 1, 2, 27, 3, 1, 2, 2, 2, 1]}, null, null, 146, false, [], false, 0, [], null, 0, 1744377491.0513372, 0, {}]
[{"0": [1, 5, 1, 1, 1, 2, 3, 4, 0, 1, 0, 4, 24, 2, 0, 2, 0]}, null, null, 146, false, [], false, 0, [], null, 0, 1744377491.2620146, 0, {}]
[{"0": [2, 1, 2, 2, 3, 1, 2, 1, 4, 1, 25, 24, 31, 1, 2, 0, 1]}, null, null, 147, false, [], false, 0, [], null, 0, 1744377491.478883, 0, {}]
[{"0": [1, 1, 3, 1, 26, 3, 4, 2, 3, 1, 1, 3, 1, 2, 2, 3, 3]}, null, null, 148, false, [], false, 0, [], null, 0, 1744377491.6963673, 0, {}]
[{"0": [0, 2, 2, 2, 2, 0, 4, 3, 1, 0, 3, 1, 2, 0, 32, 31, 24]}, null, null, 148, false, [], false, 0, [], null, 0, 1744377491.9083004, 0, {}]
[{"0": [1, 3, 2, 2, 2, 2, 34, 33, 27, 27, 25, 25, 26, 34, 30, 0, 1]}, null, null, 149, false, [], false, 0, [], null, 0, 1744377492.1272495, 0, {}]
[{"0": [1, 2, 3, 0, 3, 1, 3, 2, 2, 3, 2, 2, 21, 27, 29, 23, 27]}, null, null, 149, false, [], false, 0, [], null, 0, 1744377492.342571, 0, {}]
[{"0": [3, 1, 2, 3, 1, 2, 4, 2, 0, 38, 0, 6, 1, 2, 1, 3, 1]}, null, null, 150, true, [], false, 0, [], null, 0, 1744377492.5650811, 0, {}]
