[{"0": [28, 1, 3, 3, 2, 3, 0, 2, 2, 1, 1, 0, 3, 2, 3, 0, 3]}, null, null, 0, false, [], false, 0, [], null, 0, 1744388424.4683716, 0, {}]
[{"0": [2, 1, 23, 25, 31, 23, 35, 0, 2, 2, 1, 0, 0, 1, 1, 1, 3]}, null, null, 1, false, [], false, 0, [], null, 0, 1744388424.7020452, 0, {}]
[{"0": [1, 2, 2, 0, 1, 0, 3, 3, 0, 2, 3, 3, 2, 1, 25, 25, 33]}, null, null, 1, false, [], false, 0, [], null, 0, 1744388424.9042447, 0, {}]
[{"0": [7, 2, 4, 3, 1, 3, 25, 1, 3, 2, 3, 3, 1, 0, 2, 1, 3]}, null, null, 2, false, [], false, 0, [], null, 0, 1744388425.128864, 0, {}]
[{"0": [3, 0, 6, 2, 3, 3, 2, 2, 0, 1, 4, 0, 31, 36, 37, 35, 27]}, null, null, 2, false, [], false, 0, [], null, 0, 1744388425.3499215, 0, {}]
[{"0": [1, 2, 0, 0, 2, 3, 3, 3, 1, 1, 26, 29, 22, 34, 3, 1, 2]}, null, null, 3, false, [], false, 0, [], null, 0, 1744388425.5573645, 0, {}]
[{"0": [2, 0, 2, 33, 40, 2, 1, 2, 0, 2, 4, 3, 4, 2, 1, 2, 1]}, null, null, 4, false, [], false, 0, [], null, 0, 1744388425.7788923, 0, {}]
[{"0": [2, 2, 1, 1, 4, 1, 24, 28, 26, 0, 2, 5, 7, 2, 2, 0, 1]}, null, null, 4, false, [], false, 0, [], null, 0, 1744388425.9890645, 0, {}]
[{"0": [1, 5, 0, 0, 1, 2, 2, 1, 3, 0, 2, 3, 33, 28, 25, 27, 26]}, null, null, 5, false, [], false, 0, [], null, 0, 1744388426.2221239, 0, {}]
[{"0": [4, 0, 4, 33, 0, 2, 1, 1, 6, 3, 1, 4, 6, 1, 5, 1, 0]}, null, null, 5, false, [], false, 0, [], null, 0, 1744388426.436021, 0, {}]
[{"0": [0, 1, 1, 0, 3, 0, 2, 3, 2, 4, 35, 26, 30, 31, 2, 1, 5]}, null, null, 6, false, [], false, 0, [], null, 0, 1744388426.6553864, 0, {}]
[{"0": [2, 1, 7, 0, 1, 2, 30, 31, 31, 29, 39, 4, 1, 2, 2, 3, 2]}, null, null, 7, false, [], false, 0, [], null, 0, 1744388426.8549747, 0, {}]
[{"0": [2, 0, 2, 1, 3, 2, 3, 24, 26, 22, 21, 25, 24, 25, 33, 1, 1]}, null, null, 7, false, [], false, 0, [], null, 0, 1744388427.0725064, 0, {}]
[{"0": [0, 0, 1, 0, 2, 4, 2, 3, 2, 4, 0, 0, 3, 3, 4, 31, 30]}, null, null, 8, false, [], false, 0, [], null, 0, 1744388427.306996, 0, {}]
[{"0": [1, 3, 1, 31, 45, 30, 25, 22, 29, 41, 4, 1, 1, 0, 0, 1, 1]}, null, null, 8, false, [], false, 0, [], null, 0, 1744388427.511373, 0, {}]
[{"0": [4, 4, 3, 4, 2, 0, 2, 32, 22, 3, 2, 5, 1, 1, 2, 1, 4]}, null, null, 9, false, [], false, 0, [], null, 0, 1744388427.7306218, 0, {}]
[{"0": [1, 2, 2, 23, 25, 0, 2, 5, 0, 5, 4, 2, 1, 2, 2, 3, 0]}, null, null, 10, false, [], false, 0, [], null, 0, 1744388427.9518178, 0, {}]
[{"0": [1, 1, 1, 3, 1, 3, 1, 1, 3, 1, 27, 0, 1, 3, 2, 2, 1]}, null, null, 10, false, [], false, 0, [], null, 0, 1744388428.1648407, 0, {}]
[{"0": [3, 3, 3, 1, 4, 3, 5, 2, 3, 3, 2, 0, 31, 29, 32, 0, 3]}, null, null, 11, false, [], false, 0, [], null, 0, 1744388428.3756812, 0, {}]
[{"0": [1, 2, 4, 2, 2, 3, 2, 0, 30, 2, 3, 2, 5, 2, 2, 4, 2]}, null, null, 11, false, [], false, 0, [], null, 0, 1744388428.5963433, 0, {}]
[{"0": [3, 2, 25, 34, 28, 1, 1, 4, 2, 1, 1, 2, 0, 2, 2, 0, 1]}, null, null, 12, false, [], false, 0, [], null, 0, 1744388428.8157213, 0, {}]
[{"0": [2, 1, 2, 2, 1, 3, 0, 2, 3, 1, 2, 0, 49, 28, 2, 2, 3]}, null, null, 13, false, [], false, 0, [], null, 0, 1744388429.0352402, 0, {}]
[{"0": [2, 3, 2, 1, 2, 1, 3, 2, 1, 3, 24, 2, 1, 1, 3, 2, 2]}, null, null, 13, false, [], false, 0, [], null, 0, 1744388429.2510977, 0, {}]
[{"0": [2, 4, 2, 0, 0, 1, 3, 1, 27, 27, 30, 40, 23, 33, 32, 25, 26]}, null, null, 14, false, [], false, 0, [], null, 0, 1744388429.4639268, 0, {}]
[{"0": [6, 1, 0, 3, 1, 1, 3, 2, 2, 30, 30, 2, 1, 2, 0, 3, 2]}, null, null, 14, false, [], false, 0, [], null, 0, 1744388429.6878803, 0, {}]
[{"0": [3, 1, 0, 1, 1, 2, 2, 1, 0, 3, 2, 31, 0, 2, 0, 3, 2]}, null, null, 15, false, [], false, 0, [], null, 0, 1744388429.8939285, 0, {}]
[{"0": [1, 3, 1, 3, 0, 3, 23, 3, 1, 1, 3, 1, 2, 6, 2, 2, 2]}, null, null, 16, false, [], false, 0, [], null, 0, 1744388430.1125586, 0, {}]
[{"0": [0, 3, 1, 2, 0, 3, 1, 2, 1, 28, 29, 31, 20, 34, 29, 28, 25]}, null, null, 16, false, [], false, 0, [], null, 0, 1744388430.3283463, 0, {}]
[{"0": [0, 1, 2, 0, 0, 5, 2, 0, 0, 30, 27, 3, 1, 5, 1, 4, 2]}, null, null, 17, false, [], false, 0, [], null, 0, 1744388430.5572453, 0, {}]
[{"0": [3, 2, 2, 35, 2, 1, 1, 0, 1, 1, 1, 4, 1, 1, 1, 4, 5]}, null, null, 17, false, [], false, 0, [], null, 0, 1744388430.7654202, 0, {}]
[{"0": [5, 2, 4, 2, 2, 2, 4, 2, 2, 1, 1, 4, 4, 1, 1, 2, 1]}, null, null, 18, false, [], false, 0, [], null, 0, 1744388430.9793408, 0, {}]
[{"0": [1, 2, 1, 1, 4, 31, 20, 29, 22, 26, 30, 33, 4, 0, 3, 2, 4]}, null, null, 19, false, [], false, 0, [], null, 0, 1744388431.190031, 0, {}]
[{"0": [25, 32, 1, 1, 1, 2, 3, 2, 3, 1, 1, 0, 2, 0, 0, 0, 2]}, null, null, 19, false, [], false, 0, [], null, 0, 1744388431.4227839, 0, {}]
[{"0": [2, 3, 5, 3, 3, 1, 1, 2, 3, 3, 1, 1, 2, 35, 32, 2, 2]}, null, null, 20, false, [], false, 0, [], null, 0, 1744388431.6206472, 0, {}]
[{"0": [2, 27, 29, 1, 1, 1, 3, 1, 0, 7, 3, 1, 1, 3, 0, 4, 2]}, null, null, 20, false, [], false, 0, [], null, 0, 1744388431.8555741, 0, {}]
[{"0": [2, 2, 3, 0, 6, 0, 5, 4, 0, 1, 0, 3, 2, 2, 27, 34, 27]}, null, null, 21, false, [], false, 0, [], null, 0, 1744388432.0579984, 0, {}]
[{"0": [3, 2, 7, 21, 29, 31, 3, 1, 1, 1, 1, 1, 8, 3, 3, 1, 3]}, null, null, 22, false, [], false, 0, [], null, 0, 1744388432.294469, 0, {}]
[{"0": [4, 5, 0, 3, 2, 3, 0, 1, 3, 1, 2, 4, 2, 3, 35, 26, 34]}, null, null, 22, false, [], false, 0, [], null, 0, 1744388432.4999242, 0, {}]
[{"0": [3, 0, 3, 1, 3, 2, 2, 3, 1, 0, 3, 33, 30, 23, 34, 25, 31]}, null, null, 23, false, [], false, 0, [], null, 0, 1744388432.7179306, 0, {}]
[{"0": [2, 1, 26, 27, 24, 32, 28, 29, 32, 34, 28, 0, 1, 1, 0, 5, 2]}, null, null, 23, false, [], false, 0, [], null, 0, 1744388432.9403749, 0, {}]
[{"0": [4, 6, 3, 1, 4, 2, 3, 4, 3, 1, 3, 2, 2, 0, 0, 2, 1]}, null, null, 24, false, [], false, 0, [], null, 0, 1744388433.1489813, 0, {}]
[{"0": [5, 1, 4, 1, 3, 2, 3, 6, 1, 32, 28, 28, 34, 26, 3, 1, 2]}, null, null, 25, false, [], false, 0, [], null, 0, 1744388433.3729067, 0, {}]
[{"0": [2, 1, 2, 1, 1, 3, 1, 5, 3, 1, 2, 2, 1, 1, 28, 23, 32]}, null, null, 25, false, [], false, 0, [], null, 0, 1744388433.570464, 0, {}]
[{"0": [3, 2, 1, 4, 1, 3, 1, 3, 3, 2, 5, 37, 29, 25, 25, 36, 2]}, null, null, 26, false, [], false, 0, [], null, 0, 1744388433.7979603, 0, {}]
[{"0": [0, 1, 24, 39, 2, 5, 2, 3, 2, 4, 1, 3, 2, 0, 2, 1, 2]}, null, null, 27, false, [], false, 0, [], null, 0, 1744388434.0081663, 0, {}]
[{"0": [3, 1, 0, 2, 0, 1, 3, 1, 0, 2, 2, 1, 5, 4, 3, 0, 41]}, null, null, 27, false, [], false, 0, [], null, 0, 1744388434.2391815, 0, {}]
[{"0": [2, 2, 2, 3, 1, 3, 3, 1, 2, 1, 4, 1, 3, 0, 1, 26, 32]}, null, null, 28, false, [], false, 0, [], null, 0, 1744388434.45265, 0, {}]
[{"0": [0, 3, 2, 1, 4, 1, 1, 4, 3, 2, 2, 0, 0, 4, 31, 23, 3]}, null, null, 28, false, [], false, 0, [], null, 0, 1744388434.6689582, 0, {}]
[{"0": [0, 1, 3, 3, 0, 1, 1, 2, 6, 0, 2, 1, 1, 2, 3, 2, 1]}, null, null, 29, false, [], false, 0, [], null, 0, 1744388434.8753846, 0, {}]
[{"0": [4, 2, 1, 2, 2, 2, 28, 22, 30, 35, 4, 3, 2, 0, 1, 1, 2]}, null, null, 30, false, [], false, 0, [], null, 0, 1744388435.0924113, 0, {}]
[{"0": [4, 3, 3, 1, 3, 1, 2, 1, 1, 2, 1, 31, 3, 1, 2, 1, 4]}, null, null, 30, false, [], false, 0, [], null, 0, 1744388435.3224611, 0, {}]
[{"0": [2, 0, 5, 2, 3, 29, 27, 28, 34, 32, 37, 1, 1, 1, 3, 5, 1]}, null, null, 31, false, [], false, 0, [], null, 0, 1744388435.5305727, 0, {}]
[{"0": [3, 1, 2, 3, 36, 22, 32, 30, 32, 0, 1, 0, 3, 2, 4, 1, 3]}, null, null, 31, false, [], false, 0, [], null, 0, 1744388435.7412658, 0, {}]
[{"0": [1, 32, 33, 4, 1, 3, 2, 0, 1, 2, 2, 3, 1, 1, 4, 1, 3]}, null, null, 32, false, [], false, 0, [], null, 0, 1744388435.9565125, 0, {}]
[{"0": [3, 3, 0, 0, 3, 5, 29, 35, 23, 0, 4, 2, 4, 1, 5, 1, 3]}, null, null, 33, false, [], false, 0, [], null, 0, 1744388436.1746018, 0, {}]
[{"0": [25, 1, 1, 1, 2, 3, 1, 2, 0, 0, 2, 0, 1, 3, 1, 2, 1]}, null, null, 33, false, [], false, 0, [], null, 0, 1744388436.3978353, 0, {}]
[{"0": [4, 2, 1, 1, 4, 4, 2, 1, 2, 3, 3, 1, 2, 2, 6, 0, 4]}, null, null, 34, false, [], false, 0, [], null, 0, 1744388436.609466, 0, {}]
[{"0": [4, 2, 3, 1, 1, 4, 1, 30, 0, 3, 1, 4, 2, 5, 4, 0, 1]}, null, null, 34, false, [], false, 0, [], null, 0, 1744388436.8397062, 0, {}]
[{"0": [0, 6, 1, 1, 2, 6, 1, 2, 4, 26, 27, 40, 34, 32, 5, 0, 3]}, null, null, 35, false, [], false, 0, [], null, 0, 1744388437.0434492, 0, {}]
[{"0": [0, 4, 1, 1, 4, 5, 3, 3, 0, 1, 3, 0, 1, 2, 29, 3, 3]}, null, null, 36, false, [], false, 0, [], null, 0, 1744388437.2631755, 0, {}]
[{"0": [1, 3, 25, 32, 28, 29, 20, 24, 38, 28, 37, 32, 36, 34, 31, 3, 2]}, null, null, 36, false, [], false, 0, [], null, 0, 1744388437.4719262, 0, {}]
[{"0": [1, 0, 0, 2, 2, 0, 0, 5, 1, 4, 1, 0, 1, 0, 34, 2, 2]}, null, null, 37, false, [], false, 0, [], null, 0, 1744388437.694742, 0, {}]
[{"0": [3, 6, 3, 3, 35, 2, 2, 1, 1, 0, 4, 4, 0, 3, 1, 2, 1]}, null, null, 37, false, [], false, 0, [], null, 0, 1744388437.907816, 0, {}]
[{"0": [2, 2, 2, 33, 36, 1, 2, 0, 1, 0, 2, 2, 6, 0, 2, 3, 0]}, null, null, 38, false, [], false, 0, [], null, 0, 1744388438.1397674, 0, {}]
[{"0": [1, 6, 1, 4, 5, 1, 0, 1, 2, 2, 1, 30, 25, 3, 3, 3, 1]}, null, null, 39, false, [], false, 0, [], null, 0, 1744388438.348177, 0, {}]
[{"0": [3, 2, 2, 2, 0, 2, 3, 3, 2, 2, 2, 3, 4, 1, 39, 37, 28]}, null, null, 39, false, [], false, 0, [], null, 0, 1744388438.5618978, 0, {}]
[{"0": [1, 3, 0, 3, 1, 3, 3, 38, 0, 4, 1, 1, 4, 7, 3, 1, 2]}, null, null, 40, false, [], false, 0, [], null, 0, 1744388438.7723126, 0, {}]
[{"0": [28, 34, 25, 34, 29, 3, 5, 2, 3, 1, 4, 0, 2, 2, 5, 0, 1]}, null, null, 40, false, [], false, 0, [], null, 0, 1744388438.9914544, 0, {}]
[{"0": [6, 1, 2, 3, 2, 3, 1, 1, 2, 1, 7, 4, 4, 0, 29, 23, 36]}, null, null, 41, false, [], false, 0, [], null, 0, 1744388439.2047114, 0, {}]
[{"0": [6, 3, 3, 2, 5, 1, 0, 4, 2, 4, 2, 0, 0, 2, 33, 26, 32]}, null, null, 42, false, [], false, 0, [], null, 0, 1744388439.4323957, 0, {}]
[{"0": [3, 1, 1, 2, 2, 3, 1, 4, 0, 1, 3, 35, 31, 31, 31, 39, 40]}, null, null, 42, false, [], false, 0, [], null, 0, 1744388439.650628, 0, {}]
[{"0": [1, 2, 4, 3, 1, 1, 1, 2, 1, 2, 31, 33, 0, 1, 2, 2, 3]}, null, null, 43, false, [], false, 0, [], null, 0, 1744388439.8645427, 0, {}]
[{"0": [3, 1, 2, 1, 1, 3, 1, 24, 25, 29, 3, 2, 3, 2, 4, 1, 1]}, null, null, 43, false, [], false, 0, [], null, 0, 1744388440.0846016, 0, {}]
[{"0": [2, 0, 1, 23, 35, 27, 27, 0, 0, 3, 1, 6, 4, 3, 3, 2, 1]}, null, null, 44, false, [], false, 0, [], null, 0, 1744388440.298507, 0, {}]
[{"0": [3, 3, 5, 2, 3, 2, 2, 1, 1, 1, 3, 4, 21, 26, 2, 2, 1]}, null, null, 45, false, [], false, 0, [], null, 0, 1744388440.5150144, 0, {}]
[{"0": [2, 0, 1, 3, 1, 4, 4, 2, 2, 3, 1, 2, 1, 0, 3, 1, 1]}, null, null, 45, false, [], false, 0, [], null, 0, 1744388440.7322268, 0, {}]
[{"0": [3, 2, 3, 24, 50, 33, 38, 3, 1, 1, 1, 0, 5, 2, 0, 1, 2]}, null, null, 46, false, [], false, 0, [], null, 0, 1744388440.9455447, 0, {}]
[{"0": [1, 1, 0, 37, 1, 3, 2, 4, 0, 0, 3, 3, 0, 0, 2, 0, 8]}, null, null, 46, false, [], false, 0, [], null, 0, 1744388441.1657298, 0, {}]
[{"0": [1, 2, 0, 2, 3, 3, 36, 25, 27, 1, 0, 2, 1, 2, 1, 2, 3]}, null, null, 47, false, [], false, 0, [], null, 0, 1744388441.3780723, 0, {}]
[{"0": [3, 4, 2, 0, 4, 3, 1, 3, 3, 2, 2, 3, 2, 3, 32, 30, 23]}, null, null, 48, false, [], false, 0, [], null, 0, 1744388441.59328, 0, {}]
[{"0": [1, 2, 2, 3, 2, 5, 0, 3, 0, 0, 2, 3, 1, 3, 41, 2, 3]}, null, null, 48, false, [], false, 0, [], null, 0, 1744388441.8067558, 0, {}]
[{"0": [1, 1, 0, 5, 3, 0, 0, 1, 25, 33, 29, 4, 2, 4, 2, 5, 0]}, null, null, 49, false, [], false, 0, [], null, 0, 1744388442.0415769, 0, {}]
[{"0": [0, 2, 1, 2, 2, 1, 0, 1, 1, 4, 1, 1, 1, 1, 2, 4, 31]}, null, null, 49, false, [], false, 0, [], null, 0, 1744388442.2563915, 0, {}]
[{"0": [6, 3, 2, 4, 1, 0, 3, 2, 3, 3, 4, 29, 2, 1, 1, 3, 1]}, null, null, 50, false, [], false, 0, [], null, 0, 1744388442.4741807, 0, {}]
[{"0": [2, 6, 2, 2, 2, 2, 2, 3, 2, 0, 0, 29, 28, 17, 38, 1, 2]}, null, null, 51, false, [], false, 0, [], null, 0, 1744388442.6838045, 0, {}]
[{"0": [3, 1, 4, 2, 0, 1, 0, 1, 2, 3, 2, 2, 37, 2, 0, 1, 2]}, null, null, 51, false, [], false, 0, [], null, 0, 1744388442.8980258, 0, {}]
[{"0": [2, 1, 0, 1, 2, 3, 3, 2, 1, 5, 4, 2, 17, 30, 3, 1, 4]}, null, null, 52, false, [], false, 0, [], null, 0, 1744388443.1232605, 0, {}]
[{"0": [3, 1, 1, 2, 2, 0, 0, 5, 6, 3, 3, 1, 2, 2, 1, 3, 3]}, null, null, 52, false, [], false, 0, [], null, 0, 1744388443.3244126, 0, {}]
[{"0": [4, 4, 1, 1, 4, 2, 0, 3, 4, 14, 33, 3, 2, 0, 3, 6, 0]}, null, null, 53, false, [], false, 0, [], null, 0, 1744388443.5394466, 0, {}]
[{"0": [0, 1, 1, 3, 2, 4, 2, 2, 3, 0, 3, 2, 34, 25, 2, 4, 1]}, null, null, 54, false, [], false, 0, [], null, 0, 1744388443.7647045, 0, {}]
[{"0": [4, 6, 2, 2, 2, 0, 2, 1, 2, 0, 3, 3, 34, 41, 29, 29, 34]}, null, null, 54, false, [], false, 0, [], null, 0, 1744388443.9772289, 0, {}]
[{"0": [4, 1, 2, 27, 36, 2, 2, 1, 2, 3, 1, 2, 3, 3, 2, 1, 1]}, null, null, 55, false, [], false, 0, [], null, 0, 1744388444.1948545, 0, {}]
[{"0": [3, 1, 1, 2, 3, 1, 2, 2, 3, 3, 2, 29, 23, 23, 0, 3, 1]}, null, null, 55, false, [], false, 0, [], null, 0, 1744388444.4124355, 0, {}]
[{"0": [3, 2, 1, 0, 2, 2, 1, 2, 34, 32, 29, 25, 29, 33, 21, 2, 2]}, null, null, 56, false, [], false, 0, [], null, 0, 1744388444.6278377, 0, {}]
[{"0": [0, 0, 30, 26, 38, 29, 1, 2, 1, 2, 4, 3, 0, 1, 0, 3, 4]}, null, null, 57, false, [], false, 0, [], null, 0, 1744388444.8428535, 0, {}]
[{"0": [2, 3, 4, 34, 28, 24, 36, 34, 38, 32, 33, 27, 35, 3, 0, 2, 0]}, null, null, 57, false, [], false, 0, [], null, 0, 1744388445.0732753, 0, {}]
[{"0": [0, 0, 3, 2, 3, 1, 38, 3, 1, 2, 1, 1, 2, 2, 0, 2, 3]}, null, null, 58, false, [], false, 0, [], null, 0, 1744388445.2779334, 0, {}]
[{"0": [2, 2, 2, 1, 2, 1, 1, 5, 3, 22, 38, 31, 36, 18, 6, 1, 0]}, null, null, 58, false, [], false, 0, [], null, 0, 1744388445.4930665, 0, {}]
[{"0": [1, 0, 2, 3, 1, 6, 0, 1, 1, 2, 2, 0, 1, 35, 50, 33, 26]}, null, null, 59, false, [], false, 0, [], null, 0, 1744388445.7145197, 0, {}]
[{"0": [2, 1, 3, 4, 1, 1, 2, 2, 1, 1, 2, 1, 1, 5, 1, 23, 27]}, null, null, 60, false, [], false, 0, [], null, 0, 1744388445.9368556, 0, {}]
[{"0": [2, 0, 1, 36, 36, 2, 3, 1, 1, 3, 1, 2, 3, 3, 2, 0, 0]}, null, null, 60, false, [], false, 0, [], null, 0, 1744388446.1427133, 0, {}]
[{"0": [2, 0, 2, 30, 35, 35, 1, 2, 2, 4, 2, 1, 3, 4, 1, 0, 2]}, null, null, 61, false, [], false, 0, [], null, 0, 1744388446.3581114, 0, {}]
[{"0": [0, 4, 2, 1, 0, 1, 3, 5, 3, 2, 0, 1, 31, 26, 28, 36, 37]}, null, null, 61, false, [], false, 0, [], null, 0, 1744388446.5717528, 0, {}]
[{"0": [3, 2, 1, 0, 2, 26, 25, 4, 0, 2, 2, 0, 2, 1, 1, 3, 5]}, null, null, 62, false, [], false, 0, [], null, 0, 1744388446.7953367, 0, {}]
[{"0": [4, 4, 3, 22, 0, 0, 1, 1, 0, 3, 1, 1, 4, 1, 0, 4, 1]}, null, null, 63, false, [], false, 0, [], null, 0, 1744388447.0229082, 0, {}]
[{"0": [2, 2, 4, 30, 32, 38, 42, 33, 32, 30, 31, 30, 39, 28, 0, 2, 4]}, null, null, 63, false, [], false, 0, [], null, 0, 1744388447.2322986, 0, {}]
[{"0": [3, 1, 2, 5, 1, 6, 4, 1, 21, 36, 31, 34, 40, 31, 26, 0, 1]}, null, null, 64, false, [], false, 0, [], null, 0, 1744388447.4550235, 0, {}]
[{"0": [2, 0, 0, 3, 2, 1, 5, 0, 1, 2, 26, 4, 1, 1, 0, 3, 1]}, null, null, 64, false, [], false, 0, [], null, 0, 1744388447.6731155, 0, {}]
[{"0": [2, 3, 2, 0, 6, 3, 3, 1, 1, 3, 1, 0, 4, 2, 0, 1, 2]}, null, null, 65, false, [], false, 0, [], null, 0, 1744388447.89312, 0, {}]
[{"0": [0, 2, 4, 4, 0, 0, 1, 3, 2, 4, 4, 3, 2, 2, 18, 30, 2]}, null, null, 66, false, [], false, 0, [], null, 0, 1744388448.100565, 0, {}]
[{"0": [1, 1, 3, 2, 1, 1, 2, 2, 20, 2, 2, 3, 3, 2, 2, 3, 4]}, null, null, 66, false, [], false, 0, [], null, 0, 1744388448.3101075, 0, {}]
[{"0": [0, 2, 2, 2, 1, 3, 5, 0, 1, 2, 0, 2, 2, 2, 1, 28, 24]}, null, null, 67, false, [], false, 0, [], null, 0, 1744388448.5337236, 0, {}]
[{"0": [1, 0, 3, 0, 1, 0, 28, 32, 33, 26, 27, 25, 37, 40, 36, 2, 2]}, null, null, 67, false, [], false, 0, [], null, 0, 1744388448.753667, 0, {}]
[{"0": [2, 2, 4, 0, 1, 0, 1, 3, 28, 37, 0, 4, 0, 3, 2, 3, 1]}, null, null, 68, false, [], false, 0, [], null, 0, 1744388448.960402, 0, {}]
[{"0": [2, 3, 2, 3, 0, 2, 1, 5, 2, 2, 4, 2, 2, 3, 25, 37, 29]}, null, null, 69, false, [], false, 0, [], null, 0, 1744388449.1908329, 0, {}]
[{"0": [3, 0, 4, 0, 1, 1, 0, 1, 2, 1, 3, 34, 29, 32, 31, 33, 28]}, null, null, 69, false, [], false, 0, [], null, 0, 1744388449.408751, 0, {}]
[{"0": [3, 3, 5, 1, 1, 4, 2, 2, 3, 0, 4, 1, 2, 1, 1, 1, 2]}, null, null, 70, false, [], false, 0, [], null, 0, 1744388449.6180496, 0, {}]
[{"0": [5, 3, 1, 2, 0, 4, 3, 1, 22, 35, 2, 0, 2, 4, 2, 2, 2]}, null, null, 70, false, [], false, 0, [], null, 0, 1744388449.842123, 0, {}]
[{"0": [5, 1, 1, 4, 1, 0, 3, 5, 5, 2, 0, 3, 2, 0, 30, 30, 33]}, null, null, 71, false, [], false, 0, [], null, 0, 1744388450.0497522, 0, {}]
[{"0": [1, 2, 5, 35, 26, 25, 37, 0, 4, 0, 4, 1, 2, 1, 1, 2, 2]}, null, null, 72, false, [], false, 0, [], null, 0, 1744388450.264445, 0, {}]
[{"0": [2, 0, 2, 4, 0, 2, 31, 2, 1, 2, 2, 2, 5, 0, 1, 2, 3]}, null, null, 72, false, [], false, 0, [], null, 0, 1744388450.4824338, 0, {}]
[{"0": [2, 1, 0, 1, 3, 1, 3, 1, 1, 1, 2, 2, 2, 3, 1, 2, 1]}, null, null, 73, false, [], false, 0, [], null, 0, 1744388450.6883585, 0, {}]
[{"0": [3, 2, 2, 2, 1, 1, 2, 1, 4, 0, 3, 4, 2, 6, 33, 2, 2]}, null, null, 73, false, [], false, 0, [], null, 0, 1744388450.9148865, 0, {}]
[{"0": [2, 2, 2, 2, 2, 2, 2, 0, 1, 2, 0, 2, 1, 2, 25, 0, 2]}, null, null, 74, false, [], false, 0, [], null, 0, 1744388451.1356518, 0, {}]
[{"0": [0, 3, 2, 3, 1, 1, 32, 32, 26, 0, 1, 2, 0, 1, 0, 0, 0]}, null, null, 75, false, [], false, 0, [], null, 0, 1744388451.3391988, 0, {}]
[{"0": [3, 0, 3, 2, 0, 1, 2, 1, 0, 25, 30, 24, 36, 3, 0, 2, 4]}, null, null, 75, false, [], false, 0, [], null, 0, 1744388451.563635, 0, {}]
[{"0": [1, 3, 4, 2, 32, 2, 1, 2, 2, 1, 3, 1, 6, 3, 2, 2, 2]}, null, null, 76, false, [], false, 0, [], null, 0, 1744388451.7836895, 0, {}]
[{"0": [2, 1, 3, 0, 7, 0, 1, 1, 8, 0, 1, 1, 2, 4, 3, 34, 20]}, null, null, 77, false, [], false, 0, [], null, 0, 1744388451.9901361, 0, {}]
[{"0": [3, 0, 4, 3, 4, 2, 3, 2, 2, 2, 2, 2, 32, 25, 30, 26, 27]}, null, null, 77, false, [], false, 0, [], null, 0, 1744388452.2249455, 0, {}]
[{"0": [2, 2, 3, 0, 1, 0, 0, 3, 3, 32, 28, 32, 33, 31, 33, 28, 32]}, null, null, 78, false, [], false, 0, [], null, 0, 1744388452.4241073, 0, {}]
[{"0": [1, 1, 4, 4, 2, 0, 2, 2, 0, 2, 5, 33, 1, 2, 1, 1, 3]}, null, null, 78, false, [], false, 0, [], null, 0, 1744388452.6398094, 0, {}]
[{"0": [2, 1, 1, 3, 3, 0, 1, 3, 1, 3, 1, 3, 35, 39, 2, 1, 3]}, null, null, 79, false, [], false, 0, [], null, 0, 1744388452.8533762, 0, {}]
[{"0": [30, 3, 1, 4, 2, 2, 0, 4, 0, 0, 1, 0, 2, 41, 5, 3, 4]}, null, null, 80, false, [], false, 0, [], null, 0, 1744388453.0889776, 0, {}]
[{"0": [2, 33, 31, 29, 32, 23, 39, 28, 31, 27, 1, 1, 3, 2, 4, 5, 2]}, null, null, 80, false, [], false, 0, [], null, 0, 1744388453.292325, 0, {}]
[{"0": [3, 3, 2, 3, 0, 0, 1, 0, 3, 1, 2, 1, 2, 1, 28, 28, 31]}, null, null, 81, false, [], false, 0, [], null, 0, 1744388453.5125854, 0, {}]
[{"0": [2, 1, 2, 3, 2, 0, 1, 1, 4, 2, 1, 1, 1, 1, 2, 30, 29]}, null, null, 81, false, [], false, 0, [], null, 0, 1744388453.7256062, 0, {}]
[{"0": [2, 2, 1, 1, 1, 1, 2, 1, 23, 35, 0, 1, 2, 3, 1, 1, 5]}, null, null, 82, false, [], false, 0, [], null, 0, 1744388453.9472995, 0, {}]
[{"0": [0, 1, 1, 2, 1, 1, 2, 2, 1, 2, 3, 5, 1, 1, 3, 3, 25]}, null, null, 83, false, [], false, 0, [], null, 0, 1744388454.1736386, 0, {}]
[{"0": [3, 7, 0, 37, 32, 34, 22, 42, 25, 29, 30, 25, 25, 33, 32, 1, 4]}, null, null, 83, false, [], false, 0, [], null, 0, 1744388454.3891945, 0, {}]
[{"0": [1, 2, 1, 1, 2, 2, 2, 0, 32, 26, 32, 38, 0, 0, 2, 2, 2]}, null, null, 84, false, [], false, 0, [], null, 0, 1744388454.5975418, 0, {}]
[{"0": [1, 2, 4, 2, 2, 3, 35, 37, 35, 35, 36, 37, 22, 2, 2, 1, 3]}, null, null, 84, false, [], false, 0, [], null, 0, 1744388454.8081102, 0, {}]
[{"0": [0, 2, 1, 1, 6, 2, 3, 3, 1, 31, 25, 1, 4, 3, 2, 3, 2]}, null, null, 85, false, [], false, 0, [], null, 0, 1744388455.0152187, 0, {}]
[{"0": [1, 0, 3, 6, 3, 34, 2, 0, 2, 2, 4, 2, 1, 3, 3, 0, 3]}, null, null, 86, false, [], false, 0, [], null, 0, 1744388455.2472458, 0, {}]
[{"0": [2, 1, 2, 3, 4, 3, 1, 0, 3, 1, 1, 4, 31, 28, 27, 32, 2]}, null, null, 86, false, [], false, 0, [], null, 0, 1744388455.4759436, 0, {}]
[{"0": [1, 3, 3, 0, 1, 3, 2, 4, 1, 1, 2, 4, 1, 0, 2, 34, 28]}, null, null, 87, false, [], false, 0, [], null, 0, 1744388455.6759164, 0, {}]
[{"0": [2, 3, 3, 5, 2, 2, 3, 3, 2, 1, 7, 1, 2, 3, 25, 0, 5]}, null, null, 87, false, [], false, 0, [], null, 0, 1744388455.9043958, 0, {}]
[{"0": [0, 3, 28, 25, 32, 27, 24, 3, 0, 4, 2, 6, 1, 1, 1, 1, 5]}, null, null, 88, false, [], false, 0, [], null, 0, 1744388456.1229568, 0, {}]
[{"0": [2, 2, 2, 3, 1, 2, 3, 34, 35, 28, 24, 30, 26, 27, 26, 40, 28]}, null, null, 89, false, [], false, 0, [], null, 0, 1744388456.3347042, 0, {}]
[{"0": [29, 2, 3, 2, 2, 1, 1, 4, 4, 1, 3, 2, 1, 0, 2, 1, 6]}, null, null, 89, false, [], false, 0, [], null, 0, 1744388456.5512586, 0, {}]
[{"0": [1, 2, 1, 1, 3, 4, 3, 4, 3, 1, 2, 0, 3, 1, 1, 39, 23]}, null, null, 90, false, [], false, 0, [], null, 0, 1744388456.767674, 0, {}]
[{"0": [2, 2, 3, 1, 1, 0, 3, 3, 1, 2, 4, 4, 2, 2, 30, 30, 31]}, null, null, 90, false, [], false, 0, [], null, 0, 1744388456.9802976, 0, {}]
[{"0": [0, 2, 1, 2, 7, 0, 1, 0, 2, 1, 2, 2, 30, 27, 35, 41, 32]}, null, null, 91, false, [], false, 0, [], null, 0, 1744388457.191186, 0, {}]
[{"0": [38, 20, 3, 2, 3, 3, 1, 2, 1, 1, 2, 1, 0, 4, 2, 1, 3]}, null, null, 92, false, [], false, 0, [], null, 0, 1744388457.4250045, 0, {}]
[{"0": [3, 4, 0, 3, 2, 2, 0, 2, 3, 2, 2, 4, 3, 1, 0, 2, 30]}, null, null, 92, false, [], false, 0, [], null, 0, 1744388457.6349802, 0, {}]
[{"0": [1, 0, 35, 2, 2, 0, 3, 3, 0, 1, 1, 4, 3, 1, 2, 3, 2]}, null, null, 93, false, [], false, 0, [], null, 0, 1744388457.843412, 0, {}]
[{"0": [2, 3, 2, 1, 6, 2, 1, 3, 5, 5, 4, 17, 37, 27, 31, 26, 26]}, null, null, 93, false, [], false, 0, [], null, 0, 1744388458.0575843, 0, {}]
[{"0": [3, 1, 1, 5, 4, 0, 3, 2, 26, 37, 25, 30, 28, 25, 0, 1, 0]}, null, null, 94, false, [], false, 0, [], null, 0, 1744388458.2877629, 0, {}]
[{"0": [3, 1, 1, 1, 34, 24, 45, 27, 2, 4, 2, 3, 3, 4, 4, 4, 2]}, null, null, 95, false, [], false, 0, [], null, 0, 1744388458.4998112, 0, {}]
[{"0": [0, 2, 1, 5, 2, 2, 3, 2, 27, 31, 1, 4, 3, 3, 1, 3, 1]}, null, null, 95, false, [], false, 0, [], null, 0, 1744388458.723385, 0, {}]
[{"0": [26, 32, 0, 1, 2, 3, 1, 0, 1, 0, 6, 4, 3, 0, 3, 3, 6]}, null, null, 96, false, [], false, 0, [], null, 0, 1744388458.9364934, 0, {}]
[{"0": [0, 2, 2, 1, 2, 1, 0, 0, 2, 3, 3, 2, 3, 3, 0, 28, 24]}, null, null, 96, false, [], false, 0, [], null, 0, 1744388459.1437225, 0, {}]
[{"0": [1, 3, 0, 1, 0, 3, 0, 2, 1, 2, 3, 0, 3, 1, 24, 1, 1]}, null, null, 97, false, [], false, 0, [], null, 0, 1744388459.3553154, 0, {}]
[{"0": [0, 3, 5, 2, 1, 1, 4, 2, 36, 30, 31, 34, 38, 37, 32, 30, 33]}, null, null, 98, false, [], false, 0, [], null, 0, 1744388459.5892577, 0, {}]
[{"0": [0, 3, 0, 2, 1, 1, 0, 0, 1, 23, 1, 1, 6, 0, 2, 3, 2]}, null, null, 98, false, [], false, 0, [], null, 0, 1744388459.8034654, 0, {}]
[{"0": [0, 0, 4, 2, 2, 0, 4, 1, 2, 0, 1, 2, 31, 44, 28, 33, 28]}, null, null, 99, false, [], false, 0, [], null, 0, 1744388460.0195575, 0, {}]
[{"0": [0, 1, 2, 5, 3, 0, 4, 0, 4, 0, 2, 2, 0, 3, 26, 1, 1]}, null, null, 99, false, [], false, 0, [], null, 0, 1744388460.2253988, 0, {}]
[{"0": [0, 3, 4, 2, 2, 3, 28, 24, 23, 28, 25, 24, 0, 3, 2, 0, 2]}, null, null, 100, false, [], false, 0, [], null, 0, 1744388460.452496, 0, {}]
[{"0": [4, 1, 3, 0, 4, 1, 3, 4, 0, 2, 3, 3, 2, 29, 34, 29, 33]}, null, null, 101, false, [], false, 0, [], null, 0, 1744388460.6601222, 0, {}]
[{"0": [3, 3, 0, 5, 4, 28, 28, 31, 23, 21, 45, 1, 1, 4, 1, 2, 1]}, null, null, 101, false, [], false, 0, [], null, 0, 1744388460.88107, 0, {}]
[{"0": [2, 4, 4, 2, 2, 2, 1, 2, 4, 1, 0, 45, 3, 3, 4, 2, 3]}, null, null, 102, false, [], false, 0, [], null, 0, 1744388461.095388, 0, {}]
[{"0": [2, 1, 2, 1, 2, 4, 1, 2, 0, 0, 1, 6, 1, 4, 32, 31, 29]}, null, null, 102, false, [], false, 0, [], null, 0, 1744388461.3102725, 0, {}]
[{"0": [2, 42, 25, 24, 18, 39, 4, 0, 1, 2, 2, 3, 1, 1, 1, 3, 4]}, null, null, 103, false, [], false, 0, [], null, 0, 1744388461.546253, 0, {}]
[{"0": [2, 5, 1, 0, 1, 0, 1, 1, 2, 4, 39, 32, 24, 2, 4, 2, 2]}, null, null, 104, false, [], false, 0, [], null, 0, 1744388461.754264, 0, {}]
[{"0": [0, 1, 3, 3, 4, 0, 24, 1, 0, 2, 0, 4, 3, 1, 1, 2, 1]}, null, null, 104, false, [], false, 0, [], null, 0, 1744388461.9617906, 0, {}]
[{"0": [5, 4, 35, 29, 32, 35, 2, 2, 6, 5, 5, 1, 3, 2, 3, 1, 1]}, null, null, 105, false, [], false, 0, [], null, 0, 1744388462.1928797, 0, {}]
[{"0": [0, 1, 3, 1, 1, 26, 29, 40, 29, 27, 2, 2, 1, 1, 1, 5, 2]}, null, null, 105, false, [], false, 0, [], null, 0, 1744388462.4034038, 0, {}]
[{"0": [1, 2, 2, 1, 0, 2, 0, 1, 2, 2, 2, 2, 0, 2, 3, 4, 2]}, null, null, 106, false, [], false, 0, [], null, 0, 1744388462.6240022, 0, {}]
[{"0": [3, 27, 25, 25, 34, 1, 2, 4, 1, 3, 3, 1, 1, 4, 3, 2, 1]}, null, null, 107, false, [], false, 0, [], null, 0, 1744388462.8303292, 0, {}]
[{"0": [3, 1, 0, 3, 2, 2, 32, 1, 7, 2, 2, 1, 3, 4, 2, 4, 2]}, null, null, 107, false, [], false, 0, [], null, 0, 1744388463.0538192, 0, {}]
[{"0": [2, 5, 1, 0, 44, 1, 6, 2, 1, 3, 1, 2, 3, 1, 2, 2, 2]}, null, null, 108, false, [], false, 0, [], null, 0, 1744388463.264344, 0, {}]
[{"0": [25, 0, 2, 0, 4, 4, 7, 0, 1, 3, 1, 2, 3, 2, 2, 0, 1]}, null, null, 108, false, [], false, 0, [], null, 0, 1744388463.4815602, 0, {}]
[{"0": [0, 1, 3, 1, 3, 3, 4, 0, 1, 1, 1, 2, 2, 4, 35, 0, 3]}, null, null, 109, false, [], false, 0, [], null, 0, 1744388463.6964812, 0, {}]
[{"0": [3, 2, 2, 4, 1, 1, 1, 3, 4, 30, 27, 0, 5, 2, 2, 4, 2]}, null, null, 110, false, [], false, 0, [], null, 0, 1744388463.9045312, 0, {}]
[{"0": [2, 3, 0, 5, 2, 2, 3, 2, 27, 37, 29, 39, 28, 35, 2, 0, 1]}, null, null, 110, false, [], false, 0, [], null, 0, 1744388464.1322682, 0, {}]
[{"0": [2, 1, 3, 1, 4, 0, 2, 3, 1, 31, 28, 33, 1, 3, 2, 2, 1]}, null, null, 111, false, [], false, 0, [], null, 0, 1744388464.3473566, 0, {}]
[{"0": [2, 3, 2, 3, 6, 3, 3, 0, 2, 3, 4, 1, 3, 21, 20, 36, 1]}, null, null, 111, false, [], false, 0, [], null, 0, 1744388464.5630968, 0, {}]
[{"0": [1, 1, 1, 2, 3, 0, 3, 2, 3, 3, 28, 24, 27, 35, 27, 35, 30]}, null, null, 112, false, [], false, 0, [], null, 0, 1744388464.7806482, 0, {}]
[{"0": [4, 0, 0, 0, 1, 2, 1, 2, 0, 2, 3, 2, 27, 34, 2, 2, 0]}, null, null, 113, false, [], false, 0, [], null, 0, 1744388464.9876108, 0, {}]
[{"0": [1, 4, 2, 2, 22, 26, 1, 1, 5, 1, 5, 2, 3, 1, 3, 2, 2]}, null, null, 113, false, [], false, 0, [], null, 0, 1744388465.2034853, 0, {}]
[{"0": [3, 2, 2, 1, 3, 2, 2, 3, 3, 1, 1, 3, 3, 4, 1, 0, 25]}, null, null, 114, false, [], false, 0, [], null, 0, 1744388465.4293816, 0, {}]
[{"0": [2, 1, 0, 2, 28, 0, 3, 2, 2, 3, 3, 1, 1, 0, 4, 3, 1]}, null, null, 114, false, [], false, 0, [], null, 0, 1744388465.6502693, 0, {}]
[{"0": [2, 0, 3, 2, 1, 2, 2, 2, 35, 24, 36, 1, 3, 0, 2, 1, 1]}, null, null, 115, false, [], false, 0, [], null, 0, 1744388465.8683197, 0, {}]
[{"0": [0, 1, 2, 1, 5, 1, 1, 28, 27, 25, 33, 19, 3, 1, 1, 3, 1]}, null, null, 116, false, [], false, 0, [], null, 0, 1744388466.0731792, 0, {}]
[{"0": [2, 3, 2, 2, 1, 43, 1, 4, 4, 3, 4, 1, 2, 0, 1, 2, 4]}, null, null, 116, false, [], false, 0, [], null, 0, 1744388466.3067098, 0, {}]
[{"0": [1, 0, 2, 2, 1, 0, 1, 1, 29, 28, 30, 17, 2, 2, 3, 1, 1]}, null, null, 117, false, [], false, 0, [], null, 0, 1744388466.5113328, 0, {}]
[{"0": [1, 3, 4, 3, 5, 36, 33, 29, 31, 25, 33, 22, 31, 26, 26, 30, 34]}, null, null, 117, false, [], false, 0, [], null, 0, 1744388466.7238593, 0, {}]
[{"0": [2, 1, 2, 2, 0, 2, 26, 29, 28, 24, 0, 2, 1, 2, 1, 2, 1]}, null, null, 118, false, [], false, 0, [], null, 0, 1744388466.9661093, 0, {}]
[{"0": [1, 4, 0, 2, 36, 29, 33, 29, 20, 28, 30, 37, 29, 26, 35, 2, 2]}, null, null, 119, false, [], false, 0, [], null, 0, 1744388467.202751, 0, {}]
[{"0": [3, 2, 2, 24, 19, 25, 28, 28, 1, 1, 2, 1, 2, 5, 3, 1, 0]}, null, null, 119, false, [], false, 0, [], null, 0, 1744388467.4493408, 0, {}]
[{"0": [3, 3, 2, 1, 2, 3, 24, 34, 27, 28, 18, 40, 28, 29, 20, 28, 26]}, null, null, 120, false, [], false, 0, [], null, 0, 1744388467.6822624, 0, {}]
[{"0": [24, 1, 2, 1, 3, 2, 5, 3, 1, 4, 3, 3, 1, 2, 4, 3, 2]}, null, null, 120, false, [], false, 0, [], null, 0, 1744388467.9266136, 0, {}]
[{"0": [4, 2, 1, 2, 2, 2, 2, 2, 2, 2, 2, 3, 3, 3, 0, 1, 31]}, null, null, 121, false, [], false, 0, [], null, 0, 1744388468.1566422, 0, {}]
[{"0": [1, 0, 1, 0, 0, 2, 2, 3, 1, 1, 1, 4, 1, 4, 3, 27, 29]}, null, null, 122, false, [], false, 0, [], null, 0, 1744388468.3936896, 0, {}]
[{"0": [1, 0, 1, 4, 4, 2, 2, 1, 28, 21, 20, 31, 3, 1, 2, 2, 3]}, null, null, 122, false, [], false, 0, [], null, 0, 1744388468.656795, 0, {}]
[{"0": [1, 1, 35, 25, 31, 30, 1, 0, 0, 1, 3, 0, 4, 2, 1, 2, 1]}, null, null, 123, false, [], false, 0, [], null, 0, 1744388468.8859751, 0, {}]
[{"0": [4, 28, 31, 24, 31, 30, 0, 1, 2, 1, 1, 1, 2, 3, 3, 1, 3]}, null, null, 123, false, [], false, 0, [], null, 0, 1744388469.1125982, 0, {}]
[{"0": [0, 3, 1, 2, 2, 1, 2, 1, 2, 2, 3, 19, 23, 22, 30, 1, 3]}, null, null, 124, false, [], false, 0, [], null, 0, 1744388469.35004, 0, {}]
[{"0": [1, 1, 1, 2, 3, 1, 4, 3, 2, 41, 26, 29, 1, 5, 2, 3, 2]}, null, null, 125, false, [], false, 0, [], null, 0, 1744388469.6024108, 0, {}]
[{"0": [1, 2, 3, 4, 3, 1, 1, 1, 5, 3, 1, 2, 2, 1, 26, 31, 1]}, null, null, 125, false, [], false, 0, [], null, 0, 1744388469.839551, 0, {}]
[{"0": [5, 1, 1, 1, 4, 29, 16, 31, 15, 23, 33, 2, 3, 2, 1, 2, 0]}, null, null, 126, false, [], false, 0, [], null, 0, 1744388470.0640538, 0, {}]
[{"0": [1, 1, 1, 1, 3, 4, 1, 1, 1, 1, 3, 1, 1, 0, 4, 1, 30]}, null, null, 127, false, [], false, 0, [], null, 0, 1744388470.3159153, 0, {}]
[{"0": [2, 4, 0, 3, 4, 1, 0, 2, 2, 3, 2, 29, 31, 37, 29, 3, 1]}, null, null, 127, false, [], false, 0, [], null, 0, 1744388470.5545936, 0, {}]
[{"0": [0, 0, 3, 2, 3, 2, 1, 0, 1, 3, 2, 2, 36, 2, 0, 2, 2]}, null, null, 128, false, [], false, 0, [], null, 0, 1744388470.7841794, 0, {}]
[{"0": [5, 1, 0, 0, 5, 2, 0, 3, 1, 0, 2, 28, 35, 39, 2, 3, 1]}, null, null, 128, false, [], false, 0, [], null, 0, 1744388471.0195677, 0, {}]
[{"0": [2, 2, 4, 2, 1, 4, 0, 23, 26, 23, 25, 34, 30, 33, 22, 1, 0]}, null, null, 129, false, [], false, 0, [], null, 0, 1744388471.2598698, 0, {}]
[{"0": [0, 3, 3, 0, 2, 0, 4, 1, 1, 2, 5, 2, 36, 29, 0, 4, 2]}, null, null, 130, false, [], false, 0, [], null, 0, 1744388471.501504, 0, {}]
[{"0": [2, 3, 2, 1, 2, 0, 1, 5, 0, 1, 4, 3, 2, 1, 1, 30, 30]}, null, null, 130, false, [], false, 0, [], null, 0, 1744388471.7504594, 0, {}]
[{"0": [2, 3, 0, 2, 4, 2, 1, 0, 3, 3, 0, 0, 5, 2, 2, 30, 27]}, null, null, 131, false, [], false, 0, [], null, 0, 1744388471.979335, 0, {}]
[{"0": [1, 1, 2, 0, 2, 2, 3, 2, 1, 0, 2, 1, 0, 28, 22, 29, 3]}, null, null, 131, false, [], false, 0, [], null, 0, 1744388472.2172031, 0, {}]
[{"0": [3, 0, 0, 21, 27, 1, 1, 1, 4, 3, 1, 3, 1, 2, 1, 1, 2]}, null, null, 132, false, [], false, 0, [], null, 0, 1744388472.45603, 0, {}]
[{"0": [2, 4, 1, 1, 4, 0, 4, 1, 2, 1, 1, 32, 23, 36, 28, 31, 30]}, null, null, 133, false, [], false, 0, [], null, 0, 1744388472.6926591, 0, {}]
[{"0": [3, 2, 4, 3, 2, 1, 4, 4, 2, 4, 1, 0, 2, 1, 26, 16, 29]}, null, null, 133, false, [], false, 0, [], null, 0, 1744388472.9332345, 0, {}]
[{"0": [2, 3, 5, 2, 3, 1, 2, 1, 2, 2, 1, 36, 1, 4, 1, 4, 2]}, null, null, 134, false, [], false, 0, [], null, 0, 1744388473.1642792, 0, {}]
[{"0": [1, 3, 22, 25, 34, 20, 28, 3, 2, 1, 4, 0, 1, 1, 3, 3, 3]}, null, null, 134, false, [], false, 0, [], null, 0, 1744388473.4192734, 0, {}]
[{"0": [1, 1, 2, 1, 3, 0, 2, 4, 3, 3, 1, 5, 4, 0, 1, 4, 26]}, null, null, 135, false, [], false, 0, [], null, 0, 1744388473.6472218, 0, {}]
[{"0": [1, 2, 3, 0, 35, 2, 0, 3, 2, 2, 1, 2, 3, 1, 2, 1, 2]}, null, null, 136, false, [], false, 0, [], null, 0, 1744388473.8952558, 0, {}]
[{"0": [0, 0, 4, 2, 2, 1, 2, 2, 23, 23, 28, 31, 21, 31, 39, 2, 1]}, null, null, 136, false, [], false, 0, [], null, 0, 1744388474.123202, 0, {}]
[{"0": [1, 2, 2, 0, 4, 1, 0, 0, 1, 2, 1, 2, 3, 1, 1, 1, 3]}, null, null, 137, false, [], false, 0, [], null, 0, 1744388474.3599713, 0, {}]
[{"0": [1, 2, 1, 3, 1, 29, 2, 0, 1, 2, 1, 1, 1, 5, 3, 2, 1]}, null, null, 137, false, [], false, 0, [], null, 0, 1744388474.6080651, 0, {}]
[{"0": [2, 1, 2, 4, 1, 2, 3, 0, 2, 3, 3, 3, 0, 0, 3, 36, 2]}, null, null, 138, false, [], false, 0, [], null, 0, 1744388474.827178, 0, {}]
[{"0": [1, 6, 0, 4, 30, 4, 0, 0, 1, 0, 2, 3, 1, 3, 2, 0, 4]}, null, null, 139, false, [], false, 0, [], null, 0, 1744388475.0849419, 0, {}]
[{"0": [1, 2, 3, 1, 3, 1, 0, 2, 2, 2, 2, 3, 1, 0, 3, 0, 6]}, null, null, 139, false, [], false, 0, [], null, 0, 1744388475.3024883, 0, {}]
[{"0": [2, 2, 29, 28, 3, 1, 1, 0, 2, 1, 1, 1, 2, 0, 1, 1, 1]}, null, null, 140, false, [], false, 0, [], null, 0, 1744388475.558156, 0, {}]
[{"0": [1, 1, 1, 2, 0, 2, 4, 1, 1, 1, 0, 31, 21, 35, 41, 35, 23]}, null, null, 140, false, [], false, 0, [], null, 0, 1744388475.797565, 0, {}]
[{"0": [2, 3, 2, 0, 2, 1, 0, 2, 4, 4, 1, 4, 1, 1, 2, 1, 34]}, null, null, 141, false, [], false, 0, [], null, 0, 1744388476.0436287, 0, {}]
[{"0": [24, 37, 18, 32, 35, 26, 35, 20, 22, 24, 37, 45, 42, 33, 43, 36, 1]}, null, null, 142, false, [], false, 0, [], null, 0, 1744388476.2724235, 0, {}]
[{"0": [0, 5, 5, 4, 28, 32, 29, 26, 35, 33, 24, 23, 23, 33, 32, 34, 43]}, null, null, 142, false, [], false, 0, [], null, 0, 1744388476.5101163, 0, {}]
[{"0": [37, 0, 2, 7, 2, 2, 0, 1, 2, 1, 3, 1, 1, 0, 1, 1, 1]}, null, null, 143, false, [], false, 0, [], null, 0, 1744388476.7534547, 0, {}]
[{"0": [0, 1, 1, 1, 27, 41, 38, 36, 28, 2, 1, 2, 3, 2, 3, 0, 3]}, null, null, 143, false, [], false, 0, [], null, 0, 1744388476.9833057, 0, {}]
[{"0": [29, 35, 28, 30, 23, 36, 28, 33, 2, 5, 0, 1, 0, 3, 2, 3, 2]}, null, null, 144, false, [], false, 0, [], null, 0, 1744388477.2256153, 0, {}]
[{"0": [1, 2, 1, 2, 0, 5, 4, 2, 3, 2, 5, 5, 0, 1, 25, 1, 1]}, null, null, 145, false, [], false, 0, [], null, 0, 1744388477.461594, 0, {}]
[{"0": [3, 2, 2, 1, 1, 31, 29, 33, 31, 24, 2, 4, 0, 4, 2, 2, 4]}, null, null, 145, false, [], false, 0, [], null, 0, 1744388477.70437, 0, {}]
[{"0": [0, 1, 2, 2, 1, 2, 3, 2, 0, 2, 1, 2, 2, 1, 25, 1, 2]}, null, null, 146, false, [], false, 0, [], null, 0, 1744388477.9239836, 0, {}]
[{"0": [0, 3, 0, 4, 2, 0, 1, 2, 0, 4, 1, 2, 2, 1, 19, 43, 27]}, null, null, 146, false, [], false, 0, [], null, 0, 1744388478.1302469, 0, {}]
[{"0": [2, 7, 36, 32, 27, 33, 3, 1, 3, 3, 1, 4, 5, 3, 2, 2, 5]}, null, null, 147, false, [], false, 0, [], null, 0, 1744388478.354606, 0, {}]
[{"0": [2, 1, 1, 3, 3, 4, 0, 1, 5, 26, 36, 32, 31, 0, 2, 3, 1]}, null, null, 148, false, [], false, 0, [], null, 0, 1744388478.5527534, 0, {}]
[{"0": [4, 0, 4, 1, 1, 2, 1, 4, 2, 1, 2, 2, 2, 2, 4, 31, 33]}, null, null, 148, false, [], false, 0, [], null, 0, 1744388478.7787323, 0, {}]
[{"0": [0, 1, 5, 1, 2, 2, 2, 0, 1, 3, 2, 4, 2, 3, 1, 15, 38]}, null, null, 149, false, [], false, 0, [], null, 0, 1744388478.9843905, 0, {}]
[{"0": [0, 2, 1, 2, 4, 0, 0, 3, 1, 1, 1, 30, 35, 2, 2, 1, 3]}, null, null, 149, false, [], false, 0, [], null, 0, 1744388479.1977847, 0, {}]
[{"0": [3, 2, 2, 3, 0, 1, 4, 4, 3, 1, 29, 26, 2, 3, 3, 2, 7]}, null, null, 150, true, [], false, 0, [], null, 0, 1744388479.4075217, 0, {}]
