[{"0": [1, 0, 1, 4, 1, 1, 1, 1, 4, 1, 0, 5, 0, 26, 35, 24, 23]}, null, null, 0, false, [], false, 0, [], null, 0, 1744380545.463954, 0, {}]
[{"0": [2, 1, 4, 0, 3, 2, 0, 4, 20, 0, 0, 4, 2, 1, 3, 2, 1]}, null, null, 1, false, [], false, 0, [], null, 0, 1744380545.6986165, 0, {}]
[{"0": [1, 0, 3, 2, 1, 0, 3, 3, 2, 1, 1, 2, 35, 24, 25, 2, 4]}, null, null, 1, false, [], false, 0, [], null, 0, 1744380545.9138682, 0, {}]
[{"0": [0, 3, 4, 0, 3, 0, 2, 1, 3, 2, 2, 27, 24, 3, 0, 3, 2]}, null, null, 2, false, [], false, 0, [], null, 0, 1744380546.1368532, 0, {}]
[{"0": [0, 2, 2, 3, 4, 2, 2, 2, 1, 1, 2, 0, 1, 2, 5, 30, 32]}, null, null, 2, false, [], false, 0, [], null, 0, 1744380546.3513656, 0, {}]
[{"0": [0, 0, 0, 3, 1, 4, 1, 4, 1, 1, 2, 1, 3, 1, 5, 2, 24]}, null, null, 3, false, [], false, 0, [], null, 0, 1744380546.5658727, 0, {}]
[{"0": [1, 0, 4, 3, 2, 2, 0, 1, 2, 2, 3, 4, 2, 1, 27, 19, 34]}, null, null, 4, false, [], false, 0, [], null, 0, 1744380546.770764, 0, {}]
[{"0": [27, 3, 1, 2, 0, 1, 1, 3, 0, 0, 0, 3, 1, 1, 3, 2, 3]}, null, null, 4, false, [], false, 0, [], null, 0, 1744380546.995736, 0, {}]
[{"0": [3, 2, 2, 1, 5, 4, 1, 3, 3, 20, 1, 0, 1, 3, 2, 1, 2]}, null, null, 5, false, [], false, 0, [], null, 0, 1744380547.211693, 0, {}]
[{"0": [2, 1, 2, 3, 1, 1, 4, 3, 1, 2, 3, 2, 3, 21, 25, 25, 1]}, null, null, 5, false, [], false, 0, [], null, 0, 1744380547.4404113, 0, {}]
[{"0": [1, 4, 2, 27, 34, 2, 2, 1, 0, 3, 1, 2, 2, 1, 0, 1, 0]}, null, null, 6, false, [], false, 0, [], null, 0, 1744380547.6352823, 0, {}]
[{"0": [1, 2, 1, 0, 5, 1, 3, 2, 0, 2, 26, 1, 2, 4, 2, 4, 0]}, null, null, 7, false, [], false, 0, [], null, 0, 1744380547.864971, 0, {}]
[{"0": [2, 2, 0, 1, 3, 2, 1, 21, 2, 1, 0, 1, 2, 0, 2, 1, 6]}, null, null, 7, false, [], false, 0, [], null, 0, 1744380548.0773268, 0, {}]
[{"0": [5, 1, 2, 1, 2, 0, 3, 1, 1, 2, 3, 2, 30, 42, 24, 36, 27]}, null, null, 8, false, [], false, 0, [], null, 0, 1744380548.297309, 0, {}]
[{"0": [0, 1, 0, 0, 1, 0, 1, 3, 1, 1, 28, 23, 42, 28, 24, 32, 30]}, null, null, 8, false, [], false, 0, [], null, 0, 1744380548.502828, 0, {}]
[{"0": [2, 3, 2, 2, 0, 1, 4, 1, 1, 2, 1, 2, 5, 3, 3, 1, 33]}, null, null, 9, false, [], false, 0, [], null, 0, 1744380548.7288694, 0, {}]
[{"0": [1, 0, 4, 26, 28, 35, 26, 21, 40, 33, 29, 4, 3, 0, 1, 0, 3]}, null, null, 10, false, [], false, 0, [], null, 0, 1744380548.9572592, 0, {}]
[{"0": [1, 1, 0, 0, 3, 0, 0, 5, 3, 1, 2, 1, 30, 32, 20, 23, 29]}, null, null, 10, false, [], false, 0, [], null, 0, 1744380549.1740627, 0, {}]
[{"0": [3, 40, 25, 33, 31, 22, 0, 1, 3, 2, 1, 3, 5, 4, 1, 1, 4]}, null, null, 11, false, [], false, 0, [], null, 0, 1744380549.386666, 0, {}]
[{"0": [1, 3, 3, 2, 1, 1, 2, 5, 2, 1, 1, 5, 23, 26, 1, 1, 2]}, null, null, 11, false, [], false, 0, [], null, 0, 1744380549.602097, 0, {}]
[{"0": [1, 0, 0, 2, 3, 1, 2, 1, 1, 0, 4, 1, 0, 20, 3, 3, 3]}, null, null, 12, false, [], false, 0, [], null, 0, 1744380549.8190093, 0, {}]
[{"0": [3, 3, 1, 2, 4, 3, 0, 3, 0, 1, 25, 37, 23, 36, 1, 1, 1]}, null, null, 13, false, [], false, 0, [], null, 0, 1744380550.0232496, 0, {}]
[{"0": [5, 3, 1, 30, 29, 28, 23, 23, 2, 0, 3, 1, 0, 2, 0, 0, 1]}, null, null, 13, false, [], false, 0, [], null, 0, 1744380550.2384691, 0, {}]
[{"0": [3, 2, 29, 23, 28, 1, 1, 1, 1, 1, 3, 3, 2, 1, 2, 3, 4]}, null, null, 14, false, [], false, 0, [], null, 0, 1744380550.4621174, 0, {}]
[{"0": [0, 2, 1, 0, 0, 2, 29, 3, 1, 0, 5, 1, 4, 0, 1, 0, 0]}, null, null, 14, false, [], false, 0, [], null, 0, 1744380550.6878266, 0, {}]
[{"0": [3, 2, 3, 2, 2, 3, 3, 3, 22, 37, 30, 20, 37, 27, 1, 2, 0]}, null, null, 15, false, [], false, 0, [], null, 0, 1744380550.889949, 0, {}]
[{"0": [2, 3, 0, 19, 1, 2, 2, 0, 0, 2, 1, 0, 3, 0, 3, 4, 1]}, null, null, 16, false, [], false, 0, [], null, 0, 1744380551.1047118, 0, {}]
[{"0": [3, 2, 0, 0, 5, 2, 1, 1, 2, 4, 0, 3, 3, 3, 0, 3, 3]}, null, null, 16, false, [], false, 0, [], null, 0, 1744380551.333185, 0, {}]
[{"0": [0, 2, 2, 3, 3, 1, 3, 0, 0, 1, 0, 1, 2, 1, 3, 0, 3]}, null, null, 17, false, [], false, 0, [], null, 0, 1744380551.5538461, 0, {}]
[{"0": [0, 1, 1, 1, 2, 0, 27, 26, 1, 1, 1, 1, 1, 1, 3, 1, 3]}, null, null, 17, false, [], false, 0, [], null, 0, 1744380551.7677686, 0, {}]
[{"0": [3, 1, 2, 3, 1, 4, 4, 3, 1, 1, 0, 1, 0, 30, 29, 29, 23]}, null, null, 18, false, [], false, 0, [], null, 0, 1744380551.9691691, 0, {}]
[{"0": [28, 17, 23, 31, 27, 25, 34, 2, 3, 3, 2, 3, 5, 0, 1, 0, 3]}, null, null, 19, false, [], false, 0, [], null, 0, 1744380552.1892216, 0, {}]
[{"0": [2, 3, 4, 2, 3, 1, 2, 1, 0, 2, 3, 0, 2, 3, 3, 2, 1]}, null, null, 19, false, [], false, 0, [], null, 0, 1744380552.4103503, 0, {}]
[{"0": [1, 2, 0, 2, 18, 31, 0, 2, 3, 4, 1, 2, 3, 0, 2, 1, 4]}, null, null, 20, false, [], false, 0, [], null, 0, 1744380552.6379597, 0, {}]
[{"0": [4, 1, 1, 2, 2, 4, 2, 0, 3, 1, 2, 2, 2, 2, 1, 6, 2]}, null, null, 20, false, [], false, 0, [], null, 0, 1744380552.8401175, 0, {}]
[{"0": [2, 2, 3, 2, 0, 6, 2, 1, 1, 1, 1, 1, 0, 2, 39, 28, 29]}, null, null, 21, false, [], false, 0, [], null, 0, 1744380553.0556483, 0, {}]
[{"0": [2, 0, 2, 0, 1, 0, 4, 1, 31, 27, 1, 0, 4, 1, 3, 3, 1]}, null, null, 22, false, [], false, 0, [], null, 0, 1744380553.2683094, 0, {}]
[{"0": [4, 1, 31, 1, 2, 1, 3, 0, 4, 1, 1, 2, 3, 0, 1, 0, 1]}, null, null, 22, false, [], false, 0, [], null, 0, 1744380553.4885504, 0, {}]
[{"0": [2, 1, 4, 1, 0, 0, 0, 3, 16, 25, 25, 23, 31, 0, 0, 2, 2]}, null, null, 23, false, [], false, 0, [], null, 0, 1744380553.714037, 0, {}]
[{"0": [3, 0, 1, 2, 2, 1, 0, 32, 1, 2, 0, 2, 1, 1, 5, 1, 1]}, null, null, 23, false, [], false, 0, [], null, 0, 1744380553.9226956, 0, {}]
[{"0": [2, 2, 25, 36, 32, 36, 29, 1, 2, 0, 2, 4, 3, 1, 4, 0, 2]}, null, null, 24, false, [], false, 0, [], null, 0, 1744380554.143091, 0, {}]
[{"0": [3, 1, 2, 0, 3, 1, 2, 4, 2, 23, 24, 23, 32, 30, 22, 25, 32]}, null, null, 25, false, [], false, 0, [], null, 0, 1744380554.3605053, 0, {}]
[{"0": [1, 1, 4, 0, 2, 1, 2, 1, 1, 3, 25, 29, 25, 23, 1, 1, 1]}, null, null, 25, false, [], false, 0, [], null, 0, 1744380554.5777524, 0, {}]
[{"0": [3, 1, 0, 2, 2, 38, 29, 20, 0, 0, 2, 2, 0, 3, 0, 3, 3]}, null, null, 26, false, [], false, 0, [], null, 0, 1744380554.799455, 0, {}]
[{"0": [2, 1, 0, 2, 3, 4, 2, 3, 2, 2, 0, 1, 2, 0, 35, 1, 1]}, null, null, 27, false, [], false, 0, [], null, 0, 1744380555.0095522, 0, {}]
[{"0": [0, 4, 2, 3, 0, 3, 1, 0, 1, 2, 0, 31, 21, 28, 23, 2, 4]}, null, null, 27, false, [], false, 0, [], null, 0, 1744380555.218207, 0, {}]
[{"0": [1, 2, 5, 3, 2, 3, 1, 1, 0, 1, 33, 29, 27, 20, 27, 32, 24]}, null, null, 28, false, [], false, 0, [], null, 0, 1744380555.4336865, 0, {}]
[{"0": [0, 2, 5, 4, 2, 1, 3, 0, 3, 0, 2, 1, 4, 1, 25, 30, 22]}, null, null, 28, false, [], false, 0, [], null, 0, 1744380555.6530871, 0, {}]
[{"0": [0, 1, 0, 3, 3, 1, 2, 20, 24, 21, 1, 4, 1, 4, 1, 2, 3]}, null, null, 29, false, [], false, 0, [], null, 0, 1744380555.876115, 0, {}]
[{"0": [21, 22, 30, 24, 18, 26, 19, 27, 2, 3, 0, 2, 0, 1, 1, 0, 2]}, null, null, 30, false, [], false, 0, [], null, 0, 1744380556.0891612, 0, {}]
[{"0": [1, 0, 7, 2, 0, 0, 4, 23, 1, 1, 0, 1, 4, 1, 0, 0, 2]}, null, null, 30, false, [], false, 0, [], null, 0, 1744380556.3106813, 0, {}]
[{"0": [1, 4, 20, 1, 2, 2, 1, 3, 2, 0, 2, 4, 2, 1, 1, 1, 2]}, null, null, 31, false, [], false, 0, [], null, 0, 1744380556.5211759, 0, {}]
[{"0": [0, 1, 3, 1, 1, 3, 31, 28, 28, 18, 3, 0, 1, 1, 1, 4, 0]}, null, null, 31, false, [], false, 0, [], null, 0, 1744380556.734671, 0, {}]
[{"0": [4, 2, 3, 6, 2, 2, 8, 2, 2, 3, 35, 29, 27, 23, 29, 4, 2]}, null, null, 32, false, [], false, 0, [], null, 0, 1744380556.9547317, 0, {}]
[{"0": [2, 1, 0, 2, 1, 2, 6, 3, 1, 1, 0, 2, 3, 28, 30, 22, 12]}, null, null, 33, false, [], false, 0, [], null, 0, 1744380557.1687214, 0, {}]
[{"0": [3, 3, 1, 1, 1, 0, 0, 2, 3, 1, 0, 1, 3, 1, 34, 5, 3]}, null, null, 33, false, [], false, 0, [], null, 0, 1744380557.3857033, 0, {}]
[{"0": [3, 1, 0, 3, 4, 1, 2, 1, 0, 3, 14, 23, 31, 22, 25, 27, 3]}, null, null, 34, false, [], false, 0, [], null, 0, 1744380557.614772, 0, {}]
[{"0": [23, 0, 2, 3, 1, 1, 1, 2, 1, 1, 1, 3, 1, 2, 2, 1, 2]}, null, null, 34, false, [], false, 0, [], null, 0, 1744380557.8324332, 0, {}]
[{"0": [33, 27, 36, 30, 29, 32, 37, 25, 24, 24, 36, 4, 1, 1, 1, 2, 2]}, null, null, 35, false, [], false, 0, [], null, 0, 1744380558.0347219, 0, {}]
[{"0": [3, 2, 26, 2, 1, 1, 3, 2, 3, 1, 0, 2, 2, 3, 3, 4, 2]}, null, null, 36, false, [], false, 0, [], null, 0, 1744380558.2675889, 0, {}]
[{"0": [3, 2, 3, 3, 1, 27, 29, 33, 27, 1, 5, 2, 1, 2, 0, 0, 1]}, null, null, 36, false, [], false, 0, [], null, 0, 1744380558.471287, 0, {}]
[{"0": [23, 25, 32, 27, 1, 0, 0, 2, 1, 1, 1, 0, 2, 1, 0, 0, 2]}, null, null, 37, false, [], false, 0, [], null, 0, 1744380558.6826553, 0, {}]
[{"0": [25, 25, 16, 27, 17, 27, 32, 1, 1, 1, 0, 3, 3, 2, 3, 1, 2]}, null, null, 37, false, [], false, 0, [], null, 0, 1744380558.8971825, 0, {}]
[{"0": [2, 0, 2, 4, 1, 0, 4, 30, 27, 26, 38, 40, 30, 27, 25, 20, 19]}, null, null, 38, false, [], false, 0, [], null, 0, 1744380559.1322823, 0, {}]
[{"0": [0, 3, 0, 0, 0, 4, 1, 0, 2, 2, 1, 1, 0, 1, 20, 25, 28]}, null, null, 39, false, [], false, 0, [], null, 0, 1744380559.3505573, 0, {}]
[{"0": [4, 1, 28, 30, 0, 3, 2, 3, 0, 0, 1, 2, 1, 2, 2, 2, 0]}, null, null, 39, false, [], false, 0, [], null, 0, 1744380559.5573318, 0, {}]
[{"0": [1, 2, 2, 1, 2, 2, 1, 1, 4, 0, 29, 28, 22, 31, 37, 2, 5]}, null, null, 40, false, [], false, 0, [], null, 0, 1744380559.7733192, 0, {}]
[{"0": [0, 1, 0, 2, 0, 3, 1, 4, 0, 2, 1, 0, 3, 18, 25, 29, 24]}, null, null, 40, false, [], false, 0, [], null, 0, 1744380559.9846172, 0, {}]
[{"0": [4, 31, 23, 30, 25, 2, 2, 1, 2, 2, 1, 1, 2, 1, 3, 5, 5]}, null, null, 41, false, [], false, 0, [], null, 0, 1744380560.20553, 0, {}]
[{"0": [4, 2, 1, 2, 3, 1, 3, 0, 0, 1, 2, 2, 32, 34, 1, 4, 0]}, null, null, 42, false, [], false, 0, [], null, 0, 1744380560.414997, 0, {}]
[{"0": [1, 4, 2, 3, 1, 2, 27, 23, 22, 1, 3, 1, 0, 0, 2, 1, 0]}, null, null, 42, false, [], false, 0, [], null, 0, 1744380560.652727, 0, {}]
[{"0": [1, 3, 2, 5, 2, 23, 30, 27, 25, 33, 22, 23, 30, 24, 24, 31, 26]}, null, null, 43, false, [], false, 0, [], null, 0, 1744380560.8549836, 0, {}]
[{"0": [1, 1, 32, 3, 4, 1, 1, 1, 1, 3, 2, 1, 0, 3, 1, 0, 2]}, null, null, 43, false, [], false, 0, [], null, 0, 1744380561.069189, 0, {}]
[{"0": [19, 36, 26, 1, 0, 0, 1, 1, 0, 1, 1, 4, 2, 0, 1, 4, 0]}, null, null, 44, false, [], false, 0, [], null, 0, 1744380561.2851796, 0, {}]
[{"0": [6, 2, 0, 1, 33, 0, 2, 2, 0, 4, 1, 3, 2, 2, 2, 2, 1]}, null, null, 45, false, [], false, 0, [], null, 0, 1744380561.50566, 0, {}]
[{"0": [2, 3, 4, 2, 0, 1, 1, 1, 5, 3, 4, 1, 2, 3, 0, 3, 1]}, null, null, 45, false, [], false, 0, [], null, 0, 1744380561.7314973, 0, {}]
[{"0": [1, 0, 1, 37, 32, 37, 24, 21, 0, 0, 1, 0, 3, 1, 2, 2, 0]}, null, null, 46, false, [], false, 0, [], null, 0, 1744380561.939367, 0, {}]
[{"0": [0, 1, 1, 1, 2, 3, 2, 1, 4, 4, 31, 38, 25, 25, 29, 25, 31]}, null, null, 46, false, [], false, 0, [], null, 0, 1744380562.1620364, 0, {}]
[{"0": [3, 3, 27, 26, 39, 38, 24, 27, 28, 26, 34, 25, 31, 24, 29, 32, 25]}, null, null, 47, false, [], false, 0, [], null, 0, 1744380562.3664703, 0, {}]
[{"0": [3, 1, 0, 1, 0, 0, 3, 3, 3, 3, 2, 2, 3, 28, 2, 2, 0]}, null, null, 48, false, [], false, 0, [], null, 0, 1744380562.5887873, 0, {}]
[{"0": [0, 1, 3, 0, 3, 1, 2, 2, 2, 2, 5, 2, 2, 3, 26, 30, 37]}, null, null, 48, false, [], false, 0, [], null, 0, 1744380562.804915, 0, {}]
[{"0": [6, 2, 2, 2, 4, 3, 1, 2, 2, 0, 2, 0, 2, 2, 2, 4, 1]}, null, null, 49, false, [], false, 0, [], null, 0, 1744380563.0270658, 0, {}]
[{"0": [3, 0, 1, 0, 1, 2, 1, 1, 1, 1, 28, 24, 37, 20, 22, 33, 27]}, null, null, 49, false, [], false, 0, [], null, 0, 1744380563.2430723, 0, {}]
[{"0": [0, 1, 1, 0, 5, 3, 4, 1, 2, 1, 2, 0, 1, 3, 27, 23, 37]}, null, null, 50, false, [], false, 0, [], null, 0, 1744380563.4550533, 0, {}]
[{"0": [3, 1, 2, 2, 3, 0, 1, 1, 3, 1, 1, 2, 5, 2, 33, 2, 2]}, null, null, 51, false, [], false, 0, [], null, 0, 1744380563.6670308, 0, {}]
[{"0": [2, 0, 0, 2, 27, 1, 0, 2, 3, 4, 1, 3, 3, 1, 6, 0, 0]}, null, null, 51, false, [], false, 0, [], null, 0, 1744380563.896093, 0, {}]
[{"0": [3, 1, 1, 27, 36, 22, 5, 1, 2, 1, 1, 0, 5, 1, 1, 0, 3]}, null, null, 52, false, [], false, 0, [], null, 0, 1744380564.110399, 0, {}]
[{"0": [3, 2, 1, 3, 1, 4, 1, 0, 3, 0, 0, 2, 1, 1, 29, 33, 27]}, null, null, 52, false, [], false, 0, [], null, 0, 1744380564.3284545, 0, {}]
[{"0": [2, 0, 1, 30, 30, 18, 26, 20, 32, 35, 4, 1, 1, 1, 1, 3, 2]}, null, null, 53, false, [], false, 0, [], null, 0, 1744380564.5412369, 0, {}]
[{"0": [2, 2, 0, 28, 22, 4, 0, 3, 2, 2, 0, 1, 3, 1, 4, 0, 2]}, null, null, 54, false, [], false, 0, [], null, 0, 1744380564.7602115, 0, {}]
[{"0": [2, 3, 1, 2, 1, 0, 2, 34, 1, 5, 1, 2, 4, 1, 0, 1, 1]}, null, null, 54, false, [], false, 0, [], null, 0, 1744380564.9675393, 0, {}]
[{"0": [2, 2, 4, 2, 1, 1, 0, 2, 2, 3, 30, 18, 24, 32, 36, 27, 4]}, null, null, 55, false, [], false, 0, [], null, 0, 1744380565.1794794, 0, {}]
[{"0": [2, 3, 4, 2, 1, 1, 0, 1, 1, 1, 0, 18, 23, 20, 32, 0, 2]}, null, null, 55, false, [], false, 0, [], null, 0, 1744380565.414675, 0, {}]
[{"0": [3, 1, 1, 2, 4, 27, 26, 24, 29, 1, 2, 1, 0, 0, 2, 0, 1]}, null, null, 56, false, [], false, 0, [], null, 0, 1744380565.6292765, 0, {}]
[{"0": [0, 2, 1, 1, 2, 2, 2, 3, 1, 3, 1, 0, 4, 3, 24, 24, 20]}, null, null, 57, false, [], false, 0, [], null, 0, 1744380565.8332417, 0, {}]
[{"0": [36, 27, 3, 4, 1, 0, 1, 3, 1, 2, 3, 0, 0, 2, 1, 2, 2]}, null, null, 57, false, [], false, 0, [], null, 0, 1744380566.0512342, 0, {}]
[{"0": [2, 0, 3, 2, 1, 2, 28, 1, 0, 2, 1, 0, 0, 1, 2, 3, 4]}, null, null, 58, false, [], false, 0, [], null, 0, 1744380566.2662184, 0, {}]
[{"0": [0, 1, 2, 2, 0, 2, 3, 0, 25, 3, 1, 3, 0, 1, 3, 2, 2]}, null, null, 58, false, [], false, 0, [], null, 0, 1744380566.4817905, 0, {}]
[{"0": [0, 2, 0, 3, 1, 0, 0, 1, 2, 1, 25, 0, 5, 0, 2, 3, 2]}, null, null, 59, false, [], false, 0, [], null, 0, 1744380566.6989548, 0, {}]
[{"0": [2, 2, 1, 2, 1, 2, 2, 1, 1, 1, 26, 32, 21, 24, 29, 27, 0]}, null, null, 60, false, [], false, 0, [], null, 0, 1744380566.9115274, 0, {}]
[{"0": [0, 1, 0, 1, 1, 1, 0, 3, 1, 2, 2, 2, 2, 0, 2, 1, 1]}, null, null, 60, false, [], false, 0, [], null, 0, 1744380567.1301293, 0, {}]
[{"0": [1, 4, 1, 0, 3, 3, 1, 1, 2, 1, 2, 0, 1, 1, 26, 30, 23]}, null, null, 61, false, [], false, 0, [], null, 0, 1744380567.3626053, 0, {}]
[{"0": [3, 2, 1, 29, 35, 30, 29, 1, 2, 0, 2, 1, 2, 1, 1, 4, 6]}, null, null, 61, false, [], false, 0, [], null, 0, 1744380567.57301, 0, {}]
[{"0": [3, 2, 0, 2, 2, 2, 4, 1, 2, 7, 3, 4, 2, 27, 32, 3, 1]}, null, null, 62, false, [], false, 0, [], null, 0, 1744380567.7891543, 0, {}]
[{"0": [3, 4, 1, 2, 1, 0, 5, 4, 3, 2, 0, 1, 5, 4, 20, 27, 30]}, null, null, 63, false, [], false, 0, [], null, 0, 1744380568.0057821, 0, {}]
[{"0": [3, 3, 1, 2, 1, 0, 2, 1, 25, 32, 1, 4, 2, 1, 3, 2, 1]}, null, null, 63, false, [], false, 0, [], null, 0, 1744380568.2230778, 0, {}]
[{"0": [2, 0, 1, 3, 0, 0, 1, 2, 3, 2, 2, 1, 4, 32, 21, 28, 26]}, null, null, 64, false, [], false, 0, [], null, 0, 1744380568.4507444, 0, {}]
[{"0": [1, 1, 0, 4, 1, 3, 1, 5, 1, 1, 2, 2, 1, 25, 36, 4, 4]}, null, null, 64, false, [], false, 0, [], null, 0, 1744380568.6508162, 0, {}]
[{"0": [2, 1, 2, 0, 2, 3, 0, 0, 2, 4, 3, 2, 27, 20, 29, 27, 41]}, null, null, 65, false, [], false, 0, [], null, 0, 1744380568.8687096, 0, {}]
[{"0": [1, 1, 3, 2, 5, 2, 2, 1, 0, 2, 3, 0, 36, 22, 35, 28, 30]}, null, null, 66, false, [], false, 0, [], null, 0, 1744380569.0767732, 0, {}]
[{"0": [3, 0, 3, 2, 2, 1, 2, 3, 1, 1, 32, 25, 39, 31, 25, 20, 25]}, null, null, 66, false, [], false, 0, [], null, 0, 1744380569.3014004, 0, {}]
[{"0": [1, 2, 1, 1, 1, 0, 1, 1, 1, 1, 1, 1, 1, 2, 27, 36, 29]}, null, null, 67, false, [], false, 0, [], null, 0, 1744380569.5122118, 0, {}]
[{"0": [2, 1, 0, 5, 1, 0, 2, 2, 0, 2, 1, 27, 27, 28, 19, 34, 1]}, null, null, 67, false, [], false, 0, [], null, 0, 1744380569.7409894, 0, {}]
[{"0": [1, 2, 1, 2, 1, 2, 3, 0, 3, 2, 23, 21, 28, 29, 31, 32, 31]}, null, null, 68, false, [], false, 0, [], null, 0, 1744380569.9546158, 0, {}]
[{"0": [2, 1, 1, 3, 0, 2, 2, 3, 29, 3, 4, 0, 2, 2, 2, 2, 2]}, null, null, 69, false, [], false, 0, [], null, 0, 1744380570.1712582, 0, {}]
[{"0": [1, 2, 1, 2, 2, 2, 1, 1, 24, 40, 23, 24, 28, 33, 20, 22, 26]}, null, null, 69, false, [], false, 0, [], null, 0, 1744380570.3838124, 0, {}]
[{"0": [2, 2, 1, 3, 0, 0, 0, 3, 0, 2, 21, 0, 1, 4, 1, 3, 2]}, null, null, 70, false, [], false, 0, [], null, 0, 1744380570.609313, 0, {}]
[{"0": [2, 0, 3, 8, 1, 1, 24, 3, 0, 3, 2, 3, 2, 1, 1, 2, 1]}, null, null, 70, false, [], false, 0, [], null, 0, 1744380570.823219, 0, {}]
[{"0": [1, 2, 2, 2, 2, 1, 0, 0, 0, 1, 3, 1, 3, 3, 22, 23, 0]}, null, null, 71, false, [], false, 0, [], null, 0, 1744380571.0487735, 0, {}]
[{"0": [2, 2, 27, 28, 29, 23, 19, 26, 23, 1, 0, 0, 2, 1, 0, 2, 3]}, null, null, 72, false, [], false, 0, [], null, 0, 1744380571.264293, 0, {}]
[{"0": [5, 3, 30, 39, 32, 30, 31, 3, 1, 4, 2, 2, 2, 0, 3, 2, 2]}, null, null, 72, false, [], false, 0, [], null, 0, 1744380571.4764044, 0, {}]
[{"0": [20, 32, 31, 31, 0, 3, 4, 2, 2, 4, 3, 4, 4, 1, 1, 2, 2]}, null, null, 73, false, [], false, 0, [], null, 0, 1744380571.685068, 0, {}]
[{"0": [0, 1, 4, 0, 4, 0, 19, 24, 20, 29, 32, 19, 33, 23, 29, 23, 27]}, null, null, 73, false, [], false, 0, [], null, 0, 1744380571.9086928, 0, {}]
[{"0": [32, 19, 25, 20, 32, 25, 27, 2, 2, 1, 1, 4, 1, 0, 2, 0, 2]}, null, null, 74, false, [], false, 0, [], null, 0, 1744380572.1238785, 0, {}]
[{"0": [2, 2, 4, 1, 2, 2, 3, 26, 1, 1, 1, 4, 1, 3, 1, 3, 2]}, null, null, 75, false, [], false, 0, [], null, 0, 1744380572.3264585, 0, {}]
[{"0": [4, 1, 0, 27, 0, 3, 1, 0, 2, 0, 1, 1, 1, 2, 4, 1, 1]}, null, null, 75, false, [], false, 0, [], null, 0, 1744380572.5635412, 0, {}]
[{"0": [1, 1, 1, 1, 6, 4, 0, 0, 0, 2, 2, 28, 27, 27, 34, 29, 27]}, null, null, 76, false, [], false, 0, [], null, 0, 1744380572.7592654, 0, {}]
[{"0": [3, 5, 1, 2, 1, 0, 1, 26, 25, 30, 33, 32, 36, 26, 31, 23, 29]}, null, null, 77, false, [], false, 0, [], null, 0, 1744380572.99186, 0, {}]
[{"0": [33, 31, 25, 27, 26, 26, 27, 26, 34, 32, 22, 23, 33, 23, 33, 28, 25]}, null, null, 77, false, [], false, 0, [], null, 0, 1744380573.193575, 0, {}]
[{"0": [4, 3, 24, 32, 28, 29, 27, 25, 32, 25, 33, 23, 28, 23, 1, 1, 0]}, null, null, 78, false, [], false, 0, [], null, 0, 1744380573.426777, 0, {}]
[{"0": [1, 1, 3, 2, 1, 3, 2, 1, 1, 4, 3, 2, 1, 4, 3, 31, 28]}, null, null, 78, false, [], false, 0, [], null, 0, 1744380573.629168, 0, {}]
[{"0": [39, 36, 32, 21, 26, 24, 32, 35, 25, 24, 31, 34, 24, 33, 25, 18, 26]}, null, null, 79, false, [], false, 0, [], null, 0, 1744380573.851198, 0, {}]
[{"0": [2, 1, 3, 33, 25, 3, 1, 0, 0, 2, 1, 1, 2, 1, 1, 3, 3]}, null, null, 80, false, [], false, 0, [], null, 0, 1744380574.0795305, 0, {}]
[{"0": [5, 4, 3, 2, 1, 1, 20, 2, 1, 2, 3, 1, 2, 1, 1, 0, 1]}, null, null, 80, false, [], false, 0, [], null, 0, 1744380574.2939763, 0, {}]
[{"0": [1, 1, 1, 0, 0, 0, 0, 31, 16, 27, 26, 2, 1, 1, 1, 1, 2]}, null, null, 81, false, [], false, 0, [], null, 0, 1744380574.5011, 0, {}]
[{"0": [2, 3, 1, 1, 0, 2, 2, 1, 3, 6, 1, 0, 0, 25, 1, 1, 1]}, null, null, 81, false, [], false, 0, [], null, 0, 1744380574.726447, 0, {}]
[{"0": [3, 2, 28, 20, 27, 33, 25, 35, 38, 18, 2, 0, 0, 0, 1, 3, 4]}, null, null, 82, false, [], false, 0, [], null, 0, 1744380574.9308429, 0, {}]
[{"0": [1, 3, 4, 31, 26, 28, 22, 21, 36, 3, 0, 2, 4, 1, 4, 1, 1]}, null, null, 83, false, [], false, 0, [], null, 0, 1744380575.162535, 0, {}]
[{"0": [1, 2, 5, 5, 0, 2, 28, 26, 27, 2, 3, 0, 0, 2, 0, 1, 4]}, null, null, 83, false, [], false, 0, [], null, 0, 1744380575.3659492, 0, {}]
[{"0": [2, 3, 1, 2, 1, 2, 2, 23, 21, 30, 24, 25, 25, 23, 24, 26, 31]}, null, null, 84, false, [], false, 0, [], null, 0, 1744380575.5907025, 0, {}]
[{"0": [4, 0, 3, 3, 0, 4, 1, 3, 31, 30, 30, 27, 33, 36, 1, 2, 5]}, null, null, 84, false, [], false, 0, [], null, 0, 1744380575.8056283, 0, {}]
[{"0": [3, 0, 27, 34, 22, 41, 31, 34, 28, 38, 32, 23, 27, 28, 25, 1, 0]}, null, null, 85, false, [], false, 0, [], null, 0, 1744380576.0107667, 0, {}]
[{"0": [1, 1, 2, 1, 26, 26, 26, 2, 2, 2, 0, 1, 5, 1, 1, 1, 2]}, null, null, 86, false, [], false, 0, [], null, 0, 1744380576.2271023, 0, {}]
[{"0": [2, 3, 1, 1, 1, 4, 2, 0, 3, 5, 0, 2, 2, 2, 3, 26, 25]}, null, null, 86, false, [], false, 0, [], null, 0, 1744380576.4464688, 0, {}]
[{"0": [0, 4, 0, 3, 2, 1, 23, 38, 29, 1, 1, 1, 4, 2, 1, 2, 7]}, null, null, 87, false, [], false, 0, [], null, 0, 1744380576.67371, 0, {}]
[{"0": [5, 0, 1, 0, 3, 21, 19, 25, 34, 33, 34, 1, 1, 4, 3, 2, 4]}, null, null, 87, false, [], false, 0, [], null, 0, 1744380576.8846006, 0, {}]
[{"0": [0, 0, 2, 4, 1, 3, 3, 3, 0, 5, 3, 2, 1, 34, 24, 20, 26]}, null, null, 88, false, [], false, 0, [], null, 0, 1744380577.1036904, 0, {}]
[{"0": [2, 0, 2, 0, 2, 3, 2, 3, 2, 1, 1, 1, 2, 1, 31, 25, 27]}, null, null, 89, false, [], false, 0, [], null, 0, 1744380577.3116248, 0, {}]
[{"0": [30, 30, 30, 36, 1, 2, 2, 4, 3, 4, 2, 2, 1, 2, 2, 2, 2]}, null, null, 89, false, [], false, 0, [], null, 0, 1744380577.547726, 0, {}]
[{"0": [1, 1, 3, 1, 0, 3, 2, 27, 1, 1, 1, 2, 2, 0, 2, 0, 3]}, null, null, 90, false, [], false, 0, [], null, 0, 1744380577.7503273, 0, {}]
[{"0": [0, 3, 4, 2, 0, 30, 26, 27, 33, 36, 1, 1, 2, 2, 0, 2, 2]}, null, null, 90, false, [], false, 0, [], null, 0, 1744380577.9718587, 0, {}]
[{"0": [2, 2, 1, 2, 4, 2, 3, 1, 1, 3, 1, 3, 0, 3, 0, 1, 31]}, null, null, 91, false, [], false, 0, [], null, 0, 1744380578.1881623, 0, {}]
[{"0": [4, 3, 26, 30, 20, 28, 15, 34, 20, 22, 23, 24, 36, 18, 32, 14, 27]}, null, null, 92, false, [], false, 0, [], null, 0, 1744380578.4017658, 0, {}]
[{"0": [1, 2, 1, 3, 1, 1, 2, 3, 1, 2, 3, 1, 0, 2, 1, 0, 22]}, null, null, 92, false, [], false, 0, [], null, 0, 1744380578.621871, 0, {}]
[{"0": [0, 3, 1, 1, 1, 2, 3, 2, 0, 2, 3, 1, 1, 1, 2, 2, 2]}, null, null, 93, false, [], false, 0, [], null, 0, 1744380578.8429427, 0, {}]
[{"0": [1, 1, 2, 2, 0, 3, 2, 1, 2, 1, 1, 1, 2, 1, 1, 3, 30]}, null, null, 93, false, [], false, 0, [], null, 0, 1744380579.0478842, 0, {}]
[{"0": [1, 2, 2, 3, 1, 1, 32, 23, 22, 32, 18, 27, 24, 31, 24, 6, 1]}, null, null, 94, false, [], false, 0, [], null, 0, 1744380579.2604582, 0, {}]
[{"0": [2, 2, 1, 1, 1, 0, 3, 1, 0, 3, 0, 1, 0, 0, 25, 27, 1]}, null, null, 95, false, [], false, 0, [], null, 0, 1744380579.477243, 0, {}]
[{"0": [1, 2, 4, 2, 1, 2, 0, 2, 1, 1, 1, 4, 2, 3, 1, 2, 1]}, null, null, 95, false, [], false, 0, [], null, 0, 1744380579.7116187, 0, {}]
[{"0": [2, 2, 4, 0, 2, 2, 4, 3, 3, 0, 38, 3, 3, 0, 1, 1, 3]}, null, null, 96, false, [], false, 0, [], null, 0, 1744380579.9272118, 0, {}]
[{"0": [5, 2, 3, 1, 4, 0, 2, 1, 3, 4, 1, 1, 3, 25, 36, 30, 24]}, null, null, 96, false, [], false, 0, [], null, 0, 1744380580.1377618, 0, {}]
[{"0": [3, 0, 0, 1, 1, 3, 1, 3, 1, 1, 1, 1, 2, 1, 1, 1, 1]}, null, null, 97, false, [], false, 0, [], null, 0, 1744380580.3505397, 0, {}]
[{"0": [1, 32, 1, 2, 1, 4, 2, 3, 0, 3, 1, 0, 3, 3, 1, 0, 3]}, null, null, 98, false, [], false, 0, [], null, 0, 1744380580.5596135, 0, {}]
[{"0": [1, 2, 2, 2, 0, 5, 28, 23, 30, 1, 1, 1, 2, 2, 2, 0, 3]}, null, null, 98, false, [], false, 0, [], null, 0, 1744380580.7801378, 0, {}]
[{"0": [1, 1, 1, 0, 1, 2, 3, 1, 2, 1, 3, 0, 2, 2, 27, 1, 1]}, null, null, 99, false, [], false, 0, [], null, 0, 1744380580.9923575, 0, {}]
[{"0": [1, 1, 4, 3, 4, 0, 1, 2, 4, 1, 35, 2, 3, 2, 2, 1, 2]}, null, null, 99, false, [], false, 0, [], null, 0, 1744380581.2182567, 0, {}]
[{"0": [1, 1, 2, 1, 2, 4, 34, 25, 24, 16, 26, 3, 2, 3, 1, 2, 2]}, null, null, 100, false, [], false, 0, [], null, 0, 1744380581.4354737, 0, {}]
[{"0": [27, 2, 1, 1, 2, 1, 0, 1, 1, 0, 4, 1, 2, 1, 3, 2, 1]}, null, null, 101, false, [], false, 0, [], null, 0, 1744380581.6462734, 0, {}]
[{"0": [2, 0, 1, 1, 3, 2, 2, 0, 3, 3, 4, 2, 1, 0, 2, 6, 3]}, null, null, 101, false, [], false, 0, [], null, 0, 1744380581.868469, 0, {}]
[{"0": [0, 0, 3, 2, 0, 26, 2, 4, 3, 2, 0, 0, 5, 1, 0, 1, 2]}, null, null, 102, false, [], false, 0, [], null, 0, 1744380582.0938213, 0, {}]
[{"0": [2, 0, 2, 3, 3, 24, 18, 30, 28, 26, 1, 2, 1, 4, 0, 0, 2]}, null, null, 102, false, [], false, 0, [], null, 0, 1744380582.3101687, 0, {}]
[{"0": [2, 4, 35, 19, 28, 4, 1, 1, 1, 1, 1, 3, 3, 3, 1, 2, 2]}, null, null, 103, false, [], false, 0, [], null, 0, 1744380582.5148575, 0, {}]
[{"0": [2, 4, 1, 2, 2, 5, 4, 3, 1, 2, 2, 3, 3, 1, 25, 40, 1]}, null, null, 104, false, [], false, 0, [], null, 0, 1744380582.7406218, 0, {}]
[{"0": [2, 2, 27, 1, 3, 0, 0, 1, 0, 2, 1, 0, 4, 3, 0, 1, 2]}, null, null, 104, false, [], false, 0, [], null, 0, 1744380582.957116, 0, {}]
[{"0": [1, 0, 1, 2, 3, 3, 1, 0, 1, 4, 0, 4, 1, 25, 20, 23, 1]}, null, null, 105, false, [], false, 0, [], null, 0, 1744380583.1592155, 0, {}]
[{"0": [0, 25, 1, 1, 0, 0, 4, 2, 0, 2, 1, 4, 1, 1, 3, 2, 2]}, null, null, 105, false, [], false, 0, [], null, 0, 1744380583.3768065, 0, {}]
[{"0": [2, 4, 0, 3, 5, 1, 2, 4, 23, 1, 1, 3, 3, 1, 2, 1, 2]}, null, null, 106, false, [], false, 0, [], null, 0, 1744380583.5989852, 0, {}]
[{"0": [27, 2, 1, 2, 2, 3, 1, 1, 4, 1, 3, 0, 0, 2, 2, 2, 4]}, null, null, 107, false, [], false, 0, [], null, 0, 1744380583.8200655, 0, {}]
[{"0": [3, 1, 1, 0, 3, 1, 2, 0, 3, 1, 0, 2, 30, 27, 31, 3, 2]}, null, null, 107, false, [], false, 0, [], null, 0, 1744380584.0340867, 0, {}]
[{"0": [2, 3, 4, 2, 0, 32, 20, 2, 1, 0, 1, 0, 2, 1, 1, 2, 2]}, null, null, 108, false, [], false, 0, [], null, 0, 1744380584.2555132, 0, {}]
[{"0": [1, 3, 0, 1, 0, 0, 2, 3, 1, 2, 0, 0, 0, 5, 2, 4, 0]}, null, null, 108, false, [], false, 0, [], null, 0, 1744380584.4626112, 0, {}]
[{"0": [4, 3, 3, 0, 3, 0, 1, 1, 2, 1, 1, 1, 4, 31, 29, 1, 1]}, null, null, 109, false, [], false, 0, [], null, 0, 1744380584.6969943, 0, {}]
[{"0": [2, 2, 21, 0, 5, 1, 3, 5, 0, 1, 1, 1, 1, 3, 2, 2, 2]}, null, null, 110, false, [], false, 0, [], null, 0, 1744380584.900061, 0, {}]
[{"0": [4, 4, 0, 3, 3, 5, 1, 1, 31, 26, 30, 2, 2, 5, 1, 3, 3]}, null, null, 110, false, [], false, 0, [], null, 0, 1744380585.1108255, 0, {}]
[{"0": [1, 1, 2, 2, 0, 2, 2, 1, 1, 1, 1, 23, 3, 1, 1, 1, 3]}, null, null, 111, false, [], false, 0, [], null, 0, 1744380585.3393, 0, {}]
[{"0": [0, 4, 2, 1, 1, 2, 1, 2, 1, 4, 0, 0, 0, 2, 1, 2, 2]}, null, null, 111, false, [], false, 0, [], null, 0, 1744380585.544346, 0, {}]
[{"0": [3, 3, 2, 0, 19, 30, 3, 2, 1, 3, 4, 1, 3, 3, 0, 2, 3]}, null, null, 112, false, [], false, 0, [], null, 0, 1744380585.766406, 0, {}]
[{"0": [3, 2, 2, 2, 0, 3, 4, 2, 0, 0, 0, 27, 21, 34, 2, 1, 1]}, null, null, 113, false, [], false, 0, [], null, 0, 1744380585.9820392, 0, {}]
[{"0": [3, 2, 3, 0, 1, 6, 4, 1, 3, 2, 2, 3, 3, 1, 33, 3, 1]}, null, null, 113, false, [], false, 0, [], null, 0, 1744380586.210168, 0, {}]
[{"0": [2, 4, 1, 2, 1, 1, 2, 1, 1, 1, 3, 0, 1, 1, 23, 1, 3]}, null, null, 114, false, [], false, 0, [], null, 0, 1744380586.417631, 0, {}]
[{"0": [3, 2, 38, 19, 2, 0, 0, 0, 1, 2, 1, 2, 1, 2, 2, 3, 2]}, null, null, 114, false, [], false, 0, [], null, 0, 1744380586.6340973, 0, {}]
[{"0": [4, 1, 3, 0, 1, 1, 1, 6, 2, 3, 1, 2, 1, 3, 4, 0, 1]}, null, null, 115, false, [], false, 0, [], null, 0, 1744380586.8577294, 0, {}]
[{"0": [2, 2, 1, 24, 39, 32, 37, 31, 24, 32, 27, 2, 1, 1, 3, 1, 2]}, null, null, 116, false, [], false, 0, [], null, 0, 1744380587.0613976, 0, {}]
[{"0": [1, 0, 1, 2, 2, 3, 31, 30, 12, 32, 17, 22, 30, 2, 1, 0, 1]}, null, null, 116, false, [], false, 0, [], null, 0, 1744380587.2793999, 0, {}]
[{"0": [0, 5, 2, 1, 3, 3, 1, 2, 1, 1, 37, 25, 25, 34, 4, 0, 2]}, null, null, 117, false, [], false, 0, [], null, 0, 1744380587.4935002, 0, {}]
[{"0": [0, 2, 3, 0, 1, 1, 0, 2, 1, 2, 4, 1, 0, 2, 3, 1, 36]}, null, null, 117, false, [], false, 0, [], null, 0, 1744380587.7114148, 0, {}]
[{"0": [1, 2, 2, 2, 2, 2, 1, 1, 4, 1, 19, 27, 1, 1, 2, 1, 0]}, null, null, 118, false, [], false, 0, [], null, 0, 1744380587.9419, 0, {}]
[{"0": [2, 1, 0, 2, 3, 4, 6, 2, 2, 1, 0, 2, 2, 2, 2, 0, 2]}, null, null, 119, false, [], false, 0, [], null, 0, 1744380588.148896, 0, {}]
[{"0": [1, 2, 2, 1, 1, 3, 2, 2, 27, 38, 23, 28, 31, 23, 17, 23, 22]}, null, null, 119, false, [], false, 0, [], null, 0, 1744380588.3687284, 0, {}]
[{"0": [1, 1, 0, 31, 31, 3, 2, 3, 0, 1, 4, 2, 2, 1, 0, 5, 3]}, null, null, 120, false, [], false, 0, [], null, 0, 1744380588.5789273, 0, {}]
[{"0": [1, 2, 1, 2, 2, 1, 2, 6, 0, 0, 23, 27, 23, 34, 34, 32, 26]}, null, null, 120, false, [], false, 0, [], null, 0, 1744380588.7968936, 0, {}]
[{"0": [2, 2, 2, 3, 0, 0, 6, 3, 2, 1, 1, 2, 3, 2, 2, 2, 24]}, null, null, 121, false, [], false, 0, [], null, 0, 1744380589.030409, 0, {}]
[{"0": [3, 5, 1, 4, 2, 0, 0, 6, 21, 0, 3, 1, 1, 5, 1, 3, 1]}, null, null, 122, false, [], false, 0, [], null, 0, 1744380589.2416997, 0, {}]
[{"0": [1, 3, 3, 0, 1, 2, 2, 5, 1, 2, 0, 2, 4, 2, 3, 25, 30]}, null, null, 122, false, [], false, 0, [], null, 0, 1744380589.4469671, 0, {}]
[{"0": [1, 0, 1, 1, 2, 3, 1, 2, 0, 1, 4, 3, 4, 34, 23, 29, 0]}, null, null, 123, false, [], false, 0, [], null, 0, 1744380589.6633756, 0, {}]
[{"0": [2, 3, 2, 1, 23, 22, 24, 36, 25, 20, 23, 25, 1, 4, 2, 2, 3]}, null, null, 123, false, [], false, 0, [], null, 0, 1744380589.883487, 0, {}]
[{"0": [2, 1, 2, 0, 1, 2, 1, 1, 1, 1, 3, 1, 5, 32, 24, 3, 2]}, null, null, 124, false, [], false, 0, [], null, 0, 1744380590.0966938, 0, {}]
[{"0": [2, 3, 1, 1, 3, 0, 3, 31, 3, 2, 3, 1, 1, 1, 3, 0, 1]}, null, null, 125, false, [], false, 0, [], null, 0, 1744380590.3107815, 0, {}]
[{"0": [3, 3, 2, 5, 3, 36, 27, 39, 22, 1, 1, 1, 1, 1, 0, 2, 0]}, null, null, 125, false, [], false, 0, [], null, 0, 1744380590.5302799, 0, {}]
[{"0": [3, 1, 4, 3, 3, 2, 2, 1, 1, 0, 1, 3, 0, 3, 29, 24, 35]}, null, null, 126, false, [], false, 0, [], null, 0, 1744380590.747811, 0, {}]
[{"0": [3, 1, 28, 24, 28, 23, 1, 2, 2, 2, 3, 2, 2, 2, 1, 2, 2]}, null, null, 127, false, [], false, 0, [], null, 0, 1744380590.9635828, 0, {}]
[{"0": [1, 0, 2, 0, 2, 2, 1, 2, 2, 2, 1, 2, 2, 2, 1, 0, 24]}, null, null, 127, false, [], false, 0, [], null, 0, 1744380591.1768668, 0, {}]
[{"0": [2, 0, 2, 3, 1, 3, 1, 2, 0, 1, 2, 29, 16, 32, 39, 25, 31]}, null, null, 128, false, [], false, 0, [], null, 0, 1744380591.3954253, 0, {}]
[{"0": [0, 1, 30, 29, 36, 3, 0, 1, 6, 1, 1, 4, 1, 2, 4, 1, 1]}, null, null, 128, false, [], false, 0, [], null, 0, 1744380591.62136, 0, {}]
[{"0": [4, 0, 0, 0, 2, 5, 1, 2, 4, 2, 31, 23, 27, 19, 32, 28, 27]}, null, null, 129, false, [], false, 0, [], null, 0, 1744380591.8423476, 0, {}]
[{"0": [1, 1, 1, 2, 3, 2, 4, 1, 2, 25, 30, 27, 21, 34, 2, 0, 0]}, null, null, 130, false, [], false, 0, [], null, 0, 1744380592.0403507, 0, {}]
[{"0": [0, 1, 0, 1, 0, 26, 29, 30, 32, 37, 31, 2, 0, 2, 0, 2, 3]}, null, null, 130, false, [], false, 0, [], null, 0, 1744380592.2731724, 0, {}]
[{"0": [1, 2, 3, 2, 1, 3, 0, 1, 22, 2, 1, 3, 2, 2, 1, 2, 1]}, null, null, 131, false, [], false, 0, [], null, 0, 1744380592.4750624, 0, {}]
[{"0": [1, 1, 27, 2, 1, 4, 0, 2, 0, 3, 2, 1, 2, 3, 3, 5, 1]}, null, null, 131, false, [], false, 0, [], null, 0, 1744380592.7044594, 0, {}]
[{"0": [1, 3, 0, 3, 1, 33, 4, 0, 3, 1, 2, 0, 0, 3, 0, 3, 4]}, null, null, 132, false, [], false, 0, [], null, 0, 1744380592.923739, 0, {}]
[{"0": [0, 0, 3, 1, 2, 27, 28, 28, 27, 37, 31, 33, 27, 31, 19, 26, 29]}, null, null, 133, false, [], false, 0, [], null, 0, 1744380593.1276984, 0, {}]
[{"0": [2, 3, 1, 2, 2, 3, 3, 0, 4, 0, 5, 1, 0, 3, 0, 1, 1]}, null, null, 133, false, [], false, 0, [], null, 0, 1744380593.3484251, 0, {}]
[{"0": [1, 1, 3, 2, 3, 1, 0, 1, 1, 2, 0, 1, 5, 2, 24, 2, 5]}, null, null, 134, false, [], false, 0, [], null, 0, 1744380593.5622282, 0, {}]
[{"0": [2, 1, 0, 1, 0, 1, 30, 21, 24, 0, 4, 1, 6, 1, 1, 4, 1]}, null, null, 134, false, [], false, 0, [], null, 0, 1744380593.7799966, 0, {}]
[{"0": [1, 3, 3, 3, 0, 3, 2, 1, 2, 1, 2, 1, 0, 25, 42, 26, 27]}, null, null, 135, false, [], false, 0, [], null, 0, 1744380593.9964793, 0, {}]
[{"0": [4, 2, 5, 0, 24, 30, 27, 1, 0, 2, 1, 1, 0, 0, 3, 3, 1]}, null, null, 136, false, [], false, 0, [], null, 0, 1744380594.2262676, 0, {}]
[{"0": [2, 2, 2, 1, 0, 0, 31, 21, 23, 4, 0, 6, 1, 0, 2, 1, 2]}, null, null, 136, false, [], false, 0, [], null, 0, 1744380594.4405656, 0, {}]
[{"0": [1, 1, 3, 1, 0, 0, 0, 4, 3, 2, 0, 0, 0, 36, 29, 25, 28]}, null, null, 137, false, [], false, 0, [], null, 0, 1744380594.646381, 0, {}]
[{"0": [1, 7, 2, 26, 28, 30, 35, 26, 28, 22, 25, 19, 30, 27, 21, 27, 32]}, null, null, 137, false, [], false, 0, [], null, 0, 1744380594.8605986, 0, {}]
[{"0": [2, 1, 1, 1, 0, 2, 3, 2, 2, 1, 2, 1, 0, 6, 27, 25, 28]}, null, null, 138, false, [], false, 0, [], null, 0, 1744380595.075837, 0, {}]
[{"0": [2, 1, 2, 3, 33, 27, 26, 3, 0, 1, 0, 1, 1, 1, 0, 2, 4]}, null, null, 139, false, [], false, 0, [], null, 0, 1744380595.3093693, 0, {}]
[{"0": [4, 2, 4, 1, 3, 2, 3, 0, 1, 0, 33, 32, 32, 28, 25, 35, 21]}, null, null, 139, false, [], false, 0, [], null, 0, 1744380595.5206258, 0, {}]
[{"0": [2, 1, 28, 21, 2, 3, 4, 3, 7, 2, 0, 2, 3, 6, 1, 1, 1]}, null, null, 140, false, [], false, 0, [], null, 0, 1744380595.7260368, 0, {}]
[{"0": [0, 1, 3, 2, 1, 1, 2, 4, 0, 3, 4, 1, 3, 0, 29, 0, 1]}, null, null, 140, false, [], false, 0, [], null, 0, 1744380595.9537723, 0, {}]
[{"0": [19, 33, 21, 29, 1, 3, 0, 0, 0, 1, 0, 5, 4, 2, 1, 3, 2]}, null, null, 141, false, [], false, 0, [], null, 0, 1744380596.1594048, 0, {}]
[{"0": [0, 4, 3, 1, 1, 1, 2, 3, 3, 1, 2, 7, 4, 31, 32, 30, 28]}, null, null, 142, false, [], false, 0, [], null, 0, 1744380596.384412, 0, {}]
[{"0": [1, 3, 0, 1, 1, 0, 2, 0, 2, 26, 2, 1, 2, 4, 0, 3, 0]}, null, null, 142, false, [], false, 0, [], null, 0, 1744380596.5969455, 0, {}]
[{"0": [1, 1, 2, 0, 4, 2, 3, 2, 1, 0, 3, 2, 2, 2, 35, 30, 3]}, null, null, 143, false, [], false, 0, [], null, 0, 1744380596.8046248, 0, {}]
[{"0": [2, 3, 1, 2, 0, 2, 0, 1, 25, 23, 19, 35, 19, 27, 28, 29, 27]}, null, null, 143, false, [], false, 0, [], null, 0, 1744380597.0216134, 0, {}]
[{"0": [0, 0, 2, 1, 4, 4, 2, 2, 2, 0, 2, 3, 2, 4, 2, 0, 3]}, null, null, 144, false, [], false, 0, [], null, 0, 1744380597.2437613, 0, {}]
[{"0": [40, 29, 32, 24, 23, 1, 4, 3, 2, 3, 1, 2, 1, 4, 4, 1, 1]}, null, null, 145, false, [], false, 0, [], null, 0, 1744380597.4707832, 0, {}]
[{"0": [3, 1, 27, 32, 31, 26, 31, 29, 36, 29, 24, 27, 4, 3, 2, 2, 0]}, null, null, 145, false, [], false, 0, [], null, 0, 1744380597.682689, 0, {}]
[{"0": [3, 3, 0, 3, 1, 2, 0, 1, 1, 3, 3, 2, 1, 24, 23, 1, 2]}, null, null, 146, false, [], false, 0, [], null, 0, 1744380597.910193, 0, {}]
[{"0": [2, 1, 5, 0, 1, 2, 0, 4, 2, 1, 2, 2, 1, 23, 22, 22, 35]}, null, null, 146, false, [], false, 0, [], null, 0, 1744380598.1108563, 0, {}]
[{"0": [1, 1, 2, 0, 0, 2, 2, 3, 1, 4, 1, 1, 1, 3, 2, 25, 20]}, null, null, 147, false, [], false, 0, [], null, 0, 1744380598.334728, 0, {}]
[{"0": [3, 2, 17, 25, 0, 2, 1, 1, 3, 4, 1, 1, 2, 1, 3, 3, 5]}, null, null, 148, false, [], false, 0, [], null, 0, 1744380598.5435784, 0, {}]
[{"0": [1, 0, 29, 31, 23, 37, 29, 0, 2, 0, 2, 2, 1, 2, 0, 3, 1]}, null, null, 148, false, [], false, 0, [], null, 0, 1744380598.775492, 0, {}]
[{"0": [5, 3, 5, 1, 1, 0, 3, 0, 1, 0, 3, 0, 0, 1, 1, 1, 1]}, null, null, 149, false, [], false, 0, [], null, 0, 1744380598.98721, 0, {}]
[{"0": [29, 25, 27, 33, 29, 28, 18, 24, 28, 33, 30, 21, 31, 25, 22, 2, 1]}, null, null, 149, false, [], false, 0, [], null, 0, 1744380599.205978, 0, {}]
[{"0": [3, 3, 3, 0, 2, 0, 4, 2, 3, 2, 1, 2, 3, 23, 25, 1, 1]}, null, null, 150, true, [], false, 0, [], null, 0, 1744380599.4061995, 0, {}]
