[{"0": [27, 24, 28, 28, 23, 32, 28, 0, 4, 5, 2, 0, 2, 1, 3, 2, 1]}, null, null, 0, false, [], false, 0, [], null, 0, 1744383310.9193037, 0, {}]
[{"0": [3, 2, 0, 1, 4, 0, 1, 3, 1, 1, 2, 5, 1, 6, 1, 2, 36]}, null, null, 1, false, [], false, 0, [], null, 0, 1744383311.1420557, 0, {}]
[{"0": [2, 2, 22, 32, 32, 21, 19, 3, 0, 3, 1, 2, 2, 3, 2, 0, 3]}, null, null, 1, false, [], false, 0, [], null, 0, 1744383311.3624275, 0, {}]
[{"0": [4, 2, 0, 30, 26, 33, 4, 2, 0, 0, 1, 1, 2, 0, 1, 0, 3]}, null, null, 2, false, [], false, 0, [], null, 0, 1744383311.5745487, 0, {}]
[{"0": [1, 3, 3, 2, 2, 2, 28, 26, 19, 29, 2, 3, 0, 1, 2, 2, 0]}, null, null, 2, false, [], false, 0, [], null, 0, 1744383311.7907863, 0, {}]
[{"0": [1, 2, 3, 9, 2, 2, 0, 6, 42, 0, 1, 2, 2, 5, 4, 1, 4]}, null, null, 3, false, [], false, 0, [], null, 0, 1744383312.0095859, 0, {}]
[{"0": [2, 4, 1, 2, 0, 0, 2, 1, 0, 2, 1, 0, 3, 4, 1, 2, 30]}, null, null, 4, false, [], false, 0, [], null, 0, 1744383312.2327094, 0, {}]
[{"0": [0, 1, 2, 0, 2, 2, 2, 1, 2, 2, 0, 2, 1, 3, 4, 2, 25]}, null, null, 4, false, [], false, 0, [], null, 0, 1744383312.453917, 0, {}]
[{"0": [3, 4, 1, 1, 1, 1, 2, 1, 0, 32, 29, 2, 0, 1, 0, 2, 3]}, null, null, 5, false, [], false, 0, [], null, 0, 1744383312.6663227, 0, {}]
[{"0": [1, 1, 0, 1, 1, 1, 0, 3, 1, 1, 3, 1, 4, 0, 26, 28, 27]}, null, null, 5, false, [], false, 0, [], null, 0, 1744383312.8878922, 0, {}]
[{"0": [3, 1, 3, 0, 1, 2, 32, 22, 31, 5, 3, 1, 3, 2, 2, 5, 0]}, null, null, 6, false, [], false, 0, [], null, 0, 1744383313.110771, 0, {}]
[{"0": [24, 36, 38, 31, 30, 26, 18, 2, 1, 0, 3, 2, 3, 4, 14, 25, 31]}, null, null, 7, false, [], false, 0, [], null, 0, 1744383313.3138158, 0, {}]
[{"0": [3, 1, 2, 0, 0, 2, 1, 3, 1, 2, 1, 1, 22, 17, 35, 35, 23]}, null, null, 7, false, [], false, 0, [], null, 0, 1744383313.5375326, 0, {}]
[{"0": [1, 1, 3, 1, 2, 30, 41, 35, 28, 2, 4, 1, 0, 1, 2, 2, 3]}, null, null, 8, false, [], false, 0, [], null, 0, 1744383313.7476122, 0, {}]
[{"0": [4, 1, 0, 1, 1, 0, 2, 3, 30, 5, 0, 2, 2, 1, 3, 3, 0]}, null, null, 8, false, [], false, 0, [], null, 0, 1744383313.9763024, 0, {}]
[{"0": [1, 1, 1, 2, 2, 9, 4, 1, 1, 26, 33, 27, 27, 32, 1, 2, 3]}, null, null, 9, false, [], false, 0, [], null, 0, 1744383314.1811733, 0, {}]
[{"0": [31, 2, 3, 1, 3, 1, 1, 1, 2, 3, 2, 4, 1, 2, 2, 3, 0]}, null, null, 10, false, [], false, 0, [], null, 0, 1744383314.3898559, 0, {}]
[{"0": [2, 2, 1, 0, 2, 1, 1, 0, 0, 1, 0, 40, 29, 26, 30, 31, 31]}, null, null, 10, false, [], false, 0, [], null, 0, 1744383314.6306624, 0, {}]
[{"0": [5, 2, 0, 2, 2, 0, 3, 1, 1, 2, 2, 2, 29, 3, 0, 1, 3]}, null, null, 11, false, [], false, 0, [], null, 0, 1744383314.8278093, 0, {}]
[{"0": [1, 3, 1, 0, 2, 2, 2, 1, 2, 28, 24, 43, 28, 34, 27, 16, 17]}, null, null, 11, false, [], false, 0, [], null, 0, 1744383315.0560205, 0, {}]
[{"0": [2, 1, 1, 0, 2, 1, 0, 0, 2, 1, 2, 0, 0, 1, 29, 25, 23]}, null, null, 12, false, [], false, 0, [], null, 0, 1744383315.2700434, 0, {}]
[{"0": [33, 2, 0, 1, 5, 1, 2, 1, 3, 2, 3, 3, 1, 3, 1, 2, 2]}, null, null, 13, false, [], false, 0, [], null, 0, 1744383315.4873676, 0, {}]
[{"0": [0, 2, 2, 4, 2, 2, 1, 1, 2, 1, 1, 1, 2, 2, 2, 28, 28]}, null, null, 13, false, [], false, 0, [], null, 0, 1744383315.6881964, 0, {}]
[{"0": [1, 4, 2, 3, 1, 2, 3, 4, 1, 3, 3, 2, 19, 29, 34, 28, 26]}, null, null, 14, false, [], false, 0, [], null, 0, 1744383315.9197128, 0, {}]
[{"0": [1, 1, 4, 0, 0, 3, 1, 2, 25, 32, 24, 26, 30, 26, 28, 2, 1]}, null, null, 14, false, [], false, 0, [], null, 0, 1744383316.1314814, 0, {}]
[{"0": [0, 0, 30, 31, 23, 28, 27, 2, 0, 1, 2, 3, 4, 1, 2, 4, 2]}, null, null, 15, false, [], false, 0, [], null, 0, 1744383316.354596, 0, {}]
[{"0": [4, 1, 2, 2, 1, 1, 2, 2, 3, 4, 5, 4, 2, 1, 34, 23, 29]}, null, null, 16, false, [], false, 0, [], null, 0, 1744383316.5684073, 0, {}]
[{"0": [2, 1, 1, 3, 4, 1, 2, 1, 2, 1, 2, 1, 0, 2, 18, 20, 27]}, null, null, 16, false, [], false, 0, [], null, 0, 1744383316.7818959, 0, {}]
[{"0": [26, 19, 40, 2, 2, 3, 3, 1, 4, 3, 6, 2, 3, 0, 0, 1, 1]}, null, null, 17, false, [], false, 0, [], null, 0, 1744383317.0094538, 0, {}]
[{"0": [1, 0, 3, 1, 2, 36, 31, 1, 2, 2, 2, 2, 2, 2, 1, 1, 0]}, null, null, 17, false, [], false, 0, [], null, 0, 1744383317.2221112, 0, {}]
[{"0": [2, 2, 1, 4, 1, 0, 3, 3, 4, 3, 1, 35, 30, 26, 20, 23, 1]}, null, null, 18, false, [], false, 0, [], null, 0, 1744383317.437941, 0, {}]
[{"0": [1, 2, 2, 1, 4, 0, 1, 1, 4, 22, 2, 4, 1, 4, 1, 0, 3]}, null, null, 19, false, [], false, 0, [], null, 0, 1744383317.64338, 0, {}]
[{"0": [1, 2, 2, 1, 3, 4, 1, 3, 3, 1, 27, 22, 24, 32, 5, 3, 4]}, null, null, 19, false, [], false, 0, [], null, 0, 1744383317.8638031, 0, {}]
[{"0": [38, 6, 1, 1, 1, 2, 2, 4, 2, 2, 2, 3, 3, 3, 4, 2, 0]}, null, null, 20, false, [], false, 0, [], null, 0, 1744383318.0757685, 0, {}]
[{"0": [3, 1, 2, 2, 3, 1, 1, 3, 1, 0, 2, 1, 1, 0, 4, 1, 2]}, null, null, 20, false, [], false, 0, [], null, 0, 1744383318.3052857, 0, {}]
[{"0": [3, 1, 0, 1, 3, 1, 25, 35, 3, 0, 1, 0, 3, 1, 2, 1, 0]}, null, null, 21, false, [], false, 0, [], null, 0, 1744383318.523916, 0, {}]
[{"0": [3, 3, 1, 3, 1, 3, 0, 1, 2, 1, 5, 33, 38, 0, 1, 3, 3]}, null, null, 22, false, [], false, 0, [], null, 0, 1744383318.7325823, 0, {}]
[{"0": [1, 2, 1, 0, 2, 1, 2, 24, 29, 33, 42, 3, 1, 3, 1, 3, 2]}, null, null, 22, false, [], false, 0, [], null, 0, 1744383318.954554, 0, {}]
[{"0": [1, 1, 3, 2, 1, 0, 2, 3, 4, 0, 3, 0, 1, 1, 30, 41, 24]}, null, null, 23, false, [], false, 0, [], null, 0, 1744383319.165653, 0, {}]
[{"0": [3, 1, 1, 3, 2, 1, 30, 0, 4, 1, 5, 1, 1, 1, 5, 2, 3]}, null, null, 23, false, [], false, 0, [], null, 0, 1744383319.3856337, 0, {}]
[{"0": [4, 4, 1, 1, 1, 1, 26, 24, 22, 34, 24, 37, 2, 3, 0, 3, 3]}, null, null, 24, false, [], false, 0, [], null, 0, 1744383319.608792, 0, {}]
[{"0": [2, 3, 2, 0, 3, 5, 4, 0, 33, 19, 0, 1, 1, 2, 1, 1, 1]}, null, null, 25, false, [], false, 0, [], null, 0, 1744383319.8105402, 0, {}]
[{"0": [5, 4, 2, 2, 0, 1, 0, 1, 2, 21, 1, 4, 4, 0, 0, 4, 1]}, null, null, 25, false, [], false, 0, [], null, 0, 1744383320.0311675, 0, {}]
[{"0": [3, 5, 1, 1, 0, 3, 0, 5, 0, 18, 22, 30, 4, 4, 1, 1, 2]}, null, null, 26, false, [], false, 0, [], null, 0, 1744383320.2493153, 0, {}]
[{"0": [2, 1, 3, 1, 3, 0, 25, 39, 26, 24, 0, 4, 0, 1, 6, 2, 2]}, null, null, 27, false, [], false, 0, [], null, 0, 1744383320.4698362, 0, {}]
[{"0": [3, 4, 0, 26, 24, 36, 22, 26, 36, 2, 3, 1, 4, 2, 3, 1, 3]}, null, null, 27, false, [], false, 0, [], null, 0, 1744383320.6891508, 0, {}]
[{"0": [6, 1, 0, 2, 1, 3, 2, 1, 2, 3, 2, 2, 5, 2, 2, 27, 28]}, null, null, 28, false, [], false, 0, [], null, 0, 1744383320.8976197, 0, {}]
[{"0": [0, 1, 6, 2, 1, 26, 25, 36, 31, 31, 3, 0, 1, 0, 1, 3, 3]}, null, null, 28, false, [], false, 0, [], null, 0, 1744383321.1242447, 0, {}]
[{"0": [0, 5, 2, 2, 1, 3, 0, 0, 19, 3, 0, 4, 2, 3, 2, 2, 1]}, null, null, 29, false, [], false, 0, [], null, 0, 1744383321.3510363, 0, {}]
[{"0": [3, 3, 2, 1, 0, 0, 1, 2, 4, 3, 2, 2, 4, 4, 4, 22, 5]}, null, null, 30, false, [], false, 0, [], null, 0, 1744383321.5643103, 0, {}]
[{"0": [0, 1, 1, 3, 2, 3, 1, 6, 4, 1, 1, 2, 1, 3, 4, 2, 4]}, null, null, 30, false, [], false, 0, [], null, 0, 1744383321.7707486, 0, {}]
[{"0": [3, 3, 1, 1, 1, 3, 1, 1, 38, 23, 28, 23, 32, 31, 28, 31, 21]}, null, null, 31, false, [], false, 0, [], null, 0, 1744383321.9899116, 0, {}]
[{"0": [3, 1, 2, 2, 1, 0, 2, 18, 1, 1, 1, 4, 1, 1, 1, 3, 0]}, null, null, 31, false, [], false, 0, [], null, 0, 1744383322.1883843, 0, {}]
[{"0": [4, 1, 1, 4, 1, 1, 5, 3, 3, 3, 0, 1, 5, 1, 33, 33, 20]}, null, null, 32, false, [], false, 0, [], null, 0, 1744383322.4239237, 0, {}]
[{"0": [3, 2, 1, 1, 3, 1, 0, 1, 2, 2, 3, 1, 0, 1, 3, 1, 26]}, null, null, 33, false, [], false, 0, [], null, 0, 1744383322.645584, 0, {}]
[{"0": [2, 3, 0, 1, 1, 24, 2, 4, 2, 0, 2, 2, 3, 1, 4, 0, 1]}, null, null, 33, false, [], false, 0, [], null, 0, 1744383322.8560011, 0, {}]
[{"0": [2, 3, 4, 1, 0, 1, 1, 3, 1, 2, 1, 29, 21, 28, 25, 28, 1]}, null, null, 34, false, [], false, 0, [], null, 0, 1744383323.0766587, 0, {}]
[{"0": [25, 27, 29, 35, 23, 24, 25, 1, 2, 0, 2, 2, 0, 2, 2, 0, 0]}, null, null, 34, false, [], false, 0, [], null, 0, 1744383323.283265, 0, {}]
[{"0": [2, 3, 1, 3, 3, 1, 3, 25, 24, 24, 26, 26, 2, 2, 3, 1, 0]}, null, null, 35, false, [], false, 0, [], null, 0, 1744383323.4971945, 0, {}]
[{"0": [4, 1, 1, 3, 1, 4, 2, 2, 5, 2, 1, 2, 2, 1, 2, 34, 29]}, null, null, 36, false, [], false, 0, [], null, 0, 1744383323.70916, 0, {}]
[{"0": [0, 0, 0, 2, 3, 4, 1, 34, 37, 29, 30, 22, 2, 4, 1, 3, 1]}, null, null, 36, false, [], false, 0, [], null, 0, 1744383323.9438007, 0, {}]
[{"0": [1, 3, 2, 1, 1, 1, 3, 1, 1, 2, 1, 1, 3, 2, 37, 23, 27]}, null, null, 37, false, [], false, 0, [], null, 0, 1744383324.164979, 0, {}]
[{"0": [1, 5, 0, 3, 1, 0, 1, 3, 3, 2, 4, 3, 3, 1, 21, 24, 24]}, null, null, 37, false, [], false, 0, [], null, 0, 1744383324.374898, 0, {}]
[{"0": [0, 2, 3, 4, 2, 0, 2, 2, 0, 2, 4, 25, 27, 27, 29, 18, 24]}, null, null, 38, false, [], false, 0, [], null, 0, 1744383324.587751, 0, {}]
[{"0": [0, 3, 1, 2, 1, 2, 3, 6, 1, 1, 20, 4, 2, 2, 0, 1, 2]}, null, null, 39, false, [], false, 0, [], null, 0, 1744383324.7941165, 0, {}]
[{"0": [1, 5, 3, 1, 2, 1, 4, 5, 5, 1, 21, 2, 1, 1, 1, 4, 1]}, null, null, 39, false, [], false, 0, [], null, 0, 1744383325.0131743, 0, {}]
[{"0": [0, 4, 4, 0, 1, 1, 1, 0, 3, 1, 0, 0, 2, 1, 23, 28, 30]}, null, null, 40, false, [], false, 0, [], null, 0, 1744383325.2405155, 0, {}]
[{"0": [1, 3, 2, 3, 27, 21, 25, 23, 23, 1, 2, 4, 6, 4, 2, 1, 3]}, null, null, 40, false, [], false, 0, [], null, 0, 1744383325.4674876, 0, {}]
[{"0": [21, 30, 33, 3, 1, 1, 1, 5, 2, 0, 3, 5, 2, 1, 1, 3, 1]}, null, null, 41, false, [], false, 0, [], null, 0, 1744383325.6804104, 0, {}]
[{"0": [3, 2, 2, 1, 2, 20, 0, 4, 0, 1, 2, 4, 1, 3, 2, 2, 0]}, null, null, 42, false, [], false, 0, [], null, 0, 1744383325.8782864, 0, {}]
[{"0": [0, 4, 0, 1, 2, 2, 2, 2, 1, 0, 1, 1, 0, 1, 27, 33, 25]}, null, null, 42, false, [], false, 0, [], null, 0, 1744383326.106784, 0, {}]
[{"0": [1, 0, 0, 2, 4, 2, 1, 1, 0, 21, 25, 2, 2, 2, 3, 0, 1]}, null, null, 43, false, [], false, 0, [], null, 0, 1744383326.3161747, 0, {}]
[{"0": [1, 3, 34, 26, 26, 23, 24, 21, 19, 25, 25, 2, 1, 3, 0, 3, 1]}, null, null, 43, false, [], false, 0, [], null, 0, 1744383326.535887, 0, {}]
[{"0": [4, 3, 3, 3, 6, 4, 5, 4, 2, 36, 29, 26, 22, 39, 26, 1, 0]}, null, null, 44, false, [], false, 0, [], null, 0, 1744383326.7502248, 0, {}]
[{"0": [3, 0, 1, 2, 3, 3, 3, 2, 1, 3, 2, 1, 1, 1, 1, 2, 31]}, null, null, 45, false, [], false, 0, [], null, 0, 1744383326.970237, 0, {}]
[{"0": [3, 7, 1, 1, 1, 2, 4, 2, 3, 4, 1, 3, 2, 1, 13, 23, 19]}, null, null, 45, false, [], false, 0, [], null, 0, 1744383327.183635, 0, {}]
[{"0": [4, 3, 25, 3, 3, 1, 3, 2, 1, 1, 4, 2, 2, 2, 4, 2, 1]}, null, null, 46, false, [], false, 0, [], null, 0, 1744383327.4124808, 0, {}]
[{"0": [2, 3, 37, 23, 34, 27, 26, 24, 22, 30, 29, 31, 24, 25, 33, 27, 29]}, null, null, 46, false, [], false, 0, [], null, 0, 1744383327.6232166, 0, {}]
[{"0": [1, 2, 2, 2, 1, 2, 0, 3, 1, 2, 1, 1, 0, 0, 31, 27, 2]}, null, null, 47, false, [], false, 0, [], null, 0, 1744383327.8296561, 0, {}]
[{"0": [3, 2, 3, 2, 0, 2, 2, 2, 2, 2, 31, 26, 28, 2, 1, 0, 2]}, null, null, 48, false, [], false, 0, [], null, 0, 1744383328.0579357, 0, {}]
[{"0": [0, 3, 1, 2, 2, 0, 2, 1, 4, 31, 3, 2, 2, 2, 1, 3, 3]}, null, null, 48, false, [], false, 0, [], null, 0, 1744383328.2708094, 0, {}]
[{"0": [4, 2, 2, 3, 0, 6, 2, 24, 32, 21, 33, 33, 41, 1, 2, 1, 2]}, null, null, 49, false, [], false, 0, [], null, 0, 1744383328.4943492, 0, {}]
[{"0": [0, 4, 2, 1, 2, 2, 2, 6, 4, 0, 3, 2, 0, 2, 1, 0, 1]}, null, null, 49, false, [], false, 0, [], null, 0, 1744383328.7063515, 0, {}]
[{"0": [21, 29, 18, 32, 26, 27, 29, 22, 33, 16, 26, 1, 3, 1, 4, 2, 3]}, null, null, 50, false, [], false, 0, [], null, 0, 1744383328.922896, 0, {}]
[{"0": [3, 1, 2, 2, 1, 1, 1, 2, 1, 2, 1, 2, 0, 2, 26, 2, 2]}, null, null, 51, false, [], false, 0, [], null, 0, 1744383329.1329782, 0, {}]
[{"0": [3, 1, 2, 2, 3, 1, 26, 27, 26, 30, 26, 24, 0, 5, 0, 1, 0]}, null, null, 51, false, [], false, 0, [], null, 0, 1744383329.3579504, 0, {}]
[{"0": [1, 2, 2, 4, 0, 0, 6, 2, 2, 0, 3, 1, 0, 1, 40, 34, 2]}, null, null, 52, false, [], false, 0, [], null, 0, 1744383329.5751052, 0, {}]
[{"0": [3, 2, 0, 1, 1, 1, 4, 4, 0, 0, 1, 1, 3, 0, 4, 0, 3]}, null, null, 52, false, [], false, 0, [], null, 0, 1744383329.7756565, 0, {}]
[{"0": [3, 3, 3, 4, 5, 2, 1, 1, 0, 2, 23, 19, 1, 0, 0, 1, 1]}, null, null, 53, false, [], false, 0, [], null, 0, 1744383329.9914742, 0, {}]
[{"0": [1, 1, 1, 1, 1, 4, 2, 1, 3, 4, 4, 2, 30, 2, 3, 2, 1]}, null, null, 54, false, [], false, 0, [], null, 0, 1744383330.223039, 0, {}]
[{"0": [1, 1, 2, 31, 24, 30, 25, 28, 1, 1, 1, 1, 1, 1, 2, 1, 4]}, null, null, 54, false, [], false, 0, [], null, 0, 1744383330.433323, 0, {}]
[{"0": [1, 2, 1, 0, 1, 28, 1, 3, 5, 0, 0, 2, 3, 0, 3, 2, 0]}, null, null, 55, false, [], false, 0, [], null, 0, 1744383330.6507525, 0, {}]
[{"0": [3, 1, 1, 2, 1, 3, 0, 0, 1, 2, 3, 2, 1, 3, 32, 25, 23]}, null, null, 55, false, [], false, 0, [], null, 0, 1744383330.857907, 0, {}]
[{"0": [2, 4, 4, 2, 2, 0, 0, 1, 0, 2, 2, 3, 4, 2, 2, 1, 2]}, null, null, 56, false, [], false, 0, [], null, 0, 1744383331.075143, 0, {}]
[{"0": [5, 0, 2, 3, 0, 1, 0, 3, 3, 0, 2, 1, 2, 0, 1, 23, 28]}, null, null, 57, false, [], false, 0, [], null, 0, 1744383331.306686, 0, {}]
[{"0": [8, 3, 25, 34, 35, 23, 2, 3, 3, 0, 5, 0, 2, 3, 2, 5, 1]}, null, null, 57, false, [], false, 0, [], null, 0, 1744383331.512987, 0, {}]
[{"0": [3, 1, 28, 0, 0, 0, 0, 4, 3, 1, 3, 0, 1, 0, 2, 0, 6]}, null, null, 58, false, [], false, 0, [], null, 0, 1744383331.7334638, 0, {}]
[{"0": [0, 1, 2, 3, 0, 4, 2, 1, 5, 2, 2, 1, 1, 0, 2, 0, 2]}, null, null, 58, false, [], false, 0, [], null, 0, 1744383331.9567447, 0, {}]
[{"0": [3, 0, 0, 4, 2, 1, 1, 2, 2, 3, 0, 1, 2, 2, 2, 0, 27]}, null, null, 59, false, [], false, 0, [], null, 0, 1744383332.1625874, 0, {}]
[{"0": [1, 1, 33, 1, 4, 2, 1, 3, 3, 2, 1, 3, 2, 1, 1, 2, 2]}, null, null, 60, false, [], false, 0, [], null, 0, 1744383332.3766685, 0, {}]
[{"0": [4, 3, 3, 23, 22, 17, 26, 27, 3, 2, 1, 2, 2, 3, 2, 3, 4]}, null, null, 60, false, [], false, 0, [], null, 0, 1744383332.603013, 0, {}]
[{"0": [3, 0, 0, 0, 3, 3, 0, 2, 0, 1, 39, 4, 0, 4, 1, 2, 0]}, null, null, 61, false, [], false, 0, [], null, 0, 1744383332.8195267, 0, {}]
[{"0": [0, 3, 0, 0, 2, 2, 0, 2, 1, 2, 2, 2, 3, 0, 2, 3, 24]}, null, null, 61, false, [], false, 0, [], null, 0, 1744383333.0296443, 0, {}]
[{"0": [2, 3, 3, 1, 2, 3, 30, 26, 32, 30, 22, 2, 3, 2, 2, 2, 2]}, null, null, 62, false, [], false, 0, [], null, 0, 1744383333.2435794, 0, {}]
[{"0": [0, 3, 1, 4, 4, 3, 1, 3, 0, 2, 4, 2, 2, 4, 32, 29, 2]}, null, null, 63, false, [], false, 0, [], null, 0, 1744383333.4801664, 0, {}]
[{"0": [0, 2, 4, 1, 3, 1, 0, 5, 4, 2, 3, 3, 2, 1, 0, 0, 3]}, null, null, 63, false, [], false, 0, [], null, 0, 1744383333.677875, 0, {}]
[{"0": [2, 2, 2, 1, 0, 2, 1, 1, 1, 3, 2, 2, 1, 0, 1, 2, 1]}, null, null, 64, false, [], false, 0, [], null, 0, 1744383333.9043, 0, {}]
[{"0": [0, 3, 1, 2, 2, 2, 3, 5, 2, 21, 1, 3, 3, 1, 2, 4, 2]}, null, null, 64, false, [], false, 0, [], null, 0, 1744383334.1254046, 0, {}]
[{"0": [2, 0, 2, 1, 5, 3, 3, 1, 36, 28, 22, 22, 28, 26, 21, 32, 28]}, null, null, 65, false, [], false, 0, [], null, 0, 1744383334.3315768, 0, {}]
[{"0": [1, 1, 6, 2, 22, 2, 2, 0, 4, 2, 2, 1, 1, 2, 2, 1, 1]}, null, null, 66, false, [], false, 0, [], null, 0, 1744383334.548483, 0, {}]
[{"0": [1, 1, 2, 2, 1, 1, 1, 2, 1, 1, 4, 3, 2, 1, 0, 4, 36]}, null, null, 66, false, [], false, 0, [], null, 0, 1744383334.7653966, 0, {}]
[{"0": [21, 23, 31, 25, 23, 25, 23, 35, 30, 3, 2, 0, 1, 3, 0, 0, 5]}, null, null, 67, false, [], false, 0, [], null, 0, 1744383334.9879396, 0, {}]
[{"0": [1, 2, 0, 0, 3, 1, 1, 4, 2, 26, 28, 29, 17, 28, 29, 29, 33]}, null, null, 67, false, [], false, 0, [], null, 0, 1744383335.2032547, 0, {}]
[{"0": [1, 3, 2, 1, 0, 1, 1, 0, 2, 5, 2, 3, 3, 1, 3, 1, 24]}, null, null, 68, false, [], false, 0, [], null, 0, 1744383335.4134502, 0, {}]
[{"0": [3, 0, 2, 4, 4, 0, 2, 2, 3, 1, 2, 0, 22, 27, 27, 27, 22]}, null, null, 69, false, [], false, 0, [], null, 0, 1744383335.6296802, 0, {}]
[{"0": [3, 1, 2, 2, 1, 1, 1, 3, 1, 4, 0, 3, 25, 18, 20, 30, 17]}, null, null, 69, false, [], false, 0, [], null, 0, 1744383335.844576, 0, {}]
[{"0": [3, 2, 3, 1, 1, 1, 2, 3, 3, 0, 3, 0, 1, 2, 5, 3, 28]}, null, null, 70, false, [], false, 0, [], null, 0, 1744383336.0686789, 0, {}]
[{"0": [4, 0, 5, 1, 1, 2, 1, 2, 1, 3, 3, 0, 4, 1, 2, 1, 25]}, null, null, 70, false, [], false, 0, [], null, 0, 1744383336.2804086, 0, {}]
[{"0": [1, 2, 2, 2, 3, 2, 3, 4, 1, 1, 2, 0, 2, 2, 0, 20, 26]}, null, null, 71, false, [], false, 0, [], null, 0, 1744383336.4977822, 0, {}]
[{"0": [3, 1, 2, 2, 3, 2, 2, 1, 3, 2, 0, 1, 3, 1, 1, 18, 27]}, null, null, 72, false, [], false, 0, [], null, 0, 1744383336.715303, 0, {}]
[{"0": [4, 2, 4, 4, 1, 0, 3, 1, 0, 1, 1, 3, 4, 2, 28, 27, 2]}, null, null, 72, false, [], false, 0, [], null, 0, 1744383336.9372888, 0, {}]
[{"0": [0, 0, 1, 2, 3, 1, 3, 0, 1, 0, 3, 4, 1, 6, 3, 2, 16]}, null, null, 73, false, [], false, 0, [], null, 0, 1744383337.155773, 0, {}]
[{"0": [22, 0, 1, 1, 1, 1, 1, 1, 2, 1, 2, 3, 1, 6, 26, 1, 0]}, null, null, 73, false, [], false, 0, [], null, 0, 1744383337.3718596, 0, {}]
[{"0": [25, 0, 0, 2, 0, 0, 1, 0, 1, 2, 0, 3, 3, 0, 1, 0, 1]}, null, null, 74, false, [], false, 0, [], null, 0, 1744383337.5891125, 0, {}]
[{"0": [1, 2, 3, 0, 3, 2, 28, 30, 29, 23, 29, 26, 31, 3, 2, 3, 1]}, null, null, 75, false, [], false, 0, [], null, 0, 1744383337.8096106, 0, {}]
[{"0": [1, 2, 4, 0, 2, 2, 2, 1, 5, 0, 1, 2, 2, 31, 26, 32, 29]}, null, null, 75, false, [], false, 0, [], null, 0, 1744383338.0188735, 0, {}]
[{"0": [3, 2, 2, 2, 0, 0, 1, 3, 0, 1, 35, 39, 32, 31, 0, 1, 0]}, null, null, 76, false, [], false, 0, [], null, 0, 1744383338.2264128, 0, {}]
[{"0": [0, 0, 5, 2, 38, 29, 25, 25, 27, 38, 31, 25, 24, 36, 21, 44, 22]}, null, null, 77, false, [], false, 0, [], null, 0, 1744383338.4498298, 0, {}]
[{"0": [0, 0, 0, 1, 1, 6, 1, 3, 5, 5, 2, 2, 24, 26, 23, 22, 32]}, null, null, 77, false, [], false, 0, [], null, 0, 1744383338.6734824, 0, {}]
[{"0": [25, 1, 1, 1, 0, 1, 3, 1, 0, 1, 0, 2, 5, 3, 0, 2, 1]}, null, null, 78, false, [], false, 0, [], null, 0, 1744383338.8878434, 0, {}]
[{"0": [31, 23, 2, 1, 7, 2, 3, 3, 3, 3, 2, 1, 4, 0, 1, 3, 0]}, null, null, 78, false, [], false, 0, [], null, 0, 1744383339.115419, 0, {}]
[{"0": [2, 3, 3, 31, 1, 0, 5, 2, 2, 3, 2, 2, 2, 4, 0, 4, 2]}, null, null, 79, false, [], false, 0, [], null, 0, 1744383339.324614, 0, {}]
[{"0": [0, 4, 6, 3, 2, 16, 25, 35, 22, 26, 31, 27, 26, 26, 27, 1, 1]}, null, null, 80, false, [], false, 0, [], null, 0, 1744383339.5329268, 0, {}]
[{"0": [1, 0, 1, 0, 3, 4, 3, 1, 3, 1, 3, 1, 2, 30, 20, 42, 28]}, null, null, 80, false, [], false, 0, [], null, 0, 1744383339.7676144, 0, {}]
[{"0": [2, 5, 4, 2, 2, 2, 4, 2, 1, 0, 3, 2, 0, 2, 22, 23, 22]}, null, null, 81, false, [], false, 0, [], null, 0, 1744383339.9757316, 0, {}]
[{"0": [0, 4, 3, 5, 1, 26, 29, 3, 0, 2, 2, 1, 1, 1, 3, 1, 0]}, null, null, 81, false, [], false, 0, [], null, 0, 1744383340.1874661, 0, {}]
[{"0": [2, 4, 2, 3, 0, 0, 2, 0, 2, 3, 1, 2, 1, 1, 3, 0, 27]}, null, null, 82, false, [], false, 0, [], null, 0, 1744383340.4113479, 0, {}]
[{"0": [6, 2, 0, 2, 28, 32, 37, 24, 1, 2, 5, 4, 1, 1, 0, 1, 0]}, null, null, 83, false, [], false, 0, [], null, 0, 1744383340.6216137, 0, {}]
[{"0": [2, 0, 1, 1, 2, 3, 3, 2, 1, 23, 2, 3, 0, 1, 1, 0, 1]}, null, null, 83, false, [], false, 0, [], null, 0, 1744383340.8396704, 0, {}]
[{"0": [1, 0, 3, 0, 1, 5, 1, 1, 0, 3, 2, 1, 0, 2, 4, 2, 24]}, null, null, 84, false, [], false, 0, [], null, 0, 1744383341.055583, 0, {}]
[{"0": [4, 0, 2, 1, 33, 37, 28, 1, 1, 2, 1, 2, 1, 0, 0, 3, 0]}, null, null, 84, false, [], false, 0, [], null, 0, 1744383341.259374, 0, {}]
[{"0": [1, 2, 1, 2, 2, 1, 2, 2, 3, 1, 4, 34, 21, 28, 23, 22, 23]}, null, null, 85, false, [], false, 0, [], null, 0, 1744383341.480523, 0, {}]
[{"0": [3, 2, 3, 15, 30, 1, 0, 4, 0, 1, 1, 3, 1, 2, 0, 2, 1]}, null, null, 86, false, [], false, 0, [], null, 0, 1744383341.7022884, 0, {}]
[{"0": [1, 2, 2, 2, 0, 4, 0, 1, 2, 4, 1, 2, 6, 1, 3, 3, 2]}, null, null, 86, false, [], false, 0, [], null, 0, 1744383341.9229465, 0, {}]
[{"0": [0, 2, 3, 4, 1, 3, 1, 3, 2, 0, 0, 2, 26, 16, 25, 28, 28]}, null, null, 87, false, [], false, 0, [], null, 0, 1744383342.1263945, 0, {}]
[{"0": [3, 0, 1, 2, 2, 3, 0, 0, 3, 1, 0, 2, 2, 1, 2, 1, 2]}, null, null, 87, false, [], false, 0, [], null, 0, 1744383342.362675, 0, {}]
[{"0": [3, 3, 2, 0, 1, 3, 4, 1, 0, 1, 0, 1, 2, 29, 4, 1, 4]}, null, null, 88, false, [], false, 0, [], null, 0, 1744383342.5670068, 0, {}]
[{"0": [4, 3, 2, 2, 1, 2, 4, 1, 1, 1, 40, 22, 37, 27, 24, 0, 2]}, null, null, 89, false, [], false, 0, [], null, 0, 1744383342.7916274, 0, {}]
[{"0": [1, 0, 3, 0, 1, 2, 1, 27, 30, 37, 1, 1, 37, 36, 32, 29, 48]}, null, null, 89, false, [], false, 0, [], null, 0, 1744383343.0090206, 0, {}]
[{"0": [3, 1, 1, 4, 1, 0, 1, 1, 1, 2, 1, 3, 31, 29, 28, 1, 3]}, null, null, 90, false, [], false, 0, [], null, 0, 1744383343.2206666, 0, {}]
[{"0": [1, 2, 2, 3, 4, 2, 1, 2, 0, 1, 2, 3, 0, 0, 0, 0, 5]}, null, null, 90, false, [], false, 0, [], null, 0, 1744383343.446018, 0, {}]
[{"0": [32, 36, 30, 32, 37, 34, 36, 29, 31, 1, 1, 1, 2, 1, 3, 1, 0]}, null, null, 91, false, [], false, 0, [], null, 0, 1744383343.6525683, 0, {}]
[{"0": [1, 1, 6, 1, 4, 1, 0, 1, 3, 3, 1, 2, 33, 27, 29, 24, 24]}, null, null, 92, false, [], false, 0, [], null, 0, 1744383343.87265, 0, {}]
[{"0": [4, 2, 2, 30, 27, 23, 23, 27, 29, 29, 16, 27, 31, 18, 27, 23, 28]}, null, null, 92, false, [], false, 0, [], null, 0, 1744383344.0896845, 0, {}]
[{"0": [0, 0, 3, 4, 0, 2, 4, 2, 4, 5, 2, 0, 1, 2, 2, 1, 2]}, null, null, 93, false, [], false, 0, [], null, 0, 1744383344.3168004, 0, {}]
[{"0": [4, 2, 0, 0, 0, 2, 1, 2, 0, 1, 22, 26, 32, 25, 22, 35, 27]}, null, null, 93, false, [], false, 0, [], null, 0, 1744383344.5285132, 0, {}]
[{"0": [2, 3, 1, 2, 5, 0, 3, 1, 5, 3, 2, 2, 2, 3, 22, 23, 24]}, null, null, 94, false, [], false, 0, [], null, 0, 1744383344.7456055, 0, {}]
[{"0": [3, 3, 0, 0, 4, 1, 1, 0, 5, 1, 1, 1, 32, 2, 1, 1, 2]}, null, null, 95, false, [], false, 0, [], null, 0, 1744383344.9667933, 0, {}]
[{"0": [1, 0, 1, 1, 6, 1, 2, 1, 3, 3, 2, 1, 2, 1, 28, 0, 0]}, null, null, 95, false, [], false, 0, [], null, 0, 1744383345.1749346, 0, {}]
[{"0": [2, 2, 4, 4, 1, 3, 0, 1, 0, 2, 21, 25, 33, 31, 21, 20, 29]}, null, null, 96, false, [], false, 0, [], null, 0, 1744383345.4022093, 0, {}]
[{"0": [1, 2, 3, 2, 2, 1, 0, 1, 4, 1, 1, 2, 2, 1, 2, 29, 23]}, null, null, 96, false, [], false, 0, [], null, 0, 1744383345.614167, 0, {}]
[{"0": [1, 0, 2, 4, 3, 1, 1, 3, 1, 1, 0, 0, 0, 1, 3, 0, 5]}, null, null, 97, false, [], false, 0, [], null, 0, 1744383345.8186948, 0, {}]
[{"0": [13, 31, 26, 0, 3, 6, 1, 4, 0, 2, 3, 2, 3, 1, 0, 0, 3]}, null, null, 98, false, [], false, 0, [], null, 0, 1744383346.0450323, 0, {}]
[{"0": [0, 3, 20, 26, 38, 23, 37, 41, 1, 3, 5, 0, 5, 3, 1, 0, 2]}, null, null, 98, false, [], false, 0, [], null, 0, 1744383346.2556446, 0, {}]
[{"0": [0, 2, 0, 3, 36, 24, 33, 22, 31, 3, 3, 1, 2, 3, 1, 1, 1]}, null, null, 99, false, [], false, 0, [], null, 0, 1744383346.4764843, 0, {}]
[{"0": [0, 3, 2, 4, 4, 2, 31, 29, 38, 25, 27, 33, 29, 32, 25, 26, 32]}, null, null, 99, false, [], false, 0, [], null, 0, 1744383346.6902199, 0, {}]
[{"0": [29, 2, 3, 3, 3, 3, 1, 0, 4, 1, 1, 2, 1, 4, 1, 2, 0]}, null, null, 100, false, [], false, 0, [], null, 0, 1744383346.916503, 0, {}]
[{"0": [34, 33, 2, 4, 2, 0, 1, 4, 1, 1, 3, 2, 1, 0, 0, 3, 2]}, null, null, 101, false, [], false, 0, [], null, 0, 1744383347.1297853, 0, {}]
[{"0": [6, 6, 4, 2, 1, 1, 1, 1, 0, 5, 3, 2, 24, 28, 14, 2, 0]}, null, null, 101, false, [], false, 0, [], null, 0, 1744383347.344954, 0, {}]
[{"0": [4, 3, 2, 0, 3, 1, 2, 2, 0, 2, 1, 4, 1, 31, 34, 20, 24]}, null, null, 102, false, [], false, 0, [], null, 0, 1744383347.559023, 0, {}]
[{"0": [1, 4, 1, 29, 1, 3, 0, 1, 5, 1, 1, 1, 1, 0, 1, 1, 1]}, null, null, 102, false, [], false, 0, [], null, 0, 1744383347.783685, 0, {}]
[{"0": [0, 1, 1, 2, 3, 2, 0, 0, 0, 1, 2, 5, 2, 2, 2, 1, 2]}, null, null, 103, false, [], false, 0, [], null, 0, 1744383347.990505, 0, {}]
[{"0": [1, 2, 23, 28, 29, 30, 30, 6, 2, 1, 1, 1, 3, 1, 3, 3, 3]}, null, null, 104, false, [], false, 0, [], null, 0, 1744383348.2050347, 0, {}]
[{"0": [0, 2, 2, 1, 0, 1, 0, 2, 3, 0, 1, 5, 0, 2, 2, 2, 2]}, null, null, 104, false, [], false, 0, [], null, 0, 1744383348.41612, 0, {}]
[{"0": [1, 4, 3, 5, 3, 3, 1, 3, 3, 1, 2, 19, 22, 22, 28, 26, 27]}, null, null, 105, false, [], false, 0, [], null, 0, 1744383348.6396987, 0, {}]
[{"0": [1, 2, 0, 0, 0, 4, 1, 1, 4, 3, 0, 0, 1, 2, 3, 2, 21]}, null, null, 105, false, [], false, 0, [], null, 0, 1744383348.8590753, 0, {}]
[{"0": [32, 27, 1, 0, 1, 1, 0, 1, 2, 4, 4, 4, 3, 2, 4, 2, 1]}, null, null, 106, false, [], false, 0, [], null, 0, 1744383349.0592184, 0, {}]
[{"0": [1, 0, 2, 33, 20, 2, 0, 2, 3, 1, 1, 2, 1, 2, 3, 1, 1]}, null, null, 107, false, [], false, 0, [], null, 0, 1744383349.2963295, 0, {}]
[{"0": [22, 27, 34, 28, 22, 31, 0, 0, 2, 2, 1, 0, 3, 1, 2, 2, 1]}, null, null, 107, false, [], false, 0, [], null, 0, 1744383349.5095198, 0, {}]
[{"0": [2, 7, 27, 2, 2, 3, 4, 3, 5, 2, 1, 1, 2, 3, 1, 2, 2]}, null, null, 108, false, [], false, 0, [], null, 0, 1744383349.7175014, 0, {}]
[{"0": [2, 2, 1, 0, 0, 1, 3, 0, 0, 1, 5, 1, 0, 2, 4, 24, 35]}, null, null, 108, false, [], false, 0, [], null, 0, 1744383349.936943, 0, {}]
[{"0": [1, 3, 3, 2, 1, 0, 0, 3, 6, 1, 5, 1, 2, 1, 1, 0, 2]}, null, null, 109, false, [], false, 0, [], null, 0, 1744383350.1664846, 0, {}]
[{"0": [31, 1, 4, 1, 1, 1, 2, 1, 1, 3, 0, 2, 2, 3, 2, 1, 1]}, null, null, 110, false, [], false, 0, [], null, 0, 1744383350.383178, 0, {}]
[{"0": [2, 1, 2, 3, 2, 1, 1, 1, 3, 0, 4, 0, 2, 2, 23, 26, 26]}, null, null, 110, false, [], false, 0, [], null, 0, 1744383350.5974693, 0, {}]
[{"0": [1, 1, 5, 2, 2, 3, 2, 3, 0, 2, 2, 3, 27, 28, 29, 36, 29]}, null, null, 111, false, [], false, 0, [], null, 0, 1744383350.8082542, 0, {}]
[{"0": [2, 1, 3, 5, 3, 3, 3, 1, 3, 3, 2, 3, 30, 21, 24, 19, 25]}, null, null, 111, false, [], false, 0, [], null, 0, 1744383351.016242, 0, {}]
[{"0": [2, 3, 3, 2, 2, 1, 2, 3, 1, 7, 4, 2, 3, 2, 27, 34, 17]}, null, null, 112, false, [], false, 0, [], null, 0, 1744383351.2352698, 0, {}]
[{"0": [3, 1, 0, 1, 3, 2, 4, 6, 25, 26, 26, 21, 27, 23, 35, 32, 27]}, null, null, 113, false, [], false, 0, [], null, 0, 1744383351.4523275, 0, {}]
[{"0": [3, 1, 2, 3, 0, 2, 0, 1, 0, 2, 0, 0, 3, 5, 3, 1, 2]}, null, null, 113, false, [], false, 0, [], null, 0, 1744383351.677758, 0, {}]
[{"0": [2, 1, 1, 4, 3, 5, 4, 4, 2, 0, 3, 1, 1, 2, 34, 24, 27]}, null, null, 114, false, [], false, 0, [], null, 0, 1744383351.880215, 0, {}]
[{"0": [5, 0, 2, 2, 0, 2, 1, 1, 2, 1, 1, 1, 3, 1, 30, 26, 29]}, null, null, 114, false, [], false, 0, [], null, 0, 1744383352.1025434, 0, {}]
[{"0": [1, 1, 2, 4, 2, 1, 1, 1, 5, 3, 6, 0, 1, 1, 28, 23, 2]}, null, null, 115, false, [], false, 0, [], null, 0, 1744383352.3231866, 0, {}]
[{"0": [2, 2, 6, 1, 2, 1, 1, 1, 2, 1, 3, 1, 2, 0, 2, 21, 26]}, null, null, 116, false, [], false, 0, [], null, 0, 1744383352.544282, 0, {}]
[{"0": [38, 19, 20, 23, 2, 2, 0, 0, 1, 1, 3, 2, 1, 4, 1, 0, 2]}, null, null, 116, false, [], false, 0, [], null, 0, 1744383352.7525997, 0, {}]
[{"0": [44, 22, 24, 29, 1, 2, 0, 3, 3, 1, 2, 0, 1, 1, 1, 2, 0]}, null, null, 117, false, [], false, 0, [], null, 0, 1744383352.9651415, 0, {}]
[{"0": [2, 3, 2, 4, 2, 5, 2, 4, 3, 1, 0, 28, 1, 0, 5, 2, 0]}, null, null, 117, false, [], false, 0, [], null, 0, 1744383353.1969216, 0, {}]
[{"0": [1, 1, 2, 0, 43, 25, 2, 2, 1, 0, 1, 2, 2, 2, 2, 1, 5]}, null, null, 118, false, [], false, 0, [], null, 0, 1744383353.4069939, 0, {}]
[{"0": [2, 2, 2, 4, 1, 3, 2, 27, 27, 0, 3, 3, 1, 2, 2, 2, 2]}, null, null, 119, false, [], false, 0, [], null, 0, 1744383353.629369, 0, {}]
[{"0": [0, 0, 0, 2, 3, 2, 0, 1, 5, 1, 3, 1, 1, 2, 3, 27, 20]}, null, null, 119, false, [], false, 0, [], null, 0, 1744383353.8328083, 0, {}]
[{"0": [3, 1, 3, 28, 24, 30, 28, 38, 3, 0, 1, 2, 2, 3, 2, 3, 2]}, null, null, 120, false, [], false, 0, [], null, 0, 1744383354.064745, 0, {}]
[{"0": [3, 1, 3, 1, 2, 1, 1, 3, 3, 1, 3, 3, 1, 3, 4, 3, 20]}, null, null, 120, false, [], false, 0, [], null, 0, 1744383354.2661295, 0, {}]
[{"0": [3, 4, 2, 2, 3, 0, 1, 2, 3, 24, 2, 2, 2, 0, 2, 0, 0]}, null, null, 121, false, [], false, 0, [], null, 0, 1744383354.4843268, 0, {}]
[{"0": [0, 0, 1, 2, 5, 0, 2, 0, 22, 19, 21, 25, 41, 1, 1, 5, 2]}, null, null, 122, false, [], false, 0, [], null, 0, 1744383354.707414, 0, {}]
[{"0": [3, 1, 2, 3, 0, 3, 2, 3, 3, 2, 3, 2, 32, 31, 22, 32, 23]}, null, null, 122, false, [], false, 0, [], null, 0, 1744383354.916352, 0, {}]
[{"0": [2, 1, 1, 1, 4, 2, 1, 34, 34, 30, 38, 1, 3, 3, 4, 3, 3]}, null, null, 123, false, [], false, 0, [], null, 0, 1744383355.142033, 0, {}]
[{"0": [0, 2, 2, 1, 1, 37, 32, 25, 28, 3, 0, 1, 1, 4, 0, 1, 4]}, null, null, 123, false, [], false, 0, [], null, 0, 1744383355.3563638, 0, {}]
[{"0": [1, 3, 33, 24, 18, 31, 28, 24, 30, 26, 28, 2, 2, 2, 3, 1, 2]}, null, null, 124, false, [], false, 0, [], null, 0, 1744383355.5691166, 0, {}]
[{"0": [1, 2, 0, 1, 0, 2, 2, 1, 0, 33, 23, 33, 0, 4, 1, 0, 1]}, null, null, 125, false, [], false, 0, [], null, 0, 1744383355.7901444, 0, {}]
[{"0": [1, 2, 1, 2, 0, 4, 1, 2, 36, 23, 26, 22, 2, 2, 1, 2, 2]}, null, null, 125, false, [], false, 0, [], null, 0, 1744383355.9940832, 0, {}]
[{"0": [3, 2, 2, 2, 1, 2, 3, 2, 1, 2, 2, 0, 1, 26, 21, 27, 21]}, null, null, 126, false, [], false, 0, [], null, 0, 1744383356.2276707, 0, {}]
[{"0": [2, 0, 26, 18, 20, 27, 22, 32, 33, 2, 0, 0, 5, 2, 3, 3, 1]}, null, null, 127, false, [], false, 0, [], null, 0, 1744383356.4493196, 0, {}]
[{"0": [3, 2, 1, 1, 1, 3, 2, 4, 32, 0, 4, 1, 1, 2, 0, 2, 2]}, null, null, 127, false, [], false, 0, [], null, 0, 1744383356.6572556, 0, {}]
[{"0": [3, 2, 2, 4, 2, 2, 31, 26, 25, 26, 24, 27, 35, 29, 31, 34, 30]}, null, null, 128, false, [], false, 0, [], null, 0, 1744383356.8773956, 0, {}]
[{"0": [1, 3, 4, 0, 3, 0, 2, 2, 0, 4, 3, 2, 2, 2, 2, 0, 26]}, null, null, 128, false, [], false, 0, [], null, 0, 1744383357.091871, 0, {}]
[{"0": [5, 6, 2, 0, 1, 1, 31, 23, 1, 0, 1, 0, 1, 2, 3, 1, 1]}, null, null, 129, false, [], false, 0, [], null, 0, 1744383357.3180346, 0, {}]
[{"0": [29, 29, 2, 0, 1, 5, 3, 2, 0, 3, 1, 2, 1, 2, 3, 2, 4]}, null, null, 130, false, [], false, 0, [], null, 0, 1744383357.5097084, 0, {}]
[{"0": [4, 1, 1, 2, 3, 29, 2, 1, 1, 0, 1, 4, 3, 3, 3, 2, 3]}, null, null, 130, false, [], false, 0, [], null, 0, 1744383357.7492442, 0, {}]
[{"0": [1, 3, 27, 31, 20, 23, 29, 34, 27, 36, 3, 4, 2, 3, 2, 3, 2]}, null, null, 131, false, [], false, 0, [], null, 0, 1744383357.9676456, 0, {}]
[{"0": [0, 3, 1, 3, 2, 0, 4, 2, 0, 2, 3, 0, 1, 3, 1, 1, 31]}, null, null, 131, false, [], false, 0, [], null, 0, 1744383358.1833107, 0, {}]
[{"0": [31, 28, 3, 1, 4, 3, 2, 3, 3, 5, 1, 0, 2, 1, 2, 2, 0]}, null, null, 132, false, [], false, 0, [], null, 0, 1744383358.3864377, 0, {}]
[{"0": [1, 0, 3, 3, 1, 2, 0, 3, 1, 1, 3, 0, 29, 39, 34, 24, 27]}, null, null, 133, false, [], false, 0, [], null, 0, 1744383358.612768, 0, {}]
[{"0": [17, 23, 27, 27, 23, 39, 26, 31, 41, 28, 37, 27, 40, 27, 26, 24, 30]}, null, null, 133, false, [], false, 0, [], null, 0, 1744383358.8303235, 0, {}]
[{"0": [3, 0, 1, 1, 0, 3, 4, 1, 0, 3, 34, 3, 4, 2, 1, 5, 1]}, null, null, 134, false, [], false, 0, [], null, 0, 1744383359.0453331, 0, {}]
[{"0": [3, 1, 3, 3, 1, 0, 0, 1, 0, 5, 3, 2, 2, 2, 1, 0, 3]}, null, null, 134, false, [], false, 0, [], null, 0, 1744383359.263392, 0, {}]
[{"0": [2, 2, 0, 2, 3, 1, 1, 1, 2, 0, 22, 1, 2, 1, 3, 1, 0]}, null, null, 135, false, [], false, 0, [], null, 0, 1744383359.4656534, 0, {}]
[{"0": [2, 2, 1, 1, 0, 2, 0, 1, 2, 8, 3, 2, 0, 4, 3, 2, 29]}, null, null, 136, false, [], false, 0, [], null, 0, 1744383359.6980402, 0, {}]
[{"0": [0, 1, 2, 2, 4, 1, 1, 1, 1, 4, 28, 3, 1, 1, 3, 5, 0]}, null, null, 136, false, [], false, 0, [], null, 0, 1744383359.9120839, 0, {}]
[{"0": [4, 1, 2, 2, 2, 22, 25, 23, 37, 28, 36, 25, 35, 33, 36, 1, 2]}, null, null, 137, false, [], false, 0, [], null, 0, 1744383360.1222413, 0, {}]
[{"0": [1, 1, 2, 2, 5, 2, 2, 2, 1, 3, 2, 0, 30, 2, 1, 3, 1]}, null, null, 137, false, [], false, 0, [], null, 0, 1744383360.3549905, 0, {}]
[{"0": [3, 1, 1, 3, 1, 3, 1, 3, 1, 3, 3, 4, 29, 32, 30, 23, 1]}, null, null, 138, false, [], false, 0, [], null, 0, 1744383360.5553966, 0, {}]
[{"0": [3, 1, 0, 1, 0, 3, 1, 3, 2, 1, 1, 27, 28, 31, 30, 36, 24]}, null, null, 139, false, [], false, 0, [], null, 0, 1744383360.7842443, 0, {}]
[{"0": [1, 1, 2, 1, 2, 3, 22, 33, 3, 1, 1, 3, 2, 3, 5, 2, 1]}, null, null, 139, false, [], false, 0, [], null, 0, 1744383360.9948282, 0, {}]
[{"0": [22, 2, 2, 2, 2, 3, 4, 1, 2, 0, 2, 2, 2, 0, 3, 2, 2]}, null, null, 140, false, [], false, 0, [], null, 0, 1744383361.2088158, 0, {}]
[{"0": [3, 2, 2, 0, 2, 0, 1, 0, 2, 1, 0, 1, 2, 0, 26, 29, 30]}, null, null, 140, false, [], false, 0, [], null, 0, 1744383361.4319155, 0, {}]
[{"0": [3, 3, 0, 3, 2, 2, 1, 2, 4, 0, 1, 0, 1, 1, 0, 28, 27]}, null, null, 141, false, [], false, 0, [], null, 0, 1744383361.6414137, 0, {}]
[{"0": [4, 3, 4, 2, 3, 2, 2, 1, 34, 2, 5, 1, 2, 2, 7, 1, 2]}, null, null, 142, false, [], false, 0, [], null, 0, 1744383361.8575678, 0, {}]
[{"0": [1, 2, 1, 1, 1, 2, 3, 2, 0, 2, 1, 2, 2, 0, 1, 1, 22]}, null, null, 142, false, [], false, 0, [], null, 0, 1744383362.075978, 0, {}]
[{"0": [0, 0, 3, 2, 1, 2, 1, 3, 0, 2, 0, 2, 0, 1, 3, 30, 21]}, null, null, 143, false, [], false, 0, [], null, 0, 1744383362.2877119, 0, {}]
[{"0": [2, 3, 4, 4, 1, 1, 3, 1, 2, 0, 1, 2, 3, 1, 2, 1, 2]}, null, null, 143, false, [], false, 0, [], null, 0, 1744383362.5054886, 0, {}]
[{"0": [2, 1, 2, 1, 2, 1, 1, 4, 6, 2, 3, 2, 0, 5, 1, 37, 31]}, null, null, 144, false, [], false, 0, [], null, 0, 1744383362.725478, 0, {}]
[{"0": [2, 2, 1, 23, 27, 31, 35, 22, 35, 1, 4, 2, 2, 2, 0, 0, 0]}, null, null, 145, false, [], false, 0, [], null, 0, 1744383362.9460056, 0, {}]
[{"0": [1, 1, 4, 2, 4, 5, 6, 1, 0, 3, 1, 3, 1, 3, 0, 0, 40]}, null, null, 145, false, [], false, 0, [], null, 0, 1744383363.1591964, 0, {}]
[{"0": [4, 2, 1, 1, 0, 0, 2, 2, 1, 2, 3, 34, 31, 0, 0, 2, 2]}, null, null, 146, false, [], false, 0, [], null, 0, 1744383363.3787553, 0, {}]
[{"0": [2, 3, 1, 2, 1, 2, 3, 3, 3, 25, 1, 5, 3, 5, 3, 1, 2]}, null, null, 146, false, [], false, 0, [], null, 0, 1744383363.5932484, 0, {}]
[{"0": [1, 1, 3, 2, 2, 1, 2, 2, 1, 1, 4, 2, 3, 1, 2, 27, 28]}, null, null, 147, false, [], false, 0, [], null, 0, 1744383363.8066726, 0, {}]
[{"0": [17, 27, 2, 2, 5, 1, 3, 1, 2, 1, 1, 1, 4, 2, 1, 0, 2]}, null, null, 148, false, [], false, 0, [], null, 0, 1744383364.0272598, 0, {}]
[{"0": [2, 2, 1, 0, 2, 4, 2, 1, 5, 0, 1, 2, 1, 1, 2, 2, 19]}, null, null, 148, false, [], false, 0, [], null, 0, 1744383364.2418094, 0, {}]
[{"0": [19, 28, 0, 3, 0, 2, 1, 4, 2, 2, 0, 0, 1, 3, 1, 0, 1]}, null, null, 149, false, [], false, 0, [], null, 0, 1744383364.4580147, 0, {}]
[{"0": [1, 1, 1, 0, 0, 1, 4, 1, 0, 36, 23, 2, 0, 0, 3, 1, 1]}, null, null, 149, false, [], false, 0, [], null, 0, 1744383364.672839, 0, {}]
[{"0": [0, 1, 1, 4, 3, 0, 3, 0, 3, 0, 1, 1, 3, 2, 5, 2, 4]}, null, null, 150, true, [], false, 0, [], null, 0, 1744383364.8908076, 0, {}]
