[{"0": [0, 1, 3, 0, 2, 3, 2, 2, 2, 3, 30, 34, 25, 41, 27, 32, 31]}, null, null, 0, false, [], false, 0, [], null, 0, 1744381531.1276345, 0, {}]
[{"0": [3, 1, 2, 3, 1, 0, 2, 4, 1, 2, 1, 1, 1, 2, 3, 35, 23]}, null, null, 1, false, [], false, 0, [], null, 0, 1744381531.3658717, 0, {}]
[{"0": [1, 1, 4, 0, 0, 3, 23, 28, 1, 3, 2, 2, 2, 3, 1, 3, 1]}, null, null, 1, false, [], false, 0, [], null, 0, 1744381531.5700133, 0, {}]
[{"0": [1, 3, 4, 3, 2, 2, 1, 5, 2, 2, 4, 23, 28, 27, 2, 3, 2]}, null, null, 2, false, [], false, 0, [], null, 0, 1744381531.7876399, 0, {}]
[{"0": [2, 3, 0, 2, 2, 2, 4, 3, 2, 6, 2, 32, 32, 28, 34, 36, 29]}, null, null, 2, false, [], false, 0, [], null, 0, 1744381532.0001147, 0, {}]
[{"0": [2, 0, 2, 2, 3, 0, 2, 3, 1, 0, 2, 1, 1, 36, 35, 23, 38]}, null, null, 3, false, [], false, 0, [], null, 0, 1744381532.2155702, 0, {}]
[{"0": [3, 3, 2, 2, 1, 1, 0, 1, 0, 1, 1, 27, 29, 0, 0, 2, 1]}, null, null, 4, false, [], false, 0, [], null, 0, 1744381532.4331965, 0, {}]
[{"0": [1, 2, 2, 35, 24, 26, 22, 1, 3, 3, 3, 4, 1, 0, 3, 2, 5]}, null, null, 4, false, [], false, 0, [], null, 0, 1744381532.6613374, 0, {}]
[{"0": [2, 4, 5, 2, 2, 4, 1, 7, 1, 0, 3, 18, 2, 6, 3, 3, 0]}, null, null, 5, false, [], false, 0, [], null, 0, 1744381532.8630402, 0, {}]
[{"0": [1, 2, 1, 0, 2, 2, 1, 2, 2, 0, 1, 1, 0, 4, 29, 31, 1]}, null, null, 5, false, [], false, 0, [], null, 0, 1744381533.0898159, 0, {}]
[{"0": [4, 3, 2, 2, 3, 2, 2, 3, 0, 2, 1, 1, 38, 30, 26, 35, 38]}, null, null, 6, false, [], false, 0, [], null, 0, 1744381533.3016844, 0, {}]
[{"0": [0, 1, 1, 4, 1, 1, 2, 0, 2, 0, 4, 1, 0, 4, 3, 2, 4]}, null, null, 7, false, [], false, 0, [], null, 0, 1744381533.5251222, 0, {}]
[{"0": [35, 4, 5, 2, 1, 2, 2, 3, 2, 4, 1, 2, 3, 0, 5, 1, 3]}, null, null, 7, false, [], false, 0, [], null, 0, 1744381533.742869, 0, {}]
[{"0": [3, 3, 1, 3, 30, 34, 35, 30, 30, 3, 0, 2, 0, 1, 3, 2, 0]}, null, null, 8, false, [], false, 0, [], null, 0, 1744381533.9530709, 0, {}]
[{"0": [0, 0, 32, 29, 31, 38, 3, 0, 0, 3, 0, 1, 1, 3, 1, 7, 2]}, null, null, 8, false, [], false, 0, [], null, 0, 1744381534.170827, 0, {}]
[{"0": [6, 4, 1, 3, 0, 29, 25, 33, 29, 7, 0, 3, 4, 2, 2, 2, 0]}, null, null, 9, false, [], false, 0, [], null, 0, 1744381534.4036834, 0, {}]
[{"0": [21, 33, 28, 31, 22, 29, 37, 26, 3, 2, 0, 3, 3, 0, 3, 1, 2]}, null, null, 10, false, [], false, 0, [], null, 0, 1744381534.608932, 0, {}]
[{"0": [3, 2, 3, 2, 1, 2, 0, 4, 2, 32, 0, 0, 1, 1, 5, 3, 7]}, null, null, 10, false, [], false, 0, [], null, 0, 1744381534.8298552, 0, {}]
[{"0": [3, 1, 0, 3, 2, 3, 2, 2, 1, 0, 4, 4, 35, 17, 24, 25, 43]}, null, null, 11, false, [], false, 0, [], null, 0, 1744381535.0409632, 0, {}]
[{"0": [4, 0, 2, 0, 1, 3, 4, 3, 0, 29, 34, 34, 3, 2, 4, 1, 3]}, null, null, 11, false, [], false, 0, [], null, 0, 1744381535.2522418, 0, {}]
[{"0": [1, 3, 1, 5, 2, 1, 32, 34, 26, 31, 36, 26, 26, 38, 30, 34, 41]}, null, null, 12, false, [], false, 0, [], null, 0, 1744381535.4675293, 0, {}]
[{"0": [5, 1, 6, 1, 3, 2, 4, 2, 1, 2, 6, 28, 1, 3, 2, 1, 4]}, null, null, 13, false, [], false, 0, [], null, 0, 1744381535.6773496, 0, {}]
[{"0": [1, 2, 1, 29, 28, 23, 35, 3, 2, 2, 4, 4, 3, 1, 1, 4, 3]}, null, null, 13, false, [], false, 0, [], null, 0, 1744381535.8940086, 0, {}]
[{"0": [2, 0, 3, 3, 36, 31, 3, 1, 3, 3, 1, 2, 1, 2, 1, 2, 0]}, null, null, 14, false, [], false, 0, [], null, 0, 1744381536.1287427, 0, {}]
[{"0": [3, 2, 3, 5, 2, 2, 3, 2, 29, 34, 29, 37, 34, 28, 20, 31, 33]}, null, null, 14, false, [], false, 0, [], null, 0, 1744381536.3480082, 0, {}]
[{"0": [0, 0, 0, 1, 1, 1, 1, 2, 3, 35, 44, 27, 34, 40, 34, 28, 31]}, null, null, 15, false, [], false, 0, [], null, 0, 1744381536.5510082, 0, {}]
[{"0": [1, 2, 2, 3, 0, 1, 36, 36, 38, 2, 2, 2, 1, 3, 2, 2, 0]}, null, null, 16, false, [], false, 0, [], null, 0, 1744381536.7806618, 0, {}]
[{"0": [1, 3, 29, 35, 22, 4, 1, 1, 0, 6, 5, 3, 1, 3, 0, 2, 1]}, null, null, 16, false, [], false, 0, [], null, 0, 1744381536.9900746, 0, {}]
[{"0": [2, 2, 1, 5, 3, 3, 3, 5, 1, 29, 30, 39, 28, 3, 2, 3, 2]}, null, null, 17, false, [], false, 0, [], null, 0, 1744381537.2078624, 0, {}]
[{"0": [0, 0, 33, 25, 24, 1, 1, 4, 2, 5, 2, 1, 1, 2, 0, 1, 0]}, null, null, 17, false, [], false, 0, [], null, 0, 1744381537.4312143, 0, {}]
[{"0": [2, 1, 1, 5, 33, 27, 41, 32, 1, 2, 2, 1, 0, 1, 3, 0, 5]}, null, null, 18, false, [], false, 0, [], null, 0, 1744381537.6389627, 0, {}]
[{"0": [3, 3, 3, 2, 0, 0, 3, 25, 1, 1, 4, 4, 5, 4, 3, 2, 0]}, null, null, 19, false, [], false, 0, [], null, 0, 1744381537.8624444, 0, {}]
[{"0": [0, 2, 0, 2, 1, 0, 3, 2, 1, 2, 1, 5, 1, 0, 1, 26, 30]}, null, null, 19, false, [], false, 0, [], null, 0, 1744381538.0748122, 0, {}]
[{"0": [3, 0, 3, 5, 1, 0, 3, 1, 22, 24, 28, 31, 32, 0, 1, 0, 3]}, null, null, 20, false, [], false, 0, [], null, 0, 1744381538.299834, 0, {}]
[{"0": [4, 2, 2, 3, 2, 1, 2, 1, 1, 3, 1, 2, 25, 22, 40, 32, 25]}, null, null, 20, false, [], false, 0, [], null, 0, 1744381538.500366, 0, {}]
[{"0": [35, 23, 32, 37, 3, 1, 4, 2, 1, 1, 1, 3, 3, 3, 2, 1, 3]}, null, null, 21, false, [], false, 0, [], null, 0, 1744381538.7115693, 0, {}]
[{"0": [5, 2, 2, 2, 1, 4, 1, 1, 4, 3, 2, 2, 2, 1, 20, 1, 0]}, null, null, 22, false, [], false, 0, [], null, 0, 1744381538.9409864, 0, {}]
[{"0": [2, 1, 2, 1, 2, 3, 1, 27, 2, 5, 1, 3, 2, 0, 1, 0, 2]}, null, null, 22, false, [], false, 0, [], null, 0, 1744381539.1537814, 0, {}]
[{"0": [2, 2, 1, 3, 1, 2, 26, 32, 23, 21, 36, 1, 4, 2, 2, 3, 3]}, null, null, 23, false, [], false, 0, [], null, 0, 1744381539.379644, 0, {}]
[{"0": [3, 1, 29, 24, 38, 27, 27, 31, 26, 30, 33, 35, 36, 28, 2, 1, 6]}, null, null, 23, false, [], false, 0, [], null, 0, 1744381539.5982435, 0, {}]
[{"0": [0, 0, 2, 3, 29, 34, 39, 25, 1, 1, 3, 1, 2, 3, 2, 3, 5]}, null, null, 24, false, [], false, 0, [], null, 0, 1744381539.7996342, 0, {}]
[{"0": [2, 2, 2, 0, 1, 0, 1, 1, 3, 26, 31, 24, 36, 38, 27, 21, 26]}, null, null, 25, false, [], false, 0, [], null, 0, 1744381540.0163918, 0, {}]
[{"0": [1, 2, 2, 1, 5, 2, 2, 1, 0, 4, 29, 37, 35, 4, 3, 0, 2]}, null, null, 25, false, [], false, 0, [], null, 0, 1744381540.231935, 0, {}]
[{"0": [30, 32, 26, 28, 31, 32, 36, 27, 30, 40, 29, 33, 33, 35, 38, 2, 4]}, null, null, 26, false, [], false, 0, [], null, 0, 1744381540.4632719, 0, {}]
[{"0": [0, 0, 2, 2, 30, 35, 29, 3, 3, 4, 3, 1, 1, 2, 1, 3, 1]}, null, null, 27, false, [], false, 0, [], null, 0, 1744381540.6758478, 0, {}]
[{"0": [31, 5, 1, 2, 1, 3, 2, 0, 1, 0, 4, 3, 1, 3, 1, 1, 7]}, null, null, 27, false, [], false, 0, [], null, 0, 1744381540.8907733, 0, {}]
[{"0": [1, 3, 1, 0, 1, 3, 2, 1, 1, 2, 2, 1, 42, 35, 28, 26, 25]}, null, null, 28, false, [], false, 0, [], null, 0, 1744381541.1085043, 0, {}]
[{"0": [3, 1, 2, 1, 1, 40, 0, 2, 3, 1, 3, 2, 4, 2, 2, 1, 0]}, null, null, 28, false, [], false, 0, [], null, 0, 1744381541.3232512, 0, {}]
[{"0": [3, 7, 1, 3, 2, 0, 2, 3, 2, 7, 2, 1, 2, 0, 2, 20, 32]}, null, null, 29, false, [], false, 0, [], null, 0, 1744381541.5398638, 0, {}]
[{"0": [1, 1, 1, 1, 4, 34, 37, 34, 25, 45, 1, 4, 2, 1, 2, 4, 1]}, null, null, 30, false, [], false, 0, [], null, 0, 1744381541.7526555, 0, {}]
[{"0": [1, 3, 2, 1, 1, 27, 32, 35, 1, 1, 4, 3, 6, 3, 1, 0, 4]}, null, null, 30, false, [], false, 0, [], null, 0, 1744381541.9728003, 0, {}]
[{"0": [2, 2, 0, 3, 3, 2, 2, 1, 1, 4, 1, 2, 5, 4, 28, 1, 0]}, null, null, 31, false, [], false, 0, [], null, 0, 1744381542.1880667, 0, {}]
[{"0": [32, 33, 26, 24, 25, 24, 27, 33, 27, 1, 2, 0, 0, 1, 2, 1, 1]}, null, null, 31, false, [], false, 0, [], null, 0, 1744381542.406877, 0, {}]
[{"0": [1, 2, 3, 3, 0, 1, 2, 1, 1, 1, 0, 0, 33, 26, 29, 30, 31]}, null, null, 32, false, [], false, 0, [], null, 0, 1744381542.628035, 0, {}]
[{"0": [4, 3, 1, 1, 3, 4, 2, 3, 1, 23, 32, 1, 2, 3, 3, 1, 2]}, null, null, 33, false, [], false, 0, [], null, 0, 1744381542.8364625, 0, {}]
[{"0": [0, 0, 20, 1, 3, 0, 2, 5, 3, 2, 1, 0, 3, 6, 3, 0, 0]}, null, null, 33, false, [], false, 0, [], null, 0, 1744381543.0584266, 0, {}]
[{"0": [34, 35, 30, 28, 4, 1, 2, 3, 2, 0, 1, 3, 3, 1, 1, 4, 6]}, null, null, 34, false, [], false, 0, [], null, 0, 1744381543.2663655, 0, {}]
[{"0": [0, 1, 1, 2, 2, 1, 0, 3, 20, 42, 33, 39, 29, 31, 36, 26, 23]}, null, null, 34, false, [], false, 0, [], null, 0, 1744381543.4847946, 0, {}]
[{"0": [1, 3, 0, 3, 1, 32, 30, 25, 34, 36, 37, 32, 34, 36, 2, 0, 1]}, null, null, 35, false, [], false, 0, [], null, 0, 1744381543.7152517, 0, {}]
[{"0": [2, 3, 40, 28, 35, 22, 38, 35, 34, 45, 31, 31, 37, 27, 3, 4, 0]}, null, null, 36, false, [], false, 0, [], null, 0, 1744381543.9249232, 0, {}]
[{"0": [3, 2, 3, 4, 1, 1, 5, 2, 37, 27, 30, 3, 3, 2, 2, 6, 2]}, null, null, 36, false, [], false, 0, [], null, 0, 1744381544.128189, 0, {}]
[{"0": [26, 26, 43, 22, 32, 37, 36, 37, 23, 31, 2, 1, 4, 1, 0, 3, 4]}, null, null, 37, false, [], false, 0, [], null, 0, 1744381544.35001, 0, {}]
[{"0": [31, 3, 1, 0, 3, 1, 1, 1, 2, 1, 4, 2, 3, 0, 2, 2, 3]}, null, null, 37, false, [], false, 0, [], null, 0, 1744381544.5660858, 0, {}]
[{"0": [3, 3, 1, 0, 2, 1, 1, 4, 3, 2, 1, 2, 2, 0, 32, 34, 31]}, null, null, 38, false, [], false, 0, [], null, 0, 1744381544.7806635, 0, {}]
[{"0": [1, 3, 2, 2, 3, 2, 5, 0, 2, 5, 0, 35, 29, 32, 34, 1, 3]}, null, null, 39, false, [], false, 0, [], null, 0, 1744381544.996976, 0, {}]
[{"0": [1, 3, 2, 3, 2, 3, 3, 1, 4, 2, 1, 28, 33, 25, 26, 24, 34]}, null, null, 39, false, [], false, 0, [], null, 0, 1744381545.2110255, 0, {}]
[{"0": [1, 0, 2, 1, 3, 2, 5, 5, 3, 34, 30, 36, 35, 43, 1, 4, 4]}, null, null, 40, false, [], false, 0, [], null, 0, 1744381545.4293303, 0, {}]
[{"0": [1, 24, 21, 37, 32, 35, 28, 2, 2, 3, 6, 0, 3, 2, 0, 1, 0]}, null, null, 40, false, [], false, 0, [], null, 0, 1744381545.654216, 0, {}]
[{"0": [2, 4, 2, 1, 35, 41, 1, 2, 1, 2, 3, 1, 2, 1, 0, 1, 6]}, null, null, 41, false, [], false, 0, [], null, 0, 1744381545.8612068, 0, {}]
[{"0": [0, 2, 5, 1, 3, 1, 2, 0, 37, 1, 0, 2, 1, 2, 3, 3, 2]}, null, null, 42, false, [], false, 0, [], null, 0, 1744381546.078277, 0, {}]
[{"0": [1, 4, 40, 25, 29, 24, 39, 25, 35, 34, 31, 38, 30, 35, 26, 29, 39]}, null, null, 42, false, [], false, 0, [], null, 0, 1744381546.3008962, 0, {}]
[{"0": [1, 5, 44, 4, 0, 0, 3, 1, 2, 2, 1, 2, 1, 3, 3, 2, 0]}, null, null, 43, false, [], false, 0, [], null, 0, 1744381546.5206816, 0, {}]
[{"0": [4, 1, 1, 1, 2, 2, 0, 3, 3, 3, 4, 1, 1, 0, 31, 19, 25]}, null, null, 43, false, [], false, 0, [], null, 0, 1744381546.737219, 0, {}]
[{"0": [0, 0, 3, 0, 3, 4, 0, 1, 1, 1, 2, 3, 2, 3, 33, 23, 25]}, null, null, 44, false, [], false, 0, [], null, 0, 1744381546.9555776, 0, {}]
[{"0": [0, 4, 5, 5, 3, 1, 0, 1, 36, 38, 32, 28, 27, 39, 0, 3, 3]}, null, null, 45, false, [], false, 0, [], null, 0, 1744381547.169275, 0, {}]
[{"0": [1, 2, 1, 2, 3, 3, 1, 4, 25, 26, 31, 32, 40, 31, 25, 36, 1]}, null, null, 45, false, [], false, 0, [], null, 0, 1744381547.3933504, 0, {}]
[{"0": [3, 2, 4, 3, 3, 1, 1, 3, 4, 2, 4, 2, 2, 2, 35, 31, 30]}, null, null, 46, false, [], false, 0, [], null, 0, 1744381547.6008065, 0, {}]
[{"0": [3, 2, 30, 26, 26, 25, 25, 3, 2, 3, 2, 2, 2, 3, 0, 4, 0]}, null, null, 46, false, [], false, 0, [], null, 0, 1744381547.8093772, 0, {}]
[{"0": [5, 1, 2, 1, 4, 2, 2, 0, 3, 0, 3, 34, 39, 25, 26, 2, 1]}, null, null, 47, false, [], false, 0, [], null, 0, 1744381548.0239005, 0, {}]
[{"0": [25, 4, 1, 1, 0, 2, 1, 4, 1, 1, 1, 4, 3, 2, 2, 2, 2]}, null, null, 48, false, [], false, 0, [], null, 0, 1744381548.2490182, 0, {}]
[{"0": [1, 2, 3, 1, 0, 2, 1, 4, 2, 2, 3, 0, 2, 1, 2, 5, 2]}, null, null, 48, false, [], false, 0, [], null, 0, 1744381548.4716277, 0, {}]
[{"0": [1, 3, 2, 40, 4, 4, 3, 1, 1, 2, 1, 1, 2, 1, 0, 4, 3]}, null, null, 49, false, [], false, 0, [], null, 0, 1744381548.6871662, 0, {}]
[{"0": [3, 1, 3, 4, 0, 1, 3, 1, 2, 3, 3, 2, 33, 19, 32, 32, 36]}, null, null, 49, false, [], false, 0, [], null, 0, 1744381548.9090571, 0, {}]
[{"0": [1, 3, 0, 0, 2, 3, 3, 3, 2, 39, 0, 2, 5, 0, 3, 4, 6]}, null, null, 50, false, [], false, 0, [], null, 0, 1744381549.120491, 0, {}]
[{"0": [5, 1, 1, 1, 3, 2, 1, 3, 0, 0, 0, 1, 2, 2, 2, 0, 0]}, null, null, 51, false, [], false, 0, [], null, 0, 1744381549.3354151, 0, {}]
[{"0": [3, 3, 3, 3, 3, 1, 3, 3, 2, 2, 1, 1, 1, 1, 4, 2, 1]}, null, null, 51, false, [], false, 0, [], null, 0, 1744381549.5505333, 0, {}]
[{"0": [35, 36, 44, 25, 35, 46, 22, 31, 44, 32, 30, 30, 31, 31, 29, 35, 30]}, null, null, 52, false, [], false, 0, [], null, 0, 1744381549.7650588, 0, {}]
[{"0": [2, 2, 3, 3, 3, 2, 2, 2, 4, 0, 5, 30, 33, 29, 44, 33, 27]}, null, null, 52, false, [], false, 0, [], null, 0, 1744381549.9816778, 0, {}]
[{"0": [1, 0, 2, 3, 1, 1, 5, 2, 3, 0, 6, 3, 1, 1, 2, 1, 4]}, null, null, 53, false, [], false, 0, [], null, 0, 1744381550.1976132, 0, {}]
[{"0": [3, 3, 3, 3, 1, 4, 2, 3, 1, 0, 1, 2, 1, 1, 5, 5, 2]}, null, null, 54, false, [], false, 0, [], null, 0, 1744381550.419644, 0, {}]
[{"0": [1, 2, 0, 1, 0, 2, 4, 1, 0, 1, 0, 31, 33, 35, 3, 4, 2]}, null, null, 54, false, [], false, 0, [], null, 0, 1744381550.6366465, 0, {}]
[{"0": [2, 1, 2, 4, 2, 0, 3, 0, 2, 0, 0, 24, 4, 1, 3, 2, 2]}, null, null, 55, false, [], false, 0, [], null, 0, 1744381550.852634, 0, {}]
[{"0": [1, 4, 4, 2, 2, 2, 6, 3, 3, 2, 2, 2, 0, 3, 2, 33, 1]}, null, null, 55, false, [], false, 0, [], null, 0, 1744381551.0790532, 0, {}]
[{"0": [2, 1, 0, 1, 2, 41, 30, 33, 1, 3, 2, 2, 2, 2, 3, 3, 1]}, null, null, 56, false, [], false, 0, [], null, 0, 1744381551.2825863, 0, {}]
[{"0": [1, 2, 2, 1, 0, 1, 0, 3, 3, 1, 1, 4, 33, 37, 45, 35, 33]}, null, null, 57, false, [], false, 0, [], null, 0, 1744381551.5068436, 0, {}]
[{"0": [1, 2, 1, 3, 3, 2, 2, 3, 6, 2, 3, 38, 3, 4, 4, 1, 1]}, null, null, 57, false, [], false, 0, [], null, 0, 1744381551.7214518, 0, {}]
[{"0": [28, 39, 34, 31, 28, 28, 31, 28, 27, 38, 5, 3, 4, 2, 1, 3, 3]}, null, null, 58, false, [], false, 0, [], null, 0, 1744381551.9432724, 0, {}]
[{"0": [2, 2, 4, 8, 0, 0, 1, 7, 3, 2, 4, 0, 28, 28, 26, 35, 24]}, null, null, 58, false, [], false, 0, [], null, 0, 1744381552.1495893, 0, {}]
[{"0": [2, 3, 3, 0, 32, 38, 32, 38, 31, 32, 38, 4, 4, 1, 3, 2, 1]}, null, null, 59, false, [], false, 0, [], null, 0, 1744381552.3644562, 0, {}]
[{"0": [1, 1, 3, 3, 1, 24, 31, 24, 5, 5, 2, 2, 2, 0, 1, 3, 1]}, null, null, 60, false, [], false, 0, [], null, 0, 1744381552.5848923, 0, {}]
[{"0": [1, 3, 4, 0, 3, 2, 5, 1, 0, 4, 5, 3, 1, 22, 3, 3, 1]}, null, null, 60, false, [], false, 0, [], null, 0, 1744381552.8066142, 0, {}]
[{"0": [0, 1, 1, 1, 3, 2, 2, 0, 3, 0, 3, 2, 34, 3, 0, 1, 1]}, null, null, 61, false, [], false, 0, [], null, 0, 1744381553.0242052, 0, {}]
[{"0": [1, 4, 0, 4, 1, 1, 2, 2, 33, 32, 27, 34, 30, 1, 6, 3, 0]}, null, null, 61, false, [], false, 0, [], null, 0, 1744381553.22331, 0, {}]
[{"0": [1, 1, 1, 3, 2, 35, 1, 1, 1, 1, 1, 2, 3, 3, 2, 2, 1]}, null, null, 62, false, [], false, 0, [], null, 0, 1744381553.4460685, 0, {}]
[{"0": [35, 2, 1, 5, 1, 3, 0, 3, 1, 1, 4, 2, 1, 2, 0, 0, 3]}, null, null, 63, false, [], false, 0, [], null, 0, 1744381553.654169, 0, {}]
[{"0": [1, 0, 1, 0, 2, 1, 4, 2, 1, 0, 1, 1, 2, 1, 5, 35, 43]}, null, null, 63, false, [], false, 0, [], null, 0, 1744381553.8867767, 0, {}]
[{"0": [29, 1, 3, 0, 1, 3, 5, 2, 2, 4, 5, 3, 1, 1, 2, 4, 1]}, null, null, 64, false, [], false, 0, [], null, 0, 1744381554.089727, 0, {}]
[{"0": [2, 3, 3, 5, 1, 23, 23, 30, 25, 37, 34, 31, 2, 2, 2, 0, 2]}, null, null, 64, false, [], false, 0, [], null, 0, 1744381554.3197393, 0, {}]
[{"0": [1, 0, 2, 2, 0, 1, 29, 31, 19, 34, 3, 1, 2, 0, 2, 3, 1]}, null, null, 65, false, [], false, 0, [], null, 0, 1744381554.537122, 0, {}]
[{"0": [1, 4, 0, 0, 2, 2, 3, 3, 2, 1, 0, 2, 3, 2, 4, 28, 22]}, null, null, 66, false, [], false, 0, [], null, 0, 1744381554.7414086, 0, {}]
[{"0": [43, 26, 30, 32, 31, 31, 50, 31, 28, 34, 28, 33, 27, 27, 33, 0, 3]}, null, null, 66, false, [], false, 0, [], null, 0, 1744381554.9671524, 0, {}]
[{"0": [4, 1, 0, 0, 0, 0, 4, 2, 1, 2, 0, 3, 0, 1, 0, 30, 8]}, null, null, 67, false, [], false, 0, [], null, 0, 1744381555.17804, 0, {}]
[{"0": [1, 1, 2, 0, 2, 0, 34, 30, 35, 25, 35, 2, 2, 2, 1, 3, 0]}, null, null, 67, false, [], false, 0, [], null, 0, 1744381555.4021633, 0, {}]
[{"0": [2, 0, 1, 1, 1, 5, 1, 3, 3, 3, 2, 3, 5, 1, 2, 23, 27]}, null, null, 68, false, [], false, 0, [], null, 0, 1744381555.6154916, 0, {}]
[{"0": [3, 5, 5, 4, 2, 0, 1, 1, 31, 31, 2, 0, 3, 2, 2, 3, 4]}, null, null, 69, false, [], false, 0, [], null, 0, 1744381555.8316503, 0, {}]
[{"0": [1, 33, 33, 39, 34, 0, 4, 3, 1, 3, 4, 0, 1, 3, 1, 3, 2]}, null, null, 69, false, [], false, 0, [], null, 0, 1744381556.0437195, 0, {}]
[{"0": [1, 2, 3, 2, 2, 1, 1, 5, 1, 6, 2, 26, 41, 27, 27, 30, 36]}, null, null, 70, false, [], false, 0, [], null, 0, 1744381556.2774065, 0, {}]
[{"0": [1, 3, 2, 2, 1, 4, 3, 5, 1, 5, 1, 3, 28, 42, 28, 30, 27]}, null, null, 70, false, [], false, 0, [], null, 0, 1744381556.4898684, 0, {}]
[{"0": [1, 2, 2, 2, 3, 1, 1, 1, 3, 1, 3, 3, 2, 1, 3, 1, 0]}, null, null, 71, false, [], false, 0, [], null, 0, 1744381556.7013824, 0, {}]
[{"0": [2, 3, 2, 1, 5, 2, 1, 1, 1, 1, 4, 2, 2, 2, 33, 30, 28]}, null, null, 72, false, [], false, 0, [], null, 0, 1744381556.9190557, 0, {}]
[{"0": [4, 2, 37, 38, 27, 1, 3, 3, 2, 1, 0, 3, 0, 1, 1, 2, 3]}, null, null, 72, false, [], false, 0, [], null, 0, 1744381557.1340504, 0, {}]
[{"0": [1, 2, 2, 3, 0, 1, 4, 2, 2, 0, 0, 1, 2, 2, 4, 29, 28]}, null, null, 73, false, [], false, 0, [], null, 0, 1744381557.3370707, 0, {}]
[{"0": [1, 0, 1, 2, 1, 2, 2, 3, 2, 3, 2, 1, 2, 2, 0, 0, 0]}, null, null, 73, false, [], false, 0, [], null, 0, 1744381557.5565498, 0, {}]
[{"0": [1, 3, 3, 1, 3, 1, 2, 1, 3, 30, 30, 1, 3, 2, 3, 2, 1]}, null, null, 74, false, [], false, 0, [], null, 0, 1744381557.7830946, 0, {}]
[{"0": [0, 2, 0, 1, 2, 3, 0, 2, 0, 1, 1, 0, 1, 1, 28, 33, 1]}, null, null, 75, false, [], false, 0, [], null, 0, 1744381557.9985557, 0, {}]
[{"0": [27, 32, 2, 0, 3, 2, 1, 5, 4, 4, 3, 0, 1, 4, 3, 2, 1]}, null, null, 75, false, [], false, 0, [], null, 0, 1744381558.2128522, 0, {}]
[{"0": [31, 23, 37, 33, 29, 31, 30, 32, 38, 44, 28, 32, 32, 28, 33, 35, 34]}, null, null, 76, false, [], false, 0, [], null, 0, 1744381558.441946, 0, {}]
[{"0": [0, 2, 1, 2, 1, 36, 30, 21, 25, 30, 31, 0, 2, 0, 0, 1, 0]}, null, null, 77, false, [], false, 0, [], null, 0, 1744381558.6560981, 0, {}]
[{"0": [2, 1, 4, 3, 3, 1, 3, 2, 32, 22, 36, 27, 38, 24, 34, 1, 0]}, null, null, 77, false, [], false, 0, [], null, 0, 1744381558.8743145, 0, {}]
[{"0": [3, 1, 3, 2, 35, 24, 39, 35, 30, 35, 33, 22, 28, 4, 2, 3, 0]}, null, null, 78, false, [], false, 0, [], null, 0, 1744381559.0876155, 0, {}]
[{"0": [3, 3, 1, 2, 3, 1, 3, 1, 2, 3, 5, 27, 43, 33, 33, 31, 33]}, null, null, 78, false, [], false, 0, [], null, 0, 1744381559.2988467, 0, {}]
[{"0": [1, 1, 3, 2, 4, 2, 33, 22, 4, 2, 1, 0, 0, 2, 1, 0, 1]}, null, null, 79, false, [], false, 0, [], null, 0, 1744381559.5056176, 0, {}]
[{"0": [2, 4, 4, 2, 33, 28, 27, 26, 35, 3, 1, 3, 5, 4, 2, 2, 3]}, null, null, 80, false, [], false, 0, [], null, 0, 1744381559.7329245, 0, {}]
[{"0": [0, 1, 0, 1, 2, 2, 28, 34, 21, 1, 4, 2, 2, 0, 2, 1, 2]}, null, null, 80, false, [], false, 0, [], null, 0, 1744381559.946999, 0, {}]
[{"0": [1, 2, 1, 3, 2, 3, 0, 4, 2, 1, 0, 4, 2, 2, 2, 35, 29]}, null, null, 81, false, [], false, 0, [], null, 0, 1744381560.1753447, 0, {}]
[{"0": [4, 2, 1, 1, 2, 2, 26, 24, 38, 30, 30, 28, 33, 32, 27, 23, 48]}, null, null, 81, false, [], false, 0, [], null, 0, 1744381560.3809857, 0, {}]
[{"0": [3, 2, 2, 0, 1, 0, 2, 3, 0, 0, 4, 2, 35, 33, 37, 3, 0]}, null, null, 82, false, [], false, 0, [], null, 0, 1744381560.605042, 0, {}]
[{"0": [1, 4, 3, 1, 2, 2, 0, 0, 1, 3, 3, 4, 35, 31, 0, 1, 1]}, null, null, 83, false, [], false, 0, [], null, 0, 1744381560.8251956, 0, {}]
[{"0": [0, 3, 1, 31, 45, 31, 2, 1, 2, 1, 2, 1, 4, 2, 3, 2, 0]}, null, null, 83, false, [], false, 0, [], null, 0, 1744381561.0392017, 0, {}]
[{"0": [0, 3, 2, 1, 2, 1, 4, 2, 6, 1, 1, 35, 32, 28, 31, 0, 2]}, null, null, 84, false, [], false, 0, [], null, 0, 1744381561.2457998, 0, {}]
[{"0": [1, 5, 2, 41, 1, 3, 4, 0, 2, 3, 5, 1, 3, 2, 1, 4, 0]}, null, null, 84, false, [], false, 0, [], null, 0, 1744381561.4589543, 0, {}]
[{"0": [25, 32, 31, 34, 33, 35, 1, 1, 3, 0, 1, 0, 2, 1, 0, 4, 3]}, null, null, 85, false, [], false, 0, [], null, 0, 1744381561.679716, 0, {}]
[{"0": [4, 1, 1, 1, 3, 43, 19, 36, 34, 2, 0, 2, 2, 1, 2, 0, 3]}, null, null, 86, false, [], false, 0, [], null, 0, 1744381561.897674, 0, {}]
[{"0": [3, 1, 5, 2, 2, 2, 1, 5, 2, 4, 2, 2, 1, 1, 4, 30, 34]}, null, null, 86, false, [], false, 0, [], null, 0, 1744381562.1094081, 0, {}]
[{"0": [3, 3, 1, 3, 35, 41, 38, 25, 41, 1, 3, 2, 3, 0, 2, 4, 3]}, null, null, 87, false, [], false, 0, [], null, 0, 1744381562.3227587, 0, {}]
[{"0": [0, 2, 2, 1, 1, 0, 3, 0, 2, 2, 4, 3, 4, 36, 30, 23, 34]}, null, null, 87, false, [], false, 0, [], null, 0, 1744381562.5460618, 0, {}]
[{"0": [4, 2, 0, 2, 3, 2, 2, 2, 3, 28, 1, 5, 0, 2, 4, 2, 2]}, null, null, 88, false, [], false, 0, [], null, 0, 1744381562.7684865, 0, {}]
[{"0": [2, 4, 3, 0, 0, 1, 1, 1, 3, 2, 0, 1, 29, 41, 20, 35, 26]}, null, null, 89, false, [], false, 0, [], null, 0, 1744381562.9877222, 0, {}]
[{"0": [27, 27, 25, 20, 2, 3, 3, 0, 3, 1, 1, 1, 3, 1, 1, 0, 1]}, null, null, 89, false, [], false, 0, [], null, 0, 1744381563.1904466, 0, {}]
[{"0": [2, 0, 1, 1, 4, 3, 4, 29, 28, 33, 26, 0, 3, 0, 3, 2, 4]}, null, null, 90, false, [], false, 0, [], null, 0, 1744381563.406489, 0, {}]
[{"0": [2, 1, 22, 29, 31, 24, 30, 37, 42, 4, 2, 2, 3, 2, 4, 3, 1]}, null, null, 90, false, [], false, 0, [], null, 0, 1744381563.6225183, 0, {}]
[{"0": [3, 1, 2, 1, 1, 2, 1, 1, 0, 1, 0, 1, 2, 1, 5, 4, 3]}, null, null, 91, false, [], false, 0, [], null, 0, 1744381563.8593793, 0, {}]
[{"0": [2, 2, 4, 2, 5, 0, 2, 0, 0, 1, 1, 40, 19, 1, 0, 1, 3]}, null, null, 92, false, [], false, 0, [], null, 0, 1744381564.065818, 0, {}]
[{"0": [2, 7, 0, 1, 1, 1, 3, 1, 1, 3, 2, 0, 1, 5, 28, 2, 4]}, null, null, 92, false, [], false, 0, [], null, 0, 1744381564.2856934, 0, {}]
[{"0": [37, 46, 31, 33, 47, 33, 22, 4, 0, 3, 0, 3, 2, 4, 1, 2, 3]}, null, null, 93, false, [], false, 0, [], null, 0, 1744381564.4904065, 0, {}]
[{"0": [34, 0, 5, 3, 2, 0, 2, 1, 4, 3, 2, 1, 1, 4, 1, 1, 2]}, null, null, 93, false, [], false, 0, [], null, 0, 1744381564.7059932, 0, {}]
[{"0": [30, 1, 1, 0, 0, 2, 0, 2, 0, 4, 4, 2, 2, 1, 2, 1, 3]}, null, null, 94, false, [], false, 0, [], null, 0, 1744381564.93244, 0, {}]
[{"0": [28, 1, 1, 2, 6, 3, 4, 2, 0, 7, 0, 4, 2, 4, 4, 3, 2]}, null, null, 95, false, [], false, 0, [], null, 0, 1744381565.1446626, 0, {}]
[{"0": [34, 34, 29, 28, 30, 30, 33, 1, 1, 0, 2, 2, 2, 3, 1, 3, 0]}, null, null, 95, false, [], false, 0, [], null, 0, 1744381565.368313, 0, {}]
[{"0": [1, 1, 4, 4, 3, 1, 1, 4, 3, 2, 3, 2, 0, 1, 4, 33, 31]}, null, null, 96, false, [], false, 0, [], null, 0, 1744381565.5817375, 0, {}]
[{"0": [0, 1, 0, 0, 1, 4, 5, 26, 33, 33, 4, 0, 0, 3, 0, 1, 2]}, null, null, 96, false, [], false, 0, [], null, 0, 1744381565.794282, 0, {}]
[{"0": [2, 1, 1, 2, 1, 3, 2, 0, 2, 1, 2, 32, 32, 21, 32, 29, 26]}, null, null, 97, false, [], false, 0, [], null, 0, 1744381566.0121493, 0, {}]
[{"0": [2, 3, 1, 1, 2, 4, 4, 2, 0, 1, 0, 1, 3, 35, 45, 25, 31]}, null, null, 98, false, [], false, 0, [], null, 0, 1744381566.2271173, 0, {}]
[{"0": [38, 31, 28, 34, 33, 29, 30, 25, 35, 2, 4, 4, 2, 1, 2, 5, 2]}, null, null, 98, false, [], false, 0, [], null, 0, 1744381566.4373205, 0, {}]
[{"0": [4, 2, 5, 4, 2, 3, 3, 0, 1, 1, 2, 28, 1, 1, 1, 2, 0]}, null, null, 99, false, [], false, 0, [], null, 0, 1744381566.656451, 0, {}]
[{"0": [2, 2, 1, 4, 0, 2, 1, 1, 3, 1, 5, 47, 3, 1, 3, 4, 2]}, null, null, 99, false, [], false, 0, [], null, 0, 1744381566.868928, 0, {}]
[{"0": [3, 2, 3, 1, 4, 2, 3, 4, 3, 0, 1, 2, 0, 2, 4, 37, 30]}, null, null, 100, false, [], false, 0, [], null, 0, 1744381567.0882702, 0, {}]
[{"0": [6, 1, 3, 2, 1, 2, 2, 2, 2, 4, 0, 4, 1, 2, 2, 32, 1]}, null, null, 101, false, [], false, 0, [], null, 0, 1744381567.3135598, 0, {}]
[{"0": [1, 0, 1, 4, 2, 1, 1, 1, 1, 3, 28, 4, 1, 3, 1, 4, 2]}, null, null, 101, false, [], false, 0, [], null, 0, 1744381567.5253284, 0, {}]
[{"0": [1, 4, 3, 1, 2, 0, 1, 2, 2, 4, 4, 2, 2, 2, 26, 32, 31]}, null, null, 102, false, [], false, 0, [], null, 0, 1744381567.739857, 0, {}]
[{"0": [2, 2, 33, 28, 1, 3, 3, 1, 1, 3, 2, 0, 1, 1, 2, 0, 1]}, null, null, 102, false, [], false, 0, [], null, 0, 1744381567.9747677, 0, {}]
[{"0": [3, 1, 2, 0, 3, 23, 35, 18, 31, 29, 27, 26, 0, 4, 0, 2, 1]}, null, null, 103, false, [], false, 0, [], null, 0, 1744381568.1810882, 0, {}]
[{"0": [1, 2, 2, 4, 0, 2, 1, 2, 1, 3, 29, 36, 1, 4, 3, 2, 0]}, null, null, 104, false, [], false, 0, [], null, 0, 1744381568.3931506, 0, {}]
[{"0": [30, 2, 1, 2, 2, 1, 3, 2, 1, 3, 1, 5, 2, 2, 4, 2, 0]}, null, null, 104, false, [], false, 0, [], null, 0, 1744381568.6265154, 0, {}]
[{"0": [0, 3, 1, 37, 36, 0, 3, 0, 2, 0, 4, 1, 3, 3, 1, 1, 5]}, null, null, 105, false, [], false, 0, [], null, 0, 1744381568.8218086, 0, {}]
[{"0": [1, 1, 3, 0, 3, 1, 0, 29, 42, 4, 2, 3, 2, 4, 1, 4, 3]}, null, null, 105, false, [], false, 0, [], null, 0, 1744381569.039988, 0, {}]
[{"0": [2, 1, 2, 3, 1, 2, 1, 5, 3, 4, 2, 1, 2, 0, 1, 1, 1]}, null, null, 106, false, [], false, 0, [], null, 0, 1744381569.2585495, 0, {}]
[{"0": [0, 2, 28, 26, 0, 3, 4, 1, 2, 1, 2, 5, 1, 2, 0, 0, 2]}, null, null, 107, false, [], false, 0, [], null, 0, 1744381569.474761, 0, {}]
[{"0": [3, 1, 3, 1, 2, 2, 0, 2, 3, 3, 2, 1, 27, 21, 3, 2, 4]}, null, null, 107, false, [], false, 0, [], null, 0, 1744381569.69175, 0, {}]
[{"0": [32, 24, 34, 33, 32, 27, 34, 23, 24, 1, 2, 2, 3, 0, 0, 2, 1]}, null, null, 108, false, [], false, 0, [], null, 0, 1744381569.9063807, 0, {}]
[{"0": [0, 0, 0, 2, 2, 32, 3, 2, 1, 0, 2, 4, 1, 2, 4, 2, 0]}, null, null, 108, false, [], false, 0, [], null, 0, 1744381570.1179113, 0, {}]
[{"0": [0, 2, 4, 0, 2, 3, 33, 23, 41, 41, 35, 30, 24, 32, 2, 4, 1]}, null, null, 109, false, [], false, 0, [], null, 0, 1744381570.3505905, 0, {}]
[{"0": [0, 1, 1, 2, 1, 1, 32, 2, 0, 2, 2, 5, 1, 3, 3, 2, 0]}, null, null, 110, false, [], false, 0, [], null, 0, 1744381570.5523088, 0, {}]
[{"0": [0, 3, 0, 5, 0, 1, 3, 1, 4, 2, 2, 1, 2, 3, 2, 28, 24]}, null, null, 110, false, [], false, 0, [], null, 0, 1744381570.7853246, 0, {}]
[{"0": [2, 1, 2, 3, 3, 1, 3, 3, 1, 2, 1, 0, 3, 1, 26, 33, 33]}, null, null, 111, false, [], false, 0, [], null, 0, 1744381570.9999144, 0, {}]
[{"0": [1, 4, 2, 0, 6, 0, 1, 8, 5, 1, 1, 36, 31, 37, 32, 19, 34]}, null, null, 111, false, [], false, 0, [], null, 0, 1744381571.21422, 0, {}]
[{"0": [2, 0, 1, 1, 1, 1, 0, 2, 5, 2, 3, 3, 0, 6, 1, 2, 0]}, null, null, 112, false, [], false, 0, [], null, 0, 1744381571.4258826, 0, {}]
[{"0": [2, 2, 3, 1, 35, 28, 36, 34, 30, 31, 29, 29, 28, 34, 32, 33, 41]}, null, null, 113, false, [], false, 0, [], null, 0, 1744381571.6446543, 0, {}]
[{"0": [1, 3, 2, 1, 4, 4, 4, 2, 3, 28, 26, 28, 3, 0, 2, 1, 2]}, null, null, 113, false, [], false, 0, [], null, 0, 1744381571.8574386, 0, {}]
[{"0": [3, 2, 1, 3, 1, 1, 4, 4, 1, 1, 2, 3, 1, 3, 36, 34, 37]}, null, null, 114, false, [], false, 0, [], null, 0, 1744381572.0740077, 0, {}]
[{"0": [1, 2, 1, 1, 0, 3, 4, 0, 0, 1, 3, 1, 2, 2, 2, 20, 30]}, null, null, 114, false, [], false, 0, [], null, 0, 1744381572.2897367, 0, {}]
[{"0": [0, 0, 1, 0, 41, 32, 38, 38, 32, 26, 30, 1, 0, 0, 1, 1, 4]}, null, null, 115, false, [], false, 0, [], null, 0, 1744381572.5159075, 0, {}]
[{"0": [5, 1, 1, 3, 0, 3, 2, 33, 39, 30, 2, 1, 3, 2, 3, 1, 2]}, null, null, 116, false, [], false, 0, [], null, 0, 1744381572.737345, 0, {}]
[{"0": [1, 4, 3, 2, 0, 3, 30, 38, 2, 1, 0, 2, 4, 0, 0, 5, 3]}, null, null, 116, false, [], false, 0, [], null, 0, 1744381572.9450235, 0, {}]
[{"0": [1, 4, 3, 2, 2, 3, 0, 3, 3, 3, 19, 22, 34, 3, 1, 1, 3]}, null, null, 117, false, [], false, 0, [], null, 0, 1744381573.1611936, 0, {}]
[{"0": [1, 0, 2, 2, 1, 0, 1, 1, 33, 3, 1, 5, 0, 3, 3, 4, 1]}, null, null, 117, false, [], false, 0, [], null, 0, 1744381573.3755798, 0, {}]
[{"0": [1, 6, 1, 1, 1, 0, 2, 2, 4, 0, 0, 2, 1, 2, 1, 2, 2]}, null, null, 118, false, [], false, 0, [], null, 0, 1744381573.6014154, 0, {}]
[{"0": [5, 1, 5, 1, 1, 1, 1, 25, 22, 29, 27, 33, 36, 38, 4, 3, 5]}, null, null, 119, false, [], false, 0, [], null, 0, 1744381573.8135033, 0, {}]
[{"0": [3, 4, 1, 2, 2, 1, 2, 1, 1, 34, 29, 37, 8, 2, 2, 1, 1]}, null, null, 119, false, [], false, 0, [], null, 0, 1744381574.0287304, 0, {}]
[{"0": [0, 2, 2, 4, 1, 1, 5, 2, 1, 4, 7, 3, 1, 3, 38, 43, 26]}, null, null, 120, false, [], false, 0, [], null, 0, 1744381574.2516289, 0, {}]
[{"0": [2, 3, 4, 2, 2, 0, 2, 1, 3, 1, 3, 1, 31, 29, 39, 33, 37]}, null, null, 120, false, [], false, 0, [], null, 0, 1744381574.4548662, 0, {}]
[{"0": [0, 3, 2, 0, 2, 2, 1, 2, 2, 1, 30, 43, 3, 3, 1, 4, 3]}, null, null, 121, false, [], false, 0, [], null, 0, 1744381574.671499, 0, {}]
[{"0": [0, 3, 0, 4, 2, 1, 1, 2, 2, 32, 28, 31, 29, 27, 27, 34, 28]}, null, null, 122, false, [], false, 0, [], null, 0, 1744381574.881981, 0, {}]
[{"0": [1, 3, 0, 4, 5, 2, 2, 0, 2, 1, 1, 1, 1, 0, 30, 33, 29]}, null, null, 122, false, [], false, 0, [], null, 0, 1744381575.102464, 0, {}]
[{"0": [3, 2, 3, 2, 1, 2, 2, 28, 1, 1, 3, 5, 4, 2, 3, 1, 3]}, null, null, 123, false, [], false, 0, [], null, 0, 1744381575.320514, 0, {}]
[{"0": [2, 4, 3, 0, 5, 3, 1, 1, 0, 2, 0, 3, 33, 24, 2, 1, 1]}, null, null, 123, false, [], false, 0, [], null, 0, 1744381575.5339186, 0, {}]
[{"0": [2, 1, 0, 0, 2, 1, 4, 2, 3, 1, 2, 3, 4, 1, 4, 3, 4]}, null, null, 124, false, [], false, 0, [], null, 0, 1744381575.7665858, 0, {}]
[{"0": [0, 0, 1, 0, 3, 4, 1, 0, 33, 4, 2, 6, 0, 0, 2, 1, 2]}, null, null, 125, false, [], false, 0, [], null, 0, 1744381575.9753392, 0, {}]
[{"0": [1, 2, 0, 2, 1, 2, 2, 0, 4, 4, 3, 3, 1, 0, 1, 3, 2]}, null, null, 125, false, [], false, 0, [], null, 0, 1744381576.194988, 0, {}]
[{"0": [1, 1, 3, 30, 2, 3, 3, 0, 4, 0, 2, 2, 1, 3, 3, 5, 0]}, null, null, 126, false, [], false, 0, [], null, 0, 1744381576.4029753, 0, {}]
[{"0": [2, 1, 1, 3, 1, 1, 2, 2, 4, 1, 4, 1, 2, 0, 33, 36, 25]}, null, null, 127, false, [], false, 0, [], null, 0, 1744381576.6221635, 0, {}]
[{"0": [0, 2, 1, 1, 1, 0, 1, 1, 1, 1, 0, 1, 3, 1, 29, 5, 0]}, null, null, 127, false, [], false, 0, [], null, 0, 1744381576.8393662, 0, {}]
[{"0": [1, 2, 4, 2, 31, 2, 1, 1, 4, 2, 3, 1, 3, 3, 1, 5, 3]}, null, null, 128, false, [], false, 0, [], null, 0, 1744381577.0519612, 0, {}]
[{"0": [0, 2, 29, 41, 31, 30, 29, 34, 25, 22, 27, 37, 2, 1, 3, 2, 3]}, null, null, 128, false, [], false, 0, [], null, 0, 1744381577.273723, 0, {}]
[{"0": [1, 1, 5, 3, 3, 1, 3, 1, 2, 1, 0, 0, 3, 3, 4, 32, 34]}, null, null, 129, false, [], false, 0, [], null, 0, 1744381577.489054, 0, {}]
[{"0": [2, 4, 24, 24, 36, 4, 2, 2, 1, 2, 2, 2, 5, 2, 2, 2, 2]}, null, null, 130, false, [], false, 0, [], null, 0, 1744381577.7046144, 0, {}]
[{"0": [3, 1, 5, 3, 3, 3, 3, 1, 2, 2, 3, 3, 25, 41, 31, 40, 39]}, null, null, 130, false, [], false, 0, [], null, 0, 1744381577.9290843, 0, {}]
[{"0": [1, 4, 2, 2, 4, 38, 27, 23, 22, 21, 31, 28, 32, 37, 34, 22, 34]}, null, null, 131, false, [], false, 0, [], null, 0, 1744381578.1550667, 0, {}]
[{"0": [1, 1, 3, 30, 2, 3, 3, 3, 4, 4, 2, 5, 2, 1, 1, 2, 0]}, null, null, 131, false, [], false, 0, [], null, 0, 1744381578.3595161, 0, {}]
[{"0": [2, 3, 3, 2, 4, 0, 1, 1, 31, 34, 33, 1, 5, 0, 1, 0, 3]}, null, null, 132, false, [], false, 0, [], null, 0, 1744381578.57664, 0, {}]
[{"0": [34, 29, 2, 0, 1, 1, 1, 3, 0, 1, 3, 2, 1, 1, 1, 2, 2]}, null, null, 133, false, [], false, 0, [], null, 0, 1744381578.7985733, 0, {}]
[{"0": [40, 36, 33, 28, 34, 24, 29, 31, 33, 32, 28, 3, 1, 1, 0, 2, 3]}, null, null, 133, false, [], false, 0, [], null, 0, 1744381579.0170271, 0, {}]
[{"0": [3, 4, 0, 2, 2, 2, 5, 2, 6, 4, 2, 4, 1, 2, 2, 0, 1]}, null, null, 134, false, [], false, 0, [], null, 0, 1744381579.2418187, 0, {}]
[{"0": [3, 1, 2, 2, 4, 3, 3, 0, 5, 0, 1, 0, 3, 1, 0, 1, 0]}, null, null, 134, false, [], false, 0, [], null, 0, 1744381579.439695, 0, {}]
[{"0": [39, 30, 28, 43, 21, 24, 3, 1, 2, 1, 1, 4, 1, 6, 0, 1, 4]}, null, null, 135, false, [], false, 0, [], null, 0, 1744381579.664005, 0, {}]
[{"0": [0, 2, 1, 2, 2, 31, 21, 26, 3, 1, 3, 2, 4, 1, 4, 2, 5]}, null, null, 136, false, [], false, 0, [], null, 0, 1744381579.8828719, 0, {}]
[{"0": [1, 2, 2, 3, 2, 3, 1, 3, 3, 0, 5, 2, 4, 3, 3, 24, 25]}, null, null, 136, false, [], false, 0, [], null, 0, 1744381580.0936823, 0, {}]
[{"0": [4, 1, 0, 3, 1, 1, 2, 4, 1, 3, 3, 3, 2, 3, 3, 26, 35]}, null, null, 137, false, [], false, 0, [], null, 0, 1744381580.311338, 0, {}]
[{"0": [0, 2, 4, 4, 1, 1, 3, 3, 4, 3, 2, 2, 1, 1, 32, 30, 32]}, null, null, 137, false, [], false, 0, [], null, 0, 1744381580.5401204, 0, {}]
[{"0": [1, 5, 5, 0, 2, 2, 33, 35, 32, 3, 2, 5, 1, 1, 1, 3, 1]}, null, null, 138, false, [], false, 0, [], null, 0, 1744381580.748125, 0, {}]
[{"0": [3, 1, 4, 2, 0, 1, 1, 3, 0, 1, 3, 0, 20, 31, 35, 27, 4]}, null, null, 139, false, [], false, 0, [], null, 0, 1744381580.9591537, 0, {}]
[{"0": [25, 0, 4, 0, 0, 2, 2, 4, 0, 2, 4, 1, 4, 4, 3, 2, 2]}, null, null, 139, false, [], false, 0, [], null, 0, 1744381581.1811128, 0, {}]
[{"0": [1, 1, 1, 0, 2, 25, 37, 2, 0, 3, 1, 6, 5, 1, 4, 4, 1]}, null, null, 140, false, [], false, 0, [], null, 0, 1744381581.3907475, 0, {}]
[{"0": [2, 3, 2, 2, 2, 0, 3, 1, 2, 3, 1, 0, 2, 1, 1, 27, 26]}, null, null, 140, false, [], false, 0, [], null, 0, 1744381581.6232014, 0, {}]
[{"0": [3, 1, 5, 2, 0, 35, 30, 28, 18, 1, 2, 4, 1, 4, 2, 1, 1]}, null, null, 141, false, [], false, 0, [], null, 0, 1744381581.8353143, 0, {}]
[{"0": [2, 3, 2, 0, 0, 1, 21, 31, 28, 0, 1, 2, 4, 2, 1, 1, 2]}, null, null, 142, false, [], false, 0, [], null, 0, 1744381582.0360067, 0, {}]
[{"0": [3, 3, 30, 25, 34, 42, 35, 38, 38, 2, 6, 1, 0, 1, 3, 5, 0]}, null, null, 142, false, [], false, 0, [], null, 0, 1744381582.2498085, 0, {}]
[{"0": [3, 3, 2, 5, 4, 4, 34, 34, 29, 33, 2, 3, 2, 1, 1, 1, 2]}, null, null, 143, false, [], false, 0, [], null, 0, 1744381582.4763732, 0, {}]
[{"0": [3, 2, 3, 4, 0, 1, 1, 1, 20, 29, 29, 28, 38, 31, 26, 32, 30]}, null, null, 143, false, [], false, 0, [], null, 0, 1744381582.6984384, 0, {}]
[{"0": [0, 0, 1, 2, 1, 3, 1, 1, 1, 1, 2, 3, 5, 5, 2, 35, 21]}, null, null, 144, false, [], false, 0, [], null, 0, 1744381582.9234345, 0, {}]
[{"0": [6, 3, 3, 6, 4, 0, 2, 5, 3, 3, 2, 0, 1, 0, 1, 2, 3]}, null, null, 145, false, [], false, 0, [], null, 0, 1744381583.1289613, 0, {}]
[{"0": [1, 1, 2, 4, 3, 4, 3, 2, 25, 38, 25, 1, 3, 0, 6, 2, 2]}, null, null, 145, false, [], false, 0, [], null, 0, 1744381583.3477082, 0, {}]
[{"0": [3, 3, 2, 5, 6, 1, 2, 3, 1, 5, 3, 4, 35, 17, 26, 26, 31]}, null, null, 146, false, [], false, 0, [], null, 0, 1744381583.5583239, 0, {}]
[{"0": [1, 0, 0, 5, 2, 3, 1, 1, 1, 1, 1, 4, 25, 26, 1, 3, 1]}, null, null, 146, false, [], false, 0, [], null, 0, 1744381583.7833576, 0, {}]
[{"0": [2, 2, 3, 4, 0, 35, 16, 0, 2, 1, 0, 4, 2, 4, 1, 2, 2]}, null, null, 147, false, [], false, 0, [], null, 0, 1744381583.9981172, 0, {}]
[{"0": [1, 5, 3, 0, 3, 24, 30, 35, 34, 2, 1, 1, 2, 1, 1, 1, 1]}, null, null, 148, false, [], false, 0, [], null, 0, 1744381584.2105997, 0, {}]
[{"0": [2, 0, 5, 4, 4, 1, 2, 1, 1, 1, 2, 1, 20, 29, 3, 1, 2]}, null, null, 148, false, [], false, 0, [], null, 0, 1744381584.4304073, 0, {}]
[{"0": [5, 0, 0, 2, 38, 27, 34, 37, 38, 31, 25, 1, 3, 3, 1, 3, 2]}, null, null, 149, false, [], false, 0, [], null, 0, 1744381584.6516864, 0, {}]
[{"0": [0, 2, 1, 4, 0, 25, 41, 28, 30, 20, 47, 4, 0, 2, 0, 2, 1]}, null, null, 149, false, [], false, 0, [], null, 0, 1744381584.8711536, 0, {}]
[{"0": [24, 26, 0, 4, 1, 3, 3, 0, 0, 4, 0, 1, 1, 4, 1, 0, 2]}, null, null, 150, true, [], false, 0, [], null, 0, 1744381585.0808475, 0, {}]
