[{"0": [2, 3, 1, 26, 29, 1, 4, 2, 1, 5, 0, 2, 1, 6, 1, 3, 5]}, null, null, 0, false, [], false, 0, [], null, 0, 1744383488.1960595, 0, {}]
[{"0": [3, 1, 2, 4, 36, 21, 4, 6, 2, 2, 4, 0, 1, 2, 2, 2, 2]}, null, null, 1, false, [], false, 0, [], null, 0, 1744383488.4286547, 0, {}]
[{"0": [2, 0, 2, 24, 28, 31, 31, 4, 2, 1, 4, 1, 1, 0, 3, 3, 2]}, null, null, 1, false, [], false, 0, [], null, 0, 1744383488.6547518, 0, {}]
[{"0": [1, 3, 1, 2, 4, 0, 1, 1, 2, 26, 37, 35, 2, 3, 3, 4, 5]}, null, null, 2, false, [], false, 0, [], null, 0, 1744383488.8673365, 0, {}]
[{"0": [2, 3, 0, 1, 1, 0, 1, 33, 18, 20, 36, 42, 35, 22, 31, 33, 18]}, null, null, 2, false, [], false, 0, [], null, 0, 1744383489.0732715, 0, {}]
[{"0": [1, 1, 1, 3, 3, 1, 1, 30, 29, 31, 2, 0, 1, 6, 2, 3, 2]}, null, null, 3, false, [], false, 0, [], null, 0, 1744383489.298136, 0, {}]
[{"0": [37, 29, 2, 5, 2, 2, 1, 4, 1, 3, 2, 3, 2, 3, 2, 3, 2]}, null, null, 4, false, [], false, 0, [], null, 0, 1744383489.516183, 0, {}]
[{"0": [23, 33, 27, 33, 33, 31, 1, 4, 2, 2, 5, 1, 1, 2, 1, 3, 0]}, null, null, 4, false, [], false, 0, [], null, 0, 1744383489.7382207, 0, {}]
[{"0": [5, 1, 1, 2, 5, 2, 3, 29, 28, 2, 2, 0, 2, 1, 1, 1, 3]}, null, null, 5, false, [], false, 0, [], null, 0, 1744383489.9422758, 0, {}]
[{"0": [1, 1, 4, 2, 1, 1, 1, 0, 1, 1, 0, 0, 3, 0, 1, 1, 3]}, null, null, 5, false, [], false, 0, [], null, 0, 1744383490.1667962, 0, {}]
[{"0": [27, 30, 29, 27, 32, 23, 29, 34, 27, 19, 28, 1, 0, 3, 5, 2, 0]}, null, null, 6, false, [], false, 0, [], null, 0, 1744383490.3790026, 0, {}]
[{"0": [7, 2, 1, 3, 3, 2, 0, 2, 1, 2, 1, 4, 21, 33, 22, 22, 34]}, null, null, 7, false, [], false, 0, [], null, 0, 1744383490.5935225, 0, {}]
[{"0": [2, 1, 2, 0, 0, 2, 0, 4, 1, 2, 1, 0, 1, 1, 29, 36, 23]}, null, null, 7, false, [], false, 0, [], null, 0, 1744383490.813349, 0, {}]
[{"0": [2, 2, 2, 1, 1, 2, 2, 4, 1, 1, 1, 1, 4, 5, 4, 1, 3]}, null, null, 8, false, [], false, 0, [], null, 0, 1744383491.0446806, 0, {}]
[{"0": [0, 0, 2, 4, 1, 2, 2, 3, 2, 0, 25, 32, 6, 2, 1, 1, 5]}, null, null, 8, false, [], false, 0, [], null, 0, 1744383491.2478127, 0, {}]
[{"0": [1, 0, 2, 5, 4, 5, 2, 0, 2, 0, 0, 34, 42, 32, 32, 32, 36]}, null, null, 9, false, [], false, 0, [], null, 0, 1744383491.4617963, 0, {}]
[{"0": [0, 3, 2, 3, 3, 2, 1, 0, 3, 2, 26, 31, 30, 34, 32, 30, 23]}, null, null, 10, false, [], false, 0, [], null, 0, 1744383491.6821253, 0, {}]
[{"0": [3, 1, 1, 1, 0, 4, 1, 3, 3, 0, 20, 23, 26, 18, 33, 30, 31]}, null, null, 10, false, [], false, 0, [], null, 0, 1744383491.8981695, 0, {}]
[{"0": [39, 36, 39, 27, 31, 27, 36, 36, 20, 31, 26, 4, 1, 1, 0, 0, 2]}, null, null, 11, false, [], false, 0, [], null, 0, 1744383492.1174612, 0, {}]
[{"0": [1, 2, 2, 0, 6, 3, 2, 3, 2, 1, 3, 1, 3, 0, 3, 2, 26]}, null, null, 11, false, [], false, 0, [], null, 0, 1744383492.337451, 0, {}]
[{"0": [2, 3, 1, 0, 2, 1, 2, 5, 0, 19, 29, 29, 34, 26, 39, 32, 42]}, null, null, 12, false, [], false, 0, [], null, 0, 1744383492.5468092, 0, {}]
[{"0": [3, 4, 0, 0, 3, 0, 1, 0, 1, 1, 5, 22, 34, 27, 30, 21, 32]}, null, null, 13, false, [], false, 0, [], null, 0, 1744383492.7680247, 0, {}]
[{"0": [1, 0, 1, 3, 2, 2, 3, 3, 1, 0, 5, 1, 3, 1, 30, 2, 2]}, null, null, 13, false, [], false, 0, [], null, 0, 1744383492.9780643, 0, {}]
[{"0": [3, 1, 1, 1, 1, 25, 30, 30, 2, 4, 3, 1, 4, 1, 5, 1, 2]}, null, null, 14, false, [], false, 0, [], null, 0, 1744383493.197338, 0, {}]
[{"0": [1, 2, 3, 3, 1, 27, 4, 4, 0, 3, 3, 2, 2, 2, 2, 2, 1]}, null, null, 14, false, [], false, 0, [], null, 0, 1744383493.4163027, 0, {}]
[{"0": [34, 30, 26, 1, 0, 2, 3, 1, 2, 0, 2, 1, 1, 1, 2, 1, 1]}, null, null, 15, false, [], false, 0, [], null, 0, 1744383493.641691, 0, {}]
[{"0": [2, 4, 2, 1, 1, 1, 5, 1, 0, 3, 6, 3, 3, 1, 0, 4, 32]}, null, null, 16, false, [], false, 0, [], null, 0, 1744383493.8412817, 0, {}]
[{"0": [4, 2, 0, 31, 3, 2, 0, 3, 1, 3, 0, 1, 1, 3, 1, 1, 2]}, null, null, 16, false, [], false, 0, [], null, 0, 1744383494.061343, 0, {}]
[{"0": [1, 1, 1, 7, 2, 2, 1, 2, 3, 0, 3, 5, 1, 0, 3, 0, 2]}, null, null, 17, false, [], false, 0, [], null, 0, 1744383494.278863, 0, {}]
[{"0": [0, 0, 2, 1, 2, 3, 3, 1, 1, 0, 4, 0, 3, 1, 3, 2, 2]}, null, null, 17, false, [], false, 0, [], null, 0, 1744383494.4907923, 0, {}]
[{"0": [1, 3, 2, 0, 4, 1, 3, 5, 0, 1, 1, 1, 2, 2, 29, 32, 31]}, null, null, 18, false, [], false, 0, [], null, 0, 1744383494.7275403, 0, {}]
[{"0": [1, 1, 1, 1, 2, 34, 32, 31, 26, 23, 29, 26, 2, 2, 2, 1, 2]}, null, null, 19, false, [], false, 0, [], null, 0, 1744383494.9340317, 0, {}]
[{"0": [23, 27, 3, 5, 1, 0, 2, 1, 1, 4, 2, 3, 1, 1, 2, 0, 1]}, null, null, 19, false, [], false, 0, [], null, 0, 1744383495.1595316, 0, {}]
[{"0": [5, 1, 30, 2, 3, 2, 3, 0, 1, 1, 3, 1, 1, 1, 3, 2, 2]}, null, null, 20, false, [], false, 0, [], null, 0, 1744383495.3658748, 0, {}]
[{"0": [2, 1, 1, 1, 0, 6, 5, 2, 35, 1, 5, 1, 1, 2, 2, 4, 2]}, null, null, 20, false, [], false, 0, [], null, 0, 1744383495.5753462, 0, {}]
[{"0": [3, 1, 1, 2, 1, 3, 0, 1, 3, 4, 2, 1, 3, 0, 6, 0, 24]}, null, null, 21, false, [], false, 0, [], null, 0, 1744383495.8081396, 0, {}]
[{"0": [2, 2, 15, 0, 1, 3, 2, 1, 0, 0, 1, 0, 0, 1, 1, 1, 3]}, null, null, 22, false, [], false, 0, [], null, 0, 1744383496.0112133, 0, {}]
[{"0": [1, 3, 2, 1, 3, 5, 3, 3, 4, 1, 0, 3, 1, 19, 1, 3, 0]}, null, null, 22, false, [], false, 0, [], null, 0, 1744383496.2351122, 0, {}]
[{"0": [3, 3, 1, 6, 6, 2, 1, 3, 2, 2, 2, 0, 3, 1, 2, 0, 32]}, null, null, 23, false, [], false, 0, [], null, 0, 1744383496.4380984, 0, {}]
[{"0": [1, 2, 3, 2, 2, 2, 1, 3, 4, 1, 20, 3, 2, 4, 1, 2, 4]}, null, null, 23, false, [], false, 0, [], null, 0, 1744383496.6678417, 0, {}]
[{"0": [2, 2, 2, 4, 2, 2, 2, 1, 1, 33, 21, 27, 1, 1, 2, 1, 6]}, null, null, 24, false, [], false, 0, [], null, 0, 1744383496.874815, 0, {}]
[{"0": [1, 0, 4, 1, 1, 0, 0, 2, 2, 2, 1, 1, 0, 1, 4, 1, 3]}, null, null, 25, false, [], false, 0, [], null, 0, 1744383497.1035318, 0, {}]
[{"0": [28, 1, 2, 3, 31, 28, 32, 28, 3, 3, 3, 0, 5, 0, 0, 1, 6]}, null, null, 25, false, [], false, 0, [], null, 0, 1744383497.3114402, 0, {}]
[{"0": [3, 0, 4, 1, 2, 31, 29, 26, 29, 42, 2, 0, 1, 0, 4, 2, 2]}, null, null, 26, false, [], false, 0, [], null, 0, 1744383497.523573, 0, {}]
[{"0": [2, 2, 0, 3, 7, 26, 19, 26, 33, 18, 37, 3, 1, 0, 0, 3, 0]}, null, null, 27, false, [], false, 0, [], null, 0, 1744383497.7398894, 0, {}]
[{"0": [0, 1, 1, 0, 1, 0, 31, 20, 25, 2, 2, 2, 5, 3, 3, 3, 4]}, null, null, 27, false, [], false, 0, [], null, 0, 1744383497.9531016, 0, {}]
[{"0": [0, 0, 6, 3, 0, 3, 29, 27, 33, 27, 24, 30, 0, 5, 1, 3, 2]}, null, null, 28, false, [], false, 0, [], null, 0, 1744383498.1924613, 0, {}]
[{"0": [1, 0, 2, 1, 3, 2, 1, 3, 2, 2, 1, 0, 1, 3, 1, 3, 4]}, null, null, 28, false, [], false, 0, [], null, 0, 1744383498.4009109, 0, {}]
[{"0": [2, 4, 1, 1, 4, 0, 31, 0, 1, 2, 1, 2, 4, 2, 4, 6, 2]}, null, null, 29, false, [], false, 0, [], null, 0, 1744383498.6070874, 0, {}]
[{"0": [1, 2, 2, 1, 1, 1, 1, 2, 4, 1, 2, 1, 3, 1, 33, 1, 2]}, null, null, 30, false, [], false, 0, [], null, 0, 1744383498.8221216, 0, {}]
[{"0": [3, 1, 32, 24, 2, 2, 1, 6, 1, 1, 1, 2, 5, 2, 1, 3, 3]}, null, null, 30, false, [], false, 0, [], null, 0, 1744383499.041049, 0, {}]
[{"0": [0, 1, 2, 2, 4, 2, 4, 1, 2, 3, 1, 0, 2, 3, 2, 3, 2]}, null, null, 31, false, [], false, 0, [], null, 0, 1744383499.2578223, 0, {}]
[{"0": [29, 23, 26, 2, 1, 3, 2, 3, 1, 1, 3, 2, 4, 2, 3, 3, 1]}, null, null, 31, false, [], false, 0, [], null, 0, 1744383499.479768, 0, {}]
[{"0": [2, 2, 4, 0, 3, 1, 2, 2, 1, 4, 1, 3, 2, 2, 2, 32, 28]}, null, null, 32, false, [], false, 0, [], null, 0, 1744383499.6920211, 0, {}]
[{"0": [3, 1, 0, 1, 3, 0, 1, 2, 2, 3, 6, 0, 2, 4, 2, 1, 32]}, null, null, 33, false, [], false, 0, [], null, 0, 1744383499.9091337, 0, {}]
[{"0": [1, 1, 3, 1, 1, 2, 2, 1, 1, 0, 27, 0, 0, 2, 3, 5, 6]}, null, null, 33, false, [], false, 0, [], null, 0, 1744383500.125895, 0, {}]
[{"0": [34, 32, 28, 33, 29, 34, 26, 0, 1, 2, 2, 0, 0, 0, 2, 2, 2]}, null, null, 34, false, [], false, 0, [], null, 0, 1744383500.3550534, 0, {}]
[{"0": [1, 0, 0, 4, 2, 2, 0, 2, 2, 2, 1, 1, 3, 1, 4, 32, 1]}, null, null, 34, false, [], false, 0, [], null, 0, 1744383500.5614545, 0, {}]
[{"0": [4, 1, 1, 1, 2, 2, 2, 1, 2, 0, 1, 2, 3, 24, 2, 4, 2]}, null, null, 35, false, [], false, 0, [], null, 0, 1744383500.7835472, 0, {}]
[{"0": [3, 3, 2, 4, 3, 2, 0, 3, 38, 27, 33, 26, 0, 1, 3, 1, 1]}, null, null, 36, false, [], false, 0, [], null, 0, 1744383500.9877672, 0, {}]
[{"0": [33, 38, 22, 23, 35, 21, 26, 23, 29, 25, 21, 28, 29, 33, 33, 26, 34]}, null, null, 36, false, [], false, 0, [], null, 0, 1744383501.2160313, 0, {}]
[{"0": [1, 2, 20, 28, 1, 2, 0, 3, 2, 0, 1, 1, 1, 1, 0, 2, 2]}, null, null, 37, false, [], false, 0, [], null, 0, 1744383501.4166975, 0, {}]
[{"0": [2, 4, 1, 5, 2, 1, 2, 0, 4, 2, 2, 1, 0, 22, 2, 2, 2]}, null, null, 37, false, [], false, 0, [], null, 0, 1744383501.634814, 0, {}]
[{"0": [1, 0, 1, 3, 3, 4, 1, 3, 1, 2, 0, 3, 3, 2, 2, 1, 1]}, null, null, 38, false, [], false, 0, [], null, 0, 1744383501.851514, 0, {}]
[{"0": [0, 0, 3, 1, 1, 2, 1, 1, 0, 3, 5, 2, 2, 25, 35, 23, 26]}, null, null, 39, false, [], false, 0, [], null, 0, 1744383502.0667307, 0, {}]
[{"0": [1, 7, 1, 1, 34, 33, 28, 28, 24, 3, 0, 2, 4, 3, 1, 4, 3]}, null, null, 39, false, [], false, 0, [], null, 0, 1744383502.2979228, 0, {}]
[{"0": [0, 2, 1, 4, 0, 4, 23, 27, 22, 29, 29, 32, 0, 2, 4, 0, 4]}, null, null, 40, false, [], false, 0, [], null, 0, 1744383502.5103483, 0, {}]
[{"0": [2, 2, 2, 3, 1, 3, 0, 4, 3, 1, 0, 3, 2, 1, 1, 4, 31]}, null, null, 40, false, [], false, 0, [], null, 0, 1744383502.7212496, 0, {}]
[{"0": [5, 3, 2, 6, 2, 1, 1, 0, 2, 4, 2, 27, 34, 25, 30, 33, 20]}, null, null, 41, false, [], false, 0, [], null, 0, 1744383502.9423604, 0, {}]
[{"0": [1, 2, 2, 3, 1, 3, 1, 32, 19, 32, 45, 1, 0, 1, 3, 0, 1]}, null, null, 42, false, [], false, 0, [], null, 0, 1744383503.1588695, 0, {}]
[{"0": [2, 2, 4, 1, 1, 1, 3, 33, 28, 31, 0, 1, 4, 3, 4, 1, 4]}, null, null, 42, false, [], false, 0, [], null, 0, 1744383503.3859036, 0, {}]
[{"0": [2, 1, 40, 35, 2, 1, 2, 2, 1, 1, 2, 6, 2, 3, 2, 2, 1]}, null, null, 43, false, [], false, 0, [], null, 0, 1744383503.5983849, 0, {}]
[{"0": [2, 0, 34, 0, 2, 2, 1, 1, 3, 1, 2, 1, 7, 4, 0, 0, 3]}, null, null, 43, false, [], false, 0, [], null, 0, 1744383503.8175244, 0, {}]
[{"0": [1, 4, 0, 1, 33, 36, 24, 36, 33, 0, 3, 2, 1, 1, 0, 2, 0]}, null, null, 44, false, [], false, 0, [], null, 0, 1744383504.0149848, 0, {}]
[{"0": [2, 3, 30, 26, 30, 0, 3, 2, 2, 3, 0, 2, 1, 2, 5, 0, 1]}, null, null, 45, false, [], false, 0, [], null, 0, 1744383504.2406802, 0, {}]
[{"0": [0, 1, 3, 3, 1, 2, 1, 2, 2, 1, 4, 3, 0, 30, 21, 1, 4]}, null, null, 45, false, [], false, 0, [], null, 0, 1744383504.4584918, 0, {}]
[{"0": [3, 6, 0, 1, 29, 34, 32, 32, 2, 4, 3, 2, 1, 4, 2, 2, 2]}, null, null, 46, false, [], false, 0, [], null, 0, 1744383504.6701505, 0, {}]
[{"0": [4, 2, 5, 23, 3, 2, 3, 0, 3, 1, 5, 2, 1, 4, 0, 2, 2]}, null, null, 46, false, [], false, 0, [], null, 0, 1744383504.8818622, 0, {}]
[{"0": [1, 4, 1, 2, 0, 1, 1, 1, 2, 1, 1, 3, 27, 25, 19, 28, 25]}, null, null, 47, false, [], false, 0, [], null, 0, 1744383505.1101556, 0, {}]
[{"0": [3, 3, 4, 1, 17, 33, 3, 3, 1, 4, 0, 1, 2, 2, 3, 2, 0]}, null, null, 48, false, [], false, 0, [], null, 0, 1744383505.3311768, 0, {}]
[{"0": [2, 1, 3, 3, 4, 0, 1, 1, 0, 30, 28, 27, 27, 2, 2, 3, 1]}, null, null, 48, false, [], false, 0, [], null, 0, 1744383505.538652, 0, {}]
[{"0": [3, 0, 3, 1, 0, 2, 4, 5, 43, 30, 37, 20, 25, 28, 18, 33, 30]}, null, null, 49, false, [], false, 0, [], null, 0, 1744383505.7637315, 0, {}]
[{"0": [2, 0, 1, 4, 0, 1, 1, 2, 6, 34, 2, 1, 1, 3, 4, 1, 2]}, null, null, 49, false, [], false, 0, [], null, 0, 1744383505.9844403, 0, {}]
[{"0": [1, 2, 5, 30, 27, 27, 31, 31, 26, 40, 26, 31, 41, 2, 5, 2, 1]}, null, null, 50, false, [], false, 0, [], null, 0, 1744383506.1847749, 0, {}]
[{"0": [0, 2, 2, 0, 1, 2, 4, 3, 1, 0, 29, 31, 25, 37, 27, 2, 0]}, null, null, 51, false, [], false, 0, [], null, 0, 1744383506.4140072, 0, {}]
[{"0": [1, 3, 6, 4, 0, 1, 1, 0, 2, 29, 33, 3, 5, 2, 5, 3, 1]}, null, null, 51, false, [], false, 0, [], null, 0, 1744383506.6288233, 0, {}]
[{"0": [0, 1, 2, 0, 1, 1, 4, 0, 4, 5, 1, 0, 5, 33, 29, 29, 27]}, null, null, 52, false, [], false, 0, [], null, 0, 1744383506.8368428, 0, {}]
[{"0": [4, 1, 5, 0, 1, 1, 23, 31, 2, 6, 1, 2, 4, 0, 2, 3, 5]}, null, null, 52, false, [], false, 0, [], null, 0, 1744383507.053577, 0, {}]
[{"0": [2, 5, 1, 1, 2, 4, 2, 4, 1, 1, 1, 2, 3, 22, 26, 2, 1]}, null, null, 53, false, [], false, 0, [], null, 0, 1744383507.2822316, 0, {}]
[{"0": [1, 1, 31, 37, 34, 4, 1, 2, 4, 1, 4, 1, 2, 0, 2, 1, 1]}, null, null, 54, false, [], false, 0, [], null, 0, 1744383507.4857833, 0, {}]
[{"0": [1, 2, 2, 3, 1, 3, 2, 2, 0, 3, 1, 2, 2, 3, 23, 35, 32]}, null, null, 54, false, [], false, 0, [], null, 0, 1744383507.7111645, 0, {}]
[{"0": [3, 0, 3, 1, 2, 3, 1, 2, 1, 2, 3, 25, 1, 0, 2, 3, 2]}, null, null, 55, false, [], false, 0, [], null, 0, 1744383507.9278283, 0, {}]
[{"0": [3, 1, 2, 3, 3, 2, 0, 0, 3, 5, 1, 3, 2, 25, 24, 24, 24]}, null, null, 55, false, [], false, 0, [], null, 0, 1744383508.153202, 0, {}]
[{"0": [1, 2, 1, 4, 3, 29, 2, 2, 3, 2, 1, 2, 3, 1, 1, 3, 1]}, null, null, 56, false, [], false, 0, [], null, 0, 1744383508.3686655, 0, {}]
[{"0": [3, 0, 2, 2, 5, 1, 3, 1, 5, 0, 2, 3, 40, 0, 1, 3, 3]}, null, null, 57, false, [], false, 0, [], null, 0, 1744383508.5894227, 0, {}]
[{"0": [0, 4, 0, 2, 1, 2, 1, 2, 3, 1, 2, 2, 1, 2, 2, 0, 0]}, null, null, 57, false, [], false, 0, [], null, 0, 1744383508.789332, 0, {}]
[{"0": [0, 0, 0, 2, 0, 1, 1, 1, 2, 2, 0, 1, 0, 0, 4, 0, 4]}, null, null, 58, false, [], false, 0, [], null, 0, 1744383509.0173512, 0, {}]
[{"0": [3, 7, 2, 0, 4, 2, 0, 3, 2, 2, 4, 31, 23, 28, 33, 33, 20]}, null, null, 58, false, [], false, 0, [], null, 0, 1744383509.2347593, 0, {}]
[{"0": [0, 0, 5, 3, 0, 2, 2, 2, 1, 5, 2, 1, 1, 2, 1, 0, 5]}, null, null, 59, false, [], false, 0, [], null, 0, 1744383509.4586542, 0, {}]
[{"0": [1, 0, 2, 1, 4, 28, 37, 0, 1, 3, 6, 3, 2, 0, 0, 2, 3]}, null, null, 60, false, [], false, 0, [], null, 0, 1744383509.666929, 0, {}]
[{"0": [0, 1, 1, 2, 2, 1, 5, 3, 1, 33, 34, 37, 4, 0, 3, 2, 1]}, null, null, 60, false, [], false, 0, [], null, 0, 1744383509.8757327, 0, {}]
[{"0": [3, 1, 2, 1, 2, 1, 2, 2, 3, 3, 1, 1, 2, 1, 3, 0, 23]}, null, null, 61, false, [], false, 0, [], null, 0, 1744383510.0838387, 0, {}]
[{"0": [1, 5, 1, 0, 2, 2, 2, 1, 1, 4, 1, 0, 1, 4, 4, 3, 2]}, null, null, 61, false, [], false, 0, [], null, 0, 1744383510.299302, 0, {}]
[{"0": [0, 0, 2, 2, 27, 4, 2, 0, 4, 2, 2, 2, 1, 0, 3, 2, 1]}, null, null, 62, false, [], false, 0, [], null, 0, 1744383510.5181952, 0, {}]
[{"0": [1, 2, 1, 3, 0, 2, 4, 26, 27, 23, 33, 28, 25, 21, 24, 33, 27]}, null, null, 63, false, [], false, 0, [], null, 0, 1744383510.7386625, 0, {}]
[{"0": [27, 27, 23, 30, 31, 24, 4, 1, 4, 2, 1, 2, 1, 2, 2, 2, 1]}, null, null, 63, false, [], false, 0, [], null, 0, 1744383510.9556954, 0, {}]
[{"0": [3, 4, 1, 6, 29, 1, 1, 2, 2, 3, 2, 2, 4, 1, 0, 4, 2]}, null, null, 64, false, [], false, 0, [], null, 0, 1744383511.180311, 0, {}]
[{"0": [2, 2, 0, 3, 0, 3, 1, 2, 1, 33, 36, 28, 1, 3, 0, 1, 0]}, null, null, 64, false, [], false, 0, [], null, 0, 1744383511.3817306, 0, {}]
[{"0": [1, 3, 2, 2, 2, 34, 31, 30, 20, 27, 34, 44, 1, 2, 1, 0, 1]}, null, null, 65, false, [], false, 0, [], null, 0, 1744383511.6034431, 0, {}]
[{"0": [0, 1, 2, 21, 27, 1, 2, 2, 4, 1, 2, 1, 5, 3, 1, 3, 1]}, null, null, 66, false, [], false, 0, [], null, 0, 1744383511.826368, 0, {}]
[{"0": [1, 0, 1, 0, 0, 3, 0, 0, 1, 0, 3, 36, 2, 3, 1, 0, 4]}, null, null, 66, false, [], false, 0, [], null, 0, 1744383512.0445778, 0, {}]
[{"0": [0, 1, 29, 2, 3, 1, 2, 3, 3, 1, 0, 0, 1, 3, 1, 5, 1]}, null, null, 67, false, [], false, 0, [], null, 0, 1744383512.2656348, 0, {}]
[{"0": [2, 1, 0, 1, 1, 2, 3, 1, 5, 0, 0, 1, 3, 3, 2, 25, 33]}, null, null, 67, false, [], false, 0, [], null, 0, 1744383512.4766304, 0, {}]
[{"0": [1, 3, 3, 2, 4, 3, 1, 1, 0, 0, 0, 2, 2, 5, 24, 4, 1]}, null, null, 68, false, [], false, 0, [], null, 0, 1744383512.698692, 0, {}]
[{"0": [0, 2, 3, 1, 2, 2, 3, 3, 1, 2, 2, 28, 31, 35, 25, 31, 29]}, null, null, 69, false, [], false, 0, [], null, 0, 1744383512.912554, 0, {}]
[{"0": [0, 2, 35, 28, 27, 28, 21, 27, 1, 2, 2, 1, 3, 1, 3, 2, 1]}, null, null, 69, false, [], false, 0, [], null, 0, 1744383513.1205196, 0, {}]
[{"0": [4, 6, 3, 3, 2, 2, 3, 1, 1, 22, 33, 27, 29, 24, 38, 27, 23]}, null, null, 70, false, [], false, 0, [], null, 0, 1744383513.3473947, 0, {}]
[{"0": [28, 23, 27, 23, 3, 2, 2, 2, 1, 5, 5, 3, 2, 1, 1, 3, 6]}, null, null, 70, false, [], false, 0, [], null, 0, 1744383513.5523553, 0, {}]
[{"0": [0, 2, 3, 1, 4, 2, 0, 2, 1, 4, 3, 3, 1, 27, 27, 23, 34]}, null, null, 71, false, [], false, 0, [], null, 0, 1744383513.7743294, 0, {}]
[{"0": [4, 1, 2, 3, 1, 3, 4, 4, 1, 2, 2, 1, 1, 31, 29, 36, 23]}, null, null, 72, false, [], false, 0, [], null, 0, 1744383513.9994617, 0, {}]
[{"0": [2, 3, 2, 2, 0, 2, 38, 26, 27, 26, 29, 1, 0, 1, 0, 1, 2]}, null, null, 72, false, [], false, 0, [], null, 0, 1744383514.2144465, 0, {}]
[{"0": [1, 1, 2, 3, 5, 26, 37, 23, 20, 29, 38, 0, 1, 3, 2, 3, 1]}, null, null, 73, false, [], false, 0, [], null, 0, 1744383514.4193726, 0, {}]
[{"0": [2, 3, 1, 1, 3, 4, 3, 29, 24, 3, 3, 1, 2, 2, 0, 3, 4]}, null, null, 73, false, [], false, 0, [], null, 0, 1744383514.6365747, 0, {}]
[{"0": [3, 1, 0, 1, 1, 1, 2, 1, 2, 2, 1, 1, 32, 30, 28, 28, 29]}, null, null, 74, false, [], false, 0, [], null, 0, 1744383514.8638384, 0, {}]
[{"0": [1, 0, 1, 0, 4, 2, 2, 22, 39, 22, 27, 24, 32, 21, 27, 28, 27]}, null, null, 75, false, [], false, 0, [], null, 0, 1744383515.0786023, 0, {}]
[{"0": [0, 2, 1, 1, 2, 0, 2, 2, 33, 40, 24, 27, 28, 2, 4, 2, 4]}, null, null, 75, false, [], false, 0, [], null, 0, 1744383515.2970464, 0, {}]
[{"0": [2, 4, 1, 2, 2, 1, 33, 27, 1, 2, 3, 1, 2, 0, 1, 5, 0]}, null, null, 76, false, [], false, 0, [], null, 0, 1744383515.5006123, 0, {}]
[{"0": [0, 0, 1, 5, 3, 2, 4, 2, 0, 0, 1, 1, 2, 1, 2, 1, 28]}, null, null, 77, false, [], false, 0, [], null, 0, 1744383515.7182999, 0, {}]
[{"0": [1, 0, 1, 2, 26, 22, 28, 2, 1, 3, 1, 0, 1, 1, 9, 3, 3]}, null, null, 77, false, [], false, 0, [], null, 0, 1744383515.934595, 0, {}]
[{"0": [25, 28, 2, 1, 2, 2, 1, 5, 3, 4, 2, 3, 2, 1, 2, 2, 0]}, null, null, 78, false, [], false, 0, [], null, 0, 1744383516.1489298, 0, {}]
[{"0": [0, 4, 0, 0, 1, 1, 2, 3, 0, 2, 29, 34, 35, 32, 25, 28, 29]}, null, null, 78, false, [], false, 0, [], null, 0, 1744383516.3599458, 0, {}]
[{"0": [2, 2, 3, 3, 2, 1, 2, 5, 2, 2, 1, 3, 5, 0, 3, 3, 29]}, null, null, 79, false, [], false, 0, [], null, 0, 1744383516.5810695, 0, {}]
[{"0": [2, 3, 1, 2, 4, 0, 4, 25, 22, 3, 1, 1, 3, 2, 2, 1, 3]}, null, null, 80, false, [], false, 0, [], null, 0, 1744383516.8102775, 0, {}]
[{"0": [5, 3, 1, 0, 4, 4, 1, 0, 2, 3, 1, 1, 1, 2, 0, 2, 1]}, null, null, 80, false, [], false, 0, [], null, 0, 1744383517.0212388, 0, {}]
[{"0": [1, 2, 4, 24, 17, 1, 3, 4, 1, 0, 1, 4, 2, 1, 1, 4, 2]}, null, null, 81, false, [], false, 0, [], null, 0, 1744383517.242961, 0, {}]
[{"0": [31, 2, 0, 1, 2, 3, 4, 1, 2, 1, 3, 1, 1, 1, 3, 1, 2]}, null, null, 81, false, [], false, 0, [], null, 0, 1744383517.4459915, 0, {}]
[{"0": [4, 1, 0, 5, 3, 3, 2, 2, 1, 3, 1, 2, 1, 3, 1, 2, 2]}, null, null, 82, false, [], false, 0, [], null, 0, 1744383517.6678884, 0, {}]
[{"0": [22, 2, 1, 4, 1, 4, 1, 3, 2, 2, 2, 4, 1, 2, 1, 4, 2]}, null, null, 83, false, [], false, 0, [], null, 0, 1744383517.8870428, 0, {}]
[{"0": [1, 4, 2, 3, 1, 1, 2, 1, 2, 1, 0, 20, 2, 1, 1, 2, 0]}, null, null, 83, false, [], false, 0, [], null, 0, 1744383518.100279, 0, {}]
[{"0": [0, 2, 25, 22, 28, 26, 22, 4, 0, 3, 2, 2, 5, 2, 2, 3, 3]}, null, null, 84, false, [], false, 0, [], null, 0, 1744383518.325813, 0, {}]
[{"0": [3, 2, 6, 0, 2, 0, 0, 1, 2, 1, 0, 3, 2, 1, 3, 1, 31]}, null, null, 84, false, [], false, 0, [], null, 0, 1744383518.5359578, 0, {}]
[{"0": [1, 0, 0, 1, 2, 0, 1, 2, 0, 2, 2, 2, 1, 7, 2, 2, 0]}, null, null, 85, false, [], false, 0, [], null, 0, 1744383518.758989, 0, {}]
[{"0": [1, 1, 3, 4, 2, 0, 2, 0, 3, 3, 2, 1, 0, 2, 4, 5, 29]}, null, null, 86, false, [], false, 0, [], null, 0, 1744383518.9830267, 0, {}]
[{"0": [2, 3, 3, 3, 0, 2, 3, 0, 29, 29, 31, 29, 38, 27, 3, 1, 2]}, null, null, 86, false, [], false, 0, [], null, 0, 1744383519.185277, 0, {}]
[{"0": [0, 0, 1, 1, 2, 0, 2, 2, 2, 0, 2, 2, 0, 1, 3, 2, 30]}, null, null, 87, false, [], false, 0, [], null, 0, 1744383519.4089265, 0, {}]
[{"0": [1, 2, 3, 3, 3, 2, 3, 3, 2, 2, 2, 1, 31, 3, 1, 2, 3]}, null, null, 87, false, [], false, 0, [], null, 0, 1744383519.6135209, 0, {}]
[{"0": [3, 3, 2, 2, 0, 30, 34, 5, 2, 3, 2, 3, 3, 2, 4, 4, 1]}, null, null, 88, false, [], false, 0, [], null, 0, 1744383519.832572, 0, {}]
[{"0": [1, 1, 31, 27, 2, 1, 3, 2, 1, 2, 2, 2, 1, 4, 1, 3, 0]}, null, null, 89, false, [], false, 0, [], null, 0, 1744383520.0589252, 0, {}]
[{"0": [0, 3, 1, 1, 1, 2, 1, 2, 2, 2, 3, 1, 0, 3, 30, 2, 2]}, null, null, 89, false, [], false, 0, [], null, 0, 1744383520.278978, 0, {}]
[{"0": [4, 3, 2, 2, 3, 2, 3, 2, 1, 0, 1, 25, 2, 3, 0, 1, 3]}, null, null, 90, false, [], false, 0, [], null, 0, 1744383520.4814007, 0, {}]
[{"0": [2, 1, 3, 2, 1, 2, 27, 35, 21, 29, 30, 24, 25, 24, 35, 29, 32]}, null, null, 90, false, [], false, 0, [], null, 0, 1744383520.6999037, 0, {}]
[{"0": [2, 1, 1, 2, 2, 3, 2, 1, 2, 5, 22, 42, 1, 4, 1, 1, 0]}, null, null, 91, false, [], false, 0, [], null, 0, 1744383520.9210992, 0, {}]
[{"0": [1, 0, 34, 33, 29, 20, 30, 4, 4, 1, 2, 1, 2, 3, 4, 0, 4]}, null, null, 92, false, [], false, 0, [], null, 0, 1744383521.148287, 0, {}]
[{"0": [3, 4, 3, 28, 1, 0, 1, 2, 2, 1, 1, 1, 3, 0, 0, 2, 3]}, null, null, 92, false, [], false, 0, [], null, 0, 1744383521.3580391, 0, {}]
[{"0": [0, 2, 2, 2, 1, 25, 31, 35, 35, 2, 3, 1, 3, 2, 1, 0, 4]}, null, null, 93, false, [], false, 0, [], null, 0, 1744383521.5738404, 0, {}]
[{"0": [3, 2, 2, 1, 0, 0, 22, 20, 21, 26, 19, 28, 34, 33, 19, 1, 5]}, null, null, 93, false, [], false, 0, [], null, 0, 1744383521.7842302, 0, {}]
[{"0": [30, 38, 22, 0, 1, 0, 0, 1, 2, 4, 1, 0, 1, 1, 1, 1, 1]}, null, null, 94, false, [], false, 0, [], null, 0, 1744383522.0134213, 0, {}]
[{"0": [0, 3, 2, 2, 1, 2, 3, 3, 1, 1, 4, 1, 0, 2, 30, 35, 25]}, null, null, 95, false, [], false, 0, [], null, 0, 1744383522.2206182, 0, {}]
[{"0": [1, 4, 2, 3, 1, 2, 2, 0, 2, 4, 6, 2, 2, 0, 1, 0, 27]}, null, null, 95, false, [], false, 0, [], null, 0, 1744383522.4333074, 0, {}]
[{"0": [4, 1, 3, 23, 22, 21, 28, 45, 42, 35, 26, 24, 31, 27, 30, 0, 3]}, null, null, 96, false, [], false, 0, [], null, 0, 1744383522.652986, 0, {}]
[{"0": [33, 33, 2, 2, 1, 3, 3, 3, 4, 1, 4, 1, 0, 4, 1, 0, 2]}, null, null, 96, false, [], false, 0, [], null, 0, 1744383522.8790445, 0, {}]
[{"0": [1, 1, 2, 1, 0, 2, 1, 4, 3, 1, 26, 22, 23, 1, 0, 1, 1]}, null, null, 97, false, [], false, 0, [], null, 0, 1744383523.078549, 0, {}]
[{"0": [0, 1, 3, 1, 0, 1, 2, 0, 2, 2, 23, 21, 22, 23, 3, 1, 3]}, null, null, 98, false, [], false, 0, [], null, 0, 1744383523.300227, 0, {}]
[{"0": [4, 4, 2, 1, 2, 2, 0, 24, 20, 33, 38, 0, 0, 1, 2, 1, 0]}, null, null, 98, false, [], false, 0, [], null, 0, 1744383523.5211074, 0, {}]
[{"0": [1, 3, 0, 2, 0, 1, 0, 3, 1, 1, 0, 0, 0, 1, 3, 22, 22]}, null, null, 99, false, [], false, 0, [], null, 0, 1744383523.7256615, 0, {}]
[{"0": [1, 3, 1, 3, 3, 2, 1, 5, 1, 2, 33, 34, 2, 4, 0, 0, 1]}, null, null, 99, false, [], false, 0, [], null, 0, 1744383523.942428, 0, {}]
[{"0": [2, 3, 2, 1, 1, 2, 1, 4, 2, 1, 1, 1, 1, 2, 37, 0, 4]}, null, null, 100, false, [], false, 0, [], null, 0, 1744383524.1720376, 0, {}]
[{"0": [2, 2, 1, 1, 3, 3, 33, 21, 23, 33, 38, 3, 2, 0, 1, 4, 0]}, null, null, 101, false, [], false, 0, [], null, 0, 1744383524.3795638, 0, {}]
[{"0": [3, 1, 1, 4, 3, 2, 1, 3, 3, 4, 1, 2, 0, 24, 31, 25, 34]}, null, null, 101, false, [], false, 0, [], null, 0, 1744383524.5925825, 0, {}]
[{"0": [2, 1, 4, 1, 1, 6, 4, 21, 32, 28, 31, 2, 4, 4, 0, 1, 3]}, null, null, 102, false, [], false, 0, [], null, 0, 1744383524.8214767, 0, {}]
[{"0": [0, 2, 3, 3, 2, 1, 0, 2, 1, 3, 3, 21, 27, 25, 31, 35, 1]}, null, null, 102, false, [], false, 0, [], null, 0, 1744383525.0412836, 0, {}]
[{"0": [1, 2, 2, 1, 2, 1, 3, 1, 1, 1, 2, 0, 4, 3, 1, 1, 29]}, null, null, 103, false, [], false, 0, [], null, 0, 1744383525.2448728, 0, {}]
[{"0": [6, 1, 1, 0, 4, 3, 2, 1, 3, 0, 31, 22, 26, 25, 22, 25, 34]}, null, null, 104, false, [], false, 0, [], null, 0, 1744383525.4667263, 0, {}]
[{"0": [2, 0, 3, 3, 3, 28, 33, 26, 35, 29, 29, 33, 29, 33, 24, 2, 1]}, null, null, 104, false, [], false, 0, [], null, 0, 1744383525.6804671, 0, {}]
[{"0": [3, 3, 1, 4, 2, 4, 0, 1, 0, 36, 38, 27, 2, 3, 1, 1, 2]}, null, null, 105, false, [], false, 0, [], null, 0, 1744383525.898656, 0, {}]
[{"0": [2, 0, 1, 3, 3, 2, 1, 4, 0, 1, 1, 1, 1, 0, 1, 2, 22]}, null, null, 105, false, [], false, 0, [], null, 0, 1744383526.1164217, 0, {}]
[{"0": [4, 1, 1, 5, 0, 5, 2, 24, 22, 20, 26, 26, 25, 27, 34, 32, 36]}, null, null, 106, false, [], false, 0, [], null, 0, 1744383526.3328335, 0, {}]
[{"0": [3, 1, 0, 3, 3, 1, 2, 2, 2, 29, 33, 1, 1, 4, 2, 3, 2]}, null, null, 107, false, [], false, 0, [], null, 0, 1744383526.5485563, 0, {}]
[{"0": [1, 2, 0, 2, 1, 3, 3, 26, 0, 1, 3, 1, 5, 3, 0, 2, 7]}, null, null, 107, false, [], false, 0, [], null, 0, 1744383526.7618635, 0, {}]
[{"0": [3, 2, 0, 2, 2, 1, 2, 2, 2, 4, 2, 2, 3, 2, 5, 33, 25]}, null, null, 108, false, [], false, 0, [], null, 0, 1744383526.9819448, 0, {}]
[{"0": [2, 5, 1, 2, 1, 1, 2, 1, 32, 37, 17, 27, 25, 24, 26, 29, 29]}, null, null, 108, false, [], false, 0, [], null, 0, 1744383527.2030394, 0, {}]
[{"0": [2, 3, 3, 1, 2, 3, 1, 2, 4, 2, 34, 33, 0, 5, 0, 2, 1]}, null, null, 109, false, [], false, 0, [], null, 0, 1744383527.4058053, 0, {}]
[{"0": [2, 3, 2, 2, 2, 1, 0, 1, 3, 2, 1, 3, 2, 23, 31, 2, 0]}, null, null, 110, false, [], false, 0, [], null, 0, 1744383527.640814, 0, {}]
[{"0": [0, 3, 31, 2, 1, 3, 4, 1, 1, 3, 1, 2, 0, 2, 3, 4, 0]}, null, null, 110, false, [], false, 0, [], null, 0, 1744383527.850555, 0, {}]
[{"0": [5, 1, 2, 3, 0, 2, 2, 1, 3, 1, 1, 34, 28, 28, 0, 6, 1]}, null, null, 111, false, [], false, 0, [], null, 0, 1744383528.0699618, 0, {}]
[{"0": [5, 1, 5, 18, 33, 28, 33, 4, 4, 3, 1, 1, 0, 2, 1, 3, 5]}, null, null, 111, false, [], false, 0, [], null, 0, 1744383528.2855392, 0, {}]
[{"0": [1, 4, 0, 1, 2, 1, 2, 1, 1, 5, 27, 31, 29, 3, 1, 0, 0]}, null, null, 112, false, [], false, 0, [], null, 0, 1744383528.5009134, 0, {}]
[{"0": [2, 1, 3, 0, 0, 4, 2, 1, 6, 0, 4, 2, 25, 37, 21, 25, 24]}, null, null, 113, false, [], false, 0, [], null, 0, 1744383528.7161083, 0, {}]
[{"0": [0, 1, 4, 0, 0, 1, 1, 4, 1, 2, 2, 1, 2, 0, 4, 1, 1]}, null, null, 113, false, [], false, 0, [], null, 0, 1744383528.9233496, 0, {}]
[{"0": [0, 2, 1, 2, 1, 1, 1, 2, 2, 0, 2, 2, 0, 3, 25, 34, 32]}, null, null, 114, false, [], false, 0, [], null, 0, 1744383529.138795, 0, {}]
[{"0": [2, 2, 2, 1, 4, 0, 0, 1, 2, 0, 2, 2, 3, 5, 4, 34, 32]}, null, null, 114, false, [], false, 0, [], null, 0, 1744383529.3694248, 0, {}]
[{"0": [30, 33, 41, 25, 2, 3, 2, 1, 0, 5, 2, 2, 4, 0, 5, 2, 1]}, null, null, 115, false, [], false, 0, [], null, 0, 1744383529.5830584, 0, {}]
[{"0": [38, 26, 2, 2, 0, 2, 5, 1, 0, 2, 4, 2, 1, 4, 1, 0, 1]}, null, null, 116, false, [], false, 0, [], null, 0, 1744383529.8018124, 0, {}]
[{"0": [2, 3, 1, 36, 28, 18, 36, 32, 30, 24, 27, 22, 31, 28, 31, 30, 31]}, null, null, 116, false, [], false, 0, [], null, 0, 1744383530.022045, 0, {}]
[{"0": [1, 2, 2, 31, 2, 2, 0, 0, 3, 2, 2, 3, 1, 2, 0, 1, 0]}, null, null, 117, false, [], false, 0, [], null, 0, 1744383530.231893, 0, {}]
[{"0": [4, 3, 3, 2, 24, 21, 35, 32, 22, 32, 29, 29, 0, 1, 1, 0, 2]}, null, null, 117, false, [], false, 0, [], null, 0, 1744383530.445495, 0, {}]
[{"0": [34, 33, 25, 23, 32, 17, 21, 29, 24, 28, 2, 4, 3, 2, 3, 2, 1]}, null, null, 118, false, [], false, 0, [], null, 0, 1744383530.6541474, 0, {}]
[{"0": [7, 1, 5, 3, 2, 1, 2, 1, 36, 32, 33, 23, 3, 2, 3, 5, 1]}, null, null, 119, false, [], false, 0, [], null, 0, 1744383530.8736098, 0, {}]
[{"0": [1, 1, 0, 3, 3, 0, 1, 3, 32, 28, 0, 2, 3, 1, 5, 1, 2]}, null, null, 119, false, [], false, 0, [], null, 0, 1744383531.1098156, 0, {}]
[{"0": [0, 4, 2, 4, 0, 1, 3, 2, 1, 3, 4, 1, 3, 1, 31, 2, 3]}, null, null, 120, false, [], false, 0, [], null, 0, 1744383531.3254735, 0, {}]
[{"0": [2, 0, 1, 1, 3, 3, 5, 28, 1, 0, 3, 2, 1, 1, 2, 3, 0]}, null, null, 120, false, [], false, 0, [], null, 0, 1744383531.533895, 0, {}]
[{"0": [42, 33, 30, 31, 0, 1, 4, 2, 0, 1, 3, 0, 1, 1, 1, 5, 3]}, null, null, 121, false, [], false, 0, [], null, 0, 1744383531.7528992, 0, {}]
[{"0": [25, 34, 32, 23, 28, 37, 22, 30, 30, 3, 2, 1, 1, 3, 1, 3, 2]}, null, null, 122, false, [], false, 0, [], null, 0, 1744383531.965017, 0, {}]
[{"0": [1, 4, 4, 2, 3, 5, 1, 0, 3, 25, 41, 2, 3, 2, 2, 2, 1]}, null, null, 122, false, [], false, 0, [], null, 0, 1744383532.1749601, 0, {}]
[{"0": [1, 2, 1, 30, 29, 2, 3, 1, 3, 2, 1, 5, 1, 5, 3, 2, 1]}, null, null, 123, false, [], false, 0, [], null, 0, 1744383532.407971, 0, {}]
[{"0": [26, 35, 23, 35, 31, 0, 2, 1, 3, 3, 4, 2, 2, 4, 4, 2, 2]}, null, null, 123, false, [], false, 0, [], null, 0, 1744383532.606781, 0, {}]
[{"0": [1, 0, 2, 1, 2, 4, 0, 31, 29, 25, 3, 4, 4, 1, 4, 2, 1]}, null, null, 124, false, [], false, 0, [], null, 0, 1744383532.839099, 0, {}]
[{"0": [28, 32, 1, 2, 5, 0, 1, 5, 0, 4, 3, 2, 2, 4, 2, 0, 4]}, null, null, 125, false, [], false, 0, [], null, 0, 1744383533.0448954, 0, {}]
[{"0": [1, 4, 2, 2, 0, 1, 5, 1, 3, 2, 23, 25, 28, 29, 2, 3, 0]}, null, null, 125, false, [], false, 0, [], null, 0, 1744383533.2566504, 0, {}]
[{"0": [1, 1, 2, 0, 1, 3, 25, 22, 36, 23, 2, 3, 2, 0, 2, 1, 3]}, null, null, 126, false, [], false, 0, [], null, 0, 1744383533.4829133, 0, {}]
[{"0": [2, 0, 1, 0, 2, 0, 1, 2, 5, 1, 4, 1, 1, 1, 17, 30, 36]}, null, null, 127, false, [], false, 0, [], null, 0, 1744383533.6867123, 0, {}]
[{"0": [2, 1, 2, 1, 5, 3, 27, 21, 32, 25, 18, 34, 30, 37, 30, 29, 22]}, null, null, 127, false, [], false, 0, [], null, 0, 1744383533.9167051, 0, {}]
[{"0": [3, 5, 3, 2, 6, 2, 2, 27, 22, 32, 28, 33, 27, 1, 2, 2, 2]}, null, null, 128, false, [], false, 0, [], null, 0, 1744383534.1320028, 0, {}]
[{"0": [1, 1, 2, 1, 30, 29, 22, 31, 33, 37, 33, 1, 1, 1, 0, 6, 3]}, null, null, 128, false, [], false, 0, [], null, 0, 1744383534.3468814, 0, {}]
[{"0": [29, 1, 2, 4, 2, 2, 2, 2, 1, 2, 2, 2, 0, 2, 1, 3, 2]}, null, null, 129, false, [], false, 0, [], null, 0, 1744383534.5632622, 0, {}]
[{"0": [3, 0, 3, 3, 1, 1, 3, 2, 1, 4, 2, 2, 1, 2, 2, 1, 1]}, null, null, 130, false, [], false, 0, [], null, 0, 1744383534.7735677, 0, {}]
[{"0": [0, 3, 3, 6, 1, 3, 3, 5, 4, 3, 0, 1, 2, 1, 0, 3, 30]}, null, null, 130, false, [], false, 0, [], null, 0, 1744383535.008221, 0, {}]
[{"0": [1, 5, 5, 1, 0, 1, 1, 3, 2, 3, 7, 1, 1, 0, 5, 0, 23]}, null, null, 131, false, [], false, 0, [], null, 0, 1744383535.2111337, 0, {}]
[{"0": [0, 1, 3, 2, 1, 5, 4, 3, 1, 4, 1, 2, 2, 2, 1, 0, 2]}, null, null, 131, false, [], false, 0, [], null, 0, 1744383535.4289405, 0, {}]
[{"0": [2, 1, 2, 2, 2, 1, 28, 30, 29, 2, 2, 2, 0, 1, 2, 1, 2]}, null, null, 132, false, [], false, 0, [], null, 0, 1744383535.6502557, 0, {}]
[{"0": [3, 1, 3, 0, 3, 1, 0, 4, 0, 0, 3, 2, 2, 4, 5, 2, 34]}, null, null, 133, false, [], false, 0, [], null, 0, 1744383535.8733127, 0, {}]
[{"0": [3, 5, 0, 28, 28, 29, 26, 20, 1, 0, 1, 2, 2, 1, 2, 4, 5]}, null, null, 133, false, [], false, 0, [], null, 0, 1744383536.0799673, 0, {}]
[{"0": [1, 3, 1, 5, 3, 0, 34, 25, 25, 28, 42, 31, 30, 24, 27, 24, 41]}, null, null, 134, false, [], false, 0, [], null, 0, 1744383536.2958124, 0, {}]
[{"0": [1, 0, 3, 1, 2, 2, 2, 5, 2, 3, 29, 27, 31, 26, 4, 1, 2]}, null, null, 134, false, [], false, 0, [], null, 0, 1744383536.5148866, 0, {}]
[{"0": [2, 2, 3, 2, 5, 1, 1, 0, 31, 1, 2, 4, 2, 4, 1, 1, 1]}, null, null, 135, false, [], false, 0, [], null, 0, 1744383536.73344, 0, {}]
[{"0": [0, 3, 1, 3, 0, 3, 3, 1, 5, 1, 1, 1, 0, 2, 0, 1, 35]}, null, null, 136, false, [], false, 0, [], null, 0, 1744383536.946063, 0, {}]
[{"0": [2, 0, 3, 5, 4, 0, 0, 2, 1, 1, 2, 34, 26, 32, 28, 4, 2]}, null, null, 136, false, [], false, 0, [], null, 0, 1744383537.1618059, 0, {}]
[{"0": [1, 2, 2, 4, 4, 1, 3, 4, 2, 3, 20, 3, 0, 2, 5, 3, 1]}, null, null, 137, false, [], false, 0, [], null, 0, 1744383537.3792143, 0, {}]
[{"0": [2, 2, 4, 2, 3, 3, 1, 4, 3, 4, 0, 3, 32, 29, 23, 27, 26]}, null, null, 137, false, [], false, 0, [], null, 0, 1744383537.5975938, 0, {}]
[{"0": [0, 2, 2, 1, 2, 2, 1, 2, 1, 1, 0, 29, 33, 33, 24, 31, 29]}, null, null, 138, false, [], false, 0, [], null, 0, 1744383537.8150167, 0, {}]
[{"0": [0, 1, 0, 1, 0, 3, 4, 27, 2, 5, 2, 3, 3, 2, 3, 1, 4]}, null, null, 139, false, [], false, 0, [], null, 0, 1744383538.029514, 0, {}]
[{"0": [1, 4, 1, 0, 1, 2, 2, 2, 0, 1, 2, 3, 0, 4, 3, 4, 36]}, null, null, 139, false, [], false, 0, [], null, 0, 1744383538.2468603, 0, {}]
[{"0": [2, 6, 3, 4, 2, 0, 1, 0, 2, 4, 3, 0, 2, 1, 1, 3, 25]}, null, null, 140, false, [], false, 0, [], null, 0, 1744383538.4622915, 0, {}]
[{"0": [1, 1, 2, 2, 4, 4, 2, 4, 0, 2, 5, 5, 1, 31, 21, 26, 32]}, null, null, 140, false, [], false, 0, [], null, 0, 1744383538.6863456, 0, {}]
[{"0": [2, 1, 27, 35, 33, 27, 21, 27, 24, 2, 4, 2, 2, 4, 0, 2, 0]}, null, null, 141, false, [], false, 0, [], null, 0, 1744383538.90684, 0, {}]
[{"0": [3, 4, 4, 2, 5, 36, 26, 25, 29, 28, 30, 2, 2, 4, 2, 2, 2]}, null, null, 142, false, [], false, 0, [], null, 0, 1744383539.1111693, 0, {}]
[{"0": [0, 3, 3, 27, 28, 30, 22, 2, 2, 2, 1, 2, 0, 1, 2, 0, 2]}, null, null, 142, false, [], false, 0, [], null, 0, 1744383539.3221226, 0, {}]
[{"0": [0, 4, 3, 2, 2, 2, 0, 2, 2, 2, 3, 1, 0, 1, 3, 2, 5]}, null, null, 143, false, [], false, 0, [], null, 0, 1744383539.557169, 0, {}]
[{"0": [2, 3, 2, 34, 2, 4, 0, 5, 2, 2, 2, 1, 1, 1, 4, 2, 0]}, null, null, 143, false, [], false, 0, [], null, 0, 1744383539.763056, 0, {}]
[{"0": [3, 2, 0, 3, 0, 3, 1, 4, 0, 1, 0, 1, 1, 3, 5, 2, 3]}, null, null, 144, false, [], false, 0, [], null, 0, 1744383539.9902277, 0, {}]
[{"0": [2, 1, 0, 2, 2, 3, 1, 0, 2, 3, 32, 2, 6, 2, 2, 2, 2]}, null, null, 145, false, [], false, 0, [], null, 0, 1744383540.2077737, 0, {}]
[{"0": [3, 3, 1, 23, 8, 3, 1, 2, 0, 0, 4, 0, 2, 4, 0, 3, 1]}, null, null, 145, false, [], false, 0, [], null, 0, 1744383540.412788, 0, {}]
[{"0": [2, 3, 1, 1, 1, 1, 3, 0, 4, 5, 4, 1, 2, 38, 35, 35, 31]}, null, null, 146, false, [], false, 0, [], null, 0, 1744383540.6354592, 0, {}]
[{"0": [1, 0, 2, 2, 2, 1, 3, 1, 1, 1, 1, 1, 1, 3, 1, 1, 39]}, null, null, 146, false, [], false, 0, [], null, 0, 1744383540.8407373, 0, {}]
[{"0": [4, 2, 2, 1, 1, 1, 2, 3, 0, 2, 4, 4, 4, 38, 2, 3, 1]}, null, null, 147, false, [], false, 0, [], null, 0, 1744383541.056752, 0, {}]
[{"0": [1, 3, 2, 2, 5, 2, 1, 1, 3, 2, 6, 2, 1, 2, 1, 0, 1]}, null, null, 148, false, [], false, 0, [], null, 0, 1744383541.2765374, 0, {}]
[{"0": [4, 2, 0, 0, 1, 2, 1, 2, 1, 1, 0, 2, 3, 2, 25, 43, 34]}, null, null, 148, false, [], false, 0, [], null, 0, 1744383541.487157, 0, {}]
[{"0": [4, 0, 4, 5, 3, 3, 0, 1, 1, 3, 1, 2, 3, 3, 1, 1, 28]}, null, null, 149, false, [], false, 0, [], null, 0, 1744383541.7123098, 0, {}]
[{"0": [31, 1, 0, 1, 1, 3, 2, 2, 3, 3, 5, 2, 3, 2, 3, 3, 30]}, null, null, 149, false, [], false, 0, [], null, 0, 1744383541.9262707, 0, {}]
[{"0": [0, 2, 3, 0, 3, 0, 1, 31, 1, 4, 1, 3, 2, 1, 5, 1, 2]}, null, null, 150, true, [], false, 0, [], null, 0, 1744383542.139514, 0, {}]
