[{"0": [1, 2, 2, 1, 2, 3, 0, 5, 3, 2, 21, 22, 3, 3, 2, 3, 0]}, null, null, 0, false, [], false, 0, [], null, 0, 1744385290.113642, 0, {}]
[{"0": [0, 2, 3, 2, 1, 4, 0, 1, 1, 0, 4, 0, 24, 29, 25, 32, 26]}, null, null, 1, false, [], false, 0, [], null, 0, 1744385290.3366823, 0, {}]
[{"0": [1, 1, 2, 1, 5, 1, 2, 18, 29, 26, 1, 3, 2, 2, 0, 0, 5]}, null, null, 1, false, [], false, 0, [], null, 0, 1744385290.5547917, 0, {}]
[{"0": [2, 2, 4, 0, 3, 2, 37, 28, 2, 3, 3, 2, 1, 4, 0, 2, 0]}, null, null, 2, false, [], false, 0, [], null, 0, 1744385290.7794144, 0, {}]
[{"0": [1, 5, 2, 3, 2, 3, 1, 2, 1, 0, 4, 1, 4, 2, 2, 3, 2]}, null, null, 2, false, [], false, 0, [], null, 0, 1744385290.9975696, 0, {}]
[{"0": [4, 2, 32, 27, 33, 34, 23, 28, 42, 36, 41, 1, 1, 1, 3, 0, 2]}, null, null, 3, false, [], false, 0, [], null, 0, 1744385291.224376, 0, {}]
[{"0": [3, 1, 3, 1, 0, 0, 1, 2, 3, 1, 2, 0, 2, 0, 31, 32, 31]}, null, null, 4, false, [], false, 0, [], null, 0, 1744385291.4273229, 0, {}]
[{"0": [1, 3, 1, 4, 3, 1, 1, 4, 0, 3, 0, 3, 1, 1, 0, 26, 26]}, null, null, 4, false, [], false, 0, [], null, 0, 1744385291.6391156, 0, {}]
[{"0": [2, 1, 1, 2, 2, 1, 2, 2, 3, 2, 1, 3, 2, 1, 3, 2, 32]}, null, null, 5, false, [], false, 0, [], null, 0, 1744385291.872244, 0, {}]
[{"0": [2, 2, 2, 2, 3, 2, 3, 1, 3, 4, 3, 0, 1, 2, 2, 2, 1]}, null, null, 5, false, [], false, 0, [], null, 0, 1744385292.0857315, 0, {}]
[{"0": [2, 3, 3, 2, 1, 4, 3, 2, 2, 29, 32, 1, 0, 0, 3, 0, 2]}, null, null, 6, false, [], false, 0, [], null, 0, 1744385292.3055685, 0, {}]
[{"0": [2, 4, 3, 4, 4, 0, 0, 2, 3, 2, 4, 4, 4, 2, 2, 0, 0]}, null, null, 7, false, [], false, 0, [], null, 0, 1744385292.5214357, 0, {}]
[{"0": [0, 0, 1, 1, 1, 1, 2, 0, 36, 2, 4, 0, 5, 2, 4, 2, 2]}, null, null, 7, false, [], false, 0, [], null, 0, 1744385292.7251747, 0, {}]
[{"0": [3, 2, 4, 1, 3, 3, 0, 3, 2, 2, 3, 2, 4, 1, 4, 2, 29]}, null, null, 8, false, [], false, 0, [], null, 0, 1744385292.953896, 0, {}]
[{"0": [0, 20, 23, 0, 4, 4, 0, 0, 0, 4, 1, 2, 1, 3, 1, 2, 1]}, null, null, 8, false, [], false, 0, [], null, 0, 1744385293.1587331, 0, {}]
[{"0": [3, 1, 2, 3, 3, 3, 1, 3, 2, 5, 30, 21, 32, 36, 3, 4, 1]}, null, null, 9, false, [], false, 0, [], null, 0, 1744385293.3817925, 0, {}]
[{"0": [1, 3, 2, 0, 2, 4, 2, 2, 3, 4, 2, 1, 2, 21, 0, 3, 3]}, null, null, 10, false, [], false, 0, [], null, 0, 1744385293.6058252, 0, {}]
[{"0": [2, 2, 0, 2, 2, 5, 3, 2, 1, 0, 1, 1, 27, 32, 29, 35, 29]}, null, null, 10, false, [], false, 0, [], null, 0, 1744385293.8077352, 0, {}]
[{"0": [4, 1, 3, 31, 32, 27, 26, 25, 27, 40, 17, 1, 2, 0, 3, 3, 0]}, null, null, 11, false, [], false, 0, [], null, 0, 1744385294.0199473, 0, {}]
[{"0": [26, 29, 24, 26, 22, 3, 0, 1, 3, 3, 4, 0, 3, 1, 2, 2, 2]}, null, null, 11, false, [], false, 0, [], null, 0, 1744385294.240244, 0, {}]
[{"0": [3, 2, 3, 2, 0, 1, 0, 3, 1, 2, 0, 3, 2, 34, 29, 33, 32]}, null, null, 12, false, [], false, 0, [], null, 0, 1744385294.4762447, 0, {}]
[{"0": [35, 1, 3, 0, 2, 3, 0, 2, 3, 1, 3, 2, 2, 2, 0, 1, 2]}, null, null, 13, false, [], false, 0, [], null, 0, 1744385294.6756868, 0, {}]
[{"0": [2, 1, 1, 3, 1, 2, 3, 4, 3, 0, 1, 4, 1, 2, 3, 3, 1]}, null, null, 13, false, [], false, 0, [], null, 0, 1744385294.8898368, 0, {}]
[{"0": [32, 1, 0, 0, 0, 3, 1, 4, 2, 3, 2, 0, 0, 1, 2, 0, 4]}, null, null, 14, false, [], false, 0, [], null, 0, 1744385295.1031973, 0, {}]
[{"0": [1, 0, 1, 3, 2, 2, 4, 3, 1, 1, 0, 0, 3, 3, 1, 0, 4]}, null, null, 14, false, [], false, 0, [], null, 0, 1744385295.3212905, 0, {}]
[{"0": [1, 2, 1, 2, 2, 3, 0, 1, 0, 3, 2, 0, 2, 4, 1, 2, 39]}, null, null, 15, false, [], false, 0, [], null, 0, 1744385295.5376716, 0, {}]
[{"0": [0, 1, 3, 1, 25, 33, 2, 10, 4, 1, 1, 2, 3, 3, 4, 1, 1]}, null, null, 16, false, [], false, 0, [], null, 0, 1744385295.750858, 0, {}]
[{"0": [2, 0, 2, 3, 1, 3, 3, 1, 0, 2, 1, 26, 1, 1, 3, 4, 2]}, null, null, 16, false, [], false, 0, [], null, 0, 1744385295.9709728, 0, {}]
[{"0": [2, 0, 2, 3, 2, 0, 0, 3, 3, 1, 1, 3, 3, 1, 43, 33, 35]}, null, null, 17, false, [], false, 0, [], null, 0, 1744385296.190774, 0, {}]
[{"0": [1, 33, 35, 33, 35, 28, 19, 37, 37, 36, 3, 1, 2, 2, 1, 1, 4]}, null, null, 17, false, [], false, 0, [], null, 0, 1744385296.4077556, 0, {}]
[{"0": [1, 2, 1, 1, 1, 2, 3, 6, 3, 4, 29, 24, 1, 0, 1, 3, 2]}, null, null, 18, false, [], false, 0, [], null, 0, 1744385296.638164, 0, {}]
[{"0": [0, 3, 1, 2, 1, 2, 1, 0, 2, 0, 20, 23, 16, 30, 29, 2, 2]}, null, null, 19, false, [], false, 0, [], null, 0, 1744385296.841975, 0, {}]
[{"0": [1, 1, 1, 5, 4, 6, 4, 4, 0, 4, 6, 29, 35, 24, 35, 36, 27]}, null, null, 19, false, [], false, 0, [], null, 0, 1744385297.0507467, 0, {}]
[{"0": [2, 2, 2, 1, 3, 28, 30, 28, 22, 2, 2, 1, 1, 3, 1, 1, 2]}, null, null, 20, false, [], false, 0, [], null, 0, 1744385297.291361, 0, {}]
[{"0": [1, 2, 1, 1, 2, 2, 1, 1, 31, 26, 27, 30, 30, 20, 32, 2, 0]}, null, null, 20, false, [], false, 0, [], null, 0, 1744385297.48814, 0, {}]
[{"0": [1, 37, 36, 27, 24, 23, 30, 37, 30, 33, 19, 30, 1, 0, 3, 3, 1]}, null, null, 21, false, [], false, 0, [], null, 0, 1744385297.6970365, 0, {}]
[{"0": [2, 1, 26, 25, 28, 25, 5, 1, 2, 1, 0, 0, 2, 3, 2, 0, 2]}, null, null, 22, false, [], false, 0, [], null, 0, 1744385297.9277086, 0, {}]
[{"0": [2, 35, 29, 31, 3, 3, 3, 2, 3, 2, 1, 2, 1, 5, 4, 0, 6]}, null, null, 22, false, [], false, 0, [], null, 0, 1744385298.1460845, 0, {}]
[{"0": [0, 1, 4, 38, 1, 1, 0, 1, 2, 1, 5, 3, 4, 0, 0, 5, 1]}, null, null, 23, false, [], false, 0, [], null, 0, 1744385298.3659003, 0, {}]
[{"0": [30, 0, 3, 1, 2, 1, 1, 6, 1, 1, 1, 1, 3, 2, 3, 2, 1]}, null, null, 23, false, [], false, 0, [], null, 0, 1744385298.5793154, 0, {}]
[{"0": [5, 1, 2, 1, 5, 2, 3, 2, 5, 5, 2, 1, 2, 0, 2, 23, 4]}, null, null, 24, false, [], false, 0, [], null, 0, 1744385298.7861784, 0, {}]
[{"0": [1, 0, 1, 2, 1, 1, 32, 33, 2, 1, 1, 2, 1, 2, 3, 2, 2]}, null, null, 25, false, [], false, 0, [], null, 0, 1744385299.0128927, 0, {}]
[{"0": [1, 0, 2, 3, 2, 2, 33, 1, 1, 1, 1, 2, 5, 2, 2, 1, 0]}, null, null, 25, false, [], false, 0, [], null, 0, 1744385299.226017, 0, {}]
[{"0": [1, 1, 0, 3, 2, 0, 2, 2, 0, 1, 3, 0, 1, 18, 31, 32, 32]}, null, null, 26, false, [], false, 0, [], null, 0, 1744385299.4666872, 0, {}]
[{"0": [6, 5, 1, 3, 1, 3, 20, 26, 1, 2, 8, 0, 0, 1, 3, 0, 3]}, null, null, 27, false, [], false, 0, [], null, 0, 1744385299.6758544, 0, {}]
[{"0": [2, 4, 26, 30, 28, 35, 4, 0, 2, 2, 1, 3, 1, 0, 2, 2, 1]}, null, null, 27, false, [], false, 0, [], null, 0, 1744385299.891747, 0, {}]
[{"0": [32, 31, 31, 0, 0, 1, 3, 2, 4, 1, 1, 4, 4, 3, 1, 0, 1]}, null, null, 28, false, [], false, 0, [], null, 0, 1744385300.1078873, 0, {}]
[{"0": [4, 3, 1, 4, 2, 2, 4, 1, 3, 1, 3, 0, 1, 0, 2, 2, 3]}, null, null, 28, false, [], false, 0, [], null, 0, 1744385300.3251486, 0, {}]
[{"0": [2, 0, 4, 0, 2, 2, 2, 5, 1, 2, 2, 2, 1, 2, 1, 1, 0]}, null, null, 29, false, [], false, 0, [], null, 0, 1744385300.5421555, 0, {}]
[{"0": [1, 3, 0, 3, 2, 1, 0, 3, 2, 2, 3, 0, 2, 2, 3, 5, 32]}, null, null, 30, false, [], false, 0, [], null, 0, 1744385300.7433398, 0, {}]
[{"0": [4, 3, 1, 1, 3, 0, 0, 3, 0, 2, 24, 2, 1, 2, 5, 1, 2]}, null, null, 30, false, [], false, 0, [], null, 0, 1744385300.959933, 0, {}]
[{"0": [3, 1, 2, 1, 0, 2, 2, 3, 0, 29, 30, 26, 35, 28, 2, 2, 3]}, null, null, 31, false, [], false, 0, [], null, 0, 1744385301.1969967, 0, {}]
[{"0": [1, 2, 0, 4, 0, 4, 0, 1, 3, 0, 29, 2, 0, 1, 4, 4, 2]}, null, null, 31, false, [], false, 0, [], null, 0, 1744385301.3975253, 0, {}]
[{"0": [3, 3, 2, 2, 2, 1, 0, 2, 1, 3, 1, 2, 1, 4, 1, 29, 4]}, null, null, 32, false, [], false, 0, [], null, 0, 1744385301.61508, 0, {}]
[{"0": [4, 34, 0, 1, 0, 1, 0, 5, 1, 2, 0, 2, 2, 3, 0, 3, 2]}, null, null, 33, false, [], false, 0, [], null, 0, 1744385301.8225985, 0, {}]
[{"0": [0, 3, 4, 3, 0, 3, 1, 33, 27, 23, 23, 36, 14, 16, 22, 27, 21]}, null, null, 33, false, [], false, 0, [], null, 0, 1744385302.0506911, 0, {}]
[{"0": [0, 4, 4, 3, 4, 0, 0, 2, 1, 1, 3, 4, 1, 2, 3, 2, 2]}, null, null, 34, false, [], false, 0, [], null, 0, 1744385302.2604096, 0, {}]
[{"0": [0, 1, 0, 4, 0, 3, 1, 1, 24, 2, 3, 1, 0, 1, 3, 2, 1]}, null, null, 34, false, [], false, 0, [], null, 0, 1744385302.4828897, 0, {}]
[{"0": [3, 1, 1, 1, 2, 1, 2, 1, 2, 2, 1, 0, 1, 3, 25, 0, 2]}, null, null, 35, false, [], false, 0, [], null, 0, 1744385302.6949313, 0, {}]
[{"0": [1, 2, 2, 2, 5, 0, 2, 1, 3, 3, 0, 0, 0, 26, 28, 30, 21]}, null, null, 36, false, [], false, 0, [], null, 0, 1744385302.9124658, 0, {}]
[{"0": [2, 2, 2, 3, 1, 2, 21, 2, 2, 2, 2, 3, 1, 2, 0, 1, 2]}, null, null, 36, false, [], false, 0, [], null, 0, 1744385303.1258307, 0, {}]
[{"0": [2, 3, 3, 4, 0, 0, 5, 7, 2, 0, 1, 3, 2, 2, 4, 2, 0]}, null, null, 37, false, [], false, 0, [], null, 0, 1744385303.3411508, 0, {}]
[{"0": [5, 1, 2, 1, 3, 2, 4, 2, 2, 0, 0, 22, 32, 28, 3, 1, 5]}, null, null, 37, false, [], false, 0, [], null, 0, 1744385303.5558, 0, {}]
[{"0": [0, 2, 0, 26, 30, 24, 30, 31, 31, 24, 32, 29, 23, 33, 30, 24, 29]}, null, null, 38, false, [], false, 0, [], null, 0, 1744385303.7665658, 0, {}]
[{"0": [2, 2, 3, 1, 5, 24, 35, 36, 23, 39, 39, 31, 24, 33, 29, 34, 30]}, null, null, 39, false, [], false, 0, [], null, 0, 1744385303.9877641, 0, {}]
[{"0": [1, 1, 3, 3, 2, 1, 32, 22, 31, 0, 3, 1, 5, 3, 1, 1, 2]}, null, null, 39, false, [], false, 0, [], null, 0, 1744385304.2033138, 0, {}]
[{"0": [3, 2, 0, 1, 2, 0, 1, 2, 28, 28, 18, 21, 33, 23, 28, 37, 29]}, null, null, 40, false, [], false, 0, [], null, 0, 1744385304.421191, 0, {}]
[{"0": [4, 1, 3, 2, 2, 3, 2, 2, 1, 2, 2, 2, 3, 28, 2, 3, 2]}, null, null, 40, false, [], false, 0, [], null, 0, 1744385304.639858, 0, {}]
[{"0": [3, 8, 23, 28, 20, 34, 34, 32, 29, 38, 0, 3, 3, 1, 1, 2, 3]}, null, null, 41, false, [], false, 0, [], null, 0, 1744385304.8720448, 0, {}]
[{"0": [1, 4, 0, 2, 1, 2, 3, 1, 3, 24, 28, 22, 28, 43, 21, 34, 34]}, null, null, 42, false, [], false, 0, [], null, 0, 1744385305.0772061, 0, {}]
[{"0": [1, 4, 44, 33, 38, 39, 33, 35, 39, 1, 1, 3, 2, 3, 1, 0, 1]}, null, null, 42, false, [], false, 0, [], null, 0, 1744385305.2981813, 0, {}]
[{"0": [0, 0, 0, 24, 35, 18, 25, 36, 23, 31, 35, 35, 3, 2, 3, 1, 1]}, null, null, 43, false, [], false, 0, [], null, 0, 1744385305.5014365, 0, {}]
[{"0": [2, 1, 1, 3, 1, 3, 30, 26, 31, 2, 1, 2, 4, 3, 2, 0, 1]}, null, null, 43, false, [], false, 0, [], null, 0, 1744385305.7231, 0, {}]
[{"0": [3, 1, 2, 1, 5, 0, 31, 1, 1, 0, 3, 1, 2, 3, 3, 4, 3]}, null, null, 44, false, [], false, 0, [], null, 0, 1744385305.9378192, 0, {}]
[{"0": [1, 3, 24, 25, 34, 3, 2, 1, 2, 3, 1, 1, 2, 2, 3, 0, 1]}, null, null, 45, false, [], false, 0, [], null, 0, 1744385306.1491637, 0, {}]
[{"0": [3, 3, 2, 2, 3, 1, 1, 1, 4, 0, 2, 2, 1, 1, 2, 1, 28]}, null, null, 45, false, [], false, 0, [], null, 0, 1744385306.3793774, 0, {}]
[{"0": [1, 1, 2, 30, 31, 1, 3, 0, 1, 1, 1, 2, 1, 1, 1, 1, 4]}, null, null, 46, false, [], false, 0, [], null, 0, 1744385306.607667, 0, {}]
[{"0": [2, 2, 1, 2, 2, 2, 3, 3, 0, 1, 3, 3, 0, 2, 3, 5, 30]}, null, null, 46, false, [], false, 0, [], null, 0, 1744385306.8116426, 0, {}]
[{"0": [1, 1, 3, 1, 1, 2, 0, 3, 3, 1, 6, 1, 3, 17, 26, 18, 28]}, null, null, 47, false, [], false, 0, [], null, 0, 1744385307.018588, 0, {}]
[{"0": [2, 1, 1, 3, 24, 33, 19, 24, 29, 30, 25, 19, 32, 32, 1, 3, 2]}, null, null, 48, false, [], false, 0, [], null, 0, 1744385307.2434084, 0, {}]
[{"0": [2, 1, 3, 1, 1, 3, 31, 29, 2, 2, 3, 2, 1, 1, 1, 4, 4]}, null, null, 48, false, [], false, 0, [], null, 0, 1744385307.459391, 0, {}]
[{"0": [1, 0, 1, 1, 4, 2, 2, 2, 2, 0, 1, 3, 4, 3, 0, 2, 33]}, null, null, 49, false, [], false, 0, [], null, 0, 1744385307.6756647, 0, {}]
[{"0": [2, 2, 2, 2, 4, 2, 29, 31, 40, 34, 0, 6, 3, 1, 1, 3, 0]}, null, null, 49, false, [], false, 0, [], null, 0, 1744385307.882125, 0, {}]
[{"0": [4, 1, 1, 2, 2, 3, 3, 1, 1, 1, 0, 3, 2, 5, 0, 25, 23]}, null, null, 50, false, [], false, 0, [], null, 0, 1744385308.114587, 0, {}]
[{"0": [0, 1, 3, 0, 1, 5, 3, 0, 1, 0, 33, 25, 1, 2, 2, 0, 3]}, null, null, 51, false, [], false, 0, [], null, 0, 1744385308.3274405, 0, {}]
[{"0": [2, 2, 0, 4, 5, 3, 3, 4, 2, 0, 23, 4, 1, 0, 2, 0, 0]}, null, null, 51, false, [], false, 0, [], null, 0, 1744385308.5438132, 0, {}]
[{"0": [2, 4, 4, 2, 0, 1, 2, 1, 0, 3, 0, 2, 2, 0, 25, 31, 31]}, null, null, 52, false, [], false, 0, [], null, 0, 1744385308.7618577, 0, {}]
[{"0": [0, 3, 2, 0, 3, 2, 32, 30, 1, 1, 3, 1, 4, 1, 3, 1, 5]}, null, null, 52, false, [], false, 0, [], null, 0, 1744385308.9729557, 0, {}]
[{"0": [3, 1, 2, 4, 2, 3, 1, 3, 1, 2, 0, 1, 1, 25, 29, 26, 34]}, null, null, 53, false, [], false, 0, [], null, 0, 1744385309.2033162, 0, {}]
[{"0": [37, 28, 3, 1, 0, 1, 3, 3, 1, 1, 2, 2, 0, 7, 2, 2, 0]}, null, null, 54, false, [], false, 0, [], null, 0, 1744385309.4081259, 0, {}]
[{"0": [6, 1, 5, 4, 1, 2, 2, 0, 1, 2, 2, 2, 2, 1, 2, 1, 1]}, null, null, 54, false, [], false, 0, [], null, 0, 1744385309.6309958, 0, {}]
[{"0": [0, 1, 0, 1, 2, 3, 3, 0, 4, 3, 0, 2, 0, 0, 3, 35, 19]}, null, null, 55, false, [], false, 0, [], null, 0, 1744385309.8343422, 0, {}]
[{"0": [25, 4, 4, 4, 1, 0, 2, 2, 2, 1, 4, 2, 2, 0, 0, 4, 2]}, null, null, 55, false, [], false, 0, [], null, 0, 1744385310.0591445, 0, {}]
[{"0": [3, 21, 41, 29, 1, 4, 4, 1, 2, 4, 3, 4, 2, 0, 1, 5, 1]}, null, null, 56, false, [], false, 0, [], null, 0, 1744385310.2777958, 0, {}]
[{"0": [2, 3, 2, 0, 0, 2, 2, 2, 3, 1, 5, 2, 1, 4, 2, 34, 36]}, null, null, 57, false, [], false, 0, [], null, 0, 1744385310.5004294, 0, {}]
[{"0": [3, 0, 23, 37, 34, 27, 35, 35, 2, 2, 2, 0, 3, 4, 2, 4, 1]}, null, null, 57, false, [], false, 0, [], null, 0, 1744385310.7012045, 0, {}]
[{"0": [4, 1, 1, 2, 1, 0, 1, 5, 0, 3, 0, 7, 26, 3, 2, 2, 2]}, null, null, 58, false, [], false, 0, [], null, 0, 1744385310.918523, 0, {}]
[{"0": [2, 1, 2, 1, 2, 2, 2, 0, 28, 29, 32, 31, 30, 31, 26, 1, 1]}, null, null, 58, false, [], false, 0, [], null, 0, 1744385311.1468446, 0, {}]
[{"0": [2, 0, 0, 1, 2, 2, 2, 1, 3, 3, 1, 1, 1, 4, 1, 29, 33]}, null, null, 59, false, [], false, 0, [], null, 0, 1744385311.3471618, 0, {}]
[{"0": [4, 0, 2, 1, 3, 4, 2, 1, 2, 1, 4, 2, 2, 1, 21, 32, 22]}, null, null, 60, false, [], false, 0, [], null, 0, 1744385311.5767274, 0, {}]
[{"0": [4, 0, 0, 2, 3, 2, 0, 23, 28, 32, 22, 35, 1, 2, 2, 0, 2]}, null, null, 60, false, [], false, 0, [], null, 0, 1744385311.7994125, 0, {}]
[{"0": [1, 1, 5, 5, 2, 1, 3, 3, 1, 1, 1, 2, 1, 0, 2, 30, 24]}, null, null, 61, false, [], false, 0, [], null, 0, 1744385312.0082636, 0, {}]
[{"0": [1, 2, 2, 0, 3, 5, 23, 2, 3, 0, 1, 1, 5, 0, 2, 1, 2]}, null, null, 61, false, [], false, 0, [], null, 0, 1744385312.2328348, 0, {}]
[{"0": [2, 1, 1, 24, 18, 1, 1, 2, 2, 7, 1, 2, 1, 2, 5, 3, 1]}, null, null, 62, false, [], false, 0, [], null, 0, 1744385312.436593, 0, {}]
[{"0": [32, 31, 29, 26, 24, 30, 29, 26, 28, 26, 29, 33, 1, 2, 2, 1, 3]}, null, null, 63, false, [], false, 0, [], null, 0, 1744385312.6657577, 0, {}]
[{"0": [1, 1, 21, 35, 27, 29, 28, 28, 34, 25, 36, 35, 26, 34, 1, 1, 2]}, null, null, 63, false, [], false, 0, [], null, 0, 1744385312.8617442, 0, {}]
[{"0": [1, 1, 3, 4, 1, 3, 0, 2, 0, 4, 0, 2, 3, 4, 23, 24, 31]}, null, null, 64, false, [], false, 0, [], null, 0, 1744385313.0965977, 0, {}]
[{"0": [0, 2, 0, 2, 0, 0, 4, 3, 2, 2, 26, 32, 5, 1, 1, 3, 3]}, null, null, 64, false, [], false, 0, [], null, 0, 1744385313.3155496, 0, {}]
[{"0": [20, 29, 31, 28, 2, 1, 3, 2, 1, 3, 3, 3, 3, 0, 5, 1, 1]}, null, null, 65, false, [], false, 0, [], null, 0, 1744385313.5135298, 0, {}]
[{"0": [3, 3, 2, 0, 2, 2, 2, 1, 3, 2, 3, 4, 0, 1, 0, 30, 34]}, null, null, 66, false, [], false, 0, [], null, 0, 1744385313.74816, 0, {}]
[{"0": [3, 3, 1, 31, 20, 28, 27, 25, 33, 27, 28, 29, 39, 29, 33, 28, 23]}, null, null, 66, false, [], false, 0, [], null, 0, 1744385313.952807, 0, {}]
[{"0": [18, 26, 22, 32, 29, 37, 26, 36, 27, 33, 35, 32, 29, 31, 1, 1, 4]}, null, null, 67, false, [], false, 0, [], null, 0, 1744385314.167823, 0, {}]
[{"0": [1, 2, 1, 3, 0, 0, 2, 1, 2, 3, 4, 1, 4, 25, 29, 2, 2]}, null, null, 67, false, [], false, 0, [], null, 0, 1744385314.3921363, 0, {}]
[{"0": [4, 1, 1, 2, 0, 4, 0, 2, 1, 2, 3, 0, 1, 18, 23, 33, 27]}, null, null, 68, false, [], false, 0, [], null, 0, 1744385314.6057189, 0, {}]
[{"0": [1, 1, 3, 30, 31, 40, 3, 2, 2, 4, 2, 2, 2, 0, 3, 3, 1]}, null, null, 69, false, [], false, 0, [], null, 0, 1744385314.8287606, 0, {}]
[{"0": [1, 0, 0, 4, 2, 3, 1, 1, 1, 3, 4, 29, 26, 34, 23, 1, 1]}, null, null, 69, false, [], false, 0, [], null, 0, 1744385315.0286984, 0, {}]
[{"0": [2, 3, 2, 2, 3, 1, 1, 4, 1, 3, 2, 0, 27, 24, 2, 2, 0]}, null, null, 70, false, [], false, 0, [], null, 0, 1744385315.2586956, 0, {}]
[{"0": [0, 3, 1, 0, 3, 1, 0, 1, 4, 2, 2, 1, 2, 2, 1, 39, 28]}, null, null, 70, false, [], false, 0, [], null, 0, 1744385315.480416, 0, {}]
[{"0": [29, 1, 0, 1, 2, 1, 26, 28, 25, 22, 1, 3, 5, 2, 2, 5, 1]}, null, null, 71, false, [], false, 0, [], null, 0, 1744385315.683868, 0, {}]
[{"0": [2, 1, 2, 2, 2, 0, 1, 1, 0, 1, 1, 1, 1, 2, 1, 2, 3]}, null, null, 72, false, [], false, 0, [], null, 0, 1744385315.9012513, 0, {}]
[{"0": [1, 1, 2, 0, 3, 1, 1, 1, 4, 3, 3, 0, 1, 0, 3, 3, 32]}, null, null, 72, false, [], false, 0, [], null, 0, 1744385316.1214688, 0, {}]
[{"0": [5, 3, 3, 1, 35, 46, 1, 1, 3, 1, 3, 1, 2, 0, 1, 4, 2]}, null, null, 73, false, [], false, 0, [], null, 0, 1744385316.3447373, 0, {}]
[{"0": [1, 1, 3, 25, 25, 25, 26, 27, 30, 0, 1, 0, 1, 3, 2, 1, 3]}, null, null, 73, false, [], false, 0, [], null, 0, 1744385316.5564907, 0, {}]
[{"0": [1, 0, 1, 2, 1, 0, 3, 1, 2, 3, 2, 3, 1, 0, 37, 2, 0]}, null, null, 74, false, [], false, 0, [], null, 0, 1744385316.7730744, 0, {}]
[{"0": [5, 1, 3, 0, 1, 1, 3, 3, 1, 28, 46, 3, 1, 3, 3, 2, 0]}, null, null, 75, false, [], false, 0, [], null, 0, 1744385316.9877844, 0, {}]
[{"0": [2, 2, 3, 1, 0, 2, 25, 2, 1, 3, 3, 2, 4, 0, 4, 0, 0]}, null, null, 75, false, [], false, 0, [], null, 0, 1744385317.2059462, 0, {}]
[{"0": [4, 2, 0, 3, 5, 0, 3, 3, 1, 0, 2, 2, 2, 2, 4, 38, 26]}, null, null, 76, false, [], false, 0, [], null, 0, 1744385317.4174361, 0, {}]
[{"0": [0, 3, 37, 31, 2, 1, 1, 1, 1, 4, 1, 2, 5, 2, 1, 1, 0]}, null, null, 77, false, [], false, 0, [], null, 0, 1744385317.6335595, 0, {}]
[{"0": [4, 5, 1, 4, 2, 33, 2, 3, 2, 0, 1, 1, 3, 2, 4, 1, 3]}, null, null, 77, false, [], false, 0, [], null, 0, 1744385317.8551438, 0, {}]
[{"0": [3, 1, 0, 1, 4, 1, 1, 2, 0, 3, 3, 3, 5, 6, 0, 2, 29]}, null, null, 78, false, [], false, 0, [], null, 0, 1744385318.0711858, 0, {}]
[{"0": [4, 1, 2, 2, 2, 5, 32, 1, 3, 3, 1, 2, 3, 1, 2, 0, 2]}, null, null, 78, false, [], false, 0, [], null, 0, 1744385318.2928262, 0, {}]
[{"0": [3, 1, 7, 3, 5, 1, 2, 2, 0, 5, 4, 4, 3, 2, 25, 35, 24]}, null, null, 79, false, [], false, 0, [], null, 0, 1744385318.5038786, 0, {}]
[{"0": [4, 1, 3, 1, 1, 4, 0, 4, 1, 0, 0, 21, 32, 30, 19, 30, 27]}, null, null, 80, false, [], false, 0, [], null, 0, 1744385318.7205207, 0, {}]
[{"0": [1, 0, 1, 2, 2, 1, 2, 2, 1, 0, 1, 0, 3, 21, 24, 1, 0]}, null, null, 80, false, [], false, 0, [], null, 0, 1744385318.9322932, 0, {}]
[{"0": [32, 3, 1, 2, 0, 1, 0, 3, 3, 0, 1, 2, 2, 3, 5, 3, 6]}, null, null, 81, false, [], false, 0, [], null, 0, 1744385319.145443, 0, {}]
[{"0": [0, 1, 1, 0, 3, 4, 4, 0, 0, 4, 31, 29, 37, 29, 37, 0, 1]}, null, null, 81, false, [], false, 0, [], null, 0, 1744385319.3792164, 0, {}]
[{"0": [1, 2, 0, 1, 2, 3, 1, 2, 1, 1, 2, 3, 5, 0, 4, 3, 0]}, null, null, 82, false, [], false, 0, [], null, 0, 1744385319.5792553, 0, {}]
[{"0": [28, 32, 27, 32, 0, 2, 2, 0, 7, 2, 2, 3, 1, 2, 2, 6, 6]}, null, null, 83, false, [], false, 0, [], null, 0, 1744385319.7934616, 0, {}]
[{"0": [26, 18, 29, 21, 20, 28, 29, 24, 29, 30, 28, 21, 32, 32, 27, 21, 26]}, null, null, 83, false, [], false, 0, [], null, 0, 1744385320.023322, 0, {}]
[{"0": [22, 30, 25, 29, 19, 28, 29, 21, 30, 28, 29, 2, 0, 0, 2, 1, 3]}, null, null, 84, false, [], false, 0, [], null, 0, 1744385320.2277231, 0, {}]
[{"0": [2, 5, 4, 3, 4, 2, 0, 0, 2, 3, 0, 3, 1, 2, 28, 0, 3]}, null, null, 84, false, [], false, 0, [], null, 0, 1744385320.4729455, 0, {}]
[{"0": [1, 1, 0, 2, 1, 1, 26, 28, 25, 28, 20, 32, 23, 29, 24, 26, 25]}, null, null, 85, false, [], false, 0, [], null, 0, 1744385320.6622705, 0, {}]
[{"0": [3, 2, 0, 2, 1, 3, 1, 2, 1, 0, 3, 2, 1, 0, 2, 35, 24]}, null, null, 86, false, [], false, 0, [], null, 0, 1744385320.8856375, 0, {}]
[{"0": [1, 1, 2, 0, 2, 4, 0, 3, 2, 3, 1, 21, 27, 20, 27, 1, 0]}, null, null, 86, false, [], false, 0, [], null, 0, 1744385321.1075327, 0, {}]
[{"0": [2, 28, 31, 30, 2, 1, 1, 2, 1, 1, 0, 1, 1, 1, 4, 3, 2]}, null, null, 87, false, [], false, 0, [], null, 0, 1744385321.3137755, 0, {}]
[{"0": [1, 2, 0, 5, 0, 0, 3, 0, 1, 30, 2, 2, 3, 3, 2, 0, 2]}, null, null, 87, false, [], false, 0, [], null, 0, 1744385321.5365405, 0, {}]
[{"0": [3, 0, 3, 1, 1, 0, 5, 0, 4, 4, 5, 5, 25, 30, 30, 24, 24]}, null, null, 88, false, [], false, 0, [], null, 0, 1744385321.7487442, 0, {}]
[{"0": [3, 2, 2, 0, 1, 1, 1, 0, 1, 1, 0, 3, 26, 18, 27, 35, 4]}, null, null, 89, false, [], false, 0, [], null, 0, 1744385321.9810662, 0, {}]
[{"0": [28, 0, 1, 0, 3, 3, 4, 1, 0, 3, 2, 2, 5, 0, 1, 2, 0]}, null, null, 89, false, [], false, 0, [], null, 0, 1744385322.1875618, 0, {}]
[{"0": [1, 1, 0, 3, 1, 1, 3, 0, 3, 4, 2, 1, 2, 1, 0, 19, 16]}, null, null, 90, false, [], false, 0, [], null, 0, 1744385322.3981698, 0, {}]
[{"0": [1, 0, 2, 4, 5, 1, 2, 3, 3, 1, 34, 20, 2, 1, 4, 1, 1]}, null, null, 90, false, [], false, 0, [], null, 0, 1744385322.6152012, 0, {}]
[{"0": [27, 27, 30, 20, 30, 27, 39, 27, 25, 1, 1, 1, 1, 5, 4, 2, 1]}, null, null, 91, false, [], false, 0, [], null, 0, 1744385322.8334944, 0, {}]
[{"0": [1, 0, 28, 35, 36, 26, 24, 33, 34, 25, 28, 34, 34, 16, 44, 24, 23]}, null, null, 92, false, [], false, 0, [], null, 0, 1744385323.0407841, 0, {}]
[{"0": [1, 1, 3, 2, 1, 0, 3, 2, 2, 1, 1, 3, 2, 3, 2, 1, 35]}, null, null, 92, false, [], false, 0, [], null, 0, 1744385323.2766817, 0, {}]
[{"0": [1, 3, 2, 4, 2, 5, 3, 3, 2, 3, 0, 1, 1, 4, 32, 0, 1]}, null, null, 93, false, [], false, 0, [], null, 0, 1744385323.4794307, 0, {}]
[{"0": [2, 1, 0, 2, 0, 7, 3, 1, 25, 0, 1, 1, 0, 3, 0, 3, 6]}, null, null, 93, false, [], false, 0, [], null, 0, 1744385323.697342, 0, {}]
[{"0": [28, 29, 27, 30, 2, 2, 3, 2, 0, 2, 1, 3, 2, 1, 1, 2, 1]}, null, null, 94, false, [], false, 0, [], null, 0, 1744385323.9267602, 0, {}]
[{"0": [0, 2, 1, 0, 28, 33, 0, 3, 1, 1, 2, 1, 2, 1, 1, 2, 2]}, null, null, 95, false, [], false, 0, [], null, 0, 1744385324.1487105, 0, {}]
[{"0": [3, 3, 1, 3, 5, 2, 6, 0, 2, 18, 33, 29, 27, 27, 0, 2, 1]}, null, null, 95, false, [], false, 0, [], null, 0, 1744385324.3567338, 0, {}]
[{"0": [1, 0, 0, 2, 2, 2, 1, 2, 22, 34, 23, 28, 32, 25, 34, 29, 29]}, null, null, 96, false, [], false, 0, [], null, 0, 1744385324.5583713, 0, {}]
[{"0": [2, 4, 3, 1, 3, 2, 2, 0, 1, 0, 5, 4, 0, 0, 3, 1, 41]}, null, null, 96, false, [], false, 0, [], null, 0, 1744385324.791824, 0, {}]
[{"0": [2, 0, 1, 2, 2, 3, 2, 28, 34, 28, 25, 2, 0, 2, 1, 2, 2]}, null, null, 97, false, [], false, 0, [], null, 0, 1744385325.0077763, 0, {}]
[{"0": [2, 2, 2, 1, 21, 18, 32, 6, 2, 0, 6, 1, 1, 4, 5, 4, 2]}, null, null, 98, false, [], false, 0, [], null, 0, 1744385325.2166457, 0, {}]
[{"0": [2, 1, 5, 2, 2, 5, 2, 0, 27, 30, 26, 31, 27, 28, 30, 33, 33]}, null, null, 98, false, [], false, 0, [], null, 0, 1744385325.4430742, 0, {}]
[{"0": [1, 2, 1, 0, 2, 2, 1, 1, 1, 2, 0, 3, 5, 1, 1, 2, 18]}, null, null, 99, false, [], false, 0, [], null, 0, 1744385325.6534913, 0, {}]
[{"0": [2, 1, 3, 3, 2, 2, 1, 0, 1, 2, 4, 1, 2, 1, 3, 25, 39]}, null, null, 99, false, [], false, 0, [], null, 0, 1744385325.8797019, 0, {}]
[{"0": [1, 2, 2, 2, 5, 2, 3, 2, 4, 1, 3, 5, 0, 4, 31, 26, 18]}, null, null, 100, false, [], false, 0, [], null, 0, 1744385326.0805902, 0, {}]
[{"0": [29, 28, 4, 0, 4, 0, 1, 1, 0, 2, 3, 1, 1, 2, 2, 1, 1]}, null, null, 101, false, [], false, 0, [], null, 0, 1744385326.301589, 0, {}]
[{"0": [1, 3, 1, 1, 1, 3, 3, 1, 5, 3, 1, 3, 4, 0, 2, 32, 30]}, null, null, 101, false, [], false, 0, [], null, 0, 1744385326.5181174, 0, {}]
[{"0": [3, 1, 35, 28, 28, 17, 25, 21, 1, 0, 5, 0, 1, 2, 5, 1, 2]}, null, null, 102, false, [], false, 0, [], null, 0, 1744385326.7281988, 0, {}]
[{"0": [1, 1, 1, 0, 2, 2, 5, 2, 1, 4, 0, 2, 2, 1, 2, 1, 0]}, null, null, 102, false, [], false, 0, [], null, 0, 1744385326.9462988, 0, {}]
[{"0": [3, 1, 2, 4, 0, 4, 2, 4, 3, 2, 24, 3, 1, 4, 1, 3, 2]}, null, null, 103, false, [], false, 0, [], null, 0, 1744385327.1614978, 0, {}]
[{"0": [23, 43, 29, 25, 22, 33, 23, 1, 2, 3, 2, 2, 0, 4, 1, 4, 1]}, null, null, 104, false, [], false, 0, [], null, 0, 1744385327.3812718, 0, {}]
[{"0": [2, 0, 2, 1, 5, 1, 1, 2, 0, 0, 1, 33, 19, 26, 29, 26, 26]}, null, null, 104, false, [], false, 0, [], null, 0, 1744385327.5924282, 0, {}]
[{"0": [4, 2, 3, 1, 1, 3, 2, 1, 2, 1, 2, 2, 2, 32, 32, 30, 31]}, null, null, 105, false, [], false, 0, [], null, 0, 1744385327.8084726, 0, {}]
[{"0": [2, 2, 3, 2, 2, 0, 5, 5, 2, 1, 1, 0, 1, 30, 30, 25, 35]}, null, null, 105, false, [], false, 0, [], null, 0, 1744385328.0263307, 0, {}]
[{"0": [0, 1, 0, 1, 1, 2, 2, 30, 30, 35, 22, 18, 33, 29, 25, 38, 28]}, null, null, 106, false, [], false, 0, [], null, 0, 1744385328.240005, 0, {}]
[{"0": [2, 0, 1, 0, 4, 1, 3, 3, 1, 3, 0, 3, 2, 1, 1, 22, 29]}, null, null, 107, false, [], false, 0, [], null, 0, 1744385328.4663732, 0, {}]
[{"0": [27, 32, 32, 1, 0, 1, 1, 4, 0, 2, 2, 5, 2, 6, 2, 2, 1]}, null, null, 107, false, [], false, 0, [], null, 0, 1744385328.6768658, 0, {}]
[{"0": [2, 0, 4, 4, 2, 2, 0, 1, 4, 1, 3, 2, 2, 2, 5, 32, 23]}, null, null, 108, false, [], false, 0, [], null, 0, 1744385328.903632, 0, {}]
[{"0": [1, 1, 2, 0, 22, 29, 25, 22, 3, 2, 4, 2, 1, 2, 2, 3, 1]}, null, null, 108, false, [], false, 0, [], null, 0, 1744385329.1115036, 0, {}]
[{"0": [3, 1, 34, 2, 0, 4, 2, 2, 2, 0, 1, 1, 0, 2, 2, 1, 0]}, null, null, 109, false, [], false, 0, [], null, 0, 1744385329.3319144, 0, {}]
[{"0": [1, 1, 3, 2, 31, 26, 2, 4, 1, 2, 3, 1, 2, 2, 2, 1, 1]}, null, null, 110, false, [], false, 0, [], null, 0, 1744385329.5428681, 0, {}]
[{"0": [1, 1, 1, 3, 1, 1, 2, 2, 3, 3, 1, 1, 28, 1, 4, 3, 2]}, null, null, 110, false, [], false, 0, [], null, 0, 1744385329.7755015, 0, {}]
[{"0": [28, 1, 1, 2, 1, 2, 1, 2, 1, 3, 1, 1, 3, 0, 1, 1, 3]}, null, null, 111, false, [], false, 0, [], null, 0, 1744385329.9739213, 0, {}]
[{"0": [1, 1, 1, 1, 1, 4, 2, 2, 1, 3, 4, 1, 1, 2, 4, 34, 23]}, null, null, 111, false, [], false, 0, [], null, 0, 1744385330.1957684, 0, {}]
[{"0": [0, 1, 3, 27, 23, 33, 29, 37, 30, 29, 26, 45, 36, 26, 26, 23, 5]}, null, null, 112, false, [], false, 0, [], null, 0, 1744385330.4036014, 0, {}]
[{"0": [5, 2, 0, 3, 2, 2, 1, 2, 1, 0, 6, 2, 4, 3, 2, 0, 31]}, null, null, 113, false, [], false, 0, [], null, 0, 1744385330.6300383, 0, {}]
[{"0": [0, 3, 2, 2, 2, 0, 3, 3, 4, 3, 3, 1, 1, 1, 2, 0, 30]}, null, null, 113, false, [], false, 0, [], null, 0, 1744385330.8621888, 0, {}]
[{"0": [4, 4, 0, 3, 2, 1, 0, 4, 1, 4, 4, 26, 37, 24, 30, 23, 30]}, null, null, 114, false, [], false, 0, [], null, 0, 1744385331.0554926, 0, {}]
[{"0": [1, 4, 3, 0, 3, 0, 2, 2, 0, 1, 1, 0, 1, 25, 31, 24, 28]}, null, null, 114, false, [], false, 0, [], null, 0, 1744385331.2716906, 0, {}]
[{"0": [2, 2, 2, 1, 3, 4, 1, 2, 4, 0, 4, 3, 1, 0, 4, 0, 0]}, null, null, 115, false, [], false, 0, [], null, 0, 1744385331.486842, 0, {}]
[{"0": [1, 3, 3, 4, 4, 2, 3, 2, 1, 2, 3, 2, 2, 4, 2, 33, 26]}, null, null, 116, false, [], false, 0, [], null, 0, 1744385331.713908, 0, {}]
[{"0": [0, 1, 40, 31, 26, 23, 26, 25, 24, 33, 26, 26, 38, 29, 35, 47, 25]}, null, null, 116, false, [], false, 0, [], null, 0, 1744385331.933026, 0, {}]
[{"0": [26, 28, 33, 28, 27, 23, 1, 1, 2, 2, 3, 3, 2, 1, 1, 2, 6]}, null, null, 117, false, [], false, 0, [], null, 0, 1744385332.1477897, 0, {}]
[{"0": [4, 5, 3, 1, 1, 1, 1, 2, 5, 3, 20, 20, 35, 23, 2, 3, 2]}, null, null, 117, false, [], false, 0, [], null, 0, 1744385332.3644238, 0, {}]
[{"0": [2, 2, 1, 2, 24, 33, 28, 2, 3, 1, 5, 4, 2, 2, 1, 4, 5]}, null, null, 118, false, [], false, 0, [], null, 0, 1744385332.577702, 0, {}]
[{"0": [2, 2, 5, 32, 31, 40, 37, 33, 29, 24, 6, 1, 3, 1, 3, 3, 5]}, null, null, 119, false, [], false, 0, [], null, 0, 1744385332.7953432, 0, {}]
[{"0": [1, 2, 3, 35, 29, 26, 34, 34, 36, 36, 23, 35, 26, 2, 3, 2, 3]}, null, null, 119, false, [], false, 0, [], null, 0, 1744385333.0043805, 0, {}]
[{"0": [2, 4, 2, 1, 1, 0, 0, 0, 2, 1, 4, 1, 2, 5, 4, 2, 3]}, null, null, 120, false, [], false, 0, [], null, 0, 1744385333.2206867, 0, {}]
[{"0": [27, 40, 19, 32, 4, 4, 2, 3, 6, 3, 1, 1, 0, 2, 5, 2, 2]}, null, null, 120, false, [], false, 0, [], null, 0, 1744385333.4356916, 0, {}]
[{"0": [0, 3, 2, 5, 2, 7, 1, 1, 24, 23, 28, 34, 31, 25, 1, 1, 5]}, null, null, 121, false, [], false, 0, [], null, 0, 1744385333.6643717, 0, {}]
[{"0": [0, 1, 4, 1, 3, 4, 1, 1, 4, 1, 5, 2, 3, 7, 2, 1, 1]}, null, null, 122, false, [], false, 0, [], null, 0, 1744385333.8796873, 0, {}]
[{"0": [0, 5, 1, 3, 1, 3, 3, 0, 4, 35, 31, 21, 1, 2, 4, 1, 1]}, null, null, 122, false, [], false, 0, [], null, 0, 1744385334.1003547, 0, {}]
[{"0": [3, 1, 2, 4, 1, 3, 3, 2, 33, 26, 3, 3, 1, 4, 2, 0, 4]}, null, null, 123, false, [], false, 0, [], null, 0, 1744385334.31545, 0, {}]
[{"0": [1, 0, 2, 3, 26, 20, 26, 29, 31, 0, 1, 0, 0, 3, 0, 6, 3]}, null, null, 123, false, [], false, 0, [], null, 0, 1744385334.5401216, 0, {}]
[{"0": [5, 1, 3, 1, 1, 1, 25, 24, 25, 24, 36, 37, 2, 3, 3, 0, 3]}, null, null, 124, false, [], false, 0, [], null, 0, 1744385334.7460504, 0, {}]
[{"0": [0, 3, 1, 2, 0, 2, 3, 2, 3, 3, 4, 0, 4, 24, 34, 2, 1]}, null, null, 125, false, [], false, 0, [], null, 0, 1744385334.9535575, 0, {}]
[{"0": [3, 1, 7, 1, 2, 1, 0, 3, 0, 2, 27, 36, 1, 2, 2, 2, 1]}, null, null, 125, false, [], false, 0, [], null, 0, 1744385335.170908, 0, {}]
[{"0": [4, 2, 2, 1, 1, 4, 2, 0, 36, 34, 26, 31, 23, 36, 0, 1, 2]}, null, null, 126, false, [], false, 0, [], null, 0, 1744385335.3867097, 0, {}]
[{"0": [3, 1, 2, 2, 2, 1, 4, 1, 4, 2, 37, 33, 22, 38, 3, 1, 5]}, null, null, 127, false, [], false, 0, [], null, 0, 1744385335.6041288, 0, {}]
[{"0": [1, 0, 4, 1, 1, 2, 3, 1, 3, 3, 1, 0, 1, 28, 28, 29, 2]}, null, null, 127, false, [], false, 0, [], null, 0, 1744385335.8168519, 0, {}]
[{"0": [2, 3, 1, 0, 2, 5, 4, 1, 2, 2, 29, 2, 2, 3, 4, 4, 1]}, null, null, 128, false, [], false, 0, [], null, 0, 1744385336.054925, 0, {}]
[{"0": [1, 2, 1, 2, 2, 3, 2, 0, 1, 1, 1, 0, 31, 30, 37, 33, 26]}, null, null, 128, false, [], false, 0, [], null, 0, 1744385336.2493627, 0, {}]
[{"0": [2, 0, 5, 2, 1, 26, 38, 20, 37, 2, 1, 1, 6, 4, 2, 4, 4]}, null, null, 129, false, [], false, 0, [], null, 0, 1744385336.4718657, 0, {}]
[{"0": [2, 0, 2, 1, 2, 2, 4, 2, 2, 2, 31, 2, 2, 2, 1, 3, 2]}, null, null, 130, false, [], false, 0, [], null, 0, 1744385336.6891143, 0, {}]
[{"0": [4, 1, 3, 1, 3, 4, 3, 1, 3, 4, 2, 0, 3, 2, 2, 2, 23]}, null, null, 130, false, [], false, 0, [], null, 0, 1744385336.9141152, 0, {}]
[{"0": [0, 0, 1, 4, 31, 28, 30, 26, 20, 19, 2, 6, 2, 0, 2, 2, 1]}, null, null, 131, false, [], false, 0, [], null, 0, 1744385337.128056, 0, {}]
[{"0": [0, 0, 35, 27, 38, 0, 3, 1, 0, 4, 0, 2, 1, 1, 1, 0, 4]}, null, null, 131, false, [], false, 0, [], null, 0, 1744385337.3511677, 0, {}]
[{"0": [3, 2, 3, 0, 2, 1, 1, 0, 1, 1, 2, 2, 4, 3, 2, 25, 24]}, null, null, 132, false, [], false, 0, [], null, 0, 1744385337.56615, 0, {}]
[{"0": [4, 3, 2, 3, 2, 2, 1, 6, 1, 0, 29, 17, 38, 26, 28, 30, 31]}, null, null, 133, false, [], false, 0, [], null, 0, 1744385337.7674885, 0, {}]
[{"0": [2, 2, 34, 51, 30, 2, 4, 3, 0, 2, 0, 1, 2, 2, 3, 2, 4]}, null, null, 133, false, [], false, 0, [], null, 0, 1744385337.9857912, 0, {}]
[{"0": [2, 1, 2, 28, 1, 2, 0, 2, 1, 2, 3, 0, 2, 1, 1, 4, 2]}, null, null, 134, false, [], false, 0, [], null, 0, 1744385338.2001786, 0, {}]
[{"0": [0, 4, 1, 2, 1, 4, 2, 1, 1, 1, 2, 22, 32, 31, 20, 28, 32]}, null, null, 134, false, [], false, 0, [], null, 0, 1744385338.4226785, 0, {}]
[{"0": [2, 3, 4, 2, 30, 28, 0, 2, 4, 4, 1, 2, 3, 3, 2, 1, 2]}, null, null, 135, false, [], false, 0, [], null, 0, 1744385338.639887, 0, {}]
[{"0": [3, 4, 3, 2, 4, 3, 22, 1, 5, 6, 1, 1, 3, 3, 1, 1, 2]}, null, null, 136, false, [], false, 0, [], null, 0, 1744385338.8498793, 0, {}]
[{"0": [3, 2, 0, 2, 1, 1, 28, 38, 21, 2, 3, 0, 3, 1, 3, 2, 2]}, null, null, 136, false, [], false, 0, [], null, 0, 1744385339.0771792, 0, {}]
[{"0": [1, 0, 4, 2, 0, 2, 3, 2, 5, 1, 3, 0, 0, 35, 27, 27, 28]}, null, null, 137, false, [], false, 0, [], null, 0, 1744385339.2923832, 0, {}]
[{"0": [1, 2, 2, 0, 2, 28, 40, 18, 29, 30, 32, 23, 22, 23, 27, 5, 1]}, null, null, 137, false, [], false, 0, [], null, 0, 1744385339.5114048, 0, {}]
[{"0": [1, 2, 6, 3, 4, 2, 3, 1, 0, 37, 1, 1, 3, 2, 0, 2, 5]}, null, null, 138, false, [], false, 0, [], null, 0, 1744385339.725006, 0, {}]
[{"0": [3, 2, 4, 2, 2, 2, 4, 2, 4, 0, 2, 28, 32, 23, 38, 1, 0]}, null, null, 139, false, [], false, 0, [], null, 0, 1744385339.9494398, 0, {}]
[{"0": [0, 0, 0, 27, 33, 2, 0, 2, 4, 2, 2, 2, 1, 1, 0, 5, 1]}, null, null, 139, false, [], false, 0, [], null, 0, 1744385340.1654022, 0, {}]
[{"0": [3, 2, 0, 2, 0, 2, 1, 1, 2, 31, 1, 2, 3, 0, 4, 3, 1]}, null, null, 140, false, [], false, 0, [], null, 0, 1744385340.3671541, 0, {}]
[{"0": [1, 0, 1, 2, 3, 2, 1, 2, 3, 2, 3, 2, 3, 26, 27, 3, 3]}, null, null, 140, false, [], false, 0, [], null, 0, 1744385340.5875401, 0, {}]
[{"0": [0, 3, 3, 1, 3, 3, 0, 3, 2, 4, 2, 1, 1, 29, 23, 23, 30]}, null, null, 141, false, [], false, 0, [], null, 0, 1744385340.8053055, 0, {}]
[{"0": [1, 0, 4, 1, 2, 1, 1, 3, 26, 32, 0, 1, 2, 2, 2, 1, 1]}, null, null, 142, false, [], false, 0, [], null, 0, 1744385341.021289, 0, {}]
[{"0": [1, 2, 1, 3, 1, 1, 0, 2, 1, 1, 5, 3, 2, 1, 3, 37, 29]}, null, null, 142, false, [], false, 0, [], null, 0, 1744385341.2357893, 0, {}]
[{"0": [1, 2, 2, 2, 0, 4, 3, 2, 4, 20, 24, 31, 18, 28, 3, 3, 1]}, null, null, 143, false, [], false, 0, [], null, 0, 1744385341.466609, 0, {}]
[{"0": [0, 4, 1, 2, 1, 1, 0, 0, 0, 1, 4, 31, 28, 25, 37, 26, 33]}, null, null, 143, false, [], false, 0, [], null, 0, 1744385341.674374, 0, {}]
[{"0": [0, 1, 22, 28, 31, 29, 34, 35, 37, 7, 3, 2, 2, 0, 2, 1, 2]}, null, null, 144, false, [], false, 0, [], null, 0, 1744385341.8854852, 0, {}]
[{"0": [0, 4, 4, 0, 0, 0, 2, 1, 3, 3, 0, 2, 2, 5, 2, 0, 34]}, null, null, 145, false, [], false, 0, [], null, 0, 1744385342.0969534, 0, {}]
[{"0": [3, 0, 3, 2, 1, 4, 0, 2, 1, 2, 1, 3, 31, 31, 36, 25, 39]}, null, null, 145, false, [], false, 0, [], null, 0, 1744385342.3311877, 0, {}]
[{"0": [3, 1, 3, 3, 1, 3, 2, 2, 2, 3, 1, 5, 1, 0, 2, 3, 4]}, null, null, 146, false, [], false, 0, [], null, 0, 1744385342.5350692, 0, {}]
[{"0": [3, 0, 2, 3, 4, 3, 25, 0, 4, 1, 2, 3, 0, 0, 2, 2, 1]}, null, null, 146, false, [], false, 0, [], null, 0, 1744385342.7485325, 0, {}]
[{"0": [1, 6, 2, 0, 5, 1, 1, 5, 2, 7, 2, 31, 5, 2, 3, 3, 2]}, null, null, 147, false, [], false, 0, [], null, 0, 1744385342.9755547, 0, {}]
[{"0": [1, 4, 1, 2, 1, 2, 1, 0, 1, 5, 1, 24, 41, 21, 25, 27, 25]}, null, null, 148, false, [], false, 0, [], null, 0, 1744385343.1939747, 0, {}]
[{"0": [31, 21, 22, 31, 28, 5, 2, 3, 4, 4, 3, 1, 3, 3, 1, 3, 0]}, null, null, 148, false, [], false, 0, [], null, 0, 1744385343.3999066, 0, {}]
[{"0": [2, 2, 1, 0, 0, 2, 28, 36, 1, 2, 0, 2, 3, 2, 2, 4, 0]}, null, null, 149, false, [], false, 0, [], null, 0, 1744385343.617963, 0, {}]
[{"0": [1, 2, 0, 2, 1, 0, 26, 24, 28, 3, 1, 0, 3, 0, 2, 4, 0]}, null, null, 149, false, [], false, 0, [], null, 0, 1744385343.8312867, 0, {}]
[{"0": [5, 2, 2, 1, 3, 4, 1, 3, 31, 35, 32, 33, 2, 1, 0, 4, 0]}, null, null, 150, true, [], false, 0, [], null, 0, 1744385344.0480692, 0, {}]
