[{"0": [3, 0, 2, 2, 2, 2, 0, 1, 1, 1, 1, 2, 2, 2, 2, 4, 1]}, null, null, 0, false, [], false, 0, [], null, 0, 1744383399.3193638, 0, {}]
[{"0": [2, 1, 3, 33, 3, 3, 2, 3, 2, 1, 1, 1, 6, 2, 1, 1, 3]}, null, null, 1, false, [], false, 0, [], null, 0, 1744383399.5621724, 0, {}]
[{"0": [1, 2, 3, 0, 1, 3, 1, 1, 1, 3, 0, 3, 3, 1, 1, 22, 31]}, null, null, 1, false, [], false, 0, [], null, 0, 1744383399.7685773, 0, {}]
[{"0": [1, 1, 2, 6, 2, 1, 28, 27, 20, 29, 29, 20, 26, 38, 30, 39, 21]}, null, null, 2, false, [], false, 0, [], null, 0, 1744383399.9858723, 0, {}]
[{"0": [0, 2, 3, 3, 3, 4, 4, 3, 3, 1, 34, 31, 25, 30, 31, 0, 2]}, null, null, 2, false, [], false, 0, [], null, 0, 1744383400.2026176, 0, {}]
[{"0": [2, 5, 0, 1, 1, 2, 3, 1, 1, 1, 2, 2, 1, 3, 2, 0, 34]}, null, null, 3, false, [], false, 0, [], null, 0, 1744383400.430683, 0, {}]
[{"0": [1, 4, 2, 0, 1, 6, 4, 0, 3, 26, 30, 29, 27, 22, 1, 0, 0]}, null, null, 4, false, [], false, 0, [], null, 0, 1744383400.6435463, 0, {}]
[{"0": [3, 2, 5, 2, 2, 3, 4, 42, 36, 34, 27, 3, 1, 3, 2, 1, 0]}, null, null, 4, false, [], false, 0, [], null, 0, 1744383400.8590858, 0, {}]
[{"0": [30, 28, 2, 2, 2, 1, 4, 2, 3, 2, 0, 3, 1, 0, 2, 3, 1]}, null, null, 5, false, [], false, 0, [], null, 0, 1744383401.060684, 0, {}]
[{"0": [1, 3, 0, 2, 4, 2, 0, 5, 29, 27, 31, 27, 38, 30, 42, 34, 2]}, null, null, 5, false, [], false, 0, [], null, 0, 1744383401.2853975, 0, {}]
[{"0": [0, 2, 0, 1, 2, 2, 1, 1, 4, 34, 2, 1, 4, 3, 1, 1, 1]}, null, null, 6, false, [], false, 0, [], null, 0, 1744383401.5073872, 0, {}]
[{"0": [3, 4, 1, 1, 4, 3, 2, 1, 1, 0, 3, 26, 31, 22, 26, 17, 0]}, null, null, 7, false, [], false, 0, [], null, 0, 1744383401.7156308, 0, {}]
[{"0": [4, 1, 1, 2, 1, 0, 2, 1, 3, 0, 3, 30, 39, 27, 31, 36, 26]}, null, null, 7, false, [], false, 0, [], null, 0, 1744383401.9423053, 0, {}]
[{"0": [0, 2, 4, 3, 3, 1, 1, 2, 0, 32, 4, 1, 3, 5, 2, 0, 3]}, null, null, 8, false, [], false, 0, [], null, 0, 1744383402.144872, 0, {}]
[{"0": [1, 1, 1, 1, 0, 2, 2, 0, 1, 2, 0, 2, 1, 2, 34, 3, 1]}, null, null, 8, false, [], false, 0, [], null, 0, 1744383402.3632078, 0, {}]
[{"0": [3, 0, 2, 4, 0, 0, 0, 4, 3, 1, 3, 2, 0, 1, 2, 2, 4]}, null, null, 9, false, [], false, 0, [], null, 0, 1744383402.5985317, 0, {}]
[{"0": [1, 0, 3, 2, 0, 1, 0, 0, 1, 0, 1, 2, 0, 1, 23, 38, 33]}, null, null, 10, false, [], false, 0, [], null, 0, 1744383402.8041546, 0, {}]
[{"0": [0, 4, 0, 2, 8, 1, 1, 5, 0, 27, 28, 31, 1, 1, 0, 1, 1]}, null, null, 10, false, [], false, 0, [], null, 0, 1744383403.0245323, 0, {}]
[{"0": [22, 3, 2, 2, 0, 2, 3, 4, 1, 1, 4, 2, 1, 3, 1, 4, 2]}, null, null, 11, false, [], false, 0, [], null, 0, 1744383403.231481, 0, {}]
[{"0": [27, 28, 38, 27, 15, 27, 23, 5, 3, 3, 2, 2, 2, 1, 2, 2, 2]}, null, null, 11, false, [], false, 0, [], null, 0, 1744383403.457458, 0, {}]
[{"0": [1, 2, 3, 33, 26, 30, 32, 28, 34, 30, 34, 2, 1, 3, 4, 4, 0]}, null, null, 12, false, [], false, 0, [], null, 0, 1744383403.6629436, 0, {}]
[{"0": [2, 1, 0, 0, 1, 3, 1, 2, 2, 0, 2, 4, 3, 0, 2, 4, 3]}, null, null, 13, false, [], false, 0, [], null, 0, 1744383403.8813622, 0, {}]
[{"0": [37, 1, 2, 2, 1, 0, 4, 1, 3, 1, 1, 0, 2, 1, 2, 25, 32]}, null, null, 13, false, [], false, 0, [], null, 0, 1744383404.11237, 0, {}]
[{"0": [2, 2, 0, 0, 1, 3, 0, 0, 1, 2, 0, 1, 2, 2, 4, 1, 2]}, null, null, 14, false, [], false, 0, [], null, 0, 1744383404.3308928, 0, {}]
[{"0": [2, 3, 0, 1, 3, 0, 2, 0, 1, 1, 1, 28, 23, 30, 2, 3, 2]}, null, null, 14, false, [], false, 0, [], null, 0, 1744383404.5385473, 0, {}]
[{"0": [2, 3, 1, 4, 1, 1, 0, 5, 2, 2, 38, 3, 1, 3, 5, 0, 3]}, null, null, 15, false, [], false, 0, [], null, 0, 1744383404.7630794, 0, {}]
[{"0": [4, 0, 3, 3, 0, 1, 1, 4, 2, 2, 2, 2, 1, 30, 33, 22, 21]}, null, null, 16, false, [], false, 0, [], null, 0, 1744383404.964772, 0, {}]
[{"0": [4, 1, 1, 2, 4, 1, 2, 3, 32, 0, 2, 1, 1, 3, 2, 1, 1]}, null, null, 16, false, [], false, 0, [], null, 0, 1744383405.1893046, 0, {}]
[{"0": [2, 1, 3, 1, 2, 1, 1, 1, 6, 1, 1, 3, 0, 0, 22, 29, 43]}, null, null, 17, false, [], false, 0, [], null, 0, 1744383405.4111035, 0, {}]
[{"0": [2, 1, 4, 1, 1, 3, 3, 1, 2, 4, 3, 3, 2, 2, 3, 2, 1]}, null, null, 17, false, [], false, 0, [], null, 0, 1744383405.615314, 0, {}]
[{"0": [36, 25, 27, 37, 31, 24, 1, 3, 3, 0, 3, 0, 0, 3, 4, 3, 4]}, null, null, 18, false, [], false, 0, [], null, 0, 1744383405.8475604, 0, {}]
[{"0": [3, 4, 1, 6, 2, 2, 4, 1, 5, 1, 1, 1, 3, 4, 4, 3, 2]}, null, null, 19, false, [], false, 0, [], null, 0, 1744383406.051397, 0, {}]
[{"0": [5, 2, 3, 2, 2, 26, 30, 22, 23, 28, 26, 26, 31, 34, 28, 23, 30]}, null, null, 19, false, [], false, 0, [], null, 0, 1744383406.2763398, 0, {}]
[{"0": [3, 2, 2, 2, 0, 2, 1, 3, 2, 23, 26, 6, 1, 1, 2, 1, 1]}, null, null, 20, false, [], false, 0, [], null, 0, 1744383406.4758193, 0, {}]
[{"0": [1, 1, 2, 3, 2, 5, 20, 33, 33, 21, 33, 23, 3, 1, 3, 4, 2]}, null, null, 20, false, [], false, 0, [], null, 0, 1744383406.701673, 0, {}]
[{"0": [0, 1, 2, 0, 1, 4, 3, 3, 2, 1, 21, 36, 28, 37, 22, 2, 3]}, null, null, 21, false, [], false, 0, [], null, 0, 1744383406.914308, 0, {}]
[{"0": [3, 5, 2, 1, 2, 2, 1, 26, 22, 21, 30, 26, 1, 3, 3, 0, 2]}, null, null, 22, false, [], false, 0, [], null, 0, 1744383407.128255, 0, {}]
[{"0": [1, 3, 4, 3, 3, 2, 4, 2, 3, 1, 1, 25, 27, 19, 33, 32, 22]}, null, null, 22, false, [], false, 0, [], null, 0, 1744383407.3616967, 0, {}]
[{"0": [0, 2, 0, 27, 1, 3, 4, 0, 0, 2, 0, 2, 7, 1, 2, 1, 0]}, null, null, 23, false, [], false, 0, [], null, 0, 1744383407.5618892, 0, {}]
[{"0": [3, 1, 2, 1, 1, 1, 1, 4, 1, 1, 3, 2, 2, 4, 3, 3, 2]}, null, null, 23, false, [], false, 0, [], null, 0, 1744383407.7764955, 0, {}]
[{"0": [4, 1, 3, 2, 4, 4, 36, 0, 3, 1, 4, 2, 2, 0, 2, 2, 1]}, null, null, 24, false, [], false, 0, [], null, 0, 1744383408.012065, 0, {}]
[{"0": [1, 0, 2, 1, 29, 34, 24, 19, 31, 28, 28, 25, 4, 0, 1, 2, 1]}, null, null, 25, false, [], false, 0, [], null, 0, 1744383408.218312, 0, {}]
[{"0": [0, 0, 1, 2, 1, 1, 0, 3, 3, 4, 2, 1, 0, 4, 3, 4, 21]}, null, null, 25, false, [], false, 0, [], null, 0, 1744383408.4380517, 0, {}]
[{"0": [2, 1, 7, 3, 1, 3, 3, 20, 24, 32, 28, 36, 22, 31, 32, 0, 3]}, null, null, 26, false, [], false, 0, [], null, 0, 1744383408.6544836, 0, {}]
[{"0": [3, 4, 2, 1, 1, 2, 2, 3, 6, 33, 27, 30, 31, 27, 29, 21, 35]}, null, null, 27, false, [], false, 0, [], null, 0, 1744383408.877084, 0, {}]
[{"0": [1, 0, 2, 0, 2, 0, 1, 31, 20, 29, 4, 0, 1, 1, 2, 2, 2]}, null, null, 27, false, [], false, 0, [], null, 0, 1744383409.0966482, 0, {}]
[{"0": [1, 2, 4, 0, 6, 0, 2, 1, 2, 25, 39, 36, 2, 0, 1, 0, 4]}, null, null, 28, false, [], false, 0, [], null, 0, 1744383409.3094678, 0, {}]
[{"0": [24, 41, 32, 19, 21, 27, 24, 36, 2, 0, 1, 2, 1, 5, 4, 1, 3]}, null, null, 28, false, [], false, 0, [], null, 0, 1744383409.5219736, 0, {}]
[{"0": [2, 3, 1, 1, 1, 1, 34, 39, 22, 31, 24, 2, 2, 0, 2, 1, 3]}, null, null, 29, false, [], false, 0, [], null, 0, 1744383409.7397025, 0, {}]
[{"0": [4, 3, 2, 1, 2, 2, 3, 2, 2, 1, 5, 0, 2, 1, 2, 1, 25]}, null, null, 30, false, [], false, 0, [], null, 0, 1744383409.9579544, 0, {}]
[{"0": [2, 1, 1, 1, 2, 0, 2, 20, 31, 28, 23, 2, 3, 2, 2, 0, 2]}, null, null, 30, false, [], false, 0, [], null, 0, 1744383410.1822808, 0, {}]
[{"0": [23, 4, 2, 2, 1, 2, 2, 0, 2, 1, 2, 1, 2, 33, 30, 27, 2]}, null, null, 31, false, [], false, 0, [], null, 0, 1744383410.3822243, 0, {}]
[{"0": [1, 0, 3, 3, 2, 3, 0, 3, 1, 4, 0, 2, 2, 2, 5, 0, 32]}, null, null, 31, false, [], false, 0, [], null, 0, 1744383410.6055958, 0, {}]
[{"0": [3, 1, 0, 4, 2, 2, 1, 4, 0, 2, 2, 1, 0, 1, 29, 0, 3]}, null, null, 32, false, [], false, 0, [], null, 0, 1744383410.8183005, 0, {}]
[{"0": [3, 0, 3, 1, 1, 2, 1, 0, 0, 0, 0, 2, 5, 1, 0, 6, 25]}, null, null, 33, false, [], false, 0, [], null, 0, 1744383411.0436072, 0, {}]
[{"0": [2, 1, 17, 4, 0, 0, 1, 2, 1, 3, 3, 1, 2, 4, 2, 3, 1]}, null, null, 33, false, [], false, 0, [], null, 0, 1744383411.2568514, 0, {}]
[{"0": [28, 32, 30, 32, 33, 6, 0, 4, 1, 1, 5, 5, 2, 2, 0, 5, 0]}, null, null, 34, false, [], false, 0, [], null, 0, 1744383411.461272, 0, {}]
[{"0": [1, 3, 1, 4, 2, 2, 1, 1, 3, 0, 23, 3, 2, 2, 2, 1, 0]}, null, null, 34, false, [], false, 0, [], null, 0, 1744383411.695024, 0, {}]
[{"0": [2, 3, 3, 2, 1, 2, 5, 2, 3, 2, 1, 2, 2, 4, 1, 3, 33]}, null, null, 35, false, [], false, 0, [], null, 0, 1744383411.9165282, 0, {}]
[{"0": [28, 34, 26, 21, 1, 1, 3, 2, 2, 2, 0, 0, 2, 2, 2, 1, 3]}, null, null, 36, false, [], false, 0, [], null, 0, 1744383412.1278508, 0, {}]
[{"0": [1, 6, 2, 1, 1, 3, 1, 3, 1, 3, 1, 1, 29, 23, 20, 5, 4]}, null, null, 36, false, [], false, 0, [], null, 0, 1744383412.3353322, 0, {}]
[{"0": [2, 1, 2, 3, 2, 1, 2, 1, 2, 1, 4, 3, 4, 2, 26, 31, 2]}, null, null, 37, false, [], false, 0, [], null, 0, 1744383412.5560215, 0, {}]
[{"0": [35, 5, 1, 1, 1, 0, 2, 3, 0, 2, 1, 6, 2, 1, 2, 2, 2]}, null, null, 37, false, [], false, 0, [], null, 0, 1744383412.7714415, 0, {}]
[{"0": [25, 33, 2, 1, 2, 2, 1, 1, 1, 1, 2, 3, 4, 2, 0, 2, 3]}, null, null, 38, false, [], false, 0, [], null, 0, 1744383412.99331, 0, {}]
[{"0": [34, 31, 0, 0, 1, 0, 1, 2, 0, 3, 1, 2, 3, 0, 0, 3, 1]}, null, null, 39, false, [], false, 0, [], null, 0, 1744383413.2079477, 0, {}]
[{"0": [3, 0, 1, 0, 2, 1, 2, 1, 1, 2, 4, 2, 4, 0, 1, 28, 29]}, null, null, 39, false, [], false, 0, [], null, 0, 1744383413.423407, 0, {}]
[{"0": [29, 26, 27, 41, 27, 25, 27, 32, 4, 2, 1, 2, 3, 0, 4, 1, 0]}, null, null, 40, false, [], false, 0, [], null, 0, 1744383413.646247, 0, {}]
[{"0": [0, 2, 3, 32, 25, 39, 1, 0, 4, 3, 0, 3, 1, 2, 1, 2, 3]}, null, null, 40, false, [], false, 0, [], null, 0, 1744383413.8591459, 0, {}]
[{"0": [2, 4, 2, 3, 2, 3, 35, 0, 2, 3, 4, 3, 0, 1, 1, 4, 1]}, null, null, 41, false, [], false, 0, [], null, 0, 1744383414.0751882, 0, {}]
[{"0": [1, 2, 2, 2, 2, 2, 4, 3, 0, 3, 2, 1, 36, 21, 24, 31, 2]}, null, null, 42, false, [], false, 0, [], null, 0, 1744383414.2969208, 0, {}]
[{"0": [0, 2, 0, 1, 3, 3, 25, 2, 0, 2, 1, 2, 1, 0, 0, 2, 1]}, null, null, 42, false, [], false, 0, [], null, 0, 1744383414.5131376, 0, {}]
[{"0": [3, 2, 1, 24, 32, 32, 39, 22, 1, 1, 1, 3, 1, 3, 3, 1, 1]}, null, null, 43, false, [], false, 0, [], null, 0, 1744383414.726299, 0, {}]
[{"0": [2, 3, 2, 2, 2, 1, 4, 1, 4, 1, 1, 26, 33, 23, 30, 42, 0]}, null, null, 43, false, [], false, 0, [], null, 0, 1744383414.9342895, 0, {}]
[{"0": [0, 1, 2, 0, 2, 5, 3, 1, 3, 2, 3, 0, 1, 2, 0, 0, 6]}, null, null, 44, false, [], false, 0, [], null, 0, 1744383415.1419277, 0, {}]
[{"0": [3, 2, 0, 36, 31, 27, 3, 1, 3, 3, 1, 1, 2, 4, 0, 1, 0]}, null, null, 45, false, [], false, 0, [], null, 0, 1744383415.3848634, 0, {}]
[{"0": [0, 3, 4, 27, 26, 23, 28, 7, 1, 2, 1, 2, 2, 3, 1, 2, 1]}, null, null, 45, false, [], false, 0, [], null, 0, 1744383415.5861814, 0, {}]
[{"0": [5, 2, 0, 3, 2, 1, 6, 0, 33, 32, 26, 1, 0, 2, 0, 2, 2]}, null, null, 46, false, [], false, 0, [], null, 0, 1744383415.797364, 0, {}]
[{"0": [0, 1, 0, 20, 26, 32, 32, 24, 20, 27, 0, 5, 1, 1, 4, 2, 0]}, null, null, 46, false, [], false, 0, [], null, 0, 1744383416.0188632, 0, {}]
[{"0": [1, 3, 3, 0, 1, 4, 2, 3, 1, 0, 2, 0, 3, 3, 1, 1, 27]}, null, null, 47, false, [], false, 0, [], null, 0, 1744383416.2275224, 0, {}]
[{"0": [1, 1, 3, 2, 3, 4, 0, 0, 3, 5, 1, 2, 1, 2, 24, 1, 5]}, null, null, 48, false, [], false, 0, [], null, 0, 1744383416.4587476, 0, {}]
[{"0": [5, 0, 2, 3, 0, 1, 34, 25, 3, 0, 2, 2, 1, 4, 22, 29, 22]}, null, null, 48, false, [], false, 0, [], null, 0, 1744383416.6593716, 0, {}]
[{"0": [1, 3, 2, 2, 0, 1, 4, 0, 0, 2, 1, 31, 20, 2, 2, 1, 2]}, null, null, 49, false, [], false, 0, [], null, 0, 1744383416.8866754, 0, {}]
[{"0": [1, 4, 1, 4, 2, 2, 2, 4, 3, 4, 2, 1, 1, 1, 2, 2, 0]}, null, null, 49, false, [], false, 0, [], null, 0, 1744383417.1033602, 0, {}]
[{"0": [2, 2, 5, 2, 2, 0, 1, 1, 1, 1, 2, 1, 2, 1, 2, 4, 23]}, null, null, 50, false, [], false, 0, [], null, 0, 1744383417.3188324, 0, {}]
[{"0": [2, 0, 1, 1, 2, 3, 3, 1, 2, 4, 24, 16, 22, 28, 37, 2, 0]}, null, null, 51, false, [], false, 0, [], null, 0, 1744383417.532103, 0, {}]
[{"0": [1, 4, 3, 29, 1, 2, 0, 2, 4, 4, 0, 2, 2, 2, 4, 1, 2]}, null, null, 51, false, [], false, 0, [], null, 0, 1744383417.7583675, 0, {}]
[{"0": [2, 0, 3, 0, 0, 5, 2, 2, 2, 1, 1, 1, 6, 1, 4, 2, 1]}, null, null, 52, false, [], false, 0, [], null, 0, 1744383417.966117, 0, {}]
[{"0": [2, 1, 0, 1, 1, 3, 0, 3, 35, 2, 0, 4, 2, 4, 4, 1, 2]}, null, null, 52, false, [], false, 0, [], null, 0, 1744383418.190086, 0, {}]
[{"0": [2, 1, 1, 2, 4, 3, 3, 1, 3, 0, 1, 1, 2, 3, 3, 34, 34]}, null, null, 53, false, [], false, 0, [], null, 0, 1744383418.4096775, 0, {}]
[{"0": [4, 1, 0, 3, 2, 1, 23, 0, 2, 1, 3, 1, 2, 3, 3, 1, 0]}, null, null, 54, false, [], false, 0, [], null, 0, 1744383418.6224558, 0, {}]
[{"0": [1, 3, 1, 2, 1, 3, 1, 2, 1, 2, 2, 0, 3, 2, 2, 2, 30]}, null, null, 54, false, [], false, 0, [], null, 0, 1744383418.8339572, 0, {}]
[{"0": [1, 1, 1, 0, 27, 21, 21, 29, 31, 1, 1, 2, 0, 3, 3, 0, 2]}, null, null, 55, false, [], false, 0, [], null, 0, 1744383419.059845, 0, {}]
[{"0": [1, 1, 3, 3, 0, 5, 37, 31, 2, 2, 2, 2, 4, 0, 2, 0, 2]}, null, null, 55, false, [], false, 0, [], null, 0, 1744383419.270051, 0, {}]
[{"0": [1, 4, 3, 2, 2, 0, 2, 1, 2, 2, 5, 2, 2, 2, 22, 27, 33]}, null, null, 56, false, [], false, 0, [], null, 0, 1744383419.4820862, 0, {}]
[{"0": [6, 1, 5, 1, 0, 3, 32, 31, 1, 4, 1, 0, 2, 2, 0, 0, 0]}, null, null, 57, false, [], false, 0, [], null, 0, 1744383419.713509, 0, {}]
[{"0": [4, 2, 4, 4, 3, 2, 2, 1, 4, 0, 4, 30, 36, 27, 26, 29, 27]}, null, null, 57, false, [], false, 0, [], null, 0, 1744383419.9222195, 0, {}]
[{"0": [1, 2, 3, 0, 4, 0, 0, 2, 5, 4, 0, 1, 3, 6, 31, 22, 25]}, null, null, 58, false, [], false, 0, [], null, 0, 1744383420.1413271, 0, {}]
[{"0": [3, 0, 3, 2, 1, 4, 1, 0, 1, 3, 2, 2, 19, 24, 36, 35, 24]}, null, null, 58, false, [], false, 0, [], null, 0, 1744383420.3542902, 0, {}]
[{"0": [1, 2, 1, 0, 4, 1, 0, 1, 2, 3, 1, 1, 1, 1, 4, 5, 26]}, null, null, 59, false, [], false, 0, [], null, 0, 1744383420.5748787, 0, {}]
[{"0": [1, 3, 4, 2, 2, 2, 4, 4, 1, 1, 3, 4, 3, 2, 4, 6, 36]}, null, null, 60, false, [], false, 0, [], null, 0, 1744383420.7967994, 0, {}]
[{"0": [1, 4, 2, 1, 3, 6, 1, 3, 0, 1, 3, 2, 4, 0, 2, 33, 18]}, null, null, 60, false, [], false, 0, [], null, 0, 1744383421.011866, 0, {}]
[{"0": [0, 2, 1, 1, 0, 1, 0, 2, 1, 2, 3, 2, 2, 3, 4, 3, 19]}, null, null, 61, false, [], false, 0, [], null, 0, 1744383421.2244468, 0, {}]
[{"0": [2, 25, 28, 39, 25, 26, 36, 0, 0, 0, 2, 0, 3, 1, 0, 3, 4]}, null, null, 61, false, [], false, 0, [], null, 0, 1744383421.4479773, 0, {}]
[{"0": [1, 0, 0, 3, 5, 2, 1, 1, 1, 3, 0, 0, 25, 2, 2, 2, 4]}, null, null, 62, false, [], false, 0, [], null, 0, 1744383421.6382213, 0, {}]
[{"0": [2, 3, 2, 4, 1, 1, 4, 1, 1, 4, 2, 3, 3, 2, 2, 3, 2]}, null, null, 63, false, [], false, 0, [], null, 0, 1744383421.8670523, 0, {}]
[{"0": [3, 1, 0, 0, 2, 0, 1, 3, 26, 0, 2, 4, 3, 1, 0, 0, 2]}, null, null, 63, false, [], false, 0, [], null, 0, 1744383422.0871735, 0, {}]
[{"0": [38, 32, 26, 35, 32, 0, 2, 1, 2, 2, 3, 2, 1, 1, 3, 5, 2]}, null, null, 64, false, [], false, 0, [], null, 0, 1744383422.3119512, 0, {}]
[{"0": [2, 1, 0, 4, 1, 4, 25, 26, 32, 30, 0, 1, 4, 1, 1, 2, 1]}, null, null, 64, false, [], false, 0, [], null, 0, 1744383422.5161436, 0, {}]
[{"0": [0, 1, 32, 29, 33, 33, 31, 37, 32, 0, 2, 2, 3, 0, 2, 3, 2]}, null, null, 65, false, [], false, 0, [], null, 0, 1744383422.7259588, 0, {}]
[{"0": [0, 1, 2, 2, 3, 4, 27, 28, 28, 30, 2, 1, 1, 4, 4, 3, 3]}, null, null, 66, false, [], false, 0, [], null, 0, 1744383422.9536088, 0, {}]
[{"0": [1, 1, 4, 1, 1, 4, 0, 1, 0, 1, 38, 25, 43, 26, 16, 0, 3]}, null, null, 66, false, [], false, 0, [], null, 0, 1744383423.17295, 0, {}]
[{"0": [2, 1, 1, 4, 0, 2, 1, 3, 3, 2, 1, 32, 29, 29, 25, 29, 29]}, null, null, 67, false, [], false, 0, [], null, 0, 1744383423.386996, 0, {}]
[{"0": [1, 1, 2, 2, 3, 1, 2, 0, 2, 0, 2, 0, 1, 28, 42, 23, 2]}, null, null, 67, false, [], false, 0, [], null, 0, 1744383423.5910823, 0, {}]
[{"0": [0, 3, 5, 1, 1, 2, 0, 1, 3, 0, 1, 1, 3, 4, 2, 2, 21]}, null, null, 68, false, [], false, 0, [], null, 0, 1744383423.820586, 0, {}]
[{"0": [0, 4, 1, 2, 3, 3, 4, 0, 2, 2, 23, 4, 3, 2, 2, 2, 1]}, null, null, 69, false, [], false, 0, [], null, 0, 1744383424.039939, 0, {}]
[{"0": [2, 2, 23, 32, 32, 35, 32, 28, 28, 39, 27, 28, 29, 29, 25, 33, 32]}, null, null, 69, false, [], false, 0, [], null, 0, 1744383424.2479472, 0, {}]
[{"0": [2, 0, 4, 3, 1, 2, 2, 4, 2, 2, 1, 2, 0, 1, 20, 2, 0]}, null, null, 70, false, [], false, 0, [], null, 0, 1744383424.4616354, 0, {}]
[{"0": [2, 1, 3, 2, 3, 1, 2, 3, 1, 2, 0, 4, 5, 3, 1, 3, 32]}, null, null, 70, false, [], false, 0, [], null, 0, 1744383424.688722, 0, {}]
[{"0": [3, 12, 23, 17, 26, 1, 1, 6, 0, 0, 1, 2, 1, 2, 2, 1, 1]}, null, null, 71, false, [], false, 0, [], null, 0, 1744383424.8900867, 0, {}]
[{"0": [0, 0, 4, 3, 3, 1, 3, 0, 2, 3, 1, 2, 2, 1, 0, 2, 29]}, null, null, 72, false, [], false, 0, [], null, 0, 1744383425.1261756, 0, {}]
[{"0": [2, 1, 0, 2, 2, 2, 19, 29, 4, 3, 3, 3, 0, 2, 1, 3, 1]}, null, null, 72, false, [], false, 0, [], null, 0, 1744383425.3426712, 0, {}]
[{"0": [2, 1, 1, 1, 1, 2, 2, 0, 1, 1, 0, 2, 5, 1, 36, 5, 1]}, null, null, 73, false, [], false, 0, [], null, 0, 1744383425.5454257, 0, {}]
[{"0": [5, 1, 3, 0, 2, 3, 22, 42, 0, 2, 2, 3, 1, 3, 3, 2, 2]}, null, null, 73, false, [], false, 0, [], null, 0, 1744383425.7750134, 0, {}]
[{"0": [1, 1, 1, 3, 2, 26, 26, 31, 32, 3, 2, 0, 2, 1, 1, 3, 0]}, null, null, 74, false, [], false, 0, [], null, 0, 1744383425.9952548, 0, {}]
[{"0": [28, 26, 41, 26, 31, 30, 31, 24, 32, 17, 0, 1, 1, 1, 1, 4, 4]}, null, null, 75, false, [], false, 0, [], null, 0, 1744383426.201713, 0, {}]
[{"0": [1, 3, 4, 4, 1, 3, 2, 4, 3, 2, 1, 4, 2, 1, 0, 2, 25]}, null, null, 75, false, [], false, 0, [], null, 0, 1744383426.4211123, 0, {}]
[{"0": [1, 1, 2, 1, 0, 4, 2, 1, 2, 28, 29, 29, 1, 1, 0, 3, 2]}, null, null, 76, false, [], false, 0, [], null, 0, 1744383426.628602, 0, {}]
[{"0": [24, 2, 0, 4, 2, 2, 1, 3, 1, 3, 5, 7, 2, 1, 3, 1, 0]}, null, null, 77, false, [], false, 0, [], null, 0, 1744383426.8588796, 0, {}]
[{"0": [5, 4, 1, 2, 1, 0, 3, 0, 0, 0, 3, 2, 28, 45, 33, 26, 35]}, null, null, 77, false, [], false, 0, [], null, 0, 1744383427.0663702, 0, {}]
[{"0": [1, 2, 1, 25, 2, 3, 1, 2, 2, 2, 0, 3, 0, 0, 4, 1, 0]}, null, null, 78, false, [], false, 0, [], null, 0, 1744383427.2858877, 0, {}]
[{"0": [4, 3, 3, 0, 0, 4, 26, 20, 0, 1, 4, 2, 3, 3, 0, 0, 1]}, null, null, 78, false, [], false, 0, [], null, 0, 1744383427.5111454, 0, {}]
[{"0": [1, 1, 1, 5, 1, 15, 25, 27, 21, 25, 24, 31, 30, 2, 1, 4, 4]}, null, null, 79, false, [], false, 0, [], null, 0, 1744383427.7248232, 0, {}]
[{"0": [0, 0, 2, 1, 4, 1, 4, 1, 0, 1, 27, 31, 31, 24, 25, 2, 0]}, null, null, 80, false, [], false, 0, [], null, 0, 1744383427.935615, 0, {}]
[{"0": [1, 3, 3, 1, 3, 3, 1, 4, 1, 5, 2, 2, 2, 3, 1, 0, 28]}, null, null, 80, false, [], false, 0, [], null, 0, 1744383428.1479597, 0, {}]
[{"0": [2, 3, 2, 1, 3, 2, 0, 2, 0, 1, 2, 4, 1, 4, 1, 5, 23]}, null, null, 81, false, [], false, 0, [], null, 0, 1744383428.36797, 0, {}]
[{"0": [2, 2, 1, 4, 2, 3, 1, 6, 0, 1, 1, 1, 1, 3, 7, 0, 1]}, null, null, 81, false, [], false, 0, [], null, 0, 1744383428.586021, 0, {}]
[{"0": [1, 0, 1, 3, 4, 5, 4, 1, 0, 0, 1, 2, 1, 1, 3, 2, 3]}, null, null, 82, false, [], false, 0, [], null, 0, 1744383428.8085008, 0, {}]
[{"0": [2, 0, 1, 5, 4, 2, 3, 2, 1, 6, 3, 0, 3, 3, 3, 31, 35]}, null, null, 83, false, [], false, 0, [], null, 0, 1744383429.020827, 0, {}]
[{"0": [0, 0, 3, 3, 0, 2, 2, 1, 29, 35, 37, 30, 25, 34, 20, 32, 25]}, null, null, 83, false, [], false, 0, [], null, 0, 1744383429.233636, 0, {}]
[{"0": [2, 1, 0, 4, 1, 4, 2, 1, 1, 26, 29, 1, 1, 4, 2, 2, 3]}, null, null, 84, false, [], false, 0, [], null, 0, 1744383429.448986, 0, {}]
[{"0": [2, 0, 1, 3, 3, 2, 2, 0, 3, 1, 31, 29, 29, 22, 37, 31, 18]}, null, null, 84, false, [], false, 0, [], null, 0, 1744383429.6623993, 0, {}]
[{"0": [9, 2, 0, 25, 1, 1, 1, 0, 3, 3, 1, 2, 0, 2, 1, 2, 3]}, null, null, 85, false, [], false, 0, [], null, 0, 1744383429.8817163, 0, {}]
[{"0": [2, 1, 3, 1, 2, 1, 35, 28, 26, 3, 2, 7, 1, 2, 2, 3, 0]}, null, null, 86, false, [], false, 0, [], null, 0, 1744383430.104515, 0, {}]
[{"0": [2, 1, 1, 2, 1, 3, 0, 0, 0, 5, 1, 0, 2, 1, 27, 3, 5]}, null, null, 86, false, [], false, 0, [], null, 0, 1744383430.311306, 0, {}]
[{"0": [3, 1, 0, 3, 1, 2, 1, 1, 4, 1, 24, 26, 29, 27, 23, 1, 1]}, null, null, 87, false, [], false, 0, [], null, 0, 1744383430.5455115, 0, {}]
[{"0": [3, 0, 2, 0, 3, 3, 4, 1, 24, 31, 2, 0, 2, 1, 0, 3, 3]}, null, null, 87, false, [], false, 0, [], null, 0, 1744383430.7517214, 0, {}]
[{"0": [1, 2, 0, 2, 1, 2, 3, 1, 0, 2, 0, 3, 4, 2, 1, 1, 1]}, null, null, 88, false, [], false, 0, [], null, 0, 1744383430.962438, 0, {}]
[{"0": [1, 1, 0, 23, 17, 33, 42, 20, 24, 1, 0, 2, 2, 0, 3, 0, 0]}, null, null, 89, false, [], false, 0, [], null, 0, 1744383431.18904, 0, {}]
[{"0": [0, 1, 3, 0, 1, 0, 1, 1, 2, 27, 30, 27, 3, 3, 2, 3, 3]}, null, null, 89, false, [], false, 0, [], null, 0, 1744383431.3903542, 0, {}]
[{"0": [0, 3, 0, 0, 0, 2, 0, 5, 2, 1, 2, 36, 31, 2, 2, 3, 2]}, null, null, 90, false, [], false, 0, [], null, 0, 1744383431.6071537, 0, {}]
[{"0": [4, 2, 1, 1, 1, 0, 4, 2, 2, 2, 3, 1, 2, 2, 26, 28, 34]}, null, null, 90, false, [], false, 0, [], null, 0, 1744383431.8309805, 0, {}]
[{"0": [1, 5, 2, 3, 2, 3, 0, 1, 2, 32, 0, 4, 2, 2, 2, 1, 2]}, null, null, 91, false, [], false, 0, [], null, 0, 1744383432.0525951, 0, {}]
[{"0": [2, 0, 31, 1, 4, 0, 4, 2, 1, 2, 1, 5, 1, 1, 1, 1, 1]}, null, null, 92, false, [], false, 0, [], null, 0, 1744383432.274802, 0, {}]
[{"0": [1, 1, 2, 2, 2, 2, 1, 1, 21, 25, 26, 31, 30, 24, 23, 0, 1]}, null, null, 92, false, [], false, 0, [], null, 0, 1744383432.4965842, 0, {}]
[{"0": [4, 3, 0, 3, 2, 4, 2, 5, 3, 1, 0, 23, 30, 13, 16, 26, 31]}, null, null, 93, false, [], false, 0, [], null, 0, 1744383432.6978922, 0, {}]
[{"0": [1, 1, 1, 21, 30, 21, 30, 2, 3, 3, 0, 0, 3, 3, 3, 3, 3]}, null, null, 93, false, [], false, 0, [], null, 0, 1744383432.9248512, 0, {}]
[{"0": [2, 2, 1, 1, 4, 3, 3, 29, 22, 23, 1, 0, 0, 1, 2, 2, 1]}, null, null, 94, false, [], false, 0, [], null, 0, 1744383433.1417646, 0, {}]
[{"0": [1, 0, 2, 2, 1, 0, 0, 4, 3, 5, 3, 1, 32, 2, 1, 3, 0]}, null, null, 95, false, [], false, 0, [], null, 0, 1744383433.3562465, 0, {}]
[{"0": [4, 0, 4, 2, 25, 3, 1, 1, 3, 2, 1, 3, 1, 2, 3, 3, 2]}, null, null, 95, false, [], false, 0, [], null, 0, 1744383433.5714138, 0, {}]
[{"0": [1, 3, 2, 1, 2, 1, 1, 24, 17, 0, 2, 1, 5, 2, 0, 3, 5]}, null, null, 96, false, [], false, 0, [], null, 0, 1744383433.7943516, 0, {}]
[{"0": [3, 1, 31, 38, 4, 5, 2, 1, 0, 1, 1, 0, 2, 3, 2, 3, 2]}, null, null, 96, false, [], false, 0, [], null, 0, 1744383433.9909527, 0, {}]
[{"0": [0, 0, 1, 28, 2, 2, 2, 0, 4, 0, 3, 1, 1, 3, 0, 1, 1]}, null, null, 97, false, [], false, 0, [], null, 0, 1744383434.2082794, 0, {}]
[{"0": [1, 4, 1, 3, 1, 4, 3, 1, 3, 3, 2, 2, 1, 1, 1, 1, 0]}, null, null, 98, false, [], false, 0, [], null, 0, 1744383434.4395013, 0, {}]
[{"0": [2, 1, 1, 2, 2, 3, 3, 3, 0, 1, 30, 30, 30, 31, 25, 22, 31]}, null, null, 98, false, [], false, 0, [], null, 0, 1744383434.6473167, 0, {}]
[{"0": [1, 2, 4, 0, 2, 1, 2, 4, 3, 2, 23, 27, 32, 33, 34, 30, 23]}, null, null, 99, false, [], false, 0, [], null, 0, 1744383434.877956, 0, {}]
[{"0": [0, 3, 1, 25, 30, 18, 30, 24, 26, 20, 28, 27, 27, 3, 1, 1, 4]}, null, null, 99, false, [], false, 0, [], null, 0, 1744383435.0937989, 0, {}]
[{"0": [2, 4, 0, 4, 4, 0, 2, 2, 1, 3, 1, 1, 2, 27, 24, 35, 21]}, null, null, 100, false, [], false, 0, [], null, 0, 1744383435.3041885, 0, {}]
[{"0": [5, 2, 0, 0, 2, 3, 32, 33, 2, 0, 1, 1, 2, 3, 3, 2, 0]}, null, null, 101, false, [], false, 0, [], null, 0, 1744383435.5325842, 0, {}]
[{"0": [2, 4, 1, 2, 1, 4, 0, 4, 2, 1, 2, 21, 22, 33, 32, 31, 20]}, null, null, 101, false, [], false, 0, [], null, 0, 1744383435.7352858, 0, {}]
[{"0": [0, 3, 5, 0, 1, 0, 22, 16, 18, 1, 4, 4, 2, 5, 1, 5, 1]}, null, null, 102, false, [], false, 0, [], null, 0, 1744383435.9631262, 0, {}]
[{"0": [1, 3, 1, 2, 1, 3, 1, 1, 2, 4, 1, 2, 0, 1, 28, 33, 1]}, null, null, 102, false, [], false, 0, [], null, 0, 1744383436.166976, 0, {}]
[{"0": [1, 0, 3, 0, 6, 1, 25, 26, 24, 4, 1, 0, 1, 4, 1, 4, 4]}, null, null, 103, false, [], false, 0, [], null, 0, 1744383436.3796334, 0, {}]
[{"0": [2, 3, 0, 3, 1, 3, 2, 1, 2, 4, 0, 1, 27, 30, 3, 4, 0]}, null, null, 104, false, [], false, 0, [], null, 0, 1744383436.6053176, 0, {}]
[{"0": [3, 3, 4, 5, 1, 2, 2, 26, 32, 2, 2, 1, 1, 2, 5, 1, 2]}, null, null, 104, false, [], false, 0, [], null, 0, 1744383436.8179154, 0, {}]
[{"0": [29, 3, 1, 1, 4, 2, 1, 0, 1, 2, 1, 1, 2, 5, 2, 2, 2]}, null, null, 105, false, [], false, 0, [], null, 0, 1744383437.035415, 0, {}]
[{"0": [1, 0, 32, 30, 32, 34, 0, 0, 5, 4, 2, 0, 0, 3, 3, 5, 1]}, null, null, 105, false, [], false, 0, [], null, 0, 1744383437.2465813, 0, {}]
[{"0": [1, 1, 35, 32, 29, 26, 37, 26, 29, 19, 2, 1, 0, 2, 0, 0, 2]}, null, null, 106, false, [], false, 0, [], null, 0, 1744383437.4774802, 0, {}]
[{"0": [0, 4, 4, 2, 3, 2, 3, 2, 2, 2, 21, 23, 1, 2, 0, 3, 3]}, null, null, 107, false, [], false, 0, [], null, 0, 1744383437.6916852, 0, {}]
[{"0": [2, 0, 0, 4, 5, 1, 1, 3, 1, 3, 1, 2, 35, 21, 27, 32, 23]}, null, null, 107, false, [], false, 0, [], null, 0, 1744383437.908132, 0, {}]
[{"0": [1, 2, 1, 1, 3, 2, 1, 2, 1, 27, 26, 34, 31, 19, 30, 25, 34]}, null, null, 108, false, [], false, 0, [], null, 0, 1744383438.1210635, 0, {}]
[{"0": [28, 28, 36, 30, 36, 31, 24, 28, 2, 2, 2, 2, 4, 3, 2, 1, 0]}, null, null, 108, false, [], false, 0, [], null, 0, 1744383438.3258421, 0, {}]
[{"0": [26, 5, 0, 2, 1, 1, 4, 3, 3, 2, 3, 1, 1, 0, 0, 1, 2]}, null, null, 109, false, [], false, 0, [], null, 0, 1744383438.5562022, 0, {}]
[{"0": [1, 1, 3, 3, 4, 1, 2, 1, 3, 22, 0, 0, 1, 1, 0, 2, 2]}, null, null, 110, false, [], false, 0, [], null, 0, 1744383438.7697413, 0, {}]
[{"0": [1, 2, 1, 2, 3, 5, 1, 3, 2, 2, 2, 3, 36, 27, 3, 2, 1]}, null, null, 110, false, [], false, 0, [], null, 0, 1744383438.9732547, 0, {}]
[{"0": [1, 2, 5, 1, 0, 4, 0, 2, 2, 1, 2, 1, 1, 2, 2, 18, 31]}, null, null, 111, false, [], false, 0, [], null, 0, 1744383439.1938872, 0, {}]
[{"0": [1, 1, 1, 1, 1, 1, 0, 0, 1, 2, 1, 1, 31, 21, 16, 34, 2]}, null, null, 111, false, [], false, 0, [], null, 0, 1744383439.4259515, 0, {}]
[{"0": [1, 2, 1, 42, 34, 3, 2, 2, 1, 1, 1, 2, 3, 2, 1, 2, 1]}, null, null, 112, false, [], false, 0, [], null, 0, 1744383439.6402974, 0, {}]
[{"0": [26, 30, 29, 23, 26, 28, 31, 21, 27, 31, 23, 1, 2, 2, 1, 2, 3]}, null, null, 113, false, [], false, 0, [], null, 0, 1744383439.8614454, 0, {}]
[{"0": [1, 2, 3, 34, 27, 35, 3, 1, 3, 0, 4, 3, 0, 2, 2, 0, 0]}, null, null, 113, false, [], false, 0, [], null, 0, 1744383440.0748963, 0, {}]
[{"0": [3, 1, 0, 25, 28, 31, 28, 32, 30, 31, 26, 22, 30, 33, 25, 4, 1]}, null, null, 114, false, [], false, 0, [], null, 0, 1744383440.289024, 0, {}]
[{"0": [1, 1, 0, 2, 0, 0, 2, 1, 28, 37, 31, 25, 3, 1, 1, 1, 3]}, null, null, 114, false, [], false, 0, [], null, 0, 1744383440.4932795, 0, {}]
[{"0": [3, 1, 2, 4, 2, 30, 35, 21, 29, 31, 27, 26, 1, 4, 3, 3, 4]}, null, null, 115, false, [], false, 0, [], null, 0, 1744383440.7223368, 0, {}]
[{"0": [0, 2, 5, 3, 2, 1, 1, 4, 0, 3, 2, 1, 0, 5, 0, 29, 24]}, null, null, 116, false, [], false, 0, [], null, 0, 1744383440.9267468, 0, {}]
[{"0": [0, 3, 2, 1, 3, 0, 2, 2, 1, 3, 0, 1, 2, 1, 0, 26, 26]}, null, null, 116, false, [], false, 0, [], null, 0, 1744383441.1571436, 0, {}]
[{"0": [1, 0, 1, 2, 1, 2, 1, 1, 1, 1, 2, 2, 1, 25, 26, 1, 3]}, null, null, 117, false, [], false, 0, [], null, 0, 1744383441.3668187, 0, {}]
[{"0": [0, 4, 2, 2, 2, 2, 2, 2, 4, 0, 2, 1, 4, 3, 36, 20, 26]}, null, null, 117, false, [], false, 0, [], null, 0, 1744383441.5844526, 0, {}]
[{"0": [2, 2, 2, 3, 1, 3, 2, 3, 2, 0, 1, 28, 4, 2, 1, 2, 5]}, null, null, 118, false, [], false, 0, [], null, 0, 1744383441.8116078, 0, {}]
[{"0": [3, 1, 0, 0, 2, 0, 27, 25, 23, 3, 1, 3, 1, 2, 2, 3, 3]}, null, null, 119, false, [], false, 0, [], null, 0, 1744383442.016883, 0, {}]
[{"0": [2, 3, 4, 0, 1, 1, 3, 3, 0, 31, 25, 34, 34, 2, 3, 1, 1]}, null, null, 119, false, [], false, 0, [], null, 0, 1744383442.2406244, 0, {}]
[{"0": [0, 3, 2, 3, 3, 3, 0, 2, 3, 24, 2, 1, 1, 2, 2, 3, 0]}, null, null, 120, false, [], false, 0, [], null, 0, 1744383442.4545083, 0, {}]
[{"0": [23, 19, 30, 25, 3, 1, 5, 1, 0, 2, 1, 4, 1, 0, 2, 4, 1]}, null, null, 120, false, [], false, 0, [], null, 0, 1744383442.6629221, 0, {}]
[{"0": [0, 2, 1, 2, 38, 18, 26, 1, 2, 3, 3, 4, 1, 4, 6, 2, 0]}, null, null, 121, false, [], false, 0, [], null, 0, 1744383442.8779771, 0, {}]
[{"0": [1, 3, 2, 1, 1, 2, 4, 1, 1, 1, 3, 2, 18, 3, 1, 4, 1]}, null, null, 122, false, [], false, 0, [], null, 0, 1744383443.1053855, 0, {}]
[{"0": [4, 2, 3, 0, 4, 1, 3, 33, 1, 2, 2, 2, 1, 3, 3, 4, 2]}, null, null, 122, false, [], false, 0, [], null, 0, 1744383443.3124235, 0, {}]
[{"0": [0, 1, 4, 3, 2, 4, 4, 9, 1, 2, 4, 0, 0, 1, 23, 30, 30]}, null, null, 123, false, [], false, 0, [], null, 0, 1744383443.5431871, 0, {}]
[{"0": [30, 1, 1, 2, 2, 2, 0, 2, 1, 0, 3, 1, 1, 2, 2, 2, 0]}, null, null, 123, false, [], false, 0, [], null, 0, 1744383443.7491648, 0, {}]
[{"0": [3, 1, 2, 3, 0, 3, 2, 1, 1, 31, 28, 4, 1, 1, 4, 2, 2]}, null, null, 124, false, [], false, 0, [], null, 0, 1744383443.9778578, 0, {}]
[{"0": [1, 2, 1, 3, 3, 1, 0, 3, 6, 0, 3, 1, 3, 1, 3, 1, 28]}, null, null, 125, false, [], false, 0, [], null, 0, 1744383444.1937063, 0, {}]
[{"0": [1, 1, 5, 0, 4, 1, 1, 1, 0, 3, 23, 30, 2, 3, 2, 4, 0]}, null, null, 125, false, [], false, 0, [], null, 0, 1744383444.399598, 0, {}]
[{"0": [5, 1, 4, 1, 1, 1, 1, 26, 2, 2, 1, 3, 2, 1, 0, 1, 2]}, null, null, 126, false, [], false, 0, [], null, 0, 1744383444.612733, 0, {}]
[{"0": [2, 2, 1, 2, 0, 0, 2, 4, 2, 2, 2, 2, 3, 2, 3, 1, 2]}, null, null, 127, false, [], false, 0, [], null, 0, 1744383444.8359516, 0, {}]
[{"0": [3, 3, 1, 0, 2, 2, 2, 4, 1, 0, 1, 0, 3, 28, 30, 32, 27]}, null, null, 127, false, [], false, 0, [], null, 0, 1744383445.0528991, 0, {}]
[{"0": [2, 2, 2, 2, 4, 1, 2, 28, 21, 23, 1, 3, 2, 3, 1, 2, 1]}, null, null, 128, false, [], false, 0, [], null, 0, 1744383445.2626774, 0, {}]
[{"0": [2, 5, 4, 1, 0, 1, 0, 2, 2, 35, 21, 30, 1, 2, 3, 1, 3]}, null, null, 128, false, [], false, 0, [], null, 0, 1744383445.4924157, 0, {}]
[{"0": [0, 1, 0, 0, 4, 3, 29, 33, 1, 2, 2, 2, 3, 1, 2, 4, 4]}, null, null, 129, false, [], false, 0, [], null, 0, 1744383445.7072058, 0, {}]
[{"0": [2, 1, 5, 0, 1, 5, 29, 29, 3, 3, 2, 3, 2, 5, 4, 0, 3]}, null, null, 130, false, [], false, 0, [], null, 0, 1744383445.9178638, 0, {}]
[{"0": [1, 0, 0, 1, 2, 1, 3, 0, 1, 7, 0, 1, 3, 1, 19, 25, 25]}, null, null, 130, false, [], false, 0, [], null, 0, 1744383446.1406286, 0, {}]
[{"0": [3, 6, 3, 1, 2, 28, 38, 25, 32, 2, 1, 0, 0, 1, 1, 0, 1]}, null, null, 131, false, [], false, 0, [], null, 0, 1744383446.355391, 0, {}]
[{"0": [1, 2, 0, 1, 2, 33, 22, 43, 1, 2, 2, 3, 1, 3, 2, 1, 2]}, null, null, 131, false, [], false, 0, [], null, 0, 1744383446.5726242, 0, {}]
[{"0": [33, 2, 0, 0, 3, 1, 4, 0, 1, 2, 2, 3, 0, 1, 23, 31, 25]}, null, null, 132, false, [], false, 0, [], null, 0, 1744383446.7859833, 0, {}]
[{"0": [1, 1, 1, 1, 1, 2, 3, 3, 1, 5, 4, 2, 1, 3, 3, 0, 25]}, null, null, 133, false, [], false, 0, [], null, 0, 1744383447.0021162, 0, {}]
[{"0": [0, 3, 1, 6, 1, 0, 0, 0, 27, 1, 1, 3, 0, 1, 2, 0, 1]}, null, null, 133, false, [], false, 0, [], null, 0, 1744383447.2102551, 0, {}]
[{"0": [1, 2, 1, 1, 1, 3, 1, 31, 25, 33, 38, 35, 18, 23, 29, 22, 32]}, null, null, 134, false, [], false, 0, [], null, 0, 1744383447.4268184, 0, {}]
[{"0": [2, 2, 1, 1, 1, 2, 30, 20, 0, 2, 4, 2, 0, 1, 1, 4, 0]}, null, null, 134, false, [], false, 0, [], null, 0, 1744383447.6497636, 0, {}]
[{"0": [0, 2, 29, 39, 33, 26, 1, 0, 0, 1, 3, 1, 0, 2, 4, 1, 1]}, null, null, 135, false, [], false, 0, [], null, 0, 1744383447.857684, 0, {}]
[{"0": [1, 2, 0, 2, 2, 1, 29, 29, 25, 29, 1, 0, 2, 2, 0, 1, 2]}, null, null, 136, false, [], false, 0, [], null, 0, 1744383448.095954, 0, {}]
[{"0": [0, 3, 1, 1, 1, 0, 1, 2, 3, 2, 1, 22, 2, 1, 0, 2, 4]}, null, null, 136, false, [], false, 0, [], null, 0, 1744383448.311604, 0, {}]
[{"0": [3, 1, 4, 1, 1, 2, 3, 1, 0, 4, 1, 1, 2, 3, 6, 0, 2]}, null, null, 137, false, [], false, 0, [], null, 0, 1744383448.523595, 0, {}]
[{"0": [3, 3, 1, 1, 0, 1, 1, 3, 5, 6, 1, 2, 0, 29, 18, 30, 29]}, null, null, 137, false, [], false, 0, [], null, 0, 1744383448.7405055, 0, {}]
[{"0": [1, 4, 1, 1, 2, 4, 1, 2, 23, 30, 24, 35, 0, 1, 3, 2, 1]}, null, null, 138, false, [], false, 0, [], null, 0, 1744383448.9433842, 0, {}]
[{"0": [3, 1, 1, 4, 1, 0, 3, 4, 3, 2, 19, 23, 28, 26, 26, 24, 30]}, null, null, 139, false, [], false, 0, [], null, 0, 1744383449.1758792, 0, {}]
[{"0": [0, 3, 0, 3, 3, 3, 1, 2, 38, 4, 0, 5, 2, 1, 0, 1, 1]}, null, null, 139, false, [], false, 0, [], null, 0, 1744383449.3917427, 0, {}]
[{"0": [31, 24, 28, 33, 0, 1, 2, 3, 3, 4, 0, 2, 3, 2, 4, 3, 2]}, null, null, 140, false, [], false, 0, [], null, 0, 1744383449.6126235, 0, {}]
[{"0": [6, 0, 2, 1, 4, 1, 27, 20, 29, 4, 6, 2, 1, 2, 3, 4, 2]}, null, null, 140, false, [], false, 0, [], null, 0, 1744383449.812866, 0, {}]
[{"0": [2, 3, 2, 3, 0, 2, 0, 1, 1, 1, 2, 1, 5, 1, 25, 1, 0]}, null, null, 141, false, [], false, 0, [], null, 0, 1744383450.0321147, 0, {}]
[{"0": [3, 2, 2, 5, 1, 3, 2, 2, 2, 0, 1, 2, 30, 23, 23, 25, 21]}, null, null, 142, false, [], false, 0, [], null, 0, 1744383450.2511065, 0, {}]
[{"0": [4, 0, 2, 0, 3, 3, 3, 0, 0, 34, 26, 3, 4, 2, 1, 2, 0]}, null, null, 142, false, [], false, 0, [], null, 0, 1744383450.472404, 0, {}]
[{"0": [25, 27, 23, 1, 1, 1, 1, 4, 2, 0, 4, 3, 1, 6, 3, 1, 1]}, null, null, 143, false, [], false, 0, [], null, 0, 1744383450.6846218, 0, {}]
[{"0": [1, 2, 0, 5, 1, 4, 2, 0, 2, 0, 1, 1, 1, 4, 2, 2, 1]}, null, null, 143, false, [], false, 0, [], null, 0, 1744383450.9106197, 0, {}]
[{"0": [4, 1, 0, 1, 1, 2, 0, 4, 3, 2, 32, 24, 33, 23, 32, 26, 19]}, null, null, 144, false, [], false, 0, [], null, 0, 1744383451.1157434, 0, {}]
[{"0": [2, 0, 2, 1, 0, 1, 2, 2, 2, 32, 1, 2, 3, 0, 2, 1, 3]}, null, null, 145, false, [], false, 0, [], null, 0, 1744383451.3338528, 0, {}]
[{"0": [1, 1, 0, 1, 0, 2, 3, 2, 0, 1, 2, 1, 3, 4, 5, 4, 1]}, null, null, 145, false, [], false, 0, [], null, 0, 1744383451.5496607, 0, {}]
[{"0": [1, 1, 2, 4, 2, 2, 1, 2, 3, 0, 3, 2, 1, 1, 4, 21, 16]}, null, null, 146, false, [], false, 0, [], null, 0, 1744383451.7707145, 0, {}]
[{"0": [0, 2, 32, 28, 27, 26, 36, 26, 25, 33, 38, 20, 24, 31, 3, 0, 2]}, null, null, 146, false, [], false, 0, [], null, 0, 1744383451.9961808, 0, {}]
[{"0": [1, 3, 2, 4, 2, 0, 0, 4, 30, 25, 21, 22, 24, 19, 3, 2, 4]}, null, null, 147, false, [], false, 0, [], null, 0, 1744383452.1995082, 0, {}]
[{"0": [0, 0, 2, 3, 1, 4, 2, 0, 4, 5, 2, 0, 2, 0, 3, 3, 28]}, null, null, 148, false, [], false, 0, [], null, 0, 1744383452.4198585, 0, {}]
[{"0": [4, 0, 1, 2, 0, 1, 4, 3, 2, 4, 1, 2, 1, 3, 1, 4, 24]}, null, null, 148, false, [], false, 0, [], null, 0, 1744383452.6362653, 0, {}]
[{"0": [1, 2, 4, 19, 25, 26, 30, 33, 29, 26, 19, 29, 31, 32, 23, 31, 32]}, null, null, 149, false, [], false, 0, [], null, 0, 1744383452.8477726, 0, {}]
[{"0": [0, 0, 1, 3, 28, 29, 27, 30, 25, 30, 30, 27, 31, 25, 20, 25, 22]}, null, null, 149, false, [], false, 0, [], null, 0, 1744383453.0617695, 0, {}]
[{"0": [0, 2, 2, 1, 2, 3, 4, 1, 1, 0, 2, 5, 3, 0, 2, 4, 32]}, null, null, 150, true, [], false, 0, [], null, 0, 1744383453.2770488, 0, {}]
