[{"0": [2, 0, 1, 2, 1, 3, 1, 1, 20, 26, 38, 23, 1, 0, 1, 5, 1]}, null, null, 0, false, [], false, 0, [], null, 0, 1744375403.6780062, 0, {}]
[{"0": [2, 0, 3, 2, 1, 1, 1, 5, 2, 0, 3, 3, 1, 3, 4, 4, 29]}, null, null, 1, false, [], false, 0, [], null, 0, 1744375403.922005, 0, {}]
[{"0": [26, 1, 3, 1, 0, 1, 1, 2, 2, 2, 3, 2, 1, 0, 3, 0, 4]}, null, null, 1, false, [], false, 0, [], null, 0, 1744375404.1264405, 0, {}]
[{"0": [2, 3, 24, 1, 4, 1, 3, 2, 3, 2, 1, 1, 2, 1, 0, 6, 1]}, null, null, 2, false, [], false, 0, [], null, 0, 1744375404.3395681, 0, {}]
[{"0": [2, 3, 1, 3, 3, 2, 2, 3, 2, 2, 2, 31, 23, 29, 23, 2, 0]}, null, null, 2, false, [], false, 0, [], null, 0, 1744375404.553243, 0, {}]
[{"0": [2, 7, 1, 1, 2, 3, 3, 31, 3, 1, 1, 0, 1, 0, 2, 1, 3]}, null, null, 3, false, [], false, 0, [], null, 0, 1744375404.7683024, 0, {}]
[{"0": [0, 4, 2, 1, 0, 1, 2, 0, 0, 1, 0, 2, 0, 2, 1, 2, 25]}, null, null, 4, false, [], false, 0, [], null, 0, 1744375404.9819257, 0, {}]
[{"0": [2, 3, 3, 3, 4, 2, 2, 0, 2, 1, 1, 2, 3, 28, 2, 1, 1]}, null, null, 4, false, [], false, 0, [], null, 0, 1744375405.2154236, 0, {}]
[{"0": [1, 36, 3, 2, 3, 4, 2, 1, 0, 4, 2, 1, 0, 2, 3, 0, 2]}, null, null, 5, false, [], false, 0, [], null, 0, 1744375405.4206665, 0, {}]
[{"0": [2, 2, 1, 2, 0, 0, 1, 1, 2, 3, 2, 3, 1, 2, 1, 6, 5]}, null, null, 5, false, [], false, 0, [], null, 0, 1744375405.651253, 0, {}]
[{"0": [1, 0, 0, 3, 1, 4, 2, 2, 0, 2, 30, 29, 0, 0, 1, 0, 1]}, null, null, 6, false, [], false, 0, [], null, 0, 1744375405.872388, 0, {}]
[{"0": [3, 0, 1, 2, 4, 2, 32, 32, 0, 1, 1, 35, 22, 35, 28, 28, 0]}, null, null, 7, false, [], false, 0, [], null, 0, 1744375406.079156, 0, {}]
[{"0": [1, 2, 0, 2, 1, 2, 3, 2, 2, 1, 3, 6, 2, 1, 2, 0, 3]}, null, null, 7, false, [], false, 0, [], null, 0, 1744375406.2964277, 0, {}]
[{"0": [2, 1, 2, 2, 1, 0, 1, 3, 2, 0, 3, 0, 2, 2, 1, 1, 2]}, null, null, 8, false, [], false, 0, [], null, 0, 1744375406.506432, 0, {}]
[{"0": [1, 2, 1, 2, 1, 0, 4, 3, 0, 4, 0, 2, 2, 5, 1, 3, 1]}, null, null, 8, false, [], false, 0, [], null, 0, 1744375406.7132084, 0, {}]
[{"0": [2, 0, 2, 4, 1, 2, 2, 3, 2, 1, 4, 2, 26, 1, 1, 2, 0]}, null, null, 9, false, [], false, 0, [], null, 0, 1744375406.9305334, 0, {}]
[{"0": [1, 28, 26, 1, 5, 2, 1, 6, 1, 2, 1, 3, 1, 5, 4, 2, 3]}, null, null, 10, false, [], false, 0, [], null, 0, 1744375407.1670144, 0, {}]
[{"0": [22, 38, 33, 24, 4, 2, 4, 4, 2, 2, 1, 1, 1, 1, 2, 1, 3]}, null, null, 10, false, [], false, 0, [], null, 0, 1744375407.3632042, 0, {}]
[{"0": [3, 4, 2, 1, 3, 3, 4, 0, 3, 30, 25, 0, 0, 5, 4, 5, 6]}, null, null, 11, false, [], false, 0, [], null, 0, 1744375407.5922828, 0, {}]
[{"0": [2, 0, 3, 1, 2, 2, 1, 24, 27, 25, 27, 25, 1, 1, 2, 2, 0]}, null, null, 11, false, [], false, 0, [], null, 0, 1744375407.8110046, 0, {}]
[{"0": [1, 2, 0, 0, 24, 2, 2, 2, 1, 2, 1, 2, 2, 2, 3, 0, 0]}, null, null, 12, false, [], false, 0, [], null, 0, 1744375408.0381622, 0, {}]
[{"0": [1, 0, 4, 5, 2, 2, 3, 4, 2, 1, 3, 0, 1, 0, 5, 2, 3]}, null, null, 13, false, [], false, 0, [], null, 0, 1744375408.23324, 0, {}]
[{"0": [27, 22, 36, 28, 22, 25, 22, 23, 24, 32, 24, 28, 25, 24, 32, 2, 0]}, null, null, 13, false, [], false, 0, [], null, 0, 1744375408.4625452, 0, {}]
[{"0": [24, 0, 1, 3, 1, 3, 0, 3, 2, 1, 1, 0, 1, 0, 0, 2, 3]}, null, null, 14, false, [], false, 0, [], null, 0, 1744375408.6698222, 0, {}]
[{"0": [3, 20, 27, 4, 3, 3, 3, 2, 0, 1, 4, 1, 1, 1, 3, 2, 1]}, null, null, 14, false, [], false, 0, [], null, 0, 1744375408.87985, 0, {}]
[{"0": [3, 2, 1, 1, 1, 3, 0, 1, 3, 4, 31, 29, 3, 3, 1, 2, 0]}, null, null, 15, false, [], false, 0, [], null, 0, 1744375409.1057005, 0, {}]
[{"0": [32, 3, 0, 0, 3, 1, 0, 2, 1, 1, 2, 0, 2, 0, 3, 2, 1]}, null, null, 16, false, [], false, 0, [], null, 0, 1744375409.3189843, 0, {}]
[{"0": [1, 4, 25, 28, 23, 25, 31, 24, 3, 0, 1, 2, 1, 2, 2, 2, 1]}, null, null, 16, false, [], false, 0, [], null, 0, 1744375409.5385623, 0, {}]
[{"0": [2, 4, 2, 1, 3, 2, 1, 1, 3, 4, 2, 1, 1, 2, 3, 24, 16]}, null, null, 17, false, [], false, 0, [], null, 0, 1744375409.769081, 0, {}]
[{"0": [1, 24, 32, 37, 29, 4, 2, 2, 3, 7, 4, 1, 3, 1, 1, 1, 1]}, null, null, 17, false, [], false, 0, [], null, 0, 1744375409.975587, 0, {}]
[{"0": [2, 36, 25, 4, 1, 2, 2, 4, 0, 3, 1, 4, 5, 1, 0, 2, 1]}, null, null, 18, false, [], false, 0, [], null, 0, 1744375410.1968784, 0, {}]
[{"0": [0, 3, 4, 27, 24, 20, 22, 17, 29, 1, 7, 1, 7, 3, 0, 1, 2]}, null, null, 19, false, [], false, 0, [], null, 0, 1744375410.4029703, 0, {}]
[{"0": [1, 0, 0, 1, 4, 3, 1, 3, 30, 20, 34, 31, 2, 2, 0, 1, 2]}, null, null, 19, false, [], false, 0, [], null, 0, 1744375410.6269202, 0, {}]
[{"0": [3, 3, 41, 20, 26, 22, 42, 27, 3, 1, 5, 1, 3, 4, 1, 3, 1]}, null, null, 20, false, [], false, 0, [], null, 0, 1744375410.8382077, 0, {}]
[{"0": [3, 1, 2, 1, 3, 2, 1, 1, 0, 32, 18, 22, 25, 25, 35, 4, 3]}, null, null, 20, false, [], false, 0, [], null, 0, 1744375411.0621002, 0, {}]
[{"0": [1, 1, 1, 3, 8, 0, 3, 3, 4, 32, 37, 2, 2, 2, 3, 2, 0]}, null, null, 21, false, [], false, 0, [], null, 0, 1744375411.2772884, 0, {}]
[{"0": [3, 23, 22, 25, 23, 22, 0, 1, 2, 2, 1, 2, 3, 3, 5, 0, 3]}, null, null, 22, false, [], false, 0, [], null, 0, 1744375411.5002987, 0, {}]
[{"0": [2, 27, 1, 2, 3, 0, 0, 2, 2, 1, 3, 0, 3, 3, 1, 1, 5]}, null, null, 22, false, [], false, 0, [], null, 0, 1744375411.7196178, 0, {}]
[{"0": [0, 0, 2, 1, 2, 0, 1, 2, 4, 3, 2, 1, 3, 3, 2, 3, 21]}, null, null, 23, false, [], false, 0, [], null, 0, 1744375411.9259818, 0, {}]
[{"0": [4, 1, 3, 4, 2, 3, 0, 4, 1, 3, 0, 5, 1, 2, 0, 3, 0]}, null, null, 23, false, [], false, 0, [], null, 0, 1744375412.15525, 0, {}]
[{"0": [0, 2, 1, 2, 0, 0, 4, 0, 2, 1, 21, 22, 25, 0, 0, 0, 1]}, null, null, 24, false, [], false, 0, [], null, 0, 1744375412.3667736, 0, {}]
[{"0": [2, 29, 17, 20, 1, 1, 2, 5, 3, 4, 1, 0, 3, 3, 2, 3, 1]}, null, null, 25, false, [], false, 0, [], null, 0, 1744375412.584018, 0, {}]
[{"0": [0, 3, 0, 1, 1, 1, 0, 2, 1, 0, 1, 7, 2, 3, 1, 1, 1]}, null, null, 25, false, [], false, 0, [], null, 0, 1744375412.795024, 0, {}]
[{"0": [1, 0, 3, 0, 3, 3, 0, 0, 29, 40, 23, 13, 26, 26, 1, 1, 3]}, null, null, 26, false, [], false, 0, [], null, 0, 1744375413.004062, 0, {}]
[{"0": [2, 5, 3, 31, 28, 33, 24, 28, 21, 21, 20, 0, 2, 0, 3, 2, 0]}, null, null, 27, false, [], false, 0, [], null, 0, 1744375413.2141285, 0, {}]
[{"0": [3, 2, 4, 5, 2, 3, 26, 24, 23, 1, 2, 2, 4, 2, 1, 1, 4]}, null, null, 27, false, [], false, 0, [], null, 0, 1744375413.4471736, 0, {}]
[{"0": [3, 1, 4, 1, 2, 3, 2, 1, 0, 1, 2, 26, 19, 1, 1, 5, 3]}, null, null, 28, false, [], false, 0, [], null, 0, 1744375413.6593664, 0, {}]
[{"0": [2, 1, 0, 2, 4, 2, 4, 38, 25, 22, 24, 25, 2, 2, 2, 1, 2]}, null, null, 28, false, [], false, 0, [], null, 0, 1744375413.8655343, 0, {}]
[{"0": [3, 25, 4, 2, 2, 3, 0, 0, 0, 2, 0, 2, 3, 2, 2, 0, 1]}, null, null, 29, false, [], false, 0, [], null, 0, 1744375414.0861027, 0, {}]
[{"0": [2, 32, 24, 22, 0, 3, 2, 1, 3, 0, 2, 5, 2, 3, 3, 3, 1]}, null, null, 30, false, [], false, 0, [], null, 0, 1744375414.2941785, 0, {}]
[{"0": [2, 3, 21, 23, 2, 1, 4, 2, 0, 0, 1, 2, 1, 0, 1, 1, 1]}, null, null, 30, false, [], false, 0, [], null, 0, 1744375414.525298, 0, {}]
[{"0": [24, 38, 3, 4, 0, 3, 2, 2, 3, 2, 2, 2, 2, 1, 3, 0, 3]}, null, null, 31, false, [], false, 0, [], null, 0, 1744375414.7354515, 0, {}]
[{"0": [5, 0, 25, 30, 3, 3, 2, 5, 3, 2, 4, 2, 3, 2, 0, 0, 3]}, null, null, 31, false, [], false, 0, [], null, 0, 1744375414.9629664, 0, {}]
[{"0": [1, 1, 4, 1, 1, 0, 3, 2, 1, 1, 2, 36, 3, 3, 0, 3, 3]}, null, null, 32, false, [], false, 0, [], null, 0, 1744375415.1749916, 0, {}]
[{"0": [0, 2, 4, 4, 1, 2, 2, 1, 1, 3, 2, 2, 1, 35, 23, 1, 5]}, null, null, 33, false, [], false, 0, [], null, 0, 1744375415.4011745, 0, {}]
[{"0": [22, 33, 30, 19, 29, 21, 2, 2, 1, 1, 1, 0, 1, 3, 0, 2, 2]}, null, null, 33, false, [], false, 0, [], null, 0, 1744375415.6002789, 0, {}]
[{"0": [0, 29, 35, 25, 28, 22, 28, 31, 30, 24, 3, 1, 1, 2, 2, 0, 1]}, null, null, 34, false, [], false, 0, [], null, 0, 1744375415.8228483, 0, {}]
[{"0": [3, 3, 3, 1, 1, 2, 2, 4, 1, 1, 24, 21, 26, 16, 36, 29, 26]}, null, null, 34, false, [], false, 0, [], null, 0, 1744375416.0446494, 0, {}]
[{"0": [3, 1, 2, 2, 2, 2, 5, 2, 0, 2, 1, 1, 1, 1, 3, 34, 21]}, null, null, 35, false, [], false, 0, [], null, 0, 1744375416.2661476, 0, {}]
[{"0": [0, 0, 30, 26, 35, 22, 1, 0, 1, 0, 2, 2, 0, 0, 2, 2, 0]}, null, null, 36, false, [], false, 0, [], null, 0, 1744375416.4660342, 0, {}]
[{"0": [4, 1, 1, 1, 3, 4, 1, 1, 3, 2, 29, 25, 33, 33, 41, 17, 18]}, null, null, 36, false, [], false, 0, [], null, 0, 1744375416.6843405, 0, {}]
[{"0": [3, 1, 0, 1, 3, 2, 2, 3, 1, 0, 28, 23, 20, 19, 20, 20, 25]}, null, null, 37, false, [], false, 0, [], null, 0, 1744375416.90896, 0, {}]
[{"0": [29, 24, 29, 20, 25, 1, 0, 1, 3, 1, 3, 3, 2, 2, 2, 0, 3]}, null, null, 37, false, [], false, 0, [], null, 0, 1744375417.1211224, 0, {}]
[{"0": [1, 1, 1, 2, 2, 3, 2, 6, 3, 2, 2, 0, 1, 0, 1, 0, 29]}, null, null, 38, false, [], false, 0, [], null, 0, 1744375417.3285675, 0, {}]
[{"0": [2, 2, 0, 3, 0, 2, 2, 0, 2, 17, 23, 26, 0, 1, 2, 5, 1]}, null, null, 39, false, [], false, 0, [], null, 0, 1744375417.557726, 0, {}]
[{"0": [3, 31, 1, 3, 5, 1, 4, 0, 1, 3, 3, 0, 1, 1, 3, 3, 1]}, null, null, 39, false, [], false, 0, [], null, 0, 1744375417.7730496, 0, {}]
[{"0": [2, 2, 0, 1, 4, 1, 2, 0, 4, 31, 24, 28, 26, 21, 2, 2, 4]}, null, null, 40, false, [], false, 0, [], null, 0, 1744375417.986016, 0, {}]
[{"0": [1, 5, 1, 1, 3, 30, 24, 24, 20, 35, 2, 2, 1, 5, 1, 1, 4]}, null, null, 40, false, [], false, 0, [], null, 0, 1744375418.2050617, 0, {}]
[{"0": [2, 3, 34, 19, 0, 0, 2, 0, 2, 1, 2, 0, 5, 2, 6, 1, 0]}, null, null, 41, false, [], false, 0, [], null, 0, 1744375418.4125488, 0, {}]
[{"0": [2, 1, 1, 4, 0, 40, 37, 1, 1, 3, 2, 2, 0, 1, 2, 2, 3]}, null, null, 42, false, [], false, 0, [], null, 0, 1744375418.6414418, 0, {}]
[{"0": [0, 1, 3, 1, 3, 2, 2, 1, 3, 0, 30, 29, 1, 3, 3, 3, 1]}, null, null, 42, false, [], false, 0, [], null, 0, 1744375418.8549008, 0, {}]
[{"0": [0, 3, 2, 2, 2, 1, 4, 3, 0, 2, 1, 2, 4, 3, 3, 2, 0]}, null, null, 43, false, [], false, 0, [], null, 0, 1744375419.0732741, 0, {}]
[{"0": [4, 1, 24, 21, 1, 1, 2, 1, 4, 1, 3, 2, 1, 3, 3, 2, 1]}, null, null, 43, false, [], false, 0, [], null, 0, 1744375419.29482, 0, {}]
[{"0": [2, 3, 27, 24, 28, 18, 27, 29, 31, 25, 27, 16, 29, 46, 26, 34, 36]}, null, null, 44, false, [], false, 0, [], null, 0, 1744375419.4979966, 0, {}]
[{"0": [0, 4, 19, 2, 1, 0, 3, 3, 1, 4, 2, 2, 5, 1, 2, 2, 0]}, null, null, 45, false, [], false, 0, [], null, 0, 1744375419.7291038, 0, {}]
[{"0": [0, 5, 3, 1, 1, 2, 0, 1, 0, 0, 29, 22, 3, 2, 3, 2, 0]}, null, null, 45, false, [], false, 0, [], null, 0, 1744375419.936668, 0, {}]
[{"0": [1, 3, 1, 1, 4, 0, 3, 4, 2, 2, 1, 22, 24, 16, 34, 0, 0]}, null, null, 46, false, [], false, 0, [], null, 0, 1744375420.163512, 0, {}]
[{"0": [1, 0, 0, 1, 3, 2, 1, 1, 1, 25, 18, 20, 31, 21, 25, 38, 25]}, null, null, 46, false, [], false, 0, [], null, 0, 1744375420.3687997, 0, {}]
[{"0": [1, 1, 3, 1, 23, 20, 3, 1, 2, 1, 2, 3, 0, 2, 2, 3, 2]}, null, null, 47, false, [], false, 0, [], null, 0, 1744375420.5842998, 0, {}]
[{"0": [0, 2, 0, 17, 1, 3, 4, 0, 2, 1, 3, 2, 2, 3, 1, 6, 3]}, null, null, 48, false, [], false, 0, [], null, 0, 1744375420.7967002, 0, {}]
[{"0": [3, 3, 3, 2, 2, 1, 2, 1, 1, 1, 1, 1, 1, 2, 25, 30, 27]}, null, null, 48, false, [], false, 0, [], null, 0, 1744375421.026602, 0, {}]
[{"0": [3, 3, 3, 1, 5, 27, 29, 30, 28, 2, 1, 3, 1, 1, 3, 1, 3]}, null, null, 49, false, [], false, 0, [], null, 0, 1744375421.2390664, 0, {}]
[{"0": [1, 3, 2, 2, 1, 1, 4, 2, 2, 2, 1, 1, 1, 4, 1, 36, 22]}, null, null, 49, false, [], false, 0, [], null, 0, 1744375421.4602864, 0, {}]
[{"0": [2, 3, 1, 4, 1, 0, 3, 3, 1, 3, 32, 27, 26, 28, 28, 30, 25]}, null, null, 50, false, [], false, 0, [], null, 0, 1744375421.6670582, 0, {}]
[{"0": [0, 30, 28, 2, 0, 1, 3, 0, 2, 4, 2, 1, 3, 0, 2, 1, 2]}, null, null, 51, false, [], false, 0, [], null, 0, 1744375421.8969054, 0, {}]
[{"0": [2, 2, 4, 1, 2, 1, 0, 3, 5, 30, 24, 25, 33, 18, 19, 22, 21]}, null, null, 51, false, [], false, 0, [], null, 0, 1744375422.1002893, 0, {}]
[{"0": [3, 0, 0, 3, 4, 4, 2, 0, 21, 25, 0, 3, 1, 1, 2, 3, 2]}, null, null, 52, false, [], false, 0, [], null, 0, 1744375422.3177128, 0, {}]
[{"0": [1, 2, 2, 4, 2, 2, 3, 3, 5, 22, 27, 30, 28, 31, 28, 27, 27]}, null, null, 52, false, [], false, 0, [], null, 0, 1744375422.5362756, 0, {}]
[{"0": [1, 1, 2, 0, 2, 3, 0, 2, 3, 3, 6, 2, 2, 0, 3, 0, 2]}, null, null, 53, false, [], false, 0, [], null, 0, 1744375422.75673, 0, {}]
[{"0": [29, 28, 3, 2, 2, 0, 0, 3, 2, 3, 1, 3, 2, 2, 4, 0, 4]}, null, null, 54, false, [], false, 0, [], null, 0, 1744375422.9598608, 0, {}]
[{"0": [2, 2, 0, 2, 2, 2, 3, 3, 3, 4, 2, 4, 2, 6, 2, 1, 1]}, null, null, 54, false, [], false, 0, [], null, 0, 1744375423.1825902, 0, {}]
[{"0": [3, 1, 0, 5, 2, 2, 3, 31, 32, 28, 35, 31, 30, 31, 31, 41, 28]}, null, null, 55, false, [], false, 0, [], null, 0, 1744375423.3932164, 0, {}]
[{"0": [3, 4, 3, 1, 2, 1, 1, 5, 1, 1, 6, 2, 1, 2, 2, 5, 2]}, null, null, 55, false, [], false, 0, [], null, 0, 1744375423.610793, 0, {}]
[{"0": [0, 24, 33, 2, 2, 1, 2, 1, 2, 2, 0, 3, 2, 5, 3, 2, 1]}, null, null, 56, false, [], false, 0, [], null, 0, 1744375423.8330822, 0, {}]
[{"0": [4, 1, 1, 4, 3, 2, 3, 3, 2, 0, 4, 1, 1, 6, 1, 24, 30]}, null, null, 57, false, [], false, 0, [], null, 0, 1744375424.0563018, 0, {}]
[{"0": [1, 1, 23, 28, 28, 21, 0, 4, 1, 2, 0, 3, 1, 1, 2, 2, 2]}, null, null, 57, false, [], false, 0, [], null, 0, 1744375424.2644668, 0, {}]
[{"0": [1, 1, 7, 1, 29, 27, 32, 24, 28, 3, 2, 2, 1, 2, 3, 2, 1]}, null, null, 58, false, [], false, 0, [], null, 0, 1744375424.4813092, 0, {}]
[{"0": [2, 29, 30, 2, 1, 1, 4, 0, 1, 3, 1, 1, 2, 2, 6, 1, 4]}, null, null, 58, false, [], false, 0, [], null, 0, 1744375424.7119844, 0, {}]
[{"0": [1, 1, 1, 3, 3, 1, 4, 5, 3, 2, 25, 32, 29, 29, 20, 29, 22]}, null, null, 59, false, [], false, 0, [], null, 0, 1744375424.912711, 0, {}]
[{"0": [1, 2, 3, 3, 0, 1, 1, 2, 1, 26, 0, 0, 0, 4, 1, 6, 2]}, null, null, 60, false, [], false, 0, [], null, 0, 1744375425.1263418, 0, {}]
[{"0": [2, 0, 3, 0, 2, 2, 0, 3, 1, 1, 1, 5, 1, 0, 2, 0, 26]}, null, null, 60, false, [], false, 0, [], null, 0, 1744375425.3420691, 0, {}]
[{"0": [1, 2, 4, 1, 5, 1, 0, 2, 18, 22, 23, 26, 23, 23, 24, 28, 23]}, null, null, 61, false, [], false, 0, [], null, 0, 1744375425.5706403, 0, {}]
[{"0": [5, 40, 26, 34, 36, 23, 24, 20, 29, 1, 2, 2, 1, 0, 3, 1, 0]}, null, null, 61, false, [], false, 0, [], null, 0, 1744375425.7918863, 0, {}]
[{"0": [6, 4, 1, 1, 2, 4, 1, 1, 7, 3, 2, 25, 0, 2, 3, 1, 0]}, null, null, 62, false, [], false, 0, [], null, 0, 1744375425.9974995, 0, {}]
[{"0": [2, 1, 0, 4, 0, 3, 1, 0, 3, 2, 1, 1, 1, 0, 3, 2, 27]}, null, null, 63, false, [], false, 0, [], null, 0, 1744375426.2299004, 0, {}]
[{"0": [1, 3, 20, 24, 35, 20, 20, 32, 30, 32, 26, 1, 1, 2, 4, 1, 1]}, null, null, 63, false, [], false, 0, [], null, 0, 1744375426.4453166, 0, {}]
[{"0": [5, 0, 2, 1, 2, 0, 2, 31, 29, 27, 33, 24, 28, 25, 26, 38, 30]}, null, null, 64, false, [], false, 0, [], null, 0, 1744375426.6555252, 0, {}]
[{"0": [1, 2, 4, 1, 2, 1, 2, 0, 1, 23, 24, 23, 34, 28, 18, 22, 25]}, null, null, 64, false, [], false, 0, [], null, 0, 1744375426.8680673, 0, {}]
[{"0": [1, 24, 27, 23, 30, 28, 28, 0, 2, 3, 3, 5, 5, 2, 1, 0, 2]}, null, null, 65, false, [], false, 0, [], null, 0, 1744375427.089159, 0, {}]
[{"0": [1, 2, 36, 34, 40, 31, 37, 29, 36, 4, 1, 0, 0, 1, 2, 3, 1]}, null, null, 66, false, [], false, 0, [], null, 0, 1744375427.2930357, 0, {}]
[{"0": [0, 0, 1, 2, 4, 2, 0, 2, 1, 2, 0, 27, 32, 28, 34, 3, 3]}, null, null, 66, false, [], false, 0, [], null, 0, 1744375427.5129418, 0, {}]
[{"0": [3, 4, 2, 22, 26, 25, 27, 35, 25, 20, 22, 0, 0, 3, 0, 1, 2]}, null, null, 67, false, [], false, 0, [], null, 0, 1744375427.7256556, 0, {}]
[{"0": [4, 1, 3, 3, 1, 2, 2, 2, 37, 35, 29, 38, 26, 3, 1, 3, 0]}, null, null, 67, false, [], false, 0, [], null, 0, 1744375427.944709, 0, {}]
[{"0": [2, 0, 4, 0, 0, 2, 4, 0, 3, 1, 0, 1, 2, 2, 3, 31, 32]}, null, null, 68, false, [], false, 0, [], null, 0, 1744375428.1651397, 0, {}]
[{"0": [1, 2, 1, 3, 1, 0, 2, 2, 2, 4, 4, 2, 4, 6, 2, 2, 2]}, null, null, 69, false, [], false, 0, [], null, 0, 1744375428.3828158, 0, {}]
[{"0": [5, 4, 3, 4, 1, 0, 0, 2, 2, 25, 23, 29, 37, 24, 36, 26, 30]}, null, null, 69, false, [], false, 0, [], null, 0, 1744375428.608447, 0, {}]
[{"0": [1, 1, 1, 2, 1, 1, 2, 1, 2, 0, 25, 26, 3, 0, 3, 3, 1]}, null, null, 70, false, [], false, 0, [], null, 0, 1744375428.808204, 0, {}]
[{"0": [1, 0, 4, 3, 1, 2, 3, 0, 3, 3, 1, 37, 2, 2, 1, 2, 0]}, null, null, 70, false, [], false, 0, [], null, 0, 1744375429.0208817, 0, {}]
[{"0": [3, 3, 0, 2, 0, 1, 27, 24, 2, 2, 3, 0, 5, 1, 0, 3, 3]}, null, null, 71, false, [], false, 0, [], null, 0, 1744375429.2431238, 0, {}]
[{"0": [3, 2, 6, 2, 2, 2, 2, 0, 2, 4, 4, 24, 1, 1, 3, 0, 3]}, null, null, 72, false, [], false, 0, [], null, 0, 1744375429.4634097, 0, {}]
[{"0": [4, 32, 2, 0, 3, 1, 3, 3, 2, 0, 2, 2, 0, 4, 0, 2, 3]}, null, null, 72, false, [], false, 0, [], null, 0, 1744375429.6755714, 0, {}]
[{"0": [1, 0, 3, 29, 30, 25, 2, 2, 4, 0, 1, 4, 3, 0, 1, 2, 5]}, null, null, 73, false, [], false, 0, [], null, 0, 1744375429.9057739, 0, {}]
[{"0": [34, 34, 38, 3, 0, 3, 2, 1, 2, 1, 1, 1, 1, 0, 2, 1, 2]}, null, null, 73, false, [], false, 0, [], null, 0, 1744375430.1158054, 0, {}]
[{"0": [2, 3, 2, 5, 3, 0, 3, 1, 1, 33, 19, 25, 25, 27, 23, 28, 25]}, null, null, 74, false, [], false, 0, [], null, 0, 1744375430.331164, 0, {}]
[{"0": [0, 3, 2, 1, 1, 5, 2, 2, 1, 1, 0, 35, 1, 1, 1, 2, 0]}, null, null, 75, false, [], false, 0, [], null, 0, 1744375430.541821, 0, {}]
[{"0": [1, 0, 0, 3, 5, 3, 3, 2, 2, 2, 1, 2, 3, 4, 1, 1, 0]}, null, null, 75, false, [], false, 0, [], null, 0, 1744375430.757869, 0, {}]
[{"0": [0, 1, 2, 3, 1, 4, 3, 0, 2, 1, 2, 20, 1, 1, 3, 1, 3]}, null, null, 76, false, [], false, 0, [], null, 0, 1744375430.9838219, 0, {}]
[{"0": [2, 1, 2, 2, 1, 2, 1, 34, 28, 32, 28, 35, 33, 26, 2, 1, 2]}, null, null, 77, false, [], false, 0, [], null, 0, 1744375431.195709, 0, {}]
[{"0": [31, 25, 23, 32, 24, 19, 0, 4, 2, 0, 0, 1, 1, 2, 1, 1, 3]}, null, null, 77, false, [], false, 0, [], null, 0, 1744375431.4143937, 0, {}]
[{"0": [22, 28, 29, 33, 24, 39, 34, 1, 1, 1, 3, 2, 1, 2, 0, 1, 2]}, null, null, 78, false, [], false, 0, [], null, 0, 1744375431.6259556, 0, {}]
[{"0": [0, 2, 2, 4, 3, 0, 1, 3, 34, 1, 2, 0, 2, 1, 0, 1, 0]}, null, null, 78, false, [], false, 0, [], null, 0, 1744375431.8494582, 0, {}]
[{"0": [3, 25, 4, 2, 5, 1, 2, 2, 1, 2, 0, 1, 3, 1, 0, 0, 5]}, null, null, 79, false, [], false, 0, [], null, 0, 1744375432.063386, 0, {}]
[{"0": [0, 3, 26, 23, 25, 35, 25, 30, 2, 2, 2, 0, 2, 4, 2, 2, 1]}, null, null, 80, false, [], false, 0, [], null, 0, 1744375432.2799397, 0, {}]
[{"0": [2, 3, 1, 2, 0, 5, 0, 3, 4, 2, 1, 2, 4, 32, 0, 2, 2]}, null, null, 80, false, [], false, 0, [], null, 0, 1744375432.5069494, 0, {}]
[{"0": [16, 26, 29, 29, 35, 26, 21, 35, 0, 1, 2, 2, 2, 1, 3, 1, 1]}, null, null, 81, false, [], false, 0, [], null, 0, 1744375432.7085578, 0, {}]
[{"0": [3, 4, 2, 5, 3, 2, 2, 0, 2, 1, 2, 24, 24, 31, 18, 26, 29]}, null, null, 81, false, [], false, 0, [], null, 0, 1744375432.9257858, 0, {}]
[{"0": [2, 2, 31, 28, 27, 28, 27, 0, 2, 0, 1, 0, 2, 5, 1, 3, 1]}, null, null, 82, false, [], false, 0, [], null, 0, 1744375433.1629102, 0, {}]
[{"0": [2, 3, 2, 0, 1, 3, 2, 2, 4, 3, 30, 24, 38, 44, 24, 2, 2]}, null, null, 83, false, [], false, 0, [], null, 0, 1744375433.3626232, 0, {}]
[{"0": [2, 0, 1, 2, 1, 2, 2, 0, 23, 29, 19, 33, 30, 24, 27, 34, 17]}, null, null, 83, false, [], false, 0, [], null, 0, 1744375433.5771208, 0, {}]
[{"0": [3, 3, 2, 1, 0, 2, 2, 3, 3, 3, 0, 1, 1, 1, 1, 2, 1]}, null, null, 84, false, [], false, 0, [], null, 0, 1744375433.8098524, 0, {}]
[{"0": [33, 24, 36, 25, 24, 22, 30, 27, 31, 26, 29, 34, 30, 27, 31, 27, 17]}, null, null, 84, false, [], false, 0, [], null, 0, 1744375434.0170765, 0, {}]
[{"0": [5, 1, 2, 1, 1, 1, 2, 1, 4, 0, 19, 1, 1, 5, 1, 2, 1]}, null, null, 85, false, [], false, 0, [], null, 0, 1744375434.234244, 0, {}]
[{"0": [1, 4, 1, 1, 1, 3, 24, 31, 16, 23, 27, 20, 24, 26, 37, 2, 1]}, null, null, 86, false, [], false, 0, [], null, 0, 1744375434.4476638, 0, {}]
[{"0": [0, 2, 2, 1, 24, 35, 28, 23, 27, 24, 1, 2, 3, 1, 5, 3, 1]}, null, null, 86, false, [], false, 0, [], null, 0, 1744375434.666223, 0, {}]
[{"0": [3, 0, 1, 0, 3, 1, 3, 2, 1, 0, 31, 31, 35, 35, 30, 17, 30]}, null, null, 87, false, [], false, 0, [], null, 0, 1744375434.8756008, 0, {}]
[{"0": [1, 22, 36, 28, 34, 23, 0, 2, 3, 0, 2, 1, 6, 1, 2, 5, 2]}, null, null, 87, false, [], false, 0, [], null, 0, 1744375435.0969756, 0, {}]
[{"0": [0, 0, 3, 2, 0, 3, 3, 0, 0, 0, 35, 2, 4, 2, 1, 0, 1]}, null, null, 88, false, [], false, 0, [], null, 0, 1744375435.3126707, 0, {}]
[{"0": [2, 1, 1, 2, 1, 0, 2, 2, 2, 5, 2, 24, 22, 24, 27, 30, 35]}, null, null, 89, false, [], false, 0, [], null, 0, 1744375435.532352, 0, {}]
[{"0": [3, 2, 2, 30, 32, 20, 27, 27, 0, 2, 2, 2, 1, 3, 2, 2, 1]}, null, null, 89, false, [], false, 0, [], null, 0, 1744375435.7451234, 0, {}]
[{"0": [1, 0, 2, 1, 3, 33, 36, 22, 3, 1, 0, 0, 3, 4, 3, 2, 2]}, null, null, 90, false, [], false, 0, [], null, 0, 1744375435.9613802, 0, {}]
[{"0": [1, 27, 1, 3, 0, 3, 1, 3, 0, 1, 1, 0, 4, 0, 3, 1, 1]}, null, null, 90, false, [], false, 0, [], null, 0, 1744375436.1792388, 0, {}]
[{"0": [1, 0, 4, 2, 1, 0, 25, 27, 25, 2, 3, 0, 0, 0, 0, 1, 0]}, null, null, 91, false, [], false, 0, [], null, 0, 1744375436.3915806, 0, {}]
[{"0": [2, 25, 34, 21, 35, 2, 1, 2, 2, 5, 1, 2, 4, 1, 1, 1, 0]}, null, null, 92, false, [], false, 0, [], null, 0, 1744375436.620766, 0, {}]
[{"0": [3, 0, 0, 2, 0, 3, 3, 2, 0, 2, 24, 1, 4, 3, 2, 5, 0]}, null, null, 92, false, [], false, 0, [], null, 0, 1744375436.8199089, 0, {}]
[{"0": [0, 1, 2, 21, 24, 26, 33, 28, 23, 0, 1, 0, 2, 1, 1, 2, 2]}, null, null, 93, false, [], false, 0, [], null, 0, 1744375437.0563278, 0, {}]
[{"0": [2, 1, 0, 1, 4, 3, 2, 3, 1, 1, 1, 2, 0, 1, 1, 22, 32]}, null, null, 93, false, [], false, 0, [], null, 0, 1744375437.2524412, 0, {}]
[{"0": [1, 4, 1, 1, 4, 1, 1, 1, 1, 29, 28, 32, 22, 35, 27, 23, 3]}, null, null, 94, false, [], false, 0, [], null, 0, 1744375437.4814343, 0, {}]
[{"0": [2, 0, 1, 2, 0, 2, 1, 2, 2, 2, 0, 22, 2, 0, 1, 2, 0]}, null, null, 95, false, [], false, 0, [], null, 0, 1744375437.6907082, 0, {}]
[{"0": [1, 3, 2, 2, 0, 0, 3, 3, 1, 2, 2, 1, 3, 0, 2, 0, 27]}, null, null, 95, false, [], false, 0, [], null, 0, 1744375437.9072807, 0, {}]
[{"0": [1, 24, 2, 2, 0, 2, 0, 2, 3, 8, 0, 2, 4, 3, 0, 2, 2]}, null, null, 96, false, [], false, 0, [], null, 0, 1744375438.1331742, 0, {}]
[{"0": [2, 1, 0, 1, 1, 31, 41, 2, 0, 3, 3, 3, 2, 1, 2, 1, 2]}, null, null, 96, false, [], false, 0, [], null, 0, 1744375438.347412, 0, {}]
[{"0": [1, 5, 1, 2, 2, 2, 2, 0, 0, 27, 18, 2, 1, 0, 3, 3, 2]}, null, null, 97, false, [], false, 0, [], null, 0, 1744375438.5569263, 0, {}]
[{"0": [2, 26, 2, 0, 1, 1, 2, 1, 1, 1, 1, 2, 4, 3, 5, 2, 0]}, null, null, 98, false, [], false, 0, [], null, 0, 1744375438.7759488, 0, {}]
[{"0": [2, 37, 0, 1, 4, 1, 9, 1, 0, 1, 2, 1, 4, 1, 2, 1, 1]}, null, null, 98, false, [], false, 0, [], null, 0, 1744375439.0087497, 0, {}]
[{"0": [1, 2, 0, 0, 1, 2, 0, 0, 2, 2, 1, 4, 2, 23, 44, 28, 24]}, null, null, 99, false, [], false, 0, [], null, 0, 1744375439.2147233, 0, {}]
[{"0": [3, 24, 1, 2, 3, 3, 5, 1, 2, 0, 3, 0, 4, 2, 2, 0, 1]}, null, null, 99, false, [], false, 0, [], null, 0, 1744375439.4378352, 0, {}]
[{"0": [3, 0, 1, 1, 1, 2, 2, 5, 2, 27, 33, 4, 4, 2, 2, 3, 0]}, null, null, 100, false, [], false, 0, [], null, 0, 1744375439.6449735, 0, {}]
[{"0": [0, 6, 0, 1, 3, 2, 5, 0, 3, 2, 0, 1, 1, 22, 25, 0, 2]}, null, null, 101, false, [], false, 0, [], null, 0, 1744375439.8626442, 0, {}]
[{"0": [3, 0, 2, 2, 3, 3, 4, 2, 2, 3, 1, 1, 3, 2, 0, 3, 33]}, null, null, 101, false, [], false, 0, [], null, 0, 1744375440.0836968, 0, {}]
[{"0": [2, 1, 1, 1, 2, 3, 3, 28, 33, 28, 24, 27, 25, 3, 4, 3, 2]}, null, null, 102, false, [], false, 0, [], null, 0, 1744375440.2990196, 0, {}]
[{"0": [3, 2, 34, 4, 3, 0, 2, 2, 4, 1, 2, 0, 1, 1, 2, 1, 2]}, null, null, 102, false, [], false, 0, [], null, 0, 1744375440.5209796, 0, {}]
[{"0": [3, 2, 3, 0, 5, 2, 2, 0, 3, 0, 26, 21, 30, 27, 31, 22, 22]}, null, null, 103, false, [], false, 0, [], null, 0, 1744375440.7321503, 0, {}]
[{"0": [28, 23, 16, 5, 3, 2, 1, 2, 2, 2, 1, 0, 3, 1, 2, 1, 3]}, null, null, 104, false, [], false, 0, [], null, 0, 1744375440.9455614, 0, {}]
[{"0": [1, 1, 29, 0, 1, 4, 1, 2, 3, 2, 1, 2, 3, 1, 2, 2, 0]}, null, null, 104, false, [], false, 0, [], null, 0, 1744375441.1699805, 0, {}]
[{"0": [3, 6, 2, 3, 36, 2, 3, 1, 3, 1, 1, 3, 2, 4, 0, 1, 2]}, null, null, 105, false, [], false, 0, [], null, 0, 1744375441.377394, 0, {}]
[{"0": [3, 1, 1, 2, 0, 1, 5, 14, 20, 29, 5, 1, 2, 1, 1, 3, 3]}, null, null, 105, false, [], false, 0, [], null, 0, 1744375441.5881824, 0, {}]
[{"0": [2, 1, 21, 26, 36, 18, 25, 16, 22, 19, 28, 3, 0, 3, 2, 1, 5]}, null, null, 106, false, [], false, 0, [], null, 0, 1744375441.8060436, 0, {}]
[{"0": [3, 5, 0, 4, 2, 4, 0, 1, 4, 25, 3, 3, 3, 2, 4, 1, 0]}, null, null, 107, false, [], false, 0, [], null, 0, 1744375442.0406516, 0, {}]
[{"0": [0, 0, 1, 24, 36, 2, 2, 0, 3, 2, 3, 1, 1, 4, 2, 1, 0]}, null, null, 107, false, [], false, 0, [], null, 0, 1744375442.2441754, 0, {}]
[{"0": [4, 3, 2, 2, 4, 3, 2, 2, 2, 2, 32, 0, 0, 1, 1, 1, 1]}, null, null, 108, false, [], false, 0, [], null, 0, 1744375442.47684, 0, {}]
[{"0": [2, 2, 22, 35, 31, 1, 1, 0, 2, 2, 2, 3, 3, 5, 2, 1, 3]}, null, null, 108, false, [], false, 0, [], null, 0, 1744375442.692199, 0, {}]
[{"0": [1, 2, 1, 1, 3, 35, 29, 29, 32, 29, 30, 31, 36, 26, 26, 28, 22]}, null, null, 109, false, [], false, 0, [], null, 0, 1744375442.904439, 0, {}]
[{"0": [4, 4, 2, 2, 1, 0, 2, 1, 1, 27, 1, 4, 1, 1, 1, 3, 3]}, null, null, 110, false, [], false, 0, [], null, 0, 1744375443.117467, 0, {}]
[{"0": [1, 3, 3, 1, 1, 3, 1, 22, 20, 23, 29, 23, 28, 31, 24, 48, 47]}, null, null, 110, false, [], false, 0, [], null, 0, 1744375443.3291364, 0, {}]
[{"0": [2, 0, 2, 4, 1, 1, 2, 20, 1, 1, 1, 0, 2, 2, 0, 5, 2]}, null, null, 111, false, [], false, 0, [], null, 0, 1744375443.5443287, 0, {}]
[{"0": [2, 1, 28, 23, 21, 20, 25, 39, 1, 3, 2, 2, 1, 1, 0, 2, 0]}, null, null, 111, false, [], false, 0, [], null, 0, 1744375443.7565315, 0, {}]
[{"0": [3, 31, 4, 2, 1, 5, 0, 0, 5, 1, 2, 3, 3, 1, 1, 1, 1]}, null, null, 112, false, [], false, 0, [], null, 0, 1744375443.9878335, 0, {}]
[{"0": [3, 1, 1, 0, 1, 27, 3, 2, 0, 0, 0, 3, 2, 1, 0, 0, 2]}, null, null, 113, false, [], false, 0, [], null, 0, 1744375444.2050529, 0, {}]
[{"0": [24, 26, 2, 0, 1, 3, 1, 2, 5, 2, 1, 4, 1, 2, 1, 5, 1]}, null, null, 113, false, [], false, 0, [], null, 0, 1744375444.4078271, 0, {}]
[{"0": [3, 32, 33, 25, 23, 25, 27, 3, 3, 2, 2, 2, 1, 0, 3, 4, 3]}, null, null, 114, false, [], false, 0, [], null, 0, 1744375444.6248958, 0, {}]
[{"0": [18, 24, 3, 1, 1, 0, 3, 2, 1, 1, 2, 1, 1, 2, 3, 1, 2]}, null, null, 114, false, [], false, 0, [], null, 0, 1744375444.8362772, 0, {}]
[{"0": [1, 2, 4, 1, 1, 3, 3, 2, 2, 1, 30, 28, 21, 33, 26, 18, 19]}, null, null, 115, false, [], false, 0, [], null, 0, 1744375445.0726748, 0, {}]
[{"0": [2, 1, 0, 5, 4, 2, 3, 1, 4, 3, 2, 28, 35, 42, 26, 35, 21]}, null, null, 116, false, [], false, 0, [], null, 0, 1744375445.2906685, 0, {}]
[{"0": [1, 6, 0, 0, 1, 1, 3, 6, 26, 29, 23, 4, 4, 2, 2, 2, 2]}, null, null, 116, false, [], false, 0, [], null, 0, 1744375445.4957993, 0, {}]
[{"0": [3, 1, 1, 32, 37, 34, 26, 21, 29, 30, 4, 4, 2, 2, 1, 2, 0]}, null, null, 117, false, [], false, 0, [], null, 0, 1744375445.7223775, 0, {}]
[{"0": [2, 2, 0, 3, 1, 37, 23, 22, 27, 31, 29, 20, 25, 3, 2, 2, 2]}, null, null, 117, false, [], false, 0, [], null, 0, 1744375445.922714, 0, {}]
[{"0": [3, 1, 1, 2, 2, 27, 29, 30, 21, 36, 33, 32, 19, 23, 36, 28, 27]}, null, null, 118, false, [], false, 0, [], null, 0, 1744375446.13877, 0, {}]
[{"0": [3, 1, 3, 2, 3, 2, 2, 3, 27, 3, 1, 3, 2, 0, 0, 0, 4]}, null, null, 119, false, [], false, 0, [], null, 0, 1744375446.357884, 0, {}]
[{"0": [1, 0, 3, 0, 5, 0, 1, 0, 1, 2, 1, 28, 29, 32, 0, 3, 1]}, null, null, 119, false, [], false, 0, [], null, 0, 1744375446.5800967, 0, {}]
[{"0": [4, 24, 33, 29, 24, 25, 22, 23, 1, 0, 2, 2, 3, 1, 2, 2, 3]}, null, null, 120, false, [], false, 0, [], null, 0, 1744375446.7942731, 0, {}]
[{"0": [0, 3, 2, 0, 3, 1, 1, 2, 2, 2, 1, 3, 1, 3, 6, 0, 25]}, null, null, 120, false, [], false, 0, [], null, 0, 1744375447.0256042, 0, {}]
[{"0": [1, 4, 32, 36, 25, 24, 5, 2, 2, 1, 3, 1, 2, 3, 2, 1, 0]}, null, null, 121, false, [], false, 0, [], null, 0, 1744375447.2319593, 0, {}]
[{"0": [1, 1, 1, 3, 1, 4, 3, 1, 2, 2, 3, 1, 1, 6, 2, 28, 36]}, null, null, 122, false, [], false, 0, [], null, 0, 1744375447.4588768, 0, {}]
[{"0": [1, 4, 4, 2, 3, 4, 2, 2, 0, 1, 37, 28, 30, 28, 25, 25, 0]}, null, null, 122, false, [], false, 0, [], null, 0, 1744375447.67722, 0, {}]
[{"0": [6, 32, 28, 35, 29, 23, 29, 26, 1, 6, 2, 3, 2, 2, 0, 1, 0]}, null, null, 123, false, [], false, 0, [], null, 0, 1744375447.8901308, 0, {}]
[{"0": [2, 3, 2, 33, 2, 2, 3, 1, 0, 2, 0, 3, 3, 1, 2, 1, 4]}, null, null, 123, false, [], false, 0, [], null, 0, 1744375448.112304, 0, {}]
[{"0": [2, 2, 2, 1, 4, 1, 2, 2, 2, 2, 2, 1, 12, 25, 21, 23, 2]}, null, null, 124, false, [], false, 0, [], null, 0, 1744375448.3115327, 0, {}]
[{"0": [3, 3, 21, 3, 1, 2, 2, 1, 0, 6, 2, 3, 1, 0, 1, 3, 3]}, null, null, 125, false, [], false, 0, [], null, 0, 1744375448.529801, 0, {}]
[{"0": [0, 1, 1, 1, 3, 3, 2, 3, 1, 1, 1, 0, 1, 2, 2, 2, 34]}, null, null, 125, false, [], false, 0, [], null, 0, 1744375448.747776, 0, {}]
[{"0": [1, 2, 23, 33, 24, 3, 1, 3, 0, 0, 0, 3, 3, 1, 1, 0, 2]}, null, null, 126, false, [], false, 0, [], null, 0, 1744375448.974278, 0, {}]
[{"0": [2, 0, 2, 2, 5, 2, 3, 0, 1, 2, 2, 3, 3, 5, 1, 1, 1]}, null, null, 127, false, [], false, 0, [], null, 0, 1744375449.1871252, 0, {}]
[{"0": [4, 3, 1, 1, 3, 3, 3, 0, 0, 2, 27, 18, 25, 35, 34, 38, 2]}, null, null, 127, false, [], false, 0, [], null, 0, 1744375449.3936396, 0, {}]
[{"0": [3, 1, 2, 0, 2, 1, 3, 2, 5, 25, 27, 21, 31, 26, 29, 26, 21]}, null, null, 128, false, [], false, 0, [], null, 0, 1744375449.6146863, 0, {}]
[{"0": [1, 2, 1, 3, 3, 2, 3, 24, 29, 2, 2, 0, 1, 1, 2, 6, 1]}, null, null, 128, false, [], false, 0, [], null, 0, 1744375449.8297274, 0, {}]
[{"0": [1, 4, 5, 0, 2, 2, 3, 1, 1, 35, 3, 3, 2, 1, 4, 2, 0]}, null, null, 129, false, [], false, 0, [], null, 0, 1744375450.0540397, 0, {}]
[{"0": [1, 4, 4, 2, 1, 2, 0, 2, 1, 1, 3, 0, 0, 1, 0, 1, 2]}, null, null, 130, false, [], false, 0, [], null, 0, 1744375450.2686622, 0, {}]
[{"0": [4, 27, 26, 31, 27, 0, 1, 1, 3, 3, 6, 1, 3, 1, 1, 0, 4]}, null, null, 130, false, [], false, 0, [], null, 0, 1744375450.470547, 0, {}]
[{"0": [2, 2, 1, 0, 1, 2, 5, 2, 2, 3, 1, 0, 35, 26, 33, 28, 24]}, null, null, 131, false, [], false, 0, [], null, 0, 1744375450.70033, 0, {}]
[{"0": [2, 1, 4, 1, 3, 1, 1, 2, 3, 0, 0, 0, 1, 1, 2, 30, 25]}, null, null, 131, false, [], false, 0, [], null, 0, 1744375450.9048402, 0, {}]
[{"0": [0, 34, 0, 2, 1, 0, 2, 2, 0, 0, 3, 1, 1, 0, 3, 2, 2]}, null, null, 132, false, [], false, 0, [], null, 0, 1744375451.1305342, 0, {}]
[{"0": [4, 2, 0, 2, 3, 2, 1, 1, 0, 3, 3, 2, 2, 1, 3, 3, 4]}, null, null, 133, false, [], false, 0, [], null, 0, 1744375451.3425689, 0, {}]
[{"0": [4, 3, 0, 2, 2, 3, 1, 0, 2, 29, 0, 4, 3, 1, 2, 2, 3]}, null, null, 133, false, [], false, 0, [], null, 0, 1744375451.578233, 0, {}]
[{"0": [1, 1, 1, 2, 0, 29, 31, 23, 3, 2, 1, 2, 1, 0, 3, 0, 2]}, null, null, 134, false, [], false, 0, [], null, 0, 1744375451.7879114, 0, {}]
[{"0": [1, 0, 2, 3, 4, 26, 24, 25, 31, 28, 25, 28, 39, 28, 28, 36, 28]}, null, null, 134, false, [], false, 0, [], null, 0, 1744375451.999962, 0, {}]
[{"0": [3, 0, 2, 28, 25, 26, 29, 30, 28, 23, 0, 1, 4, 0, 4, 1, 2]}, null, null, 135, false, [], false, 0, [], null, 0, 1744375452.227956, 0, {}]
[{"0": [0, 2, 0, 3, 1, 1, 4, 2, 3, 0, 2, 1, 5, 2, 0, 3, 2]}, null, null, 136, false, [], false, 0, [], null, 0, 1744375452.4313414, 0, {}]
[{"0": [1, 4, 1, 2, 4, 2, 3, 0, 23, 20, 26, 31, 22, 1, 1, 1, 1]}, null, null, 136, false, [], false, 0, [], null, 0, 1744375452.6487393, 0, {}]
[{"0": [1, 2, 3, 27, 0, 2, 1, 0, 2, 1, 3, 2, 2, 3, 3, 1, 1]}, null, null, 137, false, [], false, 0, [], null, 0, 1744375452.8805277, 0, {}]
[{"0": [1, 0, 1, 0, 2, 1, 2, 3, 4, 1, 4, 2, 2, 3, 3, 18, 21]}, null, null, 137, false, [], false, 0, [], null, 0, 1744375453.0889697, 0, {}]
[{"0": [1, 3, 1, 0, 0, 3, 3, 0, 4, 2, 1, 31, 22, 35, 2, 4, 0]}, null, null, 138, false, [], false, 0, [], null, 0, 1744375453.3078256, 0, {}]
[{"0": [3, 2, 4, 4, 5, 2, 0, 0, 2, 5, 25, 27, 2, 1, 0, 0, 3]}, null, null, 139, false, [], false, 0, [], null, 0, 1744375453.517551, 0, {}]
[{"0": [1, 4, 2, 2, 1, 3, 4, 1, 3, 2, 5, 25, 25, 25, 27, 22, 32]}, null, null, 139, false, [], false, 0, [], null, 0, 1744375453.7245789, 0, {}]
[{"0": [1, 23, 0, 2, 2, 4, 2, 3, 4, 3, 0, 1, 1, 3, 2, 0, 1]}, null, null, 140, false, [], false, 0, [], null, 0, 1744375453.9446483, 0, {}]
[{"0": [2, 3, 3, 0, 1, 26, 21, 23, 29, 28, 20, 28, 27, 20, 24, 32, 28]}, null, null, 140, false, [], false, 0, [], null, 0, 1744375454.1557243, 0, {}]
[{"0": [0, 2, 0, 2, 1, 1, 1, 2, 2, 1, 0, 3, 1, 6, 1, 1, 1]}, null, null, 141, false, [], false, 0, [], null, 0, 1744375454.3960638, 0, {}]
[{"0": [1, 3, 2, 3, 2, 1, 2, 2, 2, 4, 2, 27, 38, 26, 19, 40, 31]}, null, null, 142, false, [], false, 0, [], null, 0, 1744375454.6027775, 0, {}]
[{"0": [2, 2, 0, 2, 2, 1, 2, 33, 28, 23, 23, 30, 25, 19, 24, 22, 28]}, null, null, 142, false, [], false, 0, [], null, 0, 1744375454.8165371, 0, {}]
[{"0": [2, 6, 3, 2, 2, 3, 2, 2, 3, 0, 32, 2, 1, 3, 3, 2, 1]}, null, null, 143, false, [], false, 0, [], null, 0, 1744375455.0348241, 0, {}]
[{"0": [2, 4, 2, 1, 4, 2, 3, 1, 1, 3, 2, 3, 2, 2, 3, 3, 22]}, null, null, 143, false, [], false, 0, [], null, 0, 1744375455.2570724, 0, {}]
[{"0": [1, 1, 2, 2, 0, 0, 1, 1, 1, 2, 2, 2, 1, 3, 2, 3, 1]}, null, null, 144, false, [], false, 0, [], null, 0, 1744375455.4613543, 0, {}]
[{"0": [1, 5, 34, 24, 26, 0, 2, 0, 0, 1, 1, 1, 1, 2, 1, 3, 2]}, null, null, 145, false, [], false, 0, [], null, 0, 1744375455.6946917, 0, {}]
[{"0": [5, 0, 19, 0, 2, 5, 1, 2, 3, 2, 6, 3, 2, 2, 2, 1, 0]}, null, null, 145, false, [], false, 0, [], null, 0, 1744375455.900774, 0, {}]
[{"0": [1, 30, 4, 2, 1, 2, 0, 1, 4, 3, 1, 0, 4, 0, 1, 1, 2]}, null, null, 146, false, [], false, 0, [], null, 0, 1744375456.110601, 0, {}]
[{"0": [0, 34, 29, 29, 38, 27, 22, 24, 17, 32, 29, 25, 33, 31, 4, 4, 1]}, null, null, 146, false, [], false, 0, [], null, 0, 1744375456.343265, 0, {}]
[{"0": [25, 28, 27, 2, 0, 2, 2, 4, 1, 2, 1, 3, 1, 1, 0, 3, 0]}, null, null, 147, false, [], false, 0, [], null, 0, 1744375456.558852, 0, {}]
[{"0": [2, 3, 30, 18, 32, 33, 26, 31, 37, 23, 34, 26, 28, 27, 31, 31, 27]}, null, null, 148, false, [], false, 0, [], null, 0, 1744375456.7565858, 0, {}]
[{"0": [2, 23, 30, 40, 28, 31, 30, 35, 3, 3, 2, 2, 1, 3, 0, 3, 3]}, null, null, 148, false, [], false, 0, [], null, 0, 1744375456.9871027, 0, {}]
[{"0": [1, 0, 3, 0, 2, 2, 2, 1, 1, 1, 3, 2, 36, 32, 31, 1, 3]}, null, null, 149, false, [], false, 0, [], null, 0, 1744375457.2029145, 0, {}]
[{"0": [2, 1, 4, 3, 2, 1, 0, 1, 1, 27, 27, 26, 40, 29, 24, 33, 30]}, null, null, 149, false, [], false, 0, [], null, 0, 1744375457.4183092, 0, {}]
[{"0": [2, 1, 3, 2, 0, 26, 21, 4, 1, 2, 0, 3, 4, 5, 3, 3, 4]}, null, null, 150, true, [], false, 0, [], null, 0, 1744375457.6189487, 0, {}]
