[{"0": [0, 5, 1, 2, 1, 2, 2, 2, 0, 0, 0, 2, 4, 3, 2, 3, 21]}, null, null, 0, false, [], false, 0, [], null, 0, 1744379220.6850743, 0, {}]
[{"0": [0, 2, 1, 0, 2, 1, 3, 0, 2, 2, 1, 0, 2, 4, 1, 3, 27]}, null, null, 1, false, [], false, 0, [], null, 0, 1744379220.9182875, 0, {}]
[{"0": [1, 1, 0, 1, 0, 4, 3, 1, 2, 0, 0, 1, 20, 27, 19, 32, 21]}, null, null, 1, false, [], false, 0, [], null, 0, 1744379221.1262534, 0, {}]
[{"0": [2, 0, 6, 2, 0, 1, 1, 2, 27, 23, 30, 3, 0, 1, 1, 0, 1]}, null, null, 2, false, [], false, 0, [], null, 0, 1744379221.3603675, 0, {}]
[{"0": [1, 3, 2, 26, 24, 0, 1, 3, 0, 1, 2, 2, 0, 2, 2, 2, 3]}, null, null, 2, false, [], false, 0, [], null, 0, 1744379221.5656848, 0, {}]
[{"0": [2, 1, 3, 1, 4, 0, 0, 4, 2, 29, 22, 2, 0, 5, 1, 2, 3]}, null, null, 3, false, [], false, 0, [], null, 0, 1744379221.78744, 0, {}]
[{"0": [5, 3, 1, 1, 3, 2, 2, 0, 31, 1, 5, 3, 3, 2, 1, 2, 1]}, null, null, 4, false, [], false, 0, [], null, 0, 1744379222.0085962, 0, {}]
[{"0": [3, 0, 2, 3, 1, 1, 1, 1, 28, 29, 27, 35, 31, 19, 31, 19, 37]}, null, null, 4, false, [], false, 0, [], null, 0, 1744379222.225489, 0, {}]
[{"0": [28, 26, 35, 4, 2, 1, 1, 0, 1, 1, 3, 0, 5, 0, 0, 3, 1]}, null, null, 5, false, [], false, 0, [], null, 0, 1744379222.434781, 0, {}]
[{"0": [2, 0, 1, 1, 3, 2, 1, 4, 3, 32, 27, 31, 28, 32, 27, 34, 31]}, null, null, 5, false, [], false, 0, [], null, 0, 1744379222.6562335, 0, {}]
[{"0": [2, 2, 1, 4, 3, 1, 36, 28, 31, 28, 29, 25, 35, 26, 38, 30, 38]}, null, null, 6, false, [], false, 0, [], null, 0, 1744379222.86978, 0, {}]
[{"0": [2, 0, 3, 4, 2, 1, 0, 1, 7, 2, 0, 3, 2, 0, 24, 24, 4]}, null, null, 7, false, [], false, 0, [], null, 0, 1744379223.0916562, 0, {}]
[{"0": [3, 1, 4, 2, 2, 2, 2, 1, 2, 2, 1, 2, 5, 1, 3, 1, 0]}, null, null, 7, false, [], false, 0, [], null, 0, 1744379223.3048258, 0, {}]
[{"0": [1, 4, 2, 4, 5, 3, 1, 0, 3, 1, 2, 0, 2, 26, 1, 1, 2]}, null, null, 8, false, [], false, 0, [], null, 0, 1744379223.5271232, 0, {}]
[{"0": [3, 2, 0, 4, 1, 1, 2, 2, 2, 1, 0, 1, 2, 2, 1, 2, 33]}, null, null, 8, false, [], false, 0, [], null, 0, 1744379223.738696, 0, {}]
[{"0": [1, 2, 2, 36, 24, 27, 37, 28, 1, 7, 1, 3, 2, 8, 2, 2, 3]}, null, null, 9, false, [], false, 0, [], null, 0, 1744379223.9572723, 0, {}]
[{"0": [2, 1, 2, 1, 2, 0, 2, 2, 1, 0, 0, 30, 4, 0, 3, 2, 3]}, null, null, 10, false, [], false, 0, [], null, 0, 1744379224.1688917, 0, {}]
[{"0": [2, 3, 4, 0, 35, 25, 1, 0, 0, 3, 2, 4, 2, 3, 2, 2, 5]}, null, null, 10, false, [], false, 0, [], null, 0, 1744379224.3898094, 0, {}]
[{"0": [33, 29, 27, 23, 26, 24, 24, 30, 26, 21, 24, 20, 2, 6, 0, 4, 0]}, null, null, 11, false, [], false, 0, [], null, 0, 1744379224.605601, 0, {}]
[{"0": [0, 1, 1, 2, 2, 5, 2, 1, 3, 2, 1, 1, 1, 4, 28, 22, 1]}, null, null, 11, false, [], false, 0, [], null, 0, 1744379224.8178122, 0, {}]
[{"0": [2, 2, 1, 2, 2, 0, 0, 4, 2, 1, 2, 24, 25, 33, 27, 29, 22]}, null, null, 12, false, [], false, 0, [], null, 0, 1744379225.032339, 0, {}]
[{"0": [0, 3, 0, 4, 1, 26, 23, 27, 6, 1, 2, 4, 0, 2, 0, 4, 0]}, null, null, 13, false, [], false, 0, [], null, 0, 1744379225.250071, 0, {}]
[{"0": [3, 2, 0, 2, 1, 35, 1, 5, 3, 2, 1, 2, 2, 3, 1, 2, 3]}, null, null, 13, false, [], false, 0, [], null, 0, 1744379225.468895, 0, {}]
[{"0": [1, 0, 1, 1, 2, 0, 2, 27, 3, 4, 2, 1, 1, 1, 2, 2, 4]}, null, null, 14, false, [], false, 0, [], null, 0, 1744379225.6974242, 0, {}]
[{"0": [0, 3, 4, 2, 1, 24, 24, 2, 3, 2, 3, 2, 4, 2, 1, 5, 2]}, null, null, 14, false, [], false, 0, [], null, 0, 1744379225.90704, 0, {}]
[{"0": [2, 1, 2, 1, 1, 2, 3, 27, 18, 3, 4, 1, 3, 1, 2, 1, 2]}, null, null, 15, false, [], false, 0, [], null, 0, 1744379226.1146185, 0, {}]
[{"0": [2, 4, 2, 2, 2, 3, 0, 2, 1, 22, 29, 30, 34, 27, 0, 3, 4]}, null, null, 16, false, [], false, 0, [], null, 0, 1744379226.3415556, 0, {}]
[{"0": [0, 1, 0, 1, 2, 0, 0, 2, 2, 1, 2, 2, 3, 3, 2, 0, 22]}, null, null, 16, false, [], false, 0, [], null, 0, 1744379226.5450807, 0, {}]
[{"0": [2, 1, 0, 0, 3, 2, 0, 2, 2, 1, 1, 3, 5, 3, 1, 0, 31]}, null, null, 17, false, [], false, 0, [], null, 0, 1744379226.7663655, 0, {}]
[{"0": [1, 2, 1, 0, 0, 3, 1, 2, 1, 2, 0, 1, 1, 18, 25, 41, 25]}, null, null, 17, false, [], false, 0, [], null, 0, 1744379226.974344, 0, {}]
[{"0": [3, 2, 4, 0, 31, 25, 28, 44, 25, 4, 0, 0, 2, 0, 0, 1, 1]}, null, null, 18, false, [], false, 0, [], null, 0, 1744379227.193088, 0, {}]
[{"0": [3, 2, 0, 21, 23, 21, 30, 35, 22, 21, 22, 29, 27, 37, 24, 5, 1]}, null, null, 19, false, [], false, 0, [], null, 0, 1744379227.4105551, 0, {}]
[{"0": [2, 2, 4, 3, 3, 19, 31, 29, 1, 1, 4, 3, 2, 2, 3, 0, 1]}, null, null, 19, false, [], false, 0, [], null, 0, 1744379227.6284964, 0, {}]
[{"0": [2, 0, 1, 2, 2, 0, 2, 3, 3, 2, 2, 1, 2, 0, 3, 0, 22]}, null, null, 20, false, [], false, 0, [], null, 0, 1744379227.8660717, 0, {}]
[{"0": [31, 2, 2, 1, 1, 2, 3, 0, 0, 25, 32, 35, 31, 3, 2, 2, 0]}, null, null, 20, false, [], false, 0, [], null, 0, 1744379228.0724669, 0, {}]
[{"0": [1, 4, 1, 1, 3, 1, 2, 1, 1, 2, 39, 1, 2, 2, 2, 1, 3]}, null, null, 21, false, [], false, 0, [], null, 0, 1744379228.2823062, 0, {}]
[{"0": [4, 2, 1, 1, 0, 3, 0, 0, 0, 2, 0, 1, 0, 27, 32, 27, 22]}, null, null, 22, false, [], false, 0, [], null, 0, 1744379228.5063744, 0, {}]
[{"0": [3, 2, 2, 2, 3, 5, 1, 3, 1, 0, 1, 2, 2, 1, 0, 1, 1]}, null, null, 22, false, [], false, 0, [], null, 0, 1744379228.7105467, 0, {}]
[{"0": [1, 1, 7, 1, 1, 6, 1, 1, 4, 23, 3, 1, 2, 1, 3, 4, 1]}, null, null, 23, false, [], false, 0, [], null, 0, 1744379228.9390433, 0, {}]
[{"0": [3, 0, 0, 4, 2, 3, 3, 1, 4, 2, 2, 1, 28, 23, 32, 28, 28]}, null, null, 23, false, [], false, 0, [], null, 0, 1744379229.1474724, 0, {}]
[{"0": [3, 4, 2, 1, 1, 2, 2, 0, 2, 2, 1, 1, 2, 3, 3, 2, 3]}, null, null, 24, false, [], false, 0, [], null, 0, 1744379229.3795164, 0, {}]
[{"0": [0, 2, 4, 2, 1, 1, 2, 1, 0, 2, 3, 1, 1, 4, 2, 0, 1]}, null, null, 25, false, [], false, 0, [], null, 0, 1744379229.5844655, 0, {}]
[{"0": [12, 21, 26, 22, 1, 1, 4, 1, 0, 3, 1, 1, 1, 0, 2, 3, 2]}, null, null, 25, false, [], false, 0, [], null, 0, 1744379229.8015761, 0, {}]
[{"0": [2, 2, 1, 1, 5, 0, 1, 2, 0, 4, 1, 33, 25, 29, 30, 31, 27]}, null, null, 26, false, [], false, 0, [], null, 0, 1744379230.0282195, 0, {}]
[{"0": [32, 27, 34, 29, 4, 2, 0, 1, 0, 0, 2, 4, 2, 1, 1, 2, 1]}, null, null, 27, false, [], false, 0, [], null, 0, 1744379230.2311742, 0, {}]
[{"0": [33, 25, 25, 28, 31, 25, 28, 26, 30, 1, 2, 1, 2, 0, 3, 1, 3]}, null, null, 27, false, [], false, 0, [], null, 0, 1744379230.4507396, 0, {}]
[{"0": [3, 0, 1, 1, 3, 1, 2, 2, 3, 0, 3, 0, 4, 23, 21, 27, 28]}, null, null, 28, false, [], false, 0, [], null, 0, 1744379230.6700895, 0, {}]
[{"0": [1, 2, 0, 5, 4, 1, 1, 0, 0, 4, 0, 27, 41, 31, 33, 21, 22]}, null, null, 28, false, [], false, 0, [], null, 0, 1744379230.8898299, 0, {}]
[{"0": [0, 1, 36, 22, 40, 26, 26, 30, 24, 23, 30, 38, 39, 31, 24, 37, 29]}, null, null, 29, false, [], false, 0, [], null, 0, 1744379231.1009865, 0, {}]
[{"0": [2, 3, 3, 2, 1, 1, 1, 2, 0, 1, 24, 35, 29, 3, 4, 3, 0]}, null, null, 30, false, [], false, 0, [], null, 0, 1744379231.3247857, 0, {}]
[{"0": [2, 1, 1, 2, 2, 3, 0, 0, 1, 4, 2, 3, 3, 3, 40, 36, 33]}, null, null, 30, false, [], false, 0, [], null, 0, 1744379231.5434015, 0, {}]
[{"0": [4, 0, 21, 33, 21, 27, 3, 1, 1, 1, 5, 1, 3, 0, 4, 0, 3]}, null, null, 31, false, [], false, 0, [], null, 0, 1744379231.739689, 0, {}]
[{"0": [2, 2, 3, 1, 3, 31, 26, 23, 29, 2, 1, 1, 2, 3, 2, 2, 1]}, null, null, 31, false, [], false, 0, [], null, 0, 1744379231.9685984, 0, {}]
[{"0": [20, 1, 5, 2, 1, 1, 1, 33, 4, 1, 1, 2, 1, 3, 0, 1, 1]}, null, null, 32, false, [], false, 0, [], null, 0, 1744379232.185157, 0, {}]
[{"0": [2, 1, 0, 1, 2, 1, 5, 1, 1, 1, 1, 1, 19, 26, 30, 21, 22]}, null, null, 33, false, [], false, 0, [], null, 0, 1744379232.4010024, 0, {}]
[{"0": [1, 1, 2, 2, 0, 4, 1, 0, 2, 2, 3, 2, 2, 2, 1, 3, 4]}, null, null, 33, false, [], false, 0, [], null, 0, 1744379232.6141658, 0, {}]
[{"0": [24, 27, 29, 26, 27, 27, 30, 35, 28, 28, 0, 2, 1, 2, 5, 3, 0]}, null, null, 34, false, [], false, 0, [], null, 0, 1744379232.8313174, 0, {}]
[{"0": [1, 3, 1, 1, 1, 1, 27, 27, 1, 2, 5, 2, 3, 1, 2, 5, 2]}, null, null, 34, false, [], false, 0, [], null, 0, 1744379233.0564969, 0, {}]
[{"0": [0, 2, 33, 33, 21, 26, 31, 27, 19, 37, 0, 3, 2, 2, 1, 0, 3]}, null, null, 35, false, [], false, 0, [], null, 0, 1744379233.2654443, 0, {}]
[{"0": [1, 1, 3, 4, 1, 0, 0, 1, 0, 0, 0, 4, 28, 24, 2, 2, 3]}, null, null, 36, false, [], false, 0, [], null, 0, 1744379233.4805894, 0, {}]
[{"0": [3, 3, 1, 1, 2, 1, 3, 2, 29, 23, 21, 0, 3, 2, 2, 3, 2]}, null, null, 36, false, [], false, 0, [], null, 0, 1744379233.7004921, 0, {}]
[{"0": [2, 3, 0, 17, 1, 0, 2, 0, 1, 2, 0, 1, 2, 2, 1, 1, 3]}, null, null, 37, false, [], false, 0, [], null, 0, 1744379233.9185817, 0, {}]
[{"0": [2, 1, 0, 1, 0, 1, 2, 1, 2, 4, 3, 0, 3, 5, 2, 3, 37]}, null, null, 37, false, [], false, 0, [], null, 0, 1744379234.1274762, 0, {}]
[{"0": [3, 1, 1, 1, 1, 1, 24, 1, 1, 2, 1, 2, 1, 2, 1, 4, 3]}, null, null, 38, false, [], false, 0, [], null, 0, 1744379234.3450673, 0, {}]
[{"0": [4, 0, 1, 3, 2, 2, 1, 0, 1, 1, 2, 2, 1, 4, 2, 3, 29]}, null, null, 39, false, [], false, 0, [], null, 0, 1744379234.5591776, 0, {}]
[{"0": [1, 4, 1, 2, 0, 1, 0, 3, 2, 5, 1, 0, 28, 27, 33, 32, 36]}, null, null, 39, false, [], false, 0, [], null, 0, 1744379234.7781153, 0, {}]
[{"0": [3, 5, 1, 2, 1, 1, 27, 1, 1, 2, 1, 4, 2, 1, 0, 2, 3]}, null, null, 40, false, [], false, 0, [], null, 0, 1744379234.9875722, 0, {}]
[{"0": [1, 5, 1, 1, 0, 35, 29, 39, 27, 29, 27, 0, 3, 1, 4, 2, 1]}, null, null, 40, false, [], false, 0, [], null, 0, 1744379235.212825, 0, {}]
[{"0": [2, 1, 4, 4, 4, 23, 24, 37, 26, 29, 23, 32, 20, 30, 2, 1, 1]}, null, null, 41, false, [], false, 0, [], null, 0, 1744379235.4388924, 0, {}]
[{"0": [3, 0, 1, 1, 0, 1, 2, 2, 0, 0, 2, 1, 0, 4, 3, 2, 0]}, null, null, 42, false, [], false, 0, [], null, 0, 1744379235.6589088, 0, {}]
[{"0": [1, 1, 20, 26, 25, 25, 22, 30, 29, 30, 25, 28, 28, 31, 29, 36, 17]}, null, null, 42, false, [], false, 0, [], null, 0, 1744379235.8580499, 0, {}]
[{"0": [5, 3, 31, 30, 29, 33, 25, 17, 1, 1, 1, 1, 4, 1, 2, 0, 0]}, null, null, 43, false, [], false, 0, [], null, 0, 1744379236.0840516, 0, {}]
[{"0": [2, 1, 5, 2, 0, 2, 1, 4, 1, 0, 1, 6, 27, 23, 34, 24, 24]}, null, null, 43, false, [], false, 0, [], null, 0, 1744379236.301283, 0, {}]
[{"0": [2, 2, 4, 0, 2, 5, 2, 2, 27, 1, 2, 0, 0, 1, 2, 2, 1]}, null, null, 44, false, [], false, 0, [], null, 0, 1744379236.5179675, 0, {}]
[{"0": [0, 3, 6, 1, 3, 2, 3, 25, 3, 3, 2, 2, 2, 1, 1, 1, 2]}, null, null, 45, false, [], false, 0, [], null, 0, 1744379236.7245243, 0, {}]
[{"0": [1, 2, 1, 3, 0, 36, 2, 5, 1, 2, 2, 1, 1, 1, 2, 1, 1]}, null, null, 45, false, [], false, 0, [], null, 0, 1744379236.9586222, 0, {}]
[{"0": [1, 2, 23, 26, 1, 1, 1, 0, 1, 1, 2, 4, 0, 7, 0, 3, 0]}, null, null, 46, false, [], false, 0, [], null, 0, 1744379237.1765225, 0, {}]
[{"0": [2, 3, 1, 4, 1, 0, 6, 0, 2, 0, 0, 1, 3, 0, 0, 1, 27]}, null, null, 46, false, [], false, 0, [], null, 0, 1744379237.378531, 0, {}]
[{"0": [1, 2, 2, 28, 25, 4, 4, 2, 6, 1, 0, 0, 4, 0, 1, 2, 2]}, null, null, 47, false, [], false, 0, [], null, 0, 1744379237.5952325, 0, {}]
[{"0": [5, 3, 2, 1, 1, 0, 1, 1, 1, 1, 3, 1, 1, 1, 0, 2, 28]}, null, null, 48, false, [], false, 0, [], null, 0, 1744379237.8064399, 0, {}]
[{"0": [2, 1, 1, 1, 6, 38, 1, 4, 3, 6, 4, 3, 4, 4, 2, 1, 4]}, null, null, 48, false, [], false, 0, [], null, 0, 1744379238.0270615, 0, {}]
[{"0": [1, 2, 1, 0, 3, 19, 3, 1, 0, 1, 0, 6, 3, 1, 1, 0, 2]}, null, null, 49, false, [], false, 0, [], null, 0, 1744379238.239389, 0, {}]
[{"0": [2, 1, 1, 4, 4, 1, 4, 4, 1, 0, 5, 3, 0, 2, 1, 2, 26]}, null, null, 49, false, [], false, 0, [], null, 0, 1744379238.4556904, 0, {}]
[{"0": [1, 3, 0, 2, 1, 0, 1, 44, 1, 1, 1, 2, 0, 2, 1, 5, 1]}, null, null, 50, false, [], false, 0, [], null, 0, 1744379238.671328, 0, {}]
[{"0": [1, 1, 3, 25, 4, 2, 1, 3, 2, 2, 2, 7, 2, 3, 1, 2, 2]}, null, null, 51, false, [], false, 0, [], null, 0, 1744379238.9008865, 0, {}]
[{"0": [5, 1, 1, 0, 4, 2, 4, 4, 0, 0, 4, 24, 3, 2, 2, 1, 6]}, null, null, 51, false, [], false, 0, [], null, 0, 1744379239.1219783, 0, {}]
[{"0": [0, 1, 0, 2, 2, 1, 2, 1, 2, 2, 26, 31, 3, 0, 2, 1, 5]}, null, null, 52, false, [], false, 0, [], null, 0, 1744379239.3314383, 0, {}]
[{"0": [4, 2, 1, 1, 0, 1, 2, 2, 3, 24, 1, 0, 1, 2, 1, 1, 1]}, null, null, 52, false, [], false, 0, [], null, 0, 1744379239.5412154, 0, {}]
[{"0": [2, 3, 3, 2, 3, 1, 2, 2, 2, 3, 2, 0, 1, 2, 1, 4, 34]}, null, null, 53, false, [], false, 0, [], null, 0, 1744379239.7610497, 0, {}]
[{"0": [3, 1, 1, 0, 36, 24, 19, 27, 23, 34, 29, 0, 1, 0, 3, 1, 2]}, null, null, 54, false, [], false, 0, [], null, 0, 1744379239.973617, 0, {}]
[{"0": [2, 3, 0, 2, 1, 1, 3, 4, 2, 1, 4, 1, 1, 0, 4, 3, 23]}, null, null, 54, false, [], false, 0, [], null, 0, 1744379240.1913357, 0, {}]
[{"0": [3, 1, 3, 4, 28, 24, 2, 1, 2, 0, 2, 1, 2, 1, 4, 3, 3]}, null, null, 55, false, [], false, 0, [], null, 0, 1744379240.4047549, 0, {}]
[{"0": [0, 1, 3, 1, 1, 1, 2, 1, 2, 2, 3, 1, 1, 1, 1, 0, 1]}, null, null, 55, false, [], false, 0, [], null, 0, 1744379240.6453993, 0, {}]
[{"0": [2, 3, 1, 2, 0, 1, 1, 2, 0, 1, 3, 2, 1, 1, 3, 1, 22]}, null, null, 56, false, [], false, 0, [], null, 0, 1744379240.8394787, 0, {}]
[{"0": [2, 3, 1, 4, 4, 29, 25, 27, 28, 33, 2, 3, 3, 0, 0, 0, 0]}, null, null, 57, false, [], false, 0, [], null, 0, 1744379241.0582979, 0, {}]
[{"0": [2, 3, 0, 3, 1, 0, 0, 4, 0, 1, 2, 1, 1, 3, 1, 1, 3]}, null, null, 57, false, [], false, 0, [], null, 0, 1744379241.273404, 0, {}]
[{"0": [3, 0, 26, 24, 35, 30, 23, 1, 1, 1, 1, 3, 4, 2, 1, 4, 3]}, null, null, 58, false, [], false, 0, [], null, 0, 1744379241.4913597, 0, {}]
[{"0": [4, 1, 0, 1, 1, 0, 3, 1, 2, 0, 2, 3, 26, 29, 1, 4, 4]}, null, null, 58, false, [], false, 0, [], null, 0, 1744379241.7144687, 0, {}]
[{"0": [1, 1, 1, 1, 1, 24, 28, 33, 22, 24, 36, 1, 2, 1, 2, 2, 7]}, null, null, 59, false, [], false, 0, [], null, 0, 1744379241.94231, 0, {}]
[{"0": [0, 2, 3, 3, 2, 1, 1, 1, 0, 33, 37, 42, 31, 2, 2, 1, 3]}, null, null, 60, false, [], false, 0, [], null, 0, 1744379242.1585052, 0, {}]
[{"0": [4, 1, 31, 29, 2, 1, 3, 1, 1, 1, 4, 2, 2, 1, 3, 1, 4]}, null, null, 60, false, [], false, 0, [], null, 0, 1744379242.3552613, 0, {}]
[{"0": [0, 2, 1, 2, 3, 2, 2, 1, 1, 29, 36, 29, 2, 1, 1, 1, 3]}, null, null, 61, false, [], false, 0, [], null, 0, 1744379242.5756774, 0, {}]
[{"0": [1, 2, 3, 1, 0, 0, 3, 0, 0, 1, 2, 1, 3, 25, 32, 22, 29]}, null, null, 61, false, [], false, 0, [], null, 0, 1744379242.7902796, 0, {}]
[{"0": [1, 2, 2, 2, 1, 0, 1, 25, 2, 2, 3, 5, 2, 2, 1, 1, 3]}, null, null, 62, false, [], false, 0, [], null, 0, 1744379243.0090003, 0, {}]
[{"0": [1, 3, 1, 2, 3, 2, 3, 3, 2, 0, 1, 2, 2, 1, 1, 33, 33]}, null, null, 63, false, [], false, 0, [], null, 0, 1744379243.2293906, 0, {}]
[{"0": [3, 1, 4, 3, 2, 3, 0, 2, 0, 0, 1, 0, 1, 39, 20, 27, 36]}, null, null, 63, false, [], false, 0, [], null, 0, 1744379243.440621, 0, {}]
[{"0": [2, 1, 2, 1, 3, 2, 1, 1, 0, 2, 2, 3, 1, 2, 3, 3, 15]}, null, null, 64, false, [], false, 0, [], null, 0, 1744379243.667815, 0, {}]
[{"0": [1, 1, 1, 2, 3, 2, 0, 2, 2, 0, 1, 2, 4, 1, 1, 1, 3]}, null, null, 64, false, [], false, 0, [], null, 0, 1744379243.882716, 0, {}]
[{"0": [4, 3, 1, 2, 1, 1, 0, 2, 2, 1, 1, 1, 0, 1, 2, 3, 26]}, null, null, 65, false, [], false, 0, [], null, 0, 1744379244.1056182, 0, {}]
[{"0": [3, 4, 0, 0, 1, 22, 32, 30, 1, 6, 0, 1, 1, 0, 2, 3, 2]}, null, null, 66, false, [], false, 0, [], null, 0, 1744379244.3166606, 0, {}]
[{"0": [1, 1, 1, 2, 1, 4, 1, 2, 5, 2, 0, 2, 0, 0, 2, 1, 2]}, null, null, 66, false, [], false, 0, [], null, 0, 1744379244.5260658, 0, {}]
[{"0": [3, 4, 2, 1, 1, 3, 1, 1, 1, 3, 1, 1, 1, 3, 3, 1, 27]}, null, null, 67, false, [], false, 0, [], null, 0, 1744379244.7573605, 0, {}]
[{"0": [1, 1, 2, 2, 3, 4, 23, 1, 2, 3, 0, 0, 0, 2, 1, 4, 2]}, null, null, 67, false, [], false, 0, [], null, 0, 1744379244.9622877, 0, {}]
[{"0": [1, 0, 2, 1, 2, 30, 29, 25, 23, 2, 1, 1, 0, 2, 0, 5, 3]}, null, null, 68, false, [], false, 0, [], null, 0, 1744379245.1786292, 0, {}]
[{"0": [1, 2, 2, 3, 7, 5, 4, 35, 23, 21, 2, 1, 1, 2, 3, 1, 4]}, null, null, 69, false, [], false, 0, [], null, 0, 1744379245.3946462, 0, {}]
[{"0": [2, 2, 2, 2, 1, 2, 1, 1, 2, 1, 1, 25, 24, 28, 30, 34, 39]}, null, null, 69, false, [], false, 0, [], null, 0, 1744379245.6070452, 0, {}]
[{"0": [3, 2, 0, 2, 1, 1, 1, 3, 3, 3, 22, 2, 3, 2, 1, 2, 1]}, null, null, 70, false, [], false, 0, [], null, 0, 1744379245.8237183, 0, {}]
[{"0": [3, 0, 2, 4, 4, 1, 1, 1, 1, 2, 0, 1, 30, 26, 17, 24, 29]}, null, null, 70, false, [], false, 0, [], null, 0, 1744379246.0516393, 0, {}]
[{"0": [36, 2, 2, 2, 3, 3, 1, 2, 6, 2, 0, 1, 0, 1, 3, 1, 2]}, null, null, 71, false, [], false, 0, [], null, 0, 1744379246.2574399, 0, {}]
[{"0": [24, 20, 0, 1, 4, 4, 4, 3, 3, 3, 1, 1, 4, 1, 1, 3, 1]}, null, null, 72, false, [], false, 0, [], null, 0, 1744379246.4925845, 0, {}]
[{"0": [1, 1, 20, 15, 2, 4, 1, 1, 1, 4, 1, 1, 1, 2, 0, 3, 4]}, null, null, 72, false, [], false, 0, [], null, 0, 1744379246.690842, 0, {}]
[{"0": [3, 1, 1, 3, 3, 1, 2, 1, 2, 2, 4, 3, 0, 2, 1, 2, 24]}, null, null, 73, false, [], false, 0, [], null, 0, 1744379246.9085045, 0, {}]
[{"0": [0, 0, 4, 1, 1, 2, 0, 2, 2, 2, 2, 0, 20, 3, 2, 3, 3]}, null, null, 73, false, [], false, 0, [], null, 0, 1744379247.1222355, 0, {}]
[{"0": [3, 4, 30, 2, 2, 2, 3, 0, 1, 0, 2, 1, 3, 1, 1, 2, 2]}, null, null, 74, false, [], false, 0, [], null, 0, 1744379247.3445165, 0, {}]
[{"0": [1, 2, 0, 0, 27, 3, 0, 1, 2, 0, 3, 4, 1, 4, 1, 1, 4]}, null, null, 75, false, [], false, 0, [], null, 0, 1744379247.565398, 0, {}]
[{"0": [1, 1, 0, 1, 2, 3, 3, 4, 3, 3, 0, 2, 0, 1, 1, 0, 2]}, null, null, 75, false, [], false, 0, [], null, 0, 1744379247.7790473, 0, {}]
[{"0": [0, 4, 3, 0, 3, 4, 0, 31, 32, 2, 3, 2, 2, 4, 1, 2, 1]}, null, null, 76, false, [], false, 0, [], null, 0, 1744379248.0100982, 0, {}]
[{"0": [1, 3, 1, 3, 2, 0, 2, 3, 1, 3, 2, 2, 4, 0, 28, 0, 1]}, null, null, 77, false, [], false, 0, [], null, 0, 1744379248.2193875, 0, {}]
[{"0": [1, 1, 1, 1, 2, 31, 23, 29, 24, 32, 21, 27, 26, 26, 26, 39, 30]}, null, null, 77, false, [], false, 0, [], null, 0, 1744379248.4397786, 0, {}]
[{"0": [1, 2, 1, 0, 1, 1, 2, 3, 3, 0, 0, 2, 2, 39, 33, 35, 28]}, null, null, 78, false, [], false, 0, [], null, 0, 1744379248.6624174, 0, {}]
[{"0": [1, 1, 2, 0, 1, 29, 32, 31, 27, 22, 33, 4, 1, 1, 2, 2, 2]}, null, null, 78, false, [], false, 0, [], null, 0, 1744379248.8705125, 0, {}]
[{"0": [0, 1, 6, 0, 0, 2, 5, 1, 3, 31, 38, 37, 26, 23, 23, 26, 22]}, null, null, 79, false, [], false, 0, [], null, 0, 1744379249.0750694, 0, {}]
[{"0": [1, 3, 1, 5, 1, 3, 0, 0, 1, 0, 3, 0, 1, 3, 0, 0, 1]}, null, null, 80, false, [], false, 0, [], null, 0, 1744379249.3095536, 0, {}]
[{"0": [0, 0, 3, 3, 2, 3, 4, 7, 1, 24, 24, 33, 1, 2, 1, 1, 3]}, null, null, 80, false, [], false, 0, [], null, 0, 1744379249.5119755, 0, {}]
[{"0": [30, 2, 2, 1, 3, 2, 2, 1, 3, 1, 1, 3, 4, 1, 3, 2, 0]}, null, null, 81, false, [], false, 0, [], null, 0, 1744379249.7434266, 0, {}]
[{"0": [2, 0, 1, 1, 4, 4, 26, 26, 31, 30, 24, 18, 3, 1, 1, 0, 3]}, null, null, 81, false, [], false, 0, [], null, 0, 1744379249.9597359, 0, {}]
[{"0": [24, 2, 2, 1, 2, 3, 0, 1, 1, 4, 3, 2, 2, 0, 1, 2, 4]}, null, null, 82, false, [], false, 0, [], null, 0, 1744379250.1613727, 0, {}]
[{"0": [2, 2, 1, 3, 1, 3, 1, 2, 2, 2, 27, 2, 0, 1, 2, 1, 5]}, null, null, 83, false, [], false, 0, [], null, 0, 1744379250.3847442, 0, {}]
[{"0": [0, 2, 2, 4, 2, 5, 0, 3, 0, 2, 1, 1, 29, 22, 28, 29, 28]}, null, null, 83, false, [], false, 0, [], null, 0, 1744379250.5977373, 0, {}]
[{"0": [2, 2, 0, 3, 1, 1, 1, 3, 0, 3, 6, 4, 2, 0, 3, 3, 34]}, null, null, 84, false, [], false, 0, [], null, 0, 1744379250.80816, 0, {}]
[{"0": [0, 3, 0, 0, 0, 1, 5, 2, 0, 0, 3, 1, 0, 2, 19, 18, 22]}, null, null, 84, false, [], false, 0, [], null, 0, 1744379251.0234442, 0, {}]
[{"0": [1, 1, 23, 33, 30, 33, 2, 2, 2, 2, 4, 2, 2, 0, 4, 3, 2]}, null, null, 85, false, [], false, 0, [], null, 0, 1744379251.2650118, 0, {}]
[{"0": [3, 2, 4, 3, 2, 5, 3, 0, 3, 0, 3, 2, 3, 22, 21, 5, 4]}, null, null, 86, false, [], false, 0, [], null, 0, 1744379251.4612162, 0, {}]
[{"0": [1, 1, 3, 28, 22, 33, 30, 33, 27, 30, 1, 5, 0, 2, 2, 2, 0]}, null, null, 86, false, [], false, 0, [], null, 0, 1744379251.686219, 0, {}]
[{"0": [1, 0, 2, 2, 1, 0, 5, 2, 3, 1, 2, 0, 4, 3, 2, 0, 37]}, null, null, 87, false, [], false, 0, [], null, 0, 1744379251.905546, 0, {}]
[{"0": [2, 1, 1, 36, 28, 33, 17, 35, 44, 27, 1, 2, 0, 3, 3, 1, 2]}, null, null, 87, false, [], false, 0, [], null, 0, 1744379252.1162853, 0, {}]
[{"0": [1, 2, 1, 41, 27, 3, 2, 0, 2, 4, 1, 1, 3, 1, 6, 0, 2]}, null, null, 88, false, [], false, 0, [], null, 0, 1744379252.3348773, 0, {}]
[{"0": [1, 1, 5, 2, 3, 2, 3, 1, 3, 35, 36, 22, 2, 1, 1, 1, 2]}, null, null, 89, false, [], false, 0, [], null, 0, 1744379252.5427666, 0, {}]
[{"0": [2, 2, 4, 2, 2, 1, 2, 0, 0, 0, 4, 1, 0, 2, 2, 3, 2]}, null, null, 89, false, [], false, 0, [], null, 0, 1744379252.7692695, 0, {}]
[{"0": [2, 0, 0, 1, 2, 3, 2, 4, 3, 2, 28, 32, 31, 31, 33, 25, 21]}, null, null, 90, false, [], false, 0, [], null, 0, 1744379252.9807243, 0, {}]
[{"0": [1, 3, 0, 0, 1, 28, 33, 38, 23, 27, 25, 34, 26, 21, 28, 26, 37]}, null, null, 90, false, [], false, 0, [], null, 0, 1744379253.1999726, 0, {}]
[{"0": [1, 1, 1, 1, 15, 1, 5, 3, 2, 3, 3, 3, 3, 0, 2, 1, 4]}, null, null, 91, false, [], false, 0, [], null, 0, 1744379253.4258106, 0, {}]
[{"0": [3, 2, 1, 2, 3, 0, 2, 2, 3, 0, 1, 2, 2, 0, 32, 1, 1]}, null, null, 92, false, [], false, 0, [], null, 0, 1744379253.635839, 0, {}]
[{"0": [1, 3, 4, 1, 0, 2, 2, 1, 5, 35, 26, 0, 0, 2, 4, 1, 1]}, null, null, 92, false, [], false, 0, [], null, 0, 1744379253.8448315, 0, {}]
[{"0": [1, 0, 1, 1, 1, 4, 2, 1, 21, 1, 0, 2, 2, 2, 1, 3, 1]}, null, null, 93, false, [], false, 0, [], null, 0, 1744379254.066371, 0, {}]
[{"0": [36, 25, 31, 24, 28, 27, 26, 24, 20, 26, 24, 21, 24, 29, 18, 30, 23]}, null, null, 93, false, [], false, 0, [], null, 0, 1744379254.2911265, 0, {}]
[{"0": [0, 1, 1, 34, 26, 23, 36, 29, 2, 1, 1, 1, 1, 2, 1, 2, 0]}, null, null, 94, false, [], false, 0, [], null, 0, 1744379254.4971745, 0, {}]
[{"0": [1, 4, 1, 0, 0, 3, 2, 2, 0, 2, 3, 0, 0, 27, 30, 32, 3]}, null, null, 95, false, [], false, 0, [], null, 0, 1744379254.7236042, 0, {}]
[{"0": [2, 2, 0, 0, 1, 1, 0, 0, 1, 1, 31, 22, 21, 28, 30, 28, 19]}, null, null, 95, false, [], false, 0, [], null, 0, 1744379254.9407754, 0, {}]
[{"0": [3, 2, 3, 1, 2, 1, 2, 1, 24, 20, 27, 23, 22, 36, 7, 1, 3]}, null, null, 96, false, [], false, 0, [], null, 0, 1744379255.1515605, 0, {}]
[{"0": [3, 1, 1, 4, 2, 1, 3, 2, 2, 2, 1, 0, 3, 27, 26, 32, 35]}, null, null, 96, false, [], false, 0, [], null, 0, 1744379255.3707252, 0, {}]
[{"0": [1, 1, 1, 1, 1, 3, 1, 1, 1, 2, 1, 3, 30, 30, 29, 21, 38]}, null, null, 97, false, [], false, 0, [], null, 0, 1744379255.5883453, 0, {}]
[{"0": [25, 30, 32, 4, 1, 2, 2, 0, 3, 0, 0, 1, 0, 2, 3, 1, 2]}, null, null, 98, false, [], false, 0, [], null, 0, 1744379255.802699, 0, {}]
[{"0": [2, 1, 1, 2, 0, 0, 0, 3, 3, 4, 3, 0, 0, 30, 30, 3, 2]}, null, null, 98, false, [], false, 0, [], null, 0, 1744379256.0114415, 0, {}]
[{"0": [22, 19, 27, 38, 20, 23, 2, 3, 2, 1, 1, 0, 4, 0, 3, 2, 1]}, null, null, 99, false, [], false, 0, [], null, 0, 1744379256.236333, 0, {}]
[{"0": [0, 2, 2, 34, 0, 1, 1, 5, 1, 0, 1, 2, 1, 1, 1, 2, 1]}, null, null, 99, false, [], false, 0, [], null, 0, 1744379256.4617512, 0, {}]
[{"0": [1, 0, 2, 2, 2, 0, 33, 32, 30, 28, 37, 31, 3, 3, 1, 1, 1]}, null, null, 100, false, [], false, 0, [], null, 0, 1744379256.6756122, 0, {}]
[{"0": [2, 4, 4, 0, 1, 1, 0, 2, 1, 3, 2, 2, 2, 3, 23, 33, 32]}, null, null, 101, false, [], false, 0, [], null, 0, 1744379256.8836293, 0, {}]
[{"0": [1, 4, 5, 4, 3, 28, 28, 35, 25, 32, 28, 25, 38, 22, 31, 1, 2]}, null, null, 101, false, [], false, 0, [], null, 0, 1744379257.0889788, 0, {}]
[{"0": [27, 2, 1, 3, 1, 1, 4, 0, 1, 1, 0, 6, 1, 0, 1, 2, 2]}, null, null, 102, false, [], false, 0, [], null, 0, 1744379257.3174672, 0, {}]
[{"0": [2, 0, 3, 2, 1, 0, 0, 1, 1, 5, 1, 2, 2, 30, 33, 26, 31]}, null, null, 102, false, [], false, 0, [], null, 0, 1744379257.5285962, 0, {}]
[{"0": [2, 3, 2, 19, 24, 25, 36, 23, 39, 20, 2, 0, 2, 5, 1, 5, 4]}, null, null, 103, false, [], false, 0, [], null, 0, 1744379257.7459342, 0, {}]
[{"0": [1, 2, 1, 3, 0, 28, 34, 0, 0, 3, 3, 1, 0, 0, 1, 3, 3]}, null, null, 104, false, [], false, 0, [], null, 0, 1744379257.9668264, 0, {}]
[{"0": [1, 0, 2, 3, 3, 2, 1, 31, 24, 2, 1, 5, 2, 0, 2, 0, 4]}, null, null, 104, false, [], false, 0, [], null, 0, 1744379258.177141, 0, {}]
[{"0": [2, 3, 2, 2, 2, 5, 1, 3, 1, 1, 4, 2, 3, 1, 1, 1, 0]}, null, null, 105, false, [], false, 0, [], null, 0, 1744379258.4101627, 0, {}]
[{"0": [24, 0, 3, 2, 3, 1, 2, 2, 3, 2, 6, 3, 3, 1, 1, 0, 0]}, null, null, 105, false, [], false, 0, [], null, 0, 1744379258.6208274, 0, {}]
[{"0": [1, 0, 3, 26, 36, 29, 19, 2, 2, 0, 1, 0, 0, 4, 1, 1, 4]}, null, null, 106, false, [], false, 0, [], null, 0, 1744379258.84179, 0, {}]
[{"0": [1, 2, 1, 2, 1, 2, 3, 2, 0, 0, 2, 0, 2, 2, 3, 0, 1]}, null, null, 107, false, [], false, 0, [], null, 0, 1744379259.052447, 0, {}]
[{"0": [2, 2, 1, 2, 3, 0, 1, 1, 2, 2, 1, 1, 1, 1, 25, 25, 27]}, null, null, 107, false, [], false, 0, [], null, 0, 1744379259.2678192, 0, {}]
[{"0": [1, 2, 3, 2, 1, 3, 3, 4, 4, 2, 0, 3, 1, 3, 3, 1, 34]}, null, null, 108, false, [], false, 0, [], null, 0, 1744379259.4744947, 0, {}]
[{"0": [31, 3, 4, 0, 4, 1, 5, 0, 2, 5, 1, 0, 0, 1, 2, 1, 5]}, null, null, 108, false, [], false, 0, [], null, 0, 1744379259.7001314, 0, {}]
[{"0": [31, 23, 2, 1, 1, 1, 3, 3, 2, 3, 1, 1, 2, 0, 3, 1, 3]}, null, null, 109, false, [], false, 0, [], null, 0, 1744379259.9178762, 0, {}]
[{"0": [5, 1, 2, 0, 1, 2, 29, 25, 24, 30, 36, 31, 25, 29, 29, 25, 39]}, null, null, 110, false, [], false, 0, [], null, 0, 1744379260.133293, 0, {}]
[{"0": [4, 2, 2, 2, 1, 0, 2, 1, 1, 3, 0, 1, 2, 2, 4, 0, 28]}, null, null, 110, false, [], false, 0, [], null, 0, 1744379260.3599484, 0, {}]
[{"0": [1, 1, 1, 3, 2, 2, 3, 1, 0, 1, 0, 2, 4, 2, 1, 1, 34]}, null, null, 111, false, [], false, 0, [], null, 0, 1744379260.5711274, 0, {}]
[{"0": [2, 0, 3, 2, 3, 1, 0, 0, 3, 1, 3, 2, 3, 3, 1, 1, 24]}, null, null, 111, false, [], false, 0, [], null, 0, 1744379260.7880023, 0, {}]
[{"0": [32, 22, 20, 4, 2, 5, 0, 4, 2, 3, 2, 1, 1, 1, 4, 3, 4]}, null, null, 112, false, [], false, 0, [], null, 0, 1744379261.0118828, 0, {}]
[{"0": [3, 1, 4, 4, 1, 0, 3, 3, 2, 25, 36, 5, 2, 0, 3, 2, 1]}, null, null, 113, false, [], false, 0, [], null, 0, 1744379261.2049444, 0, {}]
[{"0": [0, 2, 4, 3, 1, 2, 3, 1, 3, 41, 31, 32, 32, 32, 37, 32, 32]}, null, null, 113, false, [], false, 0, [], null, 0, 1744379261.423485, 0, {}]
[{"0": [1, 0, 0, 27, 29, 14, 3, 2, 1, 1, 1, 4, 1, 2, 1, 1, 0]}, null, null, 114, false, [], false, 0, [], null, 0, 1744379261.6499593, 0, {}]
[{"0": [3, 1, 0, 0, 26, 1, 0, 1, 4, 1, 0, 5, 2, 5, 5, 0, 1]}, null, null, 114, false, [], false, 0, [], null, 0, 1744379261.881867, 0, {}]
[{"0": [3, 3, 1, 4, 2, 2, 4, 0, 2, 2, 1, 25, 28, 23, 23, 1, 2]}, null, null, 115, false, [], false, 0, [], null, 0, 1744379262.0803068, 0, {}]
[{"0": [4, 4, 2, 1, 3, 1, 1, 2, 3, 2, 32, 3, 1, 3, 4, 0, 0]}, null, null, 116, false, [], false, 0, [], null, 0, 1744379262.302811, 0, {}]
[{"0": [2, 1, 3, 5, 1, 5, 0, 1, 2, 3, 3, 32, 43, 26, 22, 5, 1]}, null, null, 116, false, [], false, 0, [], null, 0, 1744379262.5174475, 0, {}]
[{"0": [1, 2, 1, 1, 0, 0, 2, 3, 1, 23, 0, 1, 3, 0, 2, 3, 4]}, null, null, 117, false, [], false, 0, [], null, 0, 1744379262.7228425, 0, {}]
[{"0": [1, 1, 32, 36, 30, 29, 24, 29, 19, 37, 20, 29, 3, 0, 0, 2, 1]}, null, null, 117, false, [], false, 0, [], null, 0, 1744379262.9454195, 0, {}]
[{"0": [30, 0, 4, 1, 1, 0, 5, 2, 2, 0, 3, 2, 1, 4, 0, 2, 2]}, null, null, 118, false, [], false, 0, [], null, 0, 1744379263.1782627, 0, {}]
[{"0": [3, 6, 0, 4, 2, 4, 3, 1, 2, 2, 2, 1, 26, 33, 27, 31, 29]}, null, null, 119, false, [], false, 0, [], null, 0, 1744379263.3958757, 0, {}]
[{"0": [2, 1, 1, 3, 24, 28, 19, 27, 29, 26, 27, 3, 4, 0, 1, 2, 2]}, null, null, 119, false, [], false, 0, [], null, 0, 1744379263.5921884, 0, {}]
[{"0": [3, 0, 2, 3, 4, 1, 2, 1, 2, 34, 30, 30, 28, 37, 29, 29, 30]}, null, null, 120, false, [], false, 0, [], null, 0, 1744379263.8164084, 0, {}]
[{"0": [3, 2, 25, 0, 0, 1, 2, 1, 3, 2, 0, 7, 0, 1, 2, 5, 1]}, null, null, 120, false, [], false, 0, [], null, 0, 1744379264.042701, 0, {}]
[{"0": [2, 2, 3, 2, 1, 1, 3, 2, 0, 1, 2, 3, 3, 3, 37, 2, 7]}, null, null, 121, false, [], false, 0, [], null, 0, 1744379264.253667, 0, {}]
[{"0": [4, 1, 3, 0, 2, 2, 1, 2, 1, 1, 28, 1, 2, 2, 2, 0, 0]}, null, null, 122, false, [], false, 0, [], null, 0, 1744379264.470609, 0, {}]
[{"0": [3, 2, 2, 2, 1, 2, 0, 1, 2, 2, 0, 1, 2, 0, 0, 1, 27]}, null, null, 122, false, [], false, 0, [], null, 0, 1744379264.6834295, 0, {}]
[{"0": [2, 3, 0, 3, 2, 5, 2, 4, 3, 2, 2, 0, 0, 2, 4, 3, 5]}, null, null, 123, false, [], false, 0, [], null, 0, 1744379264.9051836, 0, {}]
[{"0": [2, 2, 1, 3, 3, 3, 2, 1, 4, 2, 3, 1, 1, 4, 3, 1, 33]}, null, null, 123, false, [], false, 0, [], null, 0, 1744379265.1188445, 0, {}]
[{"0": [1, 0, 3, 2, 4, 0, 25, 22, 38, 0, 4, 2, 1, 2, 5, 2, 1]}, null, null, 124, false, [], false, 0, [], null, 0, 1744379265.340595, 0, {}]
[{"0": [3, 4, 1, 1, 1, 0, 3, 4, 4, 3, 0, 0, 2, 2, 0, 3, 38]}, null, null, 125, false, [], false, 0, [], null, 0, 1744379265.558333, 0, {}]
[{"0": [2, 2, 0, 0, 2, 0, 3, 2, 27, 2, 2, 2, 6, 2, 5, 1, 3]}, null, null, 125, false, [], false, 0, [], null, 0, 1744379265.778421, 0, {}]
[{"0": [1, 2, 3, 1, 2, 2, 2, 2, 4, 2, 0, 25, 35, 0, 3, 0, 1]}, null, null, 126, false, [], false, 0, [], null, 0, 1744379265.9934754, 0, {}]
[{"0": [2, 1, 3, 3, 1, 26, 27, 29, 33, 22, 20, 1, 1, 1, 4, 0, 1]}, null, null, 127, false, [], false, 0, [], null, 0, 1744379266.1943307, 0, {}]
[{"0": [2, 5, 1, 0, 3, 1, 2, 1, 1, 4, 1, 2, 2, 23, 34, 18, 27]}, null, null, 127, false, [], false, 0, [], null, 0, 1744379266.4226472, 0, {}]
[{"0": [2, 1, 1, 2, 2, 2, 2, 1, 2, 2, 3, 25, 32, 18, 19, 4, 1]}, null, null, 128, false, [], false, 0, [], null, 0, 1744379266.6348658, 0, {}]
[{"0": [2, 1, 2, 4, 2, 2, 0, 3, 3, 0, 0, 3, 0, 2, 4, 3, 37]}, null, null, 128, false, [], false, 0, [], null, 0, 1744379266.8445582, 0, {}]
[{"0": [4, 2, 2, 5, 3, 1, 1, 2, 0, 31, 22, 42, 2, 0, 2, 2, 2]}, null, null, 129, false, [], false, 0, [], null, 0, 1744379267.0719972, 0, {}]
[{"0": [5, 1, 1, 4, 1, 2, 2, 2, 29, 26, 24, 25, 33, 1, 0, 3, 0]}, null, null, 130, false, [], false, 0, [], null, 0, 1744379267.2832797, 0, {}]
[{"0": [38, 25, 27, 31, 28, 34, 27, 31, 1, 7, 2, 4, 1, 1, 0, 3, 1]}, null, null, 130, false, [], false, 0, [], null, 0, 1744379267.494099, 0, {}]
[{"0": [5, 2, 4, 1, 4, 0, 1, 2, 4, 2, 1, 3, 0, 25, 29, 28, 31]}, null, null, 131, false, [], false, 0, [], null, 0, 1744379267.7159834, 0, {}]
[{"0": [1, 5, 3, 3, 1, 2, 27, 2, 0, 3, 1, 3, 1, 1, 0, 2, 4]}, null, null, 131, false, [], false, 0, [], null, 0, 1744379267.9373658, 0, {}]
[{"0": [4, 3, 3, 2, 1, 1, 6, 2, 3, 0, 2, 46, 32, 26, 24, 27, 30]}, null, null, 132, false, [], false, 0, [], null, 0, 1744379268.1491525, 0, {}]
[{"0": [1, 1, 2, 2, 3, 4, 4, 3, 4, 37, 1, 4, 0, 0, 4, 1, 6]}, null, null, 133, false, [], false, 0, [], null, 0, 1744379268.3586192, 0, {}]
[{"0": [0, 0, 0, 1, 1, 18, 29, 25, 21, 32, 19, 34, 36, 29, 40, 33, 26]}, null, null, 133, false, [], false, 0, [], null, 0, 1744379268.582518, 0, {}]
[{"0": [0, 3, 1, 1, 4, 2, 2, 3, 3, 2, 2, 1, 1, 0, 5, 1, 28]}, null, null, 134, false, [], false, 0, [], null, 0, 1744379268.814861, 0, {}]
[{"0": [2, 2, 5, 1, 2, 3, 3, 3, 2, 0, 38, 26, 27, 30, 31, 27, 28]}, null, null, 134, false, [], false, 0, [], null, 0, 1744379269.0162642, 0, {}]
[{"0": [4, 1, 4, 1, 1, 0, 1, 2, 44, 27, 0, 2, 5, 2, 2, 3, 1]}, null, null, 135, false, [], false, 0, [], null, 0, 1744379269.2393675, 0, {}]
[{"0": [0, 2, 3, 2, 2, 1, 0, 2, 2, 21, 2, 1, 1, 0, 1, 1, 0]}, null, null, 136, false, [], false, 0, [], null, 0, 1744379269.4574766, 0, {}]
[{"0": [3, 1, 1, 2, 2, 5, 3, 26, 26, 28, 42, 39, 0, 0, 0, 3, 1]}, null, null, 136, false, [], false, 0, [], null, 0, 1744379269.6755257, 0, {}]
[{"0": [4, 2, 2, 3, 23, 43, 33, 1, 1, 2, 2, 3, 3, 0, 1, 1, 0]}, null, null, 137, false, [], false, 0, [], null, 0, 1744379269.8899288, 0, {}]
[{"0": [2, 1, 2, 4, 2, 35, 29, 4, 0, 1, 0, 1, 4, 4, 2, 1, 2]}, null, null, 137, false, [], false, 0, [], null, 0, 1744379270.1038115, 0, {}]
[{"0": [1, 1, 3, 2, 1, 3, 0, 2, 1, 3, 2, 1, 1, 27, 37, 17, 33]}, null, null, 138, false, [], false, 0, [], null, 0, 1744379270.3208761, 0, {}]
[{"0": [42, 33, 25, 34, 2, 1, 2, 1, 0, 1, 2, 0, 1, 3, 1, 0, 2]}, null, null, 139, false, [], false, 0, [], null, 0, 1744379270.5366995, 0, {}]
[{"0": [0, 3, 3, 0, 0, 1, 1, 1, 6, 3, 2, 5, 2, 3, 2, 3, 33]}, null, null, 139, false, [], false, 0, [], null, 0, 1744379270.7509356, 0, {}]
[{"0": [1, 1, 2, 3, 2, 25, 31, 27, 0, 2, 4, 1, 2, 0, 1, 0, 1]}, null, null, 140, false, [], false, 0, [], null, 0, 1744379270.961985, 0, {}]
[{"0": [37, 33, 2, 2, 0, 3, 1, 0, 3, 2, 1, 1, 1, 2, 1, 0, 1]}, null, null, 140, false, [], false, 0, [], null, 0, 1744379271.1938148, 0, {}]
[{"0": [2, 1, 2, 0, 0, 2, 1, 46, 28, 27, 2, 1, 3, 0, 4, 0, 2]}, null, null, 141, false, [], false, 0, [], null, 0, 1744379271.3861709, 0, {}]
[{"0": [2, 1, 4, 25, 28, 1, 1, 3, 2, 1, 2, 1, 0, 3, 2, 3, 1]}, null, null, 142, false, [], false, 0, [], null, 0, 1744379271.6129403, 0, {}]
[{"0": [0, 2, 2, 1, 1, 4, 3, 0, 3, 3, 1, 1, 4, 1, 2, 1, 29]}, null, null, 142, false, [], false, 0, [], null, 0, 1744379271.8342566, 0, {}]
[{"0": [1, 1, 2, 1, 6, 0, 0, 1, 1, 0, 6, 1, 27, 0, 2, 2, 3]}, null, null, 143, false, [], false, 0, [], null, 0, 1744379272.0543895, 0, {}]
[{"0": [1, 2, 4, 0, 2, 3, 2, 2, 2, 36, 27, 25, 1, 1, 2, 2, 3]}, null, null, 143, false, [], false, 0, [], null, 0, 1744379272.2647004, 0, {}]
[{"0": [1, 2, 2, 1, 2, 4, 2, 2, 3, 0, 3, 2, 0, 2, 3, 1, 1]}, null, null, 144, false, [], false, 0, [], null, 0, 1744379272.4929214, 0, {}]
[{"0": [27, 28, 24, 33, 31, 25, 28, 1, 3, 3, 4, 1, 1, 1, 0, 3, 4]}, null, null, 145, false, [], false, 0, [], null, 0, 1744379272.6959326, 0, {}]
[{"0": [3, 5, 1, 2, 3, 0, 0, 1, 3, 5, 0, 3, 3, 0, 21, 30, 31]}, null, null, 145, false, [], false, 0, [], null, 0, 1744379272.915207, 0, {}]
[{"0": [2, 0, 0, 3, 1, 2, 4, 1, 2, 3, 2, 6, 2, 1, 1, 1, 2]}, null, null, 146, false, [], false, 0, [], null, 0, 1744379273.1277206, 0, {}]
[{"0": [2, 2, 2, 0, 3, 0, 2, 1, 4, 4, 1, 2, 6, 2, 2, 1, 26]}, null, null, 146, false, [], false, 0, [], null, 0, 1744379273.343473, 0, {}]
[{"0": [2, 2, 0, 3, 4, 3, 0, 3, 2, 1, 2, 2, 3, 28, 3, 3, 1]}, null, null, 147, false, [], false, 0, [], null, 0, 1744379273.5612705, 0, {}]
[{"0": [2, 4, 3, 2, 3, 2, 3, 2, 1, 3, 3, 2, 5, 0, 2, 2, 36]}, null, null, 148, false, [], false, 0, [], null, 0, 1744379273.776104, 0, {}]
[{"0": [1, 1, 2, 0, 3, 2, 2, 3, 30, 0, 3, 0, 3, 0, 0, 2, 1]}, null, null, 148, false, [], false, 0, [], null, 0, 1744379273.9932396, 0, {}]
[{"0": [4, 2, 5, 31, 35, 0, 2, 2, 2, 4, 3, 4, 2, 2, 3, 0, 1]}, null, null, 149, false, [], false, 0, [], null, 0, 1744379274.2076545, 0, {}]
[{"0": [4, 0, 1, 3, 2, 1, 4, 3, 1, 4, 0, 2, 2, 2, 2, 1, 21]}, null, null, 149, false, [], false, 0, [], null, 0, 1744379274.4318209, 0, {}]
[{"0": [0, 2, 1, 1, 34, 27, 29, 30, 32, 29, 29, 21, 27, 30, 29, 36, 27]}, null, null, 150, true, [], false, 0, [], null, 0, 1744379274.649093, 0, {}]
