[{"0": [2, 4, 2, 0, 1, 2, 33, 30, 1, 3, 1, 3, 1, 3, 3, 0, 2]}, null, null, 0, false, [], false, 0, [], null, 0, 1744381263.152222, 0, {}]
[{"0": [5, 0, 0, 2, 2, 2, 3, 2, 0, 4, 2, 4, 2, 2, 3, 31, 34]}, null, null, 1, false, [], false, 0, [], null, 0, 1744381263.3899515, 0, {}]
[{"0": [3, 1, 4, 4, 4, 1, 1, 1, 7, 1, 3, 24, 2, 1, 1, 4, 2]}, null, null, 1, false, [], false, 0, [], null, 0, 1744381263.608099, 0, {}]
[{"0": [1, 2, 2, 46, 36, 2, 2, 4, 1, 4, 1, 3, 2, 5, 5, 2, 1]}, null, null, 2, false, [], false, 0, [], null, 0, 1744381263.8109238, 0, {}]
[{"0": [0, 2, 29, 2, 2, 1, 4, 2, 0, 1, 2, 1, 0, 2, 0, 2, 2]}, null, null, 2, false, [], false, 0, [], null, 0, 1744381264.0293934, 0, {}]
[{"0": [2, 5, 32, 24, 36, 34, 28, 21, 26, 33, 35, 28, 22, 17, 27, 32, 46]}, null, null, 3, false, [], false, 0, [], null, 0, 1744381264.2560303, 0, {}]
[{"0": [1, 2, 2, 3, 2, 31, 21, 35, 27, 38, 26, 32, 35, 25, 21, 32, 1]}, null, null, 4, false, [], false, 0, [], null, 0, 1744381264.4690275, 0, {}]
[{"0": [42, 2, 0, 2, 1, 2, 0, 4, 3, 1, 2, 1, 3, 1, 0, 2, 3]}, null, null, 4, false, [], false, 0, [], null, 0, 1744381264.6968498, 0, {}]
[{"0": [2, 2, 0, 0, 26, 26, 16, 31, 21, 1, 0, 2, 0, 3, 1, 3, 2]}, null, null, 5, false, [], false, 0, [], null, 0, 1744381264.913198, 0, {}]
[{"0": [1, 1, 1, 3, 2, 3, 2, 0, 2, 34, 29, 41, 4, 4, 1, 5, 1]}, null, null, 5, false, [], false, 0, [], null, 0, 1744381265.1231408, 0, {}]
[{"0": [0, 30, 26, 1, 0, 3, 2, 2, 1, 1, 3, 3, 0, 1, 1, 5, 4]}, null, null, 6, false, [], false, 0, [], null, 0, 1744381265.332109, 0, {}]
[{"0": [32, 0, 1, 1, 2, 2, 0, 0, 1, 1, 2, 1, 3, 3, 2, 0, 4]}, null, null, 7, false, [], false, 0, [], null, 0, 1744381265.5486584, 0, {}]
[{"0": [1, 2, 2, 0, 27, 27, 35, 45, 2, 1, 1, 2, 5, 1, 3, 0, 3]}, null, null, 7, false, [], false, 0, [], null, 0, 1744381265.7661963, 0, {}]
[{"0": [0, 3, 3, 3, 1, 1, 7, 0, 2, 1, 1, 4, 2, 4, 0, 31, 38]}, null, null, 8, false, [], false, 0, [], null, 0, 1744381265.9800863, 0, {}]
[{"0": [2, 6, 2, 1, 1, 2, 3, 43, 3, 2, 4, 2, 2, 2, 2, 4, 3]}, null, null, 8, false, [], false, 0, [], null, 0, 1744381266.2010176, 0, {}]
[{"0": [2, 1, 0, 1, 0, 33, 4, 2, 4, 1, 1, 1, 5, 1, 2, 4, 4]}, null, null, 9, false, [], false, 0, [], null, 0, 1744381266.4238436, 0, {}]
[{"0": [3, 3, 1, 2, 3, 2, 2, 4, 5, 1, 1, 2, 2, 2, 2, 27, 36]}, null, null, 10, false, [], false, 0, [], null, 0, 1744381266.6347997, 0, {}]
[{"0": [5, 3, 0, 26, 31, 0, 0, 3, 0, 2, 4, 5, 2, 3, 3, 0, 1]}, null, null, 10, false, [], false, 0, [], null, 0, 1744381266.8488386, 0, {}]
[{"0": [2, 6, 0, 3, 5, 4, 2, 2, 0, 4, 2, 3, 0, 2, 3, 3, 2]}, null, null, 11, false, [], false, 0, [], null, 0, 1744381267.0841732, 0, {}]
[{"0": [0, 6, 2, 2, 2, 1, 3, 35, 5, 3, 3, 0, 2, 1, 3, 0, 0]}, null, null, 11, false, [], false, 0, [], null, 0, 1744381267.2779484, 0, {}]
[{"0": [2, 3, 3, 2, 34, 22, 28, 2, 0, 3, 0, 3, 1, 3, 1, 2, 1]}, null, null, 12, false, [], false, 0, [], null, 0, 1744381267.4984214, 0, {}]
[{"0": [3, 1, 0, 2, 3, 2, 0, 3, 1, 1, 1, 1, 34, 33, 33, 26, 27]}, null, null, 13, false, [], false, 0, [], null, 0, 1744381267.7303994, 0, {}]
[{"0": [2, 2, 4, 1, 31, 38, 27, 32, 21, 30, 34, 29, 2, 4, 3, 3, 2]}, null, null, 13, false, [], false, 0, [], null, 0, 1744381267.9324841, 0, {}]
[{"0": [3, 2, 1, 40, 29, 34, 32, 31, 31, 31, 39, 2, 1, 0, 3, 2, 2]}, null, null, 14, false, [], false, 0, [], null, 0, 1744381268.1455562, 0, {}]
[{"0": [2, 2, 1, 3, 1, 2, 0, 2, 2, 2, 3, 2, 1, 2, 1, 3, 6]}, null, null, 14, false, [], false, 0, [], null, 0, 1744381268.3677955, 0, {}]
[{"0": [2, 1, 2, 3, 4, 3, 3, 0, 0, 23, 35, 23, 26, 36, 23, 3, 1]}, null, null, 15, false, [], false, 0, [], null, 0, 1744381268.5843444, 0, {}]
[{"0": [32, 36, 28, 37, 35, 28, 22, 32, 21, 24, 1, 2, 1, 2, 2, 1, 0]}, null, null, 16, false, [], false, 0, [], null, 0, 1744381268.8042693, 0, {}]
[{"0": [2, 1, 4, 1, 1, 3, 1, 2, 3, 4, 3, 3, 1, 3, 0, 1, 0]}, null, null, 16, false, [], false, 0, [], null, 0, 1744381269.0280077, 0, {}]
[{"0": [21, 24, 31, 26, 25, 36, 31, 2, 3, 3, 2, 3, 1, 0, 2, 3, 3]}, null, null, 17, false, [], false, 0, [], null, 0, 1744381269.2372172, 0, {}]
[{"0": [2, 2, 0, 3, 1, 2, 1, 2, 1, 3, 3, 4, 1, 6, 4, 30, 3]}, null, null, 17, false, [], false, 0, [], null, 0, 1744381269.466793, 0, {}]
[{"0": [2, 2, 3, 4, 0, 1, 2, 6, 2, 1, 3, 0, 1, 34, 30, 2, 3]}, null, null, 18, false, [], false, 0, [], null, 0, 1744381269.6709492, 0, {}]
[{"0": [38, 1, 4, 24, 29, 1, 2, 3, 4, 2, 0, 2, 2, 2, 1, 2, 1]}, null, null, 19, false, [], false, 0, [], null, 0, 1744381269.888766, 0, {}]
[{"0": [3, 1, 2, 3, 4, 2, 5, 2, 2, 3, 4, 4, 2, 5, 1, 2, 1]}, null, null, 19, false, [], false, 0, [], null, 0, 1744381270.0977988, 0, {}]
[{"0": [1, 3, 2, 1, 3, 5, 2, 2, 3, 3, 32, 25, 33, 37, 27, 25, 35]}, null, null, 20, false, [], false, 0, [], null, 0, 1744381270.3296025, 0, {}]
[{"0": [1, 4, 2, 1, 3, 6, 5, 2, 1, 0, 1, 1, 1, 0, 2, 2, 0]}, null, null, 20, false, [], false, 0, [], null, 0, 1744381270.5487664, 0, {}]
[{"0": [2, 4, 1, 3, 4, 1, 1, 1, 2, 3, 3, 4, 3, 1, 3, 2, 0]}, null, null, 21, false, [], false, 0, [], null, 0, 1744381270.762107, 0, {}]
[{"0": [3, 5, 2, 1, 1, 2, 50, 20, 37, 1, 1, 3, 2, 2, 2, 2, 0]}, null, null, 22, false, [], false, 0, [], null, 0, 1744381270.9744046, 0, {}]
[{"0": [0, 5, 1, 29, 44, 28, 1, 0, 1, 1, 3, 2, 1, 1, 1, 1, 4]}, null, null, 22, false, [], false, 0, [], null, 0, 1744381271.1955898, 0, {}]
[{"0": [3, 3, 4, 1, 2, 1, 1, 3, 2, 4, 2, 2, 1, 2, 2, 3, 35]}, null, null, 23, false, [], false, 0, [], null, 0, 1744381271.392741, 0, {}]
[{"0": [2, 5, 1, 2, 1, 1, 0, 5, 1, 36, 30, 36, 28, 28, 30, 29, 26]}, null, null, 23, false, [], false, 0, [], null, 0, 1744381271.6136117, 0, {}]
[{"0": [3, 2, 2, 1, 2, 2, 0, 1, 1, 0, 0, 1, 1, 0, 0, 38, 24]}, null, null, 24, false, [], false, 0, [], null, 0, 1744381271.8347945, 0, {}]
[{"0": [27, 37, 3, 2, 2, 1, 1, 3, 3, 4, 1, 3, 2, 3, 2, 2, 4]}, null, null, 25, false, [], false, 0, [], null, 0, 1744381272.0571718, 0, {}]
[{"0": [1, 1, 2, 1, 2, 1, 29, 29, 28, 1, 2, 4, 2, 2, 1, 1, 2]}, null, null, 25, false, [], false, 0, [], null, 0, 1744381272.2798882, 0, {}]
[{"0": [0, 2, 1, 3, 3, 1, 1, 0, 1, 1, 1, 2, 3, 3, 38, 1, 1]}, null, null, 26, false, [], false, 0, [], null, 0, 1744381272.483649, 0, {}]
[{"0": [1, 3, 1, 1, 1, 2, 0, 4, 1, 1, 2, 2, 6, 0, 31, 31, 36]}, null, null, 27, false, [], false, 0, [], null, 0, 1744381272.702373, 0, {}]
[{"0": [0, 2, 1, 3, 2, 1, 4, 2, 15, 25, 40, 32, 2, 2, 0, 3, 1]}, null, null, 27, false, [], false, 0, [], null, 0, 1744381272.9125767, 0, {}]
[{"0": [4, 1, 3, 2, 4, 1, 2, 2, 0, 1, 2, 2, 3, 27, 26, 3, 2]}, null, null, 28, false, [], false, 0, [], null, 0, 1744381273.152041, 0, {}]
[{"0": [3, 1, 4, 36, 22, 17, 26, 41, 1, 1, 1, 1, 2, 1, 1, 0, 1]}, null, null, 28, false, [], false, 0, [], null, 0, 1744381273.3546412, 0, {}]
[{"0": [0, 1, 2, 1, 1, 2, 0, 2, 3, 3, 1, 3, 34, 3, 3, 3, 1]}, null, null, 29, false, [], false, 0, [], null, 0, 1744381273.5809195, 0, {}]
[{"0": [1, 2, 5, 0, 2, 2, 1, 1, 0, 0, 4, 4, 0, 1, 2, 2, 5]}, null, null, 30, false, [], false, 0, [], null, 0, 1744381273.7962387, 0, {}]
[{"0": [1, 0, 34, 28, 28, 4, 4, 0, 2, 2, 1, 1, 1, 2, 3, 3, 2]}, null, null, 30, false, [], false, 0, [], null, 0, 1744381273.994522, 0, {}]
[{"0": [2, 2, 4, 3, 1, 3, 7, 1, 29, 33, 2, 2, 2, 1, 3, 1, 4]}, null, null, 31, false, [], false, 0, [], null, 0, 1744381274.2148068, 0, {}]
[{"0": [1, 3, 2, 1, 2, 2, 2, 1, 2, 2, 3, 2, 2, 6, 1, 46, 37]}, null, null, 31, false, [], false, 0, [], null, 0, 1744381274.447653, 0, {}]
[{"0": [28, 28, 36, 31, 23, 23, 32, 33, 40, 41, 41, 39, 40, 25, 28, 27, 30]}, null, null, 32, false, [], false, 0, [], null, 0, 1744381274.6641123, 0, {}]
[{"0": [0, 1, 1, 6, 0, 2, 0, 1, 1, 3, 39, 26, 25, 27, 31, 1, 1]}, null, null, 33, false, [], false, 0, [], null, 0, 1744381274.8795342, 0, {}]
[{"0": [0, 4, 4, 2, 1, 1, 2, 1, 3, 3, 0, 1, 3, 1, 5, 38, 28]}, null, null, 33, false, [], false, 0, [], null, 0, 1744381275.0965354, 0, {}]
[{"0": [25, 26, 24, 37, 2, 1, 3, 1, 2, 1, 3, 1, 2, 2, 3, 3, 3]}, null, null, 34, false, [], false, 0, [], null, 0, 1744381275.2910082, 0, {}]
[{"0": [4, 1, 2, 1, 3, 3, 0, 2, 1, 1, 2, 1, 2, 5, 0, 3, 3]}, null, null, 34, false, [], false, 0, [], null, 0, 1744381275.5161316, 0, {}]
[{"0": [2, 2, 4, 1, 0, 0, 1, 1, 1, 2, 3, 2, 2, 1, 32, 28, 28]}, null, null, 35, false, [], false, 0, [], null, 0, 1744381275.734917, 0, {}]
[{"0": [1, 1, 4, 3, 3, 3, 2, 1, 2, 1, 3, 3, 2, 2, 2, 32, 40]}, null, null, 36, false, [], false, 0, [], null, 0, 1744381275.958208, 0, {}]
[{"0": [26, 27, 33, 29, 23, 13, 1, 1, 2, 4, 1, 3, 0, 3, 1, 0, 0]}, null, null, 36, false, [], false, 0, [], null, 0, 1744381276.1792643, 0, {}]
[{"0": [1, 2, 2, 0, 3, 2, 0, 2, 1, 1, 1, 1, 2, 0, 37, 36, 34]}, null, null, 37, false, [], false, 0, [], null, 0, 1744381276.4009633, 0, {}]
[{"0": [1, 2, 2, 3, 6, 1, 31, 0, 1, 0, 0, 1, 0, 2, 1, 2, 1]}, null, null, 37, false, [], false, 0, [], null, 0, 1744381276.6153455, 0, {}]
[{"0": [1, 1, 3, 2, 1, 0, 2, 0, 1, 1, 1, 31, 22, 30, 2, 3, 2]}, null, null, 38, false, [], false, 0, [], null, 0, 1744381276.8240397, 0, {}]
[{"0": [1, 3, 41, 5, 2, 1, 0, 2, 2, 3, 3, 5, 1, 2, 2, 3, 3]}, null, null, 39, false, [], false, 0, [], null, 0, 1744381277.0289419, 0, {}]
[{"0": [3, 3, 3, 1, 1, 3, 3, 1, 28, 30, 0, 1, 0, 1, 0, 1, 3]}, null, null, 39, false, [], false, 0, [], null, 0, 1744381277.2756875, 0, {}]
[{"0": [1, 3, 29, 37, 27, 2, 2, 3, 1, 3, 0, 2, 2, 3, 0, 0, 5]}, null, null, 40, false, [], false, 0, [], null, 0, 1744381277.472736, 0, {}]
[{"0": [2, 4, 3, 1, 1, 3, 0, 0, 1, 1, 0, 25, 22, 29, 40, 1, 0]}, null, null, 40, false, [], false, 0, [], null, 0, 1744381277.6835685, 0, {}]
[{"0": [3, 5, 3, 3, 3, 3, 3, 2, 3, 0, 1, 42, 3, 3, 2, 3, 3]}, null, null, 41, false, [], false, 0, [], null, 0, 1744381277.8991995, 0, {}]
[{"0": [5, 4, 2, 33, 33, 3, 2, 2, 0, 0, 1, 1, 3, 1, 1, 2, 1]}, null, null, 42, false, [], false, 0, [], null, 0, 1744381278.1209338, 0, {}]
[{"0": [1, 1, 1, 5, 1, 3, 4, 1, 1, 4, 4, 0, 2, 2, 1, 1, 20]}, null, null, 42, false, [], false, 0, [], null, 0, 1744381278.330236, 0, {}]
[{"0": [38, 34, 31, 29, 36, 34, 3, 3, 3, 1, 0, 2, 2, 4, 1, 1, 0]}, null, null, 43, false, [], false, 0, [], null, 0, 1744381278.5650442, 0, {}]
[{"0": [2, 1, 1, 33, 15, 33, 1, 3, 1, 2, 0, 2, 2, 2, 3, 3, 3]}, null, null, 43, false, [], false, 0, [], null, 0, 1744381278.7802625, 0, {}]
[{"0": [1, 2, 2, 4, 2, 3, 4, 3, 0, 0, 1, 1, 1, 3, 3, 2, 1]}, null, null, 44, false, [], false, 0, [], null, 0, 1744381279.0009294, 0, {}]
[{"0": [1, 0, 1, 2, 5, 36, 29, 30, 21, 34, 27, 2, 1, 0, 2, 0, 0]}, null, null, 45, false, [], false, 0, [], null, 0, 1744381279.2049794, 0, {}]
[{"0": [1, 0, 1, 1, 1, 2, 3, 0, 2, 1, 26, 33, 29, 26, 3, 1, 2]}, null, null, 45, false, [], false, 0, [], null, 0, 1744381279.4268484, 0, {}]
[{"0": [5, 6, 0, 3, 2, 0, 2, 4, 1, 2, 6, 1, 29, 27, 23, 24, 38]}, null, null, 46, false, [], false, 0, [], null, 0, 1744381279.64537, 0, {}]
[{"0": [2, 1, 1, 4, 27, 31, 28, 1, 1, 1, 1, 5, 0, 3, 2, 0, 0]}, null, null, 46, false, [], false, 0, [], null, 0, 1744381279.8662498, 0, {}]
[{"0": [35, 29, 24, 30, 4, 0, 2, 3, 3, 3, 3, 0, 5, 1, 2, 1, 2]}, null, null, 47, false, [], false, 0, [], null, 0, 1744381280.0747676, 0, {}]
[{"0": [0, 0, 3, 2, 2, 34, 29, 23, 32, 3, 1, 0, 4, 2, 2, 2, 2]}, null, null, 48, false, [], false, 0, [], null, 0, 1744381280.2919075, 0, {}]
[{"0": [0, 1, 5, 2, 2, 3, 3, 3, 3, 3, 3, 1, 1, 1, 0, 32, 21]}, null, null, 48, false, [], false, 0, [], null, 0, 1744381280.5151267, 0, {}]
[{"0": [2, 2, 3, 3, 30, 30, 21, 37, 28, 30, 25, 26, 28, 3, 6, 3, 0]}, null, null, 49, false, [], false, 0, [], null, 0, 1744381280.7195332, 0, {}]
[{"0": [34, 28, 28, 25, 36, 29, 24, 31, 29, 37, 30, 32, 2, 1, 3, 1, 0]}, null, null, 49, false, [], false, 0, [], null, 0, 1744381280.9388707, 0, {}]
[{"0": [3, 4, 2, 2, 2, 1, 0, 0, 1, 1, 2, 7, 2, 1, 1, 1, 30]}, null, null, 50, false, [], false, 0, [], null, 0, 1744381281.1552854, 0, {}]
[{"0": [2, 2, 1, 1, 2, 2, 4, 3, 0, 3, 1, 34, 31, 37, 36, 4, 3]}, null, null, 51, false, [], false, 0, [], null, 0, 1744381281.3816092, 0, {}]
[{"0": [0, 2, 3, 1, 0, 2, 1, 2, 4, 0, 2, 0, 3, 3, 1, 14, 31]}, null, null, 51, false, [], false, 0, [], null, 0, 1744381281.6016276, 0, {}]
[{"0": [3, 2, 2, 31, 5, 4, 0, 3, 1, 5, 0, 2, 1, 1, 3, 4, 0]}, null, null, 52, false, [], false, 0, [], null, 0, 1744381281.8049212, 0, {}]
[{"0": [1, 3, 2, 2, 1, 2, 3, 3, 2, 45, 2, 1, 7, 4, 4, 4, 4]}, null, null, 52, false, [], false, 0, [], null, 0, 1744381282.0314832, 0, {}]
[{"0": [1, 1, 5, 1, 4, 13, 36, 20, 3, 2, 1, 2, 3, 1, 1, 3, 0]}, null, null, 53, false, [], false, 0, [], null, 0, 1744381282.2311516, 0, {}]
[{"0": [1, 2, 3, 0, 2, 0, 29, 37, 32, 27, 30, 31, 33, 3, 3, 1, 4]}, null, null, 54, false, [], false, 0, [], null, 0, 1744381282.4680333, 0, {}]
[{"0": [4, 0, 4, 4, 1, 1, 4, 41, 27, 31, 0, 2, 2, 2, 1, 1, 3]}, null, null, 54, false, [], false, 0, [], null, 0, 1744381282.6729538, 0, {}]
[{"0": [3, 1, 2, 32, 35, 0, 3, 1, 1, 1, 5, 3, 3, 2, 4, 3, 3]}, null, null, 55, false, [], false, 0, [], null, 0, 1744381282.894873, 0, {}]
[{"0": [34, 24, 32, 4, 0, 3, 1, 0, 1, 1, 1, 0, 3, 0, 1, 1, 3]}, null, null, 55, false, [], false, 0, [], null, 0, 1744381283.099007, 0, {}]
[{"0": [1, 1, 3, 3, 0, 2, 0, 4, 2, 1, 2, 2, 1, 32, 21, 34, 32]}, null, null, 56, false, [], false, 0, [], null, 0, 1744381283.3390622, 0, {}]
[{"0": [1, 2, 2, 0, 2, 2, 1, 1, 0, 1, 24, 3, 4, 1, 2, 2, 2]}, null, null, 57, false, [], false, 0, [], null, 0, 1744381283.5396206, 0, {}]
[{"0": [2, 2, 2, 2, 6, 3, 2, 1, 3, 4, 2, 1, 2, 0, 31, 2, 2]}, null, null, 57, false, [], false, 0, [], null, 0, 1744381283.74913, 0, {}]
[{"0": [38, 24, 27, 31, 2, 4, 5, 1, 1, 2, 2, 1, 3, 2, 6, 1, 0]}, null, null, 58, false, [], false, 0, [], null, 0, 1744381283.9737842, 0, {}]
[{"0": [1, 2, 2, 2, 26, 32, 22, 24, 29, 45, 0, 3, 3, 2, 1, 1, 2]}, null, null, 58, false, [], false, 0, [], null, 0, 1744381284.1963356, 0, {}]
[{"0": [1, 0, 38, 29, 2, 1, 2, 0, 2, 2, 3, 2, 0, 3, 0, 0, 2]}, null, null, 59, false, [], false, 0, [], null, 0, 1744381284.4032786, 0, {}]
[{"0": [2, 1, 1, 0, 3, 2, 43, 32, 30, 3, 3, 0, 0, 1, 1, 3, 2]}, null, null, 60, false, [], false, 0, [], null, 0, 1744381284.6329677, 0, {}]
[{"0": [25, 36, 2, 0, 3, 2, 3, 1, 0, 2, 0, 3, 4, 3, 1, 0, 3]}, null, null, 60, false, [], false, 0, [], null, 0, 1744381284.8463428, 0, {}]
[{"0": [3, 4, 0, 6, 1, 3, 0, 1, 0, 26, 32, 35, 33, 39, 33, 42, 34]}, null, null, 61, false, [], false, 0, [], null, 0, 1744381285.0590303, 0, {}]
[{"0": [3, 0, 5, 0, 3, 31, 23, 25, 25, 34, 29, 35, 32, 28, 39, 22, 36]}, null, null, 61, false, [], false, 0, [], null, 0, 1744381285.270266, 0, {}]
[{"0": [2, 0, 1, 2, 1, 2, 28, 39, 25, 31, 42, 40, 1, 1, 1, 1, 3]}, null, null, 62, false, [], false, 0, [], null, 0, 1744381285.479559, 0, {}]
[{"0": [0, 1, 0, 7, 8, 3, 3, 2, 0, 36, 27, 37, 27, 39, 30, 31, 30]}, null, null, 63, false, [], false, 0, [], null, 0, 1744381285.7039907, 0, {}]
[{"0": [27, 32, 35, 2, 1, 0, 2, 3, 3, 6, 3, 3, 3, 1, 5, 0, 4]}, null, null, 63, false, [], false, 0, [], null, 0, 1744381285.930832, 0, {}]
[{"0": [3, 2, 0, 2, 1, 1, 4, 0, 3, 34, 2, 2, 2, 0, 0, 4, 1]}, null, null, 64, false, [], false, 0, [], null, 0, 1744381286.1365483, 0, {}]
[{"0": [2, 4, 31, 31, 35, 1, 1, 2, 4, 4, 2, 4, 2, 2, 0, 1, 2]}, null, null, 64, false, [], false, 0, [], null, 0, 1744381286.3618357, 0, {}]
[{"0": [29, 33, 39, 28, 29, 35, 33, 22, 46, 3, 6, 2, 3, 1, 0, 0, 2]}, null, null, 65, false, [], false, 0, [], null, 0, 1744381286.5648682, 0, {}]
[{"0": [2, 0, 3, 2, 3, 25, 3, 6, 2, 3, 2, 0, 2, 1, 1, 4, 2]}, null, null, 66, false, [], false, 0, [], null, 0, 1744381286.792796, 0, {}]
[{"0": [3, 1, 5, 0, 25, 21, 2, 3, 6, 1, 1, 1, 2, 2, 2, 4, 4]}, null, null, 66, false, [], false, 0, [], null, 0, 1744381287.0035813, 0, {}]
[{"0": [1, 2, 0, 31, 4, 1, 2, 2, 0, 1, 1, 3, 1, 0, 3, 0, 1]}, null, null, 67, false, [], false, 0, [], null, 0, 1744381287.2138083, 0, {}]
[{"0": [3, 1, 1, 4, 1, 2, 2, 1, 2, 2, 26, 0, 2, 1, 2, 2, 1]}, null, null, 67, false, [], false, 0, [], null, 0, 1744381287.4307108, 0, {}]
[{"0": [2, 2, 2, 0, 2, 1, 1, 2, 2, 0, 2, 4, 0, 1, 2, 38, 2]}, null, null, 68, false, [], false, 0, [], null, 0, 1744381287.655948, 0, {}]
[{"0": [1, 1, 1, 1, 4, 2, 0, 1, 31, 30, 27, 25, 30, 30, 33, 29, 37]}, null, null, 69, false, [], false, 0, [], null, 0, 1744381287.8705103, 0, {}]
[{"0": [29, 34, 36, 22, 27, 0, 2, 2, 2, 1, 0, 3, 3, 3, 1, 2, 1]}, null, null, 69, false, [], false, 0, [], null, 0, 1744381288.0951374, 0, {}]
[{"0": [0, 2, 2, 3, 3, 5, 0, 1, 3, 34, 35, 33, 35, 32, 26, 1, 1]}, null, null, 70, false, [], false, 0, [], null, 0, 1744381288.307169, 0, {}]
[{"0": [1, 1, 1, 0, 3, 3, 3, 2, 2, 2, 2, 2, 1, 1, 25, 40, 36]}, null, null, 70, false, [], false, 0, [], null, 0, 1744381288.5190585, 0, {}]
[{"0": [2, 1, 1, 2, 2, 2, 0, 5, 1, 3, 1, 2, 36, 35, 25, 33, 41]}, null, null, 71, false, [], false, 0, [], null, 0, 1744381288.7457507, 0, {}]
[{"0": [4, 1, 2, 4, 2, 2, 4, 3, 4, 2, 0, 2, 0, 1, 1, 38, 1]}, null, null, 72, false, [], false, 0, [], null, 0, 1744381288.959082, 0, {}]
[{"0": [3, 3, 2, 3, 2, 1, 1, 25, 3, 1, 2, 3, 1, 2, 1, 2, 2]}, null, null, 72, false, [], false, 0, [], null, 0, 1744381289.172391, 0, {}]
[{"0": [1, 2, 1, 6, 4, 1, 3, 1, 5, 0, 0, 5, 5, 2, 2, 3, 2]}, null, null, 73, false, [], false, 0, [], null, 0, 1744381289.3868573, 0, {}]
[{"0": [2, 3, 5, 5, 1, 2, 21, 25, 34, 1, 4, 1, 4, 3, 1, 1, 7]}, null, null, 73, false, [], false, 0, [], null, 0, 1744381289.6072137, 0, {}]
[{"0": [3, 3, 0, 4, 3, 3, 0, 1, 2, 4, 0, 1, 1, 2, 24, 30, 42]}, null, null, 74, false, [], false, 0, [], null, 0, 1744381289.8165562, 0, {}]
[{"0": [6, 3, 0, 1, 0, 1, 4, 1, 2, 37, 32, 25, 4, 2, 2, 2, 3]}, null, null, 75, false, [], false, 0, [], null, 0, 1744381290.0414517, 0, {}]
[{"0": [4, 5, 3, 0, 2, 3, 1, 1, 3, 35, 2, 3, 2, 1, 3, 2, 2]}, null, null, 75, false, [], false, 0, [], null, 0, 1744381290.2506752, 0, {}]
[{"0": [38, 36, 2, 2, 0, 2, 0, 4, 3, 0, 4, 2, 2, 1, 3, 5, 2]}, null, null, 76, false, [], false, 0, [], null, 0, 1744381290.459969, 0, {}]
[{"0": [4, 1, 3, 1, 0, 2, 30, 25, 29, 1, 2, 6, 1, 5, 2, 5, 2]}, null, null, 77, false, [], false, 0, [], null, 0, 1744381290.692743, 0, {}]
[{"0": [2, 3, 1, 2, 0, 2, 3, 2, 1, 2, 1, 1, 1, 0, 4, 39, 47]}, null, null, 77, false, [], false, 0, [], null, 0, 1744381290.9035716, 0, {}]
[{"0": [0, 0, 1, 1, 2, 2, 2, 3, 2, 30, 1, 0, 1, 2, 1, 1, 1]}, null, null, 78, false, [], false, 0, [], null, 0, 1744381291.133872, 0, {}]
[{"0": [0, 3, 1, 1, 0, 1, 35, 32, 38, 31, 34, 0, 3, 2, 2, 3, 2]}, null, null, 78, false, [], false, 0, [], null, 0, 1744381291.3482413, 0, {}]
[{"0": [2, 0, 2, 3, 3, 7, 5, 3, 1, 2, 2, 2, 1, 2, 27, 23, 43]}, null, null, 79, false, [], false, 0, [], null, 0, 1744381291.554558, 0, {}]
[{"0": [35, 21, 24, 4, 4, 0, 2, 0, 1, 0, 3, 2, 4, 0, 1, 1, 1]}, null, null, 80, false, [], false, 0, [], null, 0, 1744381291.7626035, 0, {}]
[{"0": [0, 2, 2, 2, 1, 5, 3, 0, 1, 1, 2, 2, 0, 2, 1, 33, 26]}, null, null, 80, false, [], false, 0, [], null, 0, 1744381291.9829767, 0, {}]
[{"0": [2, 4, 2, 34, 33, 34, 33, 31, 39, 29, 26, 24, 34, 32, 34, 2, 3]}, null, null, 81, false, [], false, 0, [], null, 0, 1744381292.199488, 0, {}]
[{"0": [35, 33, 15, 32, 29, 49, 32, 29, 29, 33, 32, 29, 2, 3, 2, 2, 6]}, null, null, 81, false, [], false, 0, [], null, 0, 1744381292.4166346, 0, {}]
[{"0": [2, 4, 1, 3, 2, 5, 1, 0, 0, 1, 3, 2, 3, 0, 0, 3, 3]}, null, null, 82, false, [], false, 0, [], null, 0, 1744381292.633013, 0, {}]
[{"0": [2, 3, 0, 1, 2, 1, 2, 1, 2, 1, 1, 2, 3, 2, 3, 23, 27]}, null, null, 83, false, [], false, 0, [], null, 0, 1744381292.8543348, 0, {}]
[{"0": [1, 3, 0, 0, 1, 1, 2, 29, 26, 35, 31, 3, 1, 1, 2, 5, 1]}, null, null, 83, false, [], false, 0, [], null, 0, 1744381293.066416, 0, {}]
[{"0": [4, 5, 4, 2, 38, 18, 2, 1, 1, 6, 1, 2, 2, 2, 2, 1, 1]}, null, null, 84, false, [], false, 0, [], null, 0, 1744381293.2835946, 0, {}]
[{"0": [29, 28, 4, 0, 4, 4, 1, 4, 1, 3, 2, 2, 2, 2, 2, 2, 2]}, null, null, 84, false, [], false, 0, [], null, 0, 1744381293.495765, 0, {}]
[{"0": [4, 2, 1, 2, 0, 2, 2, 3, 3, 0, 2, 31, 34, 25, 23, 41, 33]}, null, null, 85, false, [], false, 0, [], null, 0, 1744381293.7150958, 0, {}]
[{"0": [2, 0, 3, 2, 2, 2, 2, 2, 1, 3, 3, 43, 0, 2, 3, 2, 3]}, null, null, 86, false, [], false, 0, [], null, 0, 1744381293.929832, 0, {}]
[{"0": [2, 3, 3, 1, 0, 1, 4, 29, 25, 26, 25, 1, 3, 1, 1, 1, 1]}, null, null, 86, false, [], false, 0, [], null, 0, 1744381294.162305, 0, {}]
[{"0": [1, 2, 1, 3, 1, 32, 31, 24, 2, 2, 1, 1, 3, 1, 0, 1, 2]}, null, null, 87, false, [], false, 0, [], null, 0, 1744381294.3745027, 0, {}]
[{"0": [33, 29, 33, 1, 2, 0, 1, 4, 3, 3, 2, 5, 1, 2, 1, 3, 2]}, null, null, 87, false, [], false, 0, [], null, 0, 1744381294.5889003, 0, {}]
[{"0": [2, 6, 0, 1, 1, 6, 2, 0, 2, 33, 26, 2, 3, 1, 2, 4, 1]}, null, null, 88, false, [], false, 0, [], null, 0, 1744381294.7989528, 0, {}]
[{"0": [2, 4, 31, 27, 30, 29, 26, 29, 30, 27, 26, 39, 30, 30, 32, 32, 27]}, null, null, 89, false, [], false, 0, [], null, 0, 1744381295.0332923, 0, {}]
[{"0": [0, 2, 1, 4, 1, 4, 1, 1, 0, 2, 3, 0, 1, 2, 2, 0, 1]}, null, null, 89, false, [], false, 0, [], null, 0, 1744381295.2394242, 0, {}]
[{"0": [2, 2, 1, 1, 1, 2, 1, 1, 6, 3, 2, 1, 0, 3, 2, 0, 1]}, null, null, 90, false, [], false, 0, [], null, 0, 1744381295.4566658, 0, {}]
[{"0": [2, 2, 1, 2, 6, 0, 4, 28, 2, 2, 0, 1, 2, 4, 1, 38, 5]}, null, null, 90, false, [], false, 0, [], null, 0, 1744381295.6843925, 0, {}]
[{"0": [1, 2, 1, 1, 4, 1, 2, 4, 1, 2, 2, 37, 32, 23, 30, 37, 26]}, null, null, 91, false, [], false, 0, [], null, 0, 1744381295.8957195, 0, {}]
[{"0": [1, 1, 3, 2, 4, 3, 3, 1, 2, 3, 0, 0, 1, 1, 0, 28, 25]}, null, null, 92, false, [], false, 0, [], null, 0, 1744381296.1113327, 0, {}]
[{"0": [4, 1, 3, 1, 3, 3, 4, 3, 5, 5, 28, 25, 29, 28, 26, 35, 5]}, null, null, 92, false, [], false, 0, [], null, 0, 1744381296.3317065, 0, {}]
[{"0": [2, 3, 0, 3, 1, 32, 36, 28, 1, 2, 0, 0, 2, 3, 0, 2, 1]}, null, null, 93, false, [], false, 0, [], null, 0, 1744381296.5366633, 0, {}]
[{"0": [0, 1, 1, 2, 2, 2, 1, 2, 32, 0, 1, 2, 1, 0, 2, 0, 2]}, null, null, 93, false, [], false, 0, [], null, 0, 1744381296.7499616, 0, {}]
[{"0": [0, 2, 23, 2, 1, 1, 4, 2, 0, 1, 3, 2, 2, 0, 4, 2, 5]}, null, null, 94, false, [], false, 0, [], null, 0, 1744381296.9856887, 0, {}]
[{"0": [1, 1, 3, 6, 2, 35, 32, 30, 1, 1, 0, 3, 3, 1, 1, 2, 0]}, null, null, 95, false, [], false, 0, [], null, 0, 1744381297.1845722, 0, {}]
[{"0": [2, 3, 1, 2, 23, 29, 1, 2, 2, 2, 2, 2, 4, 3, 2, 3, 2]}, null, null, 95, false, [], false, 0, [], null, 0, 1744381297.4129164, 0, {}]
[{"0": [0, 3, 2, 4, 1, 2, 5, 5, 2, 0, 25, 34, 29, 1, 1, 3, 1]}, null, null, 96, false, [], false, 0, [], null, 0, 1744381297.6130636, 0, {}]
[{"0": [2, 1, 3, 2, 1, 0, 2, 2, 3, 1, 3, 1, 3, 5, 5, 0, 28]}, null, null, 96, false, [], false, 0, [], null, 0, 1744381297.8418002, 0, {}]
[{"0": [1, 3, 0, 1, 0, 3, 5, 2, 3, 0, 3, 28, 31, 3, 2, 0, 3]}, null, null, 97, false, [], false, 0, [], null, 0, 1744381298.047599, 0, {}]
[{"0": [0, 2, 0, 2, 2, 1, 2, 37, 44, 29, 29, 33, 2, 2, 1, 2, 1]}, null, null, 98, false, [], false, 0, [], null, 0, 1744381298.2630405, 0, {}]
[{"0": [0, 3, 0, 3, 3, 3, 2, 3, 1, 1, 1, 28, 0, 3, 1, 1, 2]}, null, null, 98, false, [], false, 0, [], null, 0, 1744381298.482548, 0, {}]
[{"0": [3, 0, 3, 2, 1, 1, 1, 0, 1, 3, 0, 0, 1, 2, 4, 2, 2]}, null, null, 99, false, [], false, 0, [], null, 0, 1744381298.7118986, 0, {}]
[{"0": [1, 1, 1, 0, 2, 2, 1, 4, 3, 3, 1, 0, 28, 25, 32, 32, 32]}, null, null, 99, false, [], false, 0, [], null, 0, 1744381298.9241145, 0, {}]
[{"0": [27, 1, 1, 0, 2, 1, 0, 2, 2, 0, 1, 3, 3, 3, 1, 2, 0]}, null, null, 100, false, [], false, 0, [], null, 0, 1744381299.1366386, 0, {}]
[{"0": [2, 1, 2, 3, 1, 5, 0, 2, 1, 3, 2, 1, 2, 4, 2, 32, 30]}, null, null, 101, false, [], false, 0, [], null, 0, 1744381299.3552759, 0, {}]
[{"0": [3, 1, 1, 3, 1, 1, 3, 29, 35, 31, 18, 35, 3, 1, 1, 0, 3]}, null, null, 101, false, [], false, 0, [], null, 0, 1744381299.5738866, 0, {}]
[{"0": [1, 1, 1, 1, 2, 0, 1, 2, 33, 3, 2, 3, 4, 3, 1, 0, 0]}, null, null, 102, false, [], false, 0, [], null, 0, 1744381299.7857108, 0, {}]
[{"0": [1, 2, 1, 1, 2, 2, 2, 1, 1, 30, 0, 3, 1, 2, 3, 3, 0]}, null, null, 102, false, [], false, 0, [], null, 0, 1744381299.9991074, 0, {}]
[{"0": [1, 2, 1, 0, 1, 3, 6, 3, 5, 2, 1, 3, 0, 0, 4, 34, 0]}, null, null, 103, false, [], false, 0, [], null, 0, 1744381300.2271159, 0, {}]
[{"0": [1, 2, 37, 25, 24, 19, 18, 28, 32, 25, 23, 27, 33, 1, 5, 3, 1]}, null, null, 104, false, [], false, 0, [], null, 0, 1744381300.4497545, 0, {}]
[{"0": [1, 7, 35, 41, 28, 34, 29, 1, 0, 2, 0, 0, 0, 2, 1, 1, 0]}, null, null, 104, false, [], false, 0, [], null, 0, 1744381300.6538918, 0, {}]
[{"0": [1, 0, 2, 2, 0, 2, 2, 26, 27, 0, 0, 1, 2, 2, 3, 1, 3]}, null, null, 105, false, [], false, 0, [], null, 0, 1744381300.870815, 0, {}]
[{"0": [2, 2, 3, 3, 1, 3, 0, 3, 2, 4, 2, 3, 2, 2, 37, 29, 25]}, null, null, 105, false, [], false, 0, [], null, 0, 1744381301.0911927, 0, {}]
[{"0": [2, 2, 2, 2, 5, 2, 4, 2, 2, 4, 2, 0, 2, 1, 2, 0, 1]}, null, null, 106, false, [], false, 0, [], null, 0, 1744381301.305533, 0, {}]
[{"0": [0, 4, 3, 1, 1, 0, 3, 25, 27, 28, 1, 1, 4, 3, 3, 0, 1]}, null, null, 107, false, [], false, 0, [], null, 0, 1744381301.5272415, 0, {}]
[{"0": [2, 3, 2, 1, 0, 4, 2, 2, 31, 31, 42, 1, 0, 2, 6, 2, 3]}, null, null, 107, false, [], false, 0, [], null, 0, 1744381301.734717, 0, {}]
[{"0": [0, 0, 3, 4, 2, 3, 3, 1, 1, 23, 35, 2, 1, 0, 1, 1, 2]}, null, null, 108, false, [], false, 0, [], null, 0, 1744381301.9548562, 0, {}]
[{"0": [2, 3, 22, 45, 25, 29, 0, 1, 0, 2, 0, 1, 3, 2, 2, 2, 1]}, null, null, 108, false, [], false, 0, [], null, 0, 1744381302.176946, 0, {}]
[{"0": [2, 2, 1, 1, 2, 5, 2, 0, 2, 2, 2, 2, 2, 1, 5, 37, 30]}, null, null, 109, false, [], false, 0, [], null, 0, 1744381302.3922627, 0, {}]
[{"0": [3, 2, 1, 2, 5, 3, 28, 36, 38, 28, 30, 26, 29, 38, 27, 27, 26]}, null, null, 110, false, [], false, 0, [], null, 0, 1744381302.601965, 0, {}]
[{"0": [2, 1, 1, 0, 3, 3, 1, 2, 3, 2, 28, 0, 2, 3, 2, 3, 1]}, null, null, 110, false, [], false, 0, [], null, 0, 1744381302.8180199, 0, {}]
[{"0": [3, 3, 1, 2, 1, 1, 5, 2, 4, 2, 0, 1, 25, 0, 3, 1, 2]}, null, null, 111, false, [], false, 0, [], null, 0, 1744381303.0356243, 0, {}]
[{"0": [0, 3, 1, 1, 3, 0, 1, 1, 1, 3, 1, 2, 2, 1, 29, 22, 33]}, null, null, 111, false, [], false, 0, [], null, 0, 1744381303.251729, 0, {}]
[{"0": [2, 2, 1, 4, 2, 0, 4, 4, 1, 1, 2, 17, 23, 24, 26, 30, 27]}, null, null, 112, false, [], false, 0, [], null, 0, 1744381303.4791574, 0, {}]
[{"0": [3, 1, 2, 2, 38, 2, 1, 0, 1, 1, 4, 2, 0, 2, 1, 2, 1]}, null, null, 113, false, [], false, 0, [], null, 0, 1744381303.6904058, 0, {}]
[{"0": [1, 0, 3, 0, 2, 1, 3, 3, 0, 27, 1, 0, 3, 1, 1, 0, 5]}, null, null, 113, false, [], false, 0, [], null, 0, 1744381303.9104304, 0, {}]
[{"0": [3, 0, 6, 3, 1, 4, 1, 1, 1, 1, 4, 1, 4, 0, 2, 31, 31]}, null, null, 114, false, [], false, 0, [], null, 0, 1744381304.1295922, 0, {}]
[{"0": [28, 27, 25, 29, 1, 2, 2, 3, 1, 2, 2, 1, 2, 0, 0, 1, 1]}, null, null, 114, false, [], false, 0, [], null, 0, 1744381304.3440099, 0, {}]
[{"0": [3, 0, 1, 2, 26, 28, 1, 2, 1, 2, 4, 2, 1, 3, 0, 2, 2]}, null, null, 115, false, [], false, 0, [], null, 0, 1744381304.5609238, 0, {}]
[{"0": [3, 0, 3, 0, 3, 3, 1, 24, 31, 32, 29, 30, 1, 1, 3, 1, 3]}, null, null, 116, false, [], false, 0, [], null, 0, 1744381304.7749956, 0, {}]
[{"0": [2, 3, 1, 3, 1, 2, 2, 1, 1, 1, 5, 3, 32, 28, 22, 30, 1]}, null, null, 116, false, [], false, 0, [], null, 0, 1744381304.9877498, 0, {}]
[{"0": [2, 1, 0, 3, 2, 2, 3, 0, 6, 30, 0, 0, 2, 4, 2, 3, 3]}, null, null, 117, false, [], false, 0, [], null, 0, 1744381305.199859, 0, {}]
[{"0": [2, 3, 1, 2, 26, 28, 0, 1, 2, 1, 5, 2, 3, 2, 2, 3, 3]}, null, null, 117, false, [], false, 0, [], null, 0, 1744381305.4183412, 0, {}]
[{"0": [3, 2, 3, 1, 3, 3, 2, 1, 5, 0, 1, 1, 2, 1, 4, 29, 43]}, null, null, 118, false, [], false, 0, [], null, 0, 1744381305.6384883, 0, {}]
[{"0": [1, 3, 3, 28, 27, 25, 37, 25, 29, 0, 0, 1, 2, 1, 3, 1, 3]}, null, null, 119, false, [], false, 0, [], null, 0, 1744381305.8603382, 0, {}]
[{"0": [1, 0, 2, 2, 2, 2, 1, 2, 3, 1, 2, 3, 1, 3, 2, 23, 33]}, null, null, 119, false, [], false, 0, [], null, 0, 1744381306.0734017, 0, {}]
[{"0": [0, 3, 3, 4, 38, 31, 29, 33, 29, 28, 41, 27, 1, 2, 5, 4, 4]}, null, null, 120, false, [], false, 0, [], null, 0, 1744381306.2971551, 0, {}]
[{"0": [3, 1, 2, 1, 1, 1, 0, 6, 1, 1, 4, 1, 33, 32, 31, 1, 3]}, null, null, 120, false, [], false, 0, [], null, 0, 1744381306.5022206, 0, {}]
[{"0": [0, 1, 6, 2, 1, 8, 5, 3, 1, 1, 1, 1, 33, 32, 33, 31, 31]}, null, null, 121, false, [], false, 0, [], null, 0, 1744381306.7257257, 0, {}]
[{"0": [1, 1, 3, 2, 0, 0, 4, 3, 0, 1, 1, 2, 1, 31, 36, 29, 31]}, null, null, 122, false, [], false, 0, [], null, 0, 1744381306.9373195, 0, {}]
[{"0": [3, 1, 2, 1, 3, 2, 1, 2, 2, 1, 1, 1, 1, 3, 6, 2, 1]}, null, null, 122, false, [], false, 0, [], null, 0, 1744381307.1487784, 0, {}]
[{"0": [27, 29, 33, 1, 2, 1, 2, 2, 1, 2, 1, 3, 1, 0, 3, 2, 0]}, null, null, 123, false, [], false, 0, [], null, 0, 1744381307.3658895, 0, {}]
[{"0": [1, 2, 37, 22, 23, 28, 2, 2, 4, 2, 3, 1, 1, 0, 1, 0, 4]}, null, null, 123, false, [], false, 0, [], null, 0, 1744381307.589409, 0, {}]
[{"0": [3, 3, 4, 1, 4, 1, 2, 3, 2, 3, 41, 23, 1, 2, 2, 0, 0]}, null, null, 124, false, [], false, 0, [], null, 0, 1744381307.800492, 0, {}]
[{"0": [3, 3, 6, 1, 32, 23, 25, 28, 0, 1, 3, 3, 2, 0, 3, 1, 3]}, null, null, 125, false, [], false, 0, [], null, 0, 1744381308.036916, 0, {}]
[{"0": [1, 4, 1, 1, 24, 39, 25, 32, 3, 1, 5, 4, 4, 4, 1, 1, 2]}, null, null, 125, false, [], false, 0, [], null, 0, 1744381308.2429845, 0, {}]
[{"0": [1, 1, 1, 10, 0, 2, 2, 3, 2, 1, 1, 1, 1, 1, 3, 4, 20]}, null, null, 126, false, [], false, 0, [], null, 0, 1744381308.459952, 0, {}]
[{"0": [35, 28, 0, 1, 0, 2, 1, 2, 3, 3, 0, 4, 0, 1, 4, 3, 1]}, null, null, 127, false, [], false, 0, [], null, 0, 1744381308.6878724, 0, {}]
[{"0": [3, 3, 2, 2, 2, 0, 1, 4, 2, 2, 3, 5, 1, 2, 1, 33, 43]}, null, null, 127, false, [], false, 0, [], null, 0, 1744381308.8819532, 0, {}]
[{"0": [1, 0, 1, 4, 2, 2, 5, 1, 3, 2, 0, 1, 0, 2, 0, 24, 35]}, null, null, 128, false, [], false, 0, [], null, 0, 1744381309.111501, 0, {}]
[{"0": [1, 1, 4, 3, 1, 4, 0, 2, 0, 2, 25, 29, 1, 3, 1, 1, 2]}, null, null, 128, false, [], false, 0, [], null, 0, 1744381309.326411, 0, {}]
[{"0": [4, 1, 1, 0, 1, 2, 1, 0, 1, 4, 3, 5, 2, 3, 1, 1, 2]}, null, null, 129, false, [], false, 0, [], null, 0, 1744381309.5426483, 0, {}]
[{"0": [4, 4, 2, 1, 2, 2, 1, 5, 5, 2, 1, 3, 2, 3, 0, 28, 37]}, null, null, 130, false, [], false, 0, [], null, 0, 1744381309.760983, 0, {}]
[{"0": [0, 1, 4, 1, 3, 1, 31, 1, 0, 0, 4, 2, 4, 1, 1, 2, 0]}, null, null, 130, false, [], false, 0, [], null, 0, 1744381309.9682672, 0, {}]
[{"0": [5, 0, 2, 0, 1, 1, 3, 2, 1, 2, 1, 4, 30, 23, 34, 1, 1]}, null, null, 131, false, [], false, 0, [], null, 0, 1744381310.1912117, 0, {}]
[{"0": [0, 2, 1, 39, 33, 27, 5, 2, 2, 0, 4, 1, 1, 1, 0, 2, 1]}, null, null, 131, false, [], false, 0, [], null, 0, 1744381310.4193974, 0, {}]
[{"0": [3, 1, 1, 1, 0, 31, 4, 0, 2, 0, 2, 3, 2, 6, 4, 2, 4]}, null, null, 132, false, [], false, 0, [], null, 0, 1744381310.6197288, 0, {}]
[{"0": [1, 2, 1, 3, 4, 1, 1, 1, 2, 0, 2, 1, 2, 3, 1, 33, 34]}, null, null, 133, false, [], false, 0, [], null, 0, 1744381310.837774, 0, {}]
[{"0": [1, 2, 1, 2, 0, 2, 2, 4, 0, 0, 1, 31, 34, 27, 1, 1, 5]}, null, null, 133, false, [], false, 0, [], null, 0, 1744381311.0524304, 0, {}]
[{"0": [3, 1, 7, 2, 1, 4, 22, 2, 4, 1, 1, 5, 1, 2, 0, 2, 3]}, null, null, 134, false, [], false, 0, [], null, 0, 1744381311.2681696, 0, {}]
[{"0": [0, 3, 1, 4, 2, 2, 2, 1, 1, 29, 21, 23, 36, 1, 2, 0, 0]}, null, null, 134, false, [], false, 0, [], null, 0, 1744381311.5016727, 0, {}]
[{"0": [5, 3, 1, 1, 1, 1, 2, 1, 2, 3, 2, 1, 1, 2, 1, 0, 4]}, null, null, 135, false, [], false, 0, [], null, 0, 1744381311.7091002, 0, {}]
[{"0": [2, 1, 0, 3, 2, 0, 2, 1, 1, 28, 3, 2, 0, 3, 2, 2, 4]}, null, null, 136, false, [], false, 0, [], null, 0, 1744381311.926338, 0, {}]
[{"0": [2, 2, 0, 26, 3, 3, 0, 0, 1, 0, 3, 2, 5, 2, 1, 1, 4]}, null, null, 136, false, [], false, 0, [], null, 0, 1744381312.1407413, 0, {}]
[{"0": [2, 0, 2, 1, 2, 1, 6, 1, 32, 30, 0, 1, 1, 5, 1, 3, 2]}, null, null, 137, false, [], false, 0, [], null, 0, 1744381312.3590267, 0, {}]
[{"0": [2, 0, 3, 3, 1, 2, 2, 28, 33, 36, 22, 24, 0, 7, 2, 3, 1]}, null, null, 137, false, [], false, 0, [], null, 0, 1744381312.565233, 0, {}]
[{"0": [3, 2, 3, 0, 3, 3, 0, 4, 2, 1, 2, 32, 30, 26, 6, 4, 3]}, null, null, 138, false, [], false, 0, [], null, 0, 1744381312.783438, 0, {}]
[{"0": [3, 1, 3, 6, 1, 2, 0, 2, 3, 3, 1, 4, 2, 1, 1, 24, 34]}, null, null, 139, false, [], false, 0, [], null, 0, 1744381313.0004394, 0, {}]
[{"0": [2, 1, 2, 0, 3, 2, 0, 1, 2, 0, 1, 3, 3, 1, 1, 5, 5]}, null, null, 139, false, [], false, 0, [], null, 0, 1744381313.2318027, 0, {}]
[{"0": [1, 2, 4, 3, 3, 1, 2, 2, 2, 0, 1, 2, 4, 1, 3, 32, 31]}, null, null, 140, false, [], false, 0, [], null, 0, 1744381313.433561, 0, {}]
[{"0": [2, 4, 4, 2, 3, 10, 1, 1, 1, 22, 27, 4, 3, 0, 2, 1, 2]}, null, null, 140, false, [], false, 0, [], null, 0, 1744381313.6578968, 0, {}]
[{"0": [32, 29, 30, 38, 3, 2, 2, 1, 1, 0, 1, 1, 0, 0, 1, 1, 0]}, null, null, 141, false, [], false, 0, [], null, 0, 1744381313.8710706, 0, {}]
[{"0": [3, 3, 1, 34, 39, 1, 1, 1, 1, 4, 3, 0, 0, 3, 2, 0, 1]}, null, null, 142, false, [], false, 0, [], null, 0, 1744381314.099267, 0, {}]
[{"0": [1, 1, 3, 1, 3, 1, 2, 2, 1, 2, 1, 0, 4, 2, 0, 1, 1]}, null, null, 142, false, [], false, 0, [], null, 0, 1744381314.3100321, 0, {}]
[{"0": [1, 1, 31, 27, 28, 30, 33, 35, 1, 1, 1, 0, 1, 3, 1, 2, 3]}, null, null, 143, false, [], false, 0, [], null, 0, 1744381314.5231094, 0, {}]
[{"0": [4, 3, 5, 2, 2, 1, 3, 1, 1, 2, 2, 32, 24, 2, 2, 0, 2]}, null, null, 143, false, [], false, 0, [], null, 0, 1744381314.7380307, 0, {}]
[{"0": [3, 1, 1, 4, 1, 2, 40, 31, 2, 4, 2, 1, 2, 3, 1, 1, 0]}, null, null, 144, false, [], false, 0, [], null, 0, 1744381314.9576893, 0, {}]
[{"0": [42, 33, 0, 3, 0, 1, 2, 3, 2, 2, 4, 0, 2, 1, 4, 2, 3]}, null, null, 145, false, [], false, 0, [], null, 0, 1744381315.1784348, 0, {}]
[{"0": [4, 2, 5, 0, 3, 2, 2, 2, 2, 1, 1, 1, 1, 1, 34, 31, 30]}, null, null, 145, false, [], false, 0, [], null, 0, 1744381315.3940866, 0, {}]
[{"0": [32, 2, 0, 0, 2, 2, 0, 0, 1, 2, 28, 3, 1, 1, 1, 0, 2]}, null, null, 146, false, [], false, 0, [], null, 0, 1744381315.599533, 0, {}]
[{"0": [36, 26, 36, 26, 16, 0, 0, 1, 2, 1, 0, 2, 1, 1, 1, 1, 1]}, null, null, 146, false, [], false, 0, [], null, 0, 1744381315.8259654, 0, {}]
[{"0": [26, 1, 0, 2, 0, 1, 0, 2, 3, 1, 3, 0, 2, 2, 3, 1, 3]}, null, null, 147, false, [], false, 0, [], null, 0, 1744381316.0374382, 0, {}]
[{"0": [1, 0, 6, 0, 3, 3, 3, 5, 3, 3, 2, 2, 30, 29, 27, 33, 19]}, null, null, 148, false, [], false, 0, [], null, 0, 1744381316.2709005, 0, {}]
[{"0": [2, 2, 1, 2, 4, 0, 2, 3, 1, 0, 3, 1, 0, 3, 3, 44, 1]}, null, null, 148, false, [], false, 0, [], null, 0, 1744381316.4695663, 0, {}]
[{"0": [28, 2, 1, 1, 1, 2, 1, 0, 0, 1, 3, 6, 2, 2, 1, 1, 1]}, null, null, 149, false, [], false, 0, [], null, 0, 1744381316.7029967, 0, {}]
[{"0": [4, 1, 3, 0, 4, 1, 0, 1, 0, 0, 0, 2, 1, 27, 22, 27, 29]}, null, null, 149, false, [], false, 0, [], null, 0, 1744381316.9115236, 0, {}]
[{"0": [3, 0, 2, 2, 0, 2, 1, 2, 3, 39, 26, 27, 5, 2, 1, 0, 2]}, null, null, 150, true, [], false, 0, [], null, 0, 1744381317.127104, 0, {}]
