[{"0": [3, 2, 1, 1, 1, 4, 1, 1, 4, 1, 1, 2, 1, 1, 4, 2, 21]}, null, null, 0, false, [], false, 0, [], null, 0, 1744385024.0576384, 0, {}]
[{"0": [39, 1, 2, 0, 2, 0, 2, 4, 0, 2, 1, 1, 2, 0, 3, 1, 3]}, null, null, 1, false, [], false, 0, [], null, 0, 1744385024.2922502, 0, {}]
[{"0": [3, 1, 0, 0, 28, 36, 38, 1, 2, 3, 1, 2, 1, 5, 2, 1, 4]}, null, null, 1, false, [], false, 0, [], null, 0, 1744385024.5079062, 0, {}]
[{"0": [2, 0, 4, 3, 1, 1, 1, 3, 1, 2, 3, 0, 4, 0, 2, 29, 30]}, null, null, 2, false, [], false, 0, [], null, 0, 1744385024.7213655, 0, {}]
[{"0": [3, 3, 0, 5, 3, 1, 4, 1, 0, 2, 27, 35, 37, 27, 3, 7, 36]}, null, null, 2, false, [], false, 0, [], null, 0, 1744385024.9361308, 0, {}]
[{"0": [0, 2, 1, 4, 4, 1, 0, 2, 1, 2, 1, 3, 32, 24, 26, 20, 28]}, null, null, 3, false, [], false, 0, [], null, 0, 1744385025.1555548, 0, {}]
[{"0": [35, 26, 31, 29, 6, 1, 2, 0, 3, 2, 1, 1, 1, 2, 1, 5, 5]}, null, null, 4, false, [], false, 0, [], null, 0, 1744385025.3813176, 0, {}]
[{"0": [43, 37, 28, 23, 23, 36, 0, 1, 2, 2, 1, 4, 1, 2, 1, 2, 0]}, null, null, 4, false, [], false, 0, [], null, 0, 1744385025.5856519, 0, {}]
[{"0": [0, 0, 3, 0, 4, 1, 3, 1, 2, 19, 1, 3, 0, 5, 3, 0, 0]}, null, null, 5, false, [], false, 0, [], null, 0, 1744385025.8038619, 0, {}]
[{"0": [1, 1, 2, 1, 4, 1, 1, 2, 3, 1, 3, 8, 3, 4, 32, 1, 5]}, null, null, 5, false, [], false, 0, [], null, 0, 1744385026.0173616, 0, {}]
[{"0": [1, 3, 3, 3, 2, 2, 0, 0, 6, 4, 3, 4, 2, 1, 5, 2, 2]}, null, null, 6, false, [], false, 0, [], null, 0, 1744385026.2348151, 0, {}]
[{"0": [1, 25, 21, 26, 25, 33, 37, 41, 3, 2, 2, 2, 0, 0, 2, 1, 3]}, null, null, 7, false, [], false, 0, [], null, 0, 1744385026.450068, 0, {}]
[{"0": [25, 2, 1, 1, 2, 4, 1, 1, 2, 3, 1, 2, 0, 3, 2, 0, 4]}, null, null, 7, false, [], false, 0, [], null, 0, 1744385026.680887, 0, {}]
[{"0": [5, 2, 1, 1, 2, 5, 0, 1, 1, 2, 0, 2, 3, 1, 34, 22, 33]}, null, null, 8, false, [], false, 0, [], null, 0, 1744385026.8844712, 0, {}]
[{"0": [2, 29, 34, 30, 38, 38, 32, 20, 1, 1, 0, 2, 0, 0, 2, 1, 0]}, null, null, 8, false, [], false, 0, [], null, 0, 1744385027.1164415, 0, {}]
[{"0": [3, 2, 2, 3, 3, 2, 1, 3, 0, 2, 1, 2, 1, 24, 22, 26, 31]}, null, null, 9, false, [], false, 0, [], null, 0, 1744385027.3212488, 0, {}]
[{"0": [3, 2, 0, 1, 3, 1, 3, 2, 3, 2, 1, 1, 1, 2, 2, 3, 32]}, null, null, 10, false, [], false, 0, [], null, 0, 1744385027.5420334, 0, {}]
[{"0": [2, 2, 31, 32, 3, 1, 5, 3, 1, 2, 0, 1, 1, 0, 2, 1, 1]}, null, null, 10, false, [], false, 0, [], null, 0, 1744385027.7452357, 0, {}]
[{"0": [0, 1, 28, 28, 32, 24, 28, 21, 35, 0, 1, 1, 0, 0, 1, 0, 1]}, null, null, 11, false, [], false, 0, [], null, 0, 1744385027.973763, 0, {}]
[{"0": [2, 4, 3, 0, 2, 28, 23, 0, 2, 1, 1, 1, 0, 4, 4, 0, 2]}, null, null, 11, false, [], false, 0, [], null, 0, 1744385028.1994534, 0, {}]
[{"0": [0, 0, 1, 4, 32, 35, 21, 18, 32, 25, 2, 1, 1, 0, 3, 5, 3]}, null, null, 12, false, [], false, 0, [], null, 0, 1744385028.408405, 0, {}]
[{"0": [2, 0, 5, 3, 2, 3, 2, 4, 1, 1, 2, 2, 2, 1, 1, 1, 1]}, null, null, 13, false, [], false, 0, [], null, 0, 1744385028.624014, 0, {}]
[{"0": [0, 1, 1, 2, 3, 2, 4, 2, 30, 29, 1, 2, 1, 1, 0, 1, 1]}, null, null, 13, false, [], false, 0, [], null, 0, 1744385028.8386757, 0, {}]
[{"0": [1, 6, 2, 1, 0, 1, 0, 0, 1, 0, 1, 2, 5, 1, 30, 24, 0]}, null, null, 14, false, [], false, 0, [], null, 0, 1744385029.050928, 0, {}]
[{"0": [1, 3, 1, 0, 3, 5, 1, 0, 3, 3, 2, 1, 1, 0, 37, 26, 30]}, null, null, 14, false, [], false, 0, [], null, 0, 1744385029.2814217, 0, {}]
[{"0": [4, 4, 3, 2, 2, 1, 4, 1, 2, 0, 4, 3, 0, 2, 1, 0, 9]}, null, null, 15, false, [], false, 0, [], null, 0, 1744385029.483273, 0, {}]
[{"0": [0, 5, 29, 29, 24, 22, 29, 30, 3, 3, 2, 1, 2, 1, 2, 6, 0]}, null, null, 16, false, [], false, 0, [], null, 0, 1744385029.7059658, 0, {}]
[{"0": [30, 32, 6, 1, 2, 1, 2, 2, 1, 1, 1, 0, 2, 3, 1, 1, 1]}, null, null, 16, false, [], false, 0, [], null, 0, 1744385029.9304729, 0, {}]
[{"0": [1, 1, 0, 1, 2, 1, 0, 2, 31, 38, 35, 30, 26, 30, 22, 40, 27]}, null, null, 17, false, [], false, 0, [], null, 0, 1744385030.1314476, 0, {}]
[{"0": [38, 25, 29, 23, 2, 1, 4, 1, 3, 1, 3, 1, 1, 0, 1, 1, 5]}, null, null, 17, false, [], false, 0, [], null, 0, 1744385030.3456354, 0, {}]
[{"0": [28, 20, 25, 28, 34, 2, 2, 2, 2, 3, 1, 2, 2, 1, 2, 2, 0]}, null, null, 18, false, [], false, 0, [], null, 0, 1744385030.5719173, 0, {}]
[{"0": [1, 3, 2, 2, 3, 3, 2, 3, 21, 20, 3, 0, 1, 1, 1, 3, 0]}, null, null, 19, false, [], false, 0, [], null, 0, 1744385030.7870855, 0, {}]
[{"0": [0, 0, 2, 3, 0, 2, 0, 2, 2, 3, 3, 3, 1, 2, 2, 2, 27]}, null, null, 19, false, [], false, 0, [], null, 0, 1744385031.0133762, 0, {}]
[{"0": [2, 0, 30, 28, 33, 33, 4, 1, 1, 2, 1, 1, 2, 1, 2, 1, 3]}, null, null, 20, false, [], false, 0, [], null, 0, 1744385031.2136438, 0, {}]
[{"0": [1, 2, 1, 4, 0, 2, 4, 0, 3, 4, 1, 1, 28, 24, 3, 1, 2]}, null, null, 20, false, [], false, 0, [], null, 0, 1744385031.4292777, 0, {}]
[{"0": [5, 3, 0, 0, 1, 3, 3, 2, 0, 2, 2, 2, 32, 23, 23, 38, 23]}, null, null, 21, false, [], false, 0, [], null, 0, 1744385031.6548991, 0, {}]
[{"0": [24, 27, 28, 2, 0, 2, 2, 1, 1, 3, 3, 2, 4, 1, 0, 3, 3]}, null, null, 22, false, [], false, 0, [], null, 0, 1744385031.8850758, 0, {}]
[{"0": [1, 0, 0, 3, 1, 0, 1, 3, 2, 32, 31, 23, 32, 26, 23, 2, 1]}, null, null, 22, false, [], false, 0, [], null, 0, 1744385032.0982616, 0, {}]
[{"0": [38, 2, 2, 3, 2, 4, 2, 2, 0, 0, 1, 1, 4, 1, 2, 0, 1]}, null, null, 23, false, [], false, 0, [], null, 0, 1744385032.294506, 0, {}]
[{"0": [2, 1, 4, 2, 1, 2, 0, 4, 3, 1, 1, 0, 20, 26, 24, 19, 25]}, null, null, 23, false, [], false, 0, [], null, 0, 1744385032.5338547, 0, {}]
[{"0": [2, 3, 1, 1, 5, 4, 0, 27, 29, 29, 24, 1, 1, 4, 2, 6, 0]}, null, null, 24, false, [], false, 0, [], null, 0, 1744385032.757162, 0, {}]
[{"0": [2, 0, 0, 1, 32, 20, 30, 23, 36, 28, 40, 29, 3, 2, 1, 0, 4]}, null, null, 25, false, [], false, 0, [], null, 0, 1744385032.9517953, 0, {}]
[{"0": [1, 0, 3, 2, 6, 29, 25, 19, 25, 1, 1, 1, 1, 0, 3, 0, 2]}, null, null, 25, false, [], false, 0, [], null, 0, 1744385033.167025, 0, {}]
[{"0": [0, 1, 1, 0, 6, 2, 2, 1, 1, 1, 3, 3, 2, 1, 34, 17, 23]}, null, null, 26, false, [], false, 0, [], null, 0, 1744385033.382629, 0, {}]
[{"0": [0, 2, 2, 2, 1, 2, 0, 2, 2, 2, 21, 23, 32, 18, 40, 29, 38]}, null, null, 27, false, [], false, 0, [], null, 0, 1744385033.6009858, 0, {}]
[{"0": [0, 0, 0, 3, 1, 5, 2, 2, 0, 35, 20, 23, 1, 5, 2, 1, 2]}, null, null, 27, false, [], false, 0, [], null, 0, 1744385033.8180606, 0, {}]
[{"0": [0, 3, 2, 2, 1, 1, 0, 3, 29, 32, 33, 29, 23, 24, 22, 24, 37]}, null, null, 28, false, [], false, 0, [], null, 0, 1744385034.0377936, 0, {}]
[{"0": [2, 0, 2, 1, 4, 0, 2, 4, 1, 2, 1, 1, 27, 33, 28, 35, 25]}, null, null, 28, false, [], false, 0, [], null, 0, 1744385034.2542598, 0, {}]
[{"0": [1, 2, 2, 3, 0, 32, 39, 38, 26, 33, 21, 21, 36, 3, 0, 3, 0]}, null, null, 29, false, [], false, 0, [], null, 0, 1744385034.4801888, 0, {}]
[{"0": [3, 0, 0, 0, 2, 2, 0, 1, 2, 1, 1, 1, 5, 19, 23, 25, 24]}, null, null, 30, false, [], false, 0, [], null, 0, 1744385034.6945808, 0, {}]
[{"0": [5, 0, 2, 0, 3, 33, 26, 33, 27, 5, 3, 4, 0, 0, 1, 1, 0]}, null, null, 30, false, [], false, 0, [], null, 0, 1744385034.9163601, 0, {}]
[{"0": [3, 0, 1, 1, 2, 4, 1, 4, 3, 1, 1, 34, 22, 28, 17, 20, 18]}, null, null, 31, false, [], false, 0, [], null, 0, 1744385035.1389956, 0, {}]
[{"0": [1, 4, 1, 1, 4, 1, 1, 0, 3, 1, 1, 1, 1, 3, 3, 24, 32]}, null, null, 31, false, [], false, 0, [], null, 0, 1744385035.3308718, 0, {}]
[{"0": [5, 2, 2, 1, 0, 18, 24, 22, 33, 2, 3, 4, 1, 2, 0, 6, 2]}, null, null, 32, false, [], false, 0, [], null, 0, 1744385035.5394435, 0, {}]
[{"0": [2, 4, 1, 3, 2, 2, 1, 2, 1, 2, 4, 1, 34, 22, 23, 20, 34]}, null, null, 33, false, [], false, 0, [], null, 0, 1744385035.7648914, 0, {}]
[{"0": [1, 1, 2, 1, 2, 1, 1, 0, 3, 2, 0, 3, 4, 1, 26, 19, 26]}, null, null, 33, false, [], false, 0, [], null, 0, 1744385035.9814034, 0, {}]
[{"0": [4, 0, 1, 4, 4, 1, 2, 3, 1, 3, 0, 4, 0, 0, 2, 29, 28]}, null, null, 34, false, [], false, 0, [], null, 0, 1744385036.193226, 0, {}]
[{"0": [2, 2, 2, 29, 30, 33, 33, 18, 36, 2, 3, 2, 2, 0, 2, 2, 1]}, null, null, 34, false, [], false, 0, [], null, 0, 1744385036.4273891, 0, {}]
[{"0": [31, 2, 1, 3, 1, 2, 1, 1, 2, 2, 1, 2, 3, 1, 2, 2, 2]}, null, null, 35, false, [], false, 0, [], null, 0, 1744385036.6363723, 0, {}]
[{"0": [4, 1, 0, 4, 0, 5, 3, 2, 1, 3, 3, 1, 1, 1, 0, 5, 27]}, null, null, 36, false, [], false, 0, [], null, 0, 1744385036.8646984, 0, {}]
[{"0": [3, 3, 3, 1, 0, 0, 1, 2, 3, 2, 3, 4, 5, 0, 2, 1, 34]}, null, null, 36, false, [], false, 0, [], null, 0, 1744385037.0688171, 0, {}]
[{"0": [33, 22, 28, 3, 6, 2, 1, 2, 2, 2, 2, 1, 27, 26, 34, 18, 1]}, null, null, 37, false, [], false, 0, [], null, 0, 1744385037.2874913, 0, {}]
[{"0": [1, 1, 2, 4, 1, 2, 0, 2, 34, 4, 2, 0, 1, 2, 0, 1, 3]}, null, null, 37, false, [], false, 0, [], null, 0, 1744385037.493951, 0, {}]
[{"0": [1, 1, 3, 3, 2, 2, 1, 1, 6, 4, 2, 1, 1, 0, 1, 1, 0]}, null, null, 38, false, [], false, 0, [], null, 0, 1744385037.7327766, 0, {}]
[{"0": [3, 4, 0, 0, 3, 2, 30, 25, 25, 27, 29, 2, 0, 1, 1, 1, 0]}, null, null, 39, false, [], false, 0, [], null, 0, 1744385037.9434729, 0, {}]
[{"0": [3, 5, 0, 1, 1, 16, 2, 3, 3, 1, 4, 3, 1, 2, 5, 1, 2]}, null, null, 39, false, [], false, 0, [], null, 0, 1744385038.1654944, 0, {}]
[{"0": [0, 1, 2, 3, 3, 1, 0, 30, 1, 1, 3, 3, 1, 2, 0, 1, 1]}, null, null, 40, false, [], false, 0, [], null, 0, 1744385038.3826814, 0, {}]
[{"0": [2, 1, 2, 1, 24, 0, 0, 0, 1, 2, 2, 1, 1, 3, 4, 2, 3]}, null, null, 40, false, [], false, 0, [], null, 0, 1744385038.5871942, 0, {}]
[{"0": [38, 35, 29, 33, 0, 4, 0, 2, 2, 2, 3, 2, 1, 2, 1, 5, 2]}, null, null, 41, false, [], false, 0, [], null, 0, 1744385038.809886, 0, {}]
[{"0": [24, 17, 25, 1, 1, 3, 0, 5, 3, 1, 5, 0, 0, 3, 4, 3, 3]}, null, null, 42, false, [], false, 0, [], null, 0, 1744385039.0241997, 0, {}]
[{"0": [2, 5, 2, 1, 1, 0, 20, 1, 0, 2, 0, 2, 2, 4, 1, 1, 4]}, null, null, 42, false, [], false, 0, [], null, 0, 1744385039.2391322, 0, {}]
[{"0": [3, 3, 3, 2, 0, 2, 31, 25, 24, 21, 23, 31, 0, 2, 0, 3, 4]}, null, null, 43, false, [], false, 0, [], null, 0, 1744385039.4568691, 0, {}]
[{"0": [0, 2, 3, 2, 0, 1, 0, 8, 0, 1, 0, 6, 5, 21, 38, 33, 32]}, null, null, 43, false, [], false, 0, [], null, 0, 1744385039.6753027, 0, {}]
[{"0": [3, 1, 2, 1, 4, 2, 3, 2, 1, 4, 32, 1, 1, 1, 1, 2, 2]}, null, null, 44, false, [], false, 0, [], null, 0, 1744385039.8786893, 0, {}]
[{"0": [1, 4, 3, 2, 4, 24, 26, 26, 3, 2, 1, 4, 2, 2, 1, 2, 4]}, null, null, 45, false, [], false, 0, [], null, 0, 1744385040.1036735, 0, {}]
[{"0": [1, 2, 4, 1, 1, 0, 1, 6, 1, 3, 1, 4, 3, 2, 0, 39, 7]}, null, null, 45, false, [], false, 0, [], null, 0, 1744385040.3219433, 0, {}]
[{"0": [2, 1, 3, 2, 2, 2, 1, 2, 20, 26, 31, 28, 18, 29, 33, 28, 31]}, null, null, 46, false, [], false, 0, [], null, 0, 1744385040.5253003, 0, {}]
[{"0": [1, 1, 1, 2, 1, 1, 4, 3, 1, 28, 2, 4, 1, 1, 4, 3, 5]}, null, null, 46, false, [], false, 0, [], null, 0, 1744385040.743361, 0, {}]
[{"0": [3, 2, 28, 26, 4, 3, 2, 1, 3, 2, 1, 0, 0, 2, 1, 3, 0]}, null, null, 47, false, [], false, 0, [], null, 0, 1744385040.9751012, 0, {}]
[{"0": [1, 1, 0, 3, 1, 2, 2, 3, 1, 2, 1, 2, 2, 0, 3, 30, 21]}, null, null, 48, false, [], false, 0, [], null, 0, 1744385041.1745307, 0, {}]
[{"0": [4, 5, 37, 4, 3, 0, 2, 3, 1, 1, 0, 0, 2, 2, 1, 2, 1]}, null, null, 48, false, [], false, 0, [], null, 0, 1744385041.4007509, 0, {}]
[{"0": [33, 27, 16, 1, 1, 0, 1, 2, 2, 2, 0, 2, 2, 3, 2, 2, 1]}, null, null, 49, false, [], false, 0, [], null, 0, 1744385041.6200547, 0, {}]
[{"0": [3, 0, 3, 2, 3, 0, 3, 3, 2, 1, 3, 1, 2, 0, 1, 2, 2]}, null, null, 49, false, [], false, 0, [], null, 0, 1744385041.8339088, 0, {}]
[{"0": [0, 2, 2, 26, 2, 3, 2, 1, 3, 4, 2, 1, 0, 0, 1, 2, 1]}, null, null, 50, false, [], false, 0, [], null, 0, 1744385042.0543394, 0, {}]
[{"0": [3, 0, 1, 3, 1, 3, 0, 1, 0, 3, 29, 28, 22, 0, 1, 1, 0]}, null, null, 51, false, [], false, 0, [], null, 0, 1744385042.2640092, 0, {}]
[{"0": [1, 1, 1, 1, 1, 2, 2, 4, 26, 24, 26, 1, 1, 1, 2, 1, 5]}, null, null, 51, false, [], false, 0, [], null, 0, 1744385042.477392, 0, {}]
[{"0": [1, 7, 0, 2, 3, 5, 4, 0, 0, 0, 1, 2, 26, 30, 1, 0, 2]}, null, null, 52, false, [], false, 0, [], null, 0, 1744385042.714321, 0, {}]
[{"0": [1, 4, 0, 0, 4, 0, 3, 3, 4, 1, 1, 1, 1, 1, 2, 3, 2]}, null, null, 52, false, [], false, 0, [], null, 0, 1744385042.9297075, 0, {}]
[{"0": [0, 2, 2, 1, 3, 1, 3, 2, 36, 23, 1, 3, 0, 1, 0, 1, 2]}, null, null, 53, false, [], false, 0, [], null, 0, 1744385043.13712, 0, {}]
[{"0": [2, 2, 1, 0, 2, 1, 3, 1, 3, 1, 5, 0, 2, 2, 29, 27, 15]}, null, null, 54, false, [], false, 0, [], null, 0, 1744385043.3519268, 0, {}]
[{"0": [1, 1, 2, 2, 1, 2, 3, 0, 27, 26, 25, 35, 23, 26, 30, 18, 28]}, null, null, 54, false, [], false, 0, [], null, 0, 1744385043.5790555, 0, {}]
[{"0": [2, 3, 2, 2, 1, 3, 25, 35, 0, 1, 2, 0, 2, 1, 2, 1, 1]}, null, null, 55, false, [], false, 0, [], null, 0, 1744385043.786918, 0, {}]
[{"0": [2, 1, 1, 2, 1, 3, 30, 31, 33, 34, 35, 1, 3, 2, 0, 1, 0]}, null, null, 55, false, [], false, 0, [], null, 0, 1744385044.0066304, 0, {}]
[{"0": [4, 1, 3, 2, 3, 2, 1, 2, 0, 4, 2, 4, 27, 27, 29, 1, 1]}, null, null, 56, false, [], false, 0, [], null, 0, 1744385044.2310004, 0, {}]
[{"0": [4, 1, 0, 0, 3, 0, 22, 3, 0, 0, 4, 1, 0, 1, 1, 3, 0]}, null, null, 57, false, [], false, 0, [], null, 0, 1744385044.4352787, 0, {}]
[{"0": [2, 1, 2, 3, 2, 1, 3, 2, 3, 3, 1, 0, 22, 32, 29, 24, 33]}, null, null, 57, false, [], false, 0, [], null, 0, 1744385044.6502967, 0, {}]
[{"0": [0, 2, 1, 7, 2, 3, 0, 2, 1, 1, 0, 5, 1, 3, 27, 28, 22]}, null, null, 58, false, [], false, 0, [], null, 0, 1744385044.8667798, 0, {}]
[{"0": [3, 2, 2, 4, 3, 2, 2, 3, 2, 5, 0, 20, 20, 35, 28, 28, 27]}, null, null, 58, false, [], false, 0, [], null, 0, 1744385045.10152, 0, {}]
[{"0": [2, 4, 1, 17, 15, 19, 2, 0, 4, 1, 0, 3, 3, 1, 3, 1, 0]}, null, null, 59, false, [], false, 0, [], null, 0, 1744385045.3049772, 0, {}]
[{"0": [1, 4, 2, 1, 0, 1, 0, 2, 3, 3, 2, 0, 4, 1, 1, 3, 31]}, null, null, 60, false, [], false, 0, [], null, 0, 1744385045.5188403, 0, {}]
[{"0": [2, 1, 2, 1, 2, 2, 1, 3, 2, 1, 1, 2, 0, 19, 36, 29, 29]}, null, null, 60, false, [], false, 0, [], null, 0, 1744385045.7343054, 0, {}]
[{"0": [1, 1, 0, 1, 2, 1, 1, 1, 5, 1, 2, 2, 4, 4, 25, 28, 26]}, null, null, 61, false, [], false, 0, [], null, 0, 1744385045.955099, 0, {}]
[{"0": [4, 1, 2, 2, 6, 1, 1, 3, 1, 2, 2, 4, 2, 21, 24, 28, 28]}, null, null, 61, false, [], false, 0, [], null, 0, 1744385046.1634634, 0, {}]
[{"0": [0, 2, 1, 1, 30, 30, 2, 4, 2, 2, 2, 2, 0, 2, 0, 3, 3]}, null, null, 62, false, [], false, 0, [], null, 0, 1744385046.3946826, 0, {}]
[{"0": [2, 2, 2, 2, 4, 1, 3, 1, 0, 1, 1, 1, 26, 34, 26, 22, 22]}, null, null, 63, false, [], false, 0, [], null, 0, 1744385046.6088188, 0, {}]
[{"0": [3, 3, 3, 1, 17, 33, 26, 1, 1, 1, 4, 1, 1, 0, 2, 0, 0]}, null, null, 63, false, [], false, 0, [], null, 0, 1744385046.8158762, 0, {}]
[{"0": [2, 2, 0, 1, 0, 6, 1, 2, 1, 2, 5, 2, 1, 1, 2, 2, 21]}, null, null, 64, false, [], false, 0, [], null, 0, 1744385047.0452483, 0, {}]
[{"0": [0, 0, 38, 1, 1, 2, 0, 5, 2, 1, 2, 2, 4, 0, 3, 3, 1]}, null, null, 64, false, [], false, 0, [], null, 0, 1744385047.262431, 0, {}]
[{"0": [1, 1, 0, 0, 2, 32, 3, 1, 1, 1, 1, 0, 4, 0, 1, 1, 2]}, null, null, 65, false, [], false, 0, [], null, 0, 1744385047.4786992, 0, {}]
[{"0": [4, 2, 1, 0, 1, 1, 1, 2, 3, 2, 0, 8, 4, 2, 1, 1, 1]}, null, null, 66, false, [], false, 0, [], null, 0, 1744385047.692494, 0, {}]
[{"0": [2, 2, 4, 4, 5, 1, 1, 4, 1, 2, 1, 2, 0, 0, 32, 33, 25]}, null, null, 66, false, [], false, 0, [], null, 0, 1744385047.9088955, 0, {}]
[{"0": [0, 2, 4, 1, 2, 1, 2, 1, 3, 2, 1, 3, 3, 1, 3, 1, 4]}, null, null, 67, false, [], false, 0, [], null, 0, 1744385048.1228008, 0, {}]
[{"0": [2, 1, 1, 2, 1, 3, 3, 1, 2, 0, 0, 2, 2, 4, 0, 2, 24]}, null, null, 67, false, [], false, 0, [], null, 0, 1744385048.3436196, 0, {}]
[{"0": [2, 0, 3, 2, 1, 0, 1, 0, 4, 2, 31, 32, 23, 0, 0, 8, 0]}, null, null, 68, false, [], false, 0, [], null, 0, 1744385048.5435064, 0, {}]
[{"0": [0, 2, 0, 30, 2, 2, 2, 5, 3, 4, 0, 2, 3, 2, 2, 0, 1]}, null, null, 69, false, [], false, 0, [], null, 0, 1744385048.7786984, 0, {}]
[{"0": [2, 3, 2, 5, 0, 1, 0, 1, 1, 1, 1, 2, 3, 3, 26, 21, 17]}, null, null, 69, false, [], false, 0, [], null, 0, 1744385048.9846604, 0, {}]
[{"0": [1, 0, 3, 3, 0, 1, 2, 30, 2, 0, 1, 1, 1, 1, 1, 0, 1]}, null, null, 70, false, [], false, 0, [], null, 0, 1744385049.1996288, 0, {}]
[{"0": [5, 1, 4, 3, 5, 2, 3, 1, 2, 3, 1, 2, 0, 0, 1, 19, 29]}, null, null, 70, false, [], false, 0, [], null, 0, 1744385049.4173813, 0, {}]
[{"0": [1, 2, 3, 4, 5, 4, 3, 0, 1, 1, 1, 2, 3, 2, 4, 1, 24]}, null, null, 71, false, [], false, 0, [], null, 0, 1744385049.6349933, 0, {}]
[{"0": [4, 0, 1, 1, 4, 4, 2, 1, 1, 2, 1, 3, 2, 1, 2, 32, 20]}, null, null, 72, false, [], false, 0, [], null, 0, 1744385049.8488915, 0, {}]
[{"0": [2, 3, 5, 1, 3, 3, 1, 4, 35, 24, 25, 35, 25, 27, 25, 22, 20]}, null, null, 72, false, [], false, 0, [], null, 0, 1744385050.057405, 0, {}]
[{"0": [2, 1, 1, 2, 0, 5, 1, 30, 3, 3, 1, 0, 1, 2, 1, 1, 1]}, null, null, 73, false, [], false, 0, [], null, 0, 1744385050.292718, 0, {}]
[{"0": [3, 2, 3, 0, 0, 2, 3, 3, 3, 0, 2, 1, 22, 26, 28, 1, 3]}, null, null, 73, false, [], false, 0, [], null, 0, 1744385050.5088317, 0, {}]
[{"0": [4, 2, 2, 2, 2, 4, 2, 2, 1, 0, 3, 3, 2, 3, 2, 2, 19]}, null, null, 74, false, [], false, 0, [], null, 0, 1744385050.7178354, 0, {}]
[{"0": [3, 0, 3, 4, 3, 0, 1, 3, 1, 5, 28, 0, 1, 2, 0, 0, 5]}, null, null, 75, false, [], false, 0, [], null, 0, 1744385050.9257674, 0, {}]
[{"0": [0, 3, 1, 2, 0, 1, 35, 36, 23, 36, 21, 25, 0, 2, 2, 3, 4]}, null, null, 75, false, [], false, 0, [], null, 0, 1744385051.1551027, 0, {}]
[{"0": [3, 4, 2, 4, 1, 2, 1, 0, 1, 2, 3, 3, 1, 1, 5, 1, 2]}, null, null, 76, false, [], false, 0, [], null, 0, 1744385051.3729851, 0, {}]
[{"0": [0, 1, 3, 1, 2, 2, 3, 0, 4, 3, 0, 2, 1, 2, 1, 2, 28]}, null, null, 77, false, [], false, 0, [], null, 0, 1744385051.5778162, 0, {}]
[{"0": [0, 0, 3, 1, 0, 23, 24, 29, 2, 3, 0, 2, 1, 2, 2, 2, 1]}, null, null, 77, false, [], false, 0, [], null, 0, 1744385051.8059804, 0, {}]
[{"0": [0, 4, 1, 1, 1, 1, 0, 2, 1, 5, 30, 22, 4, 4, 4, 2, 0]}, null, null, 78, false, [], false, 0, [], null, 0, 1744385052.0199442, 0, {}]
[{"0": [5, 1, 6, 3, 6, 1, 1, 1, 2, 1, 1, 3, 1, 28, 30, 2, 5]}, null, null, 78, false, [], false, 0, [], null, 0, 1744385052.2391152, 0, {}]
[{"0": [1, 3, 4, 2, 4, 1, 3, 2, 2, 2, 1, 1, 1, 3, 4, 1, 2]}, null, null, 79, false, [], false, 0, [], null, 0, 1744385052.449576, 0, {}]
[{"0": [1, 1, 1, 3, 1, 1, 2, 3, 6, 0, 1, 2, 0, 23, 1, 2, 3]}, null, null, 80, false, [], false, 0, [], null, 0, 1744385052.6799893, 0, {}]
[{"0": [1, 3, 2, 3, 0, 0, 2, 1, 2, 0, 1, 0, 2, 3, 2, 3, 29]}, null, null, 80, false, [], false, 0, [], null, 0, 1744385052.8841288, 0, {}]
[{"0": [3, 5, 2, 3, 3, 3, 4, 3, 24, 30, 30, 22, 3, 1, 4, 1, 3]}, null, null, 81, false, [], false, 0, [], null, 0, 1744385053.103055, 0, {}]
[{"0": [3, 2, 2, 1, 3, 1, 0, 0, 3, 1, 24, 22, 30, 39, 39, 26, 23]}, null, null, 81, false, [], false, 0, [], null, 0, 1744385053.3193152, 0, {}]
[{"0": [3, 2, 2, 2, 2, 4, 2, 1, 0, 3, 3, 7, 3, 0, 2, 2, 25]}, null, null, 82, false, [], false, 0, [], null, 0, 1744385053.5312824, 0, {}]
[{"0": [2, 0, 0, 2, 3, 2, 3, 2, 5, 0, 1, 2, 2, 1, 1, 34, 38]}, null, null, 83, false, [], false, 0, [], null, 0, 1744385053.7422285, 0, {}]
[{"0": [2, 1, 1, 28, 26, 37, 31, 13, 4, 3, 1, 1, 2, 1, 2, 3, 1]}, null, null, 83, false, [], false, 0, [], null, 0, 1744385053.9757328, 0, {}]
[{"0": [3, 2, 3, 4, 32, 31, 15, 39, 24, 3, 2, 2, 3, 2, 3, 3, 2]}, null, null, 84, false, [], false, 0, [], null, 0, 1744385054.177441, 0, {}]
[{"0": [0, 3, 2, 4, 4, 1, 1, 1, 2, 1, 2, 3, 1, 3, 3, 3, 1]}, null, null, 84, false, [], false, 0, [], null, 0, 1744385054.3956454, 0, {}]
[{"0": [1, 1, 0, 0, 1, 1, 3, 0, 3, 1, 2, 1, 4, 2, 2, 3, 27]}, null, null, 85, false, [], false, 0, [], null, 0, 1744385054.6206913, 0, {}]
[{"0": [0, 4, 1, 4, 4, 2, 2, 3, 29, 35, 23, 2, 2, 5, 1, 2, 0]}, null, null, 86, false, [], false, 0, [], null, 0, 1744385054.8298683, 0, {}]
[{"0": [0, 3, 4, 3, 1, 33, 29, 25, 36, 34, 16, 26, 23, 28, 31, 31, 35]}, null, null, 86, false, [], false, 0, [], null, 0, 1744385055.0445714, 0, {}]
[{"0": [2, 3, 3, 2, 4, 3, 1, 0, 2, 2, 1, 1, 31, 38, 1, 1, 2]}, null, null, 87, false, [], false, 0, [], null, 0, 1744385055.2757432, 0, {}]
[{"0": [1, 3, 2, 1, 0, 4, 0, 5, 25, 19, 32, 25, 27, 35, 32, 26, 35]}, null, null, 87, false, [], false, 0, [], null, 0, 1744385055.4756067, 0, {}]
[{"0": [3, 0, 0, 0, 2, 33, 1, 4, 1, 0, 0, 1, 2, 3, 3, 3, 1]}, null, null, 88, false, [], false, 0, [], null, 0, 1744385055.6934452, 0, {}]
[{"0": [1, 1, 3, 4, 3, 3, 0, 2, 2, 2, 1, 2, 5, 0, 24, 1, 1]}, null, null, 89, false, [], false, 0, [], null, 0, 1744385055.908776, 0, {}]
[{"0": [3, 2, 5, 0, 3, 0, 2, 22, 30, 4, 1, 2, 2, 1, 2, 1, 5]}, null, null, 89, false, [], false, 0, [], null, 0, 1744385056.1310208, 0, {}]
[{"0": [0, 3, 2, 3, 0, 3, 1, 3, 1, 25, 22, 22, 31, 16, 25, 27, 26]}, null, null, 90, false, [], false, 0, [], null, 0, 1744385056.3463483, 0, {}]
[{"0": [0, 3, 2, 2, 2, 36, 32, 36, 27, 20, 23, 26, 23, 29, 30, 2, 4]}, null, null, 90, false, [], false, 0, [], null, 0, 1744385056.5741932, 0, {}]
[{"0": [3, 3, 0, 1, 26, 1, 4, 3, 0, 2, 1, 3, 0, 5, 3, 1, 0]}, null, null, 91, false, [], false, 0, [], null, 0, 1744385056.7763503, 0, {}]
[{"0": [1, 1, 2, 32, 23, 23, 26, 18, 25, 34, 21, 3, 1, 1, 1, 4, 0]}, null, null, 92, false, [], false, 0, [], null, 0, 1744385056.9986615, 0, {}]
[{"0": [3, 3, 1, 1, 0, 0, 1, 2, 32, 26, 26, 23, 2, 1, 1, 0, 3]}, null, null, 92, false, [], false, 0, [], null, 0, 1744385057.2121124, 0, {}]
[{"0": [2, 1, 3, 1, 3, 0, 1, 5, 0, 3, 2, 1, 1, 27, 27, 3, 2]}, null, null, 93, false, [], false, 0, [], null, 0, 1744385057.4263852, 0, {}]
[{"0": [1, 1, 2, 2, 0, 1, 2, 0, 21, 15, 30, 30, 36, 0, 0, 2, 2]}, null, null, 93, false, [], false, 0, [], null, 0, 1744385057.6477706, 0, {}]
[{"0": [9, 27, 28, 23, 2, 0, 1, 2, 1, 0, 3, 0, 1, 3, 1, 2, 1]}, null, null, 94, false, [], false, 0, [], null, 0, 1744385057.8663528, 0, {}]
[{"0": [3, 0, 2, 2, 0, 2, 4, 1, 1, 2, 22, 35, 38, 21, 33, 20, 19]}, null, null, 95, false, [], false, 0, [], null, 0, 1744385058.0814703, 0, {}]
[{"0": [2, 1, 2, 1, 2, 24, 18, 29, 1, 2, 1, 0, 1, 5, 0, 2, 4]}, null, null, 95, false, [], false, 0, [], null, 0, 1744385058.300872, 0, {}]
[{"0": [2, 1, 6, 1, 2, 2, 1, 3, 2, 1, 1, 3, 22, 37, 2, 2, 2]}, null, null, 96, false, [], false, 0, [], null, 0, 1744385058.5184321, 0, {}]
[{"0": [1, 0, 35, 1, 1, 4, 3, 0, 1, 2, 3, 1, 1, 1, 2, 3, 2]}, null, null, 96, false, [], false, 0, [], null, 0, 1744385058.7343893, 0, {}]
[{"0": [28, 22, 1, 0, 4, 3, 5, 4, 3, 2, 0, 2, 1, 1, 0, 4, 1]}, null, null, 97, false, [], false, 0, [], null, 0, 1744385058.9385803, 0, {}]
[{"0": [5, 1, 3, 6, 2, 1, 4, 1, 1, 4, 2, 4, 0, 2, 1, 2, 0]}, null, null, 98, false, [], false, 0, [], null, 0, 1744385059.167947, 0, {}]
[{"0": [0, 1, 2, 2, 3, 3, 0, 2, 4, 26, 41, 28, 24, 33, 42, 30, 31]}, null, null, 98, false, [], false, 0, [], null, 0, 1744385059.394558, 0, {}]
[{"0": [23, 2, 1, 2, 2, 3, 0, 2, 1, 2, 6, 1, 1, 2, 1, 2, 2]}, null, null, 99, false, [], false, 0, [], null, 0, 1744385059.5924888, 0, {}]
[{"0": [21, 17, 33, 22, 0, 1, 0, 0, 2, 3, 3, 2, 1, 0, 3, 1, 2]}, null, null, 99, false, [], false, 0, [], null, 0, 1744385059.825063, 0, {}]
[{"0": [2, 1, 0, 3, 31, 33, 19, 25, 28, 24, 23, 0, 2, 1, 0, 6, 0]}, null, null, 100, false, [], false, 0, [], null, 0, 1744385060.0257144, 0, {}]
[{"0": [2, 4, 3, 5, 2, 0, 1, 3, 1, 6, 21, 24, 1, 6, 5, 3, 4]}, null, null, 101, false, [], false, 0, [], null, 0, 1744385060.2519808, 0, {}]
[{"0": [0, 2, 4, 28, 1, 2, 1, 0, 5, 3, 5, 1, 1, 2, 1, 2, 0]}, null, null, 101, false, [], false, 0, [], null, 0, 1744385060.4763792, 0, {}]
[{"0": [0, 2, 2, 1, 4, 0, 2, 1, 0, 29, 2, 3, 3, 2, 7, 5, 0]}, null, null, 102, false, [], false, 0, [], null, 0, 1744385060.6738613, 0, {}]
[{"0": [1, 4, 28, 20, 26, 40, 39, 22, 30, 22, 37, 31, 34, 27, 2, 0, 1]}, null, null, 102, false, [], false, 0, [], null, 0, 1744385060.900832, 0, {}]
[{"0": [2, 1, 2, 0, 1, 3, 0, 1, 1, 0, 26, 23, 25, 27, 20, 24, 25]}, null, null, 103, false, [], false, 0, [], null, 0, 1744385061.110591, 0, {}]
[{"0": [1, 2, 2, 0, 2, 1, 0, 1, 4, 1, 2, 1, 23, 20, 23, 36, 31]}, null, null, 104, false, [], false, 0, [], null, 0, 1744385061.345003, 0, {}]
[{"0": [32, 24, 4, 1, 3, 2, 1, 1, 1, 4, 1, 1, 1, 2, 2, 0, 1]}, null, null, 104, false, [], false, 0, [], null, 0, 1744385061.5465379, 0, {}]
[{"0": [0, 3, 3, 1, 1, 0, 0, 1, 2, 2, 1, 0, 18, 31, 33, 26, 0]}, null, null, 105, false, [], false, 0, [], null, 0, 1744385061.7615535, 0, {}]
[{"0": [3, 0, 3, 1, 0, 4, 1, 2, 1, 2, 0, 0, 35, 28, 0, 1, 1]}, null, null, 105, false, [], false, 0, [], null, 0, 1744385061.9791045, 0, {}]
[{"0": [1, 3, 0, 5, 1, 2, 0, 3, 1, 2, 0, 28, 3, 1, 3, 1, 1]}, null, null, 106, false, [], false, 0, [], null, 0, 1744385062.1938353, 0, {}]
[{"0": [3, 1, 3, 2, 3, 3, 2, 5, 3, 2, 35, 0, 2, 2, 4, 3, 2]}, null, null, 107, false, [], false, 0, [], null, 0, 1744385062.4111378, 0, {}]
[{"0": [0, 3, 1, 4, 1, 5, 4, 2, 1, 0, 0, 1, 1, 2, 1, 2, 28]}, null, null, 107, false, [], false, 0, [], null, 0, 1744385062.625594, 0, {}]
[{"0": [2, 2, 4, 3, 2, 1, 1, 2, 0, 2, 31, 32, 26, 23, 39, 48, 34]}, null, null, 108, false, [], false, 0, [], null, 0, 1744385062.8428936, 0, {}]
[{"0": [0, 1, 0, 2, 0, 2, 0, 1, 3, 0, 0, 0, 3, 2, 2, 2, 29]}, null, null, 108, false, [], false, 0, [], null, 0, 1744385063.0749679, 0, {}]
[{"0": [0, 0, 2, 27, 39, 23, 23, 33, 28, 32, 25, 30, 4, 2, 1, 2, 2]}, null, null, 109, false, [], false, 0, [], null, 0, 1744385063.287085, 0, {}]
[{"0": [0, 1, 1, 2, 2, 1, 4, 1, 3, 1, 31, 39, 32, 28, 23, 29, 26]}, null, null, 110, false, [], false, 0, [], null, 0, 1744385063.5017068, 0, {}]
[{"0": [3, 0, 1, 2, 0, 2, 2, 2, 2, 1, 0, 0, 0, 1, 27, 40, 31]}, null, null, 110, false, [], false, 0, [], null, 0, 1744385063.721291, 0, {}]
[{"0": [2, 1, 0, 0, 1, 2, 4, 0, 36, 40, 40, 4, 0, 2, 1, 1, 3]}, null, null, 111, false, [], false, 0, [], null, 0, 1744385063.9313357, 0, {}]
[{"0": [2, 2, 0, 3, 2, 2, 1, 0, 2, 3, 27, 29, 29, 26, 3, 3, 2]}, null, null, 111, false, [], false, 0, [], null, 0, 1744385064.1474273, 0, {}]
[{"0": [2, 36, 27, 30, 2, 1, 3, 3, 3, 1, 4, 3, 0, 1, 0, 4, 5]}, null, null, 112, false, [], false, 0, [], null, 0, 1744385064.3723357, 0, {}]
[{"0": [2, 1, 4, 25, 3, 3, 2, 1, 2, 1, 0, 2, 1, 1, 3, 1, 2]}, null, null, 113, false, [], false, 0, [], null, 0, 1744385064.575171, 0, {}]
[{"0": [1, 3, 1, 21, 1, 3, 1, 2, 0, 1, 3, 3, 1, 2, 1, 1, 0]}, null, null, 113, false, [], false, 0, [], null, 0, 1744385064.8124177, 0, {}]
[{"0": [35, 24, 19, 37, 31, 29, 34, 20, 26, 36, 28, 29, 17, 32, 27, 22, 30]}, null, null, 114, false, [], false, 0, [], null, 0, 1744385065.010494, 0, {}]
[{"0": [1, 2, 2, 1, 3, 0, 3, 1, 0, 33, 35, 25, 0, 0, 0, 0, 1]}, null, null, 114, false, [], false, 0, [], null, 0, 1744385065.2337906, 0, {}]
[{"0": [1, 2, 6, 1, 1, 2, 2, 4, 3, 1, 1, 1, 2, 2, 2, 1, 26]}, null, null, 115, false, [], false, 0, [], null, 0, 1744385065.4426181, 0, {}]
[{"0": [6, 1, 4, 2, 2, 5, 1, 4, 1, 1, 1, 2, 3, 2, 1, 1, 0]}, null, null, 116, false, [], false, 0, [], null, 0, 1744385065.6754096, 0, {}]
[{"0": [2, 2, 33, 23, 25, 26, 5, 3, 3, 2, 1, 4, 0, 3, 0, 2, 0]}, null, null, 116, false, [], false, 0, [], null, 0, 1744385065.873408, 0, {}]
[{"0": [3, 5, 2, 1, 1, 2, 1, 1, 0, 1, 5, 1, 2, 6, 3, 0, 0]}, null, null, 117, false, [], false, 0, [], null, 0, 1744385066.1071732, 0, {}]
[{"0": [2, 1, 4, 3, 1, 1, 2, 2, 2, 3, 21, 1, 1, 0, 1, 0, 1]}, null, null, 117, false, [], false, 0, [], null, 0, 1744385066.309952, 0, {}]
[{"0": [2, 2, 2, 2, 1, 3, 2, 2, 0, 2, 0, 2, 1, 2, 1, 1, 28]}, null, null, 118, false, [], false, 0, [], null, 0, 1744385066.526606, 0, {}]
[{"0": [1, 0, 5, 1, 1, 2, 1, 1, 0, 2, 2, 3, 3, 2, 1, 2, 26]}, null, null, 119, false, [], false, 0, [], null, 0, 1744385066.7413857, 0, {}]
[{"0": [2, 2, 2, 0, 3, 5, 3, 1, 24, 28, 4, 0, 1, 0, 1, 3, 7]}, null, null, 119, false, [], false, 0, [], null, 0, 1744385066.9741137, 0, {}]
[{"0": [1, 3, 2, 2, 2, 1, 3, 23, 32, 34, 30, 1, 0, 1, 0, 3, 4]}, null, null, 120, false, [], false, 0, [], null, 0, 1744385067.1817014, 0, {}]
[{"0": [1, 3, 1, 1, 0, 0, 2, 27, 32, 0, 2, 3, 3, 0, 1, 2, 1]}, null, null, 120, false, [], false, 0, [], null, 0, 1744385067.3949957, 0, {}]
[{"0": [4, 2, 4, 1, 3, 3, 2, 1, 4, 1, 0, 1, 2, 3, 27, 2, 0]}, null, null, 121, false, [], false, 0, [], null, 0, 1744385067.6307826, 0, {}]
[{"0": [1, 1, 2, 1, 4, 1, 29, 19, 25, 34, 27, 30, 1, 2, 2, 4, 1]}, null, null, 122, false, [], false, 0, [], null, 0, 1744385067.8351822, 0, {}]
[{"0": [0, 2, 3, 31, 30, 30, 0, 2, 0, 1, 3, 1, 6, 3, 4, 0, 1]}, null, null, 122, false, [], false, 0, [], null, 0, 1744385068.0506527, 0, {}]
[{"0": [0, 2, 1, 0, 4, 2, 0, 3, 2, 3, 31, 1, 1, 3, 0, 3, 1]}, null, null, 123, false, [], false, 0, [], null, 0, 1744385068.2807734, 0, {}]
[{"0": [2, 4, 2, 2, 2, 1, 28, 22, 21, 32, 33, 25, 24, 25, 34, 24, 27]}, null, null, 123, false, [], false, 0, [], null, 0, 1744385068.483791, 0, {}]
[{"0": [2, 4, 2, 1, 2, 1, 1, 3, 1, 0, 1, 38, 35, 35, 22, 31, 36]}, null, null, 124, false, [], false, 0, [], null, 0, 1744385068.701965, 0, {}]
[{"0": [3, 1, 2, 0, 1, 3, 1, 2, 1, 3, 2, 0, 36, 25, 39, 22, 26]}, null, null, 125, false, [], false, 0, [], null, 0, 1744385068.917818, 0, {}]
[{"0": [3, 2, 3, 3, 3, 5, 7, 1, 2, 1, 2, 1, 4, 1, 34, 2, 0]}, null, null, 125, false, [], false, 0, [], null, 0, 1744385069.130233, 0, {}]
[{"0": [2, 3, 3, 4, 1, 2, 3, 3, 1, 1, 3, 1, 4, 1, 39, 29, 33]}, null, null, 126, false, [], false, 0, [], null, 0, 1744385069.3518608, 0, {}]
[{"0": [2, 1, 23, 17, 29, 23, 38, 4, 3, 2, 1, 2, 2, 3, 0, 2, 2]}, null, null, 127, false, [], false, 0, [], null, 0, 1744385069.563847, 0, {}]
[{"0": [2, 1, 0, 2, 2, 4, 0, 1, 2, 3, 1, 4, 1, 26, 27, 21, 28]}, null, null, 127, false, [], false, 0, [], null, 0, 1744385069.7753155, 0, {}]
[{"0": [0, 2, 2, 0, 0, 0, 2, 2, 3, 36, 35, 2, 2, 3, 0, 4, 4]}, null, null, 128, false, [], false, 0, [], null, 0, 1744385069.994176, 0, {}]
[{"0": [0, 0, 0, 3, 2, 1, 2, 2, 4, 1, 0, 3, 2, 5, 25, 34, 36]}, null, null, 128, false, [], false, 0, [], null, 0, 1744385070.2098744, 0, {}]
[{"0": [2, 2, 2, 2, 2, 5, 4, 0, 0, 3, 1, 3, 3, 0, 32, 24, 0]}, null, null, 129, false, [], false, 0, [], null, 0, 1744385070.433063, 0, {}]
[{"0": [2, 2, 3, 2, 1, 24, 33, 0, 3, 2, 2, 0, 0, 0, 2, 0, 2]}, null, null, 130, false, [], false, 0, [], null, 0, 1744385070.6500103, 0, {}]
[{"0": [2, 2, 1, 1, 1, 3, 4, 29, 31, 51, 25, 1, 3, 2, 1, 0, 2]}, null, null, 130, false, [], false, 0, [], null, 0, 1744385070.8588667, 0, {}]
[{"0": [0, 3, 4, 18, 24, 28, 34, 30, 24, 26, 28, 26, 28, 32, 24, 26, 2]}, null, null, 131, false, [], false, 0, [], null, 0, 1744385071.0885894, 0, {}]
[{"0": [18, 30, 26, 1, 2, 4, 0, 2, 2, 0, 2, 6, 2, 0, 0, 1, 3]}, null, null, 131, false, [], false, 0, [], null, 0, 1744385071.3042054, 0, {}]
[{"0": [2, 1, 37, 28, 26, 33, 0, 1, 1, 0, 1, 4, 1, 1, 4, 0, 1]}, null, null, 132, false, [], false, 0, [], null, 0, 1744385071.5122612, 0, {}]
[{"0": [3, 1, 3, 1, 2, 4, 0, 4, 0, 3, 2, 30, 26, 33, 30, 0, 1]}, null, null, 133, false, [], false, 0, [], null, 0, 1744385071.7291787, 0, {}]
[{"0": [3, 2, 4, 2, 3, 28, 33, 26, 31, 23, 3, 1, 3, 1, 2, 1, 2]}, null, null, 133, false, [], false, 0, [], null, 0, 1744385071.9451277, 0, {}]
[{"0": [1, 1, 2, 1, 1, 1, 2, 2, 1, 0, 1, 1, 2, 2, 34, 28, 2]}, null, null, 134, false, [], false, 0, [], null, 0, 1744385072.1738482, 0, {}]
[{"0": [2, 0, 2, 2, 4, 4, 2, 3, 2, 2, 1, 1, 24, 38, 30, 18, 26]}, null, null, 134, false, [], false, 0, [], null, 0, 1744385072.3760486, 0, {}]
[{"0": [3, 1, 33, 30, 31, 28, 33, 30, 31, 18, 40, 4, 3, 0, 1, 3, 1]}, null, null, 135, false, [], false, 0, [], null, 0, 1744385072.5931158, 0, {}]
[{"0": [2, 4, 3, 2, 2, 2, 1, 1, 2, 3, 27, 2, 7, 3, 3, 4, 2]}, null, null, 136, false, [], false, 0, [], null, 0, 1744385072.8201282, 0, {}]
[{"0": [3, 1, 4, 0, 2, 2, 4, 1, 1, 1, 3, 0, 3, 39, 3, 3, 0]}, null, null, 136, false, [], false, 0, [], null, 0, 1744385073.0290096, 0, {}]
[{"0": [3, 0, 3, 1, 2, 1, 3, 0, 4, 0, 3, 4, 2, 2, 1, 1, 34]}, null, null, 137, false, [], false, 0, [], null, 0, 1744385073.2427254, 0, {}]
[{"0": [2, 2, 1, 1, 0, 2, 2, 2, 4, 4, 2, 4, 25, 27, 34, 26, 21]}, null, null, 137, false, [], false, 0, [], null, 0, 1744385073.4746933, 0, {}]
[{"0": [3, 3, 1, 1, 0, 2, 2, 1, 1, 1, 28, 37, 2, 3, 3, 1, 3]}, null, null, 138, false, [], false, 0, [], null, 0, 1744385073.6960778, 0, {}]
[{"0": [2, 1, 1, 0, 2, 1, 2, 2, 1, 1, 1, 3, 2, 4, 2, 25, 32]}, null, null, 139, false, [], false, 0, [], null, 0, 1744385073.8957005, 0, {}]
[{"0": [28, 37, 28, 4, 2, 2, 3, 2, 2, 2, 0, 1, 4, 2, 2, 1, 1]}, null, null, 139, false, [], false, 0, [], null, 0, 1744385074.1080146, 0, {}]
[{"0": [1, 2, 5, 1, 0, 36, 4, 3, 3, 2, 0, 3, 0, 2, 4, 2, 0]}, null, null, 140, false, [], false, 0, [], null, 0, 1744385074.328298, 0, {}]
[{"0": [2, 2, 0, 2, 4, 1, 2, 0, 4, 1, 1, 3, 1, 0, 26, 27, 28]}, null, null, 140, false, [], false, 0, [], null, 0, 1744385074.5428863, 0, {}]
[{"0": [1, 1, 3, 3, 29, 2, 3, 2, 1, 0, 2, 2, 2, 1, 2, 1, 1]}, null, null, 141, false, [], false, 0, [], null, 0, 1744385074.7711987, 0, {}]
[{"0": [2, 1, 2, 0, 4, 4, 4, 4, 3, 2, 1, 23, 1, 1, 4, 4, 1]}, null, null, 142, false, [], false, 0, [], null, 0, 1744385074.9890258, 0, {}]
[{"0": [1, 1, 1, 1, 2, 2, 1, 5, 28, 4, 1, 0, 2, 3, 3, 0, 3]}, null, null, 142, false, [], false, 0, [], null, 0, 1744385075.1929693, 0, {}]
[{"0": [1, 4, 1, 33, 23, 34, 2, 2, 3, 0, 2, 3, 2, 3, 4, 1, 1]}, null, null, 143, false, [], false, 0, [], null, 0, 1744385075.4327507, 0, {}]
[{"0": [23, 23, 33, 32, 19, 36, 6, 0, 4, 5, 3, 2, 3, 2, 2, 1, 1]}, null, null, 143, false, [], false, 0, [], null, 0, 1744385075.628509, 0, {}]
[{"0": [1, 2, 1, 0, 1, 2, 4, 2, 4, 24, 34, 4, 5, 3, 1, 1, 2]}, null, null, 144, false, [], false, 0, [], null, 0, 1744385075.8507817, 0, {}]
[{"0": [3, 0, 3, 3, 0, 3, 2, 2, 29, 31, 1, 1, 0, 1, 1, 2, 2]}, null, null, 145, false, [], false, 0, [], null, 0, 1744385076.0803158, 0, {}]
[{"0": [1, 0, 3, 1, 4, 4, 2, 0, 31, 33, 31, 33, 4, 2, 0, 2, 4]}, null, null, 145, false, [], false, 0, [], null, 0, 1744385076.2732682, 0, {}]
[{"0": [1, 1, 1, 2, 2, 2, 39, 23, 29, 35, 34, 22, 31, 26, 38, 19, 3]}, null, null, 146, false, [], false, 0, [], null, 0, 1744385076.5077097, 0, {}]
[{"0": [4, 0, 2, 5, 2, 3, 0, 5, 0, 0, 4, 1, 1, 2, 2, 1, 1]}, null, null, 146, false, [], false, 0, [], null, 0, 1744385076.721027, 0, {}]
[{"0": [2, 0, 0, 2, 1, 2, 1, 3, 26, 33, 23, 29, 4, 2, 2, 2, 0]}, null, null, 147, false, [], false, 0, [], null, 0, 1744385076.9386902, 0, {}]
[{"0": [3, 2, 5, 1, 2, 2, 0, 6, 2, 1, 0, 2, 22, 33, 18, 2, 0]}, null, null, 148, false, [], false, 0, [], null, 0, 1744385077.1469042, 0, {}]
[{"0": [4, 2, 3, 1, 4, 2, 1, 3, 0, 2, 1, 3, 33, 24, 33, 29, 24]}, null, null, 148, false, [], false, 0, [], null, 0, 1744385077.3621619, 0, {}]
[{"0": [2, 2, 4, 0, 5, 1, 3, 1, 32, 3, 4, 1, 3, 2, 2, 2, 4]}, null, null, 149, false, [], false, 0, [], null, 0, 1744385077.5940492, 0, {}]
[{"0": [41, 26, 36, 25, 31, 28, 37, 26, 23, 36, 18, 31, 3, 3, 3, 0, 2]}, null, null, 149, false, [], false, 0, [], null, 0, 1744385077.799877, 0, {}]
[{"0": [2, 1, 1, 0, 1, 1, 0, 2, 2, 1, 0, 2, 34, 25, 20, 27, 29]}, null, null, 150, true, [], false, 0, [], null, 0, 1744385078.0261164, 0, {}]
