[{"0": [1, 1, 3, 4, 4, 1, 1, 1, 0, 0, 1, 2, 1, 1, 0, 0, 1]}, null, null, 0, false, [], false, 0, [], null, 0, 1744375763.828826, 0, {}]
[{"0": [1, 1, 4, 29, 31, 25, 23, 27, 35, 1, 2, 1, 4, 1, 2, 1, 1]}, null, null, 1, false, [], false, 0, [], null, 0, 1744375764.063249, 0, {}]
[{"0": [3, 21, 0, 2, 1, 2, 3, 3, 0, 0, 2, 2, 3, 2, 0, 0, 1]}, null, null, 1, false, [], false, 0, [], null, 0, 1744375764.2802503, 0, {}]
[{"0": [1, 2, 1, 2, 3, 1, 1, 0, 0, 1, 36, 24, 2, 2, 4, 0, 3]}, null, null, 2, false, [], false, 0, [], null, 0, 1744375764.4955635, 0, {}]
[{"0": [2, 2, 1, 2, 5, 2, 1, 2, 1, 3, 2, 2, 22, 33, 35, 2, 2]}, null, null, 2, false, [], false, 0, [], null, 0, 1744375764.71117, 0, {}]
[{"0": [0, 3, 2, 1, 6, 0, 1, 0, 2, 5, 25, 29, 24, 21, 3, 2, 3]}, null, null, 3, false, [], false, 0, [], null, 0, 1744375764.9211223, 0, {}]
[{"0": [27, 35, 32, 27, 24, 29, 2, 1, 1, 0, 3, 0, 2, 9, 2, 2, 1]}, null, null, 4, false, [], false, 0, [], null, 0, 1744375765.1631336, 0, {}]
[{"0": [1, 2, 0, 1, 3, 1, 0, 0, 4, 31, 25, 5, 2, 1, 0, 1, 1]}, null, null, 4, false, [], false, 0, [], null, 0, 1744375765.3600886, 0, {}]
[{"0": [1, 2, 0, 3, 1, 1, 1, 27, 30, 2, 2, 1, 1, 3, 3, 2, 1]}, null, null, 5, false, [], false, 0, [], null, 0, 1744375765.5829513, 0, {}]
[{"0": [2, 0, 33, 22, 28, 24, 30, 27, 20, 24, 21, 14, 4, 1, 1, 1, 2]}, null, null, 5, false, [], false, 0, [], null, 0, 1744375765.8015192, 0, {}]
[{"0": [1, 21, 36, 24, 30, 33, 31, 27, 0, 1, 3, 0, 1, 1, 2, 4, 5]}, null, null, 6, false, [], false, 0, [], null, 0, 1744375766.0174828, 0, {}]
[{"0": [0, 0, 2, 2, 2, 2, 2, 6, 2, 0, 23, 20, 31, 27, 34, 23, 19]}, null, null, 7, false, [], false, 0, [], null, 0, 1744375766.2318537, 0, {}]
[{"0": [4, 0, 1, 3, 5, 1, 0, 2, 4, 1, 3, 0, 3, 3, 2, 1, 2]}, null, null, 7, false, [], false, 0, [], null, 0, 1744375766.4451516, 0, {}]
[{"0": [1, 3, 1, 2, 2, 0, 1, 1, 2, 0, 24, 29, 20, 1, 1, 1, 1]}, null, null, 8, false, [], false, 0, [], null, 0, 1744375766.6596832, 0, {}]
[{"0": [27, 1, 1, 0, 1, 1, 3, 3, 3, 1, 3, 2, 3, 2, 2, 2, 1]}, null, null, 8, false, [], false, 0, [], null, 0, 1744375766.877312, 0, {}]
[{"0": [1, 1, 2, 2, 1, 1, 2, 1, 2, 28, 21, 3, 2, 1, 1, 1, 2]}, null, null, 9, false, [], false, 0, [], null, 0, 1744375767.0989993, 0, {}]
[{"0": [2, 29, 23, 2, 1, 1, 3, 1, 1, 3, 3, 3, 1, 1, 1, 3, 3]}, null, null, 10, false, [], false, 0, [], null, 0, 1744375767.318144, 0, {}]
[{"0": [2, 2, 3, 2, 0, 32, 30, 2, 3, 9, 5, 1, 1, 0, 2, 1, 3]}, null, null, 10, false, [], false, 0, [], null, 0, 1744375767.5409684, 0, {}]
[{"0": [2, 2, 1, 2, 2, 2, 2, 1, 0, 4, 22, 24, 1, 2, 3, 2, 2]}, null, null, 11, false, [], false, 0, [], null, 0, 1744375767.7434196, 0, {}]
[{"0": [0, 4, 24, 25, 35, 32, 24, 3, 3, 1, 2, 2, 3, 2, 4, 2, 2]}, null, null, 11, false, [], false, 0, [], null, 0, 1744375767.959156, 0, {}]
[{"0": [3, 0, 2, 2, 1, 18, 2, 2, 2, 1, 3, 2, 3, 1, 3, 1, 4]}, null, null, 12, false, [], false, 0, [], null, 0, 1744375768.1872668, 0, {}]
[{"0": [5, 1, 0, 1, 2, 6, 2, 2, 1, 1, 1, 33, 26, 24, 34, 28, 19]}, null, null, 13, false, [], false, 0, [], null, 0, 1744375768.4064412, 0, {}]
[{"0": [2, 0, 3, 0, 3, 1, 1, 1, 2, 1, 1, 23, 2, 2, 4, 0, 2]}, null, null, 13, false, [], false, 0, [], null, 0, 1744375768.6168034, 0, {}]
[{"0": [1, 30, 22, 27, 16, 24, 21, 14, 16, 26, 28, 27, 31, 3, 1, 2, 3]}, null, null, 14, false, [], false, 0, [], null, 0, 1744375768.83257, 0, {}]
[{"0": [0, 25, 7, 3, 2, 0, 0, 1, 1, 0, 0, 3, 0, 2, 1, 0, 2]}, null, null, 14, false, [], false, 0, [], null, 0, 1744375769.0481133, 0, {}]
[{"0": [1, 0, 2, 5, 3, 3, 3, 18, 6, 0, 0, 2, 0, 2, 0, 1, 4]}, null, null, 15, false, [], false, 0, [], null, 0, 1744375769.2725856, 0, {}]
[{"0": [3, 2, 2, 0, 2, 1, 0, 0, 3, 24, 29, 21, 26, 21, 25, 0, 0]}, null, null, 16, false, [], false, 0, [], null, 0, 1744375769.4813864, 0, {}]
[{"0": [1, 3, 6, 2, 21, 4, 1, 1, 3, 0, 2, 3, 1, 0, 2, 0, 0]}, null, null, 16, false, [], false, 0, [], null, 0, 1744375769.7032132, 0, {}]
[{"0": [29, 34, 36, 21, 19, 28, 30, 26, 4, 2, 3, 1, 1, 4, 2, 3, 2]}, null, null, 17, false, [], false, 0, [], null, 0, 1744375769.9141107, 0, {}]
[{"0": [18, 35, 21, 34, 34, 20, 29, 28, 25, 33, 2, 3, 4, 2, 2, 4, 1]}, null, null, 17, false, [], false, 0, [], null, 0, 1744375770.123652, 0, {}]
[{"0": [1, 0, 1, 1, 1, 0, 3, 2, 1, 32, 3, 3, 2, 1, 2, 0, 0]}, null, null, 18, false, [], false, 0, [], null, 0, 1744375770.3566244, 0, {}]
[{"0": [3, 1, 3, 1, 0, 2, 2, 30, 21, 24, 1, 2, 1, 1, 0, 0, 2]}, null, null, 19, false, [], false, 0, [], null, 0, 1744375770.5751004, 0, {}]
[{"0": [3, 4, 4, 1, 1, 3, 2, 1, 2, 2, 1, 2, 0, 0, 0, 3, 1]}, null, null, 19, false, [], false, 0, [], null, 0, 1744375770.7909684, 0, {}]
[{"0": [3, 0, 0, 1, 5, 0, 1, 0, 2, 3, 1, 2, 2, 1, 1, 1, 23]}, null, null, 20, false, [], false, 0, [], null, 0, 1744375771.0111094, 0, {}]
[{"0": [4, 3, 5, 2, 4, 5, 2, 3, 1, 3, 1, 0, 31, 26, 4, 1, 2]}, null, null, 20, false, [], false, 0, [], null, 0, 1744375771.224272, 0, {}]
[{"0": [3, 2, 1, 3, 4, 0, 0, 0, 1, 1, 1, 4, 3, 32, 30, 19, 31]}, null, null, 21, false, [], false, 0, [], null, 0, 1744375771.4313548, 0, {}]
[{"0": [2, 2, 2, 0, 0, 1, 1, 2, 33, 21, 27, 20, 32, 28, 29, 29, 22]}, null, null, 22, false, [], false, 0, [], null, 0, 1744375771.6473486, 0, {}]
[{"0": [1, 0, 1, 1, 1, 4, 4, 2, 1, 6, 16, 23, 35, 26, 22, 34, 36]}, null, null, 22, false, [], false, 0, [], null, 0, 1744375771.8722162, 0, {}]
[{"0": [0, 1, 0, 2, 2, 1, 1, 0, 1, 38, 29, 30, 34, 19, 30, 28, 28]}, null, null, 23, false, [], false, 0, [], null, 0, 1744375772.092699, 0, {}]
[{"0": [1, 1, 2, 2, 2, 1, 3, 1, 4, 1, 3, 1, 2, 2, 3, 0, 2]}, null, null, 23, false, [], false, 0, [], null, 0, 1744375772.3042622, 0, {}]
[{"0": [2, 0, 2, 1, 1, 5, 2, 0, 0, 0, 2, 2, 2, 1, 3, 1, 3]}, null, null, 24, false, [], false, 0, [], null, 0, 1744375772.5205314, 0, {}]
[{"0": [1, 2, 1, 3, 0, 0, 1, 2, 3, 1, 2, 35, 26, 2, 1, 6, 2]}, null, null, 25, false, [], false, 0, [], null, 0, 1744375772.733821, 0, {}]
[{"0": [2, 0, 2, 0, 0, 3, 1, 1, 3, 4, 4, 2, 1, 1, 1, 2, 0]}, null, null, 25, false, [], false, 0, [], null, 0, 1744375772.9439168, 0, {}]
[{"0": [1, 4, 4, 1, 0, 2, 28, 1, 1, 1, 0, 3, 3, 2, 1, 2, 0]}, null, null, 26, false, [], false, 0, [], null, 0, 1744375773.1716034, 0, {}]
[{"0": [26, 34, 35, 26, 27, 18, 21, 16, 26, 26, 2, 2, 2, 0, 2, 0, 3]}, null, null, 27, false, [], false, 0, [], null, 0, 1744375773.3813462, 0, {}]
[{"0": [2, 1, 2, 1, 28, 21, 16, 31, 30, 4, 1, 2, 3, 7, 2, 1, 3]}, null, null, 27, false, [], false, 0, [], null, 0, 1744375773.604237, 0, {}]
[{"0": [3, 2, 4, 1, 2, 1, 0, 3, 6, 2, 24, 3, 2, 3, 1, 1, 4]}, null, null, 28, false, [], false, 0, [], null, 0, 1744375773.803997, 0, {}]
[{"0": [0, 3, 1, 1, 2, 2, 1, 2, 4, 3, 1, 0, 3, 2, 2, 2, 23]}, null, null, 28, false, [], false, 0, [], null, 0, 1744375774.0424151, 0, {}]
[{"0": [4, 3, 2, 1, 3, 0, 0, 0, 0, 3, 2, 0, 27, 29, 30, 23, 0]}, null, null, 29, false, [], false, 0, [], null, 0, 1744375774.2522004, 0, {}]
[{"0": [0, 3, 5, 1, 2, 2, 1, 5, 0, 4, 2, 3, 2, 2, 1, 27, 30]}, null, null, 30, false, [], false, 0, [], null, 0, 1744375774.4750755, 0, {}]
[{"0": [0, 4, 4, 17, 1, 1, 1, 1, 5, 1, 2, 4, 4, 1, 1, 0, 3]}, null, null, 30, false, [], false, 0, [], null, 0, 1744375774.677221, 0, {}]
[{"0": [2, 2, 1, 1, 0, 0, 1, 4, 1, 5, 1, 27, 22, 32, 29, 29, 21]}, null, null, 31, false, [], false, 0, [], null, 0, 1744375774.888412, 0, {}]
[{"0": [2, 1, 2, 1, 1, 1, 3, 2, 26, 2, 2, 2, 2, 2, 1, 3, 3]}, null, null, 31, false, [], false, 0, [], null, 0, 1744375775.1155465, 0, {}]
[{"0": [0, 0, 0, 0, 2, 1, 0, 2, 1, 2, 4, 20, 28, 21, 31, 25, 23]}, null, null, 32, false, [], false, 0, [], null, 0, 1744375775.3392954, 0, {}]
[{"0": [26, 3, 5, 1, 2, 1, 4, 2, 3, 2, 0, 3, 0, 1, 3, 1, 0]}, null, null, 33, false, [], false, 0, [], null, 0, 1744375775.547783, 0, {}]
[{"0": [20, 1, 2, 0, 1, 3, 1, 4, 2, 2, 3, 0, 1, 1, 6, 1, 1]}, null, null, 33, false, [], false, 0, [], null, 0, 1744375775.776625, 0, {}]
[{"0": [0, 4, 27, 23, 27, 36, 22, 25, 3, 2, 3, 1, 4, 1, 1, 0, 1]}, null, null, 34, false, [], false, 0, [], null, 0, 1744375775.9800692, 0, {}]
[{"0": [27, 5, 3, 1, 5, 4, 3, 1, 2, 2, 2, 2, 2, 2, 2, 1, 3]}, null, null, 34, false, [], false, 0, [], null, 0, 1744375776.195272, 0, {}]
[{"0": [4, 2, 4, 1, 1, 0, 1, 1, 3, 1, 0, 22, 2, 1, 1, 2, 0]}, null, null, 35, false, [], false, 0, [], null, 0, 1744375776.416656, 0, {}]
[{"0": [1, 1, 2, 1, 3, 1, 0, 3, 3, 1, 2, 1, 2, 2, 2, 2, 2]}, null, null, 36, false, [], false, 0, [], null, 0, 1744375776.6251493, 0, {}]
[{"0": [2, 2, 3, 2, 1, 2, 1, 1, 3, 29, 25, 26, 28, 22, 22, 23, 28]}, null, null, 36, false, [], false, 0, [], null, 0, 1744375776.846434, 0, {}]
[{"0": [1, 0, 2, 2, 2, 4, 1, 2, 21, 30, 29, 35, 24, 26, 28, 29, 42]}, null, null, 37, false, [], false, 0, [], null, 0, 1744375777.06325, 0, {}]
[{"0": [2, 1, 1, 2, 2, 2, 4, 1, 1, 2, 1, 1, 5, 1, 1, 2, 1]}, null, null, 37, false, [], false, 0, [], null, 0, 1744375777.2746074, 0, {}]
[{"0": [3, 25, 3, 3, 2, 1, 0, 3, 1, 2, 3, 1, 2, 1, 1, 2, 4]}, null, null, 38, false, [], false, 0, [], null, 0, 1744375777.489033, 0, {}]
[{"0": [2, 4, 6, 3, 3, 0, 4, 3, 34, 18, 31, 3, 0, 2, 1, 0, 3]}, null, null, 39, false, [], false, 0, [], null, 0, 1744375777.7126825, 0, {}]
[{"0": [32, 36, 2, 3, 4, 1, 2, 3, 0, 2, 2, 5, 4, 2, 1, 3, 0]}, null, null, 39, false, [], false, 0, [], null, 0, 1744375777.9346826, 0, {}]
[{"0": [1, 1, 1, 35, 3, 1, 2, 2, 0, 2, 3, 4, 0, 1, 0, 3, 0]}, null, null, 40, false, [], false, 0, [], null, 0, 1744375778.1608052, 0, {}]
[{"0": [4, 0, 1, 1, 0, 0, 0, 2, 3, 0, 3, 4, 2, 2, 1, 24, 24]}, null, null, 40, false, [], false, 0, [], null, 0, 1744375778.3648238, 0, {}]
[{"0": [3, 4, 1, 1, 4, 2, 0, 5, 3, 24, 27, 20, 33, 27, 19, 2, 2]}, null, null, 41, false, [], false, 0, [], null, 0, 1744375778.5807981, 0, {}]
[{"0": [2, 4, 2, 1, 2, 2, 1, 0, 1, 2, 21, 23, 1, 4, 0, 1, 1]}, null, null, 42, false, [], false, 0, [], null, 0, 1744375778.8046422, 0, {}]
[{"0": [1, 1, 2, 24, 25, 38, 24, 27, 2, 1, 0, 1, 3, 0, 2, 3, 1]}, null, null, 42, false, [], false, 0, [], null, 0, 1744375779.0131238, 0, {}]
[{"0": [2, 0, 1, 1, 1, 1, 3, 3, 2, 3, 1, 1, 2, 1, 1, 1, 3]}, null, null, 43, false, [], false, 0, [], null, 0, 1744375779.226233, 0, {}]
[{"0": [2, 1, 3, 0, 1, 2, 0, 3, 3, 1, 3, 2, 0, 24, 32, 0, 2]}, null, null, 43, false, [], false, 0, [], null, 0, 1744375779.4477074, 0, {}]
[{"0": [23, 27, 35, 5, 1, 2, 1, 2, 2, 1, 1, 1, 0, 0, 0, 3, 1]}, null, null, 44, false, [], false, 0, [], null, 0, 1744375779.6561508, 0, {}]
[{"0": [1, 2, 1, 2, 2, 1, 28, 2, 0, 0, 2, 1, 0, 3, 1, 0, 0]}, null, null, 45, false, [], false, 0, [], null, 0, 1744375779.8754861, 0, {}]
[{"0": [19, 34, 31, 3, 3, 2, 1, 2, 3, 2, 1, 1, 1, 5, 2, 1, 1]}, null, null, 45, false, [], false, 0, [], null, 0, 1744375780.091121, 0, {}]
[{"0": [0, 4, 1, 31, 32, 14, 33, 37, 30, 33, 3, 1, 2, 1, 2, 3, 1]}, null, null, 46, false, [], false, 0, [], null, 0, 1744375780.3063967, 0, {}]
[{"0": [1, 3, 1, 3, 0, 3, 1, 5, 0, 2, 1, 1, 3, 24, 18, 23, 24]}, null, null, 46, false, [], false, 0, [], null, 0, 1744375780.517789, 0, {}]
[{"0": [3, 1, 3, 0, 2, 37, 28, 22, 28, 22, 40, 25, 22, 28, 30, 27, 28]}, null, null, 47, false, [], false, 0, [], null, 0, 1744375780.7410297, 0, {}]
[{"0": [3, 26, 28, 25, 0, 3, 0, 4, 1, 2, 2, 0, 4, 3, 2, 2, 2]}, null, null, 48, false, [], false, 0, [], null, 0, 1744375780.9644725, 0, {}]
[{"0": [0, 1, 1, 2, 2, 27, 22, 0, 3, 0, 1, 4, 2, 2, 1, 2, 1]}, null, null, 48, false, [], false, 0, [], null, 0, 1744375781.171233, 0, {}]
[{"0": [0, 1, 2, 1, 0, 29, 25, 25, 5, 4, 1, 1, 3, 0, 1, 2, 2]}, null, null, 49, false, [], false, 0, [], null, 0, 1744375781.400068, 0, {}]
[{"0": [3, 0, 3, 1, 0, 2, 2, 5, 2, 27, 23, 2, 3, 2, 3, 1, 1]}, null, null, 49, false, [], false, 0, [], null, 0, 1744375781.6053877, 0, {}]
[{"0": [2, 0, 1, 2, 2, 3, 2, 3, 2, 2, 4, 0, 0, 2, 1, 2, 0]}, null, null, 50, false, [], false, 0, [], null, 0, 1744375781.8301058, 0, {}]
[{"0": [1, 0, 2, 6, 26, 2, 1, 2, 1, 1, 2, 2, 0, 3, 5, 5, 2]}, null, null, 51, false, [], false, 0, [], null, 0, 1744375782.0487487, 0, {}]
[{"0": [2, 0, 2, 0, 2, 0, 2, 3, 1, 3, 0, 0, 1, 1, 1, 0, 3]}, null, null, 51, false, [], false, 0, [], null, 0, 1744375782.2586174, 0, {}]
[{"0": [2, 0, 4, 1, 1, 3, 1, 3, 1, 23, 0, 4, 1, 6, 3, 4, 2]}, null, null, 52, false, [], false, 0, [], null, 0, 1744375782.4878411, 0, {}]
[{"0": [1, 3, 26, 31, 41, 35, 31, 1, 1, 1, 3, 1, 1, 0, 2, 2, 1]}, null, null, 52, false, [], false, 0, [], null, 0, 1744375782.698528, 0, {}]
[{"0": [0, 0, 2, 1, 3, 3, 1, 1, 25, 29, 34, 0, 3, 1, 2, 2, 2]}, null, null, 53, false, [], false, 0, [], null, 0, 1744375782.9263585, 0, {}]
[{"0": [3, 0, 1, 26, 18, 4, 1, 3, 1, 3, 0, 2, 1, 1, 0, 1, 4]}, null, null, 54, false, [], false, 0, [], null, 0, 1744375783.1323318, 0, {}]
[{"0": [1, 1, 3, 2, 1, 2, 1, 0, 2, 2, 1, 1, 2, 0, 0, 0, 2]}, null, null, 54, false, [], false, 0, [], null, 0, 1744375783.3412323, 0, {}]
[{"0": [6, 1, 1, 1, 0, 2, 3, 29, 30, 3, 3, 1, 1, 2, 1, 2, 2]}, null, null, 55, false, [], false, 0, [], null, 0, 1744375783.5688312, 0, {}]
[{"0": [0, 1, 3, 2, 25, 25, 3, 3, 1, 4, 1, 1, 1, 2, 1, 2, 2]}, null, null, 55, false, [], false, 0, [], null, 0, 1744375783.7727425, 0, {}]
[{"0": [0, 2, 0, 3, 1, 3, 1, 2, 3, 24, 19, 31, 33, 5, 3, 0, 2]}, null, null, 56, false, [], false, 0, [], null, 0, 1744375783.9934137, 0, {}]
[{"0": [2, 4, 27, 2, 3, 1, 1, 1, 1, 1, 5, 2, 1, 2, 1, 2, 0]}, null, null, 57, false, [], false, 0, [], null, 0, 1744375784.2116504, 0, {}]
[{"0": [1, 2, 3, 1, 1, 3, 2, 2, 22, 1, 3, 1, 2, 1, 1, 2, 1]}, null, null, 57, false, [], false, 0, [], null, 0, 1744375784.4272797, 0, {}]
[{"0": [1, 34, 2, 4, 0, 0, 3, 1, 2, 2, 2, 0, 2, 1, 1, 2, 2]}, null, null, 58, false, [], false, 0, [], null, 0, 1744375784.6491618, 0, {}]
[{"0": [2, 0, 3, 4, 0, 2, 1, 30, 21, 0, 2, 1, 0, 5, 2, 1, 0]}, null, null, 58, false, [], false, 0, [], null, 0, 1744375784.8667033, 0, {}]
[{"0": [0, 0, 3, 3, 1, 2, 1, 1, 1, 0, 26, 24, 24, 22, 2, 4, 2]}, null, null, 59, false, [], false, 0, [], null, 0, 1744375785.0827427, 0, {}]
[{"0": [3, 0, 1, 2, 1, 1, 3, 1, 1, 1, 1, 1, 2, 2, 30, 1, 4]}, null, null, 60, false, [], false, 0, [], null, 0, 1744375785.287708, 0, {}]
[{"0": [30, 4, 4, 3, 5, 2, 3, 1, 1, 1, 1, 4, 1, 4, 1, 5, 1]}, null, null, 60, false, [], false, 0, [], null, 0, 1744375785.5171084, 0, {}]
[{"0": [2, 2, 3, 3, 1, 1, 3, 5, 3, 1, 1, 22, 32, 25, 0, 2, 2]}, null, null, 61, false, [], false, 0, [], null, 0, 1744375785.7362146, 0, {}]
[{"0": [1, 1, 1, 1, 1, 2, 0, 3, 3, 1, 0, 0, 27, 26, 4, 0, 4]}, null, null, 61, false, [], false, 0, [], null, 0, 1744375785.944544, 0, {}]
[{"0": [31, 26, 32, 22, 23, 1, 1, 0, 2, 2, 1, 0, 4, 1, 2, 0, 4]}, null, null, 62, false, [], false, 0, [], null, 0, 1744375786.1533294, 0, {}]
[{"0": [3, 1, 2, 1, 2, 1, 21, 3, 2, 3, 2, 2, 0, 0, 3, 0, 2]}, null, null, 63, false, [], false, 0, [], null, 0, 1744375786.3736358, 0, {}]
[{"0": [1, 22, 28, 18, 29, 25, 26, 19, 0, 1, 0, 2, 0, 0, 0, 0, 3]}, null, null, 63, false, [], false, 0, [], null, 0, 1744375786.5841198, 0, {}]
[{"0": [0, 1, 3, 23, 18, 14, 27, 2, 2, 0, 1, 0, 3, 1, 4, 2, 1]}, null, null, 64, false, [], false, 0, [], null, 0, 1744375786.8077977, 0, {}]
[{"0": [3, 4, 1, 4, 4, 2, 2, 29, 28, 4, 1, 2, 0, 2, 2, 2, 1]}, null, null, 64, false, [], false, 0, [], null, 0, 1744375787.033014, 0, {}]
[{"0": [33, 26, 32, 32, 25, 1, 1, 0, 1, 2, 2, 3, 3, 1, 1, 0, 1]}, null, null, 65, false, [], false, 0, [], null, 0, 1744375787.2429872, 0, {}]
[{"0": [1, 4, 2, 1, 4, 2, 4, 0, 1, 1, 28, 37, 21, 28, 25, 31, 28]}, null, null, 66, false, [], false, 0, [], null, 0, 1744375787.4594986, 0, {}]
[{"0": [2, 2, 1, 35, 27, 26, 31, 31, 19, 1, 3, 0, 3, 3, 1, 0, 0]}, null, null, 66, false, [], false, 0, [], null, 0, 1744375787.678111, 0, {}]
[{"0": [2, 1, 2, 1, 2, 0, 1, 24, 30, 2, 0, 2, 3, 0, 1, 2, 1]}, null, null, 67, false, [], false, 0, [], null, 0, 1744375787.8838975, 0, {}]
[{"0": [1, 2, 0, 3, 34, 3, 0, 1, 0, 0, 0, 3, 2, 1, 4, 0, 1]}, null, null, 67, false, [], false, 0, [], null, 0, 1744375788.1002843, 0, {}]
[{"0": [4, 1, 0, 1, 4, 0, 3, 2, 0, 2, 2, 3, 26, 28, 36, 29, 23]}, null, null, 68, false, [], false, 0, [], null, 0, 1744375788.3306487, 0, {}]
[{"0": [1, 0, 1, 3, 0, 0, 5, 2, 1, 1, 1, 4, 1, 2, 1, 1, 23]}, null, null, 69, false, [], false, 0, [], null, 0, 1744375788.5569134, 0, {}]
[{"0": [0, 1, 2, 0, 2, 2, 1, 31, 29, 2, 2, 1, 1, 3, 2, 1, 3]}, null, null, 69, false, [], false, 0, [], null, 0, 1744375788.7630227, 0, {}]
[{"0": [1, 2, 1, 3, 5, 2, 2, 0, 1, 1, 20, 23, 1, 1, 6, 3, 2]}, null, null, 70, false, [], false, 0, [], null, 0, 1744375788.9632547, 0, {}]
[{"0": [1, 1, 4, 1, 0, 1, 2, 26, 26, 25, 22, 2, 4, 1, 0, 1, 2]}, null, null, 70, false, [], false, 0, [], null, 0, 1744375789.2065024, 0, {}]
[{"0": [3, 2, 4, 2, 4, 4, 4, 1, 4, 1, 22, 19, 3, 1, 4, 4, 0]}, null, null, 71, false, [], false, 0, [], null, 0, 1744375789.4040182, 0, {}]
[{"0": [0, 1, 3, 2, 4, 2, 1, 5, 4, 29, 7, 2, 0, 1, 3, 2, 3]}, null, null, 72, false, [], false, 0, [], null, 0, 1744375789.638519, 0, {}]
[{"0": [1, 5, 2, 1, 2, 6, 1, 1, 0, 3, 3, 1, 0, 1, 29, 28, 21]}, null, null, 72, false, [], false, 0, [], null, 0, 1744375789.8365881, 0, {}]
[{"0": [1, 2, 2, 0, 1, 2, 2, 1, 1, 1, 24, 20, 24, 28, 30, 33, 23]}, null, null, 73, false, [], false, 0, [], null, 0, 1744375790.0521245, 0, {}]
[{"0": [0, 0, 0, 3, 0, 4, 1, 1, 25, 23, 34, 22, 22, 2, 3, 1, 2]}, null, null, 73, false, [], false, 0, [], null, 0, 1744375790.2805884, 0, {}]
[{"0": [1, 4, 1, 2, 1, 0, 1, 5, 0, 1, 1, 1, 1, 0, 0, 2, 1]}, null, null, 74, false, [], false, 0, [], null, 0, 1744375790.4955204, 0, {}]
[{"0": [1, 2, 0, 1, 1, 0, 4, 28, 30, 2, 3, 1, 2, 3, 2, 2, 2]}, null, null, 75, false, [], false, 0, [], null, 0, 1744375790.7094004, 0, {}]
[{"0": [4, 2, 2, 2, 2, 2, 1, 1, 37, 1, 4, 4, 1, 1, 1, 2, 0]}, null, null, 75, false, [], false, 0, [], null, 0, 1744375790.9229796, 0, {}]
[{"0": [28, 19, 26, 31, 27, 28, 23, 27, 31, 19, 3, 1, 2, 0, 2, 1, 1]}, null, null, 76, false, [], false, 0, [], null, 0, 1744375791.1386447, 0, {}]
[{"0": [3, 0, 0, 1, 2, 26, 22, 27, 1, 2, 1, 1, 1, 1, 2, 1, 0]}, null, null, 77, false, [], false, 0, [], null, 0, 1744375791.356066, 0, {}]
[{"0": [0, 2, 4, 1, 1, 5, 4, 2, 1, 0, 4, 0, 3, 2, 0, 5, 2]}, null, null, 77, false, [], false, 0, [], null, 0, 1744375791.5660841, 0, {}]
[{"0": [3, 2, 14, 20, 33, 35, 31, 35, 28, 2, 3, 0, 1, 0, 0, 4, 0]}, null, null, 78, false, [], false, 0, [], null, 0, 1744375791.8041232, 0, {}]
[{"0": [3, 3, 15, 28, 24, 30, 27, 21, 3, 1, 3, 1, 6, 5, 2, 1, 1]}, null, null, 78, false, [], false, 0, [], null, 0, 1744375792.0080202, 0, {}]
[{"0": [0, 3, 1, 1, 0, 2, 38, 27, 25, 21, 1, 5, 2, 1, 0, 0, 3]}, null, null, 79, false, [], false, 0, [], null, 0, 1744375792.2207608, 0, {}]
[{"0": [1, 2, 2, 3, 2, 0, 1, 27, 37, 1, 2, 3, 3, 4, 4, 1, 1]}, null, null, 80, false, [], false, 0, [], null, 0, 1744375792.4492066, 0, {}]
[{"0": [0, 4, 4, 1, 3, 0, 2, 2, 1, 31, 1, 1, 2, 0, 1, 1, 4]}, null, null, 80, false, [], false, 0, [], null, 0, 1744375792.664099, 0, {}]
[{"0": [3, 2, 2, 3, 34, 0, 4, 1, 1, 3, 3, 3, 0, 1, 0, 3, 0]}, null, null, 81, false, [], false, 0, [], null, 0, 1744375792.8760564, 0, {}]
[{"0": [3, 1, 18, 26, 27, 4, 2, 2, 4, 4, 3, 1, 3, 2, 1, 1, 1]}, null, null, 81, false, [], false, 0, [], null, 0, 1744375793.0882635, 0, {}]
[{"0": [1, 3, 1, 1, 2, 2, 3, 1, 1, 25, 26, 21, 27, 28, 20, 23, 32]}, null, null, 82, false, [], false, 0, [], null, 0, 1744375793.309763, 0, {}]
[{"0": [2, 1, 0, 2, 3, 0, 1, 4, 3, 1, 3, 24, 29, 26, 0, 2, 0]}, null, null, 83, false, [], false, 0, [], null, 0, 1744375793.5290365, 0, {}]
[{"0": [0, 0, 1, 0, 0, 3, 5, 3, 1, 0, 26, 30, 28, 3, 3, 2, 3]}, null, null, 83, false, [], false, 0, [], null, 0, 1744375793.7456036, 0, {}]
[{"0": [2, 2, 0, 2, 0, 1, 1, 3, 1, 2, 5, 3, 5, 1, 2, 27, 0]}, null, null, 84, false, [], false, 0, [], null, 0, 1744375793.9616609, 0, {}]
[{"0": [27, 1, 1, 1, 6, 32, 26, 41, 24, 0, 2, 3, 4, 1, 1, 0, 1]}, null, null, 84, false, [], false, 0, [], null, 0, 1744375794.1762683, 0, {}]
[{"0": [3, 38, 30, 1, 1, 4, 0, 4, 1, 1, 2, 1, 2, 1, 3, 1, 0]}, null, null, 85, false, [], false, 0, [], null, 0, 1744375794.3828578, 0, {}]
[{"0": [3, 1, 1, 0, 0, 2, 3, 21, 26, 23, 22, 2, 1, 0, 3, 1, 4]}, null, null, 86, false, [], false, 0, [], null, 0, 1744375794.6004786, 0, {}]
[{"0": [1, 1, 4, 2, 1, 1, 0, 5, 5, 19, 25, 4, 2, 2, 3, 1, 3]}, null, null, 86, false, [], false, 0, [], null, 0, 1744375794.8266635, 0, {}]
[{"0": [3, 3, 20, 21, 1, 2, 2, 2, 0, 1, 1, 1, 0, 1, 0, 2, 1]}, null, null, 87, false, [], false, 0, [], null, 0, 1744375795.0461833, 0, {}]
[{"0": [2, 0, 3, 0, 32, 25, 22, 20, 25, 26, 3, 0, 1, 3, 3, 1, 4]}, null, null, 87, false, [], false, 0, [], null, 0, 1744375795.2653937, 0, {}]
[{"0": [2, 2, 19, 25, 19, 24, 1, 0, 2, 1, 1, 1, 4, 2, 1, 2, 2]}, null, null, 88, false, [], false, 0, [], null, 0, 1744375795.4866374, 0, {}]
[{"0": [0, 0, 2, 1, 0, 25, 28, 29, 22, 21, 24, 28, 27, 25, 32, 4, 1]}, null, null, 89, false, [], false, 0, [], null, 0, 1744375795.687478, 0, {}]
[{"0": [0, 5, 1, 3, 1, 0, 3, 0, 35, 1, 1, 3, 1, 0, 1, 1, 2]}, null, null, 89, false, [], false, 0, [], null, 0, 1744375795.91487, 0, {}]
[{"0": [1, 2, 0, 1, 0, 3, 2, 1, 2, 3, 37, 0, 2, 2, 3, 1, 1]}, null, null, 90, false, [], false, 0, [], null, 0, 1744375796.1288917, 0, {}]
[{"0": [3, 1, 0, 0, 2, 2, 24, 29, 24, 25, 3, 0, 4, 5, 1, 1, 0]}, null, null, 90, false, [], false, 0, [], null, 0, 1744375796.3524919, 0, {}]
[{"0": [3, 1, 32, 27, 29, 31, 2, 1, 3, 2, 6, 7, 0, 3, 3, 3, 1]}, null, null, 91, false, [], false, 0, [], null, 0, 1744375796.563627, 0, {}]
[{"0": [1, 0, 1, 1, 0, 3, 0, 2, 1, 2, 1, 0, 19, 32, 31, 35, 21]}, null, null, 92, false, [], false, 0, [], null, 0, 1744375796.7859488, 0, {}]
[{"0": [3, 3, 1, 2, 0, 1, 3, 0, 3, 1, 22, 2, 1, 1, 1, 3, 1]}, null, null, 92, false, [], false, 0, [], null, 0, 1744375796.9968169, 0, {}]
[{"0": [2, 2, 2, 1, 24, 28, 25, 1, 0, 1, 0, 3, 3, 1, 2, 3, 2]}, null, null, 93, false, [], false, 0, [], null, 0, 1744375797.2189195, 0, {}]
[{"0": [2, 3, 2, 2, 2, 4, 2, 1, 1, 1, 2, 2, 1, 1, 0, 4, 0]}, null, null, 93, false, [], false, 0, [], null, 0, 1744375797.4231677, 0, {}]
[{"0": [2, 0, 2, 1, 2, 1, 2, 1, 0, 3, 1, 30, 27, 25, 19, 27, 16]}, null, null, 94, false, [], false, 0, [], null, 0, 1744375797.6442125, 0, {}]
[{"0": [1, 5, 0, 0, 5, 3, 1, 3, 2, 1, 33, 33, 0, 1, 2, 4, 3]}, null, null, 95, false, [], false, 0, [], null, 0, 1744375797.8487122, 0, {}]
[{"0": [30, 22, 1, 2, 3, 1, 4, 1, 4, 0, 1, 2, 2, 1, 1, 1, 1]}, null, null, 95, false, [], false, 0, [], null, 0, 1744375798.075027, 0, {}]
[{"0": [2, 3, 2, 3, 0, 1, 3, 1, 3, 5, 19, 1, 2, 1, 0, 1, 1]}, null, null, 96, false, [], false, 0, [], null, 0, 1744375798.2802646, 0, {}]
[{"0": [31, 29, 19, 36, 24, 28, 37, 2, 2, 5, 3, 0, 1, 5, 1, 4, 3]}, null, null, 96, false, [], false, 0, [], null, 0, 1744375798.5061321, 0, {}]
[{"0": [4, 3, 0, 0, 0, 1, 1, 2, 2, 1, 2, 4, 3, 1, 0, 3, 2]}, null, null, 97, false, [], false, 0, [], null, 0, 1744375798.7263918, 0, {}]
[{"0": [5, 23, 14, 41, 29, 23, 32, 12, 35, 2, 2, 0, 2, 2, 1, 3, 1]}, null, null, 98, false, [], false, 0, [], null, 0, 1744375798.932461, 0, {}]
[{"0": [2, 1, 3, 2, 1, 0, 1, 29, 19, 28, 26, 27, 24, 28, 25, 25, 26]}, null, null, 98, false, [], false, 0, [], null, 0, 1744375799.154986, 0, {}]
[{"0": [2, 2, 3, 30, 4, 3, 2, 1, 5, 3, 2, 0, 5, 3, 0, 2, 1]}, null, null, 99, false, [], false, 0, [], null, 0, 1744375799.375318, 0, {}]
[{"0": [2, 0, 5, 2, 2, 1, 3, 4, 2, 1, 34, 32, 25, 29, 17, 20, 2]}, null, null, 99, false, [], false, 0, [], null, 0, 1744375799.5895953, 0, {}]
[{"0": [4, 1, 2, 2, 2, 1, 1, 1, 3, 3, 0, 20, 20, 23, 29, 36, 41]}, null, null, 100, false, [], false, 0, [], null, 0, 1744375799.8076146, 0, {}]
[{"0": [2, 1, 3, 2, 1, 4, 3, 2, 2, 26, 25, 22, 23, 25, 3, 2, 1]}, null, null, 101, false, [], false, 0, [], null, 0, 1744375800.0250852, 0, {}]
[{"0": [2, 3, 1, 3, 2, 1, 1, 25, 22, 1, 3, 2, 2, 2, 1, 0, 2]}, null, null, 101, false, [], false, 0, [], null, 0, 1744375800.2418113, 0, {}]
[{"0": [36, 3, 1, 2, 1, 3, 0, 1, 1, 2, 3, 1, 0, 2, 2, 3, 1]}, null, null, 102, false, [], false, 0, [], null, 0, 1744375800.4639711, 0, {}]
[{"0": [24, 31, 24, 29, 40, 31, 0, 4, 2, 1, 4, 4, 1, 0, 0, 2, 0]}, null, null, 102, false, [], false, 0, [], null, 0, 1744375800.6873856, 0, {}]
[{"0": [2, 1, 1, 1, 4, 2, 1, 0, 4, 16, 17, 27, 28, 19, 20, 30, 27]}, null, null, 103, false, [], false, 0, [], null, 0, 1744375800.8865757, 0, {}]
[{"0": [0, 1, 1, 2, 2, 4, 0, 1, 0, 0, 0, 24, 0, 0, 1, 0, 0]}, null, null, 104, false, [], false, 0, [], null, 0, 1744375801.1002567, 0, {}]
[{"0": [0, 2, 26, 26, 30, 23, 28, 41, 25, 26, 28, 1, 2, 0, 4, 3, 3]}, null, null, 104, false, [], false, 0, [], null, 0, 1744375801.3109536, 0, {}]
[{"0": [1, 2, 6, 3, 2, 2, 3, 0, 4, 0, 1, 2, 3, 0, 0, 30, 24]}, null, null, 105, false, [], false, 0, [], null, 0, 1744375801.542405, 0, {}]
[{"0": [0, 3, 1, 2, 3, 1, 1, 31, 19, 2, 1, 2, 3, 1, 1, 2, 0]}, null, null, 105, false, [], false, 0, [], null, 0, 1744375801.7616146, 0, {}]
[{"0": [2, 3, 1, 5, 1, 4, 0, 27, 28, 2, 2, 4, 2, 1, 1, 2, 1]}, null, null, 106, false, [], false, 0, [], null, 0, 1744375801.982469, 0, {}]
[{"0": [2, 0, 0, 23, 3, 4, 2, 3, 2, 2, 1, 3, 4, 1, 1, 3, 3]}, null, null, 107, false, [], false, 0, [], null, 0, 1744375802.1912775, 0, {}]
[{"0": [2, 2, 1, 1, 2, 1, 1, 1, 0, 17, 32, 22, 28, 19, 26, 2, 1]}, null, null, 107, false, [], false, 0, [], null, 0, 1744375802.406234, 0, {}]
[{"0": [2, 0, 1, 5, 4, 0, 21, 25, 26, 1, 3, 1, 3, 1, 4, 1, 2]}, null, null, 108, false, [], false, 0, [], null, 0, 1744375802.622021, 0, {}]
[{"0": [2, 2, 1, 1, 28, 3, 2, 4, 3, 1, 0, 1, 0, 3, 2, 4, 0]}, null, null, 108, false, [], false, 0, [], null, 0, 1744375802.8470473, 0, {}]
[{"0": [0, 3, 2, 2, 1, 3, 1, 3, 4, 23, 22, 31, 16, 24, 33, 27, 0]}, null, null, 109, false, [], false, 0, [], null, 0, 1744375803.0690577, 0, {}]
[{"0": [0, 0, 2, 3, 0, 4, 22, 25, 31, 19, 16, 24, 1, 3, 3, 0, 3]}, null, null, 110, false, [], false, 0, [], null, 0, 1744375803.2940032, 0, {}]
[{"0": [3, 2, 3, 2, 1, 1, 0, 3, 2, 29, 24, 30, 1, 1, 2, 0, 2]}, null, null, 110, false, [], false, 0, [], null, 0, 1744375803.48343, 0, {}]
[{"0": [3, 3, 2, 0, 1, 2, 0, 2, 2, 3, 27, 29, 18, 31, 30, 30, 1]}, null, null, 111, false, [], false, 0, [], null, 0, 1744375803.7071278, 0, {}]
[{"0": [2, 3, 1, 1, 2, 1, 4, 0, 0, 24, 20, 0, 1, 1, 1, 1, 2]}, null, null, 111, false, [], false, 0, [], null, 0, 1744375803.9154081, 0, {}]
[{"0": [28, 29, 25, 28, 23, 24, 13, 26, 24, 31, 24, 4, 2, 2, 2, 2, 0]}, null, null, 112, false, [], false, 0, [], null, 0, 1744375804.1469584, 0, {}]
[{"0": [0, 1, 0, 2, 1, 2, 2, 1, 1, 1, 30, 31, 20, 24, 31, 34, 25]}, null, null, 113, false, [], false, 0, [], null, 0, 1744375804.3632202, 0, {}]
[{"0": [3, 3, 1, 4, 1, 2, 1, 2, 2, 2, 5, 18, 2, 1, 2, 2, 4]}, null, null, 113, false, [], false, 0, [], null, 0, 1744375804.5709321, 0, {}]
[{"0": [5, 3, 2, 0, 1, 2, 2, 2, 0, 22, 33, 0, 0, 3, 0, 0, 2]}, null, null, 114, false, [], false, 0, [], null, 0, 1744375804.79767, 0, {}]
[{"0": [3, 2, 2, 4, 4, 2, 3, 3, 0, 4, 21, 22, 17, 34, 26, 2, 0]}, null, null, 114, false, [], false, 0, [], null, 0, 1744375805.0107384, 0, {}]
[{"0": [0, 1, 1, 2, 2, 26, 25, 33, 2, 1, 1, 3, 0, 4, 6, 0, 5]}, null, null, 115, false, [], false, 0, [], null, 0, 1744375805.2378397, 0, {}]
[{"0": [2, 5, 1, 2, 1, 3, 3, 0, 4, 3, 35, 25, 24, 1, 1, 1, 4]}, null, null, 116, false, [], false, 0, [], null, 0, 1744375805.4416676, 0, {}]
[{"0": [2, 4, 1, 2, 3, 29, 1, 0, 0, 1, 3, 2, 0, 4, 1, 2, 0]}, null, null, 116, false, [], false, 0, [], null, 0, 1744375805.6649547, 0, {}]
[{"0": [3, 4, 1, 1, 30, 21, 27, 27, 17, 3, 2, 1, 1, 0, 1, 4, 1]}, null, null, 117, false, [], false, 0, [], null, 0, 1744375805.8827457, 0, {}]
[{"0": [1, 0, 0, 1, 0, 3, 21, 23, 1, 0, 1, 0, 4, 4, 3, 2, 1]}, null, null, 117, false, [], false, 0, [], null, 0, 1744375806.0839846, 0, {}]
[{"0": [1, 1, 2, 2, 2, 1, 4, 32, 25, 38, 31, 32, 31, 19, 36, 30, 27]}, null, null, 118, false, [], false, 0, [], null, 0, 1744375806.3146951, 0, {}]
[{"0": [1, 0, 2, 2, 0, 2, 2, 2, 4, 0, 18, 28, 24, 0, 2, 1, 0]}, null, null, 119, false, [], false, 0, [], null, 0, 1744375806.5296671, 0, {}]
[{"0": [1, 3, 4, 1, 3, 2, 1, 21, 22, 18, 28, 3, 1, 1, 4, 1, 2]}, null, null, 119, false, [], false, 0, [], null, 0, 1744375806.7413015, 0, {}]
[{"0": [2, 3, 1, 3, 5, 4, 4, 5, 1, 24, 1, 1, 1, 0, 1, 3, 1]}, null, null, 120, false, [], false, 0, [], null, 0, 1744375806.959808, 0, {}]
[{"0": [1, 3, 4, 34, 16, 22, 27, 19, 28, 22, 25, 35, 24, 22, 25, 32, 29]}, null, null, 120, false, [], false, 0, [], null, 0, 1744375807.1743462, 0, {}]
[{"0": [26, 5, 1, 1, 1, 3, 0, 1, 2, 5, 0, 2, 2, 3, 2, 3, 1]}, null, null, 121, false, [], false, 0, [], null, 0, 1744375807.3931904, 0, {}]
[{"0": [4, 34, 2, 2, 3, 3, 1, 1, 1, 2, 1, 0, 1, 2, 0, 1, 0]}, null, null, 122, false, [], false, 0, [], null, 0, 1744375807.6127954, 0, {}]
[{"0": [13, 3, 0, 4, 3, 1, 3, 21, 24, 21, 22, 32, 26, 21, 30, 21, 20]}, null, null, 122, false, [], false, 0, [], null, 0, 1744375807.8331401, 0, {}]
[{"0": [0, 3, 3, 2, 0, 3, 1, 2, 3, 0, 0, 25, 25, 26, 31, 24, 30]}, null, null, 123, false, [], false, 0, [], null, 0, 1744375808.0482075, 0, {}]
[{"0": [1, 2, 2, 4, 0, 3, 1, 5, 5, 31, 25, 10, 25, 0, 2, 3, 0]}, null, null, 123, false, [], false, 0, [], null, 0, 1744375808.2667255, 0, {}]
[{"0": [0, 2, 24, 25, 23, 1, 4, 1, 6, 1, 1, 1, 2, 1, 1, 2, 3]}, null, null, 124, false, [], false, 0, [], null, 0, 1744375808.4883208, 0, {}]
[{"0": [18, 18, 30, 20, 26, 25, 30, 3, 3, 0, 2, 1, 0, 0, 3, 0, 0]}, null, null, 125, false, [], false, 0, [], null, 0, 1744375808.6905236, 0, {}]
[{"0": [0, 3, 2, 1, 3, 0, 0, 0, 22, 23, 19, 25, 27, 27, 2, 1, 2]}, null, null, 125, false, [], false, 0, [], null, 0, 1744375808.9173627, 0, {}]
[{"0": [1, 6, 1, 0, 2, 4, 3, 2, 0, 1, 1, 0, 1, 2, 3, 0, 21]}, null, null, 126, false, [], false, 0, [], null, 0, 1744375809.131275, 0, {}]
[{"0": [2, 1, 3, 0, 0, 24, 15, 28, 24, 36, 24, 23, 26, 20, 2, 3, 1]}, null, null, 127, false, [], false, 0, [], null, 0, 1744375809.3412898, 0, {}]
[{"0": [0, 28, 1, 0, 0, 1, 1, 3, 3, 3, 2, 1, 0, 1, 2, 4, 4]}, null, null, 127, false, [], false, 0, [], null, 0, 1744375809.5593333, 0, {}]
[{"0": [2, 28, 30, 25, 3, 1, 2, 3, 0, 1, 2, 2, 4, 2, 2, 4, 1]}, null, null, 128, false, [], false, 0, [], null, 0, 1744375809.7782764, 0, {}]
[{"0": [1, 3, 2, 1, 3, 3, 4, 0, 0, 0, 2, 38, 25, 28, 24, 21, 24]}, null, null, 128, false, [], false, 0, [], null, 0, 1744375809.9939375, 0, {}]
[{"0": [24, 25, 3, 2, 1, 2, 1, 0, 4, 2, 3, 0, 1, 2, 3, 0, 4]}, null, null, 129, false, [], false, 0, [], null, 0, 1744375810.2057476, 0, {}]
[{"0": [1, 0, 2, 1, 2, 2, 0, 1, 3, 2, 30, 24, 32, 4, 4, 2, 2]}, null, null, 130, false, [], false, 0, [], null, 0, 1744375810.428755, 0, {}]
[{"0": [23, 27, 0, 1, 2, 1, 4, 0, 3, 0, 3, 2, 1, 1, 7, 1, 1]}, null, null, 130, false, [], false, 0, [], null, 0, 1744375810.6336813, 0, {}]
[{"0": [1, 3, 31, 1, 1, 1, 0, 2, 3, 1, 2, 2, 1, 0, 6, 4, 2]}, null, null, 131, false, [], false, 0, [], null, 0, 1744375810.870485, 0, {}]
[{"0": [2, 1, 26, 25, 28, 24, 27, 22, 28, 29, 4, 2, 0, 2, 1, 1, 5]}, null, null, 131, false, [], false, 0, [], null, 0, 1744375811.0735593, 0, {}]
[{"0": [5, 2, 19, 28, 27, 31, 25, 24, 37, 31, 0, 2, 3, 1, 0, 0, 0]}, null, null, 132, false, [], false, 0, [], null, 0, 1744375811.292161, 0, {}]
[{"0": [2, 2, 1, 20, 22, 27, 24, 26, 0, 3, 0, 3, 0, 2, 1, 2, 0]}, null, null, 133, false, [], false, 0, [], null, 0, 1744375811.49961, 0, {}]
[{"0": [4, 2, 1, 1, 5, 0, 1, 26, 2, 3, 2, 3, 0, 1, 1, 3, 5]}, null, null, 133, false, [], false, 0, [], null, 0, 1744375811.7238579, 0, {}]
[{"0": [28, 3, 1, 3, 3, 1, 2, 3, 1, 0, 2, 3, 3, 0, 3, 0, 1]}, null, null, 134, false, [], false, 0, [], null, 0, 1744375811.9514928, 0, {}]
[{"0": [1, 1, 4, 29, 28, 33, 35, 21, 1, 0, 3, 1, 2, 2, 3, 1, 3]}, null, null, 134, false, [], false, 0, [], null, 0, 1744375812.1641114, 0, {}]
[{"0": [1, 1, 1, 23, 34, 33, 35, 2, 2, 3, 2, 1, 1, 3, 2, 2, 2]}, null, null, 135, false, [], false, 0, [], null, 0, 1744375812.386468, 0, {}]
[{"0": [2, 3, 1, 2, 2, 2, 2, 2, 2, 1, 0, 24, 0, 2, 2, 1, 2]}, null, null, 136, false, [], false, 0, [], null, 0, 1744375812.5911925, 0, {}]
[{"0": [23, 27, 1, 2, 5, 1, 1, 1, 3, 1, 2, 0, 3, 2, 0, 3, 1]}, null, null, 136, false, [], false, 0, [], null, 0, 1744375812.800906, 0, {}]
[{"0": [1, 2, 4, 1, 3, 1, 1, 46, 23, 23, 32, 31, 1, 2, 3, 1, 2]}, null, null, 137, false, [], false, 0, [], null, 0, 1744375813.0377476, 0, {}]
[{"0": [2, 2, 3, 1, 3, 5, 2, 0, 5, 2, 5, 4, 3, 2, 28, 29, 21]}, null, null, 137, false, [], false, 0, [], null, 0, 1744375813.2364795, 0, {}]
[{"0": [0, 1, 0, 1, 0, 1, 1, 2, 2, 2, 0, 1, 1, 0, 1, 1, 1]}, null, null, 138, false, [], false, 0, [], null, 0, 1744375813.4519513, 0, {}]
[{"0": [1, 3, 2, 0, 3, 1, 3, 27, 26, 29, 32, 30, 29, 27, 25, 27, 32]}, null, null, 139, false, [], false, 0, [], null, 0, 1744375813.6771348, 0, {}]
[{"0": [3, 1, 2, 1, 0, 1, 2, 5, 1, 0, 3, 1, 3, 20, 25, 0, 1]}, null, null, 139, false, [], false, 0, [], null, 0, 1744375813.8885498, 0, {}]
[{"0": [4, 2, 3, 3, 2, 2, 2, 1, 24, 29, 28, 20, 33, 33, 3, 2, 0]}, null, null, 140, false, [], false, 0, [], null, 0, 1744375814.0954869, 0, {}]
[{"0": [3, 2, 1, 1, 2, 2, 2, 20, 26, 30, 26, 0, 3, 3, 0, 1, 0]}, null, null, 140, false, [], false, 0, [], null, 0, 1744375814.3164396, 0, {}]
[{"0": [30, 0, 0, 1, 0, 0, 2, 1, 1, 3, 1, 1, 2, 3, 0, 2, 2]}, null, null, 141, false, [], false, 0, [], null, 0, 1744375814.5408013, 0, {}]
[{"0": [0, 1, 0, 2, 1, 1, 3, 3, 4, 2, 1, 0, 0, 0, 2, 0, 4]}, null, null, 142, false, [], false, 0, [], null, 0, 1744375814.7702074, 0, {}]
[{"0": [1, 3, 2, 3, 0, 0, 3, 4, 0, 1, 23, 0, 2, 1, 0, 7, 0]}, null, null, 142, false, [], false, 0, [], null, 0, 1744375814.9709682, 0, {}]
[{"0": [5, 2, 0, 2, 3, 3, 1, 18, 25, 31, 28, 21, 24, 21, 28, 2, 0]}, null, null, 143, false, [], false, 0, [], null, 0, 1744375815.190931, 0, {}]
[{"0": [1, 5, 3, 3, 4, 3, 4, 1, 2, 1, 1, 2, 2, 0, 3, 2, 3]}, null, null, 143, false, [], false, 0, [], null, 0, 1744375815.404296, 0, {}]
[{"0": [0, 4, 2, 1, 25, 23, 2, 2, 4, 1, 3, 2, 1, 1, 2, 0, 1]}, null, null, 144, false, [], false, 0, [], null, 0, 1744375815.6154735, 0, {}]
[{"0": [4, 1, 1, 4, 2, 5, 1, 1, 2, 5, 1, 25, 29, 19, 0, 4, 3]}, null, null, 145, false, [], false, 0, [], null, 0, 1744375815.8494754, 0, {}]
[{"0": [4, 0, 1, 3, 0, 1, 26, 32, 29, 26, 25, 34, 29, 29, 27, 29, 30]}, null, null, 145, false, [], false, 0, [], null, 0, 1744375816.0637667, 0, {}]
[{"0": [1, 1, 3, 3, 0, 4, 1, 1, 2, 29, 19, 2, 1, 0, 2, 1, 0]}, null, null, 146, false, [], false, 0, [], null, 0, 1744375816.266429, 0, {}]
[{"0": [26, 30, 26, 30, 26, 20, 33, 31, 3, 1, 1, 2, 4, 3, 1, 2, 0]}, null, null, 146, false, [], false, 0, [], null, 0, 1744375816.4799502, 0, {}]
[{"0": [27, 1, 1, 2, 3, 1, 2, 2, 2, 1, 1, 1, 1, 1, 0, 3, 2]}, null, null, 147, false, [], false, 0, [], null, 0, 1744375816.7104347, 0, {}]
[{"0": [0, 2, 0, 1, 0, 29, 23, 43, 26, 30, 27, 23, 27, 28, 31, 29, 32]}, null, null, 148, false, [], false, 0, [], null, 0, 1744375816.9228897, 0, {}]
[{"0": [2, 0, 28, 20, 2, 0, 3, 1, 4, 4, 5, 3, 1, 1, 2, 2, 3]}, null, null, 148, false, [], false, 0, [], null, 0, 1744375817.1410897, 0, {}]
[{"0": [2, 2, 5, 1, 0, 2, 2, 3, 2, 0, 24, 29, 26, 22, 1, 3, 0]}, null, null, 149, false, [], false, 0, [], null, 0, 1744375817.3464894, 0, {}]
[{"0": [2, 1, 2, 0, 1, 4, 2, 1, 4, 0, 1, 28, 23, 30, 2, 1, 0]}, null, null, 149, false, [], false, 0, [], null, 0, 1744375817.5774012, 0, {}]
[{"0": [1, 2, 0, 2, 1, 3, 3, 0, 1, 1, 26, 37, 30, 23, 25, 1, 0]}, null, null, 150, true, [], false, 0, [], null, 0, 1744375817.7944734, 0, {}]
