[{"0": [1, 2, 1, 1, 1, 3, 34, 32, 32, 38, 31, 31, 37, 30, 33, 1, 0]}, null, null, 0, false, [], false, 0, [], null, 0, 1744387088.4761372, 0, {}]
[{"0": [1, 2, 2, 2, 0, 1, 3, 27, 32, 31, 28, 22, 0, 1, 0, 5, 4]}, null, null, 1, false, [], false, 0, [], null, 0, 1744387088.7150114, 0, {}]
[{"0": [1, 1, 1, 0, 2, 4, 1, 0, 1, 1, 25, 1, 0, 1, 2, 0, 0]}, null, null, 1, false, [], false, 0, [], null, 0, 1744387088.912846, 0, {}]
[{"0": [4, 1, 1, 4, 6, 0, 27, 32, 29, 30, 35, 31, 23, 0, 3, 3, 2]}, null, null, 2, false, [], false, 0, [], null, 0, 1744387089.128024, 0, {}]
[{"0": [2, 1, 0, 3, 2, 27, 35, 33, 31, 34, 0, 1, 2, 2, 1, 1, 0]}, null, null, 2, false, [], false, 0, [], null, 0, 1744387089.348126, 0, {}]
[{"0": [2, 2, 1, 1, 36, 36, 18, 27, 32, 3, 0, 0, 3, 1, 1, 3, 1]}, null, null, 3, false, [], false, 0, [], null, 0, 1744387089.5639536, 0, {}]
[{"0": [1, 25, 28, 35, 23, 36, 1, 3, 1, 4, 1, 0, 1, 2, 1, 3, 3]}, null, null, 4, false, [], false, 0, [], null, 0, 1744387089.7915246, 0, {}]
[{"0": [31, 25, 27, 26, 0, 2, 1, 4, 3, 1, 1, 4, 2, 2, 3, 1, 3]}, null, null, 4, false, [], false, 0, [], null, 0, 1744387089.9968486, 0, {}]
[{"0": [6, 2, 1, 1, 32, 35, 32, 2, 1, 2, 1, 0, 2, 5, 0, 1, 0]}, null, null, 5, false, [], false, 0, [], null, 0, 1744387090.2087214, 0, {}]
[{"0": [0, 1, 3, 1, 2, 1, 1, 0, 0, 3, 0, 4, 1, 31, 39, 44, 32]}, null, null, 5, false, [], false, 0, [], null, 0, 1744387090.4271307, 0, {}]
[{"0": [20, 1, 3, 2, 3, 1, 3, 3, 2, 1, 4, 1, 3, 3, 1, 0, 1]}, null, null, 6, false, [], false, 0, [], null, 0, 1744387090.6449776, 0, {}]
[{"0": [6, 2, 1, 4, 5, 1, 1, 4, 1, 2, 2, 3, 19, 35, 0, 3, 2]}, null, null, 7, false, [], false, 0, [], null, 0, 1744387090.8801916, 0, {}]
[{"0": [1, 1, 1, 1, 2, 1, 2, 2, 1, 1, 1, 0, 4, 3, 3, 34, 40]}, null, null, 7, false, [], false, 0, [], null, 0, 1744387091.0833304, 0, {}]
[{"0": [2, 0, 5, 4, 1, 5, 2, 1, 0, 3, 1, 2, 23, 28, 3, 2, 0]}, null, null, 8, false, [], false, 0, [], null, 0, 1744387091.2997847, 0, {}]
[{"0": [4, 4, 1, 1, 0, 1, 2, 31, 18, 27, 28, 42, 36, 1, 1, 3, 2]}, null, null, 8, false, [], false, 0, [], null, 0, 1744387091.5320423, 0, {}]
[{"0": [1, 0, 3, 1, 0, 26, 2, 3, 1, 2, 1, 5, 1, 2, 2, 1, 2]}, null, null, 9, false, [], false, 0, [], null, 0, 1744387091.7313614, 0, {}]
[{"0": [2, 2, 1, 2, 2, 1, 3, 2, 0, 2, 1, 4, 1, 0, 2, 3, 0]}, null, null, 10, false, [], false, 0, [], null, 0, 1744387091.9448204, 0, {}]
[{"0": [1, 0, 1, 1, 4, 1, 4, 2, 2, 3, 6, 0, 1, 1, 1, 31, 24]}, null, null, 10, false, [], false, 0, [], null, 0, 1744387092.1817746, 0, {}]
[{"0": [3, 1, 1, 1, 3, 2, 29, 41, 4, 2, 1, 3, 2, 1, 4, 2, 4]}, null, null, 11, false, [], false, 0, [], null, 0, 1744387092.3916392, 0, {}]
[{"0": [0, 1, 0, 1, 1, 1, 0, 1, 1, 2, 0, 2, 23, 0, 0, 1, 2]}, null, null, 11, false, [], false, 0, [], null, 0, 1744387092.6004927, 0, {}]
[{"0": [3, 3, 2, 2, 0, 2, 0, 2, 1, 3, 3, 1, 0, 24, 1, 1, 2]}, null, null, 12, false, [], false, 0, [], null, 0, 1744387092.816392, 0, {}]
[{"0": [1, 1, 1, 0, 0, 0, 5, 33, 35, 34, 22, 26, 33, 34, 31, 29, 39]}, null, null, 13, false, [], false, 0, [], null, 0, 1744387093.0272646, 0, {}]
[{"0": [2, 2, 1, 0, 0, 1, 2, 1, 1, 1, 2, 3, 3, 30, 27, 35, 33]}, null, null, 13, false, [], false, 0, [], null, 0, 1744387093.2540414, 0, {}]
[{"0": [1, 0, 1, 2, 3, 2, 24, 27, 41, 24, 36, 39, 37, 29, 25, 33, 28]}, null, null, 14, false, [], false, 0, [], null, 0, 1744387093.4706144, 0, {}]
[{"0": [2, 1, 1, 1, 4, 4, 2, 34, 27, 24, 4, 2, 3, 1, 3, 1, 2]}, null, null, 14, false, [], false, 0, [], null, 0, 1744387093.6870794, 0, {}]
[{"0": [28, 20, 27, 21, 28, 31, 28, 27, 1, 2, 1, 2, 5, 1, 2, 0, 0]}, null, null, 15, false, [], false, 0, [], null, 0, 1744387093.9044333, 0, {}]
[{"0": [1, 2, 4, 1, 2, 28, 2, 0, 0, 1, 4, 0, 1, 3, 2, 2, 4]}, null, null, 16, false, [], false, 0, [], null, 0, 1744387094.1148872, 0, {}]
[{"0": [1, 4, 2, 0, 3, 4, 1, 1, 3, 2, 2, 1, 33, 33, 25, 37, 1]}, null, null, 16, false, [], false, 0, [], null, 0, 1744387094.3408625, 0, {}]
[{"0": [1, 1, 0, 2, 1, 2, 36, 29, 28, 33, 32, 33, 1, 1, 4, 1, 1]}, null, null, 17, false, [], false, 0, [], null, 0, 1744387094.5565283, 0, {}]
[{"0": [2, 2, 36, 30, 23, 37, 27, 19, 3, 0, 3, 4, 3, 2, 2, 2, 0]}, null, null, 17, false, [], false, 0, [], null, 0, 1744387094.7594054, 0, {}]
[{"0": [3, 2, 0, 1, 2, 0, 1, 1, 3, 0, 0, 0, 2, 3, 3, 25, 5]}, null, null, 18, false, [], false, 0, [], null, 0, 1744387094.9833758, 0, {}]
[{"0": [1, 0, 1, 3, 0, 30, 24, 26, 24, 2, 0, 2, 3, 3, 1, 3, 0]}, null, null, 19, false, [], false, 0, [], null, 0, 1744387095.1952648, 0, {}]
[{"0": [1, 2, 26, 23, 29, 34, 29, 29, 37, 34, 2, 1, 2, 0, 2, 4, 3]}, null, null, 19, false, [], false, 0, [], null, 0, 1744387095.4124405, 0, {}]
[{"0": [1, 1, 3, 1, 0, 1, 1, 5, 6, 1, 4, 28, 25, 19, 3, 2, 1]}, null, null, 20, false, [], false, 0, [], null, 0, 1744387095.641901, 0, {}]
[{"0": [5, 0, 1, 1, 1, 2, 4, 0, 30, 37, 36, 30, 27, 40, 33, 32, 21]}, null, null, 20, false, [], false, 0, [], null, 0, 1744387095.854254, 0, {}]
[{"0": [1, 2, 1, 1, 1, 3, 1, 1, 3, 29, 21, 37, 26, 1, 0, 1, 3]}, null, null, 21, false, [], false, 0, [], null, 0, 1744387096.0670943, 0, {}]
[{"0": [2, 5, 1, 1, 2, 2, 27, 31, 1, 1, 3, 2, 2, 1, 1, 3, 1]}, null, null, 22, false, [], false, 0, [], null, 0, 1744387096.2830167, 0, {}]
[{"0": [4, 1, 0, 29, 3, 1, 2, 5, 1, 5, 3, 3, 3, 1, 2, 1, 2]}, null, null, 22, false, [], false, 0, [], null, 0, 1744387096.5155225, 0, {}]
[{"0": [1, 3, 2, 1, 3, 3, 2, 2, 1, 16, 0, 0, 1, 0, 2, 1, 3]}, null, null, 23, false, [], false, 0, [], null, 0, 1744387096.7154253, 0, {}]
[{"0": [3, 0, 0, 1, 27, 20, 1, 1, 1, 3, 2, 1, 1, 1, 1, 2, 1]}, null, null, 23, false, [], false, 0, [], null, 0, 1744387096.9317622, 0, {}]
[{"0": [2, 2, 27, 30, 31, 32, 2, 1, 1, 2, 1, 3, 1, 1, 0, 0, 1]}, null, null, 24, false, [], false, 0, [], null, 0, 1744387097.1557631, 0, {}]
[{"0": [3, 3, 2, 27, 27, 28, 28, 24, 22, 27, 30, 34, 26, 37, 19, 0, 2]}, null, null, 25, false, [], false, 0, [], null, 0, 1744387097.372983, 0, {}]
[{"0": [0, 3, 4, 3, 2, 1, 4, 0, 3, 2, 0, 3, 5, 33, 22, 1, 3]}, null, null, 25, false, [], false, 0, [], null, 0, 1744387097.5891268, 0, {}]
[{"0": [1, 2, 1, 2, 3, 0, 0, 1, 2, 30, 30, 29, 22, 32, 26, 34, 33]}, null, null, 26, false, [], false, 0, [], null, 0, 1744387097.8067846, 0, {}]
[{"0": [1, 1, 1, 0, 2, 0, 33, 31, 2, 1, 2, 1, 1, 1, 4, 6, 1]}, null, null, 27, false, [], false, 0, [], null, 0, 1744387098.0223103, 0, {}]
[{"0": [2, 1, 2, 4, 3, 0, 3, 2, 0, 4, 1, 0, 2, 4, 2, 24, 23]}, null, null, 27, false, [], false, 0, [], null, 0, 1744387098.2316048, 0, {}]
[{"0": [4, 2, 2, 1, 1, 0, 2, 2, 1, 0, 1, 3, 2, 4, 29, 32, 0]}, null, null, 28, false, [], false, 0, [], null, 0, 1744387098.4619021, 0, {}]
[{"0": [4, 1, 2, 3, 33, 20, 33, 32, 3, 1, 1, 1, 2, 0, 3, 3, 2]}, null, null, 28, false, [], false, 0, [], null, 0, 1744387098.6682189, 0, {}]
[{"0": [1, 3, 3, 1, 1, 2, 1, 4, 1, 1, 1, 2, 0, 2, 1, 37, 2]}, null, null, 29, false, [], false, 0, [], null, 0, 1744387098.8906922, 0, {}]
[{"0": [3, 3, 0, 3, 2, 1, 1, 0, 24, 1, 1, 2, 3, 1, 0, 4, 2]}, null, null, 30, false, [], false, 0, [], null, 0, 1744387099.1036344, 0, {}]
[{"0": [2, 2, 1, 2, 3, 3, 4, 2, 33, 31, 24, 31, 26, 0, 2, 2, 2]}, null, null, 30, false, [], false, 0, [], null, 0, 1744387099.3279138, 0, {}]
[{"0": [1, 0, 3, 2, 1, 1, 3, 1, 1, 2, 1, 0, 2, 23, 41, 27, 29]}, null, null, 31, false, [], false, 0, [], null, 0, 1744387099.5450292, 0, {}]
[{"0": [1, 0, 1, 1, 1, 3, 27, 1, 2, 1, 3, 1, 4, 4, 2, 4, 0]}, null, null, 31, false, [], false, 0, [], null, 0, 1744387099.7475746, 0, {}]
[{"0": [3, 1, 0, 1, 26, 32, 21, 3, 3, 0, 2, 3, 1, 4, 1, 1, 4]}, null, null, 32, false, [], false, 0, [], null, 0, 1744387099.9589427, 0, {}]
[{"0": [2, 9, 1, 0, 4, 25, 20, 35, 28, 31, 33, 27, 27, 30, 0, 2, 3]}, null, null, 33, false, [], false, 0, [], null, 0, 1744387100.1840024, 0, {}]
[{"0": [2, 1, 1, 1, 0, 0, 2, 27, 26, 35, 26, 31, 18, 27, 1, 3, 2]}, null, null, 33, false, [], false, 0, [], null, 0, 1744387100.407776, 0, {}]
[{"0": [2, 1, 0, 2, 2, 0, 2, 2, 4, 1, 0, 5, 5, 30, 31, 1, 1]}, null, null, 34, false, [], false, 0, [], null, 0, 1744387100.616682, 0, {}]
[{"0": [1, 0, 26, 36, 25, 1, 3, 3, 1, 5, 3, 2, 5, 0, 3, 3, 0]}, null, null, 34, false, [], false, 0, [], null, 0, 1744387100.8375177, 0, {}]
[{"0": [3, 1, 2, 31, 26, 34, 26, 21, 26, 40, 27, 34, 30, 24, 33, 22, 28]}, null, null, 35, false, [], false, 0, [], null, 0, 1744387101.0577662, 0, {}]
[{"0": [0, 5, 1, 1, 5, 1, 0, 0, 3, 2, 1, 0, 3, 2, 1, 28, 0]}, null, null, 36, false, [], false, 0, [], null, 0, 1744387101.2811418, 0, {}]
[{"0": [1, 2, 4, 1, 40, 31, 0, 0, 2, 2, 3, 4, 3, 1, 0, 3, 1]}, null, null, 36, false, [], false, 0, [], null, 0, 1744387101.4899616, 0, {}]
[{"0": [0, 1, 5, 2, 2, 3, 4, 3, 5, 0, 3, 2, 0, 0, 3, 1, 2]}, null, null, 37, false, [], false, 0, [], null, 0, 1744387101.6966891, 0, {}]
[{"0": [1, 1, 0, 4, 2, 0, 5, 2, 0, 1, 1, 0, 33, 30, 26, 3, 3]}, null, null, 37, false, [], false, 0, [], null, 0, 1744387101.9197457, 0, {}]
[{"0": [2, 2, 3, 2, 2, 0, 0, 2, 3, 3, 1, 2, 0, 3, 3, 32, 2]}, null, null, 38, false, [], false, 0, [], null, 0, 1744387102.1284122, 0, {}]
[{"0": [25, 25, 3, 0, 0, 0, 2, 4, 2, 1, 4, 3, 4, 2, 6, 2, 3]}, null, null, 39, false, [], false, 0, [], null, 0, 1744387102.348892, 0, {}]
[{"0": [1, 2, 0, 3, 24, 31, 25, 40, 29, 28, 28, 37, 38, 22, 26, 3, 1]}, null, null, 39, false, [], false, 0, [], null, 0, 1744387102.5735316, 0, {}]
[{"0": [4, 2, 3, 2, 1, 1, 3, 2, 1, 1, 30, 31, 24, 29, 39, 1, 2]}, null, null, 40, false, [], false, 0, [], null, 0, 1744387102.7834713, 0, {}]
[{"0": [3, 0, 0, 3, 2, 1, 1, 4, 2, 3, 3, 2, 3, 34, 28, 24, 31]}, null, null, 40, false, [], false, 0, [], null, 0, 1744387102.9991548, 0, {}]
[{"0": [1, 0, 1, 3, 0, 1, 3, 0, 2, 18, 24, 31, 28, 33, 32, 31, 26]}, null, null, 41, false, [], false, 0, [], null, 0, 1744387103.216111, 0, {}]
[{"0": [1, 3, 4, 2, 2, 2, 2, 24, 31, 27, 26, 30, 30, 36, 26, 3, 3]}, null, null, 42, false, [], false, 0, [], null, 0, 1744387103.450897, 0, {}]
[{"0": [0, 0, 23, 0, 1, 3, 3, 3, 0, 0, 1, 5, 2, 3, 3, 3, 3]}, null, null, 42, false, [], false, 0, [], null, 0, 1744387103.6539183, 0, {}]
[{"0": [0, 0, 1, 1, 1, 2, 2, 4, 1, 1, 0, 0, 25, 24, 22, 2, 1]}, null, null, 43, false, [], false, 0, [], null, 0, 1744387103.8684645, 0, {}]
[{"0": [1, 0, 2, 2, 0, 1, 0, 1, 1, 5, 3, 29, 25, 24, 23, 24, 26]}, null, null, 43, false, [], false, 0, [], null, 0, 1744387104.0790963, 0, {}]
[{"0": [0, 3, 0, 3, 0, 0, 0, 2, 1, 4, 28, 1, 1, 2, 1, 0, 3]}, null, null, 44, false, [], false, 0, [], null, 0, 1744387104.296708, 0, {}]
[{"0": [1, 1, 0, 1, 1, 28, 29, 1, 3, 4, 1, 1, 2, 1, 3, 2, 1]}, null, null, 45, false, [], false, 0, [], null, 0, 1744387104.5156786, 0, {}]
[{"0": [4, 1, 0, 3, 35, 31, 2, 0, 2, 3, 0, 2, 1, 2, 1, 3, 2]}, null, null, 45, false, [], false, 0, [], null, 0, 1744387104.732007, 0, {}]
[{"0": [4, 0, 28, 30, 3, 0, 0, 3, 2, 2, 4, 3, 3, 1, 0, 1, 1]}, null, null, 46, false, [], false, 0, [], null, 0, 1744387104.955691, 0, {}]
[{"0": [1, 2, 2, 0, 3, 0, 1, 0, 3, 2, 1, 2, 2, 0, 26, 26, 29]}, null, null, 46, false, [], false, 0, [], null, 0, 1744387105.174434, 0, {}]
[{"0": [1, 2, 1, 2, 3, 35, 25, 33, 30, 38, 2, 4, 4, 1, 1, 1, 3]}, null, null, 47, false, [], false, 0, [], null, 0, 1744387105.3895001, 0, {}]
[{"0": [0, 3, 2, 4, 2, 2, 4, 1, 4, 32, 24, 32, 24, 25, 38, 24, 8]}, null, null, 48, false, [], false, 0, [], null, 0, 1744387105.5914178, 0, {}]
[{"0": [2, 2, 9, 24, 30, 27, 36, 31, 26, 1, 3, 2, 1, 1, 2, 0, 0]}, null, null, 48, false, [], false, 0, [], null, 0, 1744387105.8142798, 0, {}]
[{"0": [1, 2, 1, 35, 32, 19, 28, 21, 0, 5, 1, 1, 0, 3, 0, 1, 2]}, null, null, 49, false, [], false, 0, [], null, 0, 1744387106.0356913, 0, {}]
[{"0": [2, 2, 1, 3, 3, 2, 0, 2, 3, 4, 2, 1, 3, 1, 1, 3, 8]}, null, null, 49, false, [], false, 0, [], null, 0, 1744387106.254069, 0, {}]
[{"0": [2, 1, 3, 4, 2, 1, 1, 0, 1, 0, 2, 1, 3, 0, 2, 36, 2]}, null, null, 50, false, [], false, 0, [], null, 0, 1744387106.4661548, 0, {}]
[{"0": [0, 1, 2, 2, 2, 0, 4, 1, 28, 23, 34, 2, 1, 0, 0, 2, 2]}, null, null, 51, false, [], false, 0, [], null, 0, 1744387106.6837952, 0, {}]
[{"0": [2, 0, 2, 1, 1, 2, 27, 28, 31, 0, 1, 3, 1, 1, 2, 3, 2]}, null, null, 51, false, [], false, 0, [], null, 0, 1744387106.8989902, 0, {}]
[{"0": [2, 0, 2, 1, 2, 29, 39, 3, 2, 1, 2, 2, 0, 4, 2, 3, 2]}, null, null, 52, false, [], false, 0, [], null, 0, 1744387107.1301043, 0, {}]
[{"0": [1, 1, 0, 26, 2, 0, 3, 3, 2, 3, 4, 3, 1, 2, 3, 0, 4]}, null, null, 52, false, [], false, 0, [], null, 0, 1744387107.344153, 0, {}]
[{"0": [6, 2, 0, 2, 1, 3, 1, 2, 3, 0, 2, 3, 3, 3, 2, 26, 33]}, null, null, 53, false, [], false, 0, [], null, 0, 1744387107.5487268, 0, {}]
[{"0": [1, 3, 2, 3, 3, 1, 2, 2, 0, 4, 0, 3, 1, 1, 1, 27, 2]}, null, null, 54, false, [], false, 0, [], null, 0, 1744387107.7686644, 0, {}]
[{"0": [0, 0, 1, 2, 0, 0, 1, 1, 0, 1, 2, 0, 22, 31, 4, 1, 3]}, null, null, 54, false, [], false, 0, [], null, 0, 1744387107.9745092, 0, {}]
[{"0": [2, 1, 1, 2, 2, 1, 0, 1, 3, 2, 2, 41, 39, 37, 20, 38, 30]}, null, null, 55, false, [], false, 0, [], null, 0, 1744387108.2071664, 0, {}]
[{"0": [4, 3, 0, 1, 0, 25, 30, 17, 30, 28, 33, 35, 25, 28, 35, 0, 3]}, null, null, 55, false, [], false, 0, [], null, 0, 1744387108.4215145, 0, {}]
[{"0": [2, 3, 2, 27, 35, 30, 32, 35, 24, 25, 36, 28, 23, 31, 33, 30, 31]}, null, null, 56, false, [], false, 0, [], null, 0, 1744387108.6395626, 0, {}]
[{"0": [3, 1, 2, 3, 0, 1, 1, 0, 2, 2, 0, 4, 2, 1, 1, 36, 2]}, null, null, 57, false, [], false, 0, [], null, 0, 1744387108.8445654, 0, {}]
[{"0": [4, 3, 1, 4, 0, 1, 0, 3, 2, 2, 0, 0, 25, 28, 26, 1, 1]}, null, null, 57, false, [], false, 0, [], null, 0, 1744387109.0692255, 0, {}]
[{"0": [1, 2, 2, 1, 2, 1, 0, 0, 1, 0, 33, 31, 27, 23, 36, 33, 3]}, null, null, 58, false, [], false, 0, [], null, 0, 1744387109.292155, 0, {}]
[{"0": [2, 0, 22, 24, 22, 24, 1, 2, 0, 0, 3, 2, 4, 1, 2, 3, 4]}, null, null, 58, false, [], false, 0, [], null, 0, 1744387109.5059788, 0, {}]
[{"0": [1, 1, 2, 4, 3, 26, 2, 3, 0, 3, 1, 2, 2, 0, 2, 2, 2]}, null, null, 59, false, [], false, 0, [], null, 0, 1744387109.707965, 0, {}]
[{"0": [2, 3, 2, 2, 1, 1, 1, 30, 23, 35, 21, 3, 3, 1, 2, 3, 1]}, null, null, 60, false, [], false, 0, [], null, 0, 1744387109.9399545, 0, {}]
[{"0": [36, 3, 4, 1, 2, 1, 0, 3, 3, 1, 3, 4, 1, 1, 1, 2, 0]}, null, null, 60, false, [], false, 0, [], null, 0, 1744387110.146882, 0, {}]
[{"0": [2, 0, 1, 3, 3, 0, 4, 1, 31, 32, 28, 30, 37, 3, 4, 1, 4]}, null, null, 61, false, [], false, 0, [], null, 0, 1744387110.3673873, 0, {}]
[{"0": [1, 2, 2, 3, 3, 0, 1, 2, 0, 1, 2, 2, 3, 23, 1, 2, 2]}, null, null, 61, false, [], false, 0, [], null, 0, 1744387110.586271, 0, {}]
[{"0": [1, 2, 2, 3, 0, 2, 1, 27, 1, 3, 7, 1, 2, 3, 2, 3, 4]}, null, null, 62, false, [], false, 0, [], null, 0, 1744387110.8081787, 0, {}]
[{"0": [1, 3, 4, 0, 0, 3, 4, 0, 4, 1, 0, 1, 3, 37, 27, 33, 28]}, null, null, 63, false, [], false, 0, [], null, 0, 1744387111.0236561, 0, {}]
[{"0": [4, 0, 0, 3, 2, 3, 1, 40, 29, 2, 5, 3, 2, 3, 3, 2, 3]}, null, null, 63, false, [], false, 0, [], null, 0, 1744387111.2252722, 0, {}]
[{"0": [1, 2, 3, 0, 0, 1, 1, 0, 3, 3, 2, 2, 1, 0, 1, 1, 2]}, null, null, 64, false, [], false, 0, [], null, 0, 1744387111.4592988, 0, {}]
[{"0": [2, 1, 2, 8, 3, 1, 2, 2, 4, 3, 1, 3, 28, 30, 28, 17, 27]}, null, null, 64, false, [], false, 0, [], null, 0, 1744387111.6795802, 0, {}]
[{"0": [0, 1, 1, 2, 2, 1, 0, 2, 1, 2, 0, 0, 2, 2, 0, 1, 1]}, null, null, 65, false, [], false, 0, [], null, 0, 1744387111.8982263, 0, {}]
[{"0": [1, 0, 4, 2, 5, 1, 3, 0, 1, 3, 30, 30, 30, 1, 1, 2, 3]}, null, null, 66, false, [], false, 0, [], null, 0, 1744387112.112576, 0, {}]
[{"0": [0, 0, 3, 4, 2, 27, 2, 2, 1, 1, 1, 0, 1, 2, 2, 2, 0]}, null, null, 66, false, [], false, 0, [], null, 0, 1744387112.3240738, 0, {}]
[{"0": [3, 0, 2, 1, 1, 4, 0, 3, 3, 1, 1, 0, 1, 2, 28, 24, 24]}, null, null, 67, false, [], false, 0, [], null, 0, 1744387112.5427537, 0, {}]
[{"0": [21, 30, 27, 32, 25, 28, 36, 30, 22, 15, 2, 0, 3, 2, 1, 0, 3]}, null, null, 67, false, [], false, 0, [], null, 0, 1744387112.747408, 0, {}]
[{"0": [4, 3, 3, 5, 2, 0, 35, 36, 2, 0, 4, 3, 2, 2, 3, 3, 1]}, null, null, 68, false, [], false, 0, [], null, 0, 1744387112.9674776, 0, {}]
[{"0": [1, 1, 1, 2, 1, 31, 3, 3, 6, 1, 1, 3, 2, 2, 2, 2, 4]}, null, null, 69, false, [], false, 0, [], null, 0, 1744387113.1872435, 0, {}]
[{"0": [2, 4, 1, 4, 2, 3, 2, 32, 22, 37, 29, 36, 34, 25, 31, 0, 2]}, null, null, 69, false, [], false, 0, [], null, 0, 1744387113.4109607, 0, {}]
[{"0": [26, 28, 2, 1, 3, 0, 2, 3, 3, 1, 3, 3, 1, 1, 2, 1, 0]}, null, null, 70, false, [], false, 0, [], null, 0, 1744387113.6240344, 0, {}]
[{"0": [2, 0, 2, 2, 2, 2, 2, 2, 2, 0, 1, 1, 1, 1, 0, 30, 5]}, null, null, 70, false, [], false, 0, [], null, 0, 1744387113.8316867, 0, {}]
[{"0": [2, 0, 1, 0, 2, 2, 1, 1, 1, 1, 0, 28, 35, 26, 26, 37, 36]}, null, null, 71, false, [], false, 0, [], null, 0, 1744387114.0425718, 0, {}]
[{"0": [2, 1, 2, 2, 0, 2, 0, 3, 0, 21, 22, 31, 2, 3, 0, 3, 2]}, null, null, 72, false, [], false, 0, [], null, 0, 1744387114.2646139, 0, {}]
[{"0": [1, 2, 21, 23, 0, 2, 6, 4, 1, 2, 1, 2, 2, 3, 3, 4, 1]}, null, null, 72, false, [], false, 0, [], null, 0, 1744387114.48559, 0, {}]
[{"0": [2, 3, 3, 1, 0, 3, 0, 1, 0, 3, 7, 2, 39, 33, 33, 37, 29]}, null, null, 73, false, [], false, 0, [], null, 0, 1744387114.6994164, 0, {}]
[{"0": [27, 25, 1, 2, 1, 2, 0, 1, 1, 4, 1, 2, 1, 0, 0, 1, 3]}, null, null, 73, false, [], false, 0, [], null, 0, 1744387114.918606, 0, {}]
[{"0": [3, 1, 1, 0, 3, 2, 5, 20, 2, 3, 4, 2, 1, 2, 4, 1, 1]}, null, null, 74, false, [], false, 0, [], null, 0, 1744387115.1259558, 0, {}]
[{"0": [2, 2, 2, 1, 3, 31, 35, 2, 1, 4, 3, 2, 3, 3, 2, 3, 0]}, null, null, 75, false, [], false, 0, [], null, 0, 1744387115.3428078, 0, {}]
[{"0": [2, 1, 2, 0, 1, 3, 4, 1, 4, 6, 1, 2, 2, 20, 28, 1, 3]}, null, null, 75, false, [], false, 0, [], null, 0, 1744387115.565709, 0, {}]
[{"0": [2, 0, 1, 1, 2, 2, 2, 1, 2, 3, 2, 1, 3, 4, 0, 36, 27]}, null, null, 76, false, [], false, 0, [], null, 0, 1744387115.7804732, 0, {}]
[{"0": [0, 1, 1, 1, 22, 23, 1, 3, 2, 1, 2, 4, 1, 2, 3, 2, 6]}, null, null, 77, false, [], false, 0, [], null, 0, 1744387115.9984293, 0, {}]
[{"0": [0, 2, 3, 29, 0, 1, 1, 0, 0, 1, 4, 4, 2, 3, 2, 5, 1]}, null, null, 77, false, [], false, 0, [], null, 0, 1744387116.2060258, 0, {}]
[{"0": [1, 4, 3, 0, 4, 2, 5, 0, 1, 2, 3, 4, 1, 1, 3, 0, 1]}, null, null, 78, false, [], false, 0, [], null, 0, 1744387116.4269445, 0, {}]
[{"0": [36, 27, 1, 2, 1, 2, 1, 6, 0, 2, 4, 1, 4, 0, 1, 2, 3]}, null, null, 78, false, [], false, 0, [], null, 0, 1744387116.6574502, 0, {}]
[{"0": [0, 2, 1, 3, 1, 1, 29, 33, 4, 3, 2, 1, 1, 2, 1, 1, 3]}, null, null, 79, false, [], false, 0, [], null, 0, 1744387116.8631446, 0, {}]
[{"0": [2, 2, 1, 0, 2, 0, 29, 33, 29, 2, 2, 2, 2, 3, 1, 1, 3]}, null, null, 80, false, [], false, 0, [], null, 0, 1744387117.090806, 0, {}]
[{"0": [26, 2, 3, 2, 3, 3, 2, 2, 2, 1, 2, 1, 3, 28, 2, 3, 2]}, null, null, 80, false, [], false, 0, [], null, 0, 1744387117.300675, 0, {}]
[{"0": [4, 2, 4, 2, 1, 6, 2, 2, 2, 29, 40, 1, 1, 4, 1, 0, 0]}, null, null, 81, false, [], false, 0, [], null, 0, 1744387117.5124362, 0, {}]
[{"0": [4, 2, 0, 0, 2, 1, 0, 1, 1, 2, 24, 29, 30, 26, 33, 28, 26]}, null, null, 81, false, [], false, 0, [], null, 0, 1744387117.7208216, 0, {}]
[{"0": [1, 4, 30, 31, 27, 30, 3, 2, 2, 1, 1, 1, 0, 3, 1, 1, 3]}, null, null, 82, false, [], false, 0, [], null, 0, 1744387117.9509418, 0, {}]
[{"0": [3, 2, 3, 0, 4, 2, 2, 38, 1, 3, 2, 0, 2, 3, 1, 2, 2]}, null, null, 83, false, [], false, 0, [], null, 0, 1744387118.1563792, 0, {}]
[{"0": [27, 27, 4, 3, 5, 1, 3, 2, 0, 0, 2, 5, 7, 3, 1, 4, 0]}, null, null, 83, false, [], false, 0, [], null, 0, 1744387118.3774161, 0, {}]
[{"0": [2, 1, 0, 6, 4, 1, 1, 0, 2, 2, 4, 0, 4, 3, 20, 23, 23]}, null, null, 84, false, [], false, 0, [], null, 0, 1744387118.5981889, 0, {}]
[{"0": [2, 42, 2, 5, 0, 3, 2, 1, 1, 1, 1, 1, 3, 3, 2, 2, 4]}, null, null, 84, false, [], false, 0, [], null, 0, 1744387118.8215995, 0, {}]
[{"0": [4, 2, 3, 1, 2, 2, 2, 4, 27, 23, 34, 35, 30, 26, 33, 33, 3]}, null, null, 85, false, [], false, 0, [], null, 0, 1744387119.0258312, 0, {}]
[{"0": [1, 4, 2, 0, 1, 1, 0, 2, 2, 0, 0, 3, 0, 1, 1, 2, 4]}, null, null, 86, false, [], false, 0, [], null, 0, 1744387119.2460918, 0, {}]
[{"0": [3, 4, 1, 4, 2, 1, 2, 1, 3, 2, 27, 38, 27, 25, 0, 0, 1]}, null, null, 86, false, [], false, 0, [], null, 0, 1744387119.461755, 0, {}]
[{"0": [2, 0, 0, 1, 1, 1, 1, 1, 39, 28, 22, 35, 1, 4, 4, 0, 2]}, null, null, 87, false, [], false, 0, [], null, 0, 1744387119.6740923, 0, {}]
[{"0": [0, 2, 0, 4, 6, 2, 4, 0, 1, 3, 24, 21, 1, 5, 2, 2, 3]}, null, null, 87, false, [], false, 0, [], null, 0, 1744387119.8871474, 0, {}]
[{"0": [3, 1, 1, 1, 2, 1, 4, 0, 35, 2, 3, 0, 0, 0, 1, 1, 1]}, null, null, 88, false, [], false, 0, [], null, 0, 1744387120.1144867, 0, {}]
[{"0": [0, 1, 1, 2, 0, 0, 2, 3, 2, 3, 26, 25, 23, 5, 2, 1, 1]}, null, null, 89, false, [], false, 0, [], null, 0, 1744387120.326224, 0, {}]
[{"0": [3, 1, 2, 1, 0, 3, 3, 1, 1, 1, 28, 29, 20, 27, 23, 36, 30]}, null, null, 89, false, [], false, 0, [], null, 0, 1744387120.543026, 0, {}]
[{"0": [2, 3, 1, 1, 2, 3, 2, 0, 36, 29, 24, 2, 3, 5, 1, 4, 1]}, null, null, 90, false, [], false, 0, [], null, 0, 1744387120.7541459, 0, {}]
[{"0": [4, 2, 1, 2, 30, 31, 25, 34, 27, 22, 21, 36, 24, 32, 27, 31, 27]}, null, null, 90, false, [], false, 0, [], null, 0, 1744387120.968611, 0, {}]
[{"0": [6, 1, 2, 3, 2, 4, 4, 26, 31, 29, 44, 26, 26, 34, 0, 4, 0]}, null, null, 91, false, [], false, 0, [], null, 0, 1744387121.1926596, 0, {}]
[{"0": [4, 2, 6, 1, 1, 2, 1, 3, 1, 1, 0, 3, 29, 31, 29, 3, 1]}, null, null, 92, false, [], false, 0, [], null, 0, 1744387121.4071646, 0, {}]
[{"0": [26, 1, 2, 3, 1, 2, 5, 2, 5, 2, 4, 3, 2, 1, 1, 1, 1]}, null, null, 92, false, [], false, 0, [], null, 0, 1744387121.6289313, 0, {}]
[{"0": [1, 2, 4, 1, 0, 26, 33, 2, 4, 1, 1, 5, 1, 3, 1, 1, 3]}, null, null, 93, false, [], false, 0, [], null, 0, 1744387121.8392131, 0, {}]
[{"0": [0, 2, 33, 36, 23, 29, 0, 3, 0, 1, 2, 7, 3, 3, 4, 1, 0]}, null, null, 93, false, [], false, 0, [], null, 0, 1744387122.0536091, 0, {}]
[{"0": [2, 1, 1, 6, 1, 1, 1, 1, 4, 1, 1, 0, 34, 31, 27, 37, 28]}, null, null, 94, false, [], false, 0, [], null, 0, 1744387122.2701128, 0, {}]
[{"0": [3, 1, 0, 4, 5, 1, 0, 2, 3, 0, 0, 1, 2, 1, 3, 1, 0]}, null, null, 95, false, [], false, 0, [], null, 0, 1744387122.486704, 0, {}]
[{"0": [0, 4, 2, 2, 4, 31, 2, 2, 2, 0, 1, 2, 0, 0, 5, 2, 1]}, null, null, 95, false, [], false, 0, [], null, 0, 1744387122.7183077, 0, {}]
[{"0": [2, 2, 1, 2, 2, 3, 0, 5, 0, 1, 2, 0, 3, 0, 24, 1, 5]}, null, null, 96, false, [], false, 0, [], null, 0, 1744387122.9136927, 0, {}]
[{"0": [4, 0, 3, 1, 1, 4, 2, 3, 4, 2, 29, 25, 1, 1, 2, 1, 8]}, null, null, 96, false, [], false, 0, [], null, 0, 1744387123.1392174, 0, {}]
[{"0": [2, 2, 2, 1, 1, 2, 0, 2, 3, 4, 1, 2, 4, 26, 23, 20, 20]}, null, null, 97, false, [], false, 0, [], null, 0, 1744387123.350954, 0, {}]
[{"0": [0, 0, 1, 3, 1, 0, 24, 1, 3, 3, 2, 1, 1, 2, 4, 2, 2]}, null, null, 98, false, [], false, 0, [], null, 0, 1744387123.567382, 0, {}]
[{"0": [2, 2, 3, 3, 1, 1, 2, 3, 3, 4, 27, 24, 28, 35, 32, 1, 2]}, null, null, 98, false, [], false, 0, [], null, 0, 1744387123.7892933, 0, {}]
[{"0": [1, 3, 0, 2, 2, 2, 3, 1, 3, 35, 29, 2, 1, 0, 1, 2, 0]}, null, null, 99, false, [], false, 0, [], null, 0, 1744387123.9994907, 0, {}]
[{"0": [36, 30, 2, 7, 2, 3, 4, 4, 1, 1, 2, 4, 3, 2, 4, 3, 0]}, null, null, 99, false, [], false, 0, [], null, 0, 1744387124.2280798, 0, {}]
[{"0": [1, 2, 0, 2, 1, 32, 17, 27, 1, 2, 0, 3, 1, 1, 3, 0, 0]}, null, null, 100, false, [], false, 0, [], null, 0, 1744387124.4321413, 0, {}]
[{"0": [3, 2, 1, 2, 1, 29, 30, 2, 2, 1, 3, 2, 0, 2, 1, 2, 1]}, null, null, 101, false, [], false, 0, [], null, 0, 1744387124.6565444, 0, {}]
[{"0": [34, 23, 23, 27, 37, 31, 37, 20, 0, 3, 3, 2, 6, 1, 1, 2, 0]}, null, null, 101, false, [], false, 0, [], null, 0, 1744387124.867409, 0, {}]
[{"0": [2, 2, 3, 3, 5, 1, 4, 2, 1, 1, 1, 2, 22, 26, 2, 3, 0]}, null, null, 102, false, [], false, 0, [], null, 0, 1744387125.089502, 0, {}]
[{"0": [3, 1, 0, 3, 4, 1, 1, 3, 30, 24, 28, 28, 24, 18, 0, 1, 3]}, null, null, 102, false, [], false, 0, [], null, 0, 1744387125.3003027, 0, {}]
[{"0": [0, 3, 1, 2, 3, 0, 41, 28, 17, 29, 29, 0, 2, 2, 1, 1, 0]}, null, null, 103, false, [], false, 0, [], null, 0, 1744387125.53429, 0, {}]
[{"0": [1, 4, 1, 2, 3, 5, 3, 2, 2, 25, 3, 1, 0, 1, 2, 1, 1]}, null, null, 104, false, [], false, 0, [], null, 0, 1744387125.7426274, 0, {}]
[{"0": [0, 0, 3, 1, 22, 12, 33, 22, 28, 1, 2, 2, 0, 2, 3, 0, 3]}, null, null, 104, false, [], false, 0, [], null, 0, 1744387125.9593031, 0, {}]
[{"0": [2, 1, 0, 0, 3, 3, 2, 3, 2, 0, 1, 0, 1, 1, 4, 3, 4]}, null, null, 105, false, [], false, 0, [], null, 0, 1744387126.1739607, 0, {}]
[{"0": [0, 3, 1, 3, 27, 28, 42, 22, 30, 24, 26, 1, 2, 1, 0, 1, 2]}, null, null, 105, false, [], false, 0, [], null, 0, 1744387126.3841145, 0, {}]
[{"0": [4, 2, 3, 8, 2, 2, 1, 3, 2, 0, 1, 3, 2, 32, 33, 28, 22]}, null, null, 106, false, [], false, 0, [], null, 0, 1744387126.6018996, 0, {}]
[{"0": [1, 1, 0, 4, 4, 2, 1, 1, 1, 0, 1, 0, 2, 1, 2, 1, 2]}, null, null, 107, false, [], false, 0, [], null, 0, 1744387126.8178818, 0, {}]
[{"0": [37, 29, 26, 18, 37, 35, 39, 30, 26, 2, 4, 1, 2, 3, 2, 2, 0]}, null, null, 107, false, [], false, 0, [], null, 0, 1744387127.0342982, 0, {}]
[{"0": [2, 1, 1, 1, 0, 2, 1, 28, 0, 1, 2, 2, 3, 4, 1, 5, 4]}, null, null, 108, false, [], false, 0, [], null, 0, 1744387127.2641068, 0, {}]
[{"0": [3, 4, 2, 1, 1, 3, 0, 17, 34, 24, 28, 22, 0, 2, 0, 1, 1]}, null, null, 108, false, [], false, 0, [], null, 0, 1744387127.481987, 0, {}]
[{"0": [2, 0, 1, 2, 0, 24, 35, 33, 32, 4, 2, 0, 1, 2, 2, 4, 0]}, null, null, 109, false, [], false, 0, [], null, 0, 1744387127.6855597, 0, {}]
[{"0": [5, 0, 1, 4, 4, 0, 0, 1, 29, 34, 3, 0, 2, 3, 0, 0, 4]}, null, null, 110, false, [], false, 0, [], null, 0, 1744387127.900297, 0, {}]
[{"0": [3, 4, 1, 4, 3, 0, 0, 2, 2, 0, 2, 3, 2, 4, 3, 31, 22]}, null, null, 110, false, [], false, 0, [], null, 0, 1744387128.1148942, 0, {}]
[{"0": [4, 1, 0, 1, 3, 1, 2, 1, 3, 2, 0, 2, 3, 6, 2, 28, 34]}, null, null, 111, false, [], false, 0, [], null, 0, 1744387128.346484, 0, {}]
[{"0": [5, 0, 5, 2, 1, 28, 2, 1, 2, 3, 1, 0, 0, 0, 1, 1, 1]}, null, null, 111, false, [], false, 0, [], null, 0, 1744387128.5594885, 0, {}]
[{"0": [1, 2, 2, 1, 3, 3, 2, 2, 2, 1, 1, 30, 25, 36, 34, 29, 26]}, null, null, 112, false, [], false, 0, [], null, 0, 1744387128.7780292, 0, {}]
[{"0": [25, 21, 24, 2, 2, 1, 1, 4, 3, 1, 4, 3, 0, 2, 1, 2, 1]}, null, null, 113, false, [], false, 0, [], null, 0, 1744387128.998411, 0, {}]
[{"0": [2, 2, 0, 24, 28, 33, 23, 32, 6, 1, 0, 2, 3, 0, 4, 1, 1]}, null, null, 113, false, [], false, 0, [], null, 0, 1744387129.1982865, 0, {}]
[{"0": [31, 36, 30, 29, 43, 24, 26, 29, 28, 35, 27, 35, 26, 40, 35, 42, 28]}, null, null, 114, false, [], false, 0, [], null, 0, 1744387129.4272394, 0, {}]
[{"0": [2, 2, 0, 2, 1, 4, 4, 2, 0, 0, 4, 1, 3, 2, 2, 1, 3]}, null, null, 114, false, [], false, 0, [], null, 0, 1744387129.647242, 0, {}]
[{"0": [3, 1, 3, 1, 2, 0, 1, 6, 1, 2, 1, 2, 2, 1, 2, 27, 33]}, null, null, 115, false, [], false, 0, [], null, 0, 1744387129.8495436, 0, {}]
[{"0": [4, 1, 3, 2, 2, 3, 2, 0, 1, 34, 29, 26, 23, 2, 2, 2, 4]}, null, null, 116, false, [], false, 0, [], null, 0, 1744387130.068893, 0, {}]
[{"0": [3, 3, 1, 0, 5, 0, 4, 0, 2, 1, 1, 3, 7, 1, 3, 36, 31]}, null, null, 116, false, [], false, 0, [], null, 0, 1744387130.2947214, 0, {}]
[{"0": [2, 1, 1, 2, 0, 0, 2, 2, 1, 1, 1, 0, 2, 1, 44, 33, 30]}, null, null, 117, false, [], false, 0, [], null, 0, 1744387130.5141892, 0, {}]
[{"0": [5, 1, 2, 2, 4, 1, 2, 2, 30, 24, 23, 28, 29, 34, 29, 27, 30]}, null, null, 117, false, [], false, 0, [], null, 0, 1744387130.7297533, 0, {}]
[{"0": [1, 4, 3, 4, 1, 3, 2, 2, 0, 22, 27, 4, 2, 4, 2, 3, 4]}, null, null, 118, false, [], false, 0, [], null, 0, 1744387130.9528909, 0, {}]
[{"0": [2, 2, 1, 0, 1, 0, 0, 29, 1, 1, 3, 3, 3, 1, 2, 2, 0]}, null, null, 119, false, [], false, 0, [], null, 0, 1744387131.1510022, 0, {}]
[{"0": [1, 0, 0, 0, 1, 2, 0, 3, 3, 1, 2, 6, 4, 3, 1, 25, 21]}, null, null, 119, false, [], false, 0, [], null, 0, 1744387131.3739111, 0, {}]
[{"0": [1, 2, 1, 0, 2, 4, 2, 3, 1, 1, 4, 3, 2, 3, 1, 38, 33]}, null, null, 120, false, [], false, 0, [], null, 0, 1744387131.5821905, 0, {}]
[{"0": [0, 2, 3, 23, 31, 27, 38, 25, 20, 31, 31, 36, 30, 25, 32, 28, 29]}, null, null, 120, false, [], false, 0, [], null, 0, 1744387131.7977934, 0, {}]
[{"0": [2, 3, 1, 4, 0, 7, 2, 1, 0, 3, 1, 2, 2, 0, 1, 32, 31]}, null, null, 121, false, [], false, 0, [], null, 0, 1744387132.0176287, 0, {}]
[{"0": [2, 1, 4, 4, 4, 35, 4, 5, 8, 3, 3, 1, 3, 2, 1, 2, 3]}, null, null, 122, false, [], false, 0, [], null, 0, 1744387132.2504134, 0, {}]
[{"0": [2, 0, 2, 1, 2, 3, 21, 24, 46, 34, 4, 3, 0, 4, 0, 3, 0]}, null, null, 122, false, [], false, 0, [], null, 0, 1744387132.453611, 0, {}]
[{"0": [0, 2, 5, 29, 27, 26, 35, 1, 0, 1, 1, 2, 2, 0, 1, 2, 3]}, null, null, 123, false, [], false, 0, [], null, 0, 1744387132.6681366, 0, {}]
[{"0": [0, 4, 1, 1, 42, 22, 25, 24, 4, 2, 2, 1, 2, 5, 3, 0, 1]}, null, null, 123, false, [], false, 0, [], null, 0, 1744387132.8860524, 0, {}]
[{"0": [3, 0, 30, 20, 31, 28, 24, 27, 25, 31, 33, 2, 2, 5, 2, 2, 1]}, null, null, 124, false, [], false, 0, [], null, 0, 1744387133.1017468, 0, {}]
[{"0": [2, 1, 3, 3, 1, 1, 2, 1, 2, 6, 1, 1, 35, 1, 1, 1, 0]}, null, null, 125, false, [], false, 0, [], null, 0, 1744387133.3135905, 0, {}]
[{"0": [2, 2, 1, 1, 1, 1, 2, 1, 1, 3, 0, 2, 5, 35, 28, 41, 30]}, null, null, 125, false, [], false, 0, [], null, 0, 1744387133.5507374, 0, {}]
[{"0": [0, 2, 1, 0, 4, 3, 24, 22, 32, 27, 32, 36, 23, 18, 22, 29, 19]}, null, null, 126, false, [], false, 0, [], null, 0, 1744387133.7532778, 0, {}]
[{"0": [3, 1, 2, 1, 4, 3, 3, 1, 2, 2, 2, 4, 2, 30, 38, 0, 2]}, null, null, 127, false, [], false, 0, [], null, 0, 1744387133.969812, 0, {}]
[{"0": [1, 4, 2, 2, 4, 4, 2, 34, 1, 0, 1, 5, 2, 2, 6, 1, 2]}, null, null, 127, false, [], false, 0, [], null, 0, 1744387134.1866186, 0, {}]
[{"0": [5, 1, 34, 21, 25, 27, 24, 28, 21, 26, 20, 20, 2, 3, 1, 1, 1]}, null, null, 128, false, [], false, 0, [], null, 0, 1744387134.407413, 0, {}]
[{"0": [1, 2, 2, 1, 0, 5, 1, 26, 21, 25, 33, 30, 31, 26, 21, 2, 0]}, null, null, 128, false, [], false, 0, [], null, 0, 1744387134.6141632, 0, {}]
[{"0": [0, 1, 1, 1, 2, 2, 0, 1, 3, 1, 2, 2, 2, 37, 1, 0, 4]}, null, null, 129, false, [], false, 0, [], null, 0, 1744387134.8373182, 0, {}]
[{"0": [1, 0, 0, 1, 3, 0, 1, 1, 3, 1, 2, 2, 0, 0, 0, 28, 23]}, null, null, 130, false, [], false, 0, [], null, 0, 1744387135.0659657, 0, {}]
[{"0": [3, 2, 1, 4, 3, 3, 5, 0, 34, 41, 34, 24, 2, 7, 0, 1, 4]}, null, null, 130, false, [], false, 0, [], null, 0, 1744387135.2858741, 0, {}]
[{"0": [2, 1, 0, 0, 1, 1, 1, 3, 1, 27, 36, 26, 1, 0, 2, 2, 3]}, null, null, 131, false, [], false, 0, [], null, 0, 1744387135.4920132, 0, {}]
[{"0": [3, 3, 1, 2, 1, 2, 4, 2, 3, 0, 1, 1, 1, 3, 2, 29, 28]}, null, null, 131, false, [], false, 0, [], null, 0, 1744387135.7070098, 0, {}]
[{"0": [1, 1, 3, 1, 3, 1, 0, 0, 2, 2, 3, 4, 1, 2, 2, 27, 34]}, null, null, 132, false, [], false, 0, [], null, 0, 1744387135.932597, 0, {}]
[{"0": [1, 1, 1, 5, 0, 2, 3, 1, 2, 3, 3, 18, 20, 27, 23, 42, 1]}, null, null, 133, false, [], false, 0, [], null, 0, 1744387136.1381447, 0, {}]
[{"0": [0, 3, 1, 2, 4, 1, 4, 2, 1, 1, 1, 3, 1, 2, 2, 20, 1]}, null, null, 133, false, [], false, 0, [], null, 0, 1744387136.3657146, 0, {}]
[{"0": [3, 2, 2, 1, 2, 3, 2, 2, 2, 1, 3, 2, 2, 1, 5, 32, 32]}, null, null, 134, false, [], false, 0, [], null, 0, 1744387136.5899909, 0, {}]
[{"0": [3, 1, 31, 19, 23, 28, 29, 24, 26, 21, 35, 24, 34, 18, 33, 32, 23]}, null, null, 134, false, [], false, 0, [], null, 0, 1744387136.7839231, 0, {}]
[{"0": [4, 4, 1, 24, 23, 1, 1, 1, 1, 3, 3, 3, 1, 3, 0, 2, 1]}, null, null, 135, false, [], false, 0, [], null, 0, 1744387136.9992244, 0, {}]
[{"0": [4, 1, 4, 2, 5, 0, 3, 1, 2, 5, 0, 2, 2, 0, 2, 29, 26]}, null, null, 136, false, [], false, 0, [], null, 0, 1744387137.2260063, 0, {}]
[{"0": [1, 0, 2, 0, 1, 0, 2, 28, 25, 2, 3, 1, 2, 2, 8, 4, 2]}, null, null, 136, false, [], false, 0, [], null, 0, 1744387137.4530222, 0, {}]
[{"0": [29, 22, 24, 24, 26, 31, 27, 28, 1, 2, 0, 2, 1, 4, 2, 0, 3]}, null, null, 137, false, [], false, 0, [], null, 0, 1744387137.64718, 0, {}]
[{"0": [1, 2, 27, 41, 25, 6, 1, 0, 2, 2, 2, 3, 1, 1, 3, 2, 2]}, null, null, 137, false, [], false, 0, [], null, 0, 1744387137.8712604, 0, {}]
[{"0": [26, 28, 31, 32, 35, 39, 30, 28, 1, 0, 2, 0, 5, 3, 2, 3, 3]}, null, null, 138, false, [], false, 0, [], null, 0, 1744387138.1034544, 0, {}]
[{"0": [1, 2, 0, 1, 0, 0, 1, 1, 2, 2, 2, 3, 2, 0, 1, 35, 22]}, null, null, 139, false, [], false, 0, [], null, 0, 1744387138.3172228, 0, {}]
[{"0": [0, 2, 3, 1, 0, 0, 2, 1, 2, 1, 2, 2, 0, 3, 4, 2, 2]}, null, null, 139, false, [], false, 0, [], null, 0, 1744387138.5261767, 0, {}]
[{"0": [28, 2, 2, 2, 2, 4, 2, 1, 1, 2, 1, 2, 3, 0, 3, 1, 2]}, null, null, 140, false, [], false, 0, [], null, 0, 1744387138.7435532, 0, {}]
[{"0": [1, 3, 0, 1, 4, 1, 2, 1, 1, 3, 1, 3, 2, 1, 31, 28, 30]}, null, null, 140, false, [], false, 0, [], null, 0, 1744387138.9675725, 0, {}]
[{"0": [0, 3, 3, 2, 1, 0, 0, 2, 1, 1, 3, 3, 31, 29, 30, 0, 3]}, null, null, 141, false, [], false, 0, [], null, 0, 1744387139.1814363, 0, {}]
[{"0": [3, 4, 1, 1, 4, 26, 31, 27, 2, 0, 0, 1, 2, 1, 2, 4, 3]}, null, null, 142, false, [], false, 0, [], null, 0, 1744387139.389143, 0, {}]
[{"0": [0, 2, 0, 0, 1, 1, 3, 4, 0, 2, 3, 1, 4, 0, 33, 25, 28]}, null, null, 142, false, [], false, 0, [], null, 0, 1744387139.6000314, 0, {}]
[{"0": [2, 6, 1, 28, 26, 26, 31, 2, 3, 1, 2, 3, 1, 2, 0, 0, 1]}, null, null, 143, false, [], false, 0, [], null, 0, 1744387139.8372169, 0, {}]
[{"0": [1, 0, 1, 0, 0, 0, 28, 6, 2, 3, 6, 0, 1, 1, 1, 2, 2]}, null, null, 143, false, [], false, 0, [], null, 0, 1744387140.0393224, 0, {}]
[{"0": [3, 1, 1, 3, 0, 0, 1, 0, 2, 2, 0, 2, 23, 31, 34, 1, 2]}, null, null, 144, false, [], false, 0, [], null, 0, 1744387140.2561092, 0, {}]
[{"0": [2, 1, 4, 4, 5, 23, 2, 2, 2, 1, 1, 0, 0, 2, 2, 2, 2]}, null, null, 145, false, [], false, 0, [], null, 0, 1744387140.4754663, 0, {}]
[{"0": [1, 3, 0, 2, 0, 1, 0, 1, 2, 0, 1, 1, 2, 0, 2, 0, 0]}, null, null, 145, false, [], false, 0, [], null, 0, 1744387140.6868887, 0, {}]
[{"0": [0, 0, 1, 4, 1, 0, 42, 24, 3, 2, 3, 2, 0, 4, 0, 1, 1]}, null, null, 146, false, [], false, 0, [], null, 0, 1744387140.9138856, 0, {}]
[{"0": [2, 4, 2, 2, 1, 2, 5, 1, 0, 2, 3, 4, 0, 37, 35, 33, 28]}, null, null, 146, false, [], false, 0, [], null, 0, 1744387141.126646, 0, {}]
[{"0": [1, 1, 2, 1, 3, 2, 3, 2, 25, 29, 0, 0, 0, 1, 1, 0, 1]}, null, null, 147, false, [], false, 0, [], null, 0, 1744387141.34484, 0, {}]
[{"0": [1, 4, 1, 2, 1, 2, 2, 1, 1, 1, 1, 2, 2, 28, 28, 0, 0]}, null, null, 148, false, [], false, 0, [], null, 0, 1744387141.555691, 0, {}]
[{"0": [3, 0, 4, 3, 0, 2, 20, 23, 21, 35, 25, 0, 1, 2, 2, 3, 5]}, null, null, 148, false, [], false, 0, [], null, 0, 1744387141.7691486, 0, {}]
[{"0": [0, 1, 0, 1, 0, 3, 5, 0, 1, 1, 1, 2, 3, 1, 34, 28, 29]}, null, null, 149, false, [], false, 0, [], null, 0, 1744387141.9897923, 0, {}]
[{"0": [3, 0, 6, 3, 5, 3, 1, 1, 0, 2, 2, 2, 3, 2, 22, 33, 26]}, null, null, 149, false, [], false, 0, [], null, 0, 1744387142.2021585, 0, {}]
[{"0": [3, 1, 1, 2, 1, 2, 2, 0, 1, 0, 2, 2, 2, 1, 32, 1, 2]}, null, null, 150, true, [], false, 0, [], null, 0, 1744387142.4209754, 0, {}]
