[{"0": [1, 0, 1, 4, 5, 0, 2, 1, 1, 1, 3, 33, 30, 3, 2, 1, 1]}, null, null, 0, false, [], false, 0, [], null, 0, 1744383855.9249206, 0, {}]
[{"0": [20, 1, 1, 2, 2, 1, 3, 2, 0, 2, 3, 3, 3, 2, 1, 3, 2]}, null, null, 1, false, [], false, 0, [], null, 0, 1744383856.1645622, 0, {}]
[{"0": [0, 5, 1, 3, 2, 28, 29, 31, 28, 21, 21, 1, 4, 1, 2, 0, 0]}, null, null, 1, false, [], false, 0, [], null, 0, 1744383856.375176, 0, {}]
[{"0": [2, 0, 1, 2, 1, 0, 0, 1, 2, 1, 2, 0, 2, 33, 15, 37, 26]}, null, null, 2, false, [], false, 0, [], null, 0, 1744383856.6019962, 0, {}]
[{"0": [2, 3, 39, 21, 26, 18, 1, 3, 1, 2, 0, 1, 2, 1, 2, 0, 1]}, null, null, 2, false, [], false, 0, [], null, 0, 1744383856.8024108, 0, {}]
[{"0": [3, 1, 2, 1, 1, 2, 2, 2, 2, 3, 2, 1, 2, 2, 20, 38, 34]}, null, null, 3, false, [], false, 0, [], null, 0, 1744383857.0174415, 0, {}]
[{"0": [5, 2, 0, 1, 2, 34, 29, 32, 2, 1, 0, 1, 2, 4, 0, 2, 0]}, null, null, 4, false, [], false, 0, [], null, 0, 1744383857.2351434, 0, {}]
[{"0": [1, 1, 29, 29, 27, 32, 19, 34, 18, 1, 1, 1, 2, 2, 4, 2, 1]}, null, null, 4, false, [], false, 0, [], null, 0, 1744383857.4681492, 0, {}]
[{"0": [0, 1, 1, 5, 0, 2, 3, 3, 3, 1, 2, 0, 21, 0, 0, 2, 1]}, null, null, 5, false, [], false, 0, [], null, 0, 1744383857.6729362, 0, {}]
[{"0": [1, 2, 28, 35, 32, 26, 29, 25, 1, 3, 3, 3, 4, 2, 3, 4, 2]}, null, null, 5, false, [], false, 0, [], null, 0, 1744383857.9128575, 0, {}]
[{"0": [2, 1, 1, 2, 4, 2, 29, 23, 30, 5, 0, 1, 3, 2, 0, 0, 2]}, null, null, 6, false, [], false, 0, [], null, 0, 1744383858.1342278, 0, {}]
[{"0": [1, 0, 6, 1, 1, 4, 25, 1, 1, 0, 0, 1, 2, 2, 3, 2, 0]}, null, null, 7, false, [], false, 0, [], null, 0, 1744383858.3459468, 0, {}]
[{"0": [1, 2, 2, 2, 3, 0, 3, 0, 2, 1, 0, 2, 31, 37, 27, 2, 1]}, null, null, 7, false, [], false, 0, [], null, 0, 1744383858.5360692, 0, {}]
[{"0": [0, 3, 0, 1, 2, 3, 3, 2, 2, 3, 1, 2, 3, 0, 6, 30, 1]}, null, null, 8, false, [], false, 0, [], null, 0, 1744383858.7739105, 0, {}]
[{"0": [5, 2, 1, 0, 2, 1, 2, 2, 2, 3, 0, 3, 4, 3, 5, 0, 4]}, null, null, 8, false, [], false, 0, [], null, 0, 1744383858.9883645, 0, {}]
[{"0": [2, 2, 4, 1, 1, 1, 1, 1, 3, 28, 1, 1, 2, 0, 3, 3, 2]}, null, null, 9, false, [], false, 0, [], null, 0, 1744383859.1852498, 0, {}]
[{"0": [2, 2, 5, 26, 27, 2, 2, 2, 1, 2, 2, 2, 3, 3, 1, 2, 4]}, null, null, 10, false, [], false, 0, [], null, 0, 1744383859.4137685, 0, {}]
[{"0": [2, 1, 4, 1, 35, 23, 4, 3, 0, 1, 1, 1, 2, 1, 4, 2, 3]}, null, null, 10, false, [], false, 0, [], null, 0, 1744383859.637695, 0, {}]
[{"0": [1, 2, 2, 2, 0, 3, 0, 1, 3, 4, 1, 1, 0, 1, 1, 4, 34]}, null, null, 11, false, [], false, 0, [], null, 0, 1744383859.8447604, 0, {}]
[{"0": [2, 2, 1, 1, 1, 5, 3, 2, 3, 1, 30, 29, 28, 37, 26, 18, 34]}, null, null, 11, false, [], false, 0, [], null, 0, 1744383860.0634663, 0, {}]
[{"0": [5, 4, 2, 1, 3, 1, 2, 1, 2, 0, 1, 3, 35, 29, 23, 1, 3]}, null, null, 12, false, [], false, 0, [], null, 0, 1744383860.2874846, 0, {}]
[{"0": [1, 4, 2, 1, 1, 2, 0, 1, 1, 1, 1, 4, 2, 2, 2, 37, 36]}, null, null, 13, false, [], false, 0, [], null, 0, 1744383860.4858472, 0, {}]
[{"0": [1, 3, 0, 2, 0, 2, 3, 1, 0, 1, 3, 1, 2, 0, 0, 5, 3]}, null, null, 13, false, [], false, 0, [], null, 0, 1744383860.7139049, 0, {}]
[{"0": [1, 6, 4, 1, 3, 1, 2, 2, 2, 2, 2, 3, 0, 3, 0, 28, 30]}, null, null, 14, false, [], false, 0, [], null, 0, 1744383860.9295006, 0, {}]
[{"0": [1, 1, 2, 1, 21, 0, 1, 2, 4, 3, 3, 2, 3, 3, 0, 4, 4]}, null, null, 14, false, [], false, 0, [], null, 0, 1744383861.1548684, 0, {}]
[{"0": [3, 1, 0, 2, 1, 4, 3, 3, 3, 0, 2, 3, 0, 23, 34, 3, 2]}, null, null, 15, false, [], false, 0, [], null, 0, 1744383861.3685393, 0, {}]
[{"0": [3, 0, 1, 3, 1, 2, 1, 1, 4, 27, 25, 35, 23, 30, 2, 4, 0]}, null, null, 16, false, [], false, 0, [], null, 0, 1744383861.5742266, 0, {}]
[{"0": [34, 22, 0, 1, 1, 1, 4, 3, 0, 0, 0, 2, 3, 3, 2, 3, 1]}, null, null, 16, false, [], false, 0, [], null, 0, 1744383861.8050964, 0, {}]
[{"0": [1, 5, 33, 1, 2, 4, 5, 2, 1, 1, 1, 3, 1, 0, 1, 4, 0]}, null, null, 17, false, [], false, 0, [], null, 0, 1744383862.0159485, 0, {}]
[{"0": [2, 0, 8, 2, 1, 2, 5, 2, 1, 0, 2, 5, 2, 32, 27, 31, 36]}, null, null, 17, false, [], false, 0, [], null, 0, 1744383862.2233655, 0, {}]
[{"0": [3, 1, 4, 0, 4, 2, 2, 1, 1, 2, 4, 5, 1, 3, 2, 30, 29]}, null, null, 18, false, [], false, 0, [], null, 0, 1744383862.4576492, 0, {}]
[{"0": [4, 2, 4, 0, 1, 2, 3, 4, 28, 35, 26, 38, 30, 34, 33, 33, 29]}, null, null, 19, false, [], false, 0, [], null, 0, 1744383862.6673021, 0, {}]
[{"0": [4, 2, 1, 2, 2, 1, 0, 3, 1, 1, 2, 1, 1, 2, 2, 35, 30]}, null, null, 19, false, [], false, 0, [], null, 0, 1744383862.8735373, 0, {}]
[{"0": [1, 3, 21, 35, 0, 0, 2, 3, 1, 1, 2, 4, 1, 3, 2, 3, 1]}, null, null, 20, false, [], false, 0, [], null, 0, 1744383863.086928, 0, {}]
[{"0": [2, 1, 2, 25, 2, 3, 0, 1, 3, 1, 2, 1, 0, 2, 2, 1, 2]}, null, null, 20, false, [], false, 0, [], null, 0, 1744383863.310106, 0, {}]
[{"0": [25, 24, 28, 31, 26, 0, 2, 0, 2, 1, 1, 5, 2, 5, 1, 0, 4]}, null, null, 21, false, [], false, 0, [], null, 0, 1744383863.5252502, 0, {}]
[{"0": [2, 0, 1, 4, 2, 0, 1, 30, 26, 28, 29, 33, 28, 2, 3, 2, 2]}, null, null, 22, false, [], false, 0, [], null, 0, 1744383863.7574677, 0, {}]
[{"0": [1, 1, 0, 0, 4, 1, 5, 1, 0, 0, 0, 4, 0, 3, 2, 1, 1]}, null, null, 22, false, [], false, 0, [], null, 0, 1744383863.9639823, 0, {}]
[{"0": [3, 0, 3, 2, 5, 1, 1, 3, 2, 2, 2, 2, 2, 0, 1, 0, 24]}, null, null, 23, false, [], false, 0, [], null, 0, 1744383864.17701, 0, {}]
[{"0": [0, 1, 4, 2, 3, 1, 2, 1, 2, 3, 3, 2, 1, 0, 2, 4, 4]}, null, null, 23, false, [], false, 0, [], null, 0, 1744383864.4010706, 0, {}]
[{"0": [3, 1, 0, 0, 2, 3, 1, 2, 2, 2, 3, 5, 0, 3, 0, 0, 21]}, null, null, 24, false, [], false, 0, [], null, 0, 1744383864.6090956, 0, {}]
[{"0": [0, 0, 3, 4, 4, 0, 2, 4, 2, 2, 22, 30, 22, 2, 3, 2, 1]}, null, null, 25, false, [], false, 0, [], null, 0, 1744383864.8416767, 0, {}]
[{"0": [2, 4, 1, 1, 0, 3, 0, 27, 28, 33, 27, 32, 23, 29, 21, 2, 3]}, null, null, 25, false, [], false, 0, [], null, 0, 1744383865.031604, 0, {}]
[{"0": [1, 0, 4, 1, 2, 3, 3, 3, 0, 3, 0, 1, 1, 3, 1, 2, 32]}, null, null, 26, false, [], false, 0, [], null, 0, 1744383865.2597632, 0, {}]
[{"0": [0, 2, 1, 3, 3, 0, 2, 3, 4, 1, 31, 20, 29, 24, 27, 4, 2]}, null, null, 27, false, [], false, 0, [], null, 0, 1744383865.4828033, 0, {}]
[{"0": [2, 2, 2, 0, 2, 2, 0, 1, 2, 36, 22, 32, 1, 3, 3, 1, 2]}, null, null, 27, false, [], false, 0, [], null, 0, 1744383865.6899579, 0, {}]
[{"0": [1, 0, 1, 1, 3, 4, 1, 3, 3, 4, 4, 2, 2, 25, 26, 27, 3]}, null, null, 28, false, [], false, 0, [], null, 0, 1744383865.9202228, 0, {}]
[{"0": [0, 4, 1, 1, 4, 26, 18, 30, 29, 21, 3, 0, 1, 1, 0, 3, 1]}, null, null, 28, false, [], false, 0, [], null, 0, 1744383866.1393857, 0, {}]
[{"0": [0, 1, 1, 3, 1, 0, 1, 0, 3, 0, 2, 3, 2, 24, 21, 28, 25]}, null, null, 29, false, [], false, 0, [], null, 0, 1744383866.3504925, 0, {}]
[{"0": [1, 2, 5, 3, 1, 0, 2, 1, 33, 0, 3, 3, 1, 2, 1, 2, 5]}, null, null, 30, false, [], false, 0, [], null, 0, 1744383866.5579739, 0, {}]
[{"0": [0, 4, 3, 0, 3, 2, 3, 23, 1, 1, 5, 2, 3, 2, 2, 3, 3]}, null, null, 30, false, [], false, 0, [], null, 0, 1744383866.7695353, 0, {}]
[{"0": [2, 1, 5, 1, 1, 0, 4, 1, 2, 1, 1, 20, 2, 3, 1, 0, 4]}, null, null, 31, false, [], false, 0, [], null, 0, 1744383867.0021935, 0, {}]
[{"0": [3, 3, 4, 3, 5, 1, 3, 3, 31, 31, 26, 25, 2, 3, 0, 1, 2]}, null, null, 31, false, [], false, 0, [], null, 0, 1744383867.2149048, 0, {}]
[{"0": [4, 3, 2, 0, 2, 1, 3, 4, 2, 4, 3, 1, 1, 1, 0, 1, 0]}, null, null, 32, false, [], false, 0, [], null, 0, 1744383867.428485, 0, {}]
[{"0": [25, 39, 27, 25, 20, 2, 1, 2, 1, 4, 1, 1, 1, 2, 3, 2, 0]}, null, null, 33, false, [], false, 0, [], null, 0, 1744383867.6463437, 0, {}]
[{"0": [2, 3, 1, 1, 3, 0, 1, 1, 0, 4, 2, 3, 5, 2, 2, 4, 1]}, null, null, 33, false, [], false, 0, [], null, 0, 1744383867.854243, 0, {}]
[{"0": [4, 1, 1, 1, 1, 2, 1, 3, 3, 0, 31, 2, 1, 2, 1, 1, 3]}, null, null, 34, false, [], false, 0, [], null, 0, 1744383868.0886285, 0, {}]
[{"0": [2, 3, 0, 1, 0, 1, 4, 2, 4, 2, 1, 3, 1, 3, 4, 18, 36]}, null, null, 34, false, [], false, 0, [], null, 0, 1744383868.295953, 0, {}]
[{"0": [2, 2, 2, 5, 3, 3, 0, 2, 5, 0, 3, 29, 3, 3, 1, 2, 6]}, null, null, 35, false, [], false, 0, [], null, 0, 1744383868.506525, 0, {}]
[{"0": [5, 1, 0, 3, 1, 3, 3, 2, 2, 1, 0, 20, 0, 2, 4, 2, 1]}, null, null, 36, false, [], false, 0, [], null, 0, 1744383868.7392006, 0, {}]
[{"0": [3, 2, 2, 2, 1, 0, 2, 1, 2, 3, 4, 1, 2, 4, 32, 5, 2]}, null, null, 36, false, [], false, 0, [], null, 0, 1744383868.936388, 0, {}]
[{"0": [2, 2, 1, 0, 1, 3, 2, 23, 29, 31, 25, 25, 3, 1, 2, 3, 5]}, null, null, 37, false, [], false, 0, [], null, 0, 1744383869.1651812, 0, {}]
[{"0": [3, 2, 2, 2, 0, 1, 2, 2, 2, 3, 25, 40, 26, 21, 0, 4, 3]}, null, null, 37, false, [], false, 0, [], null, 0, 1744383869.3875234, 0, {}]
[{"0": [26, 23, 49, 24, 4, 1, 2, 3, 0, 3, 0, 0, 6, 2, 2, 1, 2]}, null, null, 38, false, [], false, 0, [], null, 0, 1744383869.603358, 0, {}]
[{"0": [3, 2, 2, 2, 3, 1, 2, 1, 2, 1, 2, 20, 22, 24, 28, 35, 36]}, null, null, 39, false, [], false, 0, [], null, 0, 1744383869.8175762, 0, {}]
[{"0": [2, 0, 0, 1, 2, 2, 1, 2, 1, 4, 22, 28, 27, 2, 2, 3, 2]}, null, null, 39, false, [], false, 0, [], null, 0, 1744383870.026276, 0, {}]
[{"0": [3, 1, 3, 27, 29, 2, 1, 1, 2, 1, 2, 1, 1, 0, 1, 1, 3]}, null, null, 40, false, [], false, 0, [], null, 0, 1744383870.2356908, 0, {}]
[{"0": [0, 2, 4, 2, 1, 1, 0, 2, 2, 2, 24, 1, 3, 1, 0, 0, 1]}, null, null, 40, false, [], false, 0, [], null, 0, 1744383870.47219, 0, {}]
[{"0": [3, 1, 3, 2, 3, 3, 1, 1, 1, 26, 19, 28, 25, 26, 21, 1, 5]}, null, null, 41, false, [], false, 0, [], null, 0, 1744383870.6861248, 0, {}]
[{"0": [3, 0, 2, 0, 4, 1, 2, 2, 3, 2, 3, 3, 0, 0, 2, 1, 2]}, null, null, 42, false, [], false, 0, [], null, 0, 1744383870.8944132, 0, {}]
[{"0": [1, 2, 2, 1, 1, 1, 0, 1, 2, 3, 32, 23, 1, 3, 1, 2, 0]}, null, null, 42, false, [], false, 0, [], null, 0, 1744383871.1215453, 0, {}]
[{"0": [3, 2, 2, 5, 2, 4, 1, 3, 2, 1, 1, 1, 2, 37, 27, 0, 2]}, null, null, 43, false, [], false, 0, [], null, 0, 1744383871.330493, 0, {}]
[{"0": [29, 32, 31, 23, 39, 28, 36, 27, 33, 35, 29, 35, 31, 34, 34, 29, 25]}, null, null, 43, false, [], false, 0, [], null, 0, 1744383871.5416794, 0, {}]
[{"0": [2, 1, 3, 0, 23, 29, 29, 25, 4, 6, 1, 1, 4, 2, 1, 0, 2]}, null, null, 44, false, [], false, 0, [], null, 0, 1744383871.7636223, 0, {}]
[{"0": [3, 1, 3, 2, 5, 2, 2, 35, 29, 23, 29, 3, 0, 1, 2, 2, 2]}, null, null, 45, false, [], false, 0, [], null, 0, 1744383871.9840019, 0, {}]
[{"0": [29, 31, 35, 30, 29, 27, 1, 3, 0, 3, 1, 2, 1, 7, 1, 3, 2]}, null, null, 45, false, [], false, 0, [], null, 0, 1744383872.203211, 0, {}]
[{"0": [1, 3, 5, 0, 1, 1, 6, 0, 3, 1, 2, 3, 4, 1, 2, 1, 33]}, null, null, 46, false, [], false, 0, [], null, 0, 1744383872.4010859, 0, {}]
[{"0": [1, 2, 2, 3, 1, 2, 3, 2, 1, 2, 2, 4, 0, 31, 1, 0, 0]}, null, null, 46, false, [], false, 0, [], null, 0, 1744383872.6359608, 0, {}]
[{"0": [24, 23, 1, 2, 1, 2, 0, 1, 2, 1, 2, 2, 1, 1, 1, 2, 1]}, null, null, 47, false, [], false, 0, [], null, 0, 1744383872.8458927, 0, {}]
[{"0": [0, 2, 2, 1, 2, 4, 0, 30, 30, 37, 26, 24, 25, 33, 27, 3, 1]}, null, null, 48, false, [], false, 0, [], null, 0, 1744383873.0642273, 0, {}]
[{"0": [3, 2, 1, 0, 1, 1, 30, 32, 28, 0, 1, 0, 0, 1, 0, 3, 2]}, null, null, 48, false, [], false, 0, [], null, 0, 1744383873.2812645, 0, {}]
[{"0": [0, 3, 1, 2, 3, 1, 1, 1, 1, 3, 0, 40, 3, 6, 3, 0, 3]}, null, null, 49, false, [], false, 0, [], null, 0, 1744383873.4927807, 0, {}]
[{"0": [3, 1, 1, 32, 31, 28, 30, 26, 31, 2, 2, 1, 2, 0, 4, 1, 0]}, null, null, 49, false, [], false, 0, [], null, 0, 1744383873.7159815, 0, {}]
[{"0": [3, 2, 1, 3, 1, 4, 3, 2, 3, 1, 35, 24, 25, 33, 24, 22, 25]}, null, null, 50, false, [], false, 0, [], null, 0, 1744383873.9252374, 0, {}]
[{"0": [2, 1, 0, 1, 3, 0, 0, 33, 28, 31, 25, 30, 25, 33, 27, 4, 3]}, null, null, 51, false, [], false, 0, [], null, 0, 1744383874.1536598, 0, {}]
[{"0": [0, 2, 1, 4, 0, 1, 1, 3, 0, 1, 0, 0, 2, 2, 3, 3, 38]}, null, null, 51, false, [], false, 0, [], null, 0, 1744383874.370325, 0, {}]
[{"0": [2, 3, 2, 1, 4, 2, 2, 3, 2, 5, 2, 1, 5, 2, 31, 32, 33]}, null, null, 52, false, [], false, 0, [], null, 0, 1744383874.5853243, 0, {}]
[{"0": [1, 2, 5, 3, 2, 2, 3, 2, 3, 6, 6, 0, 0, 3, 30, 30, 2]}, null, null, 52, false, [], false, 0, [], null, 0, 1744383874.8014495, 0, {}]
[{"0": [2, 3, 2, 19, 0, 0, 0, 3, 3, 4, 2, 1, 3, 2, 2, 3, 1]}, null, null, 53, false, [], false, 0, [], null, 0, 1744383875.015895, 0, {}]
[{"0": [2, 2, 4, 4, 2, 3, 1, 1, 3, 3, 22, 21, 3, 1, 0, 1, 1]}, null, null, 54, false, [], false, 0, [], null, 0, 1744383875.2226846, 0, {}]
[{"0": [0, 1, 25, 21, 28, 31, 31, 26, 32, 26, 3, 3, 1, 1, 3, 2, 2]}, null, null, 54, false, [], false, 0, [], null, 0, 1744383875.435959, 0, {}]
[{"0": [0, 3, 3, 27, 30, 4, 2, 0, 1, 3, 5, 3, 1, 3, 3, 2, 3]}, null, null, 55, false, [], false, 0, [], null, 0, 1744383875.663444, 0, {}]
[{"0": [3, 0, 4, 1, 3, 3, 1, 0, 2, 2, 1, 3, 0, 2, 10, 4, 1]}, null, null, 55, false, [], false, 0, [], null, 0, 1744383875.8765259, 0, {}]
[{"0": [1, 0, 2, 1, 35, 2, 0, 2, 2, 1, 4, 3, 0, 1, 1, 0, 1]}, null, null, 56, false, [], false, 0, [], null, 0, 1744383876.0963311, 0, {}]
[{"0": [0, 2, 5, 0, 2, 3, 1, 0, 2, 1, 3, 3, 2, 0, 6, 23, 25]}, null, null, 57, false, [], false, 0, [], null, 0, 1744383876.3101344, 0, {}]
[{"0": [2, 2, 0, 0, 1, 1, 2, 2, 0, 2, 1, 3, 1, 2, 1, 2, 30]}, null, null, 57, false, [], false, 0, [], null, 0, 1744383876.5304408, 0, {}]
[{"0": [2, 2, 1, 25, 34, 30, 25, 20, 22, 27, 29, 29, 26, 26, 22, 33, 22]}, null, null, 58, false, [], false, 0, [], null, 0, 1744383876.7422364, 0, {}]
[{"0": [2, 1, 3, 0, 0, 3, 3, 3, 24, 25, 27, 30, 2, 4, 1, 1, 0]}, null, null, 58, false, [], false, 0, [], null, 0, 1744383876.96513, 0, {}]
[{"0": [0, 1, 3, 3, 2, 2, 0, 1, 3, 0, 2, 2, 0, 2, 0, 1, 31]}, null, null, 59, false, [], false, 0, [], null, 0, 1744383877.181614, 0, {}]
[{"0": [1, 0, 2, 2, 2, 1, 1, 1, 4, 1, 3, 6, 1, 2, 2, 2, 3]}, null, null, 60, false, [], false, 0, [], null, 0, 1744383877.3835018, 0, {}]
[{"0": [5, 3, 0, 1, 3, 2, 2, 4, 2, 2, 1, 1, 2, 3, 5, 17, 31]}, null, null, 60, false, [], false, 0, [], null, 0, 1744383877.6021094, 0, {}]
[{"0": [3, 0, 0, 1, 39, 27, 24, 1, 2, 4, 3, 0, 1, 1, 3, 3, 3]}, null, null, 61, false, [], false, 0, [], null, 0, 1744383877.817569, 0, {}]
[{"0": [1, 2, 2, 2, 33, 1, 1, 2, 4, 1, 3, 0, 3, 1, 5, 2, 1]}, null, null, 61, false, [], false, 0, [], null, 0, 1744383878.0408626, 0, {}]
[{"0": [2, 5, 1, 4, 3, 4, 3, 2, 0, 0, 22, 27, 26, 27, 20, 28, 35]}, null, null, 62, false, [], false, 0, [], null, 0, 1744383878.2506638, 0, {}]
[{"0": [0, 1, 3, 0, 0, 5, 3, 2, 6, 3, 4, 33, 25, 4, 2, 2, 1]}, null, null, 63, false, [], false, 0, [], null, 0, 1744383878.4814506, 0, {}]
[{"0": [0, 2, 0, 3, 3, 1, 1, 0, 2, 1, 1, 3, 1, 2, 1, 3, 36]}, null, null, 63, false, [], false, 0, [], null, 0, 1744383878.6914327, 0, {}]
[{"0": [4, 2, 3, 1, 1, 1, 1, 25, 21, 29, 1, 3, 1, 4, 5, 2, 1]}, null, null, 64, false, [], false, 0, [], null, 0, 1744383878.916319, 0, {}]
[{"0": [4, 3, 1, 2, 2, 3, 2, 2, 28, 29, 37, 31, 0, 0, 2, 3, 1]}, null, null, 64, false, [], false, 0, [], null, 0, 1744383879.1280606, 0, {}]
[{"0": [2, 0, 1, 0, 3, 1, 2, 0, 0, 2, 1, 3, 1, 22, 32, 33, 30]}, null, null, 65, false, [], false, 0, [], null, 0, 1744383879.3613412, 0, {}]
[{"0": [1, 0, 1, 2, 1, 2, 1, 0, 4, 27, 29, 24, 32, 1, 2, 3, 1]}, null, null, 66, false, [], false, 0, [], null, 0, 1744383879.5644765, 0, {}]
[{"0": [1, 5, 4, 0, 2, 1, 2, 4, 4, 22, 26, 2, 4, 3, 3, 2, 1]}, null, null, 66, false, [], false, 0, [], null, 0, 1744383879.796365, 0, {}]
[{"0": [0, 1, 2, 0, 2, 2, 22, 32, 0, 2, 1, 3, 2, 3, 4, 1, 2]}, null, null, 67, false, [], false, 0, [], null, 0, 1744383879.997098, 0, {}]
[{"0": [2, 5, 0, 2, 22, 37, 23, 15, 32, 33, 29, 2, 0, 2, 0, 1, 2]}, null, null, 67, false, [], false, 0, [], null, 0, 1744383880.217516, 0, {}]
[{"0": [25, 31, 25, 39, 2, 2, 0, 3, 1, 1, 0, 4, 0, 3, 1, 3, 3]}, null, null, 68, false, [], false, 0, [], null, 0, 1744383880.4355612, 0, {}]
[{"0": [4, 3, 2, 3, 3, 0, 2, 2, 0, 2, 1, 0, 2, 26, 2, 2, 2]}, null, null, 69, false, [], false, 0, [], null, 0, 1744383880.6532555, 0, {}]
[{"0": [27, 27, 22, 1, 2, 4, 1, 0, 2, 0, 0, 1, 0, 5, 2, 1, 2]}, null, null, 69, false, [], false, 0, [], null, 0, 1744383880.8623428, 0, {}]
[{"0": [4, 3, 1, 0, 2, 1, 4, 0, 5, 3, 0, 3, 5, 2, 0, 3, 6]}, null, null, 70, false, [], false, 0, [], null, 0, 1744383881.0781963, 0, {}]
[{"0": [2, 1, 4, 3, 30, 34, 3, 1, 3, 0, 2, 5, 1, 2, 0, 1, 3]}, null, null, 70, false, [], false, 0, [], null, 0, 1744383881.3104775, 0, {}]
[{"0": [2, 2, 3, 2, 0, 3, 4, 2, 1, 29, 30, 0, 1, 3, 2, 0, 3]}, null, null, 71, false, [], false, 0, [], null, 0, 1744383881.5116067, 0, {}]
[{"0": [0, 1, 1, 2, 1, 1, 1, 0, 2, 2, 2, 4, 42, 32, 33, 22, 32]}, null, null, 72, false, [], false, 0, [], null, 0, 1744383881.7369826, 0, {}]
[{"0": [2, 3, 2, 1, 1, 3, 1, 2, 3, 0, 3, 3, 1, 4, 6, 25, 1]}, null, null, 72, false, [], false, 0, [], null, 0, 1744383881.9548247, 0, {}]
[{"0": [2, 1, 1, 2, 4, 4, 2, 3, 2, 1, 3, 3, 0, 2, 0, 1, 22]}, null, null, 73, false, [], false, 0, [], null, 0, 1744383882.1628585, 0, {}]
[{"0": [2, 0, 2, 1, 2, 3, 5, 0, 34, 33, 31, 29, 23, 9, 26, 38, 19]}, null, null, 73, false, [], false, 0, [], null, 0, 1744383882.3718588, 0, {}]
[{"0": [5, 3, 0, 2, 3, 29, 27, 2, 2, 3, 1, 1, 0, 1, 2, 3, 0]}, null, null, 74, false, [], false, 0, [], null, 0, 1744383882.5981898, 0, {}]
[{"0": [1, 3, 1, 3, 5, 1, 1, 2, 1, 1, 2, 2, 0, 1, 34, 3, 1]}, null, null, 75, false, [], false, 0, [], null, 0, 1744383882.8193507, 0, {}]
[{"0": [27, 28, 26, 22, 30, 40, 44, 2, 1, 1, 3, 2, 1, 0, 2, 3, 4]}, null, null, 75, false, [], false, 0, [], null, 0, 1744383883.0192943, 0, {}]
[{"0": [2, 2, 2, 1, 1, 3, 1, 1, 0, 0, 3, 0, 36, 24, 4, 3, 0]}, null, null, 76, false, [], false, 0, [], null, 0, 1744383883.236367, 0, {}]
[{"0": [3, 4, 2, 2, 3, 1, 0, 3, 0, 0, 0, 1, 2, 22, 32, 33, 28]}, null, null, 77, false, [], false, 0, [], null, 0, 1744383883.4578488, 0, {}]
[{"0": [0, 0, 2, 1, 0, 0, 2, 2, 1, 5, 1, 3, 5, 2, 2, 34, 32]}, null, null, 77, false, [], false, 0, [], null, 0, 1744383883.675243, 0, {}]
[{"0": [2, 1, 3, 3, 2, 2, 2, 1, 2, 3, 3, 2, 4, 2, 1, 3, 27]}, null, null, 78, false, [], false, 0, [], null, 0, 1744383883.886467, 0, {}]
[{"0": [0, 1, 2, 3, 2, 1, 2, 0, 3, 1, 4, 5, 2, 39, 38, 1, 2]}, null, null, 78, false, [], false, 0, [], null, 0, 1744383884.1004188, 0, {}]
[{"0": [1, 1, 1, 1, 26, 25, 2, 5, 1, 5, 1, 1, 2, 2, 3, 1, 3]}, null, null, 79, false, [], false, 0, [], null, 0, 1744383884.3301146, 0, {}]
[{"0": [1, 4, 1, 3, 1, 34, 29, 1, 0, 3, 1, 2, 3, 2, 3, 1, 1]}, null, null, 80, false, [], false, 0, [], null, 0, 1744383884.5502179, 0, {}]
[{"0": [2, 2, 4, 3, 15, 24, 21, 37, 33, 32, 36, 27, 30, 26, 26, 25, 29]}, null, null, 80, false, [], false, 0, [], null, 0, 1744383884.7545185, 0, {}]
[{"0": [1, 0, 4, 3, 0, 2, 4, 0, 4, 4, 24, 37, 31, 26, 24, 24, 30]}, null, null, 81, false, [], false, 0, [], null, 0, 1744383884.983118, 0, {}]
[{"0": [0, 3, 2, 2, 1, 3, 3, 2, 2, 1, 7, 31, 25, 24, 29, 39, 37]}, null, null, 81, false, [], false, 0, [], null, 0, 1744383885.1927812, 0, {}]
[{"0": [2, 2, 2, 24, 28, 20, 21, 24, 2, 2, 2, 1, 1, 2, 2, 3, 1]}, null, null, 82, false, [], false, 0, [], null, 0, 1744383885.4060671, 0, {}]
[{"0": [1, 5, 5, 1, 3, 27, 6, 2, 2, 2, 1, 2, 1, 3, 3, 1, 3]}, null, null, 83, false, [], false, 0, [], null, 0, 1744383885.6315928, 0, {}]
[{"0": [3, 2, 25, 36, 1, 3, 2, 1, 1, 2, 0, 3, 2, 4, 3, 1, 0]}, null, null, 83, false, [], false, 0, [], null, 0, 1744383885.8406622, 0, {}]
[{"0": [3, 0, 1, 3, 0, 1, 2, 2, 1, 2, 5, 3, 3, 2, 2, 0, 4]}, null, null, 84, false, [], false, 0, [], null, 0, 1744383886.065219, 0, {}]
[{"0": [2, 2, 28, 16, 34, 29, 29, 31, 38, 34, 4, 3, 0, 1, 2, 2, 1]}, null, null, 84, false, [], false, 0, [], null, 0, 1744383886.287954, 0, {}]
[{"0": [1, 2, 2, 4, 2, 4, 1, 1, 2, 0, 4, 2, 3, 3, 30, 2, 2]}, null, null, 85, false, [], false, 0, [], null, 0, 1744383886.500083, 0, {}]
[{"0": [24, 24, 28, 29, 4, 0, 2, 1, 1, 3, 1, 2, 3, 4, 1, 2, 0]}, null, null, 86, false, [], false, 0, [], null, 0, 1744383886.7141912, 0, {}]
[{"0": [1, 1, 1, 4, 0, 1, 2, 25, 31, 23, 32, 34, 27, 32, 32, 2, 4]}, null, null, 86, false, [], false, 0, [], null, 0, 1744383886.928247, 0, {}]
[{"0": [1, 2, 0, 1, 1, 1, 1, 5, 22, 33, 34, 0, 1, 2, 0, 1, 4]}, null, null, 87, false, [], false, 0, [], null, 0, 1744383887.1614237, 0, {}]
[{"0": [2, 2, 3, 3, 4, 2, 3, 33, 24, 36, 21, 2, 2, 2, 3, 0, 2]}, null, null, 87, false, [], false, 0, [], null, 0, 1744383887.3663378, 0, {}]
[{"0": [0, 1, 2, 5, 3, 1, 1, 3, 1, 2, 2, 2, 2, 0, 33, 27, 0]}, null, null, 88, false, [], false, 0, [], null, 0, 1744383887.5924032, 0, {}]
[{"0": [2, 3, 3, 0, 4, 0, 1, 1, 2, 3, 3, 28, 21, 37, 32, 32, 24]}, null, null, 89, false, [], false, 0, [], null, 0, 1744383887.8094158, 0, {}]
[{"0": [26, 35, 31, 28, 5, 1, 2, 1, 2, 0, 3, 3, 1, 2, 1, 3, 1]}, null, null, 89, false, [], false, 0, [], null, 0, 1744383888.0124228, 0, {}]
[{"0": [1, 0, 1, 1, 2, 0, 1, 0, 3, 3, 0, 4, 3, 32, 22, 26, 33]}, null, null, 90, false, [], false, 0, [], null, 0, 1744383888.2388551, 0, {}]
[{"0": [0, 3, 31, 0, 1, 2, 2, 5, 1, 1, 1, 2, 1, 1, 2, 2, 5]}, null, null, 90, false, [], false, 0, [], null, 0, 1744383888.4502442, 0, {}]
[{"0": [2, 1, 2, 0, 2, 2, 0, 4, 3, 0, 2, 1, 3, 2, 1, 38, 34]}, null, null, 91, false, [], false, 0, [], null, 0, 1744383888.657096, 0, {}]
[{"0": [26, 19, 30, 24, 41, 2, 4, 3, 2, 2, 2, 2, 1, 1, 0, 0, 3]}, null, null, 92, false, [], false, 0, [], null, 0, 1744383888.8758533, 0, {}]
[{"0": [1, 0, 1, 2, 1, 1, 31, 23, 1, 4, 0, 2, 1, 4, 1, 3, 1]}, null, null, 92, false, [], false, 0, [], null, 0, 1744383889.1008697, 0, {}]
[{"0": [2, 2, 4, 2, 0, 3, 1, 2, 3, 3, 4, 2, 2, 2, 1, 0, 32]}, null, null, 93, false, [], false, 0, [], null, 0, 1744383889.3120165, 0, {}]
[{"0": [0, 1, 1, 1, 1, 1, 3, 34, 38, 22, 32, 1, 1, 1, 3, 7, 1]}, null, null, 93, false, [], false, 0, [], null, 0, 1744383889.5404294, 0, {}]
[{"0": [2, 1, 2, 0, 3, 1, 28, 29, 27, 0, 2, 3, 0, 2, 0, 1, 2]}, null, null, 94, false, [], false, 0, [], null, 0, 1744383889.756436, 0, {}]
[{"0": [3, 5, 7, 3, 3, 3, 1, 1, 3, 2, 2, 1, 1, 5, 3, 29, 25]}, null, null, 95, false, [], false, 0, [], null, 0, 1744383889.9580212, 0, {}]
[{"0": [2, 3, 3, 1, 27, 21, 32, 26, 28, 32, 34, 40, 1, 5, 0, 0, 2]}, null, null, 95, false, [], false, 0, [], null, 0, 1744383890.177231, 0, {}]
[{"0": [2, 0, 0, 2, 2, 2, 3, 2, 26, 0, 4, 2, 2, 2, 0, 3, 0]}, null, null, 96, false, [], false, 0, [], null, 0, 1744383890.4109535, 0, {}]
[{"0": [2, 5, 1, 4, 1, 4, 1, 3, 2, 2, 1, 3, 37, 32, 27, 33, 28]}, null, null, 96, false, [], false, 0, [], null, 0, 1744383890.6130211, 0, {}]
[{"0": [5, 1, 30, 22, 3, 1, 1, 5, 2, 1, 0, 3, 2, 4, 1, 3, 2]}, null, null, 97, false, [], false, 0, [], null, 0, 1744383890.8354785, 0, {}]
[{"0": [2, 1, 1, 1, 0, 1, 1, 4, 2, 2, 1, 1, 2, 2, 3, 2, 2]}, null, null, 98, false, [], false, 0, [], null, 0, 1744383891.0472062, 0, {}]
[{"0": [25, 28, 23, 34, 31, 28, 21, 31, 28, 20, 27, 30, 26, 5, 1, 0, 1]}, null, null, 98, false, [], false, 0, [], null, 0, 1744383891.2714849, 0, {}]
[{"0": [3, 2, 5, 1, 1, 1, 0, 6, 0, 3, 2, 34, 25, 23, 33, 22, 2]}, null, null, 99, false, [], false, 0, [], null, 0, 1744383891.484959, 0, {}]
[{"0": [3, 5, 4, 3, 3, 2, 1, 1, 2, 0, 3, 3, 30, 22, 33, 29, 29]}, null, null, 99, false, [], false, 0, [], null, 0, 1744383891.7003188, 0, {}]
[{"0": [3, 2, 4, 2, 1, 2, 0, 5, 2, 1, 1, 2, 1, 4, 1, 4, 1]}, null, null, 100, false, [], false, 0, [], null, 0, 1744383891.9145787, 0, {}]
[{"0": [5, 4, 4, 1, 3, 34, 31, 32, 30, 32, 27, 28, 40, 27, 3, 0, 0]}, null, null, 101, false, [], false, 0, [], null, 0, 1744383892.1302376, 0, {}]
[{"0": [2, 1, 2, 0, 0, 1, 4, 3, 1, 1, 0, 2, 2, 2, 0, 1, 3]}, null, null, 101, false, [], false, 0, [], null, 0, 1744383892.3430407, 0, {}]
[{"0": [0, 2, 0, 0, 1, 2, 1, 3, 5, 1, 0, 4, 2, 2, 1, 0, 29]}, null, null, 102, false, [], false, 0, [], null, 0, 1744383892.5608914, 0, {}]
[{"0": [28, 34, 25, 33, 22, 24, 32, 30, 33, 40, 5, 3, 1, 1, 0, 3, 0]}, null, null, 102, false, [], false, 0, [], null, 0, 1744383892.7788944, 0, {}]
[{"0": [4, 1, 3, 3, 1, 2, 2, 0, 24, 27, 34, 26, 29, 30, 23, 3, 3]}, null, null, 103, false, [], false, 0, [], null, 0, 1744383893.0062304, 0, {}]
[{"0": [2, 1, 1, 2, 4, 3, 6, 1, 3, 1, 2, 2, 3, 4, 3, 4, 27]}, null, null, 104, false, [], false, 0, [], null, 0, 1744383893.218043, 0, {}]
[{"0": [1, 3, 2, 3, 1, 3, 0, 3, 3, 4, 4, 0, 4, 0, 1, 1, 6]}, null, null, 104, false, [], false, 0, [], null, 0, 1744383893.431235, 0, {}]
[{"0": [3, 3, 5, 2, 1, 2, 3, 3, 24, 21, 32, 29, 17, 25, 20, 2, 1]}, null, null, 105, false, [], false, 0, [], null, 0, 1744383893.6460743, 0, {}]
[{"0": [4, 3, 4, 2, 2, 22, 32, 21, 5, 3, 5, 0, 4, 1, 2, 1, 8]}, null, null, 105, false, [], false, 0, [], null, 0, 1744383893.8784149, 0, {}]
[{"0": [0, 0, 0, 2, 1, 4, 1, 4, 1, 2, 2, 25, 28, 36, 25, 25, 28]}, null, null, 106, false, [], false, 0, [], null, 0, 1744383894.0713422, 0, {}]
[{"0": [5, 1, 2, 3, 23, 23, 1, 2, 3, 2, 2, 4, 1, 3, 3, 2, 0]}, null, null, 107, false, [], false, 0, [], null, 0, 1744383894.2924654, 0, {}]
[{"0": [3, 2, 1, 6, 0, 1, 29, 36, 31, 1, 1, 0, 1, 3, 3, 1, 0]}, null, null, 107, false, [], false, 0, [], null, 0, 1744383894.5115473, 0, {}]
[{"0": [23, 28, 0, 1, 1, 4, 2, 3, 3, 4, 5, 4, 0, 2, 2, 0, 2]}, null, null, 108, false, [], false, 0, [], null, 0, 1744383894.7266474, 0, {}]
[{"0": [3, 1, 1, 0, 31, 1, 1, 3, 0, 1, 0, 1, 1, 3, 2, 3, 1]}, null, null, 108, false, [], false, 0, [], null, 0, 1744383894.952579, 0, {}]
[{"0": [29, 44, 22, 25, 21, 23, 1, 2, 1, 0, 1, 5, 2, 1, 1, 0, 1]}, null, null, 109, false, [], false, 0, [], null, 0, 1744383895.1600556, 0, {}]
[{"0": [2, 2, 0, 1, 1, 2, 2, 1, 0, 1, 4, 2, 2, 4, 1, 2, 26]}, null, null, 110, false, [], false, 0, [], null, 0, 1744383895.3704832, 0, {}]
[{"0": [1, 2, 1, 3, 1, 2, 2, 0, 1, 2, 0, 3, 2, 2, 1, 3, 38]}, null, null, 110, false, [], false, 0, [], null, 0, 1744383895.5908673, 0, {}]
[{"0": [2, 5, 0, 6, 1, 1, 5, 2, 1, 4, 2, 1, 3, 34, 26, 30, 39]}, null, null, 111, false, [], false, 0, [], null, 0, 1744383895.8071194, 0, {}]
[{"0": [1, 0, 0, 4, 3, 22, 28, 38, 33, 30, 10, 2, 2, 4, 1, 2, 0]}, null, null, 111, false, [], false, 0, [], null, 0, 1744383896.0305326, 0, {}]
[{"0": [0, 1, 2, 2, 3, 4, 2, 2, 0, 3, 1, 0, 1, 0, 1, 1, 36]}, null, null, 112, false, [], false, 0, [], null, 0, 1744383896.2579212, 0, {}]
[{"0": [0, 1, 1, 0, 1, 4, 0, 5, 1, 5, 1, 3, 22, 27, 23, 27, 28]}, null, null, 113, false, [], false, 0, [], null, 0, 1744383896.459052, 0, {}]
[{"0": [1, 2, 1, 2, 5, 3, 1, 3, 2, 2, 1, 1, 0, 3, 1, 2, 0]}, null, null, 113, false, [], false, 0, [], null, 0, 1744383896.6727195, 0, {}]
[{"0": [2, 1, 3, 2, 1, 31, 20, 23, 31, 35, 21, 34, 21, 27, 31, 22, 26]}, null, null, 114, false, [], false, 0, [], null, 0, 1744383896.9025812, 0, {}]
[{"0": [3, 2, 4, 1, 2, 1, 0, 1, 1, 4, 3, 0, 4, 40, 34, 39, 27]}, null, null, 114, false, [], false, 0, [], null, 0, 1744383897.1176956, 0, {}]
[{"0": [4, 5, 3, 2, 3, 2, 23, 30, 40, 23, 3, 4, 0, 1, 4, 0, 3]}, null, null, 115, false, [], false, 0, [], null, 0, 1744383897.3379903, 0, {}]
[{"0": [0, 4, 5, 32, 34, 24, 24, 27, 19, 29, 26, 31, 26, 15, 24, 1, 3]}, null, null, 116, false, [], false, 0, [], null, 0, 1744383897.5514774, 0, {}]
[{"0": [3, 2, 2, 41, 28, 23, 31, 27, 27, 0, 2, 0, 7, 0, 2, 2, 2]}, null, null, 116, false, [], false, 0, [], null, 0, 1744383897.7660713, 0, {}]
[{"0": [4, 2, 32, 23, 26, 32, 24, 28, 1, 3, 1, 4, 2, 1, 1, 1, 3]}, null, null, 117, false, [], false, 0, [], null, 0, 1744383897.9874816, 0, {}]
[{"0": [2, 1, 2, 1, 1, 0, 3, 5, 4, 2, 3, 1, 1, 3, 0, 3, 29]}, null, null, 117, false, [], false, 0, [], null, 0, 1744383898.2078192, 0, {}]
[{"0": [31, 31, 2, 1, 1, 3, 1, 4, 2, 0, 1, 1, 0, 2, 5, 2, 3]}, null, null, 118, false, [], false, 0, [], null, 0, 1744383898.4251084, 0, {}]
[{"0": [1, 3, 1, 2, 1, 30, 29, 30, 25, 3, 2, 1, 2, 4, 4, 4, 2]}, null, null, 119, false, [], false, 0, [], null, 0, 1744383898.6386786, 0, {}]
[{"0": [1, 3, 3, 4, 2, 1, 0, 1, 3, 0, 1, 4, 1, 5, 0, 32, 27]}, null, null, 119, false, [], false, 0, [], null, 0, 1744383898.8468294, 0, {}]
[{"0": [0, 0, 1, 34, 26, 25, 26, 27, 4, 1, 1, 0, 1, 4, 1, 3, 5]}, null, null, 120, false, [], false, 0, [], null, 0, 1744383899.0636306, 0, {}]
[{"0": [0, 2, 2, 30, 36, 24, 32, 28, 25, 37, 3, 2, 1, 2, 2, 2, 2]}, null, null, 120, false, [], false, 0, [], null, 0, 1744383899.2821345, 0, {}]
[{"0": [2, 2, 0, 4, 0, 4, 3, 2, 2, 27, 32, 21, 23, 37, 22, 25, 24]}, null, null, 121, false, [], false, 0, [], null, 0, 1744383899.4970758, 0, {}]
[{"0": [1, 3, 2, 0, 7, 4, 1, 1, 26, 34, 23, 36, 1, 4, 3, 0, 1]}, null, null, 122, false, [], false, 0, [], null, 0, 1744383899.7256348, 0, {}]
[{"0": [1, 1, 1, 3, 1, 1, 1, 2, 1, 1, 2, 4, 31, 28, 4, 0, 5]}, null, null, 122, false, [], false, 0, [], null, 0, 1744383899.9391685, 0, {}]
[{"0": [4, 2, 2, 3, 1, 4, 1, 2, 2, 3, 1, 3, 3, 0, 3, 2, 1]}, null, null, 123, false, [], false, 0, [], null, 0, 1744383900.1562262, 0, {}]
[{"0": [5, 3, 2, 3, 1, 30, 38, 39, 19, 23, 25, 27, 22, 33, 28, 32, 26]}, null, null, 123, false, [], false, 0, [], null, 0, 1744383900.3615022, 0, {}]
[{"0": [3, 4, 2, 2, 3, 1, 2, 2, 0, 1, 4, 4, 0, 38, 3, 2, 1]}, null, null, 124, false, [], false, 0, [], null, 0, 1744383900.5983467, 0, {}]
[{"0": [2, 4, 0, 1, 0, 1, 0, 0, 4, 0, 0, 28, 27, 25, 30, 27, 40]}, null, null, 125, false, [], false, 0, [], null, 0, 1744383900.7916362, 0, {}]
[{"0": [3, 2, 1, 1, 1, 2, 3, 0, 34, 2, 0, 1, 3, 1, 0, 3, 0]}, null, null, 125, false, [], false, 0, [], null, 0, 1744383901.0195737, 0, {}]
[{"0": [1, 2, 0, 3, 3, 1, 23, 24, 26, 30, 25, 2, 3, 2, 2, 3, 4]}, null, null, 126, false, [], false, 0, [], null, 0, 1744383901.2338595, 0, {}]
[{"0": [2, 2, 1, 2, 1, 1, 3, 1, 1, 4, 0, 2, 0, 22, 23, 0, 2]}, null, null, 127, false, [], false, 0, [], null, 0, 1744383901.4601502, 0, {}]
[{"0": [3, 2, 0, 2, 1, 2, 2, 1, 2, 4, 2, 2, 2, 1, 21, 26, 32]}, null, null, 127, false, [], false, 0, [], null, 0, 1744383901.6656604, 0, {}]
[{"0": [7, 1, 0, 4, 0, 4, 1, 2, 3, 1, 0, 3, 3, 1, 2, 28, 30]}, null, null, 128, false, [], false, 0, [], null, 0, 1744383901.8768945, 0, {}]
[{"0": [2, 1, 2, 1, 3, 3, 0, 1, 23, 0, 0, 3, 0, 5, 2, 1, 1]}, null, null, 128, false, [], false, 0, [], null, 0, 1744383902.1085217, 0, {}]
[{"0": [1, 1, 5, 2, 31, 23, 26, 19, 26, 29, 22, 2, 2, 2, 3, 2, 0]}, null, null, 129, false, [], false, 0, [], null, 0, 1744383902.3154125, 0, {}]
[{"0": [2, 2, 3, 23, 28, 27, 31, 31, 20, 24, 27, 28, 30, 30, 2, 1, 0]}, null, null, 130, false, [], false, 0, [], null, 0, 1744383902.5298622, 0, {}]
[{"0": [2, 0, 1, 2, 4, 1, 6, 2, 2, 2, 1, 0, 1, 1, 1, 2, 29]}, null, null, 130, false, [], false, 0, [], null, 0, 1744383902.7629166, 0, {}]
[{"0": [1, 1, 1, 2, 5, 3, 1, 3, 2, 0, 2, 0, 2, 32, 19, 28, 31]}, null, null, 131, false, [], false, 0, [], null, 0, 1744383902.9644394, 0, {}]
[{"0": [0, 1, 1, 4, 3, 4, 2, 3, 1, 0, 0, 3, 4, 29, 25, 35, 21]}, null, null, 131, false, [], false, 0, [], null, 0, 1744383903.1725368, 0, {}]
[{"0": [2, 4, 1, 1, 1, 2, 1, 1, 23, 3, 2, 2, 1, 1, 2, 3, 3]}, null, null, 132, false, [], false, 0, [], null, 0, 1744383903.3911338, 0, {}]
[{"0": [1, 5, 3, 2, 3, 1, 23, 2, 3, 2, 3, 1, 1, 4, 4, 4, 1]}, null, null, 133, false, [], false, 0, [], null, 0, 1744383903.6086686, 0, {}]
[{"0": [1, 1, 2, 1, 4, 4, 1, 4, 2, 2, 0, 0, 1, 2, 0, 1, 3]}, null, null, 133, false, [], false, 0, [], null, 0, 1744383903.8301923, 0, {}]
[{"0": [1, 1, 1, 1, 3, 1, 3, 1, 3, 4, 1, 1, 2, 35, 31, 26, 24]}, null, null, 134, false, [], false, 0, [], null, 0, 1744383904.0504975, 0, {}]
[{"0": [0, 1, 1, 2, 2, 0, 2, 3, 2, 0, 2, 0, 34, 22, 27, 2, 3]}, null, null, 134, false, [], false, 0, [], null, 0, 1744383904.26659, 0, {}]
[{"0": [2, 3, 0, 1, 34, 17, 26, 28, 0, 4, 1, 1, 1, 2, 2, 2, 1]}, null, null, 135, false, [], false, 0, [], null, 0, 1744383904.4907641, 0, {}]
[{"0": [1, 7, 2, 3, 3, 26, 24, 22, 26, 24, 22, 29, 25, 36, 25, 3, 1]}, null, null, 136, false, [], false, 0, [], null, 0, 1744383904.7031355, 0, {}]
[{"0": [1, 1, 2, 3, 2, 3, 0, 3, 3, 1, 2, 0, 1, 26, 23, 30, 20]}, null, null, 136, false, [], false, 0, [], null, 0, 1744383904.9213245, 0, {}]
[{"0": [1, 4, 2, 1, 3, 1, 2, 1, 3, 0, 3, 3, 5, 34, 2, 2, 1]}, null, null, 137, false, [], false, 0, [], null, 0, 1744383905.1273224, 0, {}]
[{"0": [17, 27, 2, 1, 3, 0, 1, 2, 6, 3, 3, 3, 1, 1, 4, 2, 4]}, null, null, 137, false, [], false, 0, [], null, 0, 1744383905.3511002, 0, {}]
[{"0": [1, 4, 0, 4, 1, 2, 1, 0, 0, 5, 1, 4, 3, 29, 29, 31, 32]}, null, null, 138, false, [], false, 0, [], null, 0, 1744383905.5725336, 0, {}]
[{"0": [3, 3, 2, 0, 2, 1, 31, 1, 3, 0, 1, 3, 1, 2, 1, 0, 0]}, null, null, 139, false, [], false, 0, [], null, 0, 1744383905.7865448, 0, {}]
[{"0": [0, 1, 4, 34, 32, 35, 0, 3, 1, 1, 1, 3, 0, 3, 2, 1, 5]}, null, null, 139, false, [], false, 0, [], null, 0, 1744383905.9993303, 0, {}]
[{"0": [5, 3, 3, 1, 1, 2, 2, 2, 2, 0, 1, 1, 1, 1, 3, 1, 3]}, null, null, 140, false, [], false, 0, [], null, 0, 1744383906.2107546, 0, {}]
[{"0": [2, 1, 2, 0, 1, 1, 5, 1, 1, 1, 3, 2, 0, 2, 1, 22, 34]}, null, null, 140, false, [], false, 0, [], null, 0, 1744383906.4284744, 0, {}]
[{"0": [6, 3, 0, 2, 0, 0, 4, 4, 1, 3, 0, 1, 2, 4, 32, 35, 33]}, null, null, 141, false, [], false, 0, [], null, 0, 1744383906.642376, 0, {}]
[{"0": [1, 3, 3, 2, 1, 2, 0, 4, 1, 2, 0, 0, 2, 3, 1, 3, 27]}, null, null, 142, false, [], false, 0, [], null, 0, 1744383906.8576198, 0, {}]
[{"0": [0, 3, 2, 2, 20, 38, 29, 32, 28, 18, 21, 24, 32, 33, 28, 27, 1]}, null, null, 142, false, [], false, 0, [], null, 0, 1744383907.0905313, 0, {}]
[{"0": [1, 1, 2, 2, 1, 2, 3, 1, 4, 5, 31, 23, 0, 0, 0, 2, 1]}, null, null, 143, false, [], false, 0, [], null, 0, 1744383907.2935722, 0, {}]
[{"0": [1, 1, 0, 0, 2, 3, 1, 2, 4, 3, 3, 2, 2, 0, 2, 3, 4]}, null, null, 143, false, [], false, 0, [], null, 0, 1744383907.5183659, 0, {}]
[{"0": [1, 0, 1, 0, 2, 1, 0, 2, 2, 1, 1, 4, 3, 4, 2, 3, 2]}, null, null, 144, false, [], false, 0, [], null, 0, 1744383907.7384024, 0, {}]
[{"0": [2, 1, 0, 1, 0, 3, 3, 2, 1, 29, 31, 21, 26, 28, 40, 31, 29]}, null, null, 145, false, [], false, 0, [], null, 0, 1744383907.9551277, 0, {}]
[{"0": [2, 1, 0, 3, 4, 1, 1, 3, 1, 4, 6, 22, 3, 0, 1, 1, 0]}, null, null, 145, false, [], false, 0, [], null, 0, 1744383908.1730614, 0, {}]
[{"0": [0, 1, 4, 2, 2, 0, 1, 1, 1, 29, 32, 30, 26, 25, 26, 29, 32]}, null, null, 146, false, [], false, 0, [], null, 0, 1744383908.3926582, 0, {}]
[{"0": [2, 1, 2, 3, 34, 29, 0, 2, 2, 1, 0, 1, 1, 6, 2, 4, 4]}, null, null, 146, false, [], false, 0, [], null, 0, 1744383908.603762, 0, {}]
[{"0": [3, 0, 0, 4, 3, 3, 3, 4, 1, 30, 26, 23, 29, 24, 29, 33, 30]}, null, null, 147, false, [], false, 0, [], null, 0, 1744383908.814728, 0, {}]
[{"0": [0, 1, 0, 3, 4, 1, 1, 28, 22, 29, 24, 2, 0, 0, 1, 2, 3]}, null, null, 148, false, [], false, 0, [], null, 0, 1744383909.0393734, 0, {}]
[{"0": [3, 1, 25, 25, 28, 30, 1, 1, 1, 1, 1, 2, 1, 3, 5, 4, 0]}, null, null, 148, false, [], false, 0, [], null, 0, 1744383909.2522507, 0, {}]
[{"0": [4, 3, 2, 2, 7, 2, 0, 3, 0, 1, 2, 4, 29, 26, 32, 0, 2]}, null, null, 149, false, [], false, 0, [], null, 0, 1744383909.4736295, 0, {}]
[{"0": [2, 5, 2, 4, 27, 22, 29, 31, 20, 23, 30, 23, 31, 28, 45, 1, 2]}, null, null, 149, false, [], false, 0, [], null, 0, 1744383909.6730669, 0, {}]
[{"0": [2, 2, 1, 4, 2, 26, 33, 5, 2, 2, 1, 1, 2, 3, 1, 1, 2]}, null, null, 150, true, [], false, 0, [], null, 0, 1744383909.9136682, 0, {}]
