[{"0": [0, 0, 0, 3, 2, 1, 1, 3, 34, 28, 48, 36, 26, 28, 1, 3, 3]}, null, null, 0, false, [], false, 0, [], null, 0, 1744385910.22502, 0, {}]
[{"0": [2, 2, 1, 1, 1, 2, 4, 2, 3, 3, 3, 7, 1, 3, 1, 1, 35]}, null, null, 1, false, [], false, 0, [], null, 0, 1744385910.4546685, 0, {}]
[{"0": [3, 2, 1, 2, 0, 2, 3, 1, 1, 28, 30, 1, 2, 1, 4, 0, 0]}, null, null, 1, false, [], false, 0, [], null, 0, 1744385910.6832817, 0, {}]
[{"0": [3, 2, 1, 4, 1, 3, 1, 0, 4, 1, 2, 0, 1, 3, 3, 36, 22]}, null, null, 2, false, [], false, 0, [], null, 0, 1744385910.8905172, 0, {}]
[{"0": [2, 1, 3, 3, 0, 0, 0, 2, 1, 3, 27, 20, 28, 41, 28, 22, 29]}, null, null, 2, false, [], false, 0, [], null, 0, 1744385911.112842, 0, {}]
[{"0": [2, 1, 1, 2, 4, 0, 4, 2, 2, 3, 1, 0, 1, 2, 1, 32, 27]}, null, null, 3, false, [], false, 0, [], null, 0, 1744385911.3300395, 0, {}]
[{"0": [2, 0, 2, 2, 0, 3, 4, 1, 0, 1, 34, 41, 3, 2, 1, 0, 1]}, null, null, 4, false, [], false, 0, [], null, 0, 1744385911.5426974, 0, {}]
[{"0": [4, 1, 2, 1, 0, 2, 1, 2, 1, 5, 0, 0, 4, 2, 1, 3, 2]}, null, null, 4, false, [], false, 0, [], null, 0, 1744385911.7646582, 0, {}]
[{"0": [0, 0, 1, 0, 2, 3, 2, 1, 3, 5, 2, 0, 0, 5, 1, 34, 26]}, null, null, 5, false, [], false, 0, [], null, 0, 1744385911.9689496, 0, {}]
[{"0": [3, 1, 2, 22, 21, 1, 4, 3, 1, 3, 0, 2, 3, 2, 1, 3, 2]}, null, null, 5, false, [], false, 0, [], null, 0, 1744385912.179577, 0, {}]
[{"0": [2, 4, 2, 3, 2, 1, 1, 2, 1, 0, 2, 4, 0, 4, 2, 1, 35]}, null, null, 6, false, [], false, 0, [], null, 0, 1744385912.3952043, 0, {}]
[{"0": [5, 3, 5, 0, 2, 7, 1, 0, 2, 1, 1, 0, 1, 30, 35, 38, 37]}, null, null, 7, false, [], false, 0, [], null, 0, 1744385912.618727, 0, {}]
[{"0": [2, 3, 3, 1, 2, 2, 1, 3, 3, 5, 3, 4, 1, 2, 4, 30, 26]}, null, null, 7, false, [], false, 0, [], null, 0, 1744385912.8389874, 0, {}]
[{"0": [1, 1, 3, 0, 3, 1, 2, 0, 4, 1, 1, 0, 37, 27, 28, 32, 43]}, null, null, 8, false, [], false, 0, [], null, 0, 1744385913.0593133, 0, {}]
[{"0": [0, 0, 1, 2, 5, 4, 43, 31, 28, 31, 38, 22, 18, 39, 31, 41, 26]}, null, null, 8, false, [], false, 0, [], null, 0, 1744385913.2606063, 0, {}]
[{"0": [3, 0, 2, 4, 0, 3, 0, 1, 30, 30, 31, 20, 28, 38, 3, 2, 3]}, null, null, 9, false, [], false, 0, [], null, 0, 1744385913.4838016, 0, {}]
[{"0": [2, 4, 1, 1, 2, 2, 3, 1, 2, 1, 3, 1, 2, 32, 22, 24, 37]}, null, null, 10, false, [], false, 0, [], null, 0, 1744385913.7023673, 0, {}]
[{"0": [2, 0, 6, 1, 2, 3, 3, 1, 1, 36, 21, 30, 31, 2, 4, 1, 0]}, null, null, 10, false, [], false, 0, [], null, 0, 1744385913.9153862, 0, {}]
[{"0": [4, 3, 5, 4, 2, 2, 2, 2, 1, 31, 24, 1, 1, 2, 1, 3, 1]}, null, null, 11, false, [], false, 0, [], null, 0, 1744385914.1334794, 0, {}]
[{"0": [4, 2, 1, 1, 4, 1, 1, 1, 3, 1, 4, 4, 0, 34, 29, 24, 33]}, null, null, 11, false, [], false, 0, [], null, 0, 1744385914.363112, 0, {}]
[{"0": [4, 0, 7, 6, 3, 0, 5, 2, 1, 27, 31, 27, 30, 1, 0, 1, 0]}, null, null, 12, false, [], false, 0, [], null, 0, 1744385914.576048, 0, {}]
[{"0": [0, 3, 2, 4, 2, 2, 1, 23, 33, 43, 29, 41, 27, 29, 36, 3, 2]}, null, null, 13, false, [], false, 0, [], null, 0, 1744385914.7953064, 0, {}]
[{"0": [2, 1, 4, 1, 2, 0, 2, 2, 2, 1, 0, 1, 2, 3, 4, 35, 32]}, null, null, 13, false, [], false, 0, [], null, 0, 1744385914.9936213, 0, {}]
[{"0": [2, 1, 1, 27, 2, 1, 2, 0, 0, 2, 1, 3, 4, 0, 1, 0, 2]}, null, null, 14, false, [], false, 0, [], null, 0, 1744385915.2274926, 0, {}]
[{"0": [2, 2, 2, 2, 2, 1, 1, 1, 3, 2, 2, 1, 6, 1, 4, 3, 34]}, null, null, 14, false, [], false, 0, [], null, 0, 1744385915.4307902, 0, {}]
[{"0": [1, 4, 2, 1, 0, 5, 4, 1, 0, 2, 2, 0, 1, 1, 2, 35, 30]}, null, null, 15, false, [], false, 0, [], null, 0, 1744385915.642314, 0, {}]
[{"0": [0, 5, 5, 1, 3, 4, 0, 2, 5, 2, 2, 2, 35, 34, 36, 19, 22]}, null, null, 16, false, [], false, 0, [], null, 0, 1744385915.8727603, 0, {}]
[{"0": [3, 1, 1, 3, 3, 1, 29, 39, 2, 2, 1, 5, 1, 3, 2, 3, 1]}, null, null, 16, false, [], false, 0, [], null, 0, 1744385916.0785859, 0, {}]
[{"0": [3, 3, 33, 33, 3, 2, 3, 4, 3, 1, 1, 1, 2, 5, 2, 2, 2]}, null, null, 17, false, [], false, 0, [], null, 0, 1744385916.290844, 0, {}]
[{"0": [1, 1, 2, 0, 1, 2, 2, 5, 4, 5, 34, 36, 33, 21, 35, 30, 3]}, null, null, 17, false, [], false, 0, [], null, 0, 1744385916.5242486, 0, {}]
[{"0": [0, 2, 2, 33, 38, 2, 0, 2, 1, 0, 2, 1, 2, 0, 1, 0, 0]}, null, null, 18, false, [], false, 0, [], null, 0, 1744385916.7387047, 0, {}]
[{"0": [1, 1, 0, 5, 1, 1, 3, 4, 1, 5, 2, 3, 0, 5, 1, 35, 40]}, null, null, 19, false, [], false, 0, [], null, 0, 1744385916.9550068, 0, {}]
[{"0": [2, 3, 4, 5, 28, 25, 33, 3, 2, 2, 3, 1, 7, 2, 3, 4, 2]}, null, null, 19, false, [], false, 0, [], null, 0, 1744385917.1742716, 0, {}]
[{"0": [1, 2, 4, 2, 3, 35, 32, 2, 1, 1, 1, 4, 3, 1, 0, 1, 1]}, null, null, 20, false, [], false, 0, [], null, 0, 1744385917.3833077, 0, {}]
[{"0": [1, 2, 1, 3, 0, 1, 1, 2, 1, 3, 34, 2, 3, 2, 0, 2, 2]}, null, null, 20, false, [], false, 0, [], null, 0, 1744385917.5941253, 0, {}]
[{"0": [4, 4, 2, 2, 1, 1, 2, 3, 0, 2, 1, 27, 4, 2, 1, 3, 1]}, null, null, 21, false, [], false, 0, [], null, 0, 1744385917.8302083, 0, {}]
[{"0": [3, 2, 1, 0, 2, 0, 2, 2, 2, 1, 2, 1, 2, 2, 2, 3, 1]}, null, null, 22, false, [], false, 0, [], null, 0, 1744385918.0380445, 0, {}]
[{"0": [3, 1, 3, 0, 3, 2, 3, 0, 0, 3, 0, 2, 3, 4, 2, 28, 33]}, null, null, 22, false, [], false, 0, [], null, 0, 1744385918.2477353, 0, {}]
[{"0": [3, 2, 0, 1, 1, 1, 2, 3, 2, 1, 28, 30, 0, 1, 2, 2, 3]}, null, null, 23, false, [], false, 0, [], null, 0, 1744385918.4758372, 0, {}]
[{"0": [3, 1, 3, 2, 4, 2, 4, 3, 4, 1, 1, 1, 3, 2, 2, 26, 31]}, null, null, 23, false, [], false, 0, [], null, 0, 1744385918.686448, 0, {}]
[{"0": [2, 2, 3, 3, 1, 1, 2, 1, 33, 32, 26, 37, 3, 2, 1, 4, 1]}, null, null, 24, false, [], false, 0, [], null, 0, 1744385918.9067595, 0, {}]
[{"0": [3, 1, 1, 2, 1, 2, 1, 6, 1, 0, 1, 2, 2, 31, 0, 0, 0]}, null, null, 25, false, [], false, 0, [], null, 0, 1744385919.121582, 0, {}]
[{"0": [5, 1, 1, 2, 1, 2, 2, 1, 0, 3, 1, 0, 0, 2, 2, 29, 28]}, null, null, 25, false, [], false, 0, [], null, 0, 1744385919.3290665, 0, {}]
[{"0": [1, 1, 3, 29, 1, 3, 1, 1, 1, 2, 4, 4, 0, 4, 3, 0, 4]}, null, null, 26, false, [], false, 0, [], null, 0, 1744385919.5440238, 0, {}]
[{"0": [1, 1, 1, 0, 4, 1, 2, 1, 3, 1, 1, 4, 1, 0, 1, 32, 25]}, null, null, 27, false, [], false, 0, [], null, 0, 1744385919.7694898, 0, {}]
[{"0": [4, 6, 30, 34, 41, 34, 40, 27, 31, 29, 27, 2, 4, 2, 8, 2, 2]}, null, null, 27, false, [], false, 0, [], null, 0, 1744385919.9774032, 0, {}]
[{"0": [32, 29, 21, 2, 1, 3, 0, 0, 1, 2, 0, 3, 3, 0, 3, 2, 1]}, null, null, 28, false, [], false, 0, [], null, 0, 1744385920.1973443, 0, {}]
[{"0": [2, 2, 4, 1, 3, 0, 5, 29, 2, 4, 4, 5, 2, 1, 3, 3, 2]}, null, null, 28, false, [], false, 0, [], null, 0, 1744385920.414885, 0, {}]
[{"0": [22, 23, 30, 32, 25, 27, 35, 31, 32, 2, 4, 2, 1, 1, 3, 2, 1]}, null, null, 29, false, [], false, 0, [], null, 0, 1744385920.6290216, 0, {}]
[{"0": [2, 3, 2, 3, 4, 19, 0, 2, 3, 1, 0, 2, 2, 2, 1, 2, 2]}, null, null, 30, false, [], false, 0, [], null, 0, 1744385920.8409793, 0, {}]
[{"0": [3, 30, 36, 2, 4, 4, 0, 3, 0, 0, 2, 1, 0, 0, 2, 1, 4]}, null, null, 30, false, [], false, 0, [], null, 0, 1744385921.073461, 0, {}]
[{"0": [2, 2, 2, 1, 3, 4, 0, 5, 1, 1, 2, 3, 4, 2, 1, 1, 0]}, null, null, 31, false, [], false, 0, [], null, 0, 1744385921.2901623, 0, {}]
[{"0": [1, 2, 2, 2, 1, 4, 1, 4, 0, 3, 3, 5, 24, 30, 2, 0, 2]}, null, null, 31, false, [], false, 0, [], null, 0, 1744385921.500849, 0, {}]
[{"0": [6, 2, 4, 3, 2, 3, 29, 27, 3, 0, 4, 2, 3, 2, 3, 2, 1]}, null, null, 32, false, [], false, 0, [], null, 0, 1744385921.718707, 0, {}]
[{"0": [1, 3, 0, 1, 4, 1, 2, 4, 36, 26, 1, 4, 1, 0, 2, 2, 1]}, null, null, 33, false, [], false, 0, [], null, 0, 1744385921.938575, 0, {}]
[{"0": [0, 3, 3, 2, 1, 0, 4, 4, 2, 4, 3, 3, 3, 5, 2, 26, 35]}, null, null, 33, false, [], false, 0, [], null, 0, 1744385922.1492012, 0, {}]
[{"0": [2, 2, 2, 1, 0, 28, 2, 2, 1, 2, 3, 3, 2, 1, 0, 1, 1]}, null, null, 34, false, [], false, 0, [], null, 0, 1744385922.3738563, 0, {}]
[{"0": [0, 0, 3, 2, 3, 1, 0, 4, 6, 31, 0, 2, 4, 2, 5, 3, 1]}, null, null, 34, false, [], false, 0, [], null, 0, 1744385922.5897915, 0, {}]
[{"0": [2, 1, 1, 4, 0, 2, 1, 2, 1, 1, 3, 25, 24, 32, 29, 31, 35]}, null, null, 35, false, [], false, 0, [], null, 0, 1744385922.7971275, 0, {}]
[{"0": [1, 3, 3, 3, 3, 5, 0, 3, 5, 1, 2, 1, 22, 28, 4, 1, 4]}, null, null, 36, false, [], false, 0, [], null, 0, 1744385923.0232565, 0, {}]
[{"0": [3, 1, 3, 1, 2, 4, 1, 1, 2, 2, 41, 25, 29, 35, 4, 2, 1]}, null, null, 36, false, [], false, 0, [], null, 0, 1744385923.2325737, 0, {}]
[{"0": [0, 0, 2, 3, 2, 20, 21, 0, 0, 2, 3, 4, 1, 2, 4, 3, 2]}, null, null, 37, false, [], false, 0, [], null, 0, 1744385923.4482408, 0, {}]
[{"0": [0, 2, 3, 6, 2, 3, 3, 1, 1, 5, 2, 1, 4, 4, 1, 4, 2]}, null, null, 37, false, [], false, 0, [], null, 0, 1744385923.6738212, 0, {}]
[{"0": [1, 2, 2, 1, 1, 4, 2, 3, 0, 2, 2, 3, 37, 32, 25, 25, 22]}, null, null, 38, false, [], false, 0, [], null, 0, 1744385923.8784664, 0, {}]
[{"0": [2, 3, 1, 3, 0, 0, 2, 1, 1, 22, 1, 1, 2, 1, 4, 2, 5]}, null, null, 39, false, [], false, 0, [], null, 0, 1744385924.097599, 0, {}]
[{"0": [2, 0, 1, 4, 1, 2, 2, 1, 0, 46, 18, 36, 29, 31, 35, 36, 31]}, null, null, 39, false, [], false, 0, [], null, 0, 1744385924.316579, 0, {}]
[{"0": [3, 1, 3, 31, 32, 32, 19, 27, 28, 30, 38, 1, 2, 3, 2, 2, 0]}, null, null, 40, false, [], false, 0, [], null, 0, 1744385924.5279453, 0, {}]
[{"0": [1, 2, 1, 0, 2, 0, 2, 3, 2, 6, 25, 36, 3, 4, 2, 5, 1]}, null, null, 40, false, [], false, 0, [], null, 0, 1744385924.7500303, 0, {}]
[{"0": [1, 2, 38, 32, 5, 4, 0, 2, 1, 0, 1, 4, 2, 0, 1, 1, 1]}, null, null, 41, false, [], false, 0, [], null, 0, 1744385924.9749198, 0, {}]
[{"0": [6, 0, 1, 0, 2, 1, 1, 41, 29, 34, 5, 2, 2, 1, 2, 1, 2]}, null, null, 42, false, [], false, 0, [], null, 0, 1744385925.1861012, 0, {}]
[{"0": [3, 2, 3, 1, 2, 4, 2, 1, 1, 3, 34, 20, 33, 22, 33, 34, 1]}, null, null, 42, false, [], false, 0, [], null, 0, 1744385925.4105086, 0, {}]
[{"0": [0, 2, 3, 2, 2, 0, 2, 4, 1, 2, 0, 2, 1, 3, 2, 24, 35]}, null, null, 43, false, [], false, 0, [], null, 0, 1744385925.6136034, 0, {}]
[{"0": [0, 2, 0, 4, 2, 3, 1, 0, 26, 26, 2, 0, 6, 0, 0, 7, 2]}, null, null, 43, false, [], false, 0, [], null, 0, 1744385925.8409514, 0, {}]
[{"0": [1, 1, 6, 2, 3, 2, 1, 2, 2, 2, 1, 5, 4, 2, 5, 16, 38]}, null, null, 44, false, [], false, 0, [], null, 0, 1744385926.0428064, 0, {}]
[{"0": [5, 2, 3, 3, 1, 2, 2, 3, 2, 5, 39, 25, 4, 6, 4, 2, 0]}, null, null, 45, false, [], false, 0, [], null, 0, 1744385926.2651484, 0, {}]
[{"0": [3, 5, 3, 0, 3, 0, 2, 1, 3, 1, 1, 1, 2, 26, 32, 35, 1]}, null, null, 45, false, [], false, 0, [], null, 0, 1744385926.4872046, 0, {}]
[{"0": [1, 0, 3, 1, 27, 25, 30, 3, 2, 1, 1, 2, 1, 1, 1, 2, 2]}, null, null, 46, false, [], false, 0, [], null, 0, 1744385926.7016368, 0, {}]
[{"0": [4, 2, 5, 4, 3, 0, 3, 2, 42, 30, 2, 0, 3, 0, 3, 1, 2]}, null, null, 46, false, [], false, 0, [], null, 0, 1744385926.9142814, 0, {}]
[{"0": [0, 4, 1, 1, 7, 2, 2, 1, 2, 1, 4, 35, 22, 26, 41, 36, 38]}, null, null, 47, false, [], false, 0, [], null, 0, 1744385927.128651, 0, {}]
[{"0": [3, 2, 1, 1, 3, 2, 2, 5, 3, 1, 2, 1, 3, 0, 3, 2, 3]}, null, null, 48, false, [], false, 0, [], null, 0, 1744385927.3563457, 0, {}]
[{"0": [1, 3, 1, 2, 2, 1, 3, 38, 33, 4, 2, 2, 0, 1, 3, 1, 3]}, null, null, 48, false, [], false, 0, [], null, 0, 1744385927.568513, 0, {}]
[{"0": [1, 5, 2, 3, 6, 1, 3, 1, 25, 38, 3, 3, 2, 1, 2, 2, 1]}, null, null, 49, false, [], false, 0, [], null, 0, 1744385927.787737, 0, {}]
[{"0": [4, 5, 2, 3, 1, 5, 1, 0, 1, 3, 2, 1, 5, 2, 26, 26, 29]}, null, null, 49, false, [], false, 0, [], null, 0, 1744385928.0013738, 0, {}]
[{"0": [5, 4, 0, 6, 4, 4, 1, 1, 2, 0, 2, 2, 0, 34, 28, 28, 26]}, null, null, 50, false, [], false, 0, [], null, 0, 1744385928.2157571, 0, {}]
[{"0": [1, 1, 4, 0, 1, 24, 30, 26, 43, 2, 2, 1, 1, 1, 5, 2, 3]}, null, null, 51, false, [], false, 0, [], null, 0, 1744385928.4293027, 0, {}]
[{"0": [2, 1, 2, 39, 32, 33, 0, 2, 0, 3, 2, 2, 5, 4, 4, 2, 2]}, null, null, 51, false, [], false, 0, [], null, 0, 1744385928.6509118, 0, {}]
[{"0": [2, 5, 1, 1, 5, 0, 3, 2, 2, 2, 2, 2, 0, 29, 4, 1, 1]}, null, null, 52, false, [], false, 0, [], null, 0, 1744385928.872372, 0, {}]
[{"0": [3, 1, 3, 4, 2, 3, 1, 2, 0, 1, 4, 2, 3, 0, 0, 1, 1]}, null, null, 52, false, [], false, 0, [], null, 0, 1744385929.086899, 0, {}]
[{"0": [1, 0, 0, 1, 1, 4, 3, 0, 3, 0, 1, 2, 1, 25, 27, 25, 1]}, null, null, 53, false, [], false, 0, [], null, 0, 1744385929.299127, 0, {}]
[{"0": [0, 2, 4, 1, 27, 3, 1, 2, 2, 2, 1, 0, 2, 0, 0, 0, 2]}, null, null, 54, false, [], false, 0, [], null, 0, 1744385929.5170267, 0, {}]
[{"0": [1, 1, 31, 28, 24, 29, 41, 0, 4, 2, 4, 2, 4, 3, 4, 2, 0]}, null, null, 54, false, [], false, 0, [], null, 0, 1744385929.741359, 0, {}]
[{"0": [2, 1, 5, 2, 4, 1, 3, 2, 3, 0, 1, 4, 24, 28, 29, 30, 28]}, null, null, 55, false, [], false, 0, [], null, 0, 1744385929.9581628, 0, {}]
[{"0": [3, 3, 0, 2, 3, 3, 2, 4, 2, 2, 1, 33, 27, 3, 1, 0, 2]}, null, null, 55, false, [], false, 0, [], null, 0, 1744385930.1574404, 0, {}]
[{"0": [2, 1, 1, 0, 31, 30, 3, 3, 3, 4, 2, 3, 1, 2, 1, 2, 0]}, null, null, 56, false, [], false, 0, [], null, 0, 1744385930.386736, 0, {}]
[{"0": [1, 2, 1, 2, 1, 0, 40, 29, 0, 0, 2, 2, 2, 2, 1, 1, 2]}, null, null, 57, false, [], false, 0, [], null, 0, 1744385930.6038046, 0, {}]
[{"0": [0, 3, 3, 3, 4, 1, 3, 2, 2, 0, 7, 1, 2, 1, 1, 2, 1]}, null, null, 57, false, [], false, 0, [], null, 0, 1744385930.8229892, 0, {}]
[{"0": [24, 28, 29, 38, 27, 36, 30, 2, 2, 0, 0, 2, 1, 2, 3, 0, 0]}, null, null, 58, false, [], false, 0, [], null, 0, 1744385931.033424, 0, {}]
[{"0": [1, 1, 2, 5, 2, 3, 3, 1, 2, 1, 37, 31, 28, 1, 1, 1, 2]}, null, null, 58, false, [], false, 0, [], null, 0, 1744385931.2463415, 0, {}]
[{"0": [2, 3, 2, 33, 22, 31, 37, 35, 32, 1, 2, 3, 1, 2, 2, 2, 2]}, null, null, 59, false, [], false, 0, [], null, 0, 1744385931.4722197, 0, {}]
[{"0": [1, 2, 1, 0, 5, 2, 1, 3, 2, 6, 1, 3, 5, 0, 0, 25, 33]}, null, null, 60, false, [], false, 0, [], null, 0, 1744385931.6813815, 0, {}]
[{"0": [0, 1, 0, 29, 27, 30, 22, 4, 1, 1, 2, 1, 3, 0, 3, 2, 0]}, null, null, 60, false, [], false, 0, [], null, 0, 1744385931.9020727, 0, {}]
[{"0": [3, 3, 1, 0, 0, 0, 0, 2, 0, 0, 1, 2, 1, 1, 25, 22, 38]}, null, null, 61, false, [], false, 0, [], null, 0, 1744385932.1270394, 0, {}]
[{"0": [3, 0, 23, 32, 33, 23, 36, 37, 17, 20, 0, 2, 1, 1, 3, 1, 2]}, null, null, 61, false, [], false, 0, [], null, 0, 1744385932.3387911, 0, {}]
[{"0": [4, 0, 33, 39, 24, 34, 33, 2, 1, 0, 0, 1, 2, 2, 2, 2, 5]}, null, null, 62, false, [], false, 0, [], null, 0, 1744385932.548052, 0, {}]
[{"0": [4, 0, 1, 26, 44, 21, 26, 0, 0, 0, 1, 3, 3, 0, 1, 2, 2]}, null, null, 63, false, [], false, 0, [], null, 0, 1744385932.7640576, 0, {}]
[{"0": [3, 1, 1, 1, 4, 2, 1, 2, 2, 2, 6, 27, 25, 30, 0, 0, 0]}, null, null, 63, false, [], false, 0, [], null, 0, 1744385932.9853458, 0, {}]
[{"0": [2, 0, 2, 0, 21, 2, 3, 3, 3, 3, 4, 1, 6, 1, 1, 2, 0]}, null, null, 64, false, [], false, 0, [], null, 0, 1744385933.191226, 0, {}]
[{"0": [1, 3, 23, 29, 30, 29, 24, 33, 31, 22, 3, 3, 1, 0, 2, 0, 1]}, null, null, 64, false, [], false, 0, [], null, 0, 1744385933.4211977, 0, {}]
[{"0": [2, 5, 3, 1, 1, 2, 3, 28, 19, 25, 36, 34, 29, 27, 28, 35, 34]}, null, null, 65, false, [], false, 0, [], null, 0, 1744385933.6254098, 0, {}]
[{"0": [1, 3, 2, 0, 1, 2, 1, 3, 3, 0, 3, 2, 2, 40, 22, 27, 35]}, null, null, 66, false, [], false, 0, [], null, 0, 1744385933.8488553, 0, {}]
[{"0": [0, 2, 1, 2, 34, 35, 4, 2, 2, 4, 3, 1, 3, 1, 2, 1, 2]}, null, null, 66, false, [], false, 0, [], null, 0, 1744385934.0679095, 0, {}]
[{"0": [0, 1, 4, 3, 4, 2, 1, 2, 0, 2, 3, 2, 4, 2, 24, 33, 39]}, null, null, 67, false, [], false, 0, [], null, 0, 1744385934.2872896, 0, {}]
[{"0": [1, 1, 3, 0, 1, 0, 2, 5, 3, 1, 5, 3, 22, 3, 4, 1, 3]}, null, null, 67, false, [], false, 0, [], null, 0, 1744385934.5113938, 0, {}]
[{"0": [1, 1, 1, 34, 3, 2, 3, 2, 2, 0, 3, 5, 2, 3, 2, 4, 2]}, null, null, 68, false, [], false, 0, [], null, 0, 1744385934.7235975, 0, {}]
[{"0": [4, 4, 1, 3, 4, 2, 1, 0, 3, 2, 2, 5, 1, 5, 1, 1, 2]}, null, null, 69, false, [], false, 0, [], null, 0, 1744385934.9377918, 0, {}]
[{"0": [25, 34, 33, 31, 23, 31, 35, 31, 27, 4, 2, 2, 2, 3, 1, 2, 1]}, null, null, 69, false, [], false, 0, [], null, 0, 1744385935.1622066, 0, {}]
[{"0": [0, 2, 2, 0, 23, 3, 1, 3, 4, 1, 1, 0, 3, 1, 2, 2, 2]}, null, null, 70, false, [], false, 0, [], null, 0, 1744385935.378086, 0, {}]
[{"0": [1, 0, 0, 1, 2, 1, 4, 0, 2, 1, 0, 5, 0, 0, 2, 27, 33]}, null, null, 70, false, [], false, 0, [], null, 0, 1744385935.5944827, 0, {}]
[{"0": [1, 1, 1, 2, 1, 2, 5, 2, 1, 3, 2, 2, 34, 28, 0, 3, 2]}, null, null, 71, false, [], false, 0, [], null, 0, 1744385935.8079464, 0, {}]
[{"0": [5, 3, 1, 2, 1, 1, 3, 0, 3, 4, 1, 1, 2, 0, 1, 34, 33]}, null, null, 72, false, [], false, 0, [], null, 0, 1744385936.012723, 0, {}]
[{"0": [1, 0, 27, 22, 26, 39, 4, 2, 1, 0, 1, 3, 3, 0, 2, 3, 1]}, null, null, 72, false, [], false, 0, [], null, 0, 1744385936.237397, 0, {}]
[{"0": [2, 1, 6, 3, 0, 3, 28, 18, 18, 28, 3, 0, 1, 3, 1, 1, 0]}, null, null, 73, false, [], false, 0, [], null, 0, 1744385936.4533696, 0, {}]
[{"0": [2, 2, 3, 0, 1, 0, 2, 2, 4, 3, 2, 1, 3, 3, 1, 32, 27]}, null, null, 73, false, [], false, 0, [], null, 0, 1744385936.655864, 0, {}]
[{"0": [20, 32, 17, 28, 37, 23, 18, 1, 1, 3, 0, 0, 0, 3, 2, 2, 2]}, null, null, 74, false, [], false, 0, [], null, 0, 1744385936.8817756, 0, {}]
[{"0": [0, 1, 0, 2, 1, 0, 3, 2, 5, 1, 33, 1, 0, 0, 2, 4, 2]}, null, null, 75, false, [], false, 0, [], null, 0, 1744385937.1088908, 0, {}]
[{"0": [2, 3, 2, 4, 1, 0, 2, 2, 3, 1, 0, 38, 23, 29, 29, 34, 38]}, null, null, 75, false, [], false, 0, [], null, 0, 1744385937.3177624, 0, {}]
[{"0": [1, 2, 27, 26, 23, 28, 25, 3, 0, 1, 2, 1, 7, 2, 1, 1, 2]}, null, null, 76, false, [], false, 0, [], null, 0, 1744385937.5322325, 0, {}]
[{"0": [0, 2, 1, 1, 3, 0, 21, 15, 26, 4, 1, 3, 4, 1, 3, 4, 2]}, null, null, 77, false, [], false, 0, [], null, 0, 1744385937.7511582, 0, {}]
[{"0": [2, 1, 0, 2, 5, 2, 2, 1, 1, 1, 4, 37, 19, 35, 33, 3, 0]}, null, null, 77, false, [], false, 0, [], null, 0, 1744385937.9656122, 0, {}]
[{"0": [20, 30, 2, 3, 3, 0, 1, 3, 2, 2, 2, 2, 0, 2, 4, 2, 1]}, null, null, 78, false, [], false, 0, [], null, 0, 1744385938.1796188, 0, {}]
[{"0": [3, 0, 1, 1, 2, 1, 4, 2, 2, 25, 1, 3, 2, 4, 5, 2, 3]}, null, null, 78, false, [], false, 0, [], null, 0, 1744385938.390678, 0, {}]
[{"0": [2, 3, 4, 2, 5, 4, 2, 4, 1, 2, 21, 32, 31, 25, 27, 27, 20]}, null, null, 79, false, [], false, 0, [], null, 0, 1744385938.6111512, 0, {}]
[{"0": [0, 2, 2, 3, 3, 31, 27, 20, 28, 20, 2, 1, 0, 2, 1, 3, 4]}, null, null, 80, false, [], false, 0, [], null, 0, 1744385938.830626, 0, {}]
[{"0": [1, 2, 3, 1, 1, 1, 2, 1, 3, 3, 3, 2, 1, 1, 3, 2, 29]}, null, null, 80, false, [], false, 0, [], null, 0, 1744385939.059344, 0, {}]
[{"0": [2, 1, 2, 2, 1, 2, 2, 3, 2, 39, 31, 30, 1, 2, 0, 1, 4]}, null, null, 81, false, [], false, 0, [], null, 0, 1744385939.2662406, 0, {}]
[{"0": [3, 2, 1, 2, 1, 2, 33, 24, 38, 37, 37, 30, 30, 25, 32, 32, 18]}, null, null, 81, false, [], false, 0, [], null, 0, 1744385939.4842575, 0, {}]
[{"0": [1, 2, 5, 31, 23, 25, 34, 36, 4, 1, 3, 3, 4, 1, 3, 3, 4]}, null, null, 82, false, [], false, 0, [], null, 0, 1744385939.6984456, 0, {}]
[{"0": [2, 0, 1, 3, 2, 2, 2, 1, 3, 1, 1, 3, 0, 1, 0, 33, 31]}, null, null, 83, false, [], false, 0, [], null, 0, 1744385939.9106178, 0, {}]
[{"0": [2, 1, 1, 1, 2, 0, 2, 1, 31, 23, 30, 3, 1, 2, 0, 1, 0]}, null, null, 83, false, [], false, 0, [], null, 0, 1744385940.134112, 0, {}]
[{"0": [3, 4, 2, 39, 20, 34, 4, 2, 2, 2, 1, 3, 3, 3, 3, 2, 1]}, null, null, 84, false, [], false, 0, [], null, 0, 1744385940.3509417, 0, {}]
[{"0": [3, 1, 2, 4, 1, 0, 2, 2, 0, 0, 3, 2, 3, 22, 39, 26, 20]}, null, null, 84, false, [], false, 0, [], null, 0, 1744385940.5689323, 0, {}]
[{"0": [3, 2, 2, 2, 1, 1, 1, 3, 3, 2, 30, 28, 3, 4, 2, 4, 3]}, null, null, 85, false, [], false, 0, [], null, 0, 1744385940.7848253, 0, {}]
[{"0": [2, 1, 23, 24, 23, 28, 4, 3, 2, 5, 0, 2, 2, 3, 0, 2, 4]}, null, null, 86, false, [], false, 0, [], null, 0, 1744385941.00537, 0, {}]
[{"0": [1, 1, 0, 3, 1, 1, 0, 1, 0, 23, 0, 2, 0, 4, 2, 2, 1]}, null, null, 86, false, [], false, 0, [], null, 0, 1744385941.217855, 0, {}]
[{"0": [2, 3, 0, 30, 3, 1, 3, 4, 2, 2, 3, 3, 3, 0, 0, 5, 3]}, null, null, 87, false, [], false, 0, [], null, 0, 1744385941.4328933, 0, {}]
[{"0": [2, 3, 0, 1, 2, 1, 2, 2, 3, 3, 3, 1, 1, 31, 23, 23, 31]}, null, null, 87, false, [], false, 0, [], null, 0, 1744385941.6444356, 0, {}]
[{"0": [0, 1, 3, 4, 3, 29, 25, 27, 0, 2, 5, 2, 0, 0, 1, 2, 2]}, null, null, 88, false, [], false, 0, [], null, 0, 1744385941.862773, 0, {}]
[{"0": [2, 2, 4, 1, 2, 1, 6, 2, 1, 0, 3, 32, 23, 25, 25, 33, 18]}, null, null, 89, false, [], false, 0, [], null, 0, 1744385942.0745134, 0, {}]
[{"0": [1, 1, 0, 1, 3, 3, 1, 2, 1, 3, 1, 4, 32, 27, 33, 24, 30]}, null, null, 89, false, [], false, 0, [], null, 0, 1744385942.2965174, 0, {}]
[{"0": [24, 3, 3, 4, 1, 2, 1, 1, 2, 1, 2, 2, 5, 0, 2, 33, 1]}, null, null, 90, false, [], false, 0, [], null, 0, 1744385942.522609, 0, {}]
[{"0": [0, 0, 1, 1, 3, 3, 2, 0, 2, 3, 2, 3, 3, 2, 1, 29, 29]}, null, null, 90, false, [], false, 0, [], null, 0, 1744385942.7373483, 0, {}]
[{"0": [1, 2, 2, 0, 2, 6, 0, 26, 3, 3, 1, 0, 0, 1, 2, 3, 3]}, null, null, 91, false, [], false, 0, [], null, 0, 1744385942.947062, 0, {}]
[{"0": [0, 2, 3, 2, 0, 25, 3, 0, 1, 4, 2, 1, 3, 0, 2, 1, 0]}, null, null, 92, false, [], false, 0, [], null, 0, 1744385943.1539147, 0, {}]
[{"0": [1, 5, 0, 1, 1, 1, 2, 2, 1, 2, 4, 32, 32, 24, 35, 39, 26]}, null, null, 92, false, [], false, 0, [], null, 0, 1744385943.3738077, 0, {}]
[{"0": [3, 1, 1, 5, 1, 0, 0, 2, 29, 35, 33, 23, 1, 4, 1, 1, 3]}, null, null, 93, false, [], false, 0, [], null, 0, 1744385943.5948126, 0, {}]
[{"0": [3, 1, 2, 1, 2, 23, 29, 36, 24, 24, 28, 34, 32, 37, 3, 2, 1]}, null, null, 93, false, [], false, 0, [], null, 0, 1744385943.8112488, 0, {}]
[{"0": [0, 1, 3, 1, 2, 1, 1, 3, 2, 0, 34, 1, 1, 2, 3, 2, 2]}, null, null, 94, false, [], false, 0, [], null, 0, 1744385944.025741, 0, {}]
[{"0": [2, 1, 4, 20, 24, 36, 28, 29, 21, 26, 0, 1, 3, 2, 4, 0, 4]}, null, null, 95, false, [], false, 0, [], null, 0, 1744385944.249894, 0, {}]
[{"0": [2, 1, 3, 3, 2, 3, 3, 1, 31, 37, 1, 2, 2, 4, 1, 2, 2]}, null, null, 95, false, [], false, 0, [], null, 0, 1744385944.4605198, 0, {}]
[{"0": [4, 2, 2, 0, 1, 2, 2, 2, 3, 3, 4, 0, 4, 1, 2, 35, 34]}, null, null, 96, false, [], false, 0, [], null, 0, 1744385944.6882265, 0, {}]
[{"0": [3, 3, 3, 0, 3, 1, 1, 1, 1, 25, 1, 1, 0, 2, 1, 0, 5]}, null, null, 96, false, [], false, 0, [], null, 0, 1744385944.9019003, 0, {}]
[{"0": [3, 3, 2, 2, 5, 3, 3, 1, 29, 27, 21, 22, 28, 32, 32, 35, 27]}, null, null, 97, false, [], false, 0, [], null, 0, 1744385945.1162746, 0, {}]
[{"0": [2, 2, 2, 0, 1, 5, 1, 1, 2, 2, 4, 3, 1, 1, 4, 25, 34]}, null, null, 98, false, [], false, 0, [], null, 0, 1744385945.3249717, 0, {}]
[{"0": [2, 6, 2, 3, 3, 2, 1, 1, 45, 2, 1, 3, 3, 3, 5, 2, 3]}, null, null, 98, false, [], false, 0, [], null, 0, 1744385945.5550199, 0, {}]
[{"0": [4, 4, 2, 1, 2, 22, 35, 28, 2, 0, 4, 0, 0, 1, 0, 3, 4]}, null, null, 99, false, [], false, 0, [], null, 0, 1744385945.7747068, 0, {}]
[{"0": [4, 5, 1, 3, 1, 0, 2, 0, 2, 3, 1, 2, 2, 3, 41, 38, 24]}, null, null, 99, false, [], false, 0, [], null, 0, 1744385945.982979, 0, {}]
[{"0": [2, 0, 35, 32, 19, 26, 26, 34, 42, 2, 4, 0, 2, 2, 4, 1, 2]}, null, null, 100, false, [], false, 0, [], null, 0, 1744385946.2133088, 0, {}]
[{"0": [1, 0, 1, 0, 3, 25, 0, 2, 1, 3, 2, 4, 1, 1, 3, 2, 1]}, null, null, 101, false, [], false, 0, [], null, 0, 1744385946.4133005, 0, {}]
[{"0": [1, 3, 0, 1, 4, 34, 19, 21, 23, 3, 5, 2, 3, 1, 3, 1, 2]}, null, null, 101, false, [], false, 0, [], null, 0, 1744385946.6393883, 0, {}]
[{"0": [2, 0, 0, 2, 1, 33, 26, 1, 5, 4, 4, 2, 2, 1, 2, 2, 1]}, null, null, 102, false, [], false, 0, [], null, 0, 1744385946.8532414, 0, {}]
[{"0": [1, 4, 1, 1, 2, 0, 3, 27, 30, 23, 20, 29, 30, 29, 4, 1, 1]}, null, null, 102, false, [], false, 0, [], null, 0, 1744385947.0661438, 0, {}]
[{"0": [1, 3, 1, 29, 2, 4, 1, 4, 1, 2, 0, 2, 1, 3, 2, 0, 0]}, null, null, 103, false, [], false, 0, [], null, 0, 1744385947.284675, 0, {}]
[{"0": [25, 36, 0, 1, 1, 2, 1, 3, 2, 1, 1, 1, 3, 5, 4, 0, 2]}, null, null, 104, false, [], false, 0, [], null, 0, 1744385947.4954116, 0, {}]
[{"0": [1, 2, 1, 1, 5, 3, 3, 1, 2, 3, 2, 2, 6, 25, 27, 23, 3]}, null, null, 104, false, [], false, 0, [], null, 0, 1744385947.7040324, 0, {}]
[{"0": [1, 2, 1, 1, 1, 1, 1, 1, 3, 3, 32, 31, 22, 15, 20, 26, 27]}, null, null, 105, false, [], false, 0, [], null, 0, 1744385947.9208295, 0, {}]
[{"0": [4, 1, 0, 2, 1, 1, 2, 2, 1, 6, 1, 1, 1, 2, 2, 0, 2]}, null, null, 105, false, [], false, 0, [], null, 0, 1744385948.1546583, 0, {}]
[{"0": [1, 2, 1, 2, 1, 2, 3, 2, 2, 22, 25, 24, 0, 1, 2, 0, 2]}, null, null, 106, false, [], false, 0, [], null, 0, 1744385948.3656905, 0, {}]
[{"0": [2, 1, 1, 3, 25, 19, 28, 28, 24, 4, 0, 0, 3, 2, 2, 4, 1]}, null, null, 107, false, [], false, 0, [], null, 0, 1744385948.5780025, 0, {}]
[{"0": [3, 3, 1, 2, 3, 2, 3, 2, 4, 2, 2, 1, 4, 2, 2, 2, 4]}, null, null, 107, false, [], false, 0, [], null, 0, 1744385948.7981102, 0, {}]
[{"0": [1, 1, 2, 2, 26, 29, 35, 41, 26, 30, 30, 1, 3, 1, 1, 3, 3]}, null, null, 108, false, [], false, 0, [], null, 0, 1744385949.0220587, 0, {}]
[{"0": [0, 1, 4, 1, 4, 2, 1, 2, 1, 1, 1, 24, 30, 23, 36, 25, 5]}, null, null, 108, false, [], false, 0, [], null, 0, 1744385949.2198348, 0, {}]
[{"0": [3, 3, 0, 2, 2, 6, 2, 31, 29, 0, 2, 2, 2, 1, 2, 2, 1]}, null, null, 109, false, [], false, 0, [], null, 0, 1744385949.436395, 0, {}]
[{"0": [3, 2, 30, 33, 39, 27, 22, 36, 25, 24, 43, 23, 35, 23, 1, 1, 1]}, null, null, 110, false, [], false, 0, [], null, 0, 1744385949.6673837, 0, {}]
[{"0": [0, 5, 1, 3, 1, 2, 5, 0, 1, 2, 1, 29, 34, 2, 3, 1, 3]}, null, null, 110, false, [], false, 0, [], null, 0, 1744385949.8736913, 0, {}]
[{"0": [2, 6, 1, 1, 2, 3, 2, 0, 1, 27, 3, 0, 6, 3, 2, 0, 4]}, null, null, 111, false, [], false, 0, [], null, 0, 1744385950.0886462, 0, {}]
[{"0": [5, 1, 42, 30, 35, 35, 0, 2, 1, 0, 3, 3, 2, 1, 2, 0, 1]}, null, null, 111, false, [], false, 0, [], null, 0, 1744385950.303161, 0, {}]
[{"0": [24, 24, 18, 29, 36, 3, 0, 2, 4, 2, 2, 4, 3, 4, 3, 3, 0]}, null, null, 112, false, [], false, 0, [], null, 0, 1744385950.521423, 0, {}]
[{"0": [3, 1, 1, 0, 3, 2, 35, 28, 27, 29, 25, 31, 26, 0, 1, 3, 2]}, null, null, 113, false, [], false, 0, [], null, 0, 1744385950.7568645, 0, {}]
[{"0": [2, 3, 5, 3, 2, 1, 4, 36, 2, 4, 1, 3, 1, 1, 2, 1, 1]}, null, null, 113, false, [], false, 0, [], null, 0, 1744385950.9521143, 0, {}]
[{"0": [5, 1, 1, 2, 1, 0, 2, 0, 0, 4, 29, 29, 32, 30, 32, 3, 2]}, null, null, 114, false, [], false, 0, [], null, 0, 1744385951.1915002, 0, {}]
[{"0": [2, 1, 5, 1, 4, 1, 2, 2, 1, 1, 1, 2, 3, 1, 25, 32, 38]}, null, null, 114, false, [], false, 0, [], null, 0, 1744385951.3995397, 0, {}]
[{"0": [1, 2, 3, 2, 2, 1, 2, 1, 3, 3, 3, 1, 1, 1, 0, 22, 3]}, null, null, 115, false, [], false, 0, [], null, 0, 1744385951.607629, 0, {}]
[{"0": [1, 2, 1, 3, 1, 1, 3, 30, 1, 2, 1, 2, 2, 0, 1, 0, 1]}, null, null, 116, false, [], false, 0, [], null, 0, 1744385951.82197, 0, {}]
[{"0": [1, 2, 29, 28, 27, 2, 1, 1, 6, 1, 2, 1, 2, 3, 2, 0, 0]}, null, null, 116, false, [], false, 0, [], null, 0, 1744385952.0425594, 0, {}]
[{"0": [3, 4, 3, 1, 34, 2, 1, 2, 1, 1, 3, 1, 2, 0, 0, 3, 3]}, null, null, 117, false, [], false, 0, [], null, 0, 1744385952.2577074, 0, {}]
[{"0": [5, 1, 1, 2, 1, 4, 2, 3, 2, 2, 3, 3, 3, 2, 0, 29, 34]}, null, null, 117, false, [], false, 0, [], null, 0, 1744385952.473788, 0, {}]
[{"0": [0, 2, 2, 2, 1, 3, 3, 2, 4, 3, 1, 27, 0, 3, 0, 3, 5]}, null, null, 118, false, [], false, 0, [], null, 0, 1744385952.685103, 0, {}]
[{"0": [2, 0, 5, 1, 1, 1, 2, 0, 1, 26, 34, 25, 2, 1, 1, 0, 3]}, null, null, 119, false, [], false, 0, [], null, 0, 1744385952.9213367, 0, {}]
[{"0": [2, 3, 3, 4, 1, 1, 1, 2, 1, 3, 0, 2, 4, 32, 35, 30, 39]}, null, null, 119, false, [], false, 0, [], null, 0, 1744385953.1311736, 0, {}]
[{"0": [2, 1, 2, 1, 1, 1, 2, 2, 0, 34, 3, 2, 1, 3, 2, 3, 2]}, null, null, 120, false, [], false, 0, [], null, 0, 1744385953.3480883, 0, {}]
[{"0": [4, 2, 2, 1, 2, 1, 2, 1, 1, 1, 2, 2, 28, 19, 28, 27, 26]}, null, null, 120, false, [], false, 0, [], null, 0, 1744385953.5632112, 0, {}]
[{"0": [1, 1, 27, 22, 28, 24, 34, 30, 47, 33, 2, 0, 4, 0, 1, 0, 2]}, null, null, 121, false, [], false, 0, [], null, 0, 1744385953.7772558, 0, {}]
[{"0": [1, 1, 1, 4, 1, 4, 2, 26, 26, 32, 21, 24, 3, 0, 0, 1, 2]}, null, null, 122, false, [], false, 0, [], null, 0, 1744385953.998105, 0, {}]
[{"0": [36, 29, 27, 31, 2, 1, 2, 2, 3, 2, 2, 2, 4, 1, 1, 2, 1]}, null, null, 122, false, [], false, 0, [], null, 0, 1744385954.2171159, 0, {}]
[{"0": [1, 3, 0, 2, 2, 6, 1, 2, 4, 0, 2, 1, 3, 33, 24, 35, 32]}, null, null, 123, false, [], false, 0, [], null, 0, 1744385954.4298317, 0, {}]
[{"0": [2, 4, 0, 0, 2, 2, 2, 1, 2, 0, 0, 2, 4, 3, 3, 27, 29]}, null, null, 123, false, [], false, 0, [], null, 0, 1744385954.6364756, 0, {}]
[{"0": [2, 2, 1, 0, 1, 4, 3, 2, 4, 5, 4, 4, 0, 3, 1, 37, 20]}, null, null, 124, false, [], false, 0, [], null, 0, 1744385954.8658583, 0, {}]
[{"0": [2, 5, 3, 2, 0, 4, 2, 1, 2, 26, 31, 1, 1, 2, 1, 2, 2]}, null, null, 125, false, [], false, 0, [], null, 0, 1744385955.073203, 0, {}]
[{"0": [1, 2, 0, 1, 3, 0, 6, 2, 2, 2, 1, 0, 1, 1, 3, 1, 1]}, null, null, 125, false, [], false, 0, [], null, 0, 1744385955.3031952, 0, {}]
[{"0": [0, 2, 6, 2, 3, 0, 2, 2, 2, 1, 0, 3, 1, 28, 22, 33, 30]}, null, null, 126, false, [], false, 0, [], null, 0, 1744385955.507374, 0, {}]
[{"0": [1, 0, 1, 1, 3, 1, 1, 0, 3, 4, 2, 1, 5, 3, 0, 15, 26]}, null, null, 127, false, [], false, 0, [], null, 0, 1744385955.7352045, 0, {}]
[{"0": [1, 0, 2, 3, 4, 1, 3, 0, 4, 3, 1, 4, 0, 0, 2, 1, 1]}, null, null, 127, false, [], false, 0, [], null, 0, 1744385955.9421206, 0, {}]
[{"0": [1, 0, 37, 29, 23, 0, 2, 0, 2, 0, 2, 1, 2, 4, 1, 1, 4]}, null, null, 128, false, [], false, 0, [], null, 0, 1744385956.1707225, 0, {}]
[{"0": [2, 0, 0, 4, 3, 2, 1, 2, 1, 1, 4, 0, 2, 2, 0, 2, 1]}, null, null, 128, false, [], false, 0, [], null, 0, 1744385956.379789, 0, {}]
[{"0": [0, 2, 2, 2, 1, 2, 3, 1, 3, 24, 31, 3, 1, 5, 2, 1, 0]}, null, null, 129, false, [], false, 0, [], null, 0, 1744385956.5859003, 0, {}]
[{"0": [1, 1, 1, 2, 0, 4, 2, 0, 1, 3, 1, 1, 29, 23, 1, 2, 0]}, null, null, 130, false, [], false, 0, [], null, 0, 1744385956.8207817, 0, {}]
[{"0": [2, 1, 2, 2, 2, 2, 2, 4, 31, 26, 2, 1, 2, 4, 2, 2, 3]}, null, null, 130, false, [], false, 0, [], null, 0, 1744385957.025589, 0, {}]
[{"0": [1, 2, 1, 2, 3, 2, 4, 1, 3, 3, 1, 0, 4, 1, 1, 39, 30]}, null, null, 131, false, [], false, 0, [], null, 0, 1744385957.2348053, 0, {}]
[{"0": [2, 0, 2, 3, 6, 0, 2, 1, 3, 1, 2, 4, 0, 1, 3, 29, 37]}, null, null, 131, false, [], false, 0, [], null, 0, 1744385957.4635253, 0, {}]
[{"0": [3, 2, 31, 3, 2, 3, 1, 2, 0, 0, 3, 0, 4, 1, 3, 1, 4]}, null, null, 132, false, [], false, 0, [], null, 0, 1744385957.6784227, 0, {}]
[{"0": [3, 3, 3, 2, 4, 0, 1, 22, 0, 2, 0, 6, 2, 2, 1, 1, 1]}, null, null, 133, false, [], false, 0, [], null, 0, 1744385957.8895147, 0, {}]
[{"0": [1, 3, 4, 3, 2, 2, 3, 2, 4, 0, 32, 1, 4, 2, 3, 1, 3]}, null, null, 133, false, [], false, 0, [], null, 0, 1744385958.1039803, 0, {}]
[{"0": [3, 1, 0, 1, 28, 31, 29, 28, 31, 36, 29, 22, 22, 26, 38, 3, 0]}, null, null, 134, false, [], false, 0, [], null, 0, 1744385958.317083, 0, {}]
[{"0": [3, 3, 2, 1, 3, 1, 0, 0, 3, 0, 4, 1, 2, 22, 25, 2, 1]}, null, null, 134, false, [], false, 0, [], null, 0, 1744385958.5422812, 0, {}]
[{"0": [2, 1, 0, 2, 2, 1, 2, 1, 2, 4, 2, 0, 4, 3, 2, 0, 2]}, null, null, 135, false, [], false, 0, [], null, 0, 1744385958.7577374, 0, {}]
[{"0": [26, 33, 44, 28, 30, 35, 32, 26, 39, 21, 31, 27, 29, 28, 30, 2, 2]}, null, null, 136, false, [], false, 0, [], null, 0, 1744385958.9702516, 0, {}]
[{"0": [2, 1, 33, 28, 23, 34, 24, 31, 25, 25, 2, 1, 2, 0, 1, 1, 2]}, null, null, 136, false, [], false, 0, [], null, 0, 1744385959.190242, 0, {}]
[{"0": [3, 2, 1, 2, 0, 2, 0, 0, 4, 4, 1, 2, 5, 26, 36, 22, 30]}, null, null, 137, false, [], false, 0, [], null, 0, 1744385959.4061394, 0, {}]
[{"0": [3, 1, 0, 4, 2, 2, 3, 2, 0, 3, 0, 25, 5, 3, 5, 0, 1]}, null, null, 137, false, [], false, 0, [], null, 0, 1744385959.6297197, 0, {}]
[{"0": [4, 3, 2, 1, 1, 2, 1, 1, 0, 1, 0, 3, 4, 2, 1, 2, 4]}, null, null, 138, false, [], false, 0, [], null, 0, 1744385959.8457427, 0, {}]
[{"0": [31, 0, 0, 0, 1, 23, 42, 26, 21, 27, 0, 2, 1, 2, 1, 0, 3]}, null, null, 139, false, [], false, 0, [], null, 0, 1744385960.0565145, 0, {}]
[{"0": [3, 0, 3, 3, 4, 3, 25, 26, 29, 26, 26, 32, 0, 2, 1, 1, 3]}, null, null, 139, false, [], false, 0, [], null, 0, 1744385960.2701094, 0, {}]
[{"0": [0, 0, 2, 1, 1, 1, 28, 29, 28, 31, 3, 2, 3, 1, 2, 4, 1]}, null, null, 140, false, [], false, 0, [], null, 0, 1744385960.4839694, 0, {}]
[{"0": [0, 1, 0, 3, 1, 2, 1, 1, 3, 1, 2, 26, 27, 18, 4, 4, 2]}, null, null, 140, false, [], false, 0, [], null, 0, 1744385960.7208555, 0, {}]
[{"0": [3, 2, 2, 0, 1, 3, 2, 2, 0, 3, 3, 4, 1, 0, 3, 0, 1]}, null, null, 141, false, [], false, 0, [], null, 0, 1744385960.9181864, 0, {}]
[{"0": [2, 3, 2, 1, 1, 2, 1, 1, 1, 2, 5, 1, 0, 19, 39, 31, 27]}, null, null, 142, false, [], false, 0, [], null, 0, 1744385961.1574008, 0, {}]
[{"0": [2, 3, 3, 0, 3, 3, 30, 41, 29, 26, 4, 5, 3, 2, 3, 3, 2]}, null, null, 142, false, [], false, 0, [], null, 0, 1744385961.3616953, 0, {}]
[{"0": [2, 5, 0, 1, 1, 3, 3, 2, 3, 0, 2, 1, 31, 29, 28, 1, 4]}, null, null, 143, false, [], false, 0, [], null, 0, 1744385961.5783355, 0, {}]
[{"0": [2, 1, 1, 2, 0, 2, 0, 3, 3, 3, 2, 4, 2, 4, 4, 1, 2]}, null, null, 143, false, [], false, 0, [], null, 0, 1744385961.7955308, 0, {}]
[{"0": [3, 2, 0, 2, 1, 3, 0, 4, 3, 34, 31, 32, 23, 3, 1, 3, 2]}, null, null, 144, false, [], false, 0, [], null, 0, 1744385962.0031965, 0, {}]
[{"0": [2, 0, 3, 2, 1, 3, 0, 1, 0, 31, 22, 32, 32, 34, 26, 27, 1]}, null, null, 145, false, [], false, 0, [], null, 0, 1744385962.2272627, 0, {}]
[{"0": [3, 1, 23, 37, 27, 32, 1, 1, 4, 1, 2, 1, 1, 4, 1, 2, 2]}, null, null, 145, false, [], false, 0, [], null, 0, 1744385962.4571512, 0, {}]
[{"0": [2, 4, 1, 0, 1, 3, 1, 1, 5, 1, 1, 2, 25, 29, 32, 25, 17]}, null, null, 146, false, [], false, 0, [], null, 0, 1744385962.6555583, 0, {}]
[{"0": [0, 1, 2, 3, 1, 1, 3, 3, 0, 1, 1, 36, 38, 22, 33, 43, 34]}, null, null, 146, false, [], false, 0, [], null, 0, 1744385962.8808792, 0, {}]
[{"0": [2, 1, 0, 1, 0, 34, 31, 35, 28, 5, 3, 3, 1, 4, 3, 2, 3]}, null, null, 147, false, [], false, 0, [], null, 0, 1744385963.0956447, 0, {}]
[{"0": [3, 3, 4, 26, 30, 33, 40, 26, 28, 1, 2, 0, 2, 2, 4, 1, 2]}, null, null, 148, false, [], false, 0, [], null, 0, 1744385963.306966, 0, {}]
[{"0": [5, 3, 1, 1, 0, 2, 2, 3, 31, 29, 29, 1, 5, 0, 2, 1, 3]}, null, null, 148, false, [], false, 0, [], null, 0, 1744385963.53307, 0, {}]
[{"0": [1, 2, 3, 2, 2, 2, 2, 5, 2, 33, 3, 3, 0, 2, 1, 2, 2]}, null, null, 149, false, [], false, 0, [], null, 0, 1744385963.7398608, 0, {}]
[{"0": [1, 5, 3, 0, 0, 2, 0, 5, 4, 1, 1, 3, 1, 31, 27, 3, 4]}, null, null, 149, false, [], false, 0, [], null, 0, 1744385963.9574096, 0, {}]
[{"0": [2, 3, 0, 3, 29, 29, 3, 3, 1, 0, 4, 3, 1, 1, 2, 1, 3]}, null, null, 150, true, [], false, 0, [], null, 0, 1744385964.1828868, 0, {}]
