[{"0": [1, 0, 4, 1, 2, 3, 2, 6, 3, 3, 3, 3, 0, 3, 4, 4, 25]}, null, null, 0, false, [], false, 0, [], null, 0, 1744386089.648892, 0, {}]
[{"0": [1, 3, 3, 1, 4, 4, 4, 6, 3, 2, 0, 0, 4, 1, 1, 31, 30]}, null, null, 1, false, [], false, 0, [], null, 0, 1744386089.8946104, 0, {}]
[{"0": [2, 1, 1, 3, 2, 1, 0, 35, 36, 1, 0, 3, 3, 0, 3, 4, 0]}, null, null, 1, false, [], false, 0, [], null, 0, 1744386090.1002176, 0, {}]
[{"0": [2, 1, 32, 33, 35, 27, 35, 30, 25, 19, 30, 35, 30, 35, 27, 3, 7]}, null, null, 2, false, [], false, 0, [], null, 0, 1744386090.3142586, 0, {}]
[{"0": [5, 3, 2, 2, 3, 1, 2, 4, 1, 2, 4, 2, 2, 5, 2, 39, 2]}, null, null, 2, false, [], false, 0, [], null, 0, 1744386090.5443738, 0, {}]
[{"0": [2, 0, 0, 0, 1, 1, 0, 1, 1, 1, 4, 0, 28, 38, 32, 25, 2]}, null, null, 3, false, [], false, 0, [], null, 0, 1744386090.7493865, 0, {}]
[{"0": [30, 28, 2, 2, 3, 3, 1, 4, 4, 2, 2, 1, 4, 5, 2, 2, 0]}, null, null, 4, false, [], false, 0, [], null, 0, 1744386090.9721966, 0, {}]
[{"0": [2, 4, 3, 0, 3, 0, 2, 2, 0, 3, 3, 36, 3, 3, 5, 0, 3]}, null, null, 4, false, [], false, 0, [], null, 0, 1744386091.186411, 0, {}]
[{"0": [3, 3, 2, 0, 4, 0, 1, 3, 2, 2, 1, 33, 32, 34, 34, 22, 32]}, null, null, 5, false, [], false, 0, [], null, 0, 1744386091.3932512, 0, {}]
[{"0": [7, 0, 0, 2, 0, 1, 3, 1, 5, 5, 3, 30, 0, 0, 2, 2, 1]}, null, null, 5, false, [], false, 0, [], null, 0, 1744386091.6252077, 0, {}]
[{"0": [2, 1, 22, 0, 4, 3, 5, 3, 0, 1, 3, 4, 2, 0, 2, 2, 2]}, null, null, 6, false, [], false, 0, [], null, 0, 1744386091.8286872, 0, {}]
[{"0": [0, 5, 1, 1, 0, 5, 2, 2, 4, 3, 30, 34, 1, 1, 2, 1, 1]}, null, null, 7, false, [], false, 0, [], null, 0, 1744386092.0539415, 0, {}]
[{"0": [0, 2, 4, 2, 4, 1, 4, 5, 3, 1, 1, 3, 1, 28, 26, 3, 1]}, null, null, 7, false, [], false, 0, [], null, 0, 1744386092.2644444, 0, {}]
[{"0": [2, 2, 6, 2, 28, 26, 1, 3, 5, 0, 2, 1, 2, 7, 4, 3, 7]}, null, null, 8, false, [], false, 0, [], null, 0, 1744386092.489795, 0, {}]
[{"0": [2, 3, 2, 0, 2, 0, 1, 2, 2, 35, 29, 33, 29, 30, 1, 0, 1]}, null, null, 8, false, [], false, 0, [], null, 0, 1744386092.6981256, 0, {}]
[{"0": [1, 1, 1, 2, 1, 3, 6, 1, 2, 35, 1, 3, 0, 3, 4, 2, 2]}, null, null, 9, false, [], false, 0, [], null, 0, 1744386092.913299, 0, {}]
[{"0": [0, 4, 3, 1, 2, 3, 2, 1, 4, 1, 2, 4, 3, 1, 0, 32, 43]}, null, null, 10, false, [], false, 0, [], null, 0, 1744386093.1321425, 0, {}]
[{"0": [1, 4, 0, 1, 6, 2, 0, 4, 1, 0, 2, 1, 1, 32, 34, 0, 2]}, null, null, 10, false, [], false, 0, [], null, 0, 1744386093.339978, 0, {}]
[{"0": [3, 0, 1, 1, 33, 34, 23, 29, 20, 28, 30, 31, 33, 37, 19, 35, 29]}, null, null, 11, false, [], false, 0, [], null, 0, 1744386093.567533, 0, {}]
[{"0": [2, 1, 1, 3, 4, 2, 3, 1, 3, 0, 23, 3, 0, 2, 1, 1, 2]}, null, null, 11, false, [], false, 0, [], null, 0, 1744386093.7711618, 0, {}]
[{"0": [3, 4, 29, 33, 36, 25, 2, 2, 4, 1, 1, 5, 0, 2, 6, 1, 1]}, null, null, 12, false, [], false, 0, [], null, 0, 1744386093.9968507, 0, {}]
[{"0": [1, 1, 2, 5, 3, 6, 4, 3, 1, 0, 1, 2, 0, 2, 0, 0, 0]}, null, null, 13, false, [], false, 0, [], null, 0, 1744386094.2106147, 0, {}]
[{"0": [1, 0, 2, 2, 1, 2, 21, 43, 5, 3, 1, 3, 2, 0, 5, 4, 0]}, null, null, 13, false, [], false, 0, [], null, 0, 1744386094.4376118, 0, {}]
[{"0": [1, 3, 37, 29, 2, 2, 1, 1, 5, 0, 2, 9, 4, 5, 2, 3, 2]}, null, null, 14, false, [], false, 0, [], null, 0, 1744386094.6429477, 0, {}]
[{"0": [0, 4, 1, 1, 1, 2, 5, 1, 3, 5, 1, 0, 2, 2, 36, 1, 2]}, null, null, 14, false, [], false, 0, [], null, 0, 1744386094.862666, 0, {}]
[{"0": [4, 0, 30, 34, 31, 28, 1, 4, 3, 3, 3, 3, 3, 1, 3, 2, 2]}, null, null, 15, false, [], false, 0, [], null, 0, 1744386095.0855892, 0, {}]
[{"0": [2, 2, 2, 1, 3, 2, 1, 4, 2, 3, 3, 1, 31, 3, 2, 2, 0]}, null, null, 16, false, [], false, 0, [], null, 0, 1744386095.293375, 0, {}]
[{"0": [3, 0, 1, 4, 2, 36, 2, 2, 2, 3, 3, 2, 1, 4, 0, 2, 1]}, null, null, 16, false, [], false, 0, [], null, 0, 1744386095.5145304, 0, {}]
[{"0": [21, 0, 3, 4, 2, 1, 3, 0, 0, 2, 1, 2, 1, 1, 1, 3, 2]}, null, null, 17, false, [], false, 0, [], null, 0, 1744386095.7277684, 0, {}]
[{"0": [27, 35, 39, 35, 33, 24, 20, 2, 1, 1, 2, 3, 2, 2, 1, 2, 1]}, null, null, 17, false, [], false, 0, [], null, 0, 1744386095.939601, 0, {}]
[{"0": [2, 5, 2, 2, 3, 3, 4, 1, 1, 3, 3, 3, 23, 33, 47, 43, 32]}, null, null, 18, false, [], false, 0, [], null, 0, 1744386096.163977, 0, {}]
[{"0": [2, 1, 2, 3, 2, 2, 2, 1, 0, 3, 1, 2, 2, 34, 34, 30, 34]}, null, null, 19, false, [], false, 0, [], null, 0, 1744386096.3814569, 0, {}]
[{"0": [3, 0, 2, 3, 1, 3, 1, 3, 38, 29, 40, 2, 1, 3, 3, 3, 2]}, null, null, 19, false, [], false, 0, [], null, 0, 1744386096.588855, 0, {}]
[{"0": [1, 0, 2, 4, 2, 1, 1, 1, 27, 26, 20, 36, 34, 0, 5, 2, 1]}, null, null, 20, false, [], false, 0, [], null, 0, 1744386096.8156493, 0, {}]
[{"0": [3, 1, 0, 4, 0, 1, 3, 1, 3, 25, 28, 1, 4, 29, 0, 5, 1]}, null, null, 20, false, [], false, 0, [], null, 0, 1744386097.0257266, 0, {}]
[{"0": [2, 1, 3, 2, 0, 0, 3, 1, 3, 2, 3, 1, 1, 1, 2, 34, 28]}, null, null, 21, false, [], false, 0, [], null, 0, 1744386097.242426, 0, {}]
[{"0": [0, 2, 0, 34, 27, 35, 27, 1, 0, 1, 2, 2, 3, 3, 2, 1, 1]}, null, null, 22, false, [], false, 0, [], null, 0, 1744386097.454527, 0, {}]
[{"0": [0, 1, 4, 2, 2, 3, 0, 33, 35, 1, 5, 2, 1, 2, 4, 3, 2]}, null, null, 22, false, [], false, 0, [], null, 0, 1744386097.672715, 0, {}]
[{"0": [0, 2, 3, 26, 0, 2, 3, 1, 1, 3, 5, 1, 2, 2, 3, 3, 2]}, null, null, 23, false, [], false, 0, [], null, 0, 1744386097.8923504, 0, {}]
[{"0": [3, 1, 2, 4, 2, 2, 25, 52, 41, 37, 38, 42, 38, 47, 29, 29, 27]}, null, null, 23, false, [], false, 0, [], null, 0, 1744386098.1123004, 0, {}]
[{"0": [2, 2, 1, 0, 0, 1, 1, 4, 0, 0, 0, 28, 29, 28, 0, 0, 0]}, null, null, 24, false, [], false, 0, [], null, 0, 1744386098.3214295, 0, {}]
[{"0": [35, 35, 2, 3, 2, 4, 2, 2, 3, 1, 4, 1, 5, 3, 0, 1, 0]}, null, null, 25, false, [], false, 0, [], null, 0, 1744386098.543922, 0, {}]
[{"0": [2, 4, 2, 5, 2, 1, 3, 3, 3, 1, 2, 4, 27, 29, 30, 30, 25]}, null, null, 25, false, [], false, 0, [], null, 0, 1744386098.753841, 0, {}]
[{"0": [3, 1, 3, 1, 2, 4, 4, 2, 0, 2, 0, 0, 2, 1, 1, 2, 2]}, null, null, 26, false, [], false, 0, [], null, 0, 1744386098.9692702, 0, {}]
[{"0": [30, 27, 33, 30, 21, 39, 34, 34, 2, 3, 2, 2, 2, 1, 2, 4, 1]}, null, null, 27, false, [], false, 0, [], null, 0, 1744386099.1895516, 0, {}]
[{"0": [27, 34, 28, 3, 5, 1, 1, 2, 3, 0, 4, 2, 1, 4, 5, 2, 1]}, null, null, 27, false, [], false, 0, [], null, 0, 1744386099.406353, 0, {}]
[{"0": [6, 2, 2, 2, 6, 0, 33, 37, 29, 37, 37, 45, 29, 29, 4, 1, 0]}, null, null, 28, false, [], false, 0, [], null, 0, 1744386099.6213427, 0, {}]
[{"0": [1, 2, 3, 2, 5, 2, 2, 25, 36, 24, 20, 22, 29, 27, 29, 22, 25]}, null, null, 28, false, [], false, 0, [], null, 0, 1744386099.8413203, 0, {}]
[{"0": [1, 4, 1, 30, 28, 32, 1, 0, 1, 4, 2, 3, 2, 0, 7, 4, 0]}, null, null, 29, false, [], false, 0, [], null, 0, 1744386100.0568378, 0, {}]
[{"0": [4, 2, 4, 1, 1, 1, 1, 4, 1, 1, 3, 0, 24, 32, 32, 26, 6]}, null, null, 30, false, [], false, 0, [], null, 0, 1744386100.2700818, 0, {}]
[{"0": [1, 0, 0, 2, 3, 3, 3, 3, 1, 1, 1, 1, 2, 2, 4, 29, 24]}, null, null, 30, false, [], false, 0, [], null, 0, 1744386100.4850874, 0, {}]
[{"0": [0, 1, 3, 24, 36, 28, 28, 36, 26, 34, 33, 3, 3, 2, 0, 1, 2]}, null, null, 31, false, [], false, 0, [], null, 0, 1744386100.7016346, 0, {}]
[{"0": [27, 23, 29, 35, 3, 1, 2, 1, 2, 1, 2, 4, 2, 5, 1, 0, 2]}, null, null, 31, false, [], false, 0, [], null, 0, 1744386100.9348154, 0, {}]
[{"0": [4, 2, 3, 2, 1, 2, 2, 4, 2, 2, 0, 2, 36, 34, 31, 34, 4]}, null, null, 32, false, [], false, 0, [], null, 0, 1744386101.1497188, 0, {}]
[{"0": [2, 0, 1, 2, 5, 1, 4, 2, 34, 32, 0, 2, 3, 2, 1, 2, 1]}, null, null, 33, false, [], false, 0, [], null, 0, 1744386101.3700104, 0, {}]
[{"0": [36, 31, 32, 2, 1, 9, 0, 4, 1, 2, 2, 1, 0, 3, 1, 5, 0]}, null, null, 33, false, [], false, 0, [], null, 0, 1744386101.59032, 0, {}]
[{"0": [2, 1, 1, 1, 1, 3, 4, 1, 2, 21, 42, 28, 24, 1, 2, 4, 0]}, null, null, 34, false, [], false, 0, [], null, 0, 1744386101.7988093, 0, {}]
[{"0": [28, 1, 3, 1, 1, 3, 1, 1, 0, 2, 1, 3, 0, 0, 1, 1, 2]}, null, null, 34, false, [], false, 0, [], null, 0, 1744386102.013366, 0, {}]
[{"0": [1, 3, 27, 33, 3, 2, 0, 0, 4, 3, 3, 3, 1, 2, 4, 4, 1]}, null, null, 35, false, [], false, 0, [], null, 0, 1744386102.2410727, 0, {}]
[{"0": [0, 0, 3, 3, 0, 7, 2, 0, 26, 0, 2, 1, 1, 5, 4, 2, 3]}, null, null, 36, false, [], false, 0, [], null, 0, 1744386102.4362757, 0, {}]
[{"0": [2, 3, 1, 4, 0, 2, 1, 2, 3, 2, 2, 3, 4, 2, 5, 0, 32]}, null, null, 36, false, [], false, 0, [], null, 0, 1744386102.6528704, 0, {}]
[{"0": [1, 3, 2, 2, 1, 1, 1, 3, 1, 1, 1, 0, 3, 3, 2, 3, 23]}, null, null, 37, false, [], false, 0, [], null, 0, 1744386102.8731403, 0, {}]
[{"0": [2, 1, 0, 1, 3, 1, 2, 4, 3, 3, 39, 31, 31, 34, 5, 1, 3]}, null, null, 37, false, [], false, 0, [], null, 0, 1744386103.0912886, 0, {}]
[{"0": [26, 29, 29, 31, 2, 1, 0, 2, 2, 3, 3, 1, 1, 2, 4, 1, 2]}, null, null, 38, false, [], false, 0, [], null, 0, 1744386103.3214476, 0, {}]
[{"0": [1, 2, 3, 1, 3, 0, 3, 2, 1, 0, 3, 0, 0, 1, 43, 30, 31]}, null, null, 39, false, [], false, 0, [], null, 0, 1744386103.5405939, 0, {}]
[{"0": [2, 0, 1, 3, 0, 4, 7, 1, 2, 28, 3, 1, 3, 4, 2, 2, 2]}, null, null, 39, false, [], false, 0, [], null, 0, 1744386103.7413907, 0, {}]
[{"0": [3, 2, 2, 0, 0, 1, 22, 30, 26, 26, 35, 1, 0, 3, 4, 1, 2]}, null, null, 40, false, [], false, 0, [], null, 0, 1744386103.9682605, 0, {}]
[{"0": [2, 0, 2, 1, 0, 0, 2, 0, 1, 2, 0, 1, 1, 1, 2, 2, 27]}, null, null, 40, false, [], false, 0, [], null, 0, 1744386104.1745408, 0, {}]
[{"0": [2, 6, 0, 2, 2, 3, 2, 1, 2, 1, 3, 1, 2, 1, 1, 2, 30]}, null, null, 41, false, [], false, 0, [], null, 0, 1744386104.3889031, 0, {}]
[{"0": [1, 2, 2, 0, 33, 29, 32, 31, 1, 1, 3, 0, 0, 1, 1, 2, 0]}, null, null, 42, false, [], false, 0, [], null, 0, 1744386104.620403, 0, {}]
[{"0": [2, 3, 2, 1, 1, 30, 32, 24, 26, 4, 2, 0, 1, 2, 0, 2, 1]}, null, null, 42, false, [], false, 0, [], null, 0, 1744386104.8284047, 0, {}]
[{"0": [5, 2, 1, 1, 1, 1, 2, 5, 0, 1, 2, 1, 1, 1, 3, 35, 22]}, null, null, 43, false, [], false, 0, [], null, 0, 1744386105.0507429, 0, {}]
[{"0": [5, 3, 2, 1, 1, 2, 5, 3, 2, 2, 2, 1, 20, 34, 30, 29, 2]}, null, null, 43, false, [], false, 0, [], null, 0, 1744386105.2545962, 0, {}]
[{"0": [0, 2, 0, 2, 2, 5, 1, 22, 34, 31, 32, 27, 33, 1, 2, 1, 3]}, null, null, 44, false, [], false, 0, [], null, 0, 1744386105.4842346, 0, {}]
[{"0": [21, 25, 36, 28, 37, 0, 2, 0, 2, 2, 0, 2, 2, 1, 5, 2, 0]}, null, null, 45, false, [], false, 0, [], null, 0, 1744386105.6995206, 0, {}]
[{"0": [23, 13, 20, 22, 31, 31, 27, 1, 1, 1, 2, 1, 3, 5, 0, 1, 1]}, null, null, 45, false, [], false, 0, [], null, 0, 1744386105.9144118, 0, {}]
[{"0": [0, 3, 4, 2, 3, 38, 34, 38, 32, 34, 27, 32, 27, 23, 28, 3, 2]}, null, null, 46, false, [], false, 0, [], null, 0, 1744386106.1210194, 0, {}]
[{"0": [1, 4, 0, 0, 16, 32, 1, 0, 2, 3, 2, 1, 1, 0, 1, 2, 0]}, null, null, 46, false, [], false, 0, [], null, 0, 1744386106.3479145, 0, {}]
[{"0": [0, 0, 3, 1, 2, 0, 3, 4, 4, 4, 5, 4, 3, 2, 2, 24, 31]}, null, null, 47, false, [], false, 0, [], null, 0, 1744386106.5594227, 0, {}]
[{"0": [1, 3, 1, 3, 4, 4, 2, 2, 2, 1, 2, 3, 3, 2, 1, 2, 28]}, null, null, 48, false, [], false, 0, [], null, 0, 1744386106.7818859, 0, {}]
[{"0": [1, 2, 7, 2, 2, 4, 2, 1, 0, 25, 31, 35, 24, 35, 3, 1, 1]}, null, null, 48, false, [], false, 0, [], null, 0, 1744386106.995799, 0, {}]
[{"0": [4, 0, 3, 1, 2, 2, 3, 32, 39, 3, 4, 0, 4, 4, 0, 4, 1]}, null, null, 49, false, [], false, 0, [], null, 0, 1744386107.2200608, 0, {}]
[{"0": [5, 1, 1, 0, 1, 1, 2, 2, 3, 2, 1, 3, 1, 31, 24, 38, 0]}, null, null, 49, false, [], false, 0, [], null, 0, 1744386107.4222994, 0, {}]
[{"0": [2, 2, 25, 27, 18, 40, 24, 32, 34, 20, 24, 29, 33, 33, 29, 2, 0]}, null, null, 50, false, [], false, 0, [], null, 0, 1744386107.6466033, 0, {}]
[{"0": [3, 3, 1, 2, 0, 3, 2, 0, 1, 0, 1, 33, 26, 26, 30, 2, 3]}, null, null, 51, false, [], false, 0, [], null, 0, 1744386107.873947, 0, {}]
[{"0": [4, 4, 3, 2, 2, 2, 0, 3, 1, 0, 3, 0, 2, 2, 0, 23, 16]}, null, null, 51, false, [], false, 0, [], null, 0, 1744386108.0797706, 0, {}]
[{"0": [0, 0, 4, 1, 34, 24, 2, 1, 2, 1, 2, 0, 1, 3, 2, 1, 2]}, null, null, 52, false, [], false, 0, [], null, 0, 1744386108.294204, 0, {}]
[{"0": [3, 1, 3, 1, 6, 2, 3, 2, 1, 5, 1, 3, 2, 2, 1, 23, 26]}, null, null, 52, false, [], false, 0, [], null, 0, 1744386108.509082, 0, {}]
[{"0": [2, 1, 1, 2, 1, 1, 2, 2, 1, 2, 31, 26, 36, 36, 40, 25, 5]}, null, null, 53, false, [], false, 0, [], null, 0, 1744386108.7358482, 0, {}]
[{"0": [32, 30, 34, 25, 37, 25, 40, 24, 35, 23, 27, 0, 3, 1, 2, 0, 3]}, null, null, 54, false, [], false, 0, [], null, 0, 1744386108.941443, 0, {}]
[{"0": [1, 1, 5, 6, 3, 1, 1, 2, 2, 3, 2, 0, 2, 1, 1, 3, 1]}, null, null, 54, false, [], false, 0, [], null, 0, 1744386109.1526852, 0, {}]
[{"0": [2, 4, 1, 1, 2, 0, 4, 0, 3, 3, 1, 1, 1, 2, 3, 30, 34]}, null, null, 55, false, [], false, 0, [], null, 0, 1744386109.3644273, 0, {}]
[{"0": [2, 4, 0, 27, 22, 0, 1, 0, 2, 3, 3, 0, 2, 2, 2, 0, 2]}, null, null, 55, false, [], false, 0, [], null, 0, 1744386109.6036515, 0, {}]
[{"0": [1, 3, 2, 3, 1, 2, 7, 3, 1, 1, 4, 0, 0, 0, 2, 2, 1]}, null, null, 56, false, [], false, 0, [], null, 0, 1744386109.818987, 0, {}]
[{"0": [2, 3, 2, 2, 1, 38, 27, 37, 28, 36, 28, 31, 34, 25, 31, 30, 35]}, null, null, 57, false, [], false, 0, [], null, 0, 1744386110.0350497, 0, {}]
[{"0": [3, 1, 2, 0, 3, 3, 1, 0, 41, 5, 1, 2, 2, 1, 2, 1, 0]}, null, null, 57, false, [], false, 0, [], null, 0, 1744386110.2375479, 0, {}]
[{"0": [3, 1, 3, 3, 2, 2, 2, 1, 2, 3, 0, 35, 43, 33, 33, 31, 32]}, null, null, 58, false, [], false, 0, [], null, 0, 1744386110.473202, 0, {}]
[{"0": [0, 3, 4, 1, 0, 20, 3, 5, 1, 1, 0, 5, 1, 2, 1, 2, 2]}, null, null, 58, false, [], false, 0, [], null, 0, 1744386110.68899, 0, {}]
[{"0": [2, 3, 5, 1, 3, 4, 6, 1, 2, 5, 2, 2, 1, 4, 20, 27, 33]}, null, null, 59, false, [], false, 0, [], null, 0, 1744386110.903497, 0, {}]
[{"0": [2, 1, 0, 1, 0, 2, 0, 3, 0, 1, 1, 2, 0, 3, 28, 36, 30]}, null, null, 60, false, [], false, 0, [], null, 0, 1744386111.1114078, 0, {}]
[{"0": [1, 0, 19, 3, 0, 1, 2, 5, 1, 1, 2, 5, 0, 3, 5, 0, 0]}, null, null, 60, false, [], false, 0, [], null, 0, 1744386111.328846, 0, {}]
[{"0": [6, 2, 1, 1, 2, 1, 3, 28, 35, 27, 28, 36, 30, 31, 34, 2, 1]}, null, null, 61, false, [], false, 0, [], null, 0, 1744386111.546992, 0, {}]
[{"0": [3, 3, 2, 2, 2, 30, 29, 30, 28, 32, 1, 1, 2, 2, 2, 3, 0]}, null, null, 61, false, [], false, 0, [], null, 0, 1744386111.761704, 0, {}]
[{"0": [36, 1, 1, 2, 2, 3, 1, 2, 4, 2, 3, 3, 1, 2, 2, 1, 1]}, null, null, 62, false, [], false, 0, [], null, 0, 1744386111.980775, 0, {}]
[{"0": [2, 3, 4, 3, 30, 26, 1, 1, 1, 2, 2, 1, 0, 2, 0, 3, 1]}, null, null, 63, false, [], false, 0, [], null, 0, 1744386112.19373, 0, {}]
[{"0": [1, 0, 3, 1, 1, 0, 3, 3, 1, 2, 2, 2, 1, 2, 26, 31, 28]}, null, null, 63, false, [], false, 0, [], null, 0, 1744386112.4123816, 0, {}]
[{"0": [29, 22, 1, 3, 2, 2, 2, 2, 0, 2, 3, 7, 1, 1, 1, 3, 4]}, null, null, 64, false, [], false, 0, [], null, 0, 1744386112.636224, 0, {}]
[{"0": [1, 2, 2, 40, 4, 1, 1, 4, 1, 1, 0, 0, 4, 1, 3, 0, 1]}, null, null, 64, false, [], false, 0, [], null, 0, 1744386112.837969, 0, {}]
[{"0": [4, 1, 1, 2, 1, 0, 1, 3, 2, 3, 3, 0, 1, 3, 5, 33, 36]}, null, null, 65, false, [], false, 0, [], null, 0, 1744386113.0684457, 0, {}]
[{"0": [0, 1, 1, 3, 0, 2, 1, 2, 1, 2, 26, 24, 1, 1, 3, 0, 5]}, null, null, 66, false, [], false, 0, [], null, 0, 1744386113.2804313, 0, {}]
[{"0": [1, 1, 3, 1, 1, 1, 1, 2, 4, 1, 2, 4, 3, 4, 1, 35, 31]}, null, null, 66, false, [], false, 0, [], null, 0, 1744386113.5035787, 0, {}]
[{"0": [3, 1, 3, 1, 4, 1, 0, 37, 30, 27, 1, 1, 2, 4, 1, 0, 1]}, null, null, 67, false, [], false, 0, [], null, 0, 1744386113.71744, 0, {}]
[{"0": [5, 4, 2, 2, 0, 1, 2, 1, 4, 0, 1, 5, 2, 2, 1, 34, 32]}, null, null, 67, false, [], false, 0, [], null, 0, 1744386113.9264524, 0, {}]
[{"0": [0, 4, 2, 0, 3, 1, 24, 3, 3, 2, 1, 1, 1, 2, 0, 1, 0]}, null, null, 68, false, [], false, 0, [], null, 0, 1744386114.141138, 0, {}]
[{"0": [1, 3, 0, 2, 2, 2, 0, 1, 1, 0, 2, 2, 2, 28, 39, 17, 32]}, null, null, 69, false, [], false, 0, [], null, 0, 1744386114.3657546, 0, {}]
[{"0": [2, 1, 1, 2, 5, 2, 0, 1, 1, 3, 31, 3, 0, 2, 0, 0, 3]}, null, null, 69, false, [], false, 0, [], null, 0, 1744386114.5742674, 0, {}]
[{"0": [2, 1, 1, 3, 1, 2, 30, 30, 33, 30, 0, 0, 3, 1, 5, 2, 0]}, null, null, 70, false, [], false, 0, [], null, 0, 1744386114.792163, 0, {}]
[{"0": [1, 2, 2, 42, 24, 2, 3, 1, 2, 2, 1, 1, 4, 3, 3, 1, 3]}, null, null, 70, false, [], false, 0, [], null, 0, 1744386114.9976947, 0, {}]
[{"0": [5, 2, 0, 1, 2, 3, 0, 3, 27, 22, 27, 32, 37, 31, 29, 28, 37]}, null, null, 71, false, [], false, 0, [], null, 0, 1744386115.217444, 0, {}]
[{"0": [0, 2, 1, 2, 3, 1, 1, 3, 0, 3, 3, 2, 3, 1, 0, 37, 42]}, null, null, 72, false, [], false, 0, [], null, 0, 1744386115.4560874, 0, {}]
[{"0": [3, 3, 3, 2, 3, 3, 3, 0, 4, 4, 1, 2, 35, 3, 4, 1, 3]}, null, null, 72, false, [], false, 0, [], null, 0, 1744386115.660453, 0, {}]
[{"0": [2, 0, 1, 3, 5, 1, 1, 1, 2, 33, 0, 0, 1, 1, 3, 3, 1]}, null, null, 73, false, [], false, 0, [], null, 0, 1744386115.864534, 0, {}]
[{"0": [2, 4, 0, 0, 36, 29, 29, 2, 3, 0, 2, 0, 3, 1, 1, 0, 0]}, null, null, 73, false, [], false, 0, [], null, 0, 1744386116.100695, 0, {}]
[{"0": [2, 2, 2, 1, 0, 0, 6, 1, 0, 3, 4, 1, 2, 32, 33, 3, 0]}, null, null, 74, false, [], false, 0, [], null, 0, 1744386116.3081367, 0, {}]
[{"0": [3, 4, 1, 2, 29, 24, 29, 28, 22, 27, 23, 29, 35, 26, 31, 33, 35]}, null, null, 75, false, [], false, 0, [], null, 0, 1744386116.5314217, 0, {}]
[{"0": [4, 1, 1, 2, 0, 2, 3, 3, 1, 3, 1, 4, 3, 2, 4, 2, 0]}, null, null, 75, false, [], false, 0, [], null, 0, 1744386116.7450764, 0, {}]
[{"0": [4, 1, 3, 0, 2, 3, 29, 1, 3, 1, 3, 1, 2, 2, 1, 2, 2]}, null, null, 76, false, [], false, 0, [], null, 0, 1744386116.9625528, 0, {}]
[{"0": [1, 1, 0, 2, 0, 0, 0, 1, 30, 23, 2, 3, 2, 3, 1, 3, 0]}, null, null, 77, false, [], false, 0, [], null, 0, 1744386117.1746848, 0, {}]
[{"0": [1, 0, 0, 29, 20, 35, 1, 1, 4, 1, 4, 1, 0, 1, 2, 1, 3]}, null, null, 77, false, [], false, 0, [], null, 0, 1744386117.4034288, 0, {}]
[{"0": [1, 1, 2, 0, 3, 4, 2, 2, 0, 2, 4, 1, 34, 3, 0, 2, 2]}, null, null, 78, false, [], false, 0, [], null, 0, 1744386117.6054044, 0, {}]
[{"0": [0, 2, 0, 2, 3, 1, 7, 32, 35, 25, 33, 22, 30, 31, 33, 29, 29]}, null, null, 78, false, [], false, 0, [], null, 0, 1744386117.8266096, 0, {}]
[{"0": [0, 6, 4, 1, 2, 5, 38, 25, 32, 27, 29, 24, 28, 40, 32, 25, 23]}, null, null, 79, false, [], false, 0, [], null, 0, 1744386118.040762, 0, {}]
[{"0": [2, 4, 2, 3, 4, 1, 1, 39, 18, 33, 26, 3, 1, 2, 3, 1, 2]}, null, null, 80, false, [], false, 0, [], null, 0, 1744386118.266308, 0, {}]
[{"0": [1, 3, 5, 4, 4, 6, 1, 2, 4, 1, 38, 28, 17, 29, 49, 23, 29]}, null, null, 80, false, [], false, 0, [], null, 0, 1744386118.4856715, 0, {}]
[{"0": [25, 33, 1, 1, 1, 0, 0, 2, 3, 2, 2, 2, 2, 0, 3, 1, 3]}, null, null, 81, false, [], false, 0, [], null, 0, 1744386118.6826694, 0, {}]
[{"0": [4, 4, 2, 0, 2, 3, 2, 0, 4, 3, 0, 0, 2, 23, 1, 0, 0]}, null, null, 81, false, [], false, 0, [], null, 0, 1744386118.9126039, 0, {}]
[{"0": [0, 1, 3, 0, 3, 0, 4, 1, 0, 1, 0, 0, 1, 20, 36, 1, 0]}, null, null, 82, false, [], false, 0, [], null, 0, 1744386119.1194055, 0, {}]
[{"0": [4, 1, 3, 24, 35, 27, 21, 4, 3, 3, 1, 1, 1, 6, 3, 0, 1]}, null, null, 83, false, [], false, 0, [], null, 0, 1744386119.350071, 0, {}]
[{"0": [0, 4, 5, 2, 0, 1, 2, 2, 3, 34, 29, 37, 29, 29, 30, 28, 31]}, null, null, 83, false, [], false, 0, [], null, 0, 1744386119.5568724, 0, {}]
[{"0": [1, 1, 2, 3, 1, 0, 1, 2, 30, 3, 2, 3, 3, 5, 1, 1, 4]}, null, null, 84, false, [], false, 0, [], null, 0, 1744386119.7883358, 0, {}]
[{"0": [37, 20, 29, 28, 27, 26, 1, 6, 1, 2, 2, 3, 1, 2, 4, 1, 2]}, null, null, 84, false, [], false, 0, [], null, 0, 1744386119.9928877, 0, {}]
[{"0": [0, 4, 0, 5, 2, 0, 1, 3, 1, 1, 1, 2, 4, 1, 1, 2, 31]}, null, null, 85, false, [], false, 0, [], null, 0, 1744386120.2146761, 0, {}]
[{"0": [1, 4, 3, 37, 26, 26, 31, 26, 2, 1, 1, 4, 1, 0, 2, 3, 1]}, null, null, 86, false, [], false, 0, [], null, 0, 1744386120.4233546, 0, {}]
[{"0": [0, 3, 0, 2, 2, 2, 24, 36, 38, 28, 23, 29, 31, 30, 31, 36, 31]}, null, null, 86, false, [], false, 0, [], null, 0, 1744386120.6374764, 0, {}]
[{"0": [4, 4, 1, 0, 2, 1, 2, 3, 4, 1, 3, 2, 2, 3, 1, 25, 21]}, null, null, 87, false, [], false, 0, [], null, 0, 1744386120.850129, 0, {}]
[{"0": [2, 3, 2, 4, 3, 5, 1, 2, 1, 3, 3, 1, 1, 1, 3, 0, 31]}, null, null, 87, false, [], false, 0, [], null, 0, 1744386121.0685556, 0, {}]
[{"0": [2, 1, 4, 2, 0, 5, 2, 0, 1, 0, 1, 3, 3, 30, 27, 37, 30]}, null, null, 88, false, [], false, 0, [], null, 0, 1744386121.2856052, 0, {}]
[{"0": [3, 0, 2, 1, 1, 4, 4, 1, 0, 0, 4, 1, 28, 34, 36, 39, 33]}, null, null, 89, false, [], false, 0, [], null, 0, 1744386121.5013294, 0, {}]
[{"0": [0, 0, 0, 2, 2, 0, 2, 2, 3, 1, 2, 2, 30, 20, 39, 31, 35]}, null, null, 89, false, [], false, 0, [], null, 0, 1744386121.7275229, 0, {}]
[{"0": [6, 1, 1, 29, 23, 26, 39, 4, 0, 2, 0, 1, 2, 1, 2, 2, 1]}, null, null, 90, false, [], false, 0, [], null, 0, 1744386121.9349728, 0, {}]
[{"0": [1, 3, 1, 2, 1, 1, 36, 36, 41, 2, 2, 0, 3, 1, 1, 0, 2]}, null, null, 90, false, [], false, 0, [], null, 0, 1744386122.1478229, 0, {}]
[{"0": [1, 1, 26, 34, 28, 34, 2, 1, 2, 1, 2, 1, 2, 2, 5, 2, 0]}, null, null, 91, false, [], false, 0, [], null, 0, 1744386122.3773677, 0, {}]
[{"0": [2, 1, 0, 1, 0, 2, 25, 29, 31, 27, 29, 32, 31, 40, 27, 1, 2]}, null, null, 92, false, [], false, 0, [], null, 0, 1744386122.594274, 0, {}]
[{"0": [5, 1, 0, 2, 0, 3, 2, 1, 3, 0, 4, 0, 3, 1, 1, 2, 29]}, null, null, 92, false, [], false, 0, [], null, 0, 1744386122.7974708, 0, {}]
[{"0": [17, 1, 3, 1, 2, 1, 2, 2, 0, 1, 0, 1, 3, 3, 3, 0, 3]}, null, null, 93, false, [], false, 0, [], null, 0, 1744386123.0149417, 0, {}]
[{"0": [3, 2, 3, 1, 6, 5, 3, 0, 0, 1, 2, 1, 1, 1, 1, 32, 20]}, null, null, 93, false, [], false, 0, [], null, 0, 1744386123.2333097, 0, {}]
[{"0": [26, 32, 24, 21, 26, 31, 31, 42, 32, 34, 25, 26, 1, 0, 4, 2, 2]}, null, null, 94, false, [], false, 0, [], null, 0, 1744386123.4535608, 0, {}]
[{"0": [3, 2, 2, 1, 1, 5, 0, 1, 1, 1, 3, 0, 2, 29, 28, 34, 31]}, null, null, 95, false, [], false, 0, [], null, 0, 1744386123.6677332, 0, {}]
[{"0": [2, 1, 3, 1, 1, 1, 2, 0, 1, 2, 2, 30, 32, 30, 25, 26, 41]}, null, null, 95, false, [], false, 0, [], null, 0, 1744386123.8869731, 0, {}]
[{"0": [1, 2, 32, 28, 29, 28, 1, 4, 5, 2, 1, 3, 0, 1, 3, 3, 1]}, null, null, 96, false, [], false, 0, [], null, 0, 1744386124.1042385, 0, {}]
[{"0": [25, 31, 28, 27, 0, 1, 1, 4, 1, 1, 3, 2, 2, 0, 1, 2, 0]}, null, null, 96, false, [], false, 0, [], null, 0, 1744386124.3217335, 0, {}]
[{"0": [1, 3, 0, 2, 2, 2, 2, 34, 2, 3, 3, 3, 3, 2, 4, 0, 2]}, null, null, 97, false, [], false, 0, [], null, 0, 1744386124.5279636, 0, {}]
[{"0": [1, 2, 1, 2, 0, 0, 3, 3, 25, 0, 1, 4, 2, 3, 0, 1, 2]}, null, null, 98, false, [], false, 0, [], null, 0, 1744386124.7604363, 0, {}]
[{"0": [26, 26, 3, 0, 0, 1, 1, 3, 1, 3, 0, 7, 2, 2, 3, 3, 4]}, null, null, 98, false, [], false, 0, [], null, 0, 1744386124.9627273, 0, {}]
[{"0": [1, 2, 3, 2, 2, 1, 2, 2, 1, 0, 4, 0, 1, 33, 35, 30, 28]}, null, null, 99, false, [], false, 0, [], null, 0, 1744386125.1859212, 0, {}]
[{"0": [2, 2, 0, 5, 1, 3, 0, 1, 1, 0, 0, 0, 3, 3, 31, 34, 30]}, null, null, 99, false, [], false, 0, [], null, 0, 1744386125.3924336, 0, {}]
[{"0": [21, 26, 2, 1, 1, 1, 4, 2, 0, 2, 1, 5, 4, 0, 2, 3, 3]}, null, null, 100, false, [], false, 0, [], null, 0, 1744386125.6147761, 0, {}]
[{"0": [2, 2, 4, 2, 1, 1, 2, 3, 4, 23, 27, 32, 29, 27, 26, 29, 33]}, null, null, 101, false, [], false, 0, [], null, 0, 1744386125.8369882, 0, {}]
[{"0": [1, 2, 3, 2, 38, 36, 36, 1, 1, 0, 0, 3, 2, 4, 5, 0, 3]}, null, null, 101, false, [], false, 0, [], null, 0, 1744386126.055515, 0, {}]
[{"0": [2, 2, 2, 3, 3, 39, 0, 3, 1, 1, 3, 2, 1, 7, 4, 2, 4]}, null, null, 102, false, [], false, 0, [], null, 0, 1744386126.2753775, 0, {}]
[{"0": [2, 0, 1, 4, 1, 3, 2, 1, 0, 2, 2, 1, 37, 38, 41, 3, 5]}, null, null, 102, false, [], false, 0, [], null, 0, 1744386126.501929, 0, {}]
[{"0": [0, 1, 2, 1, 4, 1, 1, 2, 0, 36, 33, 26, 31, 24, 32, 19, 29]}, null, null, 103, false, [], false, 0, [], null, 0, 1744386126.697905, 0, {}]
[{"0": [2, 2, 2, 3, 4, 0, 3, 4, 1, 2, 1, 32, 2, 2, 2, 2, 3]}, null, null, 104, false, [], false, 0, [], null, 0, 1744386126.9234395, 0, {}]
[{"0": [1, 2, 2, 2, 4, 1, 1, 1, 0, 2, 2, 2, 1, 1, 24, 27, 26]}, null, null, 104, false, [], false, 0, [], null, 0, 1744386127.149351, 0, {}]
[{"0": [3, 23, 2, 0, 2, 1, 1, 4, 1, 2, 0, 3, 2, 3, 2, 2, 1]}, null, null, 105, false, [], false, 0, [], null, 0, 1744386127.3506148, 0, {}]
[{"0": [2, 1, 2, 29, 1, 2, 5, 1, 2, 4, 2, 0, 1, 5, 1, 3, 3]}, null, null, 105, false, [], false, 0, [], null, 0, 1744386127.5810432, 0, {}]
[{"0": [1, 1, 2, 24, 22, 27, 35, 19, 0, 3, 2, 2, 2, 2, 0, 0, 1]}, null, null, 106, false, [], false, 0, [], null, 0, 1744386127.7989297, 0, {}]
[{"0": [3, 1, 4, 3, 2, 3, 1, 2, 1, 2, 1, 3, 0, 3, 1, 2, 1]}, null, null, 107, false, [], false, 0, [], null, 0, 1744386128.0053513, 0, {}]
[{"0": [24, 1, 4, 4, 1, 0, 1, 2, 3, 4, 2, 0, 1, 0, 3, 0, 2]}, null, null, 107, false, [], false, 0, [], null, 0, 1744386128.2353537, 0, {}]
[{"0": [3, 5, 1, 2, 1, 2, 1, 1, 1, 3, 5, 29, 24, 28, 24, 32, 31]}, null, null, 108, false, [], false, 0, [], null, 0, 1744386128.4376414, 0, {}]
[{"0": [0, 1, 1, 5, 4, 6, 35, 46, 40, 33, 25, 41, 2, 1, 1, 1, 2]}, null, null, 108, false, [], false, 0, [], null, 0, 1744386128.6582663, 0, {}]
[{"0": [37, 32, 39, 26, 36, 2, 0, 4, 2, 2, 2, 2, 4, 2, 2, 2, 0]}, null, null, 109, false, [], false, 0, [], null, 0, 1744386128.8825462, 0, {}]
[{"0": [1, 2, 3, 3, 4, 0, 1, 3, 22, 1, 1, 3, 0, 4, 0, 0, 2]}, null, null, 110, false, [], false, 0, [], null, 0, 1744386129.0930135, 0, {}]
[{"0": [1, 1, 2, 34, 30, 30, 31, 23, 22, 23, 27, 39, 3, 0, 5, 0, 1]}, null, null, 110, false, [], false, 0, [], null, 0, 1744386129.3126879, 0, {}]
[{"0": [34, 26, 31, 27, 2, 1, 1, 1, 2, 3, 3, 2, 6, 4, 3, 2, 0]}, null, null, 111, false, [], false, 0, [], null, 0, 1744386129.5246818, 0, {}]
[{"0": [1, 2, 2, 3, 1, 30, 35, 29, 36, 2, 1, 3, 0, 2, 3, 3, 2]}, null, null, 111, false, [], false, 0, [], null, 0, 1744386129.7513962, 0, {}]
[{"0": [3, 0, 1, 1, 4, 1, 0, 1, 2, 2, 3, 0, 2, 27, 30, 26, 36]}, null, null, 112, false, [], false, 0, [], null, 0, 1744386129.9505515, 0, {}]
[{"0": [1, 5, 4, 1, 3, 2, 3, 1, 2, 2, 1, 3, 0, 0, 3, 3, 1]}, null, null, 113, false, [], false, 0, [], null, 0, 1744386130.1709085, 0, {}]
[{"0": [2, 3, 2, 4, 1, 35, 31, 28, 38, 41, 34, 29, 32, 26, 24, 28, 28]}, null, null, 113, false, [], false, 0, [], null, 0, 1744386130.3847365, 0, {}]
[{"0": [4, 2, 2, 1, 1, 0, 2, 3, 4, 1, 27, 26, 2, 1, 2, 4, 1]}, null, null, 114, false, [], false, 0, [], null, 0, 1744386130.5986292, 0, {}]
[{"0": [1, 0, 2, 1, 2, 1, 0, 6, 37, 23, 25, 34, 30, 35, 38, 29, 35]}, null, null, 114, false, [], false, 0, [], null, 0, 1744386130.8129919, 0, {}]
[{"0": [3, 2, 33, 36, 24, 29, 31, 3, 4, 1, 2, 3, 3, 0, 1, 2, 1]}, null, null, 115, false, [], false, 0, [], null, 0, 1744386131.0268524, 0, {}]
[{"0": [2, 1, 1, 0, 0, 1, 2, 2, 2, 1, 3, 3, 2, 1, 2, 22, 2]}, null, null, 116, false, [], false, 0, [], null, 0, 1744386131.2653584, 0, {}]
[{"0": [4, 1, 1, 3, 1, 2, 0, 38, 33, 2, 4, 0, 3, 2, 2, 2, 3]}, null, null, 116, false, [], false, 0, [], null, 0, 1744386131.4700072, 0, {}]
[{"0": [7, 2, 4, 2, 3, 5, 1, 5, 26, 38, 25, 27, 36, 36, 36, 28, 33]}, null, null, 117, false, [], false, 0, [], null, 0, 1744386131.6805406, 0, {}]
[{"0": [2, 2, 2, 2, 4, 2, 2, 0, 2, 4, 1, 2, 2, 4, 1, 1, 1]}, null, null, 117, false, [], false, 0, [], null, 0, 1744386131.9062822, 0, {}]
[{"0": [2, 1, 0, 2, 1, 3, 3, 2, 2, 39, 28, 32, 26, 25, 4, 1, 1]}, null, null, 118, false, [], false, 0, [], null, 0, 1744386132.1203861, 0, {}]
[{"0": [1, 2, 2, 1, 2, 0, 2, 1, 1, 2, 2, 6, 2, 5, 3, 2, 30]}, null, null, 119, false, [], false, 0, [], null, 0, 1744386132.3327, 0, {}]
[{"0": [1, 2, 0, 2, 3, 1, 2, 3, 1, 1, 1, 2, 4, 2, 1, 35, 34]}, null, null, 119, false, [], false, 0, [], null, 0, 1744386132.5490258, 0, {}]
[{"0": [2, 0, 1, 3, 23, 20, 27, 43, 24, 32, 32, 33, 45, 20, 28, 29, 31]}, null, null, 120, false, [], false, 0, [], null, 0, 1744386132.7657135, 0, {}]
[{"0": [30, 3, 2, 3, 0, 3, 5, 1, 2, 2, 2, 1, 1, 0, 2, 0, 2]}, null, null, 120, false, [], false, 0, [], null, 0, 1744386132.9870453, 0, {}]
[{"0": [0, 1, 1, 44, 27, 29, 0, 2, 1, 2, 3, 2, 1, 0, 3, 3, 5]}, null, null, 121, false, [], false, 0, [], null, 0, 1744386133.2105007, 0, {}]
[{"0": [2, 4, 3, 31, 32, 23, 32, 36, 2, 0, 2, 1, 0, 4, 1, 3, 5]}, null, null, 122, false, [], false, 0, [], null, 0, 1744386133.411926, 0, {}]
[{"0": [1, 0, 1, 1, 2, 30, 40, 21, 34, 33, 24, 28, 37, 23, 22, 3, 0]}, null, null, 122, false, [], false, 0, [], null, 0, 1744386133.6327722, 0, {}]
[{"0": [4, 2, 4, 3, 1, 3, 1, 3, 1, 2, 2, 2, 1, 3, 1, 26, 26]}, null, null, 123, false, [], false, 0, [], null, 0, 1744386133.8557115, 0, {}]
[{"0": [0, 1, 1, 0, 3, 2, 19, 29, 24, 27, 31, 40, 31, 29, 1, 3, 3]}, null, null, 123, false, [], false, 0, [], null, 0, 1744386134.0728955, 0, {}]
[{"0": [1, 3, 1, 0, 3, 0, 28, 28, 2, 2, 3, 2, 2, 3, 1, 1, 2]}, null, null, 124, false, [], false, 0, [], null, 0, 1744386134.2774382, 0, {}]
[{"0": [1, 1, 5, 3, 4, 2, 1, 41, 37, 1, 1, 1, 2, 2, 4, 1, 0]}, null, null, 125, false, [], false, 0, [], null, 0, 1744386134.4974065, 0, {}]
[{"0": [2, 6, 1, 0, 1, 2, 3, 33, 39, 34, 28, 27, 3, 0, 1, 1, 4]}, null, null, 125, false, [], false, 0, [], null, 0, 1744386134.730995, 0, {}]
[{"0": [2, 1, 1, 24, 38, 3, 0, 1, 1, 2, 7, 2, 1, 1, 0, 4, 0]}, null, null, 126, false, [], false, 0, [], null, 0, 1744386134.934282, 0, {}]
[{"0": [2, 2, 32, 34, 33, 3, 0, 2, 0, 3, 0, 2, 1, 1, 4, 6, 2]}, null, null, 127, false, [], false, 0, [], null, 0, 1744386135.148382, 0, {}]
[{"0": [27, 31, 3, 2, 3, 2, 4, 3, 0, 1, 3, 3, 2, 2, 2, 0, 2]}, null, null, 127, false, [], false, 0, [], null, 0, 1744386135.3701038, 0, {}]
[{"0": [2, 2, 5, 1, 4, 2, 5, 2, 39, 0, 0, 1, 1, 1, 1, 2, 2]}, null, null, 128, false, [], false, 0, [], null, 0, 1744386135.5839646, 0, {}]
[{"0": [3, 4, 3, 1, 3, 34, 32, 2, 1, 3, 0, 3, 3, 4, 1, 2, 0]}, null, null, 128, false, [], false, 0, [], null, 0, 1744386135.797626, 0, {}]
[{"0": [1, 4, 6, 1, 26, 23, 43, 30, 25, 26, 0, 3, 5, 0, 0, 1, 2]}, null, null, 129, false, [], false, 0, [], null, 0, 1744386136.031669, 0, {}]
[{"0": [2, 3, 4, 38, 38, 1, 3, 0, 2, 3, 1, 5, 3, 2, 1, 4, 3]}, null, null, 130, false, [], false, 0, [], null, 0, 1744386136.247043, 0, {}]
[{"0": [4, 3, 0, 2, 3, 0, 2, 3, 2, 3, 2, 3, 2, 3, 0, 1, 22]}, null, null, 130, false, [], false, 0, [], null, 0, 1744386136.4624178, 0, {}]
[{"0": [2, 4, 2, 1, 1, 4, 2, 3, 1, 3, 2, 1, 2, 2, 2, 4, 0]}, null, null, 131, false, [], false, 0, [], null, 0, 1744386136.6660233, 0, {}]
[{"0": [3, 3, 1, 1, 3, 2, 1, 1, 2, 2, 4, 0, 28, 29, 33, 31, 24]}, null, null, 131, false, [], false, 0, [], null, 0, 1744386136.8816726, 0, {}]
[{"0": [31, 30, 39, 23, 32, 40, 35, 13, 1, 3, 2, 3, 4, 4, 1, 2, 5]}, null, null, 132, false, [], false, 0, [], null, 0, 1744386137.0936792, 0, {}]
[{"0": [3, 1, 4, 0, 1, 0, 0, 2, 1, 0, 1, 3, 4, 36, 35, 1, 1]}, null, null, 133, false, [], false, 0, [], null, 0, 1744386137.3203776, 0, {}]
[{"0": [1, 1, 0, 3, 1, 5, 2, 3, 36, 1, 2, 3, 5, 2, 2, 4, 2]}, null, null, 133, false, [], false, 0, [], null, 0, 1744386137.5359466, 0, {}]
[{"0": [1, 1, 0, 6, 0, 3, 1, 2, 0, 2, 1, 0, 5, 3, 3, 1, 1]}, null, null, 134, false, [], false, 0, [], null, 0, 1744386137.7462683, 0, {}]
[{"0": [0, 3, 2, 2, 1, 0, 3, 0, 2, 31, 39, 28, 38, 26, 29, 28, 2]}, null, null, 134, false, [], false, 0, [], null, 0, 1744386137.9613311, 0, {}]
[{"0": [2, 2, 5, 1, 0, 2, 5, 3, 0, 1, 0, 3, 29, 2, 0, 3, 1]}, null, null, 135, false, [], false, 0, [], null, 0, 1744386138.1853876, 0, {}]
[{"0": [1, 2, 1, 5, 1, 0, 2, 1, 30, 28, 31, 34, 32, 33, 3, 1, 2]}, null, null, 136, false, [], false, 0, [], null, 0, 1744386138.4134557, 0, {}]
[{"0": [2, 3, 2, 2, 1, 5, 5, 35, 32, 4, 2, 0, 2, 3, 1, 0, 2]}, null, null, 136, false, [], false, 0, [], null, 0, 1744386138.6213672, 0, {}]
[{"0": [1, 3, 2, 3, 3, 2, 2, 1, 1, 2, 1, 3, 2, 2, 6, 1, 3]}, null, null, 137, false, [], false, 0, [], null, 0, 1744386138.8371627, 0, {}]
[{"0": [2, 3, 1, 3, 2, 1, 0, 2, 5, 2, 1, 1, 2, 4, 35, 27, 31]}, null, null, 137, false, [], false, 0, [], null, 0, 1744386139.0500371, 0, {}]
[{"0": [4, 2, 1, 2, 1, 34, 37, 40, 33, 3, 3, 0, 1, 4, 1, 2, 4]}, null, null, 138, false, [], false, 0, [], null, 0, 1744386139.2704709, 0, {}]
[{"0": [0, 0, 3, 1, 1, 8, 1, 1, 2, 3, 2, 2, 2, 2, 1, 2, 2]}, null, null, 139, false, [], false, 0, [], null, 0, 1744386139.4849243, 0, {}]
[{"0": [0, 0, 1, 4, 4, 1, 1, 4, 2, 2, 1, 1, 1, 30, 29, 39, 25]}, null, null, 139, false, [], false, 0, [], null, 0, 1744386139.7049923, 0, {}]
[{"0": [2, 3, 3, 1, 3, 4, 2, 4, 4, 2, 3, 0, 27, 33, 29, 23, 32]}, null, null, 140, false, [], false, 0, [], null, 0, 1744386139.927489, 0, {}]
[{"0": [2, 6, 1, 2, 2, 4, 2, 1, 1, 2, 2, 1, 1, 0, 0, 3, 30]}, null, null, 140, false, [], false, 0, [], null, 0, 1744386140.1431193, 0, {}]
[{"0": [1, 3, 2, 2, 1, 2, 2, 2, 1, 0, 3, 3, 33, 31, 36, 43, 26]}, null, null, 141, false, [], false, 0, [], null, 0, 1744386140.3618948, 0, {}]
[{"0": [1, 2, 1, 1, 2, 30, 40, 37, 3, 2, 0, 1, 0, 1, 3, 4, 3]}, null, null, 142, false, [], false, 0, [], null, 0, 1744386140.5650663, 0, {}]
[{"0": [0, 1, 3, 3, 3, 0, 1, 2, 1, 27, 31, 32, 5, 3, 3, 4, 6]}, null, null, 142, false, [], false, 0, [], null, 0, 1744386140.7792206, 0, {}]
[{"0": [0, 2, 0, 2, 1, 4, 1, 1, 1, 2, 2, 3, 1, 2, 0, 44, 24]}, null, null, 143, false, [], false, 0, [], null, 0, 1744386140.9939616, 0, {}]
[{"0": [0, 3, 1, 33, 3, 3, 0, 2, 1, 0, 2, 3, 2, 2, 2, 2, 2]}, null, null, 143, false, [], false, 0, [], null, 0, 1744386141.2220674, 0, {}]
[{"0": [26, 35, 28, 34, 29, 30, 34, 35, 41, 29, 28, 38, 3, 1, 2, 2, 1]}, null, null, 144, false, [], false, 0, [], null, 0, 1744386141.4441721, 0, {}]
[{"0": [1, 1, 0, 2, 2, 1, 2, 3, 2, 1, 2, 3, 4, 2, 2, 4, 25]}, null, null, 145, false, [], false, 0, [], null, 0, 1744386141.6575494, 0, {}]
[{"0": [3, 0, 1, 2, 4, 4, 2, 0, 1, 4, 37, 23, 31, 29, 22, 24, 1]}, null, null, 145, false, [], false, 0, [], null, 0, 1744386141.8770893, 0, {}]
[{"0": [2, 3, 3, 1, 3, 4, 1, 3, 3, 1, 0, 23, 1, 4, 1, 3, 3]}, null, null, 146, false, [], false, 0, [], null, 0, 1744386142.0823529, 0, {}]
[{"0": [4, 0, 0, 2, 0, 2, 3, 43, 33, 30, 34, 30, 24, 29, 33, 35, 29]}, null, null, 146, false, [], false, 0, [], null, 0, 1744386142.29766, 0, {}]
[{"0": [2, 2, 2, 1, 5, 2, 1, 2, 3, 1, 28, 27, 35, 28, 26, 30, 30]}, null, null, 147, false, [], false, 0, [], null, 0, 1744386142.5189195, 0, {}]
[{"0": [8, 2, 4, 0, 2, 1, 5, 2, 1, 0, 3, 4, 4, 2, 2, 3, 2]}, null, null, 148, false, [], false, 0, [], null, 0, 1744386142.7394323, 0, {}]
[{"0": [4, 2, 2, 22, 42, 0, 2, 2, 1, 1, 3, 0, 2, 3, 1, 0, 2]}, null, null, 148, false, [], false, 0, [], null, 0, 1744386142.9664152, 0, {}]
[{"0": [20, 23, 1, 3, 2, 4, 1, 2, 4, 1, 3, 2, 4, 2, 1, 2, 2]}, null, null, 149, false, [], false, 0, [], null, 0, 1744386143.168552, 0, {}]
[{"0": [33, 26, 2, 1, 3, 1, 0, 2, 2, 3, 4, 0, 2, 1, 3, 3, 1]}, null, null, 149, false, [], false, 0, [], null, 0, 1744386143.3884265, 0, {}]
[{"0": [1, 3, 0, 2, 4, 3, 0, 25, 1, 2, 0, 1, 1, 2, 7, 2, 0]}, null, null, 150, true, [], false, 0, [], null, 0, 1744386143.6076703, 0, {}]
