[{"0": [0, 1, 3, 1, 1, 6, 2, 0, 1, 5, 1, 0, 3, 2, 1, 4, 0]}, null, null, 0, false, [], false, 0, [], null, 0, 1744374511.5205402, 0, {}]
[{"0": [1, 5, 1, 2, 0, 3, 0, 21, 19, 0, 1, 0, 3, 2, 2, 0, 1]}, null, null, 1, false, [], false, 0, [], null, 0, 1744374511.7587204, 0, {}]
[{"0": [3, 0, 1, 0, 40, 27, 42, 1, 0, 1, 3, 0, 2, 0, 3, 1, 0]}, null, null, 1, false, [], false, 0, [], null, 0, 1744374511.969051, 0, {}]
[{"0": [1, 2, 21, 29, 28, 31, 30, 29, 1, 3, 3, 3, 2, 4, 2, 2, 0]}, null, null, 2, false, [], false, 0, [], null, 0, 1744374512.1838083, 0, {}]
[{"0": [2, 2, 1, 0, 0, 3, 28, 3, 1, 1, 0, 2, 5, 1, 2, 3, 2]}, null, null, 2, false, [], false, 0, [], null, 0, 1744374512.3915029, 0, {}]
[{"0": [1, 25, 18, 28, 25, 23, 29, 21, 24, 3, 1, 1, 3, 2, 1, 0, 0]}, null, null, 3, false, [], false, 0, [], null, 0, 1744374512.6184902, 0, {}]
[{"0": [1, 2, 2, 1, 0, 0, 6, 2, 19, 30, 29, 25, 1, 2, 2, 3, 2]}, null, null, 4, false, [], false, 0, [], null, 0, 1744374512.8335252, 0, {}]
[{"0": [2, 24, 0, 0, 3, 2, 1, 2, 4, 3, 0, 3, 0, 1, 3, 4, 3]}, null, null, 4, false, [], false, 0, [], null, 0, 1744374513.050729, 0, {}]
[{"0": [0, 0, 36, 27, 4, 4, 0, 1, 1, 1, 3, 3, 3, 1, 1, 4, 2]}, null, null, 5, false, [], false, 0, [], null, 0, 1744374513.268337, 0, {}]
[{"0": [29, 27, 15, 3, 2, 2, 2, 2, 0, 1, 1, 1, 1, 2, 3, 2, 3]}, null, null, 5, false, [], false, 0, [], null, 0, 1744374513.4973836, 0, {}]
[{"0": [1, 0, 2, 3, 0, 2, 1, 2, 3, 0, 2, 1, 32, 37, 29, 22, 3]}, null, null, 6, false, [], false, 0, [], null, 0, 1744374513.6966832, 0, {}]
[{"0": [2, 0, 2, 1, 1, 1, 1, 34, 23, 21, 40, 2, 1, 3, 1, 1, 0]}, null, null, 7, false, [], false, 0, [], null, 0, 1744374513.9182756, 0, {}]
[{"0": [1, 2, 2, 2, 0, 1, 22, 17, 1, 3, 1, 0, 0, 0, 0, 2, 2]}, null, null, 7, false, [], false, 0, [], null, 0, 1744374514.1298807, 0, {}]
[{"0": [1, 37, 24, 1, 2, 2, 2, 0, 1, 2, 3, 2, 2, 1, 3, 2, 0]}, null, null, 8, false, [], false, 0, [], null, 0, 1744374514.3471758, 0, {}]
[{"0": [1, 3, 1, 1, 1, 0, 35, 26, 5, 2, 2, 2, 0, 4, 1, 1, 1]}, null, null, 8, false, [], false, 0, [], null, 0, 1744374514.5671978, 0, {}]
[{"0": [2, 2, 1, 1, 0, 1, 2, 33, 27, 26, 33, 18, 33, 36, 20, 39, 26]}, null, null, 9, false, [], false, 0, [], null, 0, 1744374514.7796707, 0, {}]
[{"0": [2, 5, 3, 2, 2, 3, 1, 1, 0, 2, 1, 3, 21, 24, 31, 31, 33]}, null, null, 10, false, [], false, 0, [], null, 0, 1744374515.0010793, 0, {}]
[{"0": [2, 4, 4, 0, 5, 0, 3, 2, 3, 2, 26, 24, 32, 33, 4, 1, 1]}, null, null, 10, false, [], false, 0, [], null, 0, 1744374515.2239401, 0, {}]
[{"0": [0, 2, 2, 0, 6, 0, 0, 1, 2, 0, 1, 2, 2, 2, 1, 1, 3]}, null, null, 11, false, [], false, 0, [], null, 0, 1744374515.4279861, 0, {}]
[{"0": [3, 23, 32, 27, 23, 33, 4, 1, 4, 4, 1, 1, 1, 3, 0, 0, 1]}, null, null, 11, false, [], false, 0, [], null, 0, 1744374515.6452568, 0, {}]
[{"0": [1, 3, 2, 0, 0, 1, 31, 1, 1, 0, 3, 0, 1, 1, 0, 1, 2]}, null, null, 12, false, [], false, 0, [], null, 0, 1744374515.8779721, 0, {}]
[{"0": [0, 2, 1, 1, 2, 2, 21, 26, 21, 33, 28, 32, 5, 1, 5, 1, 3]}, null, null, 13, false, [], false, 0, [], null, 0, 1744374516.078249, 0, {}]
[{"0": [3, 4, 2, 1, 3, 2, 2, 25, 21, 21, 32, 45, 33, 29, 26, 29, 30]}, null, null, 13, false, [], false, 0, [], null, 0, 1744374516.2972631, 0, {}]
[{"0": [1, 2, 2, 1, 1, 2, 2, 0, 5, 2, 31, 24, 12, 22, 27, 24, 3]}, null, null, 14, false, [], false, 0, [], null, 0, 1744374516.5121474, 0, {}]
[{"0": [5, 24, 34, 2, 0, 1, 2, 3, 1, 1, 4, 1, 5, 2, 3, 3, 2]}, null, null, 14, false, [], false, 0, [], null, 0, 1744374516.7396142, 0, {}]
[{"0": [3, 31, 1, 5, 3, 1, 1, 1, 3, 0, 1, 0, 0, 0, 2, 2, 1]}, null, null, 15, false, [], false, 0, [], null, 0, 1744374516.9424026, 0, {}]
[{"0": [2, 1, 2, 3, 24, 26, 25, 26, 26, 2, 1, 4, 3, 3, 1, 4, 3]}, null, null, 16, false, [], false, 0, [], null, 0, 1744374517.1735272, 0, {}]
[{"0": [4, 31, 29, 26, 19, 28, 23, 27, 27, 25, 28, 35, 38, 2, 1, 1, 0]}, null, null, 16, false, [], false, 0, [], null, 0, 1744374517.3847227, 0, {}]
[{"0": [1, 2, 4, 5, 1, 1, 3, 1, 3, 1, 1, 2, 0, 3, 0, 0, 1]}, null, null, 17, false, [], false, 0, [], null, 0, 1744374517.600074, 0, {}]
[{"0": [1, 22, 2, 1, 2, 0, 2, 3, 1, 3, 1, 3, 1, 2, 3, 3, 1]}, null, null, 17, false, [], false, 0, [], null, 0, 1744374517.814909, 0, {}]
[{"0": [1, 2, 0, 2, 2, 1, 2, 2, 2, 3, 2, 2, 1, 1, 2, 4, 2]}, null, null, 18, false, [], false, 0, [], null, 0, 1744374518.0410154, 0, {}]
[{"0": [1, 1, 2, 0, 0, 1, 3, 0, 1, 3, 1, 22, 28, 18, 28, 28, 23]}, null, null, 19, false, [], false, 0, [], null, 0, 1744374518.2525325, 0, {}]
[{"0": [1, 43, 2, 4, 0, 2, 0, 1, 2, 3, 3, 1, 0, 5, 0, 1, 7]}, null, null, 19, false, [], false, 0, [], null, 0, 1744374518.4671733, 0, {}]
[{"0": [2, 1, 3, 1, 3, 4, 28, 25, 30, 30, 35, 1, 1, 3, 0, 4, 4]}, null, null, 20, false, [], false, 0, [], null, 0, 1744374518.6851704, 0, {}]
[{"0": [3, 2, 2, 1, 2, 1, 31, 26, 0, 1, 0, 3, 0, 2, 4, 0, 0]}, null, null, 20, false, [], false, 0, [], null, 0, 1744374518.9005923, 0, {}]
[{"0": [4, 1, 3, 4, 0, 1, 2, 1, 2, 2, 24, 3, 3, 3, 2, 3, 2]}, null, null, 21, false, [], false, 0, [], null, 0, 1744374519.1315887, 0, {}]
[{"0": [3, 28, 21, 33, 3, 2, 2, 2, 2, 2, 1, 1, 1, 1, 1, 2, 0]}, null, null, 22, false, [], false, 0, [], null, 0, 1744374519.3376114, 0, {}]
[{"0": [1, 1, 1, 3, 1, 2, 3, 23, 1, 3, 3, 0, 3, 4, 2, 2, 0]}, null, null, 22, false, [], false, 0, [], null, 0, 1744374519.5568147, 0, {}]
[{"0": [1, 0, 4, 1, 0, 3, 2, 3, 1, 1, 4, 6, 23, 28, 32, 30, 1]}, null, null, 23, false, [], false, 0, [], null, 0, 1744374519.7600718, 0, {}]
[{"0": [2, 1, 1, 1, 30, 43, 25, 30, 1, 3, 2, 5, 0, 2, 3, 0, 3]}, null, null, 23, false, [], false, 0, [], null, 0, 1744374519.99211, 0, {}]
[{"0": [5, 1, 1, 1, 6, 1, 1, 0, 2, 3, 3, 0, 23, 30, 21, 1, 2]}, null, null, 24, false, [], false, 0, [], null, 0, 1744374520.2039053, 0, {}]
[{"0": [2, 38, 20, 35, 25, 29, 28, 23, 19, 25, 19, 23, 32, 22, 28, 28, 3]}, null, null, 25, false, [], false, 0, [], null, 0, 1744374520.41458, 0, {}]
[{"0": [0, 2, 1, 3, 0, 2, 1, 0, 1, 1, 5, 4, 2, 1, 1, 3, 2]}, null, null, 25, false, [], false, 0, [], null, 0, 1744374520.6340332, 0, {}]
[{"0": [2, 22, 1, 2, 6, 1, 1, 3, 0, 1, 2, 1, 2, 3, 0, 0, 1]}, null, null, 26, false, [], false, 0, [], null, 0, 1744374520.856654, 0, {}]
[{"0": [2, 1, 1, 1, 3, 2, 1, 1, 2, 3, 0, 1, 0, 0, 0, 7, 0]}, null, null, 27, false, [], false, 0, [], null, 0, 1744374521.068923, 0, {}]
[{"0": [2, 2, 34, 25, 3, 1, 4, 1, 1, 0, 4, 1, 0, 1, 1, 4, 2]}, null, null, 27, false, [], false, 0, [], null, 0, 1744374521.283845, 0, {}]
[{"0": [0, 30, 24, 2, 2, 1, 1, 2, 1, 0, 1, 3, 3, 0, 0, 1, 3]}, null, null, 28, false, [], false, 0, [], null, 0, 1744374521.4971962, 0, {}]
[{"0": [1, 20, 37, 0, 0, 3, 3, 1, 3, 3, 5, 0, 3, 3, 2, 2, 2]}, null, null, 28, false, [], false, 0, [], null, 0, 1744374521.718324, 0, {}]
[{"0": [3, 4, 2, 2, 0, 2, 1, 4, 1, 2, 2, 4, 3, 4, 3, 0, 1]}, null, null, 29, false, [], false, 0, [], null, 0, 1744374521.9338508, 0, {}]
[{"0": [4, 23, 4, 3, 0, 5, 0, 3, 2, 1, 4, 2, 0, 2, 3, 1, 0]}, null, null, 30, false, [], false, 0, [], null, 0, 1744374522.1717894, 0, {}]
[{"0": [0, 4, 2, 1, 4, 4, 3, 33, 27, 25, 14, 26, 21, 28, 27, 25, 23]}, null, null, 30, false, [], false, 0, [], null, 0, 1744374522.3757524, 0, {}]
[{"0": [2, 1, 2, 3, 0, 3, 2, 0, 1, 1, 0, 1, 0, 1, 1, 1, 2]}, null, null, 31, false, [], false, 0, [], null, 0, 1744374522.5861585, 0, {}]
[{"0": [1, 2, 2, 2, 3, 1, 40, 26, 19, 35, 42, 28, 28, 30, 29, 31, 31]}, null, null, 31, false, [], false, 0, [], null, 0, 1744374522.8120835, 0, {}]
[{"0": [2, 24, 21, 28, 32, 1, 1, 3, 1, 2, 3, 2, 0, 4, 2, 0, 2]}, null, null, 32, false, [], false, 0, [], null, 0, 1744374523.0268939, 0, {}]
[{"0": [2, 29, 31, 33, 1, 2, 2, 4, 2, 2, 2, 1, 0, 4, 0, 1, 3]}, null, null, 33, false, [], false, 0, [], null, 0, 1744374523.2359579, 0, {}]
[{"0": [4, 2, 2, 1, 3, 2, 34, 30, 5, 2, 1, 5, 1, 3, 0, 3, 3]}, null, null, 33, false, [], false, 0, [], null, 0, 1744374523.4555428, 0, {}]
[{"0": [1, 26, 36, 30, 24, 32, 34, 20, 32, 16, 30, 28, 1, 0, 3, 2, 6]}, null, null, 34, false, [], false, 0, [], null, 0, 1744374523.6627727, 0, {}]
[{"0": [1, 2, 4, 2, 4, 0, 1, 1, 2, 1, 1, 3, 1, 0, 2, 2, 4]}, null, null, 34, false, [], false, 0, [], null, 0, 1744374523.8935359, 0, {}]
[{"0": [1, 22, 29, 18, 3, 0, 3, 2, 2, 1, 1, 1, 2, 1, 1, 2, 1]}, null, null, 35, false, [], false, 0, [], null, 0, 1744374524.1136916, 0, {}]
[{"0": [0, 4, 0, 0, 2, 0, 19, 3, 2, 1, 2, 1, 3, 2, 2, 1, 1]}, null, null, 36, false, [], false, 0, [], null, 0, 1744374524.3176024, 0, {}]
[{"0": [0, 34, 30, 1, 2, 2, 0, 4, 1, 0, 1, 1, 25, 3, 1, 2, 0]}, null, null, 36, false, [], false, 0, [], null, 0, 1744374524.5451646, 0, {}]
[{"0": [4, 0, 0, 4, 1, 3, 4, 1, 2, 4, 26, 24, 29, 2, 6, 0, 3]}, null, null, 37, false, [], false, 0, [], null, 0, 1744374524.7521577, 0, {}]
[{"0": [2, 16, 0, 2, 1, 2, 0, 4, 3, 3, 2, 0, 2, 0, 0, 3, 3]}, null, null, 37, false, [], false, 0, [], null, 0, 1744374524.966566, 0, {}]
[{"0": [1, 31, 27, 20, 24, 31, 25, 2, 0, 3, 3, 4, 1, 1, 2, 1, 1]}, null, null, 38, false, [], false, 0, [], null, 0, 1744374525.186798, 0, {}]
[{"0": [3, 29, 27, 35, 32, 1, 1, 1, 0, 2, 1, 1, 1, 2, 1, 4, 1]}, null, null, 39, false, [], false, 0, [], null, 0, 1744374525.4148178, 0, {}]
[{"0": [2, 26, 3, 0, 2, 0, 0, 4, 1, 2, 2, 1, 3, 3, 0, 3, 4]}, null, null, 39, false, [], false, 0, [], null, 0, 1744374525.6220255, 0, {}]
[{"0": [33, 31, 1, 2, 3, 1, 0, 1, 1, 2, 1, 0, 1, 3, 2, 2, 4]}, null, null, 40, false, [], false, 0, [], null, 0, 1744374525.8460772, 0, {}]
[{"0": [27, 23, 3, 0, 1, 2, 1, 0, 0, 1, 4, 5, 1, 0, 2, 3, 0]}, null, null, 40, false, [], false, 0, [], null, 0, 1744374526.0406718, 0, {}]
[{"0": [2, 2, 23, 27, 21, 30, 3, 3, 0, 2, 0, 1, 3, 1, 1, 2, 2]}, null, null, 41, false, [], false, 0, [], null, 0, 1744374526.2598941, 0, {}]
[{"0": [1, 3, 17, 25, 25, 34, 35, 24, 25, 22, 2, 1, 2, 2, 1, 1, 6]}, null, null, 42, false, [], false, 0, [], null, 0, 1744374526.4902296, 0, {}]
[{"0": [0, 20, 1, 2, 2, 3, 1, 1, 0, 1, 1, 2, 1, 1, 2, 2, 1]}, null, null, 42, false, [], false, 0, [], null, 0, 1744374526.707171, 0, {}]
[{"0": [4, 24, 0, 1, 3, 3, 1, 0, 0, 0, 3, 5, 3, 1, 4, 0, 1]}, null, null, 43, false, [], false, 0, [], null, 0, 1744374526.9200554, 0, {}]
[{"0": [33, 37, 26, 2, 1, 4, 0, 3, 2, 2, 0, 3, 1, 0, 3, 0, 1]}, null, null, 43, false, [], false, 0, [], null, 0, 1744374527.138634, 0, {}]
[{"0": [4, 21, 1, 1, 2, 0, 0, 1, 1, 1, 2, 2, 3, 4, 2, 3, 1]}, null, null, 44, false, [], false, 0, [], null, 0, 1744374527.3439028, 0, {}]
[{"0": [0, 4, 1, 0, 23, 4, 2, 1, 2, 1, 5, 3, 0, 3, 1, 4, 2]}, null, null, 45, false, [], false, 0, [], null, 0, 1744374527.5692017, 0, {}]
[{"0": [3, 37, 31, 25, 3, 2, 2, 2, 3, 1, 1, 1, 1, 2, 2, 3, 2]}, null, null, 45, false, [], false, 0, [], null, 0, 1744374527.7793229, 0, {}]
[{"0": [6, 25, 30, 26, 25, 23, 27, 27, 21, 4, 3, 1, 1, 1, 0, 1, 2]}, null, null, 46, false, [], false, 0, [], null, 0, 1744374528.010376, 0, {}]
[{"0": [3, 0, 1, 4, 1, 5, 3, 0, 0, 2, 2, 1, 26, 25, 33, 31, 39]}, null, null, 46, false, [], false, 0, [], null, 0, 1744374528.2235723, 0, {}]
[{"0": [0, 18, 38, 29, 30, 34, 32, 2, 2, 4, 1, 1, 1, 1, 3, 5, 0]}, null, null, 47, false, [], false, 0, [], null, 0, 1744374528.4288437, 0, {}]
[{"0": [2, 27, 27, 34, 35, 27, 34, 14, 1, 2, 1, 1, 2, 0, 1, 3, 2]}, null, null, 48, false, [], false, 0, [], null, 0, 1744374528.6424365, 0, {}]
[{"0": [1, 27, 21, 25, 1, 2, 2, 2, 2, 1, 2, 3, 3, 2, 3, 1, 2]}, null, null, 48, false, [], false, 0, [], null, 0, 1744374528.8660645, 0, {}]
[{"0": [2, 27, 25, 26, 37, 25, 22, 28, 30, 29, 28, 27, 4, 5, 5, 2, 1]}, null, null, 49, false, [], false, 0, [], null, 0, 1744374529.074257, 0, {}]
[{"0": [1, 3, 3, 2, 22, 30, 20, 29, 23, 32, 38, 4, 1, 1, 1, 1, 0]}, null, null, 49, false, [], false, 0, [], null, 0, 1744374529.300321, 0, {}]
[{"0": [1, 1, 1, 3, 1, 0, 1, 0, 2, 0, 3, 1, 3, 1, 1, 29, 1]}, null, null, 50, false, [], false, 0, [], null, 0, 1744374529.5273669, 0, {}]
[{"0": [0, 1, 1, 1, 5, 36, 22, 2, 2, 3, 4, 2, 5, 4, 2, 0, 3]}, null, null, 51, false, [], false, 0, [], null, 0, 1744374529.7287364, 0, {}]
[{"0": [1, 19, 1, 4, 4, 1, 2, 3, 0, 0, 1, 3, 5, 0, 2, 3, 1]}, null, null, 51, false, [], false, 0, [], null, 0, 1744374529.9443955, 0, {}]
[{"0": [0, 1, 4, 3, 4, 0, 2, 3, 1, 1, 1, 2, 3, 24, 33, 3, 2]}, null, null, 52, false, [], false, 0, [], null, 0, 1744374530.180838, 0, {}]
[{"0": [0, 31, 1, 1, 1, 3, 1, 0, 0, 3, 6, 4, 2, 3, 2, 3, 0]}, null, null, 52, false, [], false, 0, [], null, 0, 1744374530.3840232, 0, {}]
[{"0": [4, 2, 5, 5, 5, 2, 0, 24, 29, 30, 1, 0, 3, 1, 2, 1, 0]}, null, null, 53, false, [], false, 0, [], null, 0, 1744374530.5945313, 0, {}]
[{"0": [0, 26, 30, 28, 1, 3, 1, 0, 1, 3, 1, 1, 3, 1, 1, 3, 1]}, null, null, 54, false, [], false, 0, [], null, 0, 1744374530.8148415, 0, {}]
[{"0": [3, 30, 21, 2, 3, 4, 2, 3, 1, 1, 4, 4, 0, 1, 1, 2, 1]}, null, null, 54, false, [], false, 0, [], null, 0, 1744374531.0283306, 0, {}]
[{"0": [1, 27, 15, 26, 2, 1, 0, 2, 2, 2, 2, 0, 3, 0, 0, 2, 0]}, null, null, 55, false, [], false, 0, [], null, 0, 1744374531.2423227, 0, {}]
[{"0": [19, 24, 28, 28, 33, 5, 4, 1, 3, 2, 5, 1, 1, 1, 2, 1, 6]}, null, null, 55, false, [], false, 0, [], null, 0, 1744374531.4738326, 0, {}]
[{"0": [1, 2, 0, 1, 2, 1, 1, 2, 3, 2, 2, 5, 3, 2, 3, 2, 0]}, null, null, 56, false, [], false, 0, [], null, 0, 1744374531.692679, 0, {}]
[{"0": [2, 2, 2, 1, 0, 1, 1, 27, 32, 34, 3, 0, 2, 2, 1, 5, 2]}, null, null, 57, false, [], false, 0, [], null, 0, 1744374531.895595, 0, {}]
[{"0": [0, 29, 17, 33, 26, 24, 4, 1, 3, 1, 5, 1, 7, 3, 1, 2, 1]}, null, null, 57, false, [], false, 0, [], null, 0, 1744374532.1242201, 0, {}]
[{"0": [25, 22, 0, 1, 2, 2, 1, 4, 1, 2, 3, 3, 3, 1, 2, 2, 2]}, null, null, 58, false, [], false, 0, [], null, 0, 1744374532.3306417, 0, {}]
[{"0": [1, 19, 27, 24, 31, 1, 1, 0, 2, 4, 3, 2, 1, 0, 6, 1, 1]}, null, null, 58, false, [], false, 0, [], null, 0, 1744374532.5611718, 0, {}]
[{"0": [1, 1, 3, 3, 24, 29, 23, 34, 26, 25, 28, 27, 2, 2, 0, 2, 0]}, null, null, 59, false, [], false, 0, [], null, 0, 1744374532.7607193, 0, {}]
[{"0": [0, 0, 2, 3, 1, 5, 0, 1, 2, 3, 0, 2, 1, 0, 0, 3, 0]}, null, null, 60, false, [], false, 0, [], null, 0, 1744374532.9740913, 0, {}]
[{"0": [1, 23, 20, 20, 2, 0, 2, 4, 1, 0, 1, 2, 2, 1, 1, 1, 2]}, null, null, 60, false, [], false, 0, [], null, 0, 1744374533.2017841, 0, {}]
[{"0": [0, 35, 23, 3, 1, 2, 0, 3, 2, 1, 3, 3, 2, 2, 0, 2, 3]}, null, null, 61, false, [], false, 0, [], null, 0, 1744374533.4140716, 0, {}]
[{"0": [1, 30, 28, 30, 26, 21, 2, 1, 2, 1, 2, 3, 2, 4, 2, 2, 2]}, null, null, 61, false, [], false, 0, [], null, 0, 1744374533.6410577, 0, {}]
[{"0": [0, 24, 34, 20, 20, 1, 3, 1, 1, 0, 1, 2, 4, 4, 2, 1, 2]}, null, null, 62, false, [], false, 0, [], null, 0, 1744374533.8632617, 0, {}]
[{"0": [34, 32, 0, 4, 6, 0, 5, 3, 0, 0, 2, 1, 1, 1, 3, 4, 2]}, null, null, 63, false, [], false, 0, [], null, 0, 1744374534.0753458, 0, {}]
[{"0": [1, 1, 1, 1, 0, 4, 2, 0, 1, 4, 22, 3, 1, 0, 4, 2, 1]}, null, null, 63, false, [], false, 0, [], null, 0, 1744374534.2929056, 0, {}]
[{"0": [22, 31, 33, 21, 19, 19, 17, 24, 35, 30, 1, 0, 2, 0, 4, 1, 0]}, null, null, 64, false, [], false, 0, [], null, 0, 1744374534.5128367, 0, {}]
[{"0": [0, 26, 1, 1, 1, 2, 2, 2, 0, 1, 1, 1, 0, 3, 0, 0, 1]}, null, null, 64, false, [], false, 0, [], null, 0, 1744374534.7227178, 0, {}]
[{"0": [1, 0, 2, 2, 1, 1, 2, 0, 8, 1, 0, 33, 27, 32, 28, 34, 25]}, null, null, 65, false, [], false, 0, [], null, 0, 1744374534.9380956, 0, {}]
[{"0": [2, 21, 3, 2, 3, 1, 3, 1, 6, 1, 2, 3, 2, 0, 3, 5, 1]}, null, null, 66, false, [], false, 0, [], null, 0, 1744374535.1614048, 0, {}]
[{"0": [0, 1, 3, 1, 1, 4, 3, 1, 1, 0, 1, 2, 29, 19, 34, 1, 2]}, null, null, 66, false, [], false, 0, [], null, 0, 1744374535.3744867, 0, {}]
[{"0": [2, 26, 0, 6, 1, 4, 4, 1, 4, 1, 2, 2, 0, 1, 1, 2, 0]}, null, null, 67, false, [], false, 0, [], null, 0, 1744374535.5779204, 0, {}]
[{"0": [1, 1, 2, 1, 1, 1, 0, 3, 1, 1, 1, 4, 1, 1, 2, 2, 2]}, null, null, 67, false, [], false, 0, [], null, 0, 1744374535.8019004, 0, {}]
[{"0": [1, 3, 3, 3, 1, 3, 2, 3, 4, 0, 2, 4, 1, 0, 1, 1, 0]}, null, null, 68, false, [], false, 0, [], null, 0, 1744374536.0094795, 0, {}]
[{"0": [1, 2, 5, 4, 3, 1, 2, 0, 3, 4, 2, 1, 25, 0, 4, 1, 3]}, null, null, 69, false, [], false, 0, [], null, 0, 1744374536.2366116, 0, {}]
[{"0": [4, 25, 1, 2, 3, 0, 3, 1, 0, 1, 2, 1, 0, 0, 2, 4, 1]}, null, null, 69, false, [], false, 0, [], null, 0, 1744374536.4519236, 0, {}]
[{"0": [36, 26, 31, 29, 31, 25, 2, 2, 1, 0, 1, 3, 1, 0, 1, 4, 2]}, null, null, 70, false, [], false, 0, [], null, 0, 1744374536.667735, 0, {}]
[{"0": [1, 4, 0, 1, 27, 24, 4, 3, 1, 1, 1, 0, 2, 2, 5, 0, 1]}, null, null, 70, false, [], false, 0, [], null, 0, 1744374536.8794608, 0, {}]
[{"0": [0, 25, 5, 3, 3, 1, 2, 0, 4, 1, 0, 3, 2, 2, 0, 0, 2]}, null, null, 71, false, [], false, 0, [], null, 0, 1744374537.1108758, 0, {}]
[{"0": [1, 26, 0, 0, 0, 7, 37, 24, 2, 2, 0, 4, 3, 3, 1, 3, 2]}, null, null, 72, false, [], false, 0, [], null, 0, 1744374537.322893, 0, {}]
[{"0": [0, 28, 37, 2, 5, 6, 3, 0, 0, 2, 1, 2, 3, 0, 0, 0, 1]}, null, null, 72, false, [], false, 0, [], null, 0, 1744374537.5431156, 0, {}]
[{"0": [3, 2, 5, 2, 5, 1, 0, 2, 3, 1, 2, 1, 35, 1, 1, 2, 3]}, null, null, 73, false, [], false, 0, [], null, 0, 1744374537.7455018, 0, {}]
[{"0": [1, 0, 3, 0, 3, 2, 1, 4, 1, 0, 35, 1, 0, 2, 2, 1, 3]}, null, null, 73, false, [], false, 0, [], null, 0, 1744374537.961215, 0, {}]
[{"0": [1, 25, 29, 24, 31, 30, 25, 23, 2, 2, 1, 1, 3, 1, 3, 3, 0]}, null, null, 74, false, [], false, 0, [], null, 0, 1744374538.177632, 0, {}]
[{"0": [4, 18, 2, 4, 0, 2, 2, 1, 1, 0, 1, 1, 3, 2, 2, 3, 5]}, null, null, 75, false, [], false, 0, [], null, 0, 1744374538.3935366, 0, {}]
[{"0": [2, 25, 0, 1, 1, 3, 2, 2, 2, 1, 3, 3, 4, 2, 2, 0, 2]}, null, null, 75, false, [], false, 0, [], null, 0, 1744374538.6058633, 0, {}]
[{"0": [0, 24, 24, 26, 23, 27, 30, 29, 27, 26, 30, 31, 35, 23, 26, 21, 1]}, null, null, 76, false, [], false, 0, [], null, 0, 1744374538.8316507, 0, {}]
[{"0": [19, 36, 28, 25, 28, 1, 1, 2, 0, 1, 0, 2, 0, 3, 0, 4, 3]}, null, null, 77, false, [], false, 0, [], null, 0, 1744374539.0492764, 0, {}]
[{"0": [2, 28, 29, 28, 3, 0, 2, 2, 0, 3, 1, 5, 0, 1, 1, 2, 0]}, null, null, 77, false, [], false, 0, [], null, 0, 1744374539.259987, 0, {}]
[{"0": [2, 0, 4, 3, 3, 2, 4, 5, 1, 0, 0, 3, 1, 1, 0, 2, 1]}, null, null, 78, false, [], false, 0, [], null, 0, 1744374539.4886441, 0, {}]
[{"0": [1, 1, 6, 2, 2, 21, 21, 32, 3, 1, 1, 1, 1, 4, 0, 1, 5]}, null, null, 78, false, [], false, 0, [], null, 0, 1744374539.6989849, 0, {}]
[{"0": [2, 23, 34, 26, 3, 2, 1, 3, 4, 2, 4, 1, 2, 0, 0, 2, 1]}, null, null, 79, false, [], false, 0, [], null, 0, 1744374539.9182005, 0, {}]
[{"0": [1, 19, 26, 30, 20, 31, 19, 26, 2, 1, 2, 0, 0, 1, 1, 2, 2]}, null, null, 80, false, [], false, 0, [], null, 0, 1744374540.1355073, 0, {}]
[{"0": [1, 25, 27, 3, 2, 2, 0, 1, 2, 2, 1, 1, 3, 3, 2, 3, 3]}, null, null, 80, false, [], false, 0, [], null, 0, 1744374540.353356, 0, {}]
[{"0": [0, 1, 3, 0, 2, 1, 1, 3, 2, 30, 25, 32, 35, 2, 2, 2, 2]}, null, null, 81, false, [], false, 0, [], null, 0, 1744374540.5786095, 0, {}]
[{"0": [1, 34, 27, 0, 2, 2, 0, 3, 2, 3, 1, 2, 1, 0, 1, 1, 4]}, null, null, 81, false, [], false, 0, [], null, 0, 1744374540.7854576, 0, {}]
[{"0": [1, 4, 3, 1, 2, 2, 6, 4, 2, 1, 1, 1, 0, 2, 4, 1, 4]}, null, null, 82, false, [], false, 0, [], null, 0, 1744374540.9988077, 0, {}]
[{"0": [0, 5, 1, 1, 2, 3, 2, 2, 2, 1, 2, 1, 2, 28, 0, 3, 2]}, null, null, 83, false, [], false, 0, [], null, 0, 1744374541.22594, 0, {}]
[{"0": [2, 24, 0, 3, 1, 3, 3, 4, 1, 5, 1, 4, 0, 5, 0, 1, 3]}, null, null, 83, false, [], false, 0, [], null, 0, 1744374541.4301872, 0, {}]
[{"0": [4, 3, 1, 2, 1, 1, 1, 4, 0, 1, 28, 1, 4, 1, 2, 1, 0]}, null, null, 84, false, [], false, 0, [], null, 0, 1744374541.6567895, 0, {}]
[{"0": [3, 2, 3, 0, 2, 2, 2, 2, 3, 3, 1, 14, 29, 27, 27, 3, 1]}, null, null, 84, false, [], false, 0, [], null, 0, 1744374541.862282, 0, {}]
[{"0": [2, 1, 0, 0, 0, 1, 0, 0, 3, 2, 26, 5, 3, 1, 0, 1, 2]}, null, null, 85, false, [], false, 0, [], null, 0, 1744374542.0814874, 0, {}]
[{"0": [0, 29, 24, 40, 35, 26, 29, 27, 26, 24, 28, 4, 1, 2, 4, 1, 2]}, null, null, 86, false, [], false, 0, [], null, 0, 1744374542.3096576, 0, {}]
[{"0": [2, 21, 33, 28, 21, 13, 2, 2, 0, 0, 4, 4, 1, 2, 0, 3, 1]}, null, null, 86, false, [], false, 0, [], null, 0, 1744374542.5105455, 0, {}]
[{"0": [25, 19, 37, 27, 33, 25, 28, 24, 27, 21, 32, 37, 28, 25, 2, 2, 2]}, null, null, 87, false, [], false, 0, [], null, 0, 1744374542.7307613, 0, {}]
[{"0": [3, 18, 3, 4, 2, 3, 2, 3, 2, 2, 2, 2, 0, 0, 2, 2, 3]}, null, null, 87, false, [], false, 0, [], null, 0, 1744374542.95017, 0, {}]
[{"0": [1, 1, 2, 3, 0, 2, 1, 0, 2, 5, 26, 25, 26, 28, 38, 30, 18]}, null, null, 88, false, [], false, 0, [], null, 0, 1744374543.173468, 0, {}]
[{"0": [2, 3, 3, 1, 1, 2, 1, 2, 0, 4, 1, 2, 2, 2, 2, 28, 3]}, null, null, 89, false, [], false, 0, [], null, 0, 1744374543.390526, 0, {}]
[{"0": [3, 0, 2, 3, 1, 2, 8, 27, 22, 14, 22, 24, 29, 29, 24, 17, 2]}, null, null, 89, false, [], false, 0, [], null, 0, 1744374543.601715, 0, {}]
[{"0": [0, 27, 36, 27, 1, 3, 1, 2, 3, 2, 2, 1, 1, 1, 1, 3, 6]}, null, null, 90, false, [], false, 0, [], null, 0, 1744374543.805059, 0, {}]
[{"0": [1, 0, 2, 4, 2, 2, 2, 0, 0, 1, 1, 2, 1, 28, 30, 26, 37]}, null, null, 90, false, [], false, 0, [], null, 0, 1744374544.03301, 0, {}]
[{"0": [2, 1, 0, 3, 2, 4, 3, 1, 3, 1, 26, 23, 2, 4, 2, 1, 0]}, null, null, 91, false, [], false, 0, [], null, 0, 1744374544.251046, 0, {}]
[{"0": [3, 28, 18, 20, 2, 3, 1, 1, 1, 1, 1, 5, 1, 0, 1, 3, 2]}, null, null, 92, false, [], false, 0, [], null, 0, 1744374544.4605172, 0, {}]
[{"0": [1, 0, 0, 0, 6, 1, 26, 25, 1, 1, 2, 1, 1, 3, 0, 4, 2]}, null, null, 92, false, [], false, 0, [], null, 0, 1744374544.6764894, 0, {}]
[{"0": [3, 0, 1, 29, 30, 24, 25, 25, 21, 0, 1, 0, 0, 1, 0, 1, 5]}, null, null, 93, false, [], false, 0, [], null, 0, 1744374544.901017, 0, {}]
[{"0": [1, 29, 22, 25, 33, 22, 30, 1, 2, 2, 2, 2, 2, 2, 1, 2, 3]}, null, null, 93, false, [], false, 0, [], null, 0, 1744374545.1266499, 0, {}]
[{"0": [1, 2, 2, 2, 0, 3, 2, 0, 3, 1, 32, 35, 0, 0, 1, 1, 9]}, null, null, 94, false, [], false, 0, [], null, 0, 1744374545.3294907, 0, {}]
[{"0": [2, 3, 2, 0, 0, 1, 32, 2, 0, 1, 0, 2, 1, 2, 1, 2, 0]}, null, null, 95, false, [], false, 0, [], null, 0, 1744374545.5447037, 0, {}]
[{"0": [1, 2, 1, 2, 1, 0, 32, 0, 1, 1, 2, 2, 1, 1, 2, 2, 3]}, null, null, 95, false, [], false, 0, [], null, 0, 1744374545.7634196, 0, {}]
[{"0": [2, 0, 1, 4, 1, 2, 3, 2, 3, 0, 2, 1, 1, 2, 0, 25, 28]}, null, null, 96, false, [], false, 0, [], null, 0, 1744374545.978375, 0, {}]
[{"0": [2, 31, 36, 26, 20, 2, 1, 0, 2, 2, 1, 1, 0, 3, 2, 1, 0]}, null, null, 96, false, [], false, 0, [], null, 0, 1744374546.1988578, 0, {}]
[{"0": [2, 0, 2, 0, 1, 0, 1, 3, 0, 0, 2, 4, 30, 20, 25, 24, 0]}, null, null, 97, false, [], false, 0, [], null, 0, 1744374546.4255328, 0, {}]
[{"0": [0, 32, 3, 1, 3, 3, 4, 2, 0, 0, 1, 0, 2, 1, 0, 2, 1]}, null, null, 98, false, [], false, 0, [], null, 0, 1744374546.6313448, 0, {}]
[{"0": [2, 2, 0, 0, 1, 3, 1, 3, 30, 2, 5, 4, 2, 4, 5, 1, 1]}, null, null, 98, false, [], false, 0, [], null, 0, 1744374546.842307, 0, {}]
[{"0": [3, 28, 25, 32, 29, 29, 26, 30, 19, 22, 24, 4, 2, 2, 1, 2, 0]}, null, null, 99, false, [], false, 0, [], null, 0, 1744374547.0565853, 0, {}]
[{"0": [0, 4, 1, 2, 2, 2, 1, 1, 1, 2, 3, 4, 1, 3, 3, 2, 1]}, null, null, 99, false, [], false, 0, [], null, 0, 1744374547.275403, 0, {}]
[{"0": [1, 23, 3, 2, 4, 1, 4, 2, 0, 2, 2, 2, 2, 1, 1, 0, 7]}, null, null, 100, false, [], false, 0, [], null, 0, 1744374547.507189, 0, {}]
[{"0": [2, 0, 0, 2, 1, 0, 0, 25, 0, 3, 0, 3, 1, 1, 0, 2, 0]}, null, null, 101, false, [], false, 0, [], null, 0, 1744374547.7022197, 0, {}]
[{"0": [1, 33, 22, 25, 21, 27, 25, 26, 18, 30, 28, 31, 21, 4, 5, 1, 6]}, null, null, 101, false, [], false, 0, [], null, 0, 1744374547.939058, 0, {}]
[{"0": [1, 23, 22, 20, 27, 28, 23, 26, 26, 36, 18, 2, 3, 2, 1, 1, 0]}, null, null, 102, false, [], false, 0, [], null, 0, 1744374548.1424723, 0, {}]
[{"0": [1, 1, 1, 2, 0, 3, 2, 2, 0, 31, 1, 2, 1, 3, 3, 1, 6]}, null, null, 102, false, [], false, 0, [], null, 0, 1744374548.3590634, 0, {}]
[{"0": [2, 1, 4, 3, 4, 5, 1, 1, 0, 5, 1, 2, 1, 2, 2, 2, 3]}, null, null, 103, false, [], false, 0, [], null, 0, 1744374548.5764625, 0, {}]
[{"0": [1, 31, 1, 1, 1, 4, 2, 2, 4, 2, 3, 1, 0, 1, 2, 2, 2]}, null, null, 104, false, [], false, 0, [], null, 0, 1744374548.7883987, 0, {}]
[{"0": [2, 16, 39, 20, 19, 30, 1, 2, 2, 4, 1, 5, 3, 1, 0, 1, 2]}, null, null, 104, false, [], false, 0, [], null, 0, 1744374549.0166492, 0, {}]
[{"0": [2, 23, 30, 2, 3, 4, 0, 3, 1, 3, 2, 3, 3, 2, 2, 1, 1]}, null, null, 105, false, [], false, 0, [], null, 0, 1744374549.2206419, 0, {}]
[{"0": [2, 30, 0, 1, 1, 0, 0, 4, 0, 4, 1, 1, 1, 2, 2, 1, 2]}, null, null, 105, false, [], false, 0, [], null, 0, 1744374549.457066, 0, {}]
[{"0": [3, 32, 33, 37, 20, 21, 26, 23, 28, 0, 2, 3, 0, 1, 2, 3, 1]}, null, null, 106, false, [], false, 0, [], null, 0, 1744374549.6537306, 0, {}]
[{"0": [1, 2, 0, 0, 1, 0, 1, 22, 3, 0, 2, 1, 4, 3, 2, 2, 1]}, null, null, 107, false, [], false, 0, [], null, 0, 1744374549.875748, 0, {}]
[{"0": [3, 28, 3, 0, 0, 1, 1, 0, 4, 2, 3, 2, 2, 1, 5, 3, 0]}, null, null, 107, false, [], false, 0, [], null, 0, 1744374550.0949795, 0, {}]
[{"0": [1, 35, 37, 33, 27, 35, 27, 30, 27, 0, 1, 0, 2, 1, 0, 2, 2]}, null, null, 108, false, [], false, 0, [], null, 0, 1744374550.3065655, 0, {}]
[{"0": [31, 17, 23, 21, 15, 33, 24, 20, 33, 2, 1, 1, 2, 1, 3, 2, 2]}, null, null, 108, false, [], false, 0, [], null, 0, 1744374550.532402, 0, {}]
[{"0": [2, 3, 3, 3, 0, 2, 0, 1, 2, 3, 1, 1, 23, 19, 24, 2, 2]}, null, null, 109, false, [], false, 0, [], null, 0, 1744374550.738277, 0, {}]
[{"0": [2, 31, 2, 1, 1, 0, 0, 1, 3, 2, 2, 1, 0, 6, 1, 1, 1]}, null, null, 110, false, [], false, 0, [], null, 0, 1744374550.9722092, 0, {}]
[{"0": [0, 3, 0, 3, 0, 3, 1, 0, 2, 2, 0, 1, 1, 3, 1, 1, 0]}, null, null, 110, false, [], false, 0, [], null, 0, 1744374551.1786313, 0, {}]
[{"0": [3, 3, 2, 0, 0, 2, 3, 1, 3, 0, 2, 1, 38, 26, 27, 31, 1]}, null, null, 111, false, [], false, 0, [], null, 0, 1744374551.4017859, 0, {}]
[{"0": [1, 3, 6, 1, 2, 3, 2, 0, 0, 1, 33, 18, 30, 20, 33, 28, 16]}, null, null, 111, false, [], false, 0, [], null, 0, 1744374551.6192088, 0, {}]
[{"0": [1, 23, 24, 20, 21, 25, 23, 3, 1, 2, 5, 1, 1, 2, 2, 3, 4]}, null, null, 112, false, [], false, 0, [], null, 0, 1744374551.8327127, 0, {}]
[{"0": [2, 23, 30, 1, 2, 5, 1, 1, 0, 1, 6, 1, 3, 2, 0, 4, 1]}, null, null, 113, false, [], false, 0, [], null, 0, 1744374552.0508354, 0, {}]
[{"0": [1, 29, 1, 1, 0, 0, 2, 1, 1, 2, 0, 4, 2, 2, 3, 1, 2]}, null, null, 113, false, [], false, 0, [], null, 0, 1744374552.2580223, 0, {}]
[{"0": [1, 25, 22, 26, 28, 34, 24, 23, 30, 1, 1, 2, 4, 2, 1, 2, 2]}, null, null, 114, false, [], false, 0, [], null, 0, 1744374552.4750302, 0, {}]
[{"0": [2, 19, 0, 6, 1, 2, 2, 3, 4, 1, 2, 2, 3, 2, 5, 3, 2]}, null, null, 114, false, [], false, 0, [], null, 0, 1744374552.694433, 0, {}]
[{"0": [6, 21, 26, 25, 29, 25, 29, 3, 2, 2, 3, 1, 0, 2, 1, 5, 0]}, null, null, 115, false, [], false, 0, [], null, 0, 1744374552.9023063, 0, {}]
[{"0": [4, 2, 3, 1, 2, 3, 18, 21, 23, 5, 3, 0, 0, 1, 2, 0, 1]}, null, null, 116, false, [], false, 0, [], null, 0, 1744374553.1194208, 0, {}]
[{"0": [1, 23, 33, 1, 2, 0, 3, 2, 3, 2, 2, 1, 1, 3, 0, 4, 4]}, null, null, 116, false, [], false, 0, [], null, 0, 1744374553.3458624, 0, {}]
[{"0": [1, 0, 2, 1, 1, 2, 2, 1, 3, 2, 1, 2, 35, 27, 26, 17, 18]}, null, null, 117, false, [], false, 0, [], null, 0, 1744374553.5648866, 0, {}]
[{"0": [0, 20, 26, 0, 0, 1, 2, 1, 1, 0, 2, 1, 0, 1, 1, 2, 2]}, null, null, 117, false, [], false, 0, [], null, 0, 1744374553.776556, 0, {}]
[{"0": [1, 25, 23, 28, 25, 4, 3, 2, 0, 2, 2, 0, 4, 3, 3, 1, 0]}, null, null, 118, false, [], false, 0, [], null, 0, 1744374553.995083, 0, {}]
[{"0": [1, 36, 37, 28, 42, 39, 30, 5, 0, 1, 1, 1, 3, 0, 2, 4, 3]}, null, null, 119, false, [], false, 0, [], null, 0, 1744374554.2191389, 0, {}]
[{"0": [1, 22, 26, 21, 13, 26, 23, 0, 3, 1, 4, 1, 3, 3, 1, 1, 1]}, null, null, 119, false, [], false, 0, [], null, 0, 1744374554.4265187, 0, {}]
[{"0": [2, 35, 33, 26, 23, 22, 22, 0, 4, 1, 5, 4, 0, 1, 1, 1, 1]}, null, null, 120, false, [], false, 0, [], null, 0, 1744374554.6467397, 0, {}]
[{"0": [1, 26, 16, 3, 0, 3, 2, 1, 1, 4, 2, 0, 0, 3, 1, 5, 0]}, null, null, 120, false, [], false, 0, [], null, 0, 1744374554.8694634, 0, {}]
[{"0": [2, 1, 2, 2, 4, 1, 1, 1, 4, 4, 0, 0, 1, 1, 2, 2, 6]}, null, null, 121, false, [], false, 0, [], null, 0, 1744374555.0708234, 0, {}]
[{"0": [2, 24, 17, 20, 1, 2, 3, 3, 2, 0, 1, 5, 1, 3, 4, 1, 3]}, null, null, 122, false, [], false, 0, [], null, 0, 1744374555.2878504, 0, {}]
[{"0": [4, 28, 33, 25, 27, 23, 30, 29, 24, 27, 1, 1, 1, 1, 0, 1, 0]}, null, null, 122, false, [], false, 0, [], null, 0, 1744374555.511291, 0, {}]
[{"0": [1, 23, 6, 1, 2, 2, 4, 2, 3, 2, 1, 0, 2, 1, 0, 1, 3]}, null, null, 123, false, [], false, 0, [], null, 0, 1744374555.733192, 0, {}]
[{"0": [3, 4, 2, 0, 3, 2, 3, 2, 2, 2, 30, 26, 24, 30, 30, 29, 25]}, null, null, 123, false, [], false, 0, [], null, 0, 1744374555.931644, 0, {}]
[{"0": [0, 4, 1, 2, 2, 1, 3, 3, 2, 24, 30, 23, 27, 0, 3, 0, 1]}, null, null, 124, false, [], false, 0, [], null, 0, 1744374556.1674793, 0, {}]
[{"0": [2, 27, 29, 2, 1, 4, 2, 0, 1, 2, 0, 1, 0, 3, 2, 1, 0]}, null, null, 125, false, [], false, 0, [], null, 0, 1744374556.3747997, 0, {}]
[{"0": [28, 34, 32, 26, 29, 30, 28, 25, 18, 0, 1, 0, 0, 2, 0, 1, 0]}, null, null, 125, false, [], false, 0, [], null, 0, 1744374556.597226, 0, {}]
[{"0": [1, 1, 0, 1, 1, 1, 1, 3, 2, 21, 2, 2, 2, 0, 2, 3, 2]}, null, null, 126, false, [], false, 0, [], null, 0, 1744374556.812881, 0, {}]
[{"0": [5, 1, 27, 2, 3, 0, 3, 2, 1, 3, 0, 0, 1, 2, 1, 2, 1]}, null, null, 127, false, [], false, 0, [], null, 0, 1744374557.0286138, 0, {}]
[{"0": [0, 27, 27, 28, 2, 1, 1, 2, 6, 2, 4, 3, 2, 1, 0, 2, 2]}, null, null, 127, false, [], false, 0, [], null, 0, 1744374557.239138, 0, {}]
[{"0": [2, 32, 28, 32, 3, 1, 1, 1, 1, 1, 2, 1, 3, 1, 2, 1, 1]}, null, null, 128, false, [], false, 0, [], null, 0, 1744374557.4529955, 0, {}]
[{"0": [2, 26, 31, 24, 25, 25, 0, 3, 3, 2, 3, 0, 1, 2, 2, 1, 1]}, null, null, 128, false, [], false, 0, [], null, 0, 1744374557.6717467, 0, {}]
[{"0": [2, 27, 29, 23, 31, 30, 0, 5, 0, 4, 5, 1, 3, 0, 0, 1, 2]}, null, null, 129, false, [], false, 0, [], null, 0, 1744374557.8828392, 0, {}]
[{"0": [3, 1, 0, 0, 3, 3, 1, 1, 4, 2, 4, 2, 1, 1, 1, 1, 0]}, null, null, 130, false, [], false, 0, [], null, 0, 1744374558.1088455, 0, {}]
[{"0": [5, 3, 2, 5, 1, 3, 26, 28, 34, 34, 2, 1, 3, 4, 2, 1, 2]}, null, null, 130, false, [], false, 0, [], null, 0, 1744374558.3232472, 0, {}]
[{"0": [1, 0, 1, 1, 2, 2, 0, 3, 3, 1, 1, 1, 1, 2, 3, 5, 1]}, null, null, 131, false, [], false, 0, [], null, 0, 1744374558.536877, 0, {}]
[{"0": [3, 29, 1, 3, 5, 2, 2, 0, 4, 1, 1, 2, 1, 2, 1, 0, 1]}, null, null, 131, false, [], false, 0, [], null, 0, 1744374558.7554603, 0, {}]
[{"0": [3, 28, 0, 3, 3, 0, 3, 1, 3, 1, 1, 6, 0, 0, 1, 2, 3]}, null, null, 132, false, [], false, 0, [], null, 0, 1744374558.9682972, 0, {}]
[{"0": [4, 1, 2, 29, 26, 35, 23, 6, 0, 1, 2, 4, 2, 0, 4, 1, 0]}, null, null, 133, false, [], false, 0, [], null, 0, 1744374559.186803, 0, {}]
[{"0": [0, 2, 1, 2, 3, 1, 2, 26, 1, 0, 1, 2, 1, 3, 6, 1, 2]}, null, null, 133, false, [], false, 0, [], null, 0, 1744374559.4235506, 0, {}]
[{"0": [1, 20, 26, 25, 26, 28, 23, 30, 27, 29, 27, 16, 39, 36, 29, 1, 3]}, null, null, 134, false, [], false, 0, [], null, 0, 1744374559.627434, 0, {}]
[{"0": [1, 1, 1, 1, 1, 0, 1, 2, 1, 3, 3, 0, 27, 29, 30, 1, 0]}, null, null, 134, false, [], false, 0, [], null, 0, 1744374559.8506765, 0, {}]
[{"0": [0, 21, 25, 25, 41, 23, 28, 29, 27, 0, 0, 2, 3, 2, 4, 1, 3]}, null, null, 135, false, [], false, 0, [], null, 0, 1744374560.0544977, 0, {}]
[{"0": [1, 1, 4, 1, 21, 31, 27, 4, 1, 1, 3, 4, 3, 2, 1, 4, 2]}, null, null, 136, false, [], false, 0, [], null, 0, 1744374560.2715533, 0, {}]
[{"0": [1, 1, 1, 2, 0, 2, 2, 5, 2, 1, 2, 2, 0, 21, 20, 1, 1]}, null, null, 136, false, [], false, 0, [], null, 0, 1744374560.4867277, 0, {}]
[{"0": [1, 0, 3, 2, 0, 1, 4, 5, 0, 1, 33, 26, 25, 1, 1, 0, 3]}, null, null, 137, false, [], false, 0, [], null, 0, 1744374560.7128968, 0, {}]
[{"0": [2, 2, 0, 3, 0, 2, 2, 0, 1, 4, 27, 33, 26, 31, 30, 19, 31]}, null, null, 137, false, [], false, 0, [], null, 0, 1744374560.9285529, 0, {}]
[{"0": [1, 22, 23, 3, 1, 0, 2, 1, 4, 1, 3, 1, 2, 0, 2, 1, 1]}, null, null, 138, false, [], false, 0, [], null, 0, 1744374561.1398163, 0, {}]
[{"0": [2, 22, 31, 27, 24, 30, 22, 24, 20, 30, 29, 27, 2, 0, 2, 3, 3]}, null, null, 139, false, [], false, 0, [], null, 0, 1744374561.3551707, 0, {}]
[{"0": [1, 4, 2, 3, 0, 1, 2, 2, 1, 2, 4, 1, 23, 34, 16, 29, 30]}, null, null, 139, false, [], false, 0, [], null, 0, 1744374561.5650687, 0, {}]
[{"0": [2, 0, 0, 1, 2, 1, 0, 28, 45, 0, 0, 1, 1, 2, 5, 3, 2]}, null, null, 140, false, [], false, 0, [], null, 0, 1744374561.7831368, 0, {}]
[{"0": [1, 1, 6, 0, 34, 26, 24, 33, 1, 2, 3, 1, 4, 4, 2, 1, 2]}, null, null, 140, false, [], false, 0, [], null, 0, 1744374562.0088034, 0, {}]
[{"0": [2, 17, 24, 29, 26, 2, 2, 4, 1, 3, 3, 1, 2, 1, 3, 3, 0]}, null, null, 141, false, [], false, 0, [], null, 0, 1744374562.22003, 0, {}]
[{"0": [1, 30, 30, 28, 1, 1, 0, 3, 1, 3, 1, 1, 2, 0, 1, 0, 0]}, null, null, 142, false, [], false, 0, [], null, 0, 1744374562.4315479, 0, {}]
[{"0": [2, 26, 28, 25, 1, 2, 1, 4, 2, 2, 4, 4, 2, 1, 2, 0, 0]}, null, null, 142, false, [], false, 0, [], null, 0, 1744374562.6616552, 0, {}]
[{"0": [23, 20, 24, 22, 24, 27, 28, 36, 27, 31, 1, 2, 6, 1, 3, 2, 2]}, null, null, 143, false, [], false, 0, [], null, 0, 1744374562.884375, 0, {}]
[{"0": [3, 1, 3, 0, 3, 4, 2, 3, 37, 29, 0, 2, 6, 2, 1, 3, 3]}, null, null, 143, false, [], false, 0, [], null, 0, 1744374563.0924268, 0, {}]
[{"0": [3, 3, 2, 1, 5, 27, 0, 0, 3, 2, 0, 0, 2, 3, 2, 2, 1]}, null, null, 144, false, [], false, 0, [], null, 0, 1744374563.312057, 0, {}]
[{"0": [1, 0, 1, 2, 1, 3, 1, 4, 0, 1, 1, 1, 0, 1, 3, 1, 2]}, null, null, 145, false, [], false, 0, [], null, 0, 1744374563.522473, 0, {}]
[{"0": [28, 32, 20, 37, 1, 1, 1, 1, 2, 2, 2, 3, 2, 1, 1, 1, 0]}, null, null, 145, false, [], false, 0, [], null, 0, 1744374563.7466125, 0, {}]
[{"0": [2, 2, 1, 2, 1, 3, 3, 29, 15, 29, 30, 31, 27, 27, 4, 2, 2]}, null, null, 146, false, [], false, 0, [], null, 0, 1744374563.96608, 0, {}]
[{"0": [1, 30, 2, 1, 2, 4, 2, 0, 2, 0, 0, 1, 3, 3, 1, 1, 0]}, null, null, 146, false, [], false, 0, [], null, 0, 1744374564.1684854, 0, {}]
[{"0": [0, 26, 0, 1, 1, 4, 3, 0, 2, 3, 2, 1, 1, 0, 0, 2, 1]}, null, null, 147, false, [], false, 0, [], null, 0, 1744374564.3878207, 0, {}]
[{"0": [21, 2, 2, 0, 1, 3, 4, 0, 0, 1, 1, 1, 3, 1, 1, 1, 5]}, null, null, 148, false, [], false, 0, [], null, 0, 1744374564.6195676, 0, {}]
[{"0": [0, 28, 3, 2, 2, 3, 2, 0, 3, 3, 2, 0, 1, 0, 2, 0, 2]}, null, null, 148, false, [], false, 0, [], null, 0, 1744374564.8194342, 0, {}]
[{"0": [29, 0, 4, 0, 0, 4, 3, 2, 1, 1, 1, 0, 3, 2, 7, 1, 1]}, null, null, 149, false, [], false, 0, [], null, 0, 1744374565.0399818, 0, {}]
[{"0": [1, 27, 33, 4, 0, 1, 2, 1, 1, 4, 4, 0, 1, 2, 1, 2, 1]}, null, null, 149, false, [], false, 0, [], null, 0, 1744374565.2623878, 0, {}]
[{"0": [29, 27, 28, 24, 3, 4, 0, 0, 1, 1, 1, 3, 0, 4, 3, 3, 3]}, null, null, 150, true, [], false, 0, [], null, 0, 1744374565.4658165, 0, {}]
