[{"0": [2, 29, 29, 27, 35, 3, 1, 1, 3, 0, 5, 2, 3, 2, 2, 0, 2]}, null, null, 0, false, [], false, 0, [], null, 0, 1744385379.7006867, 0, {}]
[{"0": [0, 2, 1, 4, 2, 2, 1, 3, 3, 3, 1, 2, 41, 2, 2, 2, 1]}, null, null, 1, false, [], false, 0, [], null, 0, 1744385379.947998, 0, {}]
[{"0": [2, 1, 1, 5, 34, 26, 26, 25, 25, 24, 33, 32, 28, 29, 1, 3, 3]}, null, null, 1, false, [], false, 0, [], null, 0, 1744385380.1541615, 0, {}]
[{"0": [1, 1, 0, 4, 1, 3, 0, 3, 2, 2, 4, 28, 37, 27, 33, 26, 27]}, null, null, 2, false, [], false, 0, [], null, 0, 1744385380.3801203, 0, {}]
[{"0": [0, 2, 0, 5, 1, 2, 6, 6, 2, 1, 4, 2, 1, 1, 2, 30, 1]}, null, null, 2, false, [], false, 0, [], null, 0, 1744385380.5878143, 0, {}]
[{"0": [24, 0, 3, 2, 3, 2, 27, 27, 23, 30, 25, 14, 38, 38, 29, 1, 1]}, null, null, 3, false, [], false, 0, [], null, 0, 1744385380.8045537, 0, {}]
[{"0": [4, 2, 1, 0, 3, 3, 0, 2, 32, 3, 3, 2, 3, 0, 0, 1, 2]}, null, null, 4, false, [], false, 0, [], null, 0, 1744385381.0268116, 0, {}]
[{"0": [1, 34, 34, 2, 4, 2, 1, 0, 2, 1, 1, 3, 1, 2, 4, 1, 3]}, null, null, 4, false, [], false, 0, [], null, 0, 1744385381.2331595, 0, {}]
[{"0": [1, 1, 2, 5, 2, 4, 0, 1, 2, 6, 2, 3, 2, 2, 2, 1, 2]}, null, null, 5, false, [], false, 0, [], null, 0, 1744385381.464899, 0, {}]
[{"0": [1, 2, 2, 2, 1, 0, 2, 2, 23, 2, 0, 0, 4, 2, 0, 0, 1]}, null, null, 5, false, [], false, 0, [], null, 0, 1744385381.67156, 0, {}]
[{"0": [2, 0, 0, 5, 0, 2, 3, 1, 0, 4, 1, 35, 41, 31, 3, 1, 0]}, null, null, 6, false, [], false, 0, [], null, 0, 1744385381.8880963, 0, {}]
[{"0": [5, 3, 1, 3, 3, 24, 22, 25, 32, 30, 2, 1, 0, 0, 1, 2, 4]}, null, null, 7, false, [], false, 0, [], null, 0, 1744385382.1070724, 0, {}]
[{"0": [1, 1, 0, 2, 2, 2, 0, 4, 3, 3, 5, 15, 21, 2, 1, 6, 2]}, null, null, 7, false, [], false, 0, [], null, 0, 1744385382.3264456, 0, {}]
[{"0": [0, 1, 1, 0, 34, 36, 25, 29, 35, 27, 30, 26, 25, 21, 39, 27, 20]}, null, null, 8, false, [], false, 0, [], null, 0, 1744385382.5383797, 0, {}]
[{"0": [9, 0, 2, 2, 3, 3, 1, 4, 1, 3, 3, 2, 2, 32, 27, 29, 29]}, null, null, 8, false, [], false, 0, [], null, 0, 1744385382.7432365, 0, {}]
[{"0": [3, 1, 5, 0, 1, 0, 2, 3, 2, 1, 25, 32, 33, 0, 2, 0, 2]}, null, null, 9, false, [], false, 0, [], null, 0, 1744385382.9766004, 0, {}]
[{"0": [2, 1, 3, 28, 31, 26, 34, 29, 34, 1, 2, 3, 5, 1, 2, 1, 2]}, null, null, 10, false, [], false, 0, [], null, 0, 1744385383.1886644, 0, {}]
[{"0": [39, 33, 35, 20, 0, 1, 0, 2, 1, 3, 2, 3, 2, 2, 2, 2, 0]}, null, null, 10, false, [], false, 0, [], null, 0, 1744385383.403434, 0, {}]
[{"0": [0, 22, 33, 29, 29, 20, 21, 16, 26, 21, 24, 1, 0, 5, 3, 3, 2]}, null, null, 11, false, [], false, 0, [], null, 0, 1744385383.6306946, 0, {}]
[{"0": [1, 1, 2, 0, 0, 5, 4, 3, 4, 3, 23, 26, 25, 27, 21, 0, 1]}, null, null, 11, false, [], false, 0, [], null, 0, 1744385383.8304057, 0, {}]
[{"0": [2, 1, 2, 2, 3, 1, 2, 0, 1, 38, 19, 29, 30, 29, 41, 1, 1]}, null, null, 12, false, [], false, 0, [], null, 0, 1744385384.053131, 0, {}]
[{"0": [20, 26, 3, 3, 3, 3, 7, 1, 2, 5, 3, 1, 4, 4, 4, 2, 2]}, null, null, 13, false, [], false, 0, [], null, 0, 1744385384.2759712, 0, {}]
[{"0": [27, 14, 24, 27, 26, 24, 22, 24, 2, 3, 1, 1, 1, 3, 0, 0, 1]}, null, null, 13, false, [], false, 0, [], null, 0, 1744385384.4776096, 0, {}]
[{"0": [29, 33, 21, 32, 2, 1, 0, 2, 1, 2, 1, 1, 0, 0, 2, 2, 2]}, null, null, 14, false, [], false, 0, [], null, 0, 1744385384.7120078, 0, {}]
[{"0": [3, 3, 2, 3, 0, 2, 0, 2, 0, 1, 21, 5, 3, 0, 2, 3, 3]}, null, null, 14, false, [], false, 0, [], null, 0, 1744385384.9250913, 0, {}]
[{"0": [4, 0, 2, 0, 10, 32, 29, 22, 28, 19, 24, 29, 25, 30, 28, 22, 2]}, null, null, 15, false, [], false, 0, [], null, 0, 1744385385.1311316, 0, {}]
[{"0": [2, 3, 35, 30, 3, 0, 2, 2, 4, 3, 0, 2, 4, 1, 3, 3, 3]}, null, null, 16, false, [], false, 0, [], null, 0, 1744385385.3590393, 0, {}]
[{"0": [2, 3, 0, 27, 28, 33, 28, 25, 14, 24, 21, 0, 1, 0, 2, 0, 2]}, null, null, 16, false, [], false, 0, [], null, 0, 1744385385.5690246, 0, {}]
[{"0": [1, 1, 0, 2, 1, 2, 2, 0, 4, 1, 28, 28, 22, 33, 1, 2, 2]}, null, null, 17, false, [], false, 0, [], null, 0, 1744385385.7783496, 0, {}]
[{"0": [26, 24, 29, 17, 25, 31, 30, 24, 33, 2, 3, 4, 3, 3, 2, 2, 3]}, null, null, 17, false, [], false, 0, [], null, 0, 1744385385.9954321, 0, {}]
[{"0": [1, 2, 3, 4, 4, 4, 3, 3, 1, 3, 2, 2, 1, 35, 26, 34, 2]}, null, null, 18, false, [], false, 0, [], null, 0, 1744385386.2100515, 0, {}]
[{"0": [3, 33, 32, 24, 24, 2, 6, 8, 2, 0, 0, 0, 1, 4, 2, 4, 3]}, null, null, 19, false, [], false, 0, [], null, 0, 1744385386.4328043, 0, {}]
[{"0": [3, 7, 3, 4, 0, 3, 2, 1, 0, 4, 1, 1, 28, 25, 33, 30, 24]}, null, null, 19, false, [], false, 0, [], null, 0, 1744385386.6535532, 0, {}]
[{"0": [1, 1, 2, 1, 1, 2, 0, 5, 0, 1, 31, 3, 2, 3, 1, 2, 2]}, null, null, 20, false, [], false, 0, [], null, 0, 1744385386.8682864, 0, {}]
[{"0": [2, 5, 3, 5, 4, 1, 4, 4, 23, 23, 1, 4, 4, 2, 4, 1, 5]}, null, null, 20, false, [], false, 0, [], null, 0, 1744385387.0868282, 0, {}]
[{"0": [1, 2, 2, 2, 2, 2, 3, 2, 0, 2, 2, 1, 0, 3, 2, 3, 31]}, null, null, 21, false, [], false, 0, [], null, 0, 1744385387.305399, 0, {}]
[{"0": [3, 1, 29, 35, 31, 32, 18, 17, 30, 30, 33, 26, 2, 2, 4, 2, 2]}, null, null, 22, false, [], false, 0, [], null, 0, 1744385387.5177846, 0, {}]
[{"0": [2, 4, 4, 1, 5, 2, 1, 5, 35, 36, 1, 0, 2, 1, 4, 0, 2]}, null, null, 22, false, [], false, 0, [], null, 0, 1744385387.7473638, 0, {}]
[{"0": [2, 0, 24, 2, 0, 2, 1, 1, 1, 2, 1, 2, 1, 3, 2, 3, 1]}, null, null, 23, false, [], false, 0, [], null, 0, 1744385387.9501982, 0, {}]
[{"0": [0, 1, 2, 1, 1, 1, 1, 3, 2, 0, 2, 3, 4, 0, 3, 3, 2]}, null, null, 23, false, [], false, 0, [], null, 0, 1744385388.1722445, 0, {}]
[{"0": [0, 2, 2, 1, 3, 1, 1, 3, 2, 2, 36, 27, 27, 4, 1, 3, 1]}, null, null, 24, false, [], false, 0, [], null, 0, 1744385388.3861697, 0, {}]
[{"0": [2, 1, 4, 1, 5, 0, 2, 1, 0, 2, 1, 5, 1, 0, 2, 37, 31]}, null, null, 25, false, [], false, 0, [], null, 0, 1744385388.6000035, 0, {}]
[{"0": [6, 4, 3, 2, 2, 1, 1, 4, 31, 29, 29, 26, 1, 2, 2, 1, 3]}, null, null, 25, false, [], false, 0, [], null, 0, 1744385388.8180068, 0, {}]
[{"0": [38, 23, 2, 3, 2, 2, 2, 5, 2, 1, 1, 1, 1, 3, 3, 3, 1]}, null, null, 26, false, [], false, 0, [], null, 0, 1744385389.0305417, 0, {}]
[{"0": [2, 4, 0, 3, 2, 3, 3, 2, 2, 1, 4, 1, 22, 28, 26, 31, 34]}, null, null, 27, false, [], false, 0, [], null, 0, 1744385389.2499242, 0, {}]
[{"0": [1, 2, 3, 0, 3, 1, 1, 1, 2, 1, 3, 1, 1, 28, 2, 0, 0]}, null, null, 27, false, [], false, 0, [], null, 0, 1744385389.464077, 0, {}]
[{"0": [19, 34, 13, 26, 23, 31, 18, 27, 46, 1, 0, 1, 1, 1, 0, 1, 2]}, null, null, 28, false, [], false, 0, [], null, 0, 1744385389.6790729, 0, {}]
[{"0": [1, 1, 1, 2, 2, 0, 3, 0, 2, 2, 2, 4, 0, 4, 0, 3, 22]}, null, null, 28, false, [], false, 0, [], null, 0, 1744385389.9092464, 0, {}]
[{"0": [0, 6, 29, 26, 3, 5, 2, 1, 0, 2, 1, 3, 0, 0, 2, 3, 0]}, null, null, 29, false, [], false, 0, [], null, 0, 1744385390.118751, 0, {}]
[{"0": [4, 1, 3, 4, 3, 2, 1, 2, 27, 26, 19, 5, 1, 6, 2, 2, 1]}, null, null, 30, false, [], false, 0, [], null, 0, 1744385390.3281143, 0, {}]
[{"0": [2, 2, 1, 2, 0, 3, 7, 2, 2, 3, 1, 0, 1, 2, 2, 3, 1]}, null, null, 30, false, [], false, 0, [], null, 0, 1744385390.541434, 0, {}]
[{"0": [4, 2, 3, 0, 5, 1, 1, 1, 2, 2, 0, 0, 39, 32, 30, 30, 19]}, null, null, 31, false, [], false, 0, [], null, 0, 1744385390.7578604, 0, {}]
[{"0": [4, 2, 1, 1, 3, 0, 2, 0, 0, 2, 0, 3, 30, 15, 2, 1, 4]}, null, null, 31, false, [], false, 0, [], null, 0, 1744385390.9900095, 0, {}]
[{"0": [1, 2, 1, 1, 2, 3, 1, 0, 36, 26, 25, 23, 1, 2, 3, 1, 1]}, null, null, 32, false, [], false, 0, [], null, 0, 1744385391.200198, 0, {}]
[{"0": [36, 32, 35, 24, 3, 0, 1, 1, 3, 1, 3, 5, 0, 2, 2, 0, 1]}, null, null, 33, false, [], false, 0, [], null, 0, 1744385391.4117606, 0, {}]
[{"0": [1, 30, 22, 24, 21, 27, 19, 23, 2, 2, 2, 1, 2, 2, 6, 0, 2]}, null, null, 33, false, [], false, 0, [], null, 0, 1744385391.6308007, 0, {}]
[{"0": [18, 23, 29, 26, 32, 24, 36, 24, 21, 26, 22, 0, 2, 3, 2, 2, 3]}, null, null, 34, false, [], false, 0, [], null, 0, 1744385391.85182, 0, {}]
[{"0": [1, 1, 2, 1, 2, 3, 30, 25, 30, 3, 4, 2, 4, 1, 4, 1, 1]}, null, null, 34, false, [], false, 0, [], null, 0, 1744385392.0594544, 0, {}]
[{"0": [1, 1, 0, 2, 2, 1, 1, 3, 3, 22, 1, 3, 1, 2, 2, 1, 0]}, null, null, 35, false, [], false, 0, [], null, 0, 1744385392.2714071, 0, {}]
[{"0": [3, 2, 5, 2, 1, 3, 3, 2, 1, 2, 1, 24, 26, 25, 29, 25, 20]}, null, null, 36, false, [], false, 0, [], null, 0, 1744385392.5079317, 0, {}]
[{"0": [1, 2, 1, 29, 0, 0, 1, 4, 6, 2, 3, 2, 4, 3, 1, 3, 2]}, null, null, 36, false, [], false, 0, [], null, 0, 1744385392.7070475, 0, {}]
[{"0": [27, 26, 36, 17, 2, 0, 0, 0, 3, 0, 0, 2, 2, 2, 0, 1, 3]}, null, null, 37, false, [], false, 0, [], null, 0, 1744385392.9440136, 0, {}]
[{"0": [3, 2, 2, 1, 1, 2, 0, 2, 25, 34, 22, 28, 32, 30, 34, 26, 33]}, null, null, 37, false, [], false, 0, [], null, 0, 1744385393.14225, 0, {}]
[{"0": [2, 5, 2, 26, 38, 2, 2, 1, 2, 2, 1, 2, 4, 3, 1, 3, 1]}, null, null, 38, false, [], false, 0, [], null, 0, 1744385393.3733048, 0, {}]
[{"0": [0, 2, 1, 4, 4, 1, 1, 1, 0, 2, 1, 2, 1, 3, 22, 34, 24]}, null, null, 39, false, [], false, 0, [], null, 0, 1744385393.593696, 0, {}]
[{"0": [3, 0, 1, 1, 4, 1, 2, 3, 2, 2, 1, 1, 4, 3, 3, 1, 20]}, null, null, 39, false, [], false, 0, [], null, 0, 1744385393.7909439, 0, {}]
[{"0": [5, 1, 3, 2, 1, 2, 1, 2, 2, 5, 4, 2, 2, 3, 21, 0, 0]}, null, null, 40, false, [], false, 0, [], null, 0, 1744385394.0057123, 0, {}]
[{"0": [2, 35, 1, 2, 0, 3, 2, 3, 4, 3, 2, 3, 0, 2, 3, 4, 0]}, null, null, 40, false, [], false, 0, [], null, 0, 1744385394.227015, 0, {}]
[{"0": [3, 2, 3, 0, 2, 1, 4, 3, 3, 3, 3, 2, 2, 1, 0, 37, 31]}, null, null, 41, false, [], false, 0, [], null, 0, 1744385394.4451919, 0, {}]
[{"0": [20, 35, 30, 0, 1, 4, 1, 2, 1, 3, 2, 0, 3, 1, 1, 3, 4]}, null, null, 42, false, [], false, 0, [], null, 0, 1744385394.6528118, 0, {}]
[{"0": [1, 4, 2, 2, 1, 1, 2, 1, 1, 0, 2, 29, 2, 1, 4, 0, 3]}, null, null, 42, false, [], false, 0, [], null, 0, 1744385394.8784525, 0, {}]
[{"0": [3, 3, 1, 5, 2, 2, 2, 4, 4, 1, 23, 20, 24, 45, 2, 4, 5]}, null, null, 43, false, [], false, 0, [], null, 0, 1744385395.0922065, 0, {}]
[{"0": [2, 3, 3, 4, 38, 27, 3, 0, 2, 3, 1, 2, 2, 3, 1, 2, 2]}, null, null, 43, false, [], false, 0, [], null, 0, 1744385395.3199346, 0, {}]
[{"0": [2, 1, 1, 22, 35, 19, 0, 2, 1, 0, 4, 3, 2, 2, 3, 2, 1]}, null, null, 44, false, [], false, 0, [], null, 0, 1744385395.5219235, 0, {}]
[{"0": [30, 28, 25, 39, 28, 23, 37, 35, 1, 1, 3, 3, 2, 1, 3, 4, 1]}, null, null, 45, false, [], false, 0, [], null, 0, 1744385395.7451687, 0, {}]
[{"0": [1, 1, 1, 3, 3, 2, 4, 33, 33, 26, 1, 0, 1, 3, 4, 1, 1]}, null, null, 45, false, [], false, 0, [], null, 0, 1744385395.975023, 0, {}]
[{"0": [2, 4, 2, 2, 2, 0, 2, 2, 2, 27, 28, 30, 0, 2, 1, 2, 3]}, null, null, 46, false, [], false, 0, [], null, 0, 1744385396.1744983, 0, {}]
[{"0": [1, 3, 2, 0, 2, 3, 3, 4, 1, 7, 2, 1, 2, 0, 1, 2, 1]}, null, null, 46, false, [], false, 0, [], null, 0, 1744385396.3930087, 0, {}]
[{"0": [0, 2, 1, 3, 1, 4, 1, 23, 31, 30, 20, 30, 25, 28, 39, 29, 2]}, null, null, 47, false, [], false, 0, [], null, 0, 1744385396.6102977, 0, {}]
[{"0": [2, 1, 0, 2, 0, 4, 3, 1, 2, 0, 4, 2, 0, 0, 2, 1, 4]}, null, null, 48, false, [], false, 0, [], null, 0, 1744385396.8325064, 0, {}]
[{"0": [2, 4, 3, 1, 0, 2, 2, 1, 2, 2, 4, 2, 2, 3, 2, 3, 5]}, null, null, 48, false, [], false, 0, [], null, 0, 1744385397.0455303, 0, {}]
[{"0": [0, 4, 2, 0, 2, 2, 0, 4, 36, 0, 3, 1, 1, 3, 5, 1, 3]}, null, null, 49, false, [], false, 0, [], null, 0, 1744385397.266636, 0, {}]
[{"0": [0, 1, 2, 0, 2, 3, 2, 3, 3, 3, 27, 34, 28, 28, 1, 2, 1]}, null, null, 49, false, [], false, 0, [], null, 0, 1744385397.4800823, 0, {}]
[{"0": [1, 0, 4, 14, 1, 0, 2, 3, 3, 1, 1, 3, 4, 2, 0, 0, 2]}, null, null, 50, false, [], false, 0, [], null, 0, 1744385397.6964214, 0, {}]
[{"0": [2, 3, 3, 2, 5, 41, 4, 5, 0, 1, 2, 3, 2, 1, 3, 1, 4]}, null, null, 51, false, [], false, 0, [], null, 0, 1744385397.910413, 0, {}]
[{"0": [6, 3, 2, 4, 2, 3, 4, 2, 3, 1, 1, 0, 3, 4, 3, 25, 25]}, null, null, 51, false, [], false, 0, [], null, 0, 1744385398.1255925, 0, {}]
[{"0": [3, 3, 1, 0, 0, 1, 1, 0, 3, 2, 1, 3, 5, 1, 3, 1, 1]}, null, null, 52, false, [], false, 0, [], null, 0, 1744385398.3355145, 0, {}]
[{"0": [3, 7, 1, 3, 3, 0, 2, 1, 2, 0, 0, 28, 27, 31, 22, 1, 0]}, null, null, 52, false, [], false, 0, [], null, 0, 1744385398.5641751, 0, {}]
[{"0": [21, 2, 2, 3, 1, 1, 2, 3, 0, 1, 2, 0, 1, 1, 0, 3, 1]}, null, null, 53, false, [], false, 0, [], null, 0, 1744385398.7796223, 0, {}]
[{"0": [3, 3, 1, 3, 2, 0, 2, 2, 2, 2, 3, 2, 1, 2, 3, 27, 30]}, null, null, 54, false, [], false, 0, [], null, 0, 1744385399.004239, 0, {}]
[{"0": [1, 1, 3, 2, 3, 1, 2, 2, 34, 31, 36, 27, 28, 29, 32, 23, 39]}, null, null, 54, false, [], false, 0, [], null, 0, 1744385399.2015133, 0, {}]
[{"0": [3, 1, 3, 34, 19, 36, 33, 28, 31, 32, 34, 1, 1, 0, 1, 4, 2]}, null, null, 55, false, [], false, 0, [], null, 0, 1744385399.423993, 0, {}]
[{"0": [1, 4, 1, 26, 30, 34, 34, 22, 26, 27, 24, 0, 1, 2, 0, 1, 0]}, null, null, 55, false, [], false, 0, [], null, 0, 1744385399.6373472, 0, {}]
[{"0": [1, 0, 2, 2, 4, 4, 31, 31, 18, 27, 31, 30, 27, 2, 2, 2, 1]}, null, null, 56, false, [], false, 0, [], null, 0, 1744385399.86589, 0, {}]
[{"0": [1, 1, 3, 1, 5, 2, 2, 0, 0, 2, 32, 27, 35, 24, 24, 31, 2]}, null, null, 57, false, [], false, 0, [], null, 0, 1744385400.0878456, 0, {}]
[{"0": [2, 4, 2, 22, 3, 0, 1, 2, 3, 0, 2, 0, 1, 0, 3, 0, 0]}, null, null, 57, false, [], false, 0, [], null, 0, 1744385400.3083048, 0, {}]
[{"0": [1, 2, 2, 2, 2, 3, 0, 0, 1, 2, 0, 1, 1, 3, 29, 0, 1]}, null, null, 58, false, [], false, 0, [], null, 0, 1744385400.5139706, 0, {}]
[{"0": [2, 1, 1, 0, 4, 1, 3, 4, 2, 3, 1, 0, 1, 1, 5, 5, 3]}, null, null, 58, false, [], false, 0, [], null, 0, 1744385400.7194488, 0, {}]
[{"0": [0, 1, 0, 2, 1, 3, 0, 1, 2, 1, 3, 2, 2, 33, 2, 3, 4]}, null, null, 59, false, [], false, 0, [], null, 0, 1744385400.935649, 0, {}]
[{"0": [1, 0, 2, 3, 2, 1, 2, 2, 33, 24, 41, 27, 33, 36, 27, 1, 5]}, null, null, 60, false, [], false, 0, [], null, 0, 1744385401.1527314, 0, {}]
[{"0": [0, 1, 2, 3, 2, 2, 41, 35, 3, 2, 1, 1, 1, 1, 1, 1, 1]}, null, null, 60, false, [], false, 0, [], null, 0, 1744385401.383156, 0, {}]
[{"0": [4, 5, 3, 2, 1, 3, 1, 33, 31, 2, 0, 0, 1, 4, 2, 1, 0]}, null, null, 61, false, [], false, 0, [], null, 0, 1744385401.5891142, 0, {}]
[{"0": [3, 2, 0, 0, 0, 0, 4, 2, 0, 1, 2, 2, 0, 25, 24, 36, 37]}, null, null, 61, false, [], false, 0, [], null, 0, 1744385401.8237805, 0, {}]
[{"0": [3, 2, 2, 2, 3, 1, 33, 27, 7, 2, 3, 0, 1, 2, 0, 1, 1]}, null, null, 62, false, [], false, 0, [], null, 0, 1744385402.024133, 0, {}]
[{"0": [1, 2, 1, 3, 2, 3, 4, 3, 1, 2, 2, 2, 5, 26, 2, 0, 0]}, null, null, 63, false, [], false, 0, [], null, 0, 1744385402.2481935, 0, {}]
[{"0": [2, 3, 30, 32, 28, 16, 22, 3, 1, 2, 4, 3, 2, 4, 3, 3, 1]}, null, null, 63, false, [], false, 0, [], null, 0, 1744385402.4640238, 0, {}]
[{"0": [2, 2, 3, 2, 5, 32, 30, 18, 25, 4, 2, 2, 2, 1, 2, 3, 2]}, null, null, 64, false, [], false, 0, [], null, 0, 1744385402.692327, 0, {}]
[{"0": [2, 1, 1, 1, 3, 0, 3, 2, 26, 23, 30, 3, 2, 3, 1, 4, 3]}, null, null, 64, false, [], false, 0, [], null, 0, 1744385402.896824, 0, {}]
[{"0": [2, 0, 1, 0, 4, 1, 32, 24, 1, 2, 1, 2, 1, 1, 3, 0, 4]}, null, null, 65, false, [], false, 0, [], null, 0, 1744385403.1119769, 0, {}]
[{"0": [30, 35, 23, 33, 19, 29, 30, 5, 1, 3, 2, 3, 1, 4, 1, 2, 2]}, null, null, 66, false, [], false, 0, [], null, 0, 1744385403.3251605, 0, {}]
[{"0": [1, 3, 2, 2, 3, 6, 4, 3, 3, 0, 2, 0, 2, 1, 5, 1, 1]}, null, null, 66, false, [], false, 0, [], null, 0, 1744385403.5565157, 0, {}]
[{"0": [3, 1, 3, 2, 3, 3, 3, 2, 0, 2, 1, 1, 0, 23, 2, 2, 1]}, null, null, 67, false, [], false, 0, [], null, 0, 1744385403.7624297, 0, {}]
[{"0": [1, 3, 3, 0, 35, 27, 19, 24, 20, 25, 0, 2, 2, 0, 3, 3, 2]}, null, null, 67, false, [], false, 0, [], null, 0, 1744385403.9777985, 0, {}]
[{"0": [3, 1, 1, 2, 2, 3, 1, 0, 0, 3, 2, 1, 2, 38, 3, 1, 3]}, null, null, 68, false, [], false, 0, [], null, 0, 1744385404.1863716, 0, {}]
[{"0": [0, 0, 4, 2, 4, 3, 1, 0, 3, 1, 1, 0, 3, 30, 37, 24, 24]}, null, null, 69, false, [], false, 0, [], null, 0, 1744385404.413942, 0, {}]
[{"0": [26, 18, 34, 2, 2, 2, 3, 0, 1, 1, 4, 1, 1, 1, 3, 1, 3]}, null, null, 69, false, [], false, 0, [], null, 0, 1744385404.6350303, 0, {}]
[{"0": [2, 1, 4, 1, 2, 1, 3, 2, 29, 32, 29, 38, 2, 2, 3, 5, 0]}, null, null, 70, false, [], false, 0, [], null, 0, 1744385404.8473756, 0, {}]
[{"0": [0, 0, 5, 1, 3, 2, 3, 2, 2, 1, 5, 0, 2, 32, 34, 26, 34]}, null, null, 70, false, [], false, 0, [], null, 0, 1744385405.0733936, 0, {}]
[{"0": [0, 0, 3, 5, 26, 29, 26, 32, 32, 0, 1, 4, 4, 3, 2, 2, 2]}, null, null, 71, false, [], false, 0, [], null, 0, 1744385405.2723286, 0, {}]
[{"0": [2, 1, 2, 1, 1, 2, 4, 3, 1, 1, 2, 28, 35, 28, 23, 2, 3]}, null, null, 72, false, [], false, 0, [], null, 0, 1744385405.4994786, 0, {}]
[{"0": [0, 4, 2, 0, 3, 1, 3, 2, 2, 2, 32, 31, 43, 1, 1, 0, 3]}, null, null, 72, false, [], false, 0, [], null, 0, 1744385405.7080855, 0, {}]
[{"0": [1, 4, 2, 1, 1, 4, 3, 1, 2, 1, 4, 1, 2, 1, 0, 4, 2]}, null, null, 73, false, [], false, 0, [], null, 0, 1744385405.9233673, 0, {}]
[{"0": [3, 1, 3, 1, 1, 26, 35, 29, 33, 26, 27, 2, 2, 0, 1, 2, 1]}, null, null, 73, false, [], false, 0, [], null, 0, 1744385406.1437469, 0, {}]
[{"0": [2, 2, 2, 2, 1, 2, 1, 1, 4, 1, 3, 4, 4, 0, 2, 31, 31]}, null, null, 74, false, [], false, 0, [], null, 0, 1744385406.3569334, 0, {}]
[{"0": [2, 2, 1, 2, 3, 0, 0, 3, 0, 31, 34, 28, 29, 28, 26, 1, 0]}, null, null, 75, false, [], false, 0, [], null, 0, 1744385406.5733254, 0, {}]
[{"0": [1, 0, 2, 1, 0, 2, 1, 1, 4, 2, 2, 0, 3, 1, 4, 38, 0]}, null, null, 75, false, [], false, 0, [], null, 0, 1744385406.7871034, 0, {}]
[{"0": [2, 1, 3, 1, 3, 5, 0, 3, 6, 2, 2, 2, 4, 3, 2, 32, 32]}, null, null, 76, false, [], false, 0, [], null, 0, 1744385407.0071137, 0, {}]
[{"0": [0, 1, 1, 3, 2, 1, 0, 35, 27, 23, 30, 25, 28, 34, 19, 28, 32]}, null, null, 77, false, [], false, 0, [], null, 0, 1744385407.2232656, 0, {}]
[{"0": [1, 2, 3, 2, 3, 2, 5, 7, 1, 2, 1, 28, 3, 1, 3, 1, 2]}, null, null, 77, false, [], false, 0, [], null, 0, 1744385407.4403107, 0, {}]
[{"0": [23, 29, 32, 28, 23, 28, 41, 29, 1, 1, 4, 1, 1, 2, 3, 2, 5]}, null, null, 78, false, [], false, 0, [], null, 0, 1744385407.6527808, 0, {}]
[{"0": [0, 3, 1, 1, 3, 2, 0, 3, 2, 1, 33, 25, 29, 17, 39, 28, 19]}, null, null, 78, false, [], false, 0, [], null, 0, 1744385407.884634, 0, {}]
[{"0": [1, 1, 2, 3, 2, 2, 3, 4, 2, 1, 4, 3, 1, 5, 1, 0, 0]}, null, null, 79, false, [], false, 0, [], null, 0, 1744385408.102863, 0, {}]
[{"0": [2, 5, 0, 0, 4, 3, 2, 3, 0, 3, 1, 3, 1, 37, 31, 2, 1]}, null, null, 80, false, [], false, 0, [], null, 0, 1744385408.311758, 0, {}]
[{"0": [3, 2, 1, 1, 5, 2, 17, 22, 34, 28, 22, 30, 24, 29, 1, 1, 4]}, null, null, 80, false, [], false, 0, [], null, 0, 1744385408.5301204, 0, {}]
[{"0": [3, 5, 0, 2, 0, 0, 2, 0, 37, 25, 29, 31, 3, 0, 1, 2, 4]}, null, null, 81, false, [], false, 0, [], null, 0, 1744385408.7435439, 0, {}]
[{"0": [3, 0, 2, 0, 3, 1, 2, 2, 37, 5, 0, 2, 1, 3, 3, 2, 3]}, null, null, 81, false, [], false, 0, [], null, 0, 1744385408.9645429, 0, {}]
[{"0": [0, 4, 4, 1, 2, 1, 1, 3, 0, 3, 4, 0, 2, 25, 22, 28, 0]}, null, null, 82, false, [], false, 0, [], null, 0, 1744385409.1888452, 0, {}]
[{"0": [2, 1, 1, 1, 2, 3, 0, 5, 1, 2, 3, 3, 2, 1, 5, 30, 26]}, null, null, 83, false, [], false, 0, [], null, 0, 1744385409.3920028, 0, {}]
[{"0": [3, 1, 0, 1, 0, 4, 3, 5, 3, 3, 3, 4, 0, 26, 1, 2, 2]}, null, null, 83, false, [], false, 0, [], null, 0, 1744385409.6086075, 0, {}]
[{"0": [0, 2, 1, 24, 27, 26, 1, 3, 3, 4, 2, 3, 0, 3, 2, 0, 0]}, null, null, 84, false, [], false, 0, [], null, 0, 1744385409.8254776, 0, {}]
[{"0": [26, 3, 3, 0, 1, 1, 4, 1, 1, 3, 4, 2, 2, 3, 0, 2, 3]}, null, null, 84, false, [], false, 0, [], null, 0, 1744385410.0401654, 0, {}]
[{"0": [4, 1, 2, 3, 4, 2, 2, 1, 2, 3, 0, 31, 20, 28, 33, 3, 5]}, null, null, 85, false, [], false, 0, [], null, 0, 1744385410.2695882, 0, {}]
[{"0": [3, 5, 2, 3, 32, 3, 0, 3, 1, 1, 4, 3, 3, 2, 3, 2, 0]}, null, null, 86, false, [], false, 0, [], null, 0, 1744385410.4733577, 0, {}]
[{"0": [2, 1, 0, 19, 3, 2, 2, 2, 1, 1, 2, 0, 0, 1, 1, 2, 0]}, null, null, 86, false, [], false, 0, [], null, 0, 1744385410.6844742, 0, {}]
[{"0": [4, 1, 4, 4, 2, 2, 3, 0, 0, 1, 3, 4, 3, 1, 0, 18, 2]}, null, null, 87, false, [], false, 0, [], null, 0, 1744385410.8992023, 0, {}]
[{"0": [2, 0, 3, 1, 0, 1, 1, 0, 4, 4, 4, 2, 2, 2, 1, 25, 1]}, null, null, 87, false, [], false, 0, [], null, 0, 1744385411.125301, 0, {}]
[{"0": [22, 1, 1, 0, 1, 1, 5, 3, 2, 0, 1, 1, 4, 3, 1, 0, 1]}, null, null, 88, false, [], false, 0, [], null, 0, 1744385411.3489153, 0, {}]
[{"0": [2, 0, 3, 4, 0, 28, 23, 3, 1, 2, 0, 1, 5, 2, 0, 1, 6]}, null, null, 89, false, [], false, 0, [], null, 0, 1744385411.5573263, 0, {}]
[{"0": [0, 2, 1, 2, 2, 1, 0, 0, 2, 1, 2, 2, 5, 2, 1, 34, 27]}, null, null, 89, false, [], false, 0, [], null, 0, 1744385411.7741547, 0, {}]
[{"0": [2, 3, 2, 5, 3, 0, 1, 2, 1, 1, 3, 4, 2, 1, 0, 1, 4]}, null, null, 90, false, [], false, 0, [], null, 0, 1744385411.9916868, 0, {}]
[{"0": [5, 2, 4, 0, 1, 5, 3, 1, 28, 33, 25, 26, 24, 28, 30, 22, 28]}, null, null, 90, false, [], false, 0, [], null, 0, 1744385412.217054, 0, {}]
[{"0": [4, 0, 4, 0, 4, 3, 1, 38, 26, 2, 1, 2, 2, 3, 2, 2, 2]}, null, null, 91, false, [], false, 0, [], null, 0, 1744385412.4227583, 0, {}]
[{"0": [8, 2, 2, 0, 0, 0, 2, 1, 0, 0, 23, 1, 2, 1, 0, 2, 0]}, null, null, 92, false, [], false, 0, [], null, 0, 1744385412.6506593, 0, {}]
[{"0": [1, 1, 3, 0, 0, 5, 1, 4, 3, 26, 27, 2, 1, 2, 4, 0, 3]}, null, null, 92, false, [], false, 0, [], null, 0, 1744385412.849114, 0, {}]
[{"0": [0, 1, 2, 3, 0, 2, 0, 3, 2, 1, 2, 2, 3, 4, 2, 3, 1]}, null, null, 93, false, [], false, 0, [], null, 0, 1744385413.081585, 0, {}]
[{"0": [2, 1, 0, 1, 2, 3, 5, 1, 1, 6, 1, 2, 0, 26, 25, 37, 24]}, null, null, 93, false, [], false, 0, [], null, 0, 1744385413.2883484, 0, {}]
[{"0": [4, 3, 2, 4, 0, 5, 1, 30, 2, 1, 3, 1, 3, 4, 1, 3, 2]}, null, null, 94, false, [], false, 0, [], null, 0, 1744385413.5013328, 0, {}]
[{"0": [1, 27, 24, 29, 27, 25, 25, 2, 1, 3, 3, 0, 1, 5, 4, 2, 0]}, null, null, 95, false, [], false, 0, [], null, 0, 1744385413.7277393, 0, {}]
[{"0": [26, 6, 0, 2, 1, 5, 2, 2, 0, 0, 1, 3, 1, 2, 3, 2, 3]}, null, null, 95, false, [], false, 0, [], null, 0, 1744385413.9523852, 0, {}]
[{"0": [2, 2, 5, 1, 2, 0, 33, 1, 2, 2, 3, 4, 0, 4, 3, 3, 1]}, null, null, 96, false, [], false, 0, [], null, 0, 1744385414.162129, 0, {}]
[{"0": [1, 2, 4, 2, 1, 36, 33, 22, 28, 34, 31, 22, 28, 32, 26, 28, 1]}, null, null, 96, false, [], false, 0, [], null, 0, 1744385414.37483, 0, {}]
[{"0": [1, 1, 1, 3, 2, 4, 34, 23, 31, 20, 20, 0, 4, 1, 0, 0, 4]}, null, null, 97, false, [], false, 0, [], null, 0, 1744385414.5867722, 0, {}]
[{"0": [1, 1, 3, 1, 3, 0, 1, 2, 1, 2, 0, 1, 1, 2, 1, 30, 32]}, null, null, 98, false, [], false, 0, [], null, 0, 1744385414.8044066, 0, {}]
[{"0": [27, 27, 28, 31, 2, 1, 6, 2, 3, 1, 3, 2, 1, 2, 1, 1, 2]}, null, null, 98, false, [], false, 0, [], null, 0, 1744385415.0203753, 0, {}]
[{"0": [3, 2, 5, 1, 1, 4, 1, 2, 1, 1, 30, 25, 25, 32, 39, 27, 31]}, null, null, 99, false, [], false, 0, [], null, 0, 1744385415.237251, 0, {}]
[{"0": [2, 0, 41, 26, 27, 23, 28, 33, 34, 30, 25, 33, 28, 23, 27, 30, 36]}, null, null, 99, false, [], false, 0, [], null, 0, 1744385415.468038, 0, {}]
[{"0": [2, 3, 4, 0, 4, 0, 2, 3, 1, 3, 2, 3, 1, 3, 2, 35, 29]}, null, null, 100, false, [], false, 0, [], null, 0, 1744385415.6774633, 0, {}]
[{"0": [2, 1, 1, 2, 1, 2, 3, 1, 26, 32, 32, 2, 5, 4, 2, 2, 2]}, null, null, 101, false, [], false, 0, [], null, 0, 1744385415.8880508, 0, {}]
[{"0": [3, 4, 4, 2, 5, 7, 1, 0, 2, 1, 1, 1, 24, 31, 28, 19, 10]}, null, null, 101, false, [], false, 0, [], null, 0, 1744385416.1044962, 0, {}]
[{"0": [2, 3, 1, 0, 4, 1, 3, 0, 3, 44, 2, 1, 2, 1, 2, 0, 1]}, null, null, 102, false, [], false, 0, [], null, 0, 1744385416.3207078, 0, {}]
[{"0": [2, 3, 26, 29, 31, 27, 27, 24, 3, 3, 0, 3, 4, 3, 2, 2, 1]}, null, null, 102, false, [], false, 0, [], null, 0, 1744385416.543162, 0, {}]
[{"0": [6, 1, 2, 3, 3, 2, 2, 0, 3, 3, 2, 2, 4, 1, 0, 3, 1]}, null, null, 103, false, [], false, 0, [], null, 0, 1744385416.762718, 0, {}]
[{"0": [3, 1, 23, 25, 19, 37, 34, 19, 24, 31, 2, 4, 2, 1, 6, 2, 1]}, null, null, 104, false, [], false, 0, [], null, 0, 1744385416.9831626, 0, {}]
[{"0": [2, 4, 1, 3, 1, 5, 5, 5, 1, 42, 20, 26, 20, 22, 19, 1, 4]}, null, null, 104, false, [], false, 0, [], null, 0, 1744385417.193723, 0, {}]
[{"0": [1, 1, 3, 1, 4, 3, 3, 0, 2, 1, 3, 27, 30, 1, 3, 2, 2]}, null, null, 105, false, [], false, 0, [], null, 0, 1744385417.409323, 0, {}]
[{"0": [2, 1, 1, 4, 1, 6, 3, 1, 4, 5, 25, 31, 0, 4, 2, 4, 2]}, null, null, 105, false, [], false, 0, [], null, 0, 1744385417.632141, 0, {}]
[{"0": [1, 2, 3, 1, 4, 1, 1, 3, 3, 27, 0, 3, 1, 3, 1, 2, 4]}, null, null, 106, false, [], false, 0, [], null, 0, 1744385417.84123, 0, {}]
[{"0": [3, 0, 1, 2, 4, 0, 1, 1, 5, 2, 0, 1, 0, 0, 2, 36, 0]}, null, null, 107, false, [], false, 0, [], null, 0, 1744385418.0596695, 0, {}]
[{"0": [2, 0, 1, 3, 3, 3, 2, 1, 1, 1, 4, 1, 2, 27, 0, 1, 2]}, null, null, 107, false, [], false, 0, [], null, 0, 1744385418.287709, 0, {}]
[{"0": [1, 4, 2, 2, 4, 2, 2, 0, 4, 1, 2, 2, 24, 5, 3, 1, 1]}, null, null, 108, false, [], false, 0, [], null, 0, 1744385418.5021272, 0, {}]
[{"0": [1, 24, 27, 26, 1, 0, 1, 1, 2, 1, 1, 1, 3, 2, 1, 2, 3]}, null, null, 108, false, [], false, 0, [], null, 0, 1744385418.7176507, 0, {}]
[{"0": [1, 4, 3, 1, 5, 2, 3, 1, 1, 2, 1, 2, 3, 2, 1, 31, 26]}, null, null, 109, false, [], false, 0, [], null, 0, 1744385418.923437, 0, {}]
[{"0": [0, 2, 0, 1, 3, 2, 3, 3, 2, 1, 1, 3, 1, 0, 2, 2, 1]}, null, null, 110, false, [], false, 0, [], null, 0, 1744385419.136515, 0, {}]
[{"0": [2, 2, 1, 2, 1, 1, 37, 34, 28, 32, 30, 19, 33, 28, 31, 3, 1]}, null, null, 110, false, [], false, 0, [], null, 0, 1744385419.3718653, 0, {}]
[{"0": [1, 1, 0, 5, 2, 2, 2, 2, 2, 19, 32, 15, 2, 4, 1, 2, 4]}, null, null, 111, false, [], false, 0, [], null, 0, 1744385419.581867, 0, {}]
[{"0": [0, 3, 1, 0, 1, 0, 4, 1, 32, 28, 30, 29, 26, 28, 1, 1, 1]}, null, null, 111, false, [], false, 0, [], null, 0, 1744385419.7904322, 0, {}]
[{"0": [0, 1, 1, 1, 1, 5, 3, 2, 2, 2, 2, 2, 1, 3, 16, 31, 24]}, null, null, 112, false, [], false, 0, [], null, 0, 1744385420.0184512, 0, {}]
[{"0": [1, 2, 2, 1, 1, 1, 1, 2, 0, 25, 19, 28, 17, 22, 32, 26, 27]}, null, null, 113, false, [], false, 0, [], null, 0, 1744385420.2320292, 0, {}]
[{"0": [2, 3, 1, 2, 2, 4, 4, 0, 2, 3, 0, 1, 1, 1, 1, 1, 3]}, null, null, 113, false, [], false, 0, [], null, 0, 1744385420.4483855, 0, {}]
[{"0": [2, 0, 2, 3, 2, 2, 4, 32, 2, 4, 2, 1, 4, 0, 2, 2, 3]}, null, null, 114, false, [], false, 0, [], null, 0, 1744385420.656242, 0, {}]
[{"0": [0, 1, 0, 4, 2, 1, 3, 1, 3, 5, 3, 1, 2, 29, 32, 28, 24]}, null, null, 114, false, [], false, 0, [], null, 0, 1744385420.8836286, 0, {}]
[{"0": [0, 2, 25, 24, 29, 26, 23, 28, 1, 1, 1, 1, 1, 0, 3, 1, 5]}, null, null, 115, false, [], false, 0, [], null, 0, 1744385421.0967867, 0, {}]
[{"0": [1, 2, 0, 3, 0, 2, 2, 28, 29, 1, 2, 2, 3, 1, 0, 2, 0]}, null, null, 116, false, [], false, 0, [], null, 0, 1744385421.3011982, 0, {}]
[{"0": [1, 0, 2, 1, 1, 3, 3, 2, 2, 1, 0, 1, 29, 31, 3, 2, 3]}, null, null, 116, false, [], false, 0, [], null, 0, 1744385421.5153542, 0, {}]
[{"0": [22, 24, 27, 22, 27, 30, 28, 25, 1, 0, 2, 3, 2, 4, 4, 3, 4]}, null, null, 117, false, [], false, 0, [], null, 0, 1744385421.7430701, 0, {}]
[{"0": [2, 2, 0, 3, 1, 1, 1, 1, 4, 1, 1, 0, 1, 0, 4, 30, 31]}, null, null, 117, false, [], false, 0, [], null, 0, 1744385421.9548237, 0, {}]
[{"0": [0, 3, 3, 3, 1, 4, 1, 23, 3, 1, 1, 2, 0, 0, 3, 3, 1]}, null, null, 118, false, [], false, 0, [], null, 0, 1744385422.1728938, 0, {}]
[{"0": [0, 3, 32, 27, 26, 25, 31, 1, 1, 3, 1, 0, 4, 2, 1, 0, 2]}, null, null, 119, false, [], false, 0, [], null, 0, 1744385422.3878436, 0, {}]
[{"0": [1, 0, 2, 3, 0, 2, 2, 3, 23, 22, 5, 3, 4, 5, 1, 1, 2]}, null, null, 119, false, [], false, 0, [], null, 0, 1744385422.612028, 0, {}]
[{"0": [0, 4, 2, 2, 2, 1, 26, 0, 3, 1, 2, 1, 2, 2, 1, 2, 1]}, null, null, 120, false, [], false, 0, [], null, 0, 1744385422.8311331, 0, {}]
[{"0": [4, 1, 0, 30, 21, 28, 31, 38, 34, 28, 21, 1, 3, 2, 0, 1, 3]}, null, null, 120, false, [], false, 0, [], null, 0, 1744385423.0385334, 0, {}]
[{"0": [30, 24, 33, 2, 1, 1, 0, 2, 1, 0, 0, 4, 1, 2, 0, 4, 3]}, null, null, 121, false, [], false, 0, [], null, 0, 1744385423.2459717, 0, {}]
[{"0": [2, 3, 4, 0, 3, 5, 3, 1, 5, 1, 1, 2, 0, 3, 0, 1, 26]}, null, null, 122, false, [], false, 0, [], null, 0, 1744385423.4798844, 0, {}]
[{"0": [4, 2, 2, 3, 0, 0, 4, 3, 2, 2, 2, 19, 20, 27, 28, 24, 26]}, null, null, 122, false, [], false, 0, [], null, 0, 1744385423.6855104, 0, {}]
[{"0": [1, 5, 2, 1, 2, 0, 3, 4, 4, 30, 28, 1, 0, 1, 4, 1, 2]}, null, null, 123, false, [], false, 0, [], null, 0, 1744385423.9029086, 0, {}]
[{"0": [3, 1, 3, 1, 22, 28, 1, 3, 4, 1, 0, 2, 1, 2, 2, 0, 2]}, null, null, 123, false, [], false, 0, [], null, 0, 1744385424.1320198, 0, {}]
[{"0": [18, 1, 1, 1, 1, 2, 0, 1, 3, 0, 3, 1, 2, 1, 2, 3, 0]}, null, null, 124, false, [], false, 0, [], null, 0, 1744385424.3376715, 0, {}]
[{"0": [1, 1, 2, 31, 2, 0, 1, 1, 3, 4, 1, 5, 1, 2, 2, 2, 3]}, null, null, 125, false, [], false, 0, [], null, 0, 1744385424.5524886, 0, {}]
[{"0": [2, 3, 2, 3, 2, 3, 0, 1, 0, 2, 1, 1, 36, 30, 32, 26, 28]}, null, null, 125, false, [], false, 0, [], null, 0, 1744385424.7776592, 0, {}]
[{"0": [2, 3, 4, 0, 0, 1, 1, 4, 2, 0, 27, 1, 2, 1, 4, 0, 4]}, null, null, 126, false, [], false, 0, [], null, 0, 1744385424.997041, 0, {}]
[{"0": [0, 2, 2, 0, 5, 26, 40, 32, 0, 3, 1, 1, 2, 0, 2, 1, 3]}, null, null, 127, false, [], false, 0, [], null, 0, 1744385425.2156074, 0, {}]
[{"0": [1, 1, 2, 1, 2, 29, 1, 5, 0, 2, 2, 0, 2, 1, 3, 1, 0]}, null, null, 127, false, [], false, 0, [], null, 0, 1744385425.425531, 0, {}]
[{"0": [2, 2, 2, 3, 2, 3, 1, 1, 0, 3, 26, 0, 1, 2, 1, 1, 1]}, null, null, 128, false, [], false, 0, [], null, 0, 1744385425.6399367, 0, {}]
[{"0": [2, 5, 2, 3, 2, 1, 3, 1, 5, 31, 30, 20, 34, 29, 39, 25, 20]}, null, null, 128, false, [], false, 0, [], null, 0, 1744385425.8528779, 0, {}]
[{"0": [2, 4, 1, 3, 1, 0, 2, 1, 24, 27, 28, 33, 29, 33, 37, 40, 23]}, null, null, 129, false, [], false, 0, [], null, 0, 1744385426.0706813, 0, {}]
[{"0": [1, 1, 2, 1, 3, 24, 25, 35, 3, 3, 3, 3, 0, 6, 2, 1, 1]}, null, null, 130, false, [], false, 0, [], null, 0, 1744385426.2909591, 0, {}]
[{"0": [30, 30, 22, 28, 25, 36, 25, 1, 1, 2, 1, 1, 4, 1, 3, 1, 1]}, null, null, 130, false, [], false, 0, [], null, 0, 1744385426.5191057, 0, {}]
[{"0": [35, 28, 31, 26, 36, 32, 34, 28, 24, 28, 30, 29, 32, 35, 27, 35, 28]}, null, null, 131, false, [], false, 0, [], null, 0, 1744385426.7290938, 0, {}]
[{"0": [6, 2, 1, 1, 3, 1, 2, 6, 2, 2, 1, 1, 2, 1, 2, 26, 26]}, null, null, 131, false, [], false, 0, [], null, 0, 1744385426.9403007, 0, {}]
[{"0": [1, 3, 3, 1, 0, 1, 3, 3, 4, 5, 4, 4, 3, 39, 24, 28, 27]}, null, null, 132, false, [], false, 0, [], null, 0, 1744385427.155921, 0, {}]
[{"0": [38, 2, 2, 0, 0, 2, 6, 1, 4, 2, 6, 1, 4, 0, 1, 1, 0]}, null, null, 133, false, [], false, 0, [], null, 0, 1744385427.374986, 0, {}]
[{"0": [3, 4, 4, 0, 4, 1, 0, 35, 35, 3, 2, 1, 0, 0, 2, 2, 3]}, null, null, 133, false, [], false, 0, [], null, 0, 1744385427.5934398, 0, {}]
[{"0": [2, 1, 25, 27, 34, 3, 1, 3, 3, 0, 2, 2, 2, 2, 4, 4, 1]}, null, null, 134, false, [], false, 0, [], null, 0, 1744385427.801209, 0, {}]
[{"0": [1, 0, 1, 1, 3, 1, 3, 3, 3, 2, 27, 25, 22, 20, 29, 36, 30]}, null, null, 134, false, [], false, 0, [], null, 0, 1744385428.028175, 0, {}]
[{"0": [2, 0, 4, 21, 3, 1, 1, 0, 2, 2, 3, 1, 2, 1, 1, 1, 1]}, null, null, 135, false, [], false, 0, [], null, 0, 1744385428.235653, 0, {}]
[{"0": [39, 0, 0, 3, 1, 5, 2, 0, 1, 1, 2, 1, 2, 0, 2, 5, 1]}, null, null, 136, false, [], false, 0, [], null, 0, 1744385428.4724767, 0, {}]
[{"0": [2, 1, 0, 0, 1, 1, 2, 1, 1, 2, 2, 1, 29, 34, 26, 2, 1]}, null, null, 136, false, [], false, 0, [], null, 0, 1744385428.6771748, 0, {}]
[{"0": [38, 1, 1, 0, 2, 3, 2, 2, 2, 3, 2, 2, 0, 1, 2, 1, 0]}, null, null, 137, false, [], false, 0, [], null, 0, 1744385428.9065535, 0, {}]
[{"0": [1, 1, 2, 0, 3, 4, 27, 25, 29, 1, 0, 2, 0, 1, 4, 3, 0]}, null, null, 137, false, [], false, 0, [], null, 0, 1744385429.1161323, 0, {}]
[{"0": [1, 2, 4, 2, 2, 0, 2, 2, 3, 1, 1, 0, 1, 0, 34, 28, 0]}, null, null, 138, false, [], false, 0, [], null, 0, 1744385429.3296616, 0, {}]
[{"0": [1, 2, 0, 1, 0, 3, 1, 2, 1, 2, 2, 3, 3, 1, 4, 22, 29]}, null, null, 139, false, [], false, 0, [], null, 0, 1744385429.5377278, 0, {}]
[{"0": [1, 1, 2, 2, 2, 3, 1, 3, 1, 3, 26, 39, 24, 28, 27, 18, 33]}, null, null, 139, false, [], false, 0, [], null, 0, 1744385429.7730775, 0, {}]
[{"0": [4, 0, 5, 0, 0, 2, 1, 1, 23, 20, 15, 31, 36, 15, 22, 29, 25]}, null, null, 140, false, [], false, 0, [], null, 0, 1744385429.9710605, 0, {}]
[{"0": [2, 2, 1, 3, 0, 3, 2, 1, 0, 0, 2, 0, 0, 2, 4, 25, 3]}, null, null, 140, false, [], false, 0, [], null, 0, 1744385430.196486, 0, {}]
[{"0": [1, 31, 36, 38, 24, 29, 26, 31, 6, 1, 0, 0, 3, 2, 1, 2, 1]}, null, null, 141, false, [], false, 0, [], null, 0, 1744385430.412741, 0, {}]
[{"0": [2, 2, 25, 28, 35, 19, 3, 0, 1, 3, 1, 1, 4, 4, 1, 4, 3]}, null, null, 142, false, [], false, 0, [], null, 0, 1744385430.6350107, 0, {}]
[{"0": [2, 1, 2, 0, 3, 3, 1, 1, 2, 0, 1, 3, 29, 35, 31, 35, 3]}, null, null, 142, false, [], false, 0, [], null, 0, 1744385430.8579931, 0, {}]
[{"0": [1, 32, 1, 2, 2, 1, 1, 0, 5, 3, 2, 2, 4, 3, 1, 2, 1]}, null, null, 143, false, [], false, 0, [], null, 0, 1744385431.0635374, 0, {}]
[{"0": [2, 1, 32, 34, 28, 35, 30, 27, 40, 26, 32, 2, 1, 1, 1, 3, 1]}, null, null, 143, false, [], false, 0, [], null, 0, 1744385431.2649481, 0, {}]
[{"0": [1, 1, 2, 1, 3, 32, 34, 39, 14, 23, 21, 41, 27, 28, 27, 1, 2]}, null, null, 144, false, [], false, 0, [], null, 0, 1744385431.486381, 0, {}]
[{"0": [3, 2, 1, 0, 4, 1, 3, 0, 3, 2, 1, 1, 3, 24, 19, 1, 1]}, null, null, 145, false, [], false, 0, [], null, 0, 1744385431.706092, 0, {}]
[{"0": [1, 2, 3, 2, 1, 3, 2, 0, 1, 2, 2, 3, 22, 28, 14, 33, 28]}, null, null, 145, false, [], false, 0, [], null, 0, 1744385431.9482367, 0, {}]
[{"0": [27, 28, 27, 27, 22, 29, 36, 21, 19, 2, 3, 2, 1, 4, 0, 0, 1]}, null, null, 146, false, [], false, 0, [], null, 0, 1744385432.1355264, 0, {}]
[{"0": [3, 1, 4, 1, 26, 32, 29, 27, 3, 2, 0, 0, 4, 3, 1, 2, 0]}, null, null, 146, false, [], false, 0, [], null, 0, 1744385432.3566096, 0, {}]
[{"0": [1, 1, 1, 1, 5, 0, 2, 2, 0, 2, 1, 3, 1, 1, 1, 20, 2]}, null, null, 147, false, [], false, 0, [], null, 0, 1744385432.5908601, 0, {}]
[{"0": [1, 1, 0, 3, 3, 1, 1, 34, 2, 2, 0, 0, 1, 3, 2, 0, 3]}, null, null, 148, false, [], false, 0, [], null, 0, 1744385432.797507, 0, {}]
[{"0": [3, 1, 1, 1, 2, 3, 26, 22, 26, 27, 3, 3, 1, 2, 0, 2, 4]}, null, null, 148, false, [], false, 0, [], null, 0, 1744385433.0070817, 0, {}]
[{"0": [2, 2, 2, 2, 6, 2, 0, 3, 3, 18, 17, 0, 1, 4, 1, 0, 1]}, null, null, 149, false, [], false, 0, [], null, 0, 1744385433.2202532, 0, {}]
[{"0": [1, 1, 23, 28, 24, 26, 13, 1, 1, 4, 2, 3, 0, 1, 3, 2, 1]}, null, null, 149, false, [], false, 0, [], null, 0, 1744385433.4401734, 0, {}]
[{"0": [3, 1, 1, 1, 0, 3, 31, 22, 20, 24, 28, 29, 2, 4, 2, 1, 2]}, null, null, 150, true, [], false, 0, [], null, 0, 1744385433.660295, 0, {}]
