[{"0": [25, 38, 35, 23, 28, 19, 26, 30, 32, 31, 29, 5, 1, 2, 1, 3, 0]}, null, null, 0, false, [], false, 0, [], null, 0, 1744383222.1815734, 0, {}]
[{"0": [3, 3, 2, 1, 0, 0, 0, 1, 34, 29, 26, 33, 23, 22, 27, 25, 1]}, null, null, 1, false, [], false, 0, [], null, 0, 1744383222.4001987, 0, {}]
[{"0": [2, 0, 32, 33, 33, 2, 3, 1, 1, 1, 1, 5, 4, 3, 0, 0, 3]}, null, null, 1, false, [], false, 0, [], null, 0, 1744383222.6128175, 0, {}]
[{"0": [5, 3, 3, 2, 0, 34, 33, 15, 26, 32, 40, 23, 29, 23, 21, 1, 2]}, null, null, 2, false, [], false, 0, [], null, 0, 1744383222.84117, 0, {}]
[{"0": [1, 1, 2, 1, 1, 32, 30, 23, 27, 25, 39, 2, 2, 3, 2, 0, 1]}, null, null, 2, false, [], false, 0, [], null, 0, 1744383223.0721788, 0, {}]
[{"0": [1, 2, 2, 2, 0, 1, 3, 2, 8, 24, 1, 2, 1, 2, 8, 2, 3]}, null, null, 3, false, [], false, 0, [], null, 0, 1744383223.2679517, 0, {}]
[{"0": [1, 0, 3, 5, 24, 18, 14, 2, 2, 4, 3, 2, 2, 1, 1, 2, 3]}, null, null, 4, false, [], false, 0, [], null, 0, 1744383223.483408, 0, {}]
[{"0": [1, 0, 6, 1, 1, 0, 1, 0, 2, 3, 0, 1, 25, 29, 34, 30, 25]}, null, null, 4, false, [], false, 0, [], null, 0, 1744383223.7044644, 0, {}]
[{"0": [4, 2, 0, 2, 3, 2, 0, 2, 0, 2, 1, 20, 26, 22, 27, 20, 28]}, null, null, 5, false, [], false, 0, [], null, 0, 1744383223.9275753, 0, {}]
[{"0": [3, 1, 4, 0, 0, 1, 2, 2, 3, 2, 0, 2, 27, 28, 34, 31, 29]}, null, null, 5, false, [], false, 0, [], null, 0, 1744383224.1489706, 0, {}]
[{"0": [4, 1, 0, 0, 0, 2, 0, 3, 1, 0, 3, 3, 2, 30, 22, 27, 27]}, null, null, 6, false, [], false, 0, [], null, 0, 1744383224.3577037, 0, {}]
[{"0": [23, 2, 3, 2, 1, 2, 1, 3, 1, 0, 0, 0, 3, 1, 0, 3, 2]}, null, null, 7, false, [], false, 0, [], null, 0, 1744383224.5925448, 0, {}]
[{"0": [2, 0, 1, 2, 2, 4, 0, 2, 1, 1, 2, 1, 1, 2, 1, 0, 31]}, null, null, 7, false, [], false, 0, [], null, 0, 1744383224.7849057, 0, {}]
[{"0": [1, 0, 2, 4, 4, 2, 6, 3, 1, 3, 1, 27, 3, 3, 0, 1, 2]}, null, null, 8, false, [], false, 0, [], null, 0, 1744383225.0130694, 0, {}]
[{"0": [2, 6, 1, 1, 1, 1, 3, 0, 5, 0, 0, 0, 1, 4, 31, 31, 23]}, null, null, 8, false, [], false, 0, [], null, 0, 1744383225.2224963, 0, {}]
[{"0": [2, 4, 3, 3, 2, 4, 2, 4, 2, 2, 3, 6, 24, 22, 31, 33, 28]}, null, null, 9, false, [], false, 0, [], null, 0, 1744383225.4478881, 0, {}]
[{"0": [2, 1, 3, 4, 3, 2, 3, 0, 1, 0, 1, 1, 18, 0, 0, 1, 0]}, null, null, 10, false, [], false, 0, [], null, 0, 1744383225.6609097, 0, {}]
[{"0": [3, 4, 2, 1, 4, 0, 2, 1, 0, 2, 7, 0, 0, 1, 5, 0, 22]}, null, null, 10, false, [], false, 0, [], null, 0, 1744383225.8709168, 0, {}]
[{"0": [2, 2, 1, 2, 2, 1, 33, 23, 2, 3, 3, 3, 2, 2, 1, 4, 1]}, null, null, 11, false, [], false, 0, [], null, 0, 1744383226.0821857, 0, {}]
[{"0": [1, 2, 2, 2, 3, 2, 1, 1, 2, 2, 2, 29, 20, 23, 24, 32, 20]}, null, null, 11, false, [], false, 0, [], null, 0, 1744383226.3030825, 0, {}]
[{"0": [3, 2, 2, 3, 0, 0, 3, 0, 29, 31, 25, 31, 26, 15, 26, 34, 33]}, null, null, 12, false, [], false, 0, [], null, 0, 1744383226.5341444, 0, {}]
[{"0": [1, 1, 1, 4, 3, 6, 2, 2, 2, 2, 3, 4, 2, 1, 3, 23, 28]}, null, null, 13, false, [], false, 0, [], null, 0, 1744383226.7356155, 0, {}]
[{"0": [4, 1, 5, 2, 2, 3, 2, 3, 1, 29, 2, 1, 7, 4, 5, 2, 3]}, null, null, 13, false, [], false, 0, [], null, 0, 1744383226.9500165, 0, {}]
[{"0": [1, 0, 3, 1, 1, 4, 2, 3, 17, 23, 26, 25, 27, 26, 2, 0, 1]}, null, null, 14, false, [], false, 0, [], null, 0, 1744383227.1735046, 0, {}]
[{"0": [1, 0, 0, 29, 3, 1, 3, 0, 2, 4, 1, 1, 1, 3, 2, 2, 0]}, null, null, 14, false, [], false, 0, [], null, 0, 1744383227.39085, 0, {}]
[{"0": [2, 0, 1, 28, 21, 23, 24, 37, 30, 17, 7, 0, 1, 1, 2, 2, 4]}, null, null, 15, false, [], false, 0, [], null, 0, 1744383227.5983553, 0, {}]
[{"0": [33, 21, 30, 1, 4, 0, 0, 1, 4, 1, 4, 1, 0, 2, 1, 3, 1]}, null, null, 16, false, [], false, 0, [], null, 0, 1744383227.8248727, 0, {}]
[{"0": [2, 1, 2, 1, 1, 1, 2, 1, 1, 4, 17, 3, 0, 0, 1, 4, 1]}, null, null, 16, false, [], false, 0, [], null, 0, 1744383228.0314555, 0, {}]
[{"0": [0, 1, 1, 1, 2, 3, 2, 1, 2, 3, 21, 28, 31, 23, 31, 34, 2]}, null, null, 17, false, [], false, 0, [], null, 0, 1744383228.2577477, 0, {}]
[{"0": [3, 4, 4, 4, 2, 1, 1, 5, 0, 3, 6, 3, 2, 2, 3, 0, 2]}, null, null, 17, false, [], false, 0, [], null, 0, 1744383228.4719384, 0, {}]
[{"0": [3, 1, 3, 0, 3, 1, 3, 3, 1, 3, 34, 3, 1, 3, 0, 0, 3]}, null, null, 18, false, [], false, 0, [], null, 0, 1744383228.6866968, 0, {}]
[{"0": [0, 3, 0, 24, 44, 26, 35, 33, 37, 34, 21, 23, 23, 25, 25, 22, 33]}, null, null, 19, false, [], false, 0, [], null, 0, 1744383228.9145854, 0, {}]
[{"0": [0, 0, 0, 3, 7, 1, 2, 26, 22, 31, 29, 5, 0, 3, 1, 3, 3]}, null, null, 19, false, [], false, 0, [], null, 0, 1744383229.1344628, 0, {}]
[{"0": [2, 0, 3, 2, 0, 2, 1, 3, 4, 4, 2, 2, 20, 25, 31, 45, 22]}, null, null, 20, false, [], false, 0, [], null, 0, 1744383229.354917, 0, {}]
[{"0": [0, 0, 0, 4, 2, 3, 1, 3, 0, 2, 1, 1, 1, 2, 2, 4, 34]}, null, null, 20, false, [], false, 0, [], null, 0, 1744383229.5682452, 0, {}]
[{"0": [2, 2, 1, 3, 1, 6, 2, 2, 0, 1, 1, 3, 31, 25, 25, 28, 0]}, null, null, 21, false, [], false, 0, [], null, 0, 1744383229.7717977, 0, {}]
[{"0": [2, 4, 1, 1, 1, 1, 0, 3, 4, 32, 4, 3, 2, 1, 3, 1, 3]}, null, null, 22, false, [], false, 0, [], null, 0, 1744383229.9945815, 0, {}]
[{"0": [1, 4, 4, 2, 4, 2, 1, 4, 2, 4, 2, 1, 2, 3, 1, 0, 3]}, null, null, 22, false, [], false, 0, [], null, 0, 1744383230.2083986, 0, {}]
[{"0": [4, 2, 1, 1, 22, 1, 2, 3, 1, 1, 1, 2, 1, 3, 1, 3, 2]}, null, null, 23, false, [], false, 0, [], null, 0, 1744383230.4145439, 0, {}]
[{"0": [1, 2, 2, 1, 2, 1, 3, 0, 1, 1, 3, 1, 22, 16, 20, 5, 1]}, null, null, 23, false, [], false, 0, [], null, 0, 1744383230.6292317, 0, {}]
[{"0": [2, 0, 3, 2, 1, 1, 0, 29, 26, 26, 29, 32, 1, 2, 5, 4, 2]}, null, null, 24, false, [], false, 0, [], null, 0, 1744383230.868294, 0, {}]
[{"0": [2, 0, 2, 0, 1, 2, 3, 3, 0, 41, 24, 17, 36, 29, 29, 38, 23]}, null, null, 25, false, [], false, 0, [], null, 0, 1744383231.0838115, 0, {}]
[{"0": [2, 1, 4, 6, 0, 0, 3, 1, 3, 1, 20, 27, 23, 38, 34, 31, 26]}, null, null, 25, false, [], false, 0, [], null, 0, 1744383231.2908902, 0, {}]
[{"0": [0, 2, 2, 1, 1, 1, 3, 4, 1, 4, 4, 2, 1, 0, 1, 1, 30]}, null, null, 26, false, [], false, 0, [], null, 0, 1744383231.512001, 0, {}]
[{"0": [1, 1, 0, 1, 1, 1, 2, 3, 2, 3, 1, 0, 27, 26, 1, 1, 2]}, null, null, 27, false, [], false, 0, [], null, 0, 1744383231.7206812, 0, {}]
[{"0": [3, 0, 1, 0, 4, 1, 2, 4, 5, 1, 2, 0, 2, 0, 1, 40, 28]}, null, null, 27, false, [], false, 0, [], null, 0, 1744383231.9412136, 0, {}]
[{"0": [0, 3, 1, 1, 4, 0, 2, 1, 1, 17, 29, 30, 28, 36, 24, 30, 24]}, null, null, 28, false, [], false, 0, [], null, 0, 1744383232.146297, 0, {}]
[{"0": [0, 5, 20, 24, 34, 37, 20, 26, 28, 2, 6, 1, 0, 2, 4, 1, 2]}, null, null, 28, false, [], false, 0, [], null, 0, 1744383232.3722389, 0, {}]
[{"0": [1, 4, 2, 3, 1, 3, 2, 3, 27, 26, 21, 26, 35, 26, 32, 26, 37]}, null, null, 29, false, [], false, 0, [], null, 0, 1744383232.5917187, 0, {}]
[{"0": [1, 1, 2, 2, 2, 2, 2, 2, 1, 2, 2, 0, 0, 3, 2, 3, 1]}, null, null, 30, false, [], false, 0, [], null, 0, 1744383232.7987845, 0, {}]
[{"0": [2, 1, 1, 2, 4, 0, 5, 2, 1, 3, 1, 4, 1, 2, 2, 2, 0]}, null, null, 30, false, [], false, 0, [], null, 0, 1744383233.0198283, 0, {}]
[{"0": [3, 31, 0, 3, 0, 0, 2, 2, 1, 0, 3, 1, 3, 2, 2, 1, 1]}, null, null, 31, false, [], false, 0, [], null, 0, 1744383233.2508018, 0, {}]
[{"0": [2, 2, 0, 2, 1, 2, 0, 0, 3, 32, 24, 30, 23, 36, 32, 3, 3]}, null, null, 31, false, [], false, 0, [], null, 0, 1744383233.4558878, 0, {}]
[{"0": [1, 1, 1, 5, 2, 4, 1, 3, 1, 2, 0, 4, 3, 0, 0, 1, 2]}, null, null, 32, false, [], false, 0, [], null, 0, 1744383233.67753, 0, {}]
[{"0": [2, 1, 0, 3, 0, 0, 3, 4, 1, 3, 0, 2, 1, 2, 1, 22, 28]}, null, null, 33, false, [], false, 0, [], null, 0, 1744383233.8878028, 0, {}]
[{"0": [0, 4, 35, 36, 33, 2, 4, 1, 7, 4, 0, 5, 2, 0, 2, 1, 2]}, null, null, 33, false, [], false, 0, [], null, 0, 1744383234.0955434, 0, {}]
[{"0": [2, 2, 2, 4, 2, 1, 1, 1, 0, 30, 2, 3, 1, 1, 1, 1, 2]}, null, null, 34, false, [], false, 0, [], null, 0, 1744383234.3151999, 0, {}]
[{"0": [29, 28, 35, 2, 2, 1, 1, 1, 2, 3, 4, 2, 2, 0, 3, 0, 2]}, null, null, 34, false, [], false, 0, [], null, 0, 1744383234.5440657, 0, {}]
[{"0": [3, 1, 3, 0, 2, 3, 0, 2, 2, 1, 20, 1, 3, 0, 1, 4, 2]}, null, null, 35, false, [], false, 0, [], null, 0, 1744383234.757083, 0, {}]
[{"0": [2, 2, 1, 0, 3, 2, 3, 2, 2, 2, 0, 0, 5, 1, 22, 40, 27]}, null, null, 36, false, [], false, 0, [], null, 0, 1744383234.956074, 0, {}]
[{"0": [1, 0, 2, 3, 1, 2, 1, 4, 2, 1, 1, 2, 24, 31, 28, 31, 28]}, null, null, 36, false, [], false, 0, [], null, 0, 1744383235.1826804, 0, {}]
[{"0": [2, 1, 5, 1, 1, 2, 4, 0, 2, 1, 1, 1, 32, 32, 36, 42, 32]}, null, null, 37, false, [], false, 0, [], null, 0, 1744383235.4171937, 0, {}]
[{"0": [1, 1, 0, 3, 1, 1, 0, 2, 1, 2, 3, 0, 2, 1, 2, 2, 35]}, null, null, 37, false, [], false, 0, [], null, 0, 1744383235.6348796, 0, {}]
[{"0": [3, 1, 1, 1, 1, 3, 3, 19, 20, 0, 0, 2, 2, 3, 1, 1, 2]}, null, null, 38, false, [], false, 0, [], null, 0, 1744383235.8268661, 0, {}]
[{"0": [2, 26, 1, 2, 1, 2, 0, 3, 3, 1, 3, 1, 2, 4, 2, 3, 3]}, null, null, 39, false, [], false, 0, [], null, 0, 1744383236.0599685, 0, {}]
[{"0": [1, 2, 1, 1, 1, 0, 1, 28, 42, 31, 35, 30, 26, 30, 27, 32, 36]}, null, null, 39, false, [], false, 0, [], null, 0, 1744383236.2772615, 0, {}]
[{"0": [2, 2, 3, 3, 1, 1, 1, 2, 2, 24, 17, 2, 1, 2, 3, 0, 3]}, null, null, 40, false, [], false, 0, [], null, 0, 1744383236.4878733, 0, {}]
[{"0": [3, 5, 2, 2, 2, 3, 23, 26, 23, 26, 40, 25, 31, 16, 41, 27, 31]}, null, null, 40, false, [], false, 0, [], null, 0, 1744383236.7173939, 0, {}]
[{"0": [2, 1, 1, 30, 22, 31, 27, 20, 35, 38, 32, 26, 35, 3, 2, 2, 1]}, null, null, 41, false, [], false, 0, [], null, 0, 1744383236.9281301, 0, {}]
[{"0": [2, 4, 2, 2, 4, 1, 2, 3, 1, 28, 25, 37, 39, 23, 25, 32, 30]}, null, null, 42, false, [], false, 0, [], null, 0, 1744383237.142328, 0, {}]
[{"0": [5, 3, 1, 32, 0, 3, 5, 1, 3, 1, 0, 2, 3, 3, 0, 2, 4]}, null, null, 42, false, [], false, 0, [], null, 0, 1744383237.364695, 0, {}]
[{"0": [5, 3, 2, 0, 1, 3, 2, 2, 1, 0, 6, 1, 1, 1, 26, 27, 0]}, null, null, 43, false, [], false, 0, [], null, 0, 1744383237.5745478, 0, {}]
[{"0": [34, 3, 4, 2, 3, 2, 0, 1, 0, 1, 2, 1, 1, 1, 2, 1, 3]}, null, null, 43, false, [], false, 0, [], null, 0, 1744383237.7757733, 0, {}]
[{"0": [1, 5, 1, 2, 1, 5, 1, 4, 3, 1, 0, 4, 1, 0, 3, 29, 35]}, null, null, 44, false, [], false, 0, [], null, 0, 1744383238.014359, 0, {}]
[{"0": [2, 1, 2, 3, 2, 3, 2, 4, 1, 2, 1, 3, 3, 1, 1, 0, 5]}, null, null, 45, false, [], false, 0, [], null, 0, 1744383238.2243938, 0, {}]
[{"0": [2, 0, 0, 1, 4, 1, 3, 1, 0, 27, 27, 32, 34, 18, 26, 31, 26]}, null, null, 45, false, [], false, 0, [], null, 0, 1744383238.4250596, 0, {}]
[{"0": [3, 1, 0, 3, 2, 0, 3, 1, 35, 33, 43, 23, 28, 26, 0, 3, 1]}, null, null, 46, false, [], false, 0, [], null, 0, 1744383238.65173, 0, {}]
[{"0": [0, 6, 5, 4, 2, 1, 2, 3, 16, 3, 3, 1, 1, 1, 3, 4, 1]}, null, null, 46, false, [], false, 0, [], null, 0, 1744383238.8752322, 0, {}]
[{"0": [1, 1, 3, 5, 4, 1, 3, 3, 4, 0, 1, 1, 20, 1, 2, 3, 3]}, null, null, 47, false, [], false, 0, [], null, 0, 1744383239.0968368, 0, {}]
[{"0": [2, 2, 2, 3, 3, 1, 2, 2, 2, 2, 1, 2, 16, 23, 25, 0, 7]}, null, null, 48, false, [], false, 0, [], null, 0, 1744383239.3162677, 0, {}]
[{"0": [5, 2, 1, 1, 29, 19, 22, 1, 2, 1, 2, 1, 1, 3, 6, 3, 2]}, null, null, 48, false, [], false, 0, [], null, 0, 1744383239.5200453, 0, {}]
[{"0": [6, 1, 1, 0, 2, 0, 0, 5, 0, 2, 3, 2, 37, 3, 2, 1, 3]}, null, null, 49, false, [], false, 0, [], null, 0, 1744383239.732592, 0, {}]
[{"0": [1, 2, 0, 2, 1, 1, 3, 4, 9, 1, 27, 36, 37, 18, 34, 16, 24]}, null, null, 49, false, [], false, 0, [], null, 0, 1744383239.9546165, 0, {}]
[{"0": [3, 4, 0, 2, 1, 33, 2, 4, 1, 0, 2, 2, 1, 4, 1, 2, 2]}, null, null, 50, false, [], false, 0, [], null, 0, 1744383240.1847808, 0, {}]
[{"0": [4, 4, 1, 0, 14, 36, 32, 26, 1, 1, 2, 1, 1, 3, 2, 3, 0]}, null, null, 51, false, [], false, 0, [], null, 0, 1744383240.3993971, 0, {}]
[{"0": [1, 2, 33, 24, 37, 35, 24, 2, 5, 3, 6, 2, 1, 0, 1, 1, 1]}, null, null, 51, false, [], false, 0, [], null, 0, 1744383240.5942125, 0, {}]
[{"0": [19, 26, 42, 22, 32, 25, 29, 1, 4, 3, 3, 1, 1, 2, 2, 2, 1]}, null, null, 52, false, [], false, 0, [], null, 0, 1744383240.8224099, 0, {}]
[{"0": [2, 0, 5, 5, 3, 6, 33, 29, 3, 4, 1, 2, 1, 1, 4, 1, 4]}, null, null, 52, false, [], false, 0, [], null, 0, 1744383241.04005, 0, {}]
[{"0": [30, 35, 18, 30, 23, 27, 40, 29, 27, 23, 35, 33, 30, 30, 37, 27, 35]}, null, null, 53, false, [], false, 0, [], null, 0, 1744383241.2617567, 0, {}]
[{"0": [1, 2, 1, 2, 1, 0, 0, 1, 3, 1, 3, 1, 6, 0, 3, 1, 0]}, null, null, 54, false, [], false, 0, [], null, 0, 1744383241.4580765, 0, {}]
[{"0": [33, 35, 21, 25, 37, 27, 32, 23, 29, 34, 32, 28, 28, 40, 4, 7, 1]}, null, null, 54, false, [], false, 0, [], null, 0, 1744383241.6937807, 0, {}]
[{"0": [5, 2, 1, 1, 2, 2, 4, 0, 2, 2, 1, 1, 6, 4, 2, 1, 5]}, null, null, 55, false, [], false, 0, [], null, 0, 1744383241.8967867, 0, {}]
[{"0": [3, 1, 2, 2, 1, 28, 23, 30, 42, 28, 32, 30, 20, 38, 30, 26, 29]}, null, null, 55, false, [], false, 0, [], null, 0, 1744383242.1158888, 0, {}]
[{"0": [3, 4, 2, 1, 4, 0, 2, 1, 5, 0, 0, 3, 1, 2, 0, 29, 25]}, null, null, 56, false, [], false, 0, [], null, 0, 1744383242.3491037, 0, {}]
[{"0": [25, 29, 39, 29, 30, 38, 14, 27, 21, 3, 2, 3, 4, 5, 2, 0, 0]}, null, null, 57, false, [], false, 0, [], null, 0, 1744383242.5529256, 0, {}]
[{"0": [4, 3, 4, 4, 2, 3, 1, 2, 2, 1, 2, 1, 1, 0, 2, 2, 1]}, null, null, 57, false, [], false, 0, [], null, 0, 1744383242.7744584, 0, {}]
[{"0": [3, 1, 4, 0, 2, 23, 23, 1, 2, 3, 3, 5, 5, 0, 3, 5, 3]}, null, null, 58, false, [], false, 0, [], null, 0, 1744383242.9735422, 0, {}]
[{"0": [2, 2, 2, 1, 1, 2, 4, 3, 1, 2, 1, 2, 31, 23, 21, 24, 1]}, null, null, 58, false, [], false, 0, [], null, 0, 1744383243.192855, 0, {}]
[{"0": [3, 0, 3, 1, 1, 4, 1, 0, 3, 3, 3, 0, 3, 1, 3, 2, 29]}, null, null, 59, false, [], false, 0, [], null, 0, 1744383243.419553, 0, {}]
[{"0": [0, 2, 2, 2, 0, 0, 3, 18, 28, 24, 39, 36, 35, 2, 2, 3, 2]}, null, null, 60, false, [], false, 0, [], null, 0, 1744383243.6262932, 0, {}]
[{"0": [0, 0, 3, 3, 1, 2, 30, 38, 37, 36, 3, 3, 2, 0, 1, 3, 3]}, null, null, 60, false, [], false, 0, [], null, 0, 1744383243.8436234, 0, {}]
[{"0": [3, 0, 0, 3, 4, 3, 36, 33, 31, 25, 30, 26, 29, 0, 2, 2, 2]}, null, null, 61, false, [], false, 0, [], null, 0, 1744383244.0593798, 0, {}]
[{"0": [0, 1, 3, 0, 2, 2, 0, 1, 1, 2, 2, 1, 1, 1, 4, 3, 1]}, null, null, 61, false, [], false, 0, [], null, 0, 1744383244.2755668, 0, {}]
[{"0": [4, 2, 2, 2, 4, 3, 1, 3, 0, 3, 3, 3, 1, 4, 1, 4, 2]}, null, null, 62, false, [], false, 0, [], null, 0, 1744383244.4879837, 0, {}]
[{"0": [2, 1, 2, 0, 5, 5, 33, 36, 30, 30, 4, 2, 3, 2, 5, 1, 2]}, null, null, 63, false, [], false, 0, [], null, 0, 1744383244.7112129, 0, {}]
[{"0": [0, 4, 3, 3, 2, 1, 5, 4, 4, 0, 1, 1, 1, 5, 0, 5, 1]}, null, null, 63, false, [], false, 0, [], null, 0, 1744383244.9225485, 0, {}]
[{"0": [0, 5, 24, 27, 31, 2, 3, 2, 1, 2, 1, 1, 1, 3, 4, 2, 3]}, null, null, 64, false, [], false, 0, [], null, 0, 1744383245.1405644, 0, {}]
[{"0": [1, 2, 0, 4, 1, 0, 5, 3, 1, 3, 2, 2, 3, 1, 2, 27, 5]}, null, null, 64, false, [], false, 0, [], null, 0, 1744383245.380432, 0, {}]
[{"0": [0, 3, 29, 23, 26, 36, 30, 30, 22, 1, 1, 1, 1, 0, 2, 2, 2]}, null, null, 65, false, [], false, 0, [], null, 0, 1744383245.5854168, 0, {}]
[{"0": [5, 0, 4, 35, 31, 19, 36, 29, 32, 0, 2, 1, 0, 2, 3, 2, 2]}, null, null, 66, false, [], false, 0, [], null, 0, 1744383245.8130984, 0, {}]
[{"0": [4, 1, 1, 2, 1, 26, 34, 31, 28, 33, 23, 28, 25, 23, 36, 31, 27]}, null, null, 66, false, [], false, 0, [], null, 0, 1744383246.0253458, 0, {}]
[{"0": [2, 2, 1, 3, 4, 3, 2, 2, 4, 2, 6, 2, 2, 3, 0, 25, 29]}, null, null, 67, false, [], false, 0, [], null, 0, 1744383246.2321134, 0, {}]
[{"0": [3, 0, 2, 1, 4, 0, 2, 2, 2, 6, 6, 2, 1, 1, 1, 22, 28]}, null, null, 67, false, [], false, 0, [], null, 0, 1744383246.4573472, 0, {}]
[{"0": [0, 2, 0, 0, 4, 19, 37, 5, 4, 3, 0, 3, 3, 1, 2, 2, 2]}, null, null, 68, false, [], false, 0, [], null, 0, 1744383246.6746469, 0, {}]
[{"0": [6, 4, 0, 3, 1, 3, 2, 0, 0, 3, 3, 1, 1, 4, 2, 27, 34]}, null, null, 69, false, [], false, 0, [], null, 0, 1744383246.8821495, 0, {}]
[{"0": [1, 2, 1, 4, 3, 1, 1, 3, 2, 0, 3, 1, 27, 22, 33, 29, 27]}, null, null, 69, false, [], false, 0, [], null, 0, 1744383247.1113229, 0, {}]
[{"0": [0, 1, 2, 2, 0, 0, 3, 2, 33, 29, 35, 34, 20, 25, 28, 5, 2]}, null, null, 70, false, [], false, 0, [], null, 0, 1744383247.319895, 0, {}]
[{"0": [0, 3, 2, 2, 7, 1, 3, 4, 3, 1, 3, 0, 5, 2, 0, 33, 0]}, null, null, 70, false, [], false, 0, [], null, 0, 1744383247.5289667, 0, {}]
[{"0": [2, 3, 1, 1, 2, 1, 1, 2, 1, 1, 1, 3, 1, 4, 2, 27, 27]}, null, null, 71, false, [], false, 0, [], null, 0, 1744383247.7573895, 0, {}]
[{"0": [3, 4, 1, 3, 3, 0, 1, 0, 1, 0, 33, 2, 3, 0, 3, 1, 1]}, null, null, 72, false, [], false, 0, [], null, 0, 1744383247.9623048, 0, {}]
[{"0": [3, 2, 2, 3, 2, 0, 0, 0, 0, 4, 1, 0, 2, 3, 39, 40, 24]}, null, null, 72, false, [], false, 0, [], null, 0, 1744383248.1769605, 0, {}]
[{"0": [2, 1, 5, 3, 1, 2, 1, 0, 0, 2, 0, 4, 4, 0, 0, 25, 32]}, null, null, 73, false, [], false, 0, [], null, 0, 1744383248.3901055, 0, {}]
[{"0": [18, 24, 30, 22, 2, 2, 1, 1, 2, 4, 5, 1, 2, 4, 1, 1, 2]}, null, null, 73, false, [], false, 0, [], null, 0, 1744383248.608468, 0, {}]
[{"0": [32, 2, 1, 0, 2, 2, 2, 3, 2, 1, 1, 2, 1, 3, 2, 1, 0]}, null, null, 74, false, [], false, 0, [], null, 0, 1744383248.8356023, 0, {}]
[{"0": [1, 1, 2, 0, 1, 2, 2, 5, 1, 2, 1, 5, 3, 2, 19, 25, 30]}, null, null, 75, false, [], false, 0, [], null, 0, 1744383249.0438967, 0, {}]
[{"0": [0, 1, 2, 27, 3, 3, 4, 1, 1, 1, 3, 2, 2, 2, 6, 3, 1]}, null, null, 75, false, [], false, 0, [], null, 0, 1744383249.2676852, 0, {}]
[{"0": [4, 0, 2, 2, 1, 29, 1, 1, 0, 3, 5, 2, 4, 1, 1, 2, 0]}, null, null, 76, false, [], false, 0, [], null, 0, 1744383249.4867527, 0, {}]
[{"0": [8, 3, 0, 2, 0, 2, 0, 4, 2, 2, 1, 4, 1, 5, 0, 3, 4]}, null, null, 77, false, [], false, 0, [], null, 0, 1744383249.6884801, 0, {}]
[{"0": [1, 2, 2, 2, 2, 2, 4, 5, 36, 27, 1, 3, 2, 2, 6, 4, 2]}, null, null, 77, false, [], false, 0, [], null, 0, 1744383249.9153419, 0, {}]
[{"0": [0, 0, 2, 2, 5, 40, 28, 32, 23, 3, 2, 3, 1, 1, 2, 5, 4]}, null, null, 78, false, [], false, 0, [], null, 0, 1744383250.1249013, 0, {}]
[{"0": [3, 4, 3, 3, 4, 1, 3, 1, 2, 25, 1, 2, 5, 1, 3, 3, 0]}, null, null, 78, false, [], false, 0, [], null, 0, 1744383250.3512447, 0, {}]
[{"0": [5, 3, 2, 4, 2, 2, 1, 1, 2, 1, 1, 1, 0, 3, 2, 2, 28]}, null, null, 79, false, [], false, 0, [], null, 0, 1744383250.5541244, 0, {}]
[{"0": [49, 26, 23, 4, 2, 1, 2, 2, 1, 1, 0, 1, 1, 2, 4, 5, 1]}, null, null, 80, false, [], false, 0, [], null, 0, 1744383250.7863767, 0, {}]
[{"0": [3, 0, 2, 0, 29, 28, 24, 4, 2, 2, 2, 1, 1, 3, 1, 6, 3]}, null, null, 80, false, [], false, 0, [], null, 0, 1744383251.0048044, 0, {}]
[{"0": [0, 1, 4, 0, 2, 1, 4, 2, 5, 2, 2, 1, 32, 34, 30, 6, 0]}, null, null, 81, false, [], false, 0, [], null, 0, 1744383251.2245755, 0, {}]
[{"0": [31, 23, 26, 2, 0, 1, 0, 0, 2, 2, 3, 1, 1, 1, 3, 3, 1]}, null, null, 81, false, [], false, 0, [], null, 0, 1744383251.4316838, 0, {}]
[{"0": [2, 4, 0, 2, 1, 1, 22, 33, 30, 36, 1, 4, 1, 1, 2, 2, 3]}, null, null, 82, false, [], false, 0, [], null, 0, 1744383251.6406324, 0, {}]
[{"0": [1, 6, 35, 27, 32, 34, 29, 30, 29, 36, 25, 38, 2, 1, 3, 1, 2]}, null, null, 83, false, [], false, 0, [], null, 0, 1744383251.859253, 0, {}]
[{"0": [3, 1, 2, 3, 0, 3, 0, 0, 1, 3, 27, 2, 3, 1, 5, 0, 0]}, null, null, 83, false, [], false, 0, [], null, 0, 1744383252.0797746, 0, {}]
[{"0": [3, 0, 1, 1, 2, 5, 29, 25, 2, 3, 0, 1, 1, 2, 2, 3, 2]}, null, null, 84, false, [], false, 0, [], null, 0, 1744383252.3009183, 0, {}]
[{"0": [0, 1, 2, 4, 36, 25, 25, 24, 26, 1, 2, 1, 2, 3, 0, 1, 3]}, null, null, 84, false, [], false, 0, [], null, 0, 1744383252.5049434, 0, {}]
[{"0": [2, 2, 32, 31, 39, 36, 27, 35, 26, 22, 32, 0, 3, 2, 3, 0, 0]}, null, null, 85, false, [], false, 0, [], null, 0, 1744383252.7227206, 0, {}]
[{"0": [4, 4, 8, 30, 31, 25, 36, 25, 30, 25, 38, 28, 4, 3, 1, 0, 3]}, null, null, 86, false, [], false, 0, [], null, 0, 1744383252.9543476, 0, {}]
[{"0": [2, 1, 3, 2, 1, 3, 1, 2, 0, 0, 3, 5, 2, 1, 34, 30, 1]}, null, null, 86, false, [], false, 0, [], null, 0, 1744383253.1657524, 0, {}]
[{"0": [5, 1, 2, 2, 2, 3, 4, 6, 4, 30, 38, 25, 21, 35, 33, 20, 23]}, null, null, 87, false, [], false, 0, [], null, 0, 1744383253.388551, 0, {}]
[{"0": [1, 1, 2, 1, 2, 0, 2, 0, 2, 2, 1, 1, 2, 1, 2, 1, 4]}, null, null, 87, false, [], false, 0, [], null, 0, 1744383253.5973349, 0, {}]
[{"0": [3, 3, 3, 3, 4, 1, 2, 7, 4, 1, 2, 2, 2, 4, 0, 35, 5]}, null, null, 88, false, [], false, 0, [], null, 0, 1744383253.8066056, 0, {}]
[{"0": [1, 2, 2, 1, 1, 4, 1, 0, 1, 2, 2, 30, 46, 41, 41, 32, 32]}, null, null, 89, false, [], false, 0, [], null, 0, 1744383254.0312872, 0, {}]
[{"0": [2, 1, 27, 29, 30, 30, 21, 2, 5, 2, 4, 1, 1, 4, 2, 2, 3]}, null, null, 89, false, [], false, 0, [], null, 0, 1744383254.2386267, 0, {}]
[{"0": [32, 38, 28, 24, 26, 27, 32, 33, 35, 38, 4, 1, 5, 4, 5, 3, 1]}, null, null, 90, false, [], false, 0, [], null, 0, 1744383254.4613192, 0, {}]
[{"0": [2, 2, 1, 1, 26, 32, 32, 29, 38, 22, 30, 0, 0, 2, 1, 7, 1]}, null, null, 90, false, [], false, 0, [], null, 0, 1744383254.6816466, 0, {}]
[{"0": [3, 2, 2, 1, 1, 3, 2, 3, 7, 35, 16, 0, 1, 3, 4, 1, 0]}, null, null, 91, false, [], false, 0, [], null, 0, 1744383254.9042675, 0, {}]
[{"0": [1, 1, 5, 4, 4, 0, 3, 32, 20, 1, 2, 2, 0, 0, 2, 3, 4]}, null, null, 92, false, [], false, 0, [], null, 0, 1744383255.1110196, 0, {}]
[{"0": [1, 2, 2, 2, 2, 28, 25, 47, 2, 3, 3, 3, 1, 0, 1, 3, 0]}, null, null, 92, false, [], false, 0, [], null, 0, 1744383255.3377903, 0, {}]
[{"0": [2, 2, 1, 2, 3, 2, 4, 25, 30, 1, 0, 1, 0, 0, 1, 3, 2]}, null, null, 93, false, [], false, 0, [], null, 0, 1744383255.5400512, 0, {}]
[{"0": [0, 2, 1, 0, 0, 0, 1, 1, 2, 4, 31, 32, 21, 26, 40, 35, 26]}, null, null, 93, false, [], false, 0, [], null, 0, 1744383255.7606874, 0, {}]
[{"0": [3, 1, 1, 2, 1, 4, 1, 2, 1, 3, 3, 0, 0, 1, 0, 1, 1]}, null, null, 94, false, [], false, 0, [], null, 0, 1744383255.9692311, 0, {}]
[{"0": [1, 3, 2, 2, 5, 1, 0, 1, 1, 2, 23, 0, 0, 2, 3, 2, 2]}, null, null, 95, false, [], false, 0, [], null, 0, 1744383256.2075465, 0, {}]
[{"0": [4, 1, 5, 1, 1, 1, 2, 3, 1, 4, 30, 35, 31, 21, 30, 28, 29]}, null, null, 95, false, [], false, 0, [], null, 0, 1744383256.420343, 0, {}]
[{"0": [2, 0, 0, 3, 2, 2, 22, 28, 1, 2, 4, 2, 0, 2, 1, 1, 1]}, null, null, 96, false, [], false, 0, [], null, 0, 1744383256.623961, 0, {}]
[{"0": [1, 3, 5, 3, 4, 5, 2, 2, 2, 1, 1, 2, 4, 0, 1, 22, 28]}, null, null, 96, false, [], false, 0, [], null, 0, 1744383256.8502264, 0, {}]
[{"0": [1, 0, 1, 2, 2, 1, 1, 1, 5, 3, 2, 1, 1, 20, 36, 1, 2]}, null, null, 97, false, [], false, 0, [], null, 0, 1744383257.0584724, 0, {}]
[{"0": [31, 41, 33, 31, 33, 3, 0, 1, 0, 4, 1, 1, 1, 0, 2, 2, 1]}, null, null, 98, false, [], false, 0, [], null, 0, 1744383257.295521, 0, {}]
[{"0": [2, 0, 0, 2, 2, 3, 1, 1, 1, 2, 3, 3, 1, 22, 28, 4, 2]}, null, null, 98, false, [], false, 0, [], null, 0, 1744383257.4937358, 0, {}]
[{"0": [3, 2, 28, 28, 21, 23, 1, 1, 2, 1, 3, 2, 1, 3, 1, 1, 3]}, null, null, 99, false, [], false, 0, [], null, 0, 1744383257.7006605, 0, {}]
[{"0": [0, 2, 3, 3, 1, 0, 0, 1, 5, 1, 0, 2, 1, 4, 26, 0, 3]}, null, null, 99, false, [], false, 0, [], null, 0, 1744383257.924483, 0, {}]
[{"0": [1, 1, 4, 2, 4, 27, 18, 1, 4, 2, 1, 1, 1, 1, 2, 2, 1]}, null, null, 100, false, [], false, 0, [], null, 0, 1744383258.1477456, 0, {}]
[{"0": [1, 2, 1, 2, 30, 3, 2, 7, 3, 0, 0, 0, 3, 3, 1, 2, 2]}, null, null, 101, false, [], false, 0, [], null, 0, 1744383258.3652503, 0, {}]
[{"0": [2, 0, 5, 2, 0, 3, 2, 2, 1, 4, 3, 1, 0, 2, 23, 25, 21]}, null, null, 101, false, [], false, 0, [], null, 0, 1744383258.579361, 0, {}]
[{"0": [1, 0, 3, 34, 28, 5, 3, 3, 3, 1, 2, 2, 2, 5, 1, 0, 3]}, null, null, 102, false, [], false, 0, [], null, 0, 1744383258.7823918, 0, {}]
[{"0": [2, 1, 2, 2, 1, 4, 1, 3, 3, 0, 2, 0, 1, 1, 3, 1, 42]}, null, null, 102, false, [], false, 0, [], null, 0, 1744383259.0003266, 0, {}]
[{"0": [0, 3, 1, 3, 0, 2, 2, 2, 2, 4, 1, 4, 0, 1, 0, 36, 19]}, null, null, 103, false, [], false, 0, [], null, 0, 1744383259.2379963, 0, {}]
[{"0": [4, 1, 1, 0, 1, 2, 2, 4, 3, 3, 2, 1, 27, 5, 1, 0, 2]}, null, null, 104, false, [], false, 0, [], null, 0, 1744383259.449954, 0, {}]
[{"0": [2, 3, 1, 3, 2, 1, 32, 29, 4, 2, 3, 1, 1, 2, 2, 1, 3]}, null, null, 104, false, [], false, 0, [], null, 0, 1744383259.6601872, 0, {}]
[{"0": [0, 2, 2, 0, 3, 3, 0, 27, 28, 31, 38, 3, 1, 2, 2, 3, 4]}, null, null, 105, false, [], false, 0, [], null, 0, 1744383259.8779607, 0, {}]
[{"0": [3, 3, 0, 4, 3, 2, 4, 2, 1, 2, 0, 0, 28, 33, 42, 38, 30]}, null, null, 105, false, [], false, 0, [], null, 0, 1744383260.0885253, 0, {}]
[{"0": [2, 4, 2, 0, 2, 2, 2, 2, 23, 21, 0, 1, 3, 2, 0, 1, 3]}, null, null, 106, false, [], false, 0, [], null, 0, 1744383260.3062148, 0, {}]
[{"0": [3, 2, 1, 0, 6, 1, 1, 2, 3, 3, 3, 1, 35, 23, 25, 37, 29]}, null, null, 107, false, [], false, 0, [], null, 0, 1744383260.5332005, 0, {}]
[{"0": [25, 36, 31, 29, 30, 33, 34, 22, 32, 30, 30, 29, 3, 0, 1, 2, 2]}, null, null, 107, false, [], false, 0, [], null, 0, 1744383260.7444658, 0, {}]
[{"0": [2, 1, 0, 4, 3, 3, 0, 4, 34, 28, 36, 17, 24, 1, 1, 3, 0]}, null, null, 108, false, [], false, 0, [], null, 0, 1744383260.9644408, 0, {}]
[{"0": [3, 0, 3, 2, 2, 1, 3, 1, 0, 1, 2, 2, 1, 0, 27, 25, 32]}, null, null, 108, false, [], false, 0, [], null, 0, 1744383261.1867437, 0, {}]
[{"0": [1, 2, 3, 3, 1, 2, 2, 2, 4, 2, 0, 0, 0, 2, 25, 26, 21]}, null, null, 109, false, [], false, 0, [], null, 0, 1744383261.3876433, 0, {}]
[{"0": [2, 1, 3, 3, 3, 0, 3, 3, 3, 0, 1, 1, 2, 1, 21, 32, 28]}, null, null, 110, false, [], false, 0, [], null, 0, 1744383261.6079528, 0, {}]
[{"0": [2, 1, 6, 2, 0, 4, 0, 2, 1, 0, 2, 6, 4, 4, 28, 26, 23]}, null, null, 110, false, [], false, 0, [], null, 0, 1744383261.8327723, 0, {}]
[{"0": [0, 3, 2, 2, 4, 3, 3, 2, 0, 2, 1, 4, 2, 0, 25, 33, 33]}, null, null, 111, false, [], false, 0, [], null, 0, 1744383262.0429573, 0, {}]
[{"0": [4, 2, 3, 3, 2, 1, 2, 0, 1, 1, 4, 4, 3, 2, 24, 28, 24]}, null, null, 111, false, [], false, 0, [], null, 0, 1744383262.2682755, 0, {}]
[{"0": [1, 4, 1, 0, 3, 2, 3, 1, 2, 32, 23, 33, 23, 20, 27, 25, 31]}, null, null, 112, false, [], false, 0, [], null, 0, 1744383262.492166, 0, {}]
[{"0": [0, 1, 2, 21, 30, 22, 21, 2, 2, 2, 4, 0, 2, 1, 1, 0, 2]}, null, null, 113, false, [], false, 0, [], null, 0, 1744383262.683514, 0, {}]
[{"0": [30, 29, 18, 27, 32, 30, 2, 3, 4, 7, 2, 3, 1, 1, 0, 2, 1]}, null, null, 113, false, [], false, 0, [], null, 0, 1744383262.91397, 0, {}]
[{"0": [3, 4, 1, 4, 2, 0, 1, 4, 27, 1, 1, 1, 3, 1, 1, 0, 3]}, null, null, 114, false, [], false, 0, [], null, 0, 1744383263.1253037, 0, {}]
[{"0": [1, 0, 3, 1, 22, 24, 27, 41, 2, 1, 4, 2, 1, 4, 6, 1, 6]}, null, null, 114, false, [], false, 0, [], null, 0, 1744383263.3553972, 0, {}]
[{"0": [2, 2, 4, 0, 1, 5, 2, 4, 0, 6, 19, 0, 2, 1, 2, 1, 2]}, null, null, 115, false, [], false, 0, [], null, 0, 1744383263.5673869, 0, {}]
[{"0": [1, 1, 2, 1, 0, 1, 1, 3, 0, 1, 27, 31, 25, 29, 20, 34, 24]}, null, null, 116, false, [], false, 0, [], null, 0, 1744383263.769937, 0, {}]
[{"0": [3, 2, 1, 1, 1, 2, 2, 3, 32, 36, 38, 33, 29, 37, 23, 26, 27]}, null, null, 116, false, [], false, 0, [], null, 0, 1744383263.9925816, 0, {}]
[{"0": [32, 24, 36, 30, 26, 31, 30, 26, 24, 24, 33, 1, 1, 5, 0, 0, 1]}, null, null, 117, false, [], false, 0, [], null, 0, 1744383264.2033463, 0, {}]
[{"0": [1, 4, 4, 2, 1, 2, 2, 34, 34, 21, 33, 0, 3, 2, 3, 2, 1]}, null, null, 117, false, [], false, 0, [], null, 0, 1744383264.4252772, 0, {}]
[{"0": [23, 24, 27, 30, 2, 2, 0, 0, 2, 2, 2, 0, 4, 4, 0, 0, 2]}, null, null, 118, false, [], false, 0, [], null, 0, 1744383264.648118, 0, {}]
[{"0": [1, 0, 1, 1, 3, 0, 1, 2, 33, 27, 42, 23, 30, 1, 1, 3, 4]}, null, null, 119, false, [], false, 0, [], null, 0, 1744383264.8492043, 0, {}]
[{"0": [2, 1, 3, 0, 1, 1, 0, 2, 1, 1, 2, 1, 27, 26, 2, 3, 1]}, null, null, 119, false, [], false, 0, [], null, 0, 1744383265.0650735, 0, {}]
[{"0": [2, 3, 0, 4, 2, 3, 0, 0, 3, 5, 1, 1, 2, 4, 0, 5, 3]}, null, null, 120, false, [], false, 0, [], null, 0, 1744383265.282578, 0, {}]
[{"0": [0, 5, 2, 2, 2, 0, 3, 3, 4, 2, 2, 3, 5, 0, 0, 18, 35]}, null, null, 120, false, [], false, 0, [], null, 0, 1744383265.5035214, 0, {}]
[{"0": [1, 2, 35, 1, 0, 5, 1, 3, 2, 3, 4, 1, 2, 1, 0, 2, 4]}, null, null, 121, false, [], false, 0, [], null, 0, 1744383265.7268157, 0, {}]
[{"0": [3, 1, 1, 1, 0, 0, 0, 3, 0, 0, 1, 2, 0, 2, 2, 2, 3]}, null, null, 122, false, [], false, 0, [], null, 0, 1744383265.9480674, 0, {}]
[{"0": [25, 2, 1, 3, 1, 21, 3, 2, 2, 0, 2, 2, 1, 3, 1, 2, 0]}, null, null, 122, false, [], false, 0, [], null, 0, 1744383266.160207, 0, {}]
[{"0": [1, 3, 2, 1, 2, 1, 1, 3, 3, 27, 0, 1, 0, 5, 0, 1, 1]}, null, null, 123, false, [], false, 0, [], null, 0, 1744383266.3769681, 0, {}]
[{"0": [1, 2, 2, 3, 2, 22, 37, 24, 32, 23, 27, 21, 25, 26, 28, 36, 16]}, null, null, 123, false, [], false, 0, [], null, 0, 1744383266.5945444, 0, {}]
[{"0": [2, 0, 1, 6, 3, 1, 4, 1, 1, 1, 2, 2, 1, 1, 24, 37, 30]}, null, null, 124, false, [], false, 0, [], null, 0, 1744383266.8036203, 0, {}]
[{"0": [0, 1, 1, 1, 2, 27, 27, 4, 5, 2, 3, 2, 2, 1, 3, 2, 0]}, null, null, 125, false, [], false, 0, [], null, 0, 1744383267.0220394, 0, {}]
[{"0": [2, 1, 1, 1, 4, 1, 0, 38, 34, 26, 25, 26, 25, 31, 28, 31, 27]}, null, null, 125, false, [], false, 0, [], null, 0, 1744383267.2466578, 0, {}]
[{"0": [1, 3, 0, 2, 2, 30, 34, 34, 20, 24, 0, 4, 3, 0, 1, 2, 2]}, null, null, 126, false, [], false, 0, [], null, 0, 1744383267.4574351, 0, {}]
[{"0": [1, 2, 1, 1, 0, 2, 0, 2, 4, 2, 2, 4, 4, 2, 0, 16, 32]}, null, null, 127, false, [], false, 0, [], null, 0, 1744383267.6818247, 0, {}]
[{"0": [30, 21, 23, 38, 29, 0, 2, 1, 2, 1, 1, 1, 1, 3, 1, 2, 0]}, null, null, 127, false, [], false, 0, [], null, 0, 1744383267.8811636, 0, {}]
[{"0": [24, 27, 1, 1, 2, 7, 3, 1, 3, 1, 1, 2, 2, 3, 0, 3, 1]}, null, null, 128, false, [], false, 0, [], null, 0, 1744383268.1091843, 0, {}]
[{"0": [3, 2, 2, 2, 24, 21, 6, 1, 0, 0, 2, 2, 4, 5, 1, 2, 3]}, null, null, 128, false, [], false, 0, [], null, 0, 1744383268.32821, 0, {}]
[{"0": [3, 2, 2, 2, 2, 3, 3, 0, 3, 30, 24, 28, 15, 24, 35, 34, 34]}, null, null, 129, false, [], false, 0, [], null, 0, 1744383268.549217, 0, {}]
[{"0": [2, 1, 1, 1, 4, 1, 3, 2, 1, 28, 27, 37, 24, 29, 30, 30, 22]}, null, null, 130, false, [], false, 0, [], null, 0, 1744383268.7594004, 0, {}]
[{"0": [1, 2, 1, 2, 2, 1, 4, 3, 1, 30, 32, 41, 34, 24, 29, 21, 27]}, null, null, 130, false, [], false, 0, [], null, 0, 1744383268.9821758, 0, {}]
[{"0": [1, 2, 2, 3, 3, 0, 26, 26, 0, 5, 3, 2, 1, 2, 1, 4, 0]}, null, null, 131, false, [], false, 0, [], null, 0, 1744383269.189729, 0, {}]
[{"0": [0, 3, 6, 36, 31, 28, 33, 26, 30, 25, 24, 28, 18, 27, 22, 32, 25]}, null, null, 131, false, [], false, 0, [], null, 0, 1744383269.4090564, 0, {}]
[{"0": [0, 3, 1, 2, 2, 1, 1, 2, 2, 1, 1, 1, 3, 4, 31, 28, 30]}, null, null, 132, false, [], false, 0, [], null, 0, 1744383269.636567, 0, {}]
[{"0": [2, 0, 0, 0, 1, 3, 2, 2, 1, 2, 0, 1, 5, 2, 28, 27, 31]}, null, null, 133, false, [], false, 0, [], null, 0, 1744383269.848341, 0, {}]
[{"0": [1, 1, 0, 2, 0, 2, 5, 3, 1, 0, 28, 3, 2, 1, 0, 4, 1]}, null, null, 133, false, [], false, 0, [], null, 0, 1744383270.0542493, 0, {}]
[{"0": [0, 1, 3, 2, 1, 1, 2, 4, 4, 29, 1, 0, 2, 0, 2, 2, 1]}, null, null, 134, false, [], false, 0, [], null, 0, 1744383270.2762928, 0, {}]
[{"0": [1, 2, 2, 2, 1, 1, 3, 3, 1, 1, 2, 1, 4, 1, 32, 34, 34]}, null, null, 134, false, [], false, 0, [], null, 0, 1744383270.4956586, 0, {}]
[{"0": [3, 1, 1, 1, 2, 1, 0, 1, 1, 1, 2, 2, 2, 3, 1, 2, 3]}, null, null, 135, false, [], false, 0, [], null, 0, 1744383270.7033565, 0, {}]
[{"0": [1, 27, 42, 3, 0, 2, 3, 2, 0, 1, 1, 2, 3, 2, 0, 2, 3]}, null, null, 136, false, [], false, 0, [], null, 0, 1744383270.9309247, 0, {}]
[{"0": [6, 1, 2, 4, 35, 4, 2, 0, 1, 2, 1, 6, 5, 1, 4, 2, 3]}, null, null, 136, false, [], false, 0, [], null, 0, 1744383271.1385944, 0, {}]
[{"0": [1, 0, 4, 34, 1, 4, 3, 3, 0, 2, 1, 1, 1, 3, 1, 2, 3]}, null, null, 137, false, [], false, 0, [], null, 0, 1744383271.3511028, 0, {}]
[{"0": [4, 1, 1, 29, 27, 2, 0, 0, 1, 2, 2, 4, 2, 0, 1, 1, 2]}, null, null, 137, false, [], false, 0, [], null, 0, 1744383271.5763896, 0, {}]
[{"0": [29, 29, 35, 26, 26, 2, 4, 5, 1, 1, 2, 0, 2, 1, 2, 2, 2]}, null, null, 138, false, [], false, 0, [], null, 0, 1744383271.796918, 0, {}]
[{"0": [3, 1, 3, 0, 2, 2, 2, 4, 4, 31, 29, 25, 22, 30, 31, 0, 4]}, null, null, 139, false, [], false, 0, [], null, 0, 1744383272.009212, 0, {}]
[{"0": [3, 1, 2, 1, 2, 2, 2, 31, 28, 29, 32, 19, 1, 1, 1, 2, 3]}, null, null, 139, false, [], false, 0, [], null, 0, 1744383272.227275, 0, {}]
[{"0": [4, 2, 1, 0, 2, 3, 1, 2, 5, 3, 29, 27, 48, 2, 3, 0, 1]}, null, null, 140, false, [], false, 0, [], null, 0, 1744383272.4410655, 0, {}]
[{"0": [2, 2, 3, 1, 0, 2, 1, 0, 23, 33, 16, 28, 36, 27, 30, 39, 31]}, null, null, 140, false, [], false, 0, [], null, 0, 1744383272.6713526, 0, {}]
[{"0": [4, 0, 2, 4, 4, 23, 19, 29, 39, 32, 0, 0, 1, 0, 2, 2, 3]}, null, null, 141, false, [], false, 0, [], null, 0, 1744383272.8790042, 0, {}]
[{"0": [1, 1, 2, 0, 3, 4, 0, 0, 5, 3, 3, 0, 4, 2, 25, 1, 1]}, null, null, 142, false, [], false, 0, [], null, 0, 1744383273.0983384, 0, {}]
[{"0": [23, 18, 34, 29, 24, 29, 33, 31, 3, 2, 2, 2, 0, 0, 2, 2, 0]}, null, null, 142, false, [], false, 0, [], null, 0, 1744383273.3043873, 0, {}]
[{"0": [1, 0, 3, 4, 1, 2, 2, 1, 8, 1, 2, 0, 1, 4, 4, 3, 1]}, null, null, 143, false, [], false, 0, [], null, 0, 1744383273.5229673, 0, {}]
[{"0": [3, 3, 3, 3, 3, 0, 4, 3, 2, 1, 1, 5, 5, 3, 29, 0, 1]}, null, null, 143, false, [], false, 0, [], null, 0, 1744383273.7458365, 0, {}]
[{"0": [1, 4, 0, 1, 1, 3, 3, 27, 24, 3, 2, 3, 7, 2, 2, 1, 1]}, null, null, 144, false, [], false, 0, [], null, 0, 1744383273.9543319, 0, {}]
[{"0": [4, 0, 0, 7, 1, 1, 2, 2, 32, 32, 1, 0, 3, 0, 3, 1, 2]}, null, null, 145, false, [], false, 0, [], null, 0, 1744383274.1766984, 0, {}]
[{"0": [1, 2, 2, 0, 2, 2, 1, 4, 3, 0, 2, 2, 1, 2, 4, 31, 18]}, null, null, 145, false, [], false, 0, [], null, 0, 1744383274.3878648, 0, {}]
[{"0": [1, 0, 2, 1, 3, 4, 0, 0, 0, 2, 0, 4, 1, 1, 1, 28, 3]}, null, null, 146, false, [], false, 0, [], null, 0, 1744383274.6128454, 0, {}]
[{"0": [1, 0, 1, 2, 1, 2, 1, 2, 2, 2, 0, 0, 3, 0, 3, 2, 1]}, null, null, 146, false, [], false, 0, [], null, 0, 1744383274.8325536, 0, {}]
[{"0": [1, 2, 3, 1, 0, 2, 3, 2, 35, 22, 29, 26, 28, 25, 30, 24, 26]}, null, null, 147, false, [], false, 0, [], null, 0, 1744383275.0387335, 0, {}]
[{"0": [6, 1, 6, 2, 0, 2, 3, 3, 2, 3, 4, 32, 1, 0, 0, 1, 2]}, null, null, 148, false, [], false, 0, [], null, 0, 1744383275.2470083, 0, {}]
[{"0": [1, 4, 4, 2, 2, 1, 30, 27, 22, 21, 31, 2, 2, 1, 1, 0, 0]}, null, null, 148, false, [], false, 0, [], null, 0, 1744383275.4769912, 0, {}]
[{"0": [2, 2, 3, 1, 2, 4, 1, 0, 1, 19, 22, 24, 22, 20, 30, 34, 25]}, null, null, 149, false, [], false, 0, [], null, 0, 1744383275.6935322, 0, {}]
[{"0": [0, 2, 1, 17, 34, 24, 30, 32, 33, 31, 3, 2, 1, 2, 2, 2, 0]}, null, null, 149, false, [], false, 0, [], null, 0, 1744383275.9061174, 0, {}]
[{"0": [3, 1, 0, 0, 2, 1, 4, 1, 2, 2, 29, 2, 2, 1, 3, 0, 2]}, null, null, 150, true, [], false, 0, [], null, 0, 1744383276.1207244, 0, {}]
