[{"0": [3, 19, 0, 1, 2, 3, 3, 1, 3, 5, 3, 0, 2, 2, 1, 2, 2]}, null, null, 0, false, [], false, 0, [], null, 0, 1744374692.6790137, 0, {}]
[{"0": [4, 25, 30, 28, 23, 22, 2, 1, 3, 4, 2, 1, 1, 4, 2, 3, 3]}, null, null, 1, false, [], false, 0, [], null, 0, 1744374692.9030044, 0, {}]
[{"0": [31, 20, 24, 2, 5, 0, 0, 2, 2, 1, 1, 1, 5, 1, 2, 1, 1]}, null, null, 1, false, [], false, 0, [], null, 0, 1744374693.132846, 0, {}]
[{"0": [2, 34, 0, 3, 0, 1, 3, 1, 0, 2, 0, 0, 2, 1, 2, 1, 5]}, null, null, 2, false, [], false, 0, [], null, 0, 1744374693.352609, 0, {}]
[{"0": [2, 29, 37, 27, 27, 23, 36, 23, 2, 1, 3, 5, 4, 1, 2, 4, 1]}, null, null, 2, false, [], false, 0, [], null, 0, 1744374693.562207, 0, {}]
[{"0": [2, 25, 25, 4, 2, 2, 1, 4, 1, 2, 3, 1, 3, 3, 4, 1, 1]}, null, null, 3, false, [], false, 0, [], null, 0, 1744374693.7813072, 0, {}]
[{"0": [3, 22, 24, 2, 3, 2, 2, 2, 3, 3, 2, 0, 1, 3, 2, 5, 5]}, null, null, 4, false, [], false, 0, [], null, 0, 1744374693.9962919, 0, {}]
[{"0": [25, 30, 0, 2, 2, 4, 3, 5, 0, 2, 3, 2, 4, 0, 3, 2, 4]}, null, null, 4, false, [], false, 0, [], null, 0, 1744374694.2065427, 0, {}]
[{"0": [6, 26, 31, 29, 24, 13, 32, 20, 24, 3, 1, 5, 1, 4, 2, 3, 2]}, null, null, 5, false, [], false, 0, [], null, 0, 1744374694.4371612, 0, {}]
[{"0": [3, 1, 3, 2, 3, 2, 3, 33, 20, 20, 3, 0, 1, 0, 2, 1, 4]}, null, null, 5, false, [], false, 0, [], null, 0, 1744374694.6547945, 0, {}]
[{"0": [18, 25, 36, 28, 0, 1, 2, 4, 2, 1, 2, 3, 1, 4, 1, 1, 4]}, null, null, 6, false, [], false, 0, [], null, 0, 1744374694.8702476, 0, {}]
[{"0": [3, 3, 4, 2, 1, 2, 2, 5, 1, 1, 0, 0, 3, 1, 2, 0, 2]}, null, null, 7, false, [], false, 0, [], null, 0, 1744374695.0781736, 0, {}]
[{"0": [0, 32, 34, 28, 23, 30, 27, 27, 40, 31, 1, 5, 2, 4, 2, 3, 0]}, null, null, 7, false, [], false, 0, [], null, 0, 1744374695.291228, 0, {}]
[{"0": [3, 1, 3, 2, 5, 3, 1, 0, 3, 3, 2, 2, 0, 1, 4, 1, 2]}, null, null, 8, false, [], false, 0, [], null, 0, 1744374695.5217583, 0, {}]
[{"0": [1, 26, 22, 37, 0, 1, 1, 2, 2, 4, 0, 0, 1, 0, 2, 2, 2]}, null, null, 8, false, [], false, 0, [], null, 0, 1744374695.7278156, 0, {}]
[{"0": [1, 32, 36, 30, 27, 28, 29, 16, 4, 1, 2, 0, 2, 2, 1, 2, 0]}, null, null, 9, false, [], false, 0, [], null, 0, 1744374695.9402184, 0, {}]
[{"0": [2, 2, 35, 30, 29, 21, 26, 29, 27, 0, 2, 2, 1, 4, 1, 1, 1]}, null, null, 10, false, [], false, 0, [], null, 0, 1744374696.1705441, 0, {}]
[{"0": [0, 3, 1, 2, 2, 1, 3, 2, 1, 2, 2, 3, 3, 30, 34, 21, 35]}, null, null, 10, false, [], false, 0, [], null, 0, 1744374696.376639, 0, {}]
[{"0": [1, 1, 0, 3, 0, 1, 2, 2, 1, 1, 1, 3, 1, 0, 1, 2, 29]}, null, null, 11, false, [], false, 0, [], null, 0, 1744374696.599805, 0, {}]
[{"0": [15, 28, 0, 5, 1, 0, 0, 2, 3, 2, 0, 3, 2, 2, 2, 2, 0]}, null, null, 11, false, [], false, 0, [], null, 0, 1744374696.8181398, 0, {}]
[{"0": [2, 0, 1, 1, 0, 1, 0, 0, 3, 1, 0, 1, 2, 5, 1, 2, 30]}, null, null, 12, false, [], false, 0, [], null, 0, 1744374697.0363264, 0, {}]
[{"0": [4, 1, 1, 3, 1, 1, 2, 3, 0, 0, 28, 25, 23, 22, 24, 2, 2]}, null, null, 13, false, [], false, 0, [], null, 0, 1744374697.2398705, 0, {}]
[{"0": [3, 24, 28, 22, 33, 0, 0, 2, 3, 2, 3, 2, 3, 2, 1, 5, 2]}, null, null, 13, false, [], false, 0, [], null, 0, 1744374697.4534903, 0, {}]
[{"0": [2, 0, 1, 23, 26, 31, 26, 2, 2, 1, 2, 2, 1, 2, 2, 2, 2]}, null, null, 14, false, [], false, 0, [], null, 0, 1744374697.6819837, 0, {}]
[{"0": [2, 26, 24, 28, 4, 1, 3, 1, 8, 6, 4, 2, 0, 0, 1, 1, 1]}, null, null, 14, false, [], false, 0, [], null, 0, 1744374697.8893027, 0, {}]
[{"0": [2, 32, 34, 35, 1, 0, 0, 1, 1, 2, 3, 4, 0, 2, 1, 2, 3]}, null, null, 15, false, [], false, 0, [], null, 0, 1744374698.117139, 0, {}]
[{"0": [1, 25, 14, 30, 22, 31, 2, 2, 1, 3, 0, 2, 1, 2, 2, 1, 3]}, null, null, 16, false, [], false, 0, [], null, 0, 1744374698.334408, 0, {}]
[{"0": [1, 26, 3, 2, 1, 0, 1, 1, 2, 0, 4, 2, 0, 1, 1, 1, 2]}, null, null, 16, false, [], false, 0, [], null, 0, 1744374698.5568926, 0, {}]
[{"0": [0, 27, 25, 31, 24, 27, 21, 25, 1, 1, 1, 1, 1, 1, 2, 0, 1]}, null, null, 17, false, [], false, 0, [], null, 0, 1744374698.753757, 0, {}]
[{"0": [0, 2, 2, 0, 7, 1, 1, 2, 1, 0, 3, 2, 1, 0, 2, 4, 1]}, null, null, 17, false, [], false, 0, [], null, 0, 1744374698.9760194, 0, {}]
[{"0": [5, 29, 24, 32, 1, 1, 1, 2, 5, 2, 1, 3, 3, 0, 2, 2, 1]}, null, null, 18, false, [], false, 0, [], null, 0, 1744374699.184648, 0, {}]
[{"0": [3, 37, 2, 1, 1, 3, 1, 1, 6, 0, 1, 0, 3, 1, 3, 1, 5]}, null, null, 19, false, [], false, 0, [], null, 0, 1744374699.4210634, 0, {}]
[{"0": [2, 23, 2, 3, 4, 1, 4, 1, 4, 0, 1, 2, 1, 0, 0, 5, 3]}, null, null, 19, false, [], false, 0, [], null, 0, 1744374699.6168208, 0, {}]
[{"0": [2, 28, 3, 1, 2, 0, 2, 0, 2, 1, 3, 1, 2, 1, 0, 1, 1]}, null, null, 20, false, [], false, 0, [], null, 0, 1744374699.842714, 0, {}]
[{"0": [0, 32, 26, 36, 35, 32, 28, 3, 0, 2, 2, 4, 2, 1, 4, 0, 4]}, null, null, 20, false, [], false, 0, [], null, 0, 1744374700.0555243, 0, {}]
[{"0": [1, 21, 22, 30, 32, 28, 2, 2, 3, 1, 1, 2, 0, 3, 2, 2, 1]}, null, null, 21, false, [], false, 0, [], null, 0, 1744374700.2841322, 0, {}]
[{"0": [1, 27, 30, 31, 38, 26, 35, 20, 6, 0, 3, 3, 2, 2, 3, 1, 2]}, null, null, 22, false, [], false, 0, [], null, 0, 1744374700.5005548, 0, {}]
[{"0": [1, 4, 3, 1, 1, 0, 3, 2, 2, 2, 3, 1, 1, 2, 2, 3, 3]}, null, null, 22, false, [], false, 0, [], null, 0, 1744374700.7098017, 0, {}]
[{"0": [1, 23, 31, 3, 2, 1, 1, 3, 0, 0, 1, 0, 0, 0, 1, 1, 2]}, null, null, 23, false, [], false, 0, [], null, 0, 1744374700.9353256, 0, {}]
[{"0": [3, 34, 24, 25, 39, 30, 20, 21, 23, 2, 4, 2, 1, 1, 1, 3, 0]}, null, null, 23, false, [], false, 0, [], null, 0, 1744374701.1509817, 0, {}]
[{"0": [0, 5, 2, 1, 3, 1, 2, 1, 0, 1, 1, 2, 1, 1, 4, 1, 3]}, null, null, 24, false, [], false, 0, [], null, 0, 1744374701.3546758, 0, {}]
[{"0": [1, 32, 29, 2, 1, 2, 3, 1, 1, 1, 0, 0, 1, 5, 2, 2, 3]}, null, null, 25, false, [], false, 0, [], null, 0, 1744374701.5890489, 0, {}]
[{"0": [3, 32, 30, 30, 22, 1, 0, 2, 3, 2, 2, 2, 0, 1, 4, 0, 1]}, null, null, 25, false, [], false, 0, [], null, 0, 1744374701.8051116, 0, {}]
[{"0": [0, 21, 26, 2, 3, 1, 1, 1, 4, 3, 0, 1, 3, 1, 2, 1, 2]}, null, null, 26, false, [], false, 0, [], null, 0, 1744374702.0217013, 0, {}]
[{"0": [3, 21, 2, 2, 2, 1, 1, 0, 1, 0, 2, 2, 1, 0, 0, 1, 3]}, null, null, 27, false, [], false, 0, [], null, 0, 1744374702.2201838, 0, {}]
[{"0": [2, 28, 26, 26, 19, 21, 25, 0, 1, 4, 2, 2, 2, 0, 0, 3, 1]}, null, null, 27, false, [], false, 0, [], null, 0, 1744374702.439019, 0, {}]
[{"0": [2, 2, 1, 1, 1, 2, 3, 4, 1, 2, 2, 14, 4, 1, 4, 3, 0]}, null, null, 28, false, [], false, 0, [], null, 0, 1744374702.6736622, 0, {}]
[{"0": [3, 23, 26, 27, 2, 2, 1, 1, 2, 1, 0, 1, 0, 1, 1, 2, 2]}, null, null, 28, false, [], false, 0, [], null, 0, 1744374702.8720863, 0, {}]
[{"0": [24, 31, 24, 27, 20, 3, 4, 1, 3, 2, 0, 0, 1, 2, 1, 1, 4]}, null, null, 29, false, [], false, 0, [], null, 0, 1744374703.0873768, 0, {}]
[{"0": [1, 1, 0, 1, 2, 1, 1, 0, 0, 1, 2, 3, 0, 0, 0, 4, 2]}, null, null, 30, false, [], false, 0, [], null, 0, 1744374703.314204, 0, {}]
[{"0": [25, 23, 3, 3, 0, 2, 1, 2, 2, 1, 0, 2, 4, 0, 2, 1, 2]}, null, null, 30, false, [], false, 0, [], null, 0, 1744374703.5326488, 0, {}]
[{"0": [4, 29, 3, 4, 2, 0, 2, 2, 2, 3, 1, 0, 6, 1, 2, 1, 3]}, null, null, 31, false, [], false, 0, [], null, 0, 1744374703.7430034, 0, {}]
[{"0": [26, 23, 35, 22, 4, 3, 0, 2, 1, 4, 3, 0, 3, 2, 2, 3, 4]}, null, null, 31, false, [], false, 0, [], null, 0, 1744374703.9561129, 0, {}]
[{"0": [1, 31, 25, 26, 29, 20, 25, 28, 28, 4, 0, 2, 2, 2, 6, 2, 4]}, null, null, 32, false, [], false, 0, [], null, 0, 1744374704.1823983, 0, {}]
[{"0": [2, 34, 20, 28, 32, 26, 32, 24, 3, 4, 2, 1, 0, 2, 2, 1, 0]}, null, null, 33, false, [], false, 0, [], null, 0, 1744374704.389226, 0, {}]
[{"0": [2, 2, 2, 0, 5, 1, 4, 2, 0, 1, 3, 1, 3, 1, 3, 0, 1]}, null, null, 33, false, [], false, 0, [], null, 0, 1744374704.614072, 0, {}]
[{"0": [2, 25, 19, 1, 1, 1, 2, 0, 2, 2, 3, 3, 2, 4, 1, 5, 0]}, null, null, 34, false, [], false, 0, [], null, 0, 1744374704.8340201, 0, {}]
[{"0": [29, 40, 37, 4, 5, 0, 4, 0, 2, 3, 2, 2, 2, 3, 1, 0, 0]}, null, null, 34, false, [], false, 0, [], null, 0, 1744374705.045695, 0, {}]
[{"0": [36, 29, 31, 25, 23, 21, 1, 3, 2, 1, 2, 1, 2, 2, 1, 1, 0]}, null, null, 35, false, [], false, 0, [], null, 0, 1744374705.2614543, 0, {}]
[{"0": [4, 23, 34, 27, 36, 37, 33, 3, 3, 4, 1, 5, 2, 0, 1, 0, 0]}, null, null, 36, false, [], false, 0, [], null, 0, 1744374705.475299, 0, {}]
[{"0": [3, 2, 1, 1, 1, 1, 0, 1, 3, 0, 2, 3, 3, 2, 1, 1, 28]}, null, null, 36, false, [], false, 0, [], null, 0, 1744374705.693119, 0, {}]
[{"0": [1, 29, 1, 1, 4, 2, 0, 1, 2, 0, 0, 3, 3, 1, 1, 2, 1]}, null, null, 37, false, [], false, 0, [], null, 0, 1744374705.920904, 0, {}]
[{"0": [4, 20, 28, 29, 27, 24, 27, 26, 28, 2, 1, 1, 0, 1, 1, 3, 3]}, null, null, 37, false, [], false, 0, [], null, 0, 1744374706.1284716, 0, {}]
[{"0": [1, 0, 3, 3, 3, 4, 2, 2, 0, 4, 31, 23, 23, 28, 24, 26, 33]}, null, null, 38, false, [], false, 0, [], null, 0, 1744374706.3400753, 0, {}]
[{"0": [4, 27, 30, 27, 18, 23, 4, 0, 1, 0, 2, 5, 0, 2, 3, 2, 2]}, null, null, 39, false, [], false, 0, [], null, 0, 1744374706.5647197, 0, {}]
[{"0": [1, 5, 2, 6, 2, 2, 1, 3, 1, 1, 34, 29, 0, 1, 2, 1, 0]}, null, null, 39, false, [], false, 0, [], null, 0, 1744374706.7846859, 0, {}]
[{"0": [3, 23, 31, 26, 3, 0, 2, 2, 1, 1, 6, 3, 0, 1, 1, 2, 0]}, null, null, 40, false, [], false, 0, [], null, 0, 1744374706.9884279, 0, {}]
[{"0": [3, 23, 34, 28, 26, 31, 2, 2, 1, 4, 1, 1, 2, 0, 1, 3, 2]}, null, null, 40, false, [], false, 0, [], null, 0, 1744374707.2150743, 0, {}]
[{"0": [2, 32, 22, 26, 21, 31, 34, 25, 21, 3, 2, 3, 1, 5, 5, 0, 2]}, null, null, 41, false, [], false, 0, [], null, 0, 1744374707.4335887, 0, {}]
[{"0": [1, 33, 19, 35, 1, 2, 1, 2, 2, 0, 1, 1, 0, 1, 1, 2, 1]}, null, null, 42, false, [], false, 0, [], null, 0, 1744374707.6399255, 0, {}]
[{"0": [3, 24, 24, 31, 25, 24, 25, 1, 1, 3, 1, 0, 2, 1, 1, 1, 2]}, null, null, 42, false, [], false, 0, [], null, 0, 1744374707.859773, 0, {}]
[{"0": [2, 37, 21, 27, 16, 32, 23, 33, 26, 27, 25, 31, 32, 23, 18, 2, 1]}, null, null, 43, false, [], false, 0, [], null, 0, 1744374708.0898473, 0, {}]
[{"0": [3, 28, 0, 1, 5, 1, 2, 2, 2, 0, 0, 1, 2, 2, 1, 3, 3]}, null, null, 43, false, [], false, 0, [], null, 0, 1744374708.3068166, 0, {}]
[{"0": [1, 23, 34, 27, 2, 1, 1, 2, 1, 1, 0, 2, 4, 4, 5, 3, 2]}, null, null, 44, false, [], false, 0, [], null, 0, 1744374708.5038435, 0, {}]
[{"0": [1, 35, 21, 0, 1, 1, 1, 1, 4, 1, 3, 0, 2, 3, 4, 0, 2]}, null, null, 45, false, [], false, 0, [], null, 0, 1744374708.739705, 0, {}]
[{"0": [3, 28, 29, 25, 18, 18, 31, 29, 24, 27, 7, 3, 0, 1, 5, 3, 1]}, null, null, 45, false, [], false, 0, [], null, 0, 1744374708.9389834, 0, {}]
[{"0": [6, 23, 25, 33, 1, 1, 1, 1, 1, 4, 1, 0, 2, 3, 0, 4, 1]}, null, null, 46, false, [], false, 0, [], null, 0, 1744374709.161481, 0, {}]
[{"0": [1, 30, 24, 1, 0, 2, 2, 7, 3, 1, 0, 3, 2, 3, 4, 2, 1]}, null, null, 46, false, [], false, 0, [], null, 0, 1744374709.377287, 0, {}]
[{"0": [1, 33, 17, 1, 1, 3, 3, 1, 1, 1, 1, 5, 0, 0, 3, 1, 1]}, null, null, 47, false, [], false, 0, [], null, 0, 1744374709.604418, 0, {}]
[{"0": [29, 3, 1, 1, 3, 2, 4, 0, 1, 1, 2, 3, 2, 2, 5, 0, 2]}, null, null, 48, false, [], false, 0, [], null, 0, 1744374709.824891, 0, {}]
[{"0": [2, 32, 32, 37, 28, 34, 24, 0, 4, 1, 2, 0, 2, 2, 2, 3, 2]}, null, null, 48, false, [], false, 0, [], null, 0, 1744374710.0346453, 0, {}]
[{"0": [4, 2, 5, 2, 2, 1, 2, 0, 1, 6, 3, 2, 1, 1, 1, 5, 1]}, null, null, 49, false, [], false, 0, [], null, 0, 1744374710.2412283, 0, {}]
[{"0": [1, 25, 34, 31, 1, 1, 5, 0, 1, 2, 0, 2, 1, 2, 1, 1, 3]}, null, null, 49, false, [], false, 0, [], null, 0, 1744374710.45964, 0, {}]
[{"0": [2, 1, 0, 2, 2, 4, 37, 1, 1, 1, 3, 3, 0, 2, 2, 1, 1]}, null, null, 50, false, [], false, 0, [], null, 0, 1744374710.6804564, 0, {}]
[{"0": [1, 2, 2, 0, 0, 1, 3, 1, 1, 2, 1, 0, 3, 3, 3, 3, 23]}, null, null, 51, false, [], false, 0, [], null, 0, 1744374710.8943858, 0, {}]
[{"0": [4, 29, 25, 33, 25, 20, 34, 25, 29, 20, 24, 20, 29, 1, 1, 1, 2]}, null, null, 51, false, [], false, 0, [], null, 0, 1744374711.107866, 0, {}]
[{"0": [5, 25, 24, 31, 34, 28, 28, 35, 1, 0, 1, 2, 2, 1, 3, 1, 0]}, null, null, 52, false, [], false, 0, [], null, 0, 1744374711.3332798, 0, {}]
[{"0": [4, 25, 24, 27, 30, 20, 21, 34, 0, 1, 3, 2, 2, 1, 1, 1, 2]}, null, null, 52, false, [], false, 0, [], null, 0, 1744374711.556793, 0, {}]
[{"0": [2, 25, 36, 19, 22, 46, 28, 2, 1, 0, 1, 1, 1, 3, 0, 3, 2]}, null, null, 53, false, [], false, 0, [], null, 0, 1744374711.75498, 0, {}]
[{"0": [1, 18, 22, 27, 32, 25, 18, 28, 24, 19, 29, 25, 24, 2, 3, 1, 0]}, null, null, 54, false, [], false, 0, [], null, 0, 1744374711.9700801, 0, {}]
[{"0": [2, 33, 25, 32, 25, 31, 26, 1, 0, 0, 3, 2, 1, 2, 1, 1, 0]}, null, null, 54, false, [], false, 0, [], null, 0, 1744374712.1969745, 0, {}]
[{"0": [3, 2, 1, 0, 1, 2, 1, 1, 1, 5, 0, 4, 30, 29, 25, 16, 26]}, null, null, 55, false, [], false, 0, [], null, 0, 1744374712.4141572, 0, {}]
[{"0": [0, 36, 27, 2, 4, 1, 1, 1, 4, 1, 3, 0, 4, 0, 2, 2, 1]}, null, null, 55, false, [], false, 0, [], null, 0, 1744374712.622744, 0, {}]
[{"0": [3, 1, 1, 1, 3, 2, 3, 3, 1, 2, 3, 24, 22, 34, 31, 23, 2]}, null, null, 56, false, [], false, 0, [], null, 0, 1744374712.836117, 0, {}]
[{"0": [1, 4, 2, 5, 0, 23, 36, 25, 1, 1, 4, 1, 6, 1, 4, 1, 2]}, null, null, 57, false, [], false, 0, [], null, 0, 1744374713.0582368, 0, {}]
[{"0": [3, 16, 20, 31, 33, 23, 32, 23, 18, 36, 25, 32, 30, 33, 6, 1, 1]}, null, null, 57, false, [], false, 0, [], null, 0, 1744374713.2770605, 0, {}]
[{"0": [1, 35, 28, 32, 29, 37, 30, 26, 28, 44, 1, 5, 1, 0, 4, 2, 0]}, null, null, 58, false, [], false, 0, [], null, 0, 1744374713.4876091, 0, {}]
[{"0": [3, 31, 37, 2, 2, 3, 1, 2, 2, 2, 4, 0, 4, 2, 4, 2, 0]}, null, null, 58, false, [], false, 0, [], null, 0, 1744374713.7245207, 0, {}]
[{"0": [2, 26, 0, 0, 3, 2, 0, 0, 1, 2, 1, 0, 2, 0, 3, 0, 2]}, null, null, 59, false, [], false, 0, [], null, 0, 1744374713.938207, 0, {}]
[{"0": [3, 34, 34, 35, 24, 1, 3, 5, 3, 1, 2, 1, 1, 0, 2, 3, 2]}, null, null, 60, false, [], false, 0, [], null, 0, 1744374714.1508849, 0, {}]
[{"0": [2, 0, 1, 2, 0, 2, 1, 0, 4, 1, 2, 4, 33, 29, 25, 35, 21]}, null, null, 60, false, [], false, 0, [], null, 0, 1744374714.3734117, 0, {}]
[{"0": [0, 28, 28, 30, 33, 27, 33, 26, 24, 3, 1, 1, 4, 2, 1, 1, 0]}, null, null, 61, false, [], false, 0, [], null, 0, 1744374714.5729144, 0, {}]
[{"0": [4, 5, 2, 2, 4, 0, 3, 3, 2, 1, 46, 29, 40, 2, 0, 3, 1]}, null, null, 61, false, [], false, 0, [], null, 0, 1744374714.7958863, 0, {}]
[{"0": [3, 19, 3, 0, 2, 1, 2, 2, 0, 3, 4, 0, 3, 1, 0, 4, 0]}, null, null, 62, false, [], false, 0, [], null, 0, 1744374715.0059984, 0, {}]
[{"0": [1, 28, 22, 3, 2, 0, 1, 3, 2, 2, 2, 1, 2, 0, 0, 1, 1]}, null, null, 63, false, [], false, 0, [], null, 0, 1744374715.222936, 0, {}]
[{"0": [0, 26, 32, 1, 2, 2, 0, 5, 1, 1, 1, 1, 2, 1, 2, 2, 2]}, null, null, 63, false, [], false, 0, [], null, 0, 1744374715.4513078, 0, {}]
[{"0": [1, 21, 1, 4, 2, 0, 4, 0, 3, 5, 1, 3, 3, 1, 3, 1, 2]}, null, null, 64, false, [], false, 0, [], null, 0, 1744374715.66467, 0, {}]
[{"0": [1, 31, 36, 25, 19, 21, 26, 24, 27, 29, 30, 2, 0, 3, 2, 0, 2]}, null, null, 64, false, [], false, 0, [], null, 0, 1744374715.881006, 0, {}]
[{"0": [0, 21, 36, 28, 32, 29, 25, 3, 1, 2, 3, 1, 3, 0, 2, 2, 2]}, null, null, 65, false, [], false, 0, [], null, 0, 1744374716.096498, 0, {}]
[{"0": [2, 2, 1, 3, 2, 1, 2, 16, 24, 42, 27, 2, 2, 2, 2, 2, 3]}, null, null, 66, false, [], false, 0, [], null, 0, 1744374716.3243673, 0, {}]
[{"0": [1, 3, 4, 3, 1, 1, 22, 22, 26, 21, 26, 22, 27, 36, 33, 26, 24]}, null, null, 66, false, [], false, 0, [], null, 0, 1744374716.5291615, 0, {}]
[{"0": [34, 22, 31, 29, 24, 26, 5, 1, 0, 0, 1, 2, 2, 1, 3, 4, 1]}, null, null, 67, false, [], false, 0, [], null, 0, 1744374716.738079, 0, {}]
[{"0": [26, 28, 1, 1, 0, 0, 1, 2, 0, 0, 1, 0, 4, 3, 1, 4, 1]}, null, null, 67, false, [], false, 0, [], null, 0, 1744374716.9671447, 0, {}]
[{"0": [1, 34, 28, 0, 3, 2, 1, 4, 5, 1, 1, 2, 1, 1, 1, 2, 0]}, null, null, 68, false, [], false, 0, [], null, 0, 1744374717.1923904, 0, {}]
[{"0": [4, 33, 22, 27, 34, 19, 33, 1, 2, 0, 0, 2, 2, 2, 4, 1, 3]}, null, null, 69, false, [], false, 0, [], null, 0, 1744374717.392813, 0, {}]
[{"0": [3, 23, 22, 28, 3, 1, 2, 2, 2, 0, 0, 1, 2, 5, 2, 3, 2]}, null, null, 69, false, [], false, 0, [], null, 0, 1744374717.6270597, 0, {}]
[{"0": [2, 0, 1, 2, 0, 2, 2, 3, 1, 0, 27, 3, 1, 2, 1, 3, 2]}, null, null, 70, false, [], false, 0, [], null, 0, 1744374717.8325648, 0, {}]
[{"0": [0, 1, 1, 2, 1, 3, 27, 37, 18, 27, 23, 2, 1, 1, 2, 1, 0]}, null, null, 70, false, [], false, 0, [], null, 0, 1744374718.056006, 0, {}]
[{"0": [2, 32, 1, 2, 3, 2, 2, 1, 3, 2, 2, 4, 1, 2, 1, 1, 3]}, null, null, 71, false, [], false, 0, [], null, 0, 1744374718.2627726, 0, {}]
[{"0": [4, 37, 3, 1, 1, 1, 6, 3, 3, 0, 2, 1, 1, 4, 3, 3, 0]}, null, null, 72, false, [], false, 0, [], null, 0, 1744374718.4845822, 0, {}]
[{"0": [2, 20, 21, 25, 31, 0, 2, 2, 1, 1, 1, 2, 0, 1, 1, 2, 2]}, null, null, 72, false, [], false, 0, [], null, 0, 1744374718.6950116, 0, {}]
[{"0": [2, 3, 4, 2, 1, 6, 0, 3, 2, 2, 5, 1, 2, 4, 2, 3, 37]}, null, null, 73, false, [], false, 0, [], null, 0, 1744374718.9057748, 0, {}]
[{"0": [0, 32, 15, 19, 30, 26, 40, 1, 3, 1, 0, 3, 2, 3, 2, 2, 2]}, null, null, 73, false, [], false, 0, [], null, 0, 1744374719.1269908, 0, {}]
[{"0": [1, 20, 32, 28, 25, 30, 23, 25, 23, 19, 26, 24, 29, 20, 33, 34, 1]}, null, null, 74, false, [], false, 0, [], null, 0, 1744374719.349522, 0, {}]
[{"0": [0, 16, 29, 29, 23, 38, 28, 30, 4, 2, 2, 2, 1, 1, 2, 2, 2]}, null, null, 75, false, [], false, 0, [], null, 0, 1744374719.5658636, 0, {}]
[{"0": [2, 30, 29, 23, 30, 28, 24, 25, 32, 30, 3, 1, 0, 1, 3, 2, 1]}, null, null, 75, false, [], false, 0, [], null, 0, 1744374719.7823608, 0, {}]
[{"0": [3, 28, 21, 37, 32, 35, 21, 28, 1, 2, 2, 2, 1, 3, 2, 0, 0]}, null, null, 76, false, [], false, 0, [], null, 0, 1744374719.9916897, 0, {}]
[{"0": [3, 27, 35, 27, 30, 30, 26, 1, 1, 2, 1, 1, 1, 4, 0, 1, 0]}, null, null, 77, false, [], false, 0, [], null, 0, 1744374720.2222466, 0, {}]
[{"0": [0, 28, 1, 1, 1, 3, 0, 3, 1, 3, 2, 0, 3, 1, 1, 1, 1]}, null, null, 77, false, [], false, 0, [], null, 0, 1744374720.4296548, 0, {}]
[{"0": [0, 0, 0, 2, 1, 2, 1, 2, 0, 1, 2, 1, 2, 4, 3, 0, 0]}, null, null, 78, false, [], false, 0, [], null, 0, 1744374720.65766, 0, {}]
[{"0": [1, 29, 30, 21, 29, 28, 1, 0, 0, 6, 2, 3, 2, 1, 1, 1, 0]}, null, null, 78, false, [], false, 0, [], null, 0, 1744374720.854123, 0, {}]
[{"0": [2, 1, 2, 2, 0, 2, 3, 3, 30, 29, 35, 23, 32, 35, 29, 31, 24]}, null, null, 79, false, [], false, 0, [], null, 0, 1744374721.0933414, 0, {}]
[{"0": [1, 20, 33, 22, 1, 2, 1, 2, 2, 0, 3, 1, 2, 1, 1, 1, 3]}, null, null, 80, false, [], false, 0, [], null, 0, 1744374721.2925165, 0, {}]
[{"0": [4, 2, 1, 1, 2, 1, 0, 2, 1, 1, 0, 2, 4, 2, 1, 1, 3]}, null, null, 80, false, [], false, 0, [], null, 0, 1744374721.5223844, 0, {}]
[{"0": [1, 2, 3, 2, 3, 1, 24, 1, 2, 2, 4, 2, 3, 1, 1, 2, 1]}, null, null, 81, false, [], false, 0, [], null, 0, 1744374721.7308495, 0, {}]
[{"0": [1, 14, 1, 2, 2, 2, 1, 1, 1, 2, 0, 1, 2, 4, 3, 3, 1]}, null, null, 81, false, [], false, 0, [], null, 0, 1744374721.9458854, 0, {}]
[{"0": [1, 2, 5, 2, 0, 3, 1, 1, 2, 0, 2, 36, 26, 2, 0, 5, 3]}, null, null, 82, false, [], false, 0, [], null, 0, 1744374722.1625566, 0, {}]
[{"0": [4, 39, 36, 20, 30, 3, 3, 3, 3, 2, 5, 4, 0, 1, 3, 2, 2]}, null, null, 83, false, [], false, 0, [], null, 0, 1744374722.3762949, 0, {}]
[{"0": [1, 22, 41, 31, 21, 1, 5, 0, 3, 1, 2, 0, 5, 1, 2, 2, 1]}, null, null, 83, false, [], false, 0, [], null, 0, 1744374722.5973253, 0, {}]
[{"0": [1, 36, 23, 38, 32, 24, 0, 5, 1, 2, 4, 5, 3, 2, 2, 5, 3]}, null, null, 84, false, [], false, 0, [], null, 0, 1744374722.804835, 0, {}]
[{"0": [4, 29, 2, 1, 2, 1, 1, 1, 0, 3, 2, 4, 0, 2, 0, 1, 2]}, null, null, 84, false, [], false, 0, [], null, 0, 1744374723.0374563, 0, {}]
[{"0": [2, 1, 1, 1, 3, 3, 3, 1, 3, 3, 7, 3, 2, 1, 1, 2, 2]}, null, null, 85, false, [], false, 0, [], null, 0, 1744374723.2509947, 0, {}]
[{"0": [2, 3, 2, 2, 2, 2, 4, 1, 2, 1, 3, 2, 4, 0, 1, 0, 1]}, null, null, 86, false, [], false, 0, [], null, 0, 1744374723.4553812, 0, {}]
[{"0": [4, 35, 27, 35, 27, 1, 1, 2, 0, 1, 3, 4, 2, 2, 2, 1, 1]}, null, null, 86, false, [], false, 0, [], null, 0, 1744374723.670722, 0, {}]
[{"0": [3, 3, 3, 3, 4, 2, 1, 1, 1, 3, 4, 1, 2, 1, 3, 6, 26]}, null, null, 87, false, [], false, 0, [], null, 0, 1744374723.9024305, 0, {}]
[{"0": [2, 32, 1, 0, 2, 1, 0, 2, 2, 4, 1, 2, 4, 0, 2, 2, 2]}, null, null, 87, false, [], false, 0, [], null, 0, 1744374724.120118, 0, {}]
[{"0": [1, 4, 1, 3, 0, 3, 3, 0, 3, 27, 26, 0, 1, 0, 3, 0, 0]}, null, null, 88, false, [], false, 0, [], null, 0, 1744374724.3229938, 0, {}]
[{"0": [2, 5, 4, 2, 1, 5, 1, 24, 27, 22, 0, 1, 1, 2, 1, 3, 3]}, null, null, 89, false, [], false, 0, [], null, 0, 1744374724.554017, 0, {}]
[{"0": [0, 30, 1, 1, 5, 1, 1, 0, 1, 3, 1, 2, 0, 1, 3, 5, 0]}, null, null, 89, false, [], false, 0, [], null, 0, 1744374724.7594748, 0, {}]
[{"0": [2, 31, 23, 28, 23, 29, 41, 39, 40, 1, 3, 5, 1, 4, 2, 2, 3]}, null, null, 90, false, [], false, 0, [], null, 0, 1744374724.9802194, 0, {}]
[{"0": [0, 32, 19, 30, 24, 30, 36, 29, 3, 4, 1, 1, 1, 0, 4, 1, 2]}, null, null, 90, false, [], false, 0, [], null, 0, 1744374725.1955066, 0, {}]
[{"0": [0, 5, 0, 3, 1, 3, 1, 1, 1, 0, 0, 28, 32, 19, 27, 4, 4]}, null, null, 91, false, [], false, 0, [], null, 0, 1744374725.4094846, 0, {}]
[{"0": [3, 1, 1, 0, 3, 4, 0, 4, 3, 1, 4, 2, 1, 2, 1, 3, 2]}, null, null, 92, false, [], false, 0, [], null, 0, 1744374725.6322162, 0, {}]
[{"0": [3, 29, 21, 25, 30, 31, 2, 1, 2, 1, 0, 3, 0, 2, 2, 2, 1]}, null, null, 92, false, [], false, 0, [], null, 0, 1744374725.843643, 0, {}]
[{"0": [3, 1, 2, 1, 4, 0, 2, 1, 2, 5, 3, 2, 26, 32, 41, 3, 1]}, null, null, 93, false, [], false, 0, [], null, 0, 1744374726.0702324, 0, {}]
[{"0": [32, 30, 21, 29, 28, 23, 20, 25, 20, 21, 31, 1, 1, 1, 1, 5, 3]}, null, null, 93, false, [], false, 0, [], null, 0, 1744374726.295718, 0, {}]
[{"0": [31, 34, 1, 1, 3, 1, 2, 2, 1, 4, 3, 1, 2, 1, 1, 2, 3]}, null, null, 94, false, [], false, 0, [], null, 0, 1744374726.504441, 0, {}]
[{"0": [0, 32, 22, 21, 3, 1, 2, 0, 3, 2, 2, 0, 1, 1, 1, 1, 2]}, null, null, 95, false, [], false, 0, [], null, 0, 1744374726.711556, 0, {}]
[{"0": [29, 27, 1, 4, 1, 2, 0, 1, 0, 1, 0, 0, 1, 1, 1, 0, 3]}, null, null, 95, false, [], false, 0, [], null, 0, 1744374726.9343085, 0, {}]
[{"0": [2, 24, 0, 2, 4, 1, 6, 1, 1, 1, 1, 1, 2, 4, 3, 4, 1]}, null, null, 96, false, [], false, 0, [], null, 0, 1744374727.146723, 0, {}]
[{"0": [2, 4, 0, 0, 1, 2, 0, 2, 3, 0, 0, 0, 2, 1, 1, 1, 38]}, null, null, 96, false, [], false, 0, [], null, 0, 1744374727.3693092, 0, {}]
[{"0": [1, 31, 21, 35, 34, 28, 32, 1, 1, 3, 1, 2, 0, 3, 4, 2, 1]}, null, null, 97, false, [], false, 0, [], null, 0, 1744374727.583193, 0, {}]
[{"0": [1, 4, 2, 4, 2, 4, 3, 5, 3, 0, 0, 42, 30, 25, 3, 2, 1]}, null, null, 98, false, [], false, 0, [], null, 0, 1744374727.8039124, 0, {}]
[{"0": [2, 24, 29, 34, 21, 32, 1, 3, 2, 0, 3, 3, 1, 3, 0, 1, 4]}, null, null, 98, false, [], false, 0, [], null, 0, 1744374728.0165844, 0, {}]
[{"0": [1, 27, 33, 29, 26, 26, 2, 2, 0, 1, 1, 3, 1, 4, 3, 2, 2]}, null, null, 99, false, [], false, 0, [], null, 0, 1744374728.2289076, 0, {}]
[{"0": [2, 29, 36, 21, 37, 1, 2, 5, 2, 1, 2, 4, 1, 1, 1, 3, 1]}, null, null, 99, false, [], false, 0, [], null, 0, 1744374728.4387212, 0, {}]
[{"0": [3, 36, 28, 27, 0, 4, 2, 0, 4, 1, 0, 1, 4, 1, 1, 0, 1]}, null, null, 100, false, [], false, 0, [], null, 0, 1744374728.6645935, 0, {}]
[{"0": [2, 29, 27, 0, 3, 1, 2, 3, 0, 2, 1, 3, 1, 1, 3, 1, 0]}, null, null, 101, false, [], false, 0, [], null, 0, 1744374728.8788495, 0, {}]
[{"0": [24, 2, 2, 1, 0, 1, 3, 3, 2, 0, 3, 4, 1, 1, 2, 3, 3]}, null, null, 101, false, [], false, 0, [], null, 0, 1744374729.1088934, 0, {}]
[{"0": [0, 35, 25, 3, 2, 3, 1, 4, 2, 2, 1, 3, 2, 2, 1, 5, 3]}, null, null, 102, false, [], false, 0, [], null, 0, 1744374729.3213902, 0, {}]
[{"0": [3, 2, 2, 1, 0, 2, 1, 1, 1, 3, 1, 1, 2, 24, 28, 20, 27]}, null, null, 102, false, [], false, 0, [], null, 0, 1744374729.5198486, 0, {}]
[{"0": [3, 28, 27, 1, 2, 1, 2, 1, 2, 1, 2, 1, 2, 1, 2, 4, 1]}, null, null, 103, false, [], false, 0, [], null, 0, 1744374729.7532556, 0, {}]
[{"0": [2, 27, 40, 33, 2, 2, 4, 4, 1, 1, 2, 1, 1, 2, 5, 4, 2]}, null, null, 104, false, [], false, 0, [], null, 0, 1744374729.9638371, 0, {}]
[{"0": [6, 27, 30, 33, 26, 31, 35, 31, 24, 31, 31, 28, 29, 27, 24, 41, 2]}, null, null, 104, false, [], false, 0, [], null, 0, 1744374730.1855428, 0, {}]
[{"0": [0, 24, 31, 31, 45, 37, 30, 24, 30, 22, 2, 2, 2, 1, 0, 3, 3]}, null, null, 105, false, [], false, 0, [], null, 0, 1744374730.3942766, 0, {}]
[{"0": [2, 27, 3, 1, 2, 2, 2, 1, 1, 2, 3, 0, 4, 5, 1, 2, 1]}, null, null, 105, false, [], false, 0, [], null, 0, 1744374730.6051013, 0, {}]
[{"0": [4, 26, 30, 29, 0, 2, 2, 2, 2, 2, 0, 0, 1, 1, 1, 0, 2]}, null, null, 106, false, [], false, 0, [], null, 0, 1744374730.8265114, 0, {}]
[{"0": [19, 3, 4, 3, 2, 2, 2, 3, 1, 31, 26, 31, 41, 24, 25, 23, 36]}, null, null, 107, false, [], false, 0, [], null, 0, 1744374731.0485404, 0, {}]
[{"0": [1, 0, 6, 1, 0, 2, 4, 4, 2, 2, 30, 37, 32, 28, 31, 30, 36]}, null, null, 107, false, [], false, 0, [], null, 0, 1744374731.265259, 0, {}]
[{"0": [2, 33, 38, 1, 2, 2, 1, 1, 3, 1, 2, 5, 5, 2, 2, 3, 2]}, null, null, 108, false, [], false, 0, [], null, 0, 1744374731.482788, 0, {}]
[{"0": [4, 23, 29, 31, 21, 31, 33, 20, 30, 2, 3, 1, 1, 1, 1, 0, 5]}, null, null, 108, false, [], false, 0, [], null, 0, 1744374731.699171, 0, {}]
[{"0": [1, 37, 26, 29, 26, 41, 33, 2, 4, 2, 3, 1, 0, 3, 3, 1, 2]}, null, null, 109, false, [], false, 0, [], null, 0, 1744374731.9243946, 0, {}]
[{"0": [0, 25, 28, 22, 26, 24, 24, 27, 1, 4, 0, 1, 1, 1, 1, 3, 2]}, null, null, 110, false, [], false, 0, [], null, 0, 1744374732.124823, 0, {}]
[{"0": [2, 26, 2, 2, 1, 1, 4, 2, 1, 7, 6, 1, 2, 2, 1, 1, 4]}, null, null, 110, false, [], false, 0, [], null, 0, 1744374732.3440824, 0, {}]
[{"0": [4, 26, 32, 35, 20, 36, 26, 25, 24, 27, 29, 26, 38, 1, 1, 4, 2]}, null, null, 111, false, [], false, 0, [], null, 0, 1744374732.5621455, 0, {}]
[{"0": [0, 17, 2, 1, 0, 1, 2, 1, 5, 3, 1, 1, 4, 1, 1, 2, 0]}, null, null, 111, false, [], false, 0, [], null, 0, 1744374732.781337, 0, {}]
[{"0": [0, 1, 3, 3, 1, 1, 0, 0, 3, 23, 28, 28, 31, 16, 35, 32, 41]}, null, null, 112, false, [], false, 0, [], null, 0, 1744374732.9879012, 0, {}]
[{"0": [1, 26, 22, 16, 0, 4, 2, 2, 0, 2, 1, 2, 5, 0, 0, 0, 1]}, null, null, 113, false, [], false, 0, [], null, 0, 1744374733.2106264, 0, {}]
[{"0": [3, 20, 23, 34, 35, 31, 0, 3, 0, 1, 6, 2, 3, 1, 3, 3, 1]}, null, null, 113, false, [], false, 0, [], null, 0, 1744374733.431142, 0, {}]
[{"0": [1, 1, 1, 4, 0, 0, 1, 3, 4, 2, 1, 1, 3, 6, 2, 1, 31]}, null, null, 114, false, [], false, 0, [], null, 0, 1744374733.6466186, 0, {}]
[{"0": [2, 1, 3, 2, 3, 3, 4, 1, 3, 2, 3, 1, 5, 3, 0, 1, 3]}, null, null, 114, false, [], false, 0, [], null, 0, 1744374733.864383, 0, {}]
[{"0": [3, 26, 32, 27, 30, 33, 29, 1, 2, 2, 2, 1, 1, 2, 3, 2, 2]}, null, null, 115, false, [], false, 0, [], null, 0, 1744374734.0830219, 0, {}]
[{"0": [2, 2, 4, 2, 3, 2, 3, 1, 0, 1, 1, 1, 3, 3, 2, 0, 29]}, null, null, 116, false, [], false, 0, [], null, 0, 1744374734.2891765, 0, {}]
[{"0": [2, 21, 25, 23, 22, 31, 29, 22, 34, 17, 27, 2, 6, 4, 0, 2, 1]}, null, null, 116, false, [], false, 0, [], null, 0, 1744374734.523976, 0, {}]
[{"0": [1, 33, 26, 23, 23, 1, 2, 1, 3, 1, 5, 1, 3, 3, 1, 2, 1]}, null, null, 117, false, [], false, 0, [], null, 0, 1744374734.7278283, 0, {}]
[{"0": [2, 18, 22, 29, 32, 29, 31, 30, 33, 1, 2, 0, 3, 3, 0, 0, 1]}, null, null, 117, false, [], false, 0, [], null, 0, 1744374734.951453, 0, {}]
[{"0": [0, 29, 28, 24, 34, 3, 0, 2, 3, 2, 1, 1, 4, 0, 5, 1, 0]}, null, null, 118, false, [], false, 0, [], null, 0, 1744374735.165759, 0, {}]
[{"0": [1, 26, 30, 1, 1, 1, 0, 1, 2, 2, 2, 1, 1, 2, 1, 2, 2]}, null, null, 119, false, [], false, 0, [], null, 0, 1744374735.3852644, 0, {}]
[{"0": [2, 4, 2, 4, 2, 0, 1, 2, 1, 1, 0, 2, 2, 4, 5, 2, 3]}, null, null, 119, false, [], false, 0, [], null, 0, 1744374735.592709, 0, {}]
[{"0": [1, 27, 25, 0, 6, 1, 0, 2, 0, 0, 1, 4, 0, 3, 1, 1, 3]}, null, null, 120, false, [], false, 0, [], null, 0, 1744374735.804835, 0, {}]
[{"0": [3, 1, 2, 0, 0, 2, 1, 4, 1, 2, 4, 2, 1, 3, 31, 28, 32]}, null, null, 120, false, [], false, 0, [], null, 0, 1744374736.0260694, 0, {}]
[{"0": [4, 4, 2, 1, 2, 3, 2, 0, 1, 1, 2, 6, 1, 3, 1, 27, 35]}, null, null, 121, false, [], false, 0, [], null, 0, 1744374736.243702, 0, {}]
[{"0": [1, 25, 25, 31, 1, 0, 0, 1, 4, 1, 2, 1, 4, 0, 3, 2, 3]}, null, null, 122, false, [], false, 0, [], null, 0, 1744374736.4546468, 0, {}]
[{"0": [0, 26, 32, 0, 2, 0, 1, 1, 1, 2, 1, 3, 1, 1, 2, 0, 1]}, null, null, 122, false, [], false, 0, [], null, 0, 1744374736.676151, 0, {}]
[{"0": [1, 28, 31, 26, 22, 1, 1, 2, 2, 2, 2, 3, 2, 1, 1, 5, 1]}, null, null, 123, false, [], false, 0, [], null, 0, 1744374736.8878565, 0, {}]
[{"0": [3, 44, 24, 26, 2, 0, 4, 2, 2, 3, 6, 2, 0, 2, 1, 2, 1]}, null, null, 123, false, [], false, 0, [], null, 0, 1744374737.106858, 0, {}]
[{"0": [0, 25, 24, 30, 23, 19, 32, 22, 32, 27, 2, 3, 2, 2, 4, 1, 3]}, null, null, 124, false, [], false, 0, [], null, 0, 1744374737.324798, 0, {}]
[{"0": [2, 33, 4, 0, 0, 2, 3, 1, 2, 2, 3, 1, 2, 3, 3, 0, 2]}, null, null, 125, false, [], false, 0, [], null, 0, 1744374737.5559833, 0, {}]
[{"0": [2, 24, 2, 2, 3, 1, 3, 2, 1, 2, 2, 0, 2, 2, 3, 1, 2]}, null, null, 125, false, [], false, 0, [], null, 0, 1744374737.7737448, 0, {}]
[{"0": [2, 1, 1, 2, 1, 2, 3, 1, 2, 26, 1, 2, 2, 3, 3, 0, 2]}, null, null, 126, false, [], false, 0, [], null, 0, 1744374737.9724212, 0, {}]
[{"0": [3, 2, 4, 2, 1, 3, 1, 3, 1, 3, 1, 3, 4, 1, 0, 2, 31]}, null, null, 127, false, [], false, 0, [], null, 0, 1744374738.1949434, 0, {}]
[{"0": [2, 31, 33, 2, 4, 3, 1, 3, 2, 3, 3, 1, 2, 0, 4, 1, 2]}, null, null, 127, false, [], false, 0, [], null, 0, 1744374738.4099069, 0, {}]
[{"0": [2, 27, 1, 1, 3, 4, 3, 2, 1, 3, 1, 0, 2, 2, 0, 1, 5]}, null, null, 128, false, [], false, 0, [], null, 0, 1744374738.6333053, 0, {}]
[{"0": [3, 0, 3, 3, 2, 4, 3, 3, 1, 2, 0, 1, 32, 21, 0, 2, 0]}, null, null, 128, false, [], false, 0, [], null, 0, 1744374738.854534, 0, {}]
[{"0": [3, 1, 1, 1, 5, 3, 1, 3, 1, 1, 0, 2, 1, 0, 7, 1, 1]}, null, null, 129, false, [], false, 0, [], null, 0, 1744374739.0583744, 0, {}]
[{"0": [0, 27, 29, 26, 0, 0, 1, 3, 1, 3, 3, 2, 1, 0, 0, 1, 1]}, null, null, 130, false, [], false, 0, [], null, 0, 1744374739.272876, 0, {}]
[{"0": [3, 34, 22, 0, 0, 2, 0, 2, 3, 2, 1, 1, 2, 1, 3, 3, 3]}, null, null, 130, false, [], false, 0, [], null, 0, 1744374739.4889884, 0, {}]
[{"0": [3, 43, 31, 29, 26, 29, 36, 22, 2, 0, 2, 0, 2, 3, 2, 0, 1]}, null, null, 131, false, [], false, 0, [], null, 0, 1744374739.7222304, 0, {}]
[{"0": [3, 2, 0, 20, 35, 26, 35, 36, 20, 23, 35, 23, 3, 1, 2, 2, 2]}, null, null, 131, false, [], false, 0, [], null, 0, 1744374739.920165, 0, {}]
[{"0": [26, 32, 35, 2, 2, 1, 2, 2, 0, 1, 1, 2, 1, 5, 7, 3, 5]}, null, null, 132, false, [], false, 0, [], null, 0, 1744374740.1493123, 0, {}]
[{"0": [30, 31, 32, 2, 2, 1, 0, 1, 2, 1, 3, 2, 2, 3, 2, 3, 2]}, null, null, 133, false, [], false, 0, [], null, 0, 1744374740.3599613, 0, {}]
[{"0": [2, 42, 28, 2, 4, 3, 1, 0, 1, 2, 2, 2, 1, 0, 0, 3, 3]}, null, null, 133, false, [], false, 0, [], null, 0, 1744374740.5749185, 0, {}]
[{"0": [1, 34, 20, 1, 6, 1, 0, 0, 1, 3, 4, 3, 1, 0, 0, 1, 1]}, null, null, 134, false, [], false, 0, [], null, 0, 1744374740.7864995, 0, {}]
[{"0": [4, 24, 27, 28, 19, 3, 2, 1, 1, 2, 2, 1, 0, 2, 4, 0, 0]}, null, null, 134, false, [], false, 0, [], null, 0, 1744374741.0098786, 0, {}]
[{"0": [4, 27, 29, 35, 1, 2, 0, 3, 1, 3, 1, 3, 1, 0, 1, 1, 3]}, null, null, 135, false, [], false, 0, [], null, 0, 1744374741.2311263, 0, {}]
[{"0": [1, 31, 29, 26, 32, 25, 27, 34, 32, 4, 0, 3, 2, 1, 4, 1, 1]}, null, null, 136, false, [], false, 0, [], null, 0, 1744374741.4383013, 0, {}]
[{"0": [2, 3, 2, 4, 1, 5, 4, 2, 1, 3, 0, 2, 3, 0, 2, 1, 0]}, null, null, 136, false, [], false, 0, [], null, 0, 1744374741.6542473, 0, {}]
[{"0": [1, 2, 2, 1, 5, 2, 2, 1, 2, 0, 2, 0, 4, 2, 4, 0, 1]}, null, null, 137, false, [], false, 0, [], null, 0, 1744374741.8757014, 0, {}]
[{"0": [1, 41, 14, 3, 2, 1, 1, 1, 1, 4, 4, 1, 2, 0, 2, 4, 0]}, null, null, 137, false, [], false, 0, [], null, 0, 1744374742.0913184, 0, {}]
[{"0": [0, 20, 28, 15, 35, 35, 1, 1, 2, 3, 5, 2, 3, 1, 1, 2, 1]}, null, null, 138, false, [], false, 0, [], null, 0, 1744374742.303666, 0, {}]
[{"0": [3, 2, 4, 4, 2, 3, 2, 1, 1, 3, 3, 21, 2, 0, 0, 2, 2]}, null, null, 139, false, [], false, 0, [], null, 0, 1744374742.5272799, 0, {}]
[{"0": [35, 31, 24, 23, 21, 2, 2, 2, 3, 2, 3, 0, 1, 2, 0, 0, 3]}, null, null, 139, false, [], false, 0, [], null, 0, 1744374742.7406452, 0, {}]
[{"0": [22, 1, 0, 1, 0, 5, 1, 1, 3, 7, 2, 0, 5, 2, 0, 3, 2]}, null, null, 140, false, [], false, 0, [], null, 0, 1744374742.959349, 0, {}]
[{"0": [3, 2, 2, 0, 1, 3, 4, 6, 1, 1, 26, 29, 2, 2, 1, 1, 2]}, null, null, 140, false, [], false, 0, [], null, 0, 1744374743.1682422, 0, {}]
[{"0": [1, 33, 42, 34, 37, 35, 40, 30, 32, 2, 3, 5, 1, 2, 4, 4, 1]}, null, null, 141, false, [], false, 0, [], null, 0, 1744374743.3878775, 0, {}]
[{"0": [2, 32, 30, 31, 1, 1, 2, 1, 2, 1, 1, 2, 2, 3, 1, 6, 0]}, null, null, 142, false, [], false, 0, [], null, 0, 1744374743.6242533, 0, {}]
[{"0": [2, 30, 17, 0, 3, 5, 5, 0, 4, 1, 2, 0, 3, 1, 3, 1, 1]}, null, null, 142, false, [], false, 0, [], null, 0, 1744374743.8285465, 0, {}]
[{"0": [2, 21, 0, 0, 3, 2, 2, 1, 1, 2, 6, 0, 0, 3, 3, 4, 2]}, null, null, 143, false, [], false, 0, [], null, 0, 1744374744.0436244, 0, {}]
[{"0": [3, 23, 29, 35, 2, 2, 3, 2, 0, 1, 3, 4, 0, 1, 1, 1, 1]}, null, null, 143, false, [], false, 0, [], null, 0, 1744374744.2645016, 0, {}]
[{"0": [4, 19, 29, 33, 27, 1, 1, 2, 1, 0, 2, 0, 1, 2, 1, 2, 1]}, null, null, 144, false, [], false, 0, [], null, 0, 1744374744.4869354, 0, {}]
[{"0": [2, 32, 24, 26, 37, 31, 26, 35, 35, 36, 28, 23, 37, 21, 29, 21, 22]}, null, null, 145, false, [], false, 0, [], null, 0, 1744374744.6971247, 0, {}]
[{"0": [1, 28, 22, 29, 1, 3, 1, 3, 0, 1, 1, 3, 0, 3, 3, 0, 3]}, null, null, 145, false, [], false, 0, [], null, 0, 1744374744.9034412, 0, {}]
[{"0": [2, 24, 33, 29, 25, 30, 27, 26, 32, 33, 29, 34, 2, 3, 3, 2, 2]}, null, null, 146, false, [], false, 0, [], null, 0, 1744374745.1394362, 0, {}]
[{"0": [25, 35, 29, 20, 2, 0, 6, 0, 1, 2, 1, 1, 0, 2, 3, 0, 4]}, null, null, 146, false, [], false, 0, [], null, 0, 1744374745.337228, 0, {}]
[{"0": [3, 32, 30, 3, 1, 2, 0, 2, 5, 3, 1, 2, 2, 2, 4, 1, 3]}, null, null, 147, false, [], false, 0, [], null, 0, 1744374745.5598004, 0, {}]
[{"0": [2, 2, 3, 0, 3, 2, 2, 3, 1, 24, 33, 19, 21, 25, 28, 34, 31]}, null, null, 148, false, [], false, 0, [], null, 0, 1744374745.7782397, 0, {}]
[{"0": [3, 34, 33, 35, 28, 27, 30, 18, 31, 1, 3, 1, 0, 1, 4, 1, 4]}, null, null, 148, false, [], false, 0, [], null, 0, 1744374745.990562, 0, {}]
[{"0": [0, 1, 5, 2, 42, 1, 0, 3, 1, 0, 1, 3, 3, 0, 3, 4, 3]}, null, null, 149, false, [], false, 0, [], null, 0, 1744374746.2025223, 0, {}]
[{"0": [2, 3, 6, 3, 1, 2, 3, 0, 30, 2, 0, 3, 3, 2, 4, 1, 0]}, null, null, 149, false, [], false, 0, [], null, 0, 1744374746.433966, 0, {}]
[{"0": [1, 26, 1, 2, 0, 1, 0, 0, 3, 1, 4, 1, 1, 1, 5, 1, 3]}, null, null, 150, true, [], false, 0, [], null, 0, 1744374746.647153, 0, {}]
