[{"0": [1, 3, 2, 2, 3, 1, 1, 2, 1, 1, 33, 31, 1, 2, 1, 2, 3]}, null, null, 0, false, [], false, 0, [], null, 0, 1744376120.8599627, 0, {}]
[{"0": [1, 3, 2, 2, 4, 4, 25, 23, 29, 31, 30, 34, 37, 23, 22, 30, 39]}, null, null, 1, false, [], false, 0, [], null, 0, 1744376121.078043, 0, {}]
[{"0": [0, 1, 1, 0, 2, 2, 3, 3, 0, 3, 2, 38, 20, 36, 34, 2, 3]}, null, null, 1, false, [], false, 0, [], null, 0, 1744376121.3116896, 0, {}]
[{"0": [6, 1, 4, 1, 3, 2, 1, 3, 4, 2, 3, 33, 23, 29, 34, 23, 29]}, null, null, 2, false, [], false, 0, [], null, 0, 1744376121.529152, 0, {}]
[{"0": [28, 47, 28, 28, 2, 2, 0, 3, 1, 2, 1, 0, 2, 3, 0, 1, 2]}, null, null, 2, false, [], false, 0, [], null, 0, 1744376121.7405696, 0, {}]
[{"0": [5, 3, 2, 2, 2, 1, 1, 1, 0, 5, 2, 2, 2, 1, 3, 5, 20]}, null, null, 3, false, [], false, 0, [], null, 0, 1744376121.9692116, 0, {}]
[{"0": [3, 1, 2, 2, 1, 4, 1, 1, 0, 1, 4, 2, 5, 3, 2, 2, 2]}, null, null, 4, false, [], false, 0, [], null, 0, 1744376122.1754556, 0, {}]
[{"0": [3, 3, 2, 33, 30, 19, 2, 2, 1, 0, 0, 2, 1, 1, 2, 2, 0]}, null, null, 4, false, [], false, 0, [], null, 0, 1744376122.38403, 0, {}]
[{"0": [2, 1, 2, 1, 2, 2, 5, 2, 0, 3, 1, 0, 1, 1, 2, 2, 1]}, null, null, 5, false, [], false, 0, [], null, 0, 1744376122.6097286, 0, {}]
[{"0": [1, 1, 1, 2, 3, 3, 2, 6, 2, 26, 25, 1, 3, 1, 1, 3, 2]}, null, null, 5, false, [], false, 0, [], null, 0, 1744376122.8354833, 0, {}]
[{"0": [1, 2, 2, 0, 0, 2, 1, 4, 3, 1, 31, 3, 1, 1, 3, 2, 1]}, null, null, 6, false, [], false, 0, [], null, 0, 1744376123.0548527, 0, {}]
[{"0": [3, 3, 3, 0, 4, 0, 3, 1, 4, 1, 4, 0, 1, 2, 2, 0, 3]}, null, null, 7, false, [], false, 0, [], null, 0, 1744376123.2519612, 0, {}]
[{"0": [5, 28, 24, 26, 1, 2, 4, 5, 1, 2, 2, 1, 2, 1, 1, 0, 3]}, null, null, 7, false, [], false, 0, [], null, 0, 1744376123.4805534, 0, {}]
[{"0": [2, 25, 26, 30, 29, 25, 1, 2, 3, 0, 2, 4, 1, 1, 2, 2, 2]}, null, null, 8, false, [], false, 0, [], null, 0, 1744376123.684674, 0, {}]
[{"0": [2, 1, 0, 5, 1, 2, 2, 2, 0, 1, 2, 25, 3, 1, 1, 3, 1]}, null, null, 8, false, [], false, 0, [], null, 0, 1744376123.900682, 0, {}]
[{"0": [3, 1, 2, 3, 2, 1, 1, 4, 26, 21, 28, 4, 4, 0, 1, 0, 1]}, null, null, 9, false, [], false, 0, [], null, 0, 1744376124.1145442, 0, {}]
[{"0": [1, 5, 2, 2, 0, 4, 4, 23, 25, 29, 31, 27, 35, 26, 23, 3, 0]}, null, null, 10, false, [], false, 0, [], null, 0, 1744376124.3445237, 0, {}]
[{"0": [1, 3, 1, 2, 3, 4, 1, 1, 0, 0, 1, 2, 2, 1, 1, 26, 28]}, null, null, 10, false, [], false, 0, [], null, 0, 1744376124.559151, 0, {}]
[{"0": [2, 4, 4, 4, 2, 2, 0, 4, 5, 0, 1, 2, 3, 38, 26, 39, 33]}, null, null, 11, false, [], false, 0, [], null, 0, 1744376124.7731428, 0, {}]
[{"0": [2, 3, 2, 1, 5, 2, 28, 5, 2, 4, 1, 0, 2, 2, 1, 2, 0]}, null, null, 11, false, [], false, 0, [], null, 0, 1744376124.9966211, 0, {}]
[{"0": [0, 1, 3, 1, 23, 26, 37, 28, 5, 2, 3, 2, 2, 2, 1, 3, 0]}, null, null, 12, false, [], false, 0, [], null, 0, 1744376125.2026868, 0, {}]
[{"0": [2, 5, 1, 0, 3, 5, 0, 5, 25, 23, 32, 23, 34, 23, 29, 25, 31]}, null, null, 13, false, [], false, 0, [], null, 0, 1744376125.427975, 0, {}]
[{"0": [1, 1, 1, 2, 2, 3, 5, 3, 1, 1, 29, 32, 39, 33, 26, 33, 43]}, null, null, 13, false, [], false, 0, [], null, 0, 1744376125.6391406, 0, {}]
[{"0": [1, 0, 3, 0, 2, 1, 1, 3, 1, 3, 1, 4, 0, 2, 0, 5, 30]}, null, null, 14, false, [], false, 0, [], null, 0, 1744376125.8631158, 0, {}]
[{"0": [0, 3, 2, 3, 2, 3, 4, 1, 0, 33, 0, 0, 0, 1, 3, 6, 2]}, null, null, 14, false, [], false, 0, [], null, 0, 1744376126.0807676, 0, {}]
[{"0": [2, 6, 1, 2, 32, 36, 3, 2, 3, 3, 1, 1, 1, 2, 3, 3, 2]}, null, null, 15, false, [], false, 0, [], null, 0, 1744376126.297337, 0, {}]
[{"0": [0, 2, 0, 3, 3, 6, 2, 1, 5, 2, 32, 36, 1, 2, 1, 3, 4]}, null, null, 16, false, [], false, 0, [], null, 0, 1744376126.5083363, 0, {}]
[{"0": [5, 1, 2, 0, 5, 2, 1, 4, 27, 2, 4, 2, 2, 3, 1, 3, 4]}, null, null, 16, false, [], false, 0, [], null, 0, 1744376126.718209, 0, {}]
[{"0": [1, 3, 0, 1, 32, 2, 1, 2, 2, 4, 1, 0, 5, 1, 1, 2, 3]}, null, null, 17, false, [], false, 0, [], null, 0, 1744376126.9400423, 0, {}]
[{"0": [2, 1, 0, 4, 1, 2, 3, 0, 4, 5, 2, 6, 4, 1, 3, 0, 24]}, null, null, 17, false, [], false, 0, [], null, 0, 1744376127.1501741, 0, {}]
[{"0": [2, 1, 4, 0, 1, 3, 0, 2, 3, 2, 3, 0, 2, 2, 1, 1, 2]}, null, null, 18, false, [], false, 0, [], null, 0, 1744376127.3777442, 0, {}]
[{"0": [2, 1, 0, 37, 27, 3, 3, 1, 3, 1, 2, 3, 2, 4, 2, 2, 2]}, null, null, 19, false, [], false, 0, [], null, 0, 1744376127.5943103, 0, {}]
[{"0": [1, 1, 1, 1, 0, 0, 1, 1, 1, 1, 25, 33, 29, 31, 20, 1, 3]}, null, null, 19, false, [], false, 0, [], null, 0, 1744376127.8108735, 0, {}]
[{"0": [4, 4, 1, 3, 4, 2, 0, 1, 4, 33, 29, 32, 25, 28, 27, 27, 36]}, null, null, 20, false, [], false, 0, [], null, 0, 1744376128.0322285, 0, {}]
[{"0": [1, 1, 0, 3, 1, 5, 2, 28, 25, 26, 28, 28, 38, 32, 33, 16, 4]}, null, null, 20, false, [], false, 0, [], null, 0, 1744376128.2439651, 0, {}]
[{"0": [4, 3, 34, 42, 24, 30, 0, 2, 1, 2, 3, 2, 0, 2, 3, 4, 2]}, null, null, 21, false, [], false, 0, [], null, 0, 1744376128.4585507, 0, {}]
[{"0": [0, 2, 2, 3, 1, 4, 4, 1, 0, 2, 3, 36, 35, 32, 28, 25, 30]}, null, null, 22, false, [], false, 0, [], null, 0, 1744376128.6688712, 0, {}]
[{"0": [2, 3, 1, 0, 2, 3, 2, 2, 2, 2, 4, 3, 39, 1, 0, 2, 2]}, null, null, 22, false, [], false, 0, [], null, 0, 1744376128.894185, 0, {}]
[{"0": [3, 3, 4, 4, 0, 2, 5, 4, 2, 7, 42, 27, 27, 36, 22, 30, 31]}, null, null, 23, false, [], false, 0, [], null, 0, 1744376129.1089776, 0, {}]
[{"0": [1, 1, 2, 4, 1, 0, 0, 0, 32, 1, 1, 1, 2, 1, 4, 3, 5]}, null, null, 23, false, [], false, 0, [], null, 0, 1744376129.336596, 0, {}]
[{"0": [2, 7, 0, 1, 0, 1, 3, 2, 0, 5, 31, 32, 0, 2, 2, 4, 4]}, null, null, 24, false, [], false, 0, [], null, 0, 1744376129.5484776, 0, {}]
[{"0": [2, 1, 3, 0, 2, 1, 1, 5, 2, 1, 1, 3, 0, 1, 5, 4, 2]}, null, null, 25, false, [], false, 0, [], null, 0, 1744376129.7644246, 0, {}]
[{"0": [23, 25, 24, 25, 0, 3, 0, 1, 3, 2, 2, 7, 0, 3, 0, 3, 1]}, null, null, 25, false, [], false, 0, [], null, 0, 1744376129.9703517, 0, {}]
[{"0": [0, 2, 1, 2, 0, 1, 0, 2, 1, 2, 3, 2, 3, 26, 1, 2, 4]}, null, null, 26, false, [], false, 0, [], null, 0, 1744376130.1969888, 0, {}]
[{"0": [4, 3, 1, 1, 2, 3, 40, 24, 33, 31, 31, 1, 2, 8, 1, 0, 1]}, null, null, 27, false, [], false, 0, [], null, 0, 1744376130.4148426, 0, {}]
[{"0": [27, 2, 2, 1, 0, 0, 1, 2, 1, 1, 2, 3, 1, 2, 5, 0, 2]}, null, null, 27, false, [], false, 0, [], null, 0, 1744376130.619548, 0, {}]
[{"0": [4, 1, 3, 1, 2, 1, 1, 1, 21, 20, 33, 22, 28, 36, 23, 5, 2]}, null, null, 28, false, [], false, 0, [], null, 0, 1744376130.8411126, 0, {}]
[{"0": [2, 1, 3, 2, 1, 0, 2, 4, 4, 5, 3, 30, 27, 35, 18, 36, 2]}, null, null, 28, false, [], false, 0, [], null, 0, 1744376131.0651705, 0, {}]
[{"0": [1, 1, 23, 36, 1, 3, 0, 2, 3, 1, 2, 1, 1, 1, 0, 2, 1]}, null, null, 29, false, [], false, 0, [], null, 0, 1744376131.28554, 0, {}]
[{"0": [3, 1, 1, 0, 34, 42, 1, 1, 0, 4, 0, 0, 1, 3, 2, 2, 3]}, null, null, 30, false, [], false, 0, [], null, 0, 1744376131.5015705, 0, {}]
[{"0": [4, 3, 2, 4, 2, 1, 1, 2, 3, 3, 1, 32, 35, 30, 26, 39, 3]}, null, null, 30, false, [], false, 0, [], null, 0, 1744376131.7102532, 0, {}]
[{"0": [0, 2, 0, 3, 1, 30, 3, 0, 2, 1, 3, 4, 3, 1, 3, 7, 5]}, null, null, 31, false, [], false, 0, [], null, 0, 1744376131.9174516, 0, {}]
[{"0": [2, 3, 1, 24, 32, 43, 2, 5, 2, 0, 1, 3, 5, 2, 0, 2, 1]}, null, null, 31, false, [], false, 0, [], null, 0, 1744376132.14398, 0, {}]
[{"0": [3, 4, 1, 0, 0, 5, 1, 2, 1, 4, 4, 26, 29, 25, 23, 4, 0]}, null, null, 32, false, [], false, 0, [], null, 0, 1744376132.355073, 0, {}]
[{"0": [2, 1, 2, 2, 2, 1, 3, 1, 0, 1, 4, 1, 2, 3, 0, 1, 29]}, null, null, 33, false, [], false, 0, [], null, 0, 1744376132.57033, 0, {}]
[{"0": [4, 0, 4, 0, 2, 5, 0, 2, 0, 2, 6, 25, 27, 30, 2, 3, 3]}, null, null, 33, false, [], false, 0, [], null, 0, 1744376132.788193, 0, {}]
[{"0": [1, 3, 2, 0, 1, 0, 1, 24, 1, 1, 2, 1, 3, 1, 2, 2, 3]}, null, null, 34, false, [], false, 0, [], null, 0, 1744376133.013371, 0, {}]
[{"0": [0, 2, 0, 0, 3, 4, 4, 5, 1, 2, 22, 2, 4, 2, 2, 4, 3]}, null, null, 34, false, [], false, 0, [], null, 0, 1744376133.2231922, 0, {}]
[{"0": [2, 2, 1, 1, 0, 22, 0, 2, 2, 2, 1, 1, 0, 0, 3, 3, 2]}, null, null, 35, false, [], false, 0, [], null, 0, 1744376133.4330008, 0, {}]
[{"0": [4, 0, 3, 0, 1, 2, 3, 24, 33, 22, 32, 31, 31, 6, 1, 1, 4]}, null, null, 36, false, [], false, 0, [], null, 0, 1744376133.661354, 0, {}]
[{"0": [2, 5, 0, 1, 1, 3, 5, 5, 33, 29, 31, 24, 33, 27, 31, 23, 26]}, null, null, 36, false, [], false, 0, [], null, 0, 1744376133.8827922, 0, {}]
[{"0": [3, 3, 4, 0, 1, 0, 1, 1, 18, 33, 28, 30, 30, 27, 31, 27, 20]}, null, null, 37, false, [], false, 0, [], null, 0, 1744376134.0904725, 0, {}]
[{"0": [1, 2, 1, 2, 0, 0, 0, 1, 1, 6, 1, 38, 24, 23, 4, 3, 3]}, null, null, 37, false, [], false, 0, [], null, 0, 1744376134.3045232, 0, {}]
[{"0": [3, 2, 1, 1, 3, 3, 2, 37, 31, 30, 0, 1, 4, 2, 4, 1, 3]}, null, null, 38, false, [], false, 0, [], null, 0, 1744376134.5144205, 0, {}]
[{"0": [2, 4, 2, 1, 3, 25, 29, 29, 28, 28, 42, 26, 29, 27, 36, 25, 28]}, null, null, 39, false, [], false, 0, [], null, 0, 1744376134.7462502, 0, {}]
[{"0": [4, 3, 2, 1, 2, 0, 1, 2, 3, 1, 33, 27, 26, 34, 22, 31, 26]}, null, null, 39, false, [], false, 0, [], null, 0, 1744376134.9664571, 0, {}]
[{"0": [4, 2, 1, 2, 1, 3, 1, 2, 1, 2, 1, 3, 1, 29, 2, 1, 2]}, null, null, 40, false, [], false, 0, [], null, 0, 1744376135.1652706, 0, {}]
[{"0": [1, 3, 1, 3, 4, 1, 2, 1, 2, 30, 20, 31, 27, 35, 38, 4, 3]}, null, null, 40, false, [], false, 0, [], null, 0, 1744376135.382765, 0, {}]
[{"0": [3, 1, 2, 0, 1, 1, 1, 5, 6, 0, 3, 2, 2, 3, 3, 2, 3]}, null, null, 41, false, [], false, 0, [], null, 0, 1744376135.6024382, 0, {}]
[{"0": [0, 1, 1, 1, 0, 1, 4, 3, 1, 0, 30, 28, 29, 31, 31, 37, 2]}, null, null, 42, false, [], false, 0, [], null, 0, 1744376135.8221972, 0, {}]
[{"0": [1, 5, 1, 6, 3, 4, 1, 0, 2, 30, 26, 1, 0, 4, 1, 4, 1]}, null, null, 42, false, [], false, 0, [], null, 0, 1744376136.0412736, 0, {}]
[{"0": [0, 5, 1, 1, 2, 3, 1, 3, 4, 2, 3, 0, 1, 5, 4, 2, 4]}, null, null, 43, false, [], false, 0, [], null, 0, 1744376136.2559059, 0, {}]
[{"0": [1, 4, 0, 0, 3, 2, 3, 2, 1, 6, 2, 2, 1, 1, 2, 3, 1]}, null, null, 43, false, [], false, 0, [], null, 0, 1744376136.4735584, 0, {}]
[{"0": [5, 0, 3, 2, 0, 5, 0, 4, 5, 3, 4, 3, 2, 1, 2, 4, 1]}, null, null, 44, false, [], false, 0, [], null, 0, 1744376136.6918144, 0, {}]
[{"0": [3, 2, 0, 0, 3, 3, 0, 4, 1, 3, 2, 32, 38, 23, 32, 30, 23]}, null, null, 45, false, [], false, 0, [], null, 0, 1744376136.9060097, 0, {}]
[{"0": [1, 1, 0, 4, 1, 2, 3, 3, 33, 29, 25, 34, 1, 1, 3, 0, 2]}, null, null, 45, false, [], false, 0, [], null, 0, 1744376137.1199076, 0, {}]
[{"0": [22, 30, 27, 31, 46, 31, 1, 3, 1, 1, 0, 0, 3, 1, 4, 3, 3]}, null, null, 46, false, [], false, 0, [], null, 0, 1744376137.3401654, 0, {}]
[{"0": [1, 7, 0, 31, 0, 1, 1, 2, 3, 1, 0, 0, 0, 2, 3, 4, 1]}, null, null, 46, false, [], false, 0, [], null, 0, 1744376137.5540504, 0, {}]
[{"0": [1, 1, 2, 2, 2, 0, 2, 3, 0, 20, 1, 1, 2, 1, 5, 4, 1]}, null, null, 47, false, [], false, 0, [], null, 0, 1744376137.772938, 0, {}]
[{"0": [2, 3, 2, 2, 6, 2, 1, 5, 2, 5, 5, 0, 28, 31, 23, 2, 1]}, null, null, 48, false, [], false, 0, [], null, 0, 1744376137.9875865, 0, {}]
[{"0": [2, 2, 0, 2, 2, 3, 3, 30, 35, 26, 27, 0, 1, 1, 1, 2, 2]}, null, null, 48, false, [], false, 0, [], null, 0, 1744376138.2063453, 0, {}]
[{"0": [23, 32, 31, 27, 2, 2, 1, 4, 1, 4, 0, 2, 1, 1, 3, 5, 1]}, null, null, 49, false, [], false, 0, [], null, 0, 1744376138.4322293, 0, {}]
[{"0": [6, 4, 1, 1, 2, 0, 0, 4, 0, 1, 2, 2, 5, 0, 2, 2, 0]}, null, null, 49, false, [], false, 0, [], null, 0, 1744376138.6422725, 0, {}]
[{"0": [3, 2, 3, 2, 4, 0, 5, 1, 3, 1, 24, 1, 2, 0, 0, 3, 2]}, null, null, 50, false, [], false, 0, [], null, 0, 1744376138.855381, 0, {}]
[{"0": [29, 1, 1, 4, 1, 1, 1, 1, 1, 3, 0, 0, 2, 3, 4, 2, 2]}, null, null, 51, false, [], false, 0, [], null, 0, 1744376139.0618486, 0, {}]
[{"0": [0, 2, 0, 1, 3, 0, 6, 1, 0, 0, 29, 28, 27, 3, 2, 3, 2]}, null, null, 51, false, [], false, 0, [], null, 0, 1744376139.2896304, 0, {}]
[{"0": [0, 2, 2, 0, 1, 5, 0, 2, 26, 4, 2, 0, 5, 4, 0, 3, 3]}, null, null, 52, false, [], false, 0, [], null, 0, 1744376139.5084293, 0, {}]
[{"0": [0, 1, 3, 1, 1, 5, 0, 1, 5, 0, 3, 2, 1, 1, 2, 0, 29]}, null, null, 52, false, [], false, 0, [], null, 0, 1744376139.7172086, 0, {}]
[{"0": [5, 0, 3, 2, 2, 2, 3, 3, 2, 3, 0, 3, 42, 23, 19, 25, 34]}, null, null, 53, false, [], false, 0, [], null, 0, 1744376139.9268959, 0, {}]
[{"0": [3, 1, 5, 3, 5, 0, 2, 2, 2, 32, 29, 29, 2, 1, 1, 1, 4]}, null, null, 54, false, [], false, 0, [], null, 0, 1744376140.1546097, 0, {}]
[{"0": [1, 4, 4, 3, 26, 30, 37, 20, 26, 31, 4, 0, 3, 2, 2, 2, 1]}, null, null, 54, false, [], false, 0, [], null, 0, 1744376140.364024, 0, {}]
[{"0": [4, 2, 5, 4, 3, 1, 1, 3, 17, 3, 5, 2, 0, 1, 2, 2, 1]}, null, null, 55, false, [], false, 0, [], null, 0, 1744376140.577496, 0, {}]
[{"0": [3, 1, 1, 1, 3, 3, 6, 6, 2, 28, 35, 37, 21, 28, 21, 25, 28]}, null, null, 55, false, [], false, 0, [], null, 0, 1744376140.8038983, 0, {}]
[{"0": [2, 6, 0, 1, 2, 3, 3, 2, 27, 29, 23, 20, 0, 0, 1, 4, 3]}, null, null, 56, false, [], false, 0, [], null, 0, 1744376141.0256886, 0, {}]
[{"0": [0, 4, 1, 1, 2, 0, 3, 3, 2, 4, 4, 28, 3, 5, 2, 3, 2]}, null, null, 57, false, [], false, 0, [], null, 0, 1744376141.2307801, 0, {}]
[{"0": [4, 0, 4, 2, 1, 30, 1, 0, 2, 4, 1, 1, 5, 1, 3, 1, 2]}, null, null, 57, false, [], false, 0, [], null, 0, 1744376141.4607923, 0, {}]
[{"0": [1, 2, 1, 4, 3, 2, 1, 5, 2, 4, 1, 27, 23, 5, 7, 1, 3]}, null, null, 58, false, [], false, 0, [], null, 0, 1744376141.6643033, 0, {}]
[{"0": [2, 2, 0, 2, 1, 0, 0, 0, 5, 3, 1, 5, 2, 2, 1, 0, 29]}, null, null, 58, false, [], false, 0, [], null, 0, 1744376141.8806467, 0, {}]
[{"0": [22, 33, 25, 29, 37, 29, 3, 2, 5, 2, 2, 4, 1, 1, 3, 2, 0]}, null, null, 59, false, [], false, 0, [], null, 0, 1744376142.1073797, 0, {}]
[{"0": [1, 3, 1, 4, 4, 2, 3, 3, 31, 27, 5, 4, 3, 2, 1, 3, 2]}, null, null, 60, false, [], false, 0, [], null, 0, 1744376142.3282523, 0, {}]
[{"0": [27, 32, 39, 19, 27, 41, 2, 4, 1, 2, 1, 1, 1, 1, 0, 1, 2]}, null, null, 60, false, [], false, 0, [], null, 0, 1744376142.5364954, 0, {}]
[{"0": [1, 5, 2, 3, 3, 2, 1, 37, 28, 26, 29, 27, 6, 0, 4, 0, 0]}, null, null, 61, false, [], false, 0, [], null, 0, 1744376142.7487054, 0, {}]
[{"0": [5, 5, 1, 0, 4, 0, 5, 4, 5, 27, 0, 0, 2, 2, 1, 2, 1]}, null, null, 61, false, [], false, 0, [], null, 0, 1744376142.973051, 0, {}]
[{"0": [2, 4, 1, 2, 28, 28, 2, 0, 1, 4, 1, 1, 5, 1, 1, 1, 2]}, null, null, 62, false, [], false, 0, [], null, 0, 1744376143.1904867, 0, {}]
[{"0": [1, 4, 0, 3, 2, 1, 1, 4, 1, 0, 26, 26, 4, 3, 1, 4, 1]}, null, null, 63, false, [], false, 0, [], null, 0, 1744376143.3991952, 0, {}]
[{"0": [0, 1, 6, 1, 1, 1, 2, 1, 5, 1, 2, 0, 1, 2, 0, 0, 2]}, null, null, 63, false, [], false, 0, [], null, 0, 1744376143.6248732, 0, {}]
[{"0": [0, 2, 3, 1, 5, 1, 0, 25, 32, 0, 1, 1, 2, 3, 4, 1, 2]}, null, null, 64, false, [], false, 0, [], null, 0, 1744376143.8476005, 0, {}]
[{"0": [2, 1, 2, 4, 2, 5, 3, 2, 0, 1, 1, 2, 1, 3, 2, 2, 0]}, null, null, 64, false, [], false, 0, [], null, 0, 1744376144.0672636, 0, {}]
[{"0": [2, 4, 1, 2, 3, 2, 1, 0, 1, 2, 29, 35, 33, 27, 32, 29, 30]}, null, null, 65, false, [], false, 0, [], null, 0, 1744376144.276894, 0, {}]
[{"0": [0, 0, 2, 0, 2, 1, 4, 4, 3, 3, 2, 20, 1, 0, 4, 2, 2]}, null, null, 66, false, [], false, 0, [], null, 0, 1744376144.4770331, 0, {}]
[{"0": [2, 5, 3, 2, 1, 4, 2, 1, 3, 3, 0, 1, 1, 2, 1, 2, 3]}, null, null, 66, false, [], false, 0, [], null, 0, 1744376144.7082167, 0, {}]
[{"0": [2, 2, 2, 5, 1, 1, 3, 0, 3, 2, 7, 3, 1, 3, 3, 2, 2]}, null, null, 67, false, [], false, 0, [], null, 0, 1744376144.9227366, 0, {}]
[{"0": [28, 31, 31, 37, 1, 2, 2, 3, 4, 1, 2, 2, 3, 1, 1, 1, 2]}, null, null, 67, false, [], false, 0, [], null, 0, 1744376145.1254761, 0, {}]
[{"0": [0, 3, 1, 3, 2, 3, 1, 1, 3, 1, 28, 31, 22, 16, 27, 24, 25]}, null, null, 68, false, [], false, 0, [], null, 0, 1744376145.34981, 0, {}]
[{"0": [2, 1, 2, 1, 1, 5, 3, 5, 33, 30, 1, 3, 1, 0, 2, 0, 3]}, null, null, 69, false, [], false, 0, [], null, 0, 1744376145.559001, 0, {}]
[{"0": [0, 1, 0, 0, 32, 31, 31, 2, 4, 3, 3, 2, 2, 4, 0, 2, 0]}, null, null, 69, false, [], false, 0, [], null, 0, 1744376145.7872832, 0, {}]
[{"0": [1, 2, 4, 0, 7, 1, 28, 36, 18, 28, 34, 31, 26, 33, 23, 2, 1]}, null, null, 70, false, [], false, 0, [], null, 0, 1744376146.0084674, 0, {}]
[{"0": [1, 0, 3, 3, 2, 2, 3, 0, 3, 1, 0, 29, 25, 40, 30, 27, 21]}, null, null, 70, false, [], false, 0, [], null, 0, 1744376146.2266836, 0, {}]
[{"0": [1, 0, 2, 4, 2, 0, 0, 6, 0, 2, 1, 1, 30, 18, 26, 25, 28]}, null, null, 71, false, [], false, 0, [], null, 0, 1744376146.434834, 0, {}]
[{"0": [1, 0, 2, 1, 0, 38, 30, 24, 2, 3, 2, 0, 4, 1, 1, 2, 2]}, null, null, 72, false, [], false, 0, [], null, 0, 1744376146.6567743, 0, {}]
[{"0": [2, 1, 6, 2, 2, 0, 2, 29, 24, 4, 1, 2, 0, 2, 1, 1, 2]}, null, null, 72, false, [], false, 0, [], null, 0, 1744376146.8799493, 0, {}]
[{"0": [2, 2, 2, 3, 3, 1, 3, 2, 2, 1, 2, 35, 27, 33, 31, 3, 3]}, null, null, 73, false, [], false, 0, [], null, 0, 1744376147.0919785, 0, {}]
[{"0": [2, 2, 0, 4, 3, 5, 3, 2, 0, 2, 27, 35, 0, 4, 2, 0, 3]}, null, null, 73, false, [], false, 0, [], null, 0, 1744376147.3169453, 0, {}]
[{"0": [2, 5, 1, 1, 3, 1, 1, 2, 3, 43, 4, 6, 1, 1, 2, 2, 2]}, null, null, 74, false, [], false, 0, [], null, 0, 1744376147.5247552, 0, {}]
[{"0": [2, 23, 25, 33, 30, 29, 0, 1, 1, 0, 4, 0, 3, 2, 2, 0, 4]}, null, null, 75, false, [], false, 0, [], null, 0, 1744376147.7358203, 0, {}]
[{"0": [0, 31, 33, 3, 1, 1, 2, 2, 3, 2, 1, 1, 0, 3, 5, 4, 0]}, null, null, 75, false, [], false, 0, [], null, 0, 1744376147.9549637, 0, {}]
[{"0": [37, 3, 2, 4, 5, 1, 3, 0, 2, 1, 5, 2, 0, 2, 0, 2, 2]}, null, null, 76, false, [], false, 0, [], null, 0, 1744376148.171181, 0, {}]
[{"0": [1, 24, 37, 1, 5, 4, 0, 1, 1, 2, 3, 1, 2, 1, 3, 2, 1]}, null, null, 77, false, [], false, 0, [], null, 0, 1744376148.3942173, 0, {}]
[{"0": [1, 0, 3, 22, 1, 1, 3, 5, 4, 6, 3, 2, 5, 3, 0, 2, 3]}, null, null, 77, false, [], false, 0, [], null, 0, 1744376148.6076093, 0, {}]
[{"0": [39, 24, 33, 32, 1, 3, 0, 5, 3, 0, 3, 3, 3, 4, 4, 2, 1]}, null, null, 78, false, [], false, 0, [], null, 0, 1744376148.8205295, 0, {}]
[{"0": [2, 3, 2, 2, 1, 2, 46, 35, 28, 30, 24, 2, 4, 5, 1, 2, 2]}, null, null, 78, false, [], false, 0, [], null, 0, 1744376149.02765, 0, {}]
[{"0": [0, 1, 2, 3, 1, 3, 2, 1, 2, 32, 26, 27, 35, 39, 0, 3, 1]}, null, null, 79, false, [], false, 0, [], null, 0, 1744376149.2553995, 0, {}]
[{"0": [4, 0, 0, 3, 2, 41, 32, 1, 5, 3, 2, 2, 2, 2, 1, 2, 1]}, null, null, 80, false, [], false, 0, [], null, 0, 1744376149.466063, 0, {}]
[{"0": [5, 2, 4, 5, 1, 3, 1, 37, 34, 32, 40, 30, 31, 24, 37, 31, 2]}, null, null, 80, false, [], false, 0, [], null, 0, 1744376149.6823916, 0, {}]
[{"0": [33, 30, 30, 2, 1, 1, 1, 1, 2, 0, 1, 0, 1, 4, 5, 2, 7]}, null, null, 81, false, [], false, 0, [], null, 0, 1744376149.9102657, 0, {}]
[{"0": [3, 4, 3, 0, 2, 1, 0, 2, 2, 3, 30, 32, 27, 34, 32, 27, 22]}, null, null, 81, false, [], false, 0, [], null, 0, 1744376150.1194987, 0, {}]
[{"0": [3, 2, 1, 2, 3, 2, 1, 0, 1, 0, 3, 3, 2, 3, 29, 32, 45]}, null, null, 82, false, [], false, 0, [], null, 0, 1744376150.3438556, 0, {}]
[{"0": [3, 2, 1, 2, 4, 0, 2, 29, 31, 35, 33, 30, 27, 20, 27, 36, 2]}, null, null, 83, false, [], false, 0, [], null, 0, 1744376150.5498543, 0, {}]
[{"0": [1, 2, 0, 5, 1, 0, 26, 33, 3, 1, 2, 2, 0, 2, 3, 3, 3]}, null, null, 83, false, [], false, 0, [], null, 0, 1744376150.7697525, 0, {}]
[{"0": [3, 25, 35, 27, 8, 3, 1, 1, 3, 1, 3, 4, 2, 0, 0, 2, 3]}, null, null, 84, false, [], false, 0, [], null, 0, 1744376150.9936779, 0, {}]
[{"0": [3, 0, 2, 0, 1, 1, 4, 4, 0, 6, 0, 2, 2, 3, 2, 4, 4]}, null, null, 84, false, [], false, 0, [], null, 0, 1744376151.2057858, 0, {}]
[{"0": [0, 0, 1, 4, 1, 2, 2, 4, 4, 0, 2, 1, 2, 28, 28, 3, 2]}, null, null, 85, false, [], false, 0, [], null, 0, 1744376151.4255397, 0, {}]
[{"0": [2, 2, 0, 0, 1, 3, 1, 0, 0, 3, 1, 4, 1, 1, 0, 2, 2]}, null, null, 86, false, [], false, 0, [], null, 0, 1744376151.6375597, 0, {}]
[{"0": [2, 0, 4, 1, 5, 2, 1, 3, 2, 1, 4, 2, 34, 26, 32, 31, 27]}, null, null, 86, false, [], false, 0, [], null, 0, 1744376151.8676913, 0, {}]
[{"0": [1, 2, 2, 0, 2, 3, 3, 1, 33, 31, 30, 35, 32, 2, 0, 0, 1]}, null, null, 87, false, [], false, 0, [], null, 0, 1744376152.0671053, 0, {}]
[{"0": [2, 5, 2, 1, 3, 33, 0, 5, 2, 0, 1, 0, 4, 2, 2, 4, 2]}, null, null, 87, false, [], false, 0, [], null, 0, 1744376152.277138, 0, {}]
[{"0": [1, 1, 0, 2, 3, 2, 1, 5, 3, 2, 1, 3, 2, 2, 0, 0, 4]}, null, null, 88, false, [], false, 0, [], null, 0, 1744376152.4934835, 0, {}]
[{"0": [1, 28, 24, 31, 16, 34, 1, 1, 1, 2, 2, 3, 1, 1, 2, 2, 0]}, null, null, 89, false, [], false, 0, [], null, 0, 1744376152.7186334, 0, {}]
[{"0": [3, 1, 1, 0, 1, 1, 1, 2, 1, 26, 25, 30, 26, 25, 30, 31, 31]}, null, null, 89, false, [], false, 0, [], null, 0, 1744376152.9391084, 0, {}]
[{"0": [1, 2, 3, 0, 3, 3, 25, 31, 29, 22, 29, 34, 30, 28, 27, 26, 31]}, null, null, 90, false, [], false, 0, [], null, 0, 1744376153.1499374, 0, {}]
[{"0": [1, 3, 2, 2, 1, 2, 0, 3, 1, 25, 31, 2, 1, 1, 0, 2, 1]}, null, null, 90, false, [], false, 0, [], null, 0, 1744376153.3808954, 0, {}]
[{"0": [3, 1, 3, 1, 2, 1, 29, 27, 26, 22, 37, 22, 2, 1, 2, 1, 2]}, null, null, 91, false, [], false, 0, [], null, 0, 1744376153.5850956, 0, {}]
[{"0": [1, 1, 2, 2, 1, 0, 2, 1, 1, 1, 2, 2, 4, 1, 2, 2, 2]}, null, null, 92, false, [], false, 0, [], null, 0, 1744376153.8119886, 0, {}]
[{"0": [1, 3, 5, 0, 2, 1, 1, 1, 1, 1, 4, 1, 1, 1, 0, 3, 18]}, null, null, 92, false, [], false, 0, [], null, 0, 1744376154.031359, 0, {}]
[{"0": [2, 4, 1, 1, 4, 29, 35, 17, 37, 37, 3, 1, 1, 4, 2, 2, 0]}, null, null, 93, false, [], false, 0, [], null, 0, 1744376154.244949, 0, {}]
[{"0": [0, 0, 0, 2, 0, 3, 1, 31, 2, 5, 2, 1, 3, 0, 1, 1, 1]}, null, null, 93, false, [], false, 0, [], null, 0, 1744376154.4390543, 0, {}]
[{"0": [3, 4, 32, 30, 39, 23, 31, 25, 33, 26, 24, 21, 24, 26, 28, 28, 28]}, null, null, 94, false, [], false, 0, [], null, 0, 1744376154.680023, 0, {}]
[{"0": [41, 2, 0, 2, 2, 0, 5, 2, 0, 5, 3, 3, 32, 26, 31, 1, 1]}, null, null, 95, false, [], false, 0, [], null, 0, 1744376154.8835406, 0, {}]
[{"0": [4, 1, 0, 2, 3, 1, 3, 1, 2, 0, 0, 2, 1, 7, 1, 1, 2]}, null, null, 95, false, [], false, 0, [], null, 0, 1744376155.1110027, 0, {}]
[{"0": [2, 4, 2, 1, 3, 3, 2, 7, 0, 2, 22, 2, 4, 4, 0, 5, 3]}, null, null, 96, false, [], false, 0, [], null, 0, 1744376155.3351603, 0, {}]
[{"0": [2, 1, 4, 0, 2, 1, 1, 0, 3, 2, 2, 32, 24, 28, 22, 30, 29]}, null, null, 96, false, [], false, 0, [], null, 0, 1744376155.5337653, 0, {}]
[{"0": [25, 34, 27, 27, 2, 2, 2, 3, 2, 4, 1, 2, 0, 4, 0, 1, 0]}, null, null, 97, false, [], false, 0, [], null, 0, 1744376155.7442255, 0, {}]
[{"0": [1, 2, 2, 2, 1, 0, 3, 1, 1, 1, 36, 2, 1, 3, 1, 0, 1]}, null, null, 98, false, [], false, 0, [], null, 0, 1744376155.972448, 0, {}]
[{"0": [1, 1, 3, 0, 3, 1, 0, 2, 1, 5, 33, 1, 0, 1, 2, 0, 5]}, null, null, 98, false, [], false, 0, [], null, 0, 1744376156.1800735, 0, {}]
[{"0": [1, 5, 1, 2, 1, 3, 4, 3, 29, 2, 0, 5, 0, 2, 3, 0, 1]}, null, null, 99, false, [], false, 0, [], null, 0, 1744376156.4146168, 0, {}]
[{"0": [2, 3, 1, 1, 3, 2, 26, 24, 21, 37, 33, 21, 32, 27, 33, 2, 2]}, null, null, 99, false, [], false, 0, [], null, 0, 1744376156.6085932, 0, {}]
[{"0": [0, 2, 1, 2, 2, 2, 2, 23, 22, 29, 38, 25, 23, 29, 31, 28, 29]}, null, null, 100, false, [], false, 0, [], null, 0, 1744376156.835802, 0, {}]
[{"0": [1, 0, 1, 5, 1, 2, 0, 2, 0, 30, 23, 27, 34, 24, 35, 26, 16]}, null, null, 101, false, [], false, 0, [], null, 0, 1744376157.0549302, 0, {}]
[{"0": [4, 2, 1, 1, 2, 1, 0, 4, 3, 25, 1, 4, 1, 1, 3, 1, 2]}, null, null, 101, false, [], false, 0, [], null, 0, 1744376157.2794445, 0, {}]
[{"0": [29, 24, 25, 20, 2, 0, 1, 1, 2, 1, 4, 2, 2, 1, 4, 3, 3]}, null, null, 102, false, [], false, 0, [], null, 0, 1744376157.4867892, 0, {}]
[{"0": [1, 2, 1, 1, 0, 2, 3, 2, 1, 0, 1, 4, 2, 3, 0, 2, 35]}, null, null, 102, false, [], false, 0, [], null, 0, 1744376157.7136497, 0, {}]
[{"0": [3, 3, 32, 3, 1, 1, 2, 4, 0, 2, 2, 2, 1, 1, 1, 0, 0]}, null, null, 103, false, [], false, 0, [], null, 0, 1744376157.9157584, 0, {}]
[{"0": [2, 3, 2, 3, 2, 0, 4, 2, 2, 1, 2, 0, 4, 2, 3, 3, 3]}, null, null, 104, false, [], false, 0, [], null, 0, 1744376158.1343296, 0, {}]
[{"0": [3, 4, 1, 5, 43, 34, 31, 36, 26, 24, 22, 2, 3, 1, 2, 2, 0]}, null, null, 104, false, [], false, 0, [], null, 0, 1744376158.3439183, 0, {}]
[{"0": [32, 1, 3, 5, 2, 1, 1, 1, 0, 2, 0, 3, 3, 3, 3, 1, 2]}, null, null, 105, false, [], false, 0, [], null, 0, 1744376158.5716374, 0, {}]
[{"0": [1, 3, 2, 3, 0, 3, 0, 3, 3, 0, 0, 3, 4, 3, 1, 2, 0]}, null, null, 105, false, [], false, 0, [], null, 0, 1744376158.7867234, 0, {}]
[{"0": [0, 0, 2, 3, 1, 1, 0, 2, 3, 2, 3, 2, 0, 1, 0, 1, 0]}, null, null, 106, false, [], false, 0, [], null, 0, 1744376159.0074632, 0, {}]
[{"0": [2, 0, 0, 1, 2, 1, 0, 3, 1, 2, 33, 32, 20, 20, 1, 4, 2]}, null, null, 107, false, [], false, 0, [], null, 0, 1744376159.219164, 0, {}]
[{"0": [0, 2, 0, 3, 2, 2, 1, 1, 2, 1, 1, 3, 2, 1, 2, 2, 6]}, null, null, 107, false, [], false, 0, [], null, 0, 1744376159.4423847, 0, {}]
[{"0": [3, 29, 3, 1, 2, 0, 6, 1, 1, 1, 4, 1, 3, 4, 2, 1, 1]}, null, null, 108, false, [], false, 0, [], null, 0, 1744376159.6597142, 0, {}]
[{"0": [2, 5, 3, 1, 2, 2, 0, 34, 28, 36, 31, 22, 32, 20, 23, 32, 34]}, null, null, 108, false, [], false, 0, [], null, 0, 1744376159.8687987, 0, {}]
[{"0": [1, 22, 30, 29, 16, 25, 29, 24, 24, 27, 34, 32, 3, 1, 2, 2, 0]}, null, null, 109, false, [], false, 0, [], null, 0, 1744376160.094694, 0, {}]
[{"0": [2, 2, 0, 26, 32, 28, 29, 24, 1, 1, 1, 2, 3, 0, 4, 1, 5]}, null, null, 110, false, [], false, 0, [], null, 0, 1744376160.3074677, 0, {}]
[{"0": [1, 2, 0, 1, 2, 3, 30, 38, 29, 24, 25, 23, 2, 0, 2, 2, 2]}, null, null, 110, false, [], false, 0, [], null, 0, 1744376160.529103, 0, {}]
[{"0": [3, 3, 2, 1, 3, 0, 3, 1, 1, 3, 2, 3, 0, 2, 1, 0, 24]}, null, null, 111, false, [], false, 0, [], null, 0, 1744376160.7442656, 0, {}]
[{"0": [2, 0, 3, 1, 2, 1, 0, 2, 2, 33, 27, 24, 32, 21, 23, 26, 29]}, null, null, 111, false, [], false, 0, [], null, 0, 1744376160.9495327, 0, {}]
[{"0": [2, 0, 5, 0, 28, 22, 31, 28, 1, 4, 1, 0, 2, 3, 1, 1, 0]}, null, null, 112, false, [], false, 0, [], null, 0, 1744376161.1661508, 0, {}]
[{"0": [2, 4, 0, 1, 3, 3, 1, 25, 5, 4, 3, 4, 1, 1, 4, 3, 3]}, null, null, 113, false, [], false, 0, [], null, 0, 1744376161.3774776, 0, {}]
[{"0": [1, 1, 28, 29, 24, 32, 0, 1, 1, 0, 4, 4, 0, 3, 2, 4, 2]}, null, null, 113, false, [], false, 0, [], null, 0, 1744376161.6033597, 0, {}]
[{"0": [1, 2, 3, 2, 2, 0, 2, 4, 2, 3, 0, 18, 25, 28, 43, 27, 21]}, null, null, 114, false, [], false, 0, [], null, 0, 1744376161.8287914, 0, {}]
[{"0": [3, 2, 1, 1, 0, 2, 1, 0, 25, 2, 2, 1, 4, 1, 2, 2, 0]}, null, null, 114, false, [], false, 0, [], null, 0, 1744376162.031655, 0, {}]
[{"0": [27, 25, 22, 24, 17, 29, 2, 0, 3, 5, 5, 4, 0, 1, 1, 0, 2]}, null, null, 115, false, [], false, 0, [], null, 0, 1744376162.257861, 0, {}]
[{"0": [1, 1, 2, 1, 0, 0, 3, 1, 24, 23, 38, 39, 34, 4, 1, 5, 0]}, null, null, 116, false, [], false, 0, [], null, 0, 1744376162.460295, 0, {}]
[{"0": [1, 0, 1, 35, 26, 0, 2, 0, 2, 1, 1, 0, 1, 2, 2, 3, 2]}, null, null, 116, false, [], false, 0, [], null, 0, 1744376162.6898746, 0, {}]
[{"0": [2, 1, 1, 3, 0, 1, 4, 1, 2, 1, 21, 21, 25, 28, 37, 29, 28]}, null, null, 117, false, [], false, 0, [], null, 0, 1744376162.8954024, 0, {}]
[{"0": [0, 2, 1, 2, 1, 3, 3, 1, 1, 0, 30, 27, 3, 4, 2, 2, 4]}, null, null, 117, false, [], false, 0, [], null, 0, 1744376163.1143792, 0, {}]
[{"0": [1, 2, 1, 0, 2, 1, 19, 25, 1, 2, 2, 2, 1, 2, 4, 2, 0]}, null, null, 118, false, [], false, 0, [], null, 0, 1744376163.334617, 0, {}]
[{"0": [3, 32, 24, 23, 32, 27, 28, 23, 27, 35, 34, 22, 31, 23, 33, 0, 1]}, null, null, 119, false, [], false, 0, [], null, 0, 1744376163.545224, 0, {}]
[{"0": [2, 2, 4, 0, 3, 1, 3, 1, 1, 2, 6, 2, 0, 0, 1, 2, 1]}, null, null, 119, false, [], false, 0, [], null, 0, 1744376163.7765172, 0, {}]
[{"0": [3, 0, 1, 1, 1, 2, 2, 5, 3, 1, 2, 3, 2, 5, 5, 3, 2]}, null, null, 120, false, [], false, 0, [], null, 0, 1744376163.9857714, 0, {}]
[{"0": [5, 1, 0, 4, 1, 6, 3, 2, 1, 2, 0, 2, 1, 3, 0, 1, 2]}, null, null, 120, false, [], false, 0, [], null, 0, 1744376164.188674, 0, {}]
[{"0": [2, 1, 0, 2, 1, 0, 2, 1, 2, 2, 1, 1, 1, 1, 1, 0, 2]}, null, null, 121, false, [], false, 0, [], null, 0, 1744376164.4224823, 0, {}]
[{"0": [3, 0, 2, 0, 0, 2, 0, 31, 24, 31, 19, 34, 20, 20, 21, 24, 28]}, null, null, 122, false, [], false, 0, [], null, 0, 1744376164.633964, 0, {}]
[{"0": [1, 2, 1, 2, 2, 1, 0, 3, 6, 4, 34, 23, 31, 35, 23, 2, 1]}, null, null, 122, false, [], false, 0, [], null, 0, 1744376164.835133, 0, {}]
[{"0": [0, 2, 2, 28, 23, 34, 0, 1, 1, 0, 4, 2, 2, 1, 3, 0, 3]}, null, null, 123, false, [], false, 0, [], null, 0, 1744376165.067089, 0, {}]
[{"0": [0, 0, 0, 7, 31, 26, 29, 23, 20, 1, 2, 5, 0, 2, 1, 3, 1]}, null, null, 123, false, [], false, 0, [], null, 0, 1744376165.279657, 0, {}]
[{"0": [1, 0, 2, 1, 1, 1, 3, 1, 6, 3, 1, 1, 2, 3, 1, 0, 29]}, null, null, 124, false, [], false, 0, [], null, 0, 1744376165.5002227, 0, {}]
[{"0": [24, 24, 3, 2, 3, 2, 5, 0, 0, 2, 0, 4, 4, 4, 3, 4, 1]}, null, null, 125, false, [], false, 0, [], null, 0, 1744376165.7252405, 0, {}]
[{"0": [3, 0, 3, 0, 2, 3, 3, 4, 2, 3, 2, 2, 1, 1, 26, 25, 31]}, null, null, 125, false, [], false, 0, [], null, 0, 1744376165.9295926, 0, {}]
[{"0": [1, 5, 1, 2, 1, 1, 1, 1, 0, 3, 2, 31, 2, 3, 1, 0, 1]}, null, null, 126, false, [], false, 0, [], null, 0, 1744376166.151478, 0, {}]
[{"0": [0, 2, 2, 0, 2, 2, 1, 4, 1, 0, 24, 24, 23, 19, 17, 23, 18]}, null, null, 127, false, [], false, 0, [], null, 0, 1744376166.3605227, 0, {}]
[{"0": [0, 0, 0, 3, 24, 22, 30, 27, 22, 36, 2, 1, 3, 1, 2, 1, 2]}, null, null, 127, false, [], false, 0, [], null, 0, 1744376166.5841122, 0, {}]
[{"0": [18, 34, 27, 29, 25, 30, 25, 22, 20, 25, 21, 32, 24, 35, 24, 31, 25]}, null, null, 128, false, [], false, 0, [], null, 0, 1744376166.7912433, 0, {}]
[{"0": [3, 6, 2, 2, 24, 41, 3, 4, 1, 2, 3, 0, 0, 2, 1, 2, 0]}, null, null, 128, false, [], false, 0, [], null, 0, 1744376167.0172255, 0, {}]
[{"0": [3, 2, 1, 1, 0, 0, 1, 3, 3, 5, 1, 2, 0, 0, 2, 3, 3]}, null, null, 129, false, [], false, 0, [], null, 0, 1744376167.237874, 0, {}]
[{"0": [1, 0, 0, 2, 2, 6, 4, 1, 3, 0, 25, 32, 31, 38, 30, 24, 23]}, null, null, 130, false, [], false, 0, [], null, 0, 1744376167.462029, 0, {}]
[{"0": [2, 0, 3, 3, 3, 0, 3, 2, 5, 24, 26, 29, 16, 22, 32, 29, 32]}, null, null, 130, false, [], false, 0, [], null, 0, 1744376167.6606832, 0, {}]
[{"0": [4, 1, 0, 3, 5, 2, 0, 3, 2, 2, 5, 25, 21, 23, 1, 1, 4]}, null, null, 131, false, [], false, 0, [], null, 0, 1744376167.886849, 0, {}]
[{"0": [2, 4, 2, 2, 1, 2, 1, 1, 1, 39, 4, 2, 2, 1, 4, 3, 0]}, null, null, 131, false, [], false, 0, [], null, 0, 1744376168.0907116, 0, {}]
[{"0": [2, 1, 2, 2, 0, 2, 3, 2, 0, 2, 1, 2, 1, 2, 5, 21, 39]}, null, null, 132, false, [], false, 0, [], null, 0, 1744376168.3201454, 0, {}]
[{"0": [1, 0, 1, 2, 2, 0, 2, 0, 25, 0, 3, 3, 3, 4, 3, 4, 2]}, null, null, 133, false, [], false, 0, [], null, 0, 1744376168.5267422, 0, {}]
[{"0": [6, 3, 2, 29, 25, 1, 0, 1, 0, 2, 2, 1, 1, 0, 2, 2, 0]}, null, null, 133, false, [], false, 0, [], null, 0, 1744376168.7434704, 0, {}]
[{"0": [3, 24, 26, 33, 20, 30, 21, 33, 36, 27, 30, 36, 29, 30, 30, 26, 25]}, null, null, 134, false, [], false, 0, [], null, 0, 1744376168.9614885, 0, {}]
[{"0": [1, 1, 25, 36, 37, 29, 27, 3, 3, 3, 0, 1, 1, 1, 2, 0, 0]}, null, null, 134, false, [], false, 0, [], null, 0, 1744376169.1832037, 0, {}]
[{"0": [0, 2, 5, 1, 2, 1, 0, 4, 2, 26, 31, 20, 24, 37, 22, 21, 29]}, null, null, 135, false, [], false, 0, [], null, 0, 1744376169.3910277, 0, {}]
[{"0": [2, 1, 2, 1, 2, 2, 3, 0, 1, 1, 1, 20, 23, 29, 21, 17, 20]}, null, null, 136, false, [], false, 0, [], null, 0, 1744376169.6163602, 0, {}]
[{"0": [1, 0, 0, 1, 3, 3, 1, 2, 1, 3, 2, 2, 3, 3, 1, 0, 2]}, null, null, 136, false, [], false, 0, [], null, 0, 1744376169.8443775, 0, {}]
[{"0": [1, 1, 1, 1, 32, 28, 34, 31, 34, 30, 3, 5, 1, 1, 0, 2, 1]}, null, null, 137, false, [], false, 0, [], null, 0, 1744376170.0328448, 0, {}]
[{"0": [3, 2, 1, 1, 1, 2, 6, 2, 2, 3, 20, 19, 34, 41, 34, 34, 29]}, null, null, 137, false, [], false, 0, [], null, 0, 1744376170.2647035, 0, {}]
[{"0": [5, 0, 4, 0, 2, 29, 1, 3, 4, 4, 2, 2, 3, 0, 0, 1, 3]}, null, null, 138, false, [], false, 0, [], null, 0, 1744376170.4881952, 0, {}]
[{"0": [2, 2, 0, 1, 1, 2, 2, 2, 0, 0, 1, 21, 22, 21, 26, 30, 2]}, null, null, 139, false, [], false, 0, [], null, 0, 1744376170.6859329, 0, {}]
[{"0": [31, 26, 1, 2, 3, 0, 3, 2, 4, 2, 3, 1, 0, 2, 1, 3, 4]}, null, null, 139, false, [], false, 0, [], null, 0, 1744376170.9201748, 0, {}]
[{"0": [1, 1, 6, 3, 25, 30, 23, 30, 29, 36, 22, 32, 27, 29, 38, 27, 28]}, null, null, 140, false, [], false, 0, [], null, 0, 1744376171.1387398, 0, {}]
[{"0": [2, 3, 3, 0, 2, 2, 1, 0, 30, 35, 15, 1, 5, 1, 3, 3, 4]}, null, null, 140, false, [], false, 0, [], null, 0, 1744376171.3562505, 0, {}]
[{"0": [2, 1, 2, 2, 1, 1, 24, 2, 1, 1, 1, 3, 3, 3, 4, 0, 2]}, null, null, 141, false, [], false, 0, [], null, 0, 1744376171.5670152, 0, {}]
[{"0": [2, 28, 4, 0, 4, 2, 0, 1, 1, 0, 1, 4, 1, 1, 0, 1, 1]}, null, null, 142, false, [], false, 0, [], null, 0, 1744376171.785833, 0, {}]
[{"0": [1, 1, 1, 3, 1, 2, 2, 1, 3, 0, 1, 3, 2, 4, 0, 1, 27]}, null, null, 142, false, [], false, 0, [], null, 0, 1744376171.9892378, 0, {}]
[{"0": [23, 25, 1, 3, 3, 0, 1, 0, 1, 1, 0, 2, 2, 1, 5, 4, 1]}, null, null, 143, false, [], false, 0, [], null, 0, 1744376172.2200654, 0, {}]
[{"0": [45, 24, 29, 28, 25, 30, 0, 0, 1, 1, 3, 1, 2, 3, 0, 3, 2]}, null, null, 143, false, [], false, 0, [], null, 0, 1744376172.4150522, 0, {}]
[{"0": [3, 3, 0, 4, 5, 5, 33, 38, 31, 19, 26, 24, 30, 34, 27, 23, 32]}, null, null, 144, false, [], false, 0, [], null, 0, 1744376172.6479049, 0, {}]
[{"0": [1, 0, 2, 2, 1, 1, 5, 0, 2, 25, 17, 0, 3, 1, 2, 2, 2]}, null, null, 145, false, [], false, 0, [], null, 0, 1744376172.8637846, 0, {}]
[{"0": [29, 22, 1, 2, 0, 2, 2, 1, 1, 1, 1, 1, 1, 6, 1, 1, 2]}, null, null, 145, false, [], false, 0, [], null, 0, 1744376173.084381, 0, {}]
[{"0": [2, 2, 2, 1, 1, 1, 0, 1, 1, 2, 32, 23, 26, 21, 34, 26, 21]}, null, null, 146, false, [], false, 0, [], null, 0, 1744376173.292253, 0, {}]
[{"0": [0, 3, 1, 2, 2, 0, 2, 4, 2, 21, 21, 33, 32, 26, 22, 22, 27]}, null, null, 146, false, [], false, 0, [], null, 0, 1744376173.5134342, 0, {}]
[{"0": [4, 3, 37, 29, 17, 25, 38, 4, 2, 2, 3, 0, 1, 0, 2, 0, 2]}, null, null, 147, false, [], false, 0, [], null, 0, 1744376173.7410722, 0, {}]
[{"0": [2, 34, 2, 2, 1, 3, 5, 3, 3, 1, 2, 2, 6, 4, 1, 3, 3]}, null, null, 148, false, [], false, 0, [], null, 0, 1744376173.954566, 0, {}]
[{"0": [5, 3, 0, 2, 0, 3, 23, 26, 29, 2, 0, 0, 3, 2, 0, 0, 1]}, null, null, 148, false, [], false, 0, [], null, 0, 1744376174.1634343, 0, {}]
[{"0": [2, 2, 3, 0, 1, 2, 3, 0, 1, 5, 0, 0, 30, 27, 17, 23, 23]}, null, null, 149, false, [], false, 0, [], null, 0, 1744376174.371159, 0, {}]
[{"0": [1, 4, 4, 0, 3, 0, 0, 5, 3, 3, 0, 1, 2, 1, 2, 3, 3]}, null, null, 149, false, [], false, 0, [], null, 0, 1744376174.6073742, 0, {}]
[{"0": [22, 25, 21, 1, 5, 3, 1, 1, 3, 1, 2, 1, 2, 2, 1, 2, 0]}, null, null, 150, true, [], false, 0, [], null, 0, 1744376174.8150063, 0, {}]
