[{"0": [1, 0, 2, 40, 29, 33, 32, 31, 39, 20, 3, 1, 0, 1, 3, 2, 2]}, null, null, 0, false, [], false, 0, [], null, 0, 1744377349.6515145, 0, {}]
[{"0": [0, 3, 1, 3, 4, 2, 2, 0, 2, 0, 2, 2, 1, 3, 1, 26, 38]}, null, null, 1, false, [], false, 0, [], null, 0, 1744377349.8851748, 0, {}]
[{"0": [3, 0, 22, 29, 30, 36, 34, 34, 3, 0, 3, 2, 1, 1, 1, 0, 1]}, null, null, 1, false, [], false, 0, [], null, 0, 1744377350.112235, 0, {}]
[{"0": [2, 1, 4, 2, 1, 5, 2, 0, 24, 28, 1, 4, 0, 3, 4, 1, 4]}, null, null, 2, false, [], false, 0, [], null, 0, 1744377350.3282228, 0, {}]
[{"0": [0, 2, 2, 0, 2, 1, 0, 2, 1, 0, 2, 0, 0, 0, 0, 1, 4]}, null, null, 2, false, [], false, 0, [], null, 0, 1744377350.5462644, 0, {}]
[{"0": [3, 7, 1, 2, 3, 35, 2, 0, 0, 1, 0, 3, 5, 3, 2, 0, 1]}, null, null, 3, false, [], false, 0, [], null, 0, 1744377350.7610595, 0, {}]
[{"0": [1, 3, 1, 3, 26, 39, 36, 0, 2, 4, 2, 2, 9, 3, 0, 2, 1]}, null, null, 4, false, [], false, 0, [], null, 0, 1744377350.9866936, 0, {}]
[{"0": [3, 3, 4, 2, 0, 22, 0, 3, 3, 3, 3, 1, 1, 4, 1, 0, 4]}, null, null, 4, false, [], false, 0, [], null, 0, 1744377351.1937246, 0, {}]
[{"0": [35, 0, 1, 1, 1, 1, 3, 1, 2, 2, 1, 0, 3, 3, 2, 1, 3]}, null, null, 5, false, [], false, 0, [], null, 0, 1744377351.4166276, 0, {}]
[{"0": [0, 2, 5, 1, 30, 36, 40, 30, 27, 35, 2, 2, 4, 1, 2, 1, 3]}, null, null, 5, false, [], false, 0, [], null, 0, 1744377351.6205685, 0, {}]
[{"0": [1, 6, 2, 2, 1, 3, 27, 2, 3, 2, 1, 1, 1, 2, 2, 1, 2]}, null, null, 6, false, [], false, 0, [], null, 0, 1744377351.8377378, 0, {}]
[{"0": [3, 0, 2, 1, 1, 3, 0, 2, 2, 1, 28, 31, 33, 28, 3, 3, 1]}, null, null, 7, false, [], false, 0, [], null, 0, 1744377352.0605662, 0, {}]
[{"0": [2, 2, 0, 2, 5, 3, 1, 2, 3, 1, 3, 2, 2, 3, 2, 27, 43]}, null, null, 7, false, [], false, 0, [], null, 0, 1744377352.2872956, 0, {}]
[{"0": [2, 6, 3, 3, 4, 0, 4, 0, 20, 1, 3, 1, 1, 0, 2, 3, 1]}, null, null, 8, false, [], false, 0, [], null, 0, 1744377352.4967644, 0, {}]
[{"0": [0, 1, 4, 3, 2, 0, 28, 33, 1, 2, 3, 0, 1, 1, 4, 2, 1]}, null, null, 8, false, [], false, 0, [], null, 0, 1744377352.7013366, 0, {}]
[{"0": [3, 1, 4, 0, 2, 2, 2, 2, 2, 1, 1, 2, 32, 28, 3, 2, 1]}, null, null, 9, false, [], false, 0, [], null, 0, 1744377352.930229, 0, {}]
[{"0": [2, 2, 36, 2, 1, 3, 1, 1, 2, 2, 0, 2, 1, 1, 2, 3, 1]}, null, null, 10, false, [], false, 0, [], null, 0, 1744377353.1356215, 0, {}]
[{"0": [0, 3, 30, 34, 34, 30, 2, 1, 5, 1, 3, 3, 3, 2, 0, 0, 0]}, null, null, 10, false, [], false, 0, [], null, 0, 1744377353.3617065, 0, {}]
[{"0": [2, 1, 1, 0, 2, 4, 3, 1, 3, 4, 1, 34, 44, 33, 31, 25, 31]}, null, null, 11, false, [], false, 0, [], null, 0, 1744377353.5783472, 0, {}]
[{"0": [1, 1, 4, 2, 2, 2, 39, 38, 25, 26, 17, 2, 1, 3, 3, 3, 4]}, null, null, 11, false, [], false, 0, [], null, 0, 1744377353.7826173, 0, {}]
[{"0": [4, 1, 1, 30, 41, 23, 44, 31, 27, 25, 30, 41, 27, 33, 24, 2, 0]}, null, null, 12, false, [], false, 0, [], null, 0, 1744377354.0115638, 0, {}]
[{"0": [31, 30, 36, 37, 35, 28, 30, 44, 4, 2, 0, 3, 2, 2, 2, 1, 5]}, null, null, 13, false, [], false, 0, [], null, 0, 1744377354.2254531, 0, {}]
[{"0": [2, 3, 0, 1, 2, 0, 33, 33, 2, 0, 5, 1, 2, 3, 0, 2, 2]}, null, null, 13, false, [], false, 0, [], null, 0, 1744377354.443744, 0, {}]
[{"0": [4, 0, 1, 0, 34, 5, 1, 1, 6, 1, 2, 2, 4, 0, 8, 1, 1]}, null, null, 14, false, [], false, 0, [], null, 0, 1744377354.657001, 0, {}]
[{"0": [2, 31, 1, 1, 1, 2, 0, 1, 2, 3, 3, 0, 3, 2, 1, 2, 1]}, null, null, 14, false, [], false, 0, [], null, 0, 1744377354.8778229, 0, {}]
[{"0": [1, 3, 3, 2, 3, 2, 3, 0, 0, 1, 1, 4, 4, 36, 30, 4, 3]}, null, null, 15, false, [], false, 0, [], null, 0, 1744377355.1029348, 0, {}]
[{"0": [27, 25, 37, 25, 25, 30, 3, 1, 2, 3, 2, 1, 1, 3, 0, 5, 0]}, null, null, 16, false, [], false, 0, [], null, 0, 1744377355.3095741, 0, {}]
[{"0": [2, 4, 0, 4, 1, 1, 4, 2, 1, 2, 2, 30, 30, 38, 34, 41, 1]}, null, null, 16, false, [], false, 0, [], null, 0, 1744377355.523174, 0, {}]
[{"0": [2, 1, 3, 2, 0, 5, 0, 4, 1, 1, 5, 1, 28, 44, 36, 2, 4]}, null, null, 17, false, [], false, 0, [], null, 0, 1744377355.7419682, 0, {}]
[{"0": [4, 2, 1, 1, 32, 35, 28, 4, 1, 2, 2, 0, 3, 3, 1, 3, 2]}, null, null, 17, false, [], false, 0, [], null, 0, 1744377355.9638674, 0, {}]
[{"0": [26, 2, 3, 6, 5, 0, 1, 3, 2, 1, 1, 1, 1, 4, 35, 38, 22]}, null, null, 18, false, [], false, 0, [], null, 0, 1744377356.1825395, 0, {}]
[{"0": [4, 0, 2, 2, 2, 5, 3, 0, 3, 2, 30, 31, 36, 30, 28, 26, 30]}, null, null, 19, false, [], false, 0, [], null, 0, 1744377356.3872962, 0, {}]
[{"0": [2, 4, 1, 1, 6, 2, 1, 3, 0, 0, 27, 29, 5, 0, 0, 3, 1]}, null, null, 19, false, [], false, 0, [], null, 0, 1744377356.6037478, 0, {}]
[{"0": [2, 5, 4, 2, 2, 3, 1, 0, 24, 29, 32, 3, 1, 0, 1, 0, 0]}, null, null, 20, false, [], false, 0, [], null, 0, 1744377356.8192291, 0, {}]
[{"0": [3, 2, 2, 1, 3, 2, 44, 22, 33, 43, 20, 27, 19, 29, 29, 33, 32]}, null, null, 20, false, [], false, 0, [], null, 0, 1744377357.050967, 0, {}]
[{"0": [1, 2, 1, 2, 3, 2, 1, 1, 2, 0, 2, 1, 0, 0, 29, 27, 36]}, null, null, 21, false, [], false, 0, [], null, 0, 1744377357.263813, 0, {}]
[{"0": [3, 0, 1, 0, 2, 1, 1, 0, 1, 0, 29, 2, 2, 2, 0, 3, 3]}, null, null, 22, false, [], false, 0, [], null, 0, 1744377357.4730856, 0, {}]
[{"0": [22, 32, 25, 1, 1, 4, 2, 3, 4, 2, 3, 5, 1, 3, 1, 1, 0]}, null, null, 22, false, [], false, 0, [], null, 0, 1744377357.6944041, 0, {}]
[{"0": [24, 33, 39, 0, 0, 4, 1, 2, 2, 5, 1, 4, 1, 3, 5, 2, 2]}, null, null, 23, false, [], false, 0, [], null, 0, 1744377357.9193642, 0, {}]
[{"0": [3, 0, 4, 1, 6, 0, 2, 3, 1, 1, 25, 37, 29, 35, 35, 36, 3]}, null, null, 23, false, [], false, 0, [], null, 0, 1744377358.1200657, 0, {}]
[{"0": [2, 4, 2, 3, 0, 2, 0, 2, 3, 3, 3, 0, 1, 37, 23, 42, 32]}, null, null, 24, false, [], false, 0, [], null, 0, 1744377358.3372412, 0, {}]
[{"0": [16, 37, 31, 35, 28, 33, 26, 21, 33, 26, 23, 31, 37, 0, 2, 3, 2]}, null, null, 25, false, [], false, 0, [], null, 0, 1744377358.5631626, 0, {}]
[{"0": [1, 1, 1, 35, 34, 33, 3, 3, 4, 1, 4, 2, 2, 0, 2, 1, 4]}, null, null, 25, false, [], false, 0, [], null, 0, 1744377358.7784188, 0, {}]
[{"0": [2, 2, 1, 1, 1, 1, 2, 1, 3, 3, 2, 4, 29, 28, 21, 31, 26]}, null, null, 26, false, [], false, 0, [], null, 0, 1744377358.9950743, 0, {}]
[{"0": [3, 1, 38, 36, 28, 29, 40, 3, 1, 1, 1, 4, 6, 2, 1, 2, 3]}, null, null, 27, false, [], false, 0, [], null, 0, 1744377359.2169814, 0, {}]
[{"0": [4, 5, 4, 3, 2, 26, 0, 4, 3, 0, 3, 0, 3, 3, 1, 0, 1]}, null, null, 27, false, [], false, 0, [], null, 0, 1744377359.4218357, 0, {}]
[{"0": [0, 0, 6, 0, 1, 2, 1, 2, 0, 1, 2, 1, 31, 34, 2, 6, 1]}, null, null, 28, false, [], false, 0, [], null, 0, 1744377359.6480856, 0, {}]
[{"0": [2, 3, 1, 22, 1, 5, 1, 0, 1, 3, 2, 3, 3, 2, 2, 3, 1]}, null, null, 28, false, [], false, 0, [], null, 0, 1744377359.8571491, 0, {}]
[{"0": [3, 2, 4, 1, 2, 0, 2, 0, 5, 1, 29, 43, 36, 38, 0, 2, 2]}, null, null, 29, false, [], false, 0, [], null, 0, 1744377360.07175, 0, {}]
[{"0": [1, 5, 1, 1, 2, 6, 0, 1, 2, 1, 1, 1, 16, 18, 28, 36, 29]}, null, null, 30, false, [], false, 0, [], null, 0, 1744377360.296483, 0, {}]
[{"0": [1, 2, 2, 1, 1, 1, 2, 0, 1, 31, 32, 27, 32, 2, 1, 1, 1]}, null, null, 30, false, [], false, 0, [], null, 0, 1744377360.515567, 0, {}]
[{"0": [1, 4, 23, 34, 27, 28, 29, 36, 32, 32, 37, 25, 34, 43, 21, 27, 23]}, null, null, 31, false, [], false, 0, [], null, 0, 1744377360.720633, 0, {}]
[{"0": [4, 2, 1, 1, 38, 28, 35, 22, 32, 34, 23, 28, 36, 29, 41, 27, 31]}, null, null, 31, false, [], false, 0, [], null, 0, 1744377360.934336, 0, {}]
[{"0": [2, 3, 1, 0, 2, 5, 29, 36, 26, 38, 27, 30, 36, 33, 0, 1, 3]}, null, null, 32, false, [], false, 0, [], null, 0, 1744377361.1582, 0, {}]
[{"0": [15, 3, 2, 3, 4, 1, 2, 3, 3, 2, 1, 1, 1, 1, 2, 0, 0]}, null, null, 33, false, [], false, 0, [], null, 0, 1744377361.3808508, 0, {}]
[{"0": [2, 5, 4, 1, 2, 28, 37, 35, 36, 25, 31, 36, 38, 34, 29, 36, 26]}, null, null, 33, false, [], false, 0, [], null, 0, 1744377361.594482, 0, {}]
[{"0": [3, 5, 4, 36, 31, 28, 44, 32, 37, 2, 4, 2, 0, 1, 2, 0, 0]}, null, null, 34, false, [], false, 0, [], null, 0, 1744377361.809924, 0, {}]
[{"0": [3, 2, 1, 1, 2, 4, 1, 2, 3, 1, 1, 3, 1, 2, 29, 1, 5]}, null, null, 34, false, [], false, 0, [], null, 0, 1744377362.0303855, 0, {}]
[{"0": [44, 0, 1, 0, 0, 1, 3, 0, 4, 2, 1, 0, 5, 1, 1, 1, 2]}, null, null, 35, false, [], false, 0, [], null, 0, 1744377362.2478805, 0, {}]
[{"0": [3, 1, 0, 25, 41, 26, 35, 0, 2, 1, 2, 2, 2, 1, 7, 3, 2]}, null, null, 36, false, [], false, 0, [], null, 0, 1744377362.4645348, 0, {}]
[{"0": [0, 1, 4, 1, 2, 1, 1, 1, 3, 1, 0, 38, 6, 2, 8, 2, 1]}, null, null, 36, false, [], false, 0, [], null, 0, 1744377362.6862872, 0, {}]
[{"0": [2, 2, 2, 24, 24, 3, 1, 1, 2, 2, 1, 1, 1, 2, 3, 0, 2]}, null, null, 37, false, [], false, 0, [], null, 0, 1744377362.8963976, 0, {}]
[{"0": [3, 5, 0, 29, 20, 31, 2, 0, 1, 0, 1, 4, 1, 3, 1, 3, 1]}, null, null, 37, false, [], false, 0, [], null, 0, 1744377363.1147733, 0, {}]
[{"0": [5, 1, 3, 1, 2, 3, 40, 41, 27, 4, 3, 2, 3, 1, 2, 1, 2]}, null, null, 38, false, [], false, 0, [], null, 0, 1744377363.3260248, 0, {}]
[{"0": [2, 2, 1, 1, 1, 26, 31, 38, 38, 1, 0, 3, 3, 4, 4, 4, 2]}, null, null, 39, false, [], false, 0, [], null, 0, 1744377363.5508926, 0, {}]
[{"0": [1, 2, 27, 32, 0, 2, 3, 3, 4, 2, 3, 2, 1, 2, 0, 2, 0]}, null, null, 39, false, [], false, 0, [], null, 0, 1744377363.759679, 0, {}]
[{"0": [1, 0, 3, 26, 31, 32, 34, 25, 26, 35, 2, 0, 1, 1, 2, 0, 3]}, null, null, 40, false, [], false, 0, [], null, 0, 1744377363.987637, 0, {}]
[{"0": [0, 1, 5, 0, 1, 3, 1, 4, 1, 2, 3, 5, 2, 1, 3, 4, 26]}, null, null, 40, false, [], false, 0, [], null, 0, 1744377364.1984513, 0, {}]
[{"0": [0, 1, 1, 4, 0, 2, 1, 0, 0, 0, 0, 1, 1, 3, 2, 3, 3]}, null, null, 41, false, [], false, 0, [], null, 0, 1744377364.4049444, 0, {}]
[{"0": [0, 1, 1, 5, 3, 1, 3, 4, 1, 2, 2, 1, 0, 0, 1, 0, 0]}, null, null, 42, false, [], false, 0, [], null, 0, 1744377364.6230817, 0, {}]
[{"0": [3, 2, 2, 2, 2, 6, 4, 2, 1, 42, 45, 3, 2, 0, 4, 2, 0]}, null, null, 42, false, [], false, 0, [], null, 0, 1744377364.8532941, 0, {}]
[{"0": [1, 2, 2, 0, 3, 4, 3, 2, 1, 3, 23, 26, 2, 3, 0, 2, 5]}, null, null, 43, false, [], false, 0, [], null, 0, 1744377365.076238, 0, {}]
[{"0": [3, 1, 3, 4, 27, 29, 2, 0, 2, 0, 2, 5, 3, 2, 2, 2, 1]}, null, null, 43, false, [], false, 0, [], null, 0, 1744377365.278241, 0, {}]
[{"0": [1, 2, 31, 4, 0, 0, 1, 2, 3, 1, 1, 2, 1, 1, 1, 0, 3]}, null, null, 44, false, [], false, 0, [], null, 0, 1744377365.5014513, 0, {}]
[{"0": [1, 4, 2, 1, 2, 4, 2, 2, 2, 1, 27, 37, 17, 36, 22, 30, 29]}, null, null, 45, false, [], false, 0, [], null, 0, 1744377365.7213008, 0, {}]
[{"0": [3, 0, 2, 5, 1, 0, 1, 0, 3, 1, 1, 33, 2, 0, 0, 3, 0]}, null, null, 45, false, [], false, 0, [], null, 0, 1744377365.920454, 0, {}]
[{"0": [0, 4, 1, 4, 1, 33, 24, 33, 28, 0, 1, 0, 1, 3, 1, 3, 2]}, null, null, 46, false, [], false, 0, [], null, 0, 1744377366.1414504, 0, {}]
[{"0": [3, 2, 1, 2, 1, 1, 2, 0, 2, 1, 0, 3, 0, 0, 1, 18, 1]}, null, null, 46, false, [], false, 0, [], null, 0, 1744377366.3711643, 0, {}]
[{"0": [6, 3, 2, 43, 28, 28, 0, 1, 4, 0, 0, 4, 2, 0, 3, 2, 6]}, null, null, 47, false, [], false, 0, [], null, 0, 1744377366.5692642, 0, {}]
[{"0": [1, 0, 1, 2, 0, 0, 3, 1, 1, 1, 1, 3, 0, 0, 4, 0, 0]}, null, null, 48, false, [], false, 0, [], null, 0, 1744377366.7952144, 0, {}]
[{"0": [0, 0, 1, 4, 2, 2, 2, 3, 1, 33, 33, 2, 0, 1, 5, 3, 1]}, null, null, 48, false, [], false, 0, [], null, 0, 1744377367.0144625, 0, {}]
[{"0": [2, 3, 1, 0, 1, 1, 2, 1, 4, 2, 1, 0, 2, 2, 2, 1, 2]}, null, null, 49, false, [], false, 0, [], null, 0, 1744377367.2217803, 0, {}]
[{"0": [2, 0, 3, 1, 0, 3, 5, 4, 1, 2, 0, 2, 0, 25, 28, 29, 29]}, null, null, 49, false, [], false, 0, [], null, 0, 1744377367.4444697, 0, {}]
[{"0": [1, 3, 6, 2, 0, 5, 4, 1, 2, 1, 1, 5, 1, 26, 22, 32, 19]}, null, null, 50, false, [], false, 0, [], null, 0, 1744377367.6609297, 0, {}]
[{"0": [1, 1, 3, 2, 4, 36, 35, 27, 24, 28, 36, 2, 6, 0, 2, 1, 2]}, null, null, 51, false, [], false, 0, [], null, 0, 1744377367.864679, 0, {}]
[{"0": [1, 0, 3, 2, 1, 0, 0, 1, 2, 1, 1, 29, 37, 28, 28, 3, 1]}, null, null, 51, false, [], false, 0, [], null, 0, 1744377368.0926251, 0, {}]
[{"0": [37, 37, 36, 22, 25, 27, 27, 1, 2, 3, 2, 0, 2, 2, 2, 2, 3]}, null, null, 52, false, [], false, 0, [], null, 0, 1744377368.3194914, 0, {}]
[{"0": [1, 1, 3, 3, 0, 0, 4, 5, 3, 1, 3, 2, 21, 27, 38, 19, 28]}, null, null, 52, false, [], false, 0, [], null, 0, 1744377368.5351162, 0, {}]
[{"0": [1, 3, 3, 0, 1, 3, 4, 2, 1, 4, 31, 30, 28, 40, 31, 31, 30]}, null, null, 53, false, [], false, 0, [], null, 0, 1744377368.7405343, 0, {}]
[{"0": [1, 0, 1, 1, 1, 2, 4, 2, 2, 0, 33, 31, 27, 24, 29, 18, 22]}, null, null, 54, false, [], false, 0, [], null, 0, 1744377368.9613166, 0, {}]
[{"0": [4, 0, 3, 0, 1, 2, 4, 0, 5, 3, 2, 0, 20, 30, 30, 26, 34]}, null, null, 54, false, [], false, 0, [], null, 0, 1744377369.1828165, 0, {}]
[{"0": [3, 2, 26, 39, 24, 33, 30, 39, 28, 31, 28, 31, 4, 2, 4, 2, 0]}, null, null, 55, false, [], false, 0, [], null, 0, 1744377369.3881643, 0, {}]
[{"0": [0, 1, 1, 35, 1, 3, 2, 1, 2, 4, 2, 2, 2, 0, 3, 1, 3]}, null, null, 55, false, [], false, 0, [], null, 0, 1744377369.6155026, 0, {}]
[{"0": [2, 2, 2, 1, 2, 2, 2, 3, 3, 1, 4, 1, 1, 2, 1, 2, 2]}, null, null, 56, false, [], false, 0, [], null, 0, 1744377369.840682, 0, {}]
[{"0": [26, 30, 0, 1, 6, 4, 4, 1, 1, 2, 2, 4, 3, 2, 0, 1, 1]}, null, null, 57, false, [], false, 0, [], null, 0, 1744377370.0449798, 0, {}]
[{"0": [0, 1, 3, 1, 1, 2, 33, 34, 32, 35, 3, 0, 2, 1, 1, 0, 1]}, null, null, 57, false, [], false, 0, [], null, 0, 1744377370.2578688, 0, {}]
[{"0": [1, 1, 2, 4, 2, 2, 1, 2, 1, 2, 0, 0, 2, 2, 1, 32, 31]}, null, null, 58, false, [], false, 0, [], null, 0, 1744377370.466493, 0, {}]
[{"0": [3, 4, 2, 1, 1, 1, 1, 0, 3, 2, 2, 3, 2, 0, 1, 25, 25]}, null, null, 58, false, [], false, 0, [], null, 0, 1744377370.6920288, 0, {}]
[{"0": [1, 2, 4, 4, 2, 1, 2, 2, 0, 1, 2, 45, 28, 28, 32, 23, 0]}, null, null, 59, false, [], false, 0, [], null, 0, 1744377370.909895, 0, {}]
[{"0": [2, 0, 0, 2, 1, 1, 4, 0, 2, 0, 2, 2, 29, 2, 2, 1, 2]}, null, null, 60, false, [], false, 0, [], null, 0, 1744377371.132256, 0, {}]
[{"0": [2, 0, 0, 1, 1, 1, 1, 2, 3, 1, 1, 3, 0, 0, 1, 2, 2]}, null, null, 60, false, [], false, 0, [], null, 0, 1744377371.3405597, 0, {}]
[{"0": [2, 3, 2, 2, 0, 5, 0, 2, 0, 1, 2, 2, 1, 24, 27, 1, 3]}, null, null, 61, false, [], false, 0, [], null, 0, 1744377371.5658216, 0, {}]
[{"0": [0, 1, 2, 0, 1, 1, 31, 23, 36, 34, 34, 27, 0, 2, 2, 3, 3]}, null, null, 61, false, [], false, 0, [], null, 0, 1744377371.7818015, 0, {}]
[{"0": [1, 2, 1, 2, 2, 1, 35, 1, 4, 2, 2, 2, 2, 0, 3, 4, 2]}, null, null, 62, false, [], false, 0, [], null, 0, 1744377372.0001874, 0, {}]
[{"0": [2, 5, 4, 3, 3, 2, 4, 4, 1, 1, 2, 1, 25, 28, 39, 25, 36]}, null, null, 63, false, [], false, 0, [], null, 0, 1744377372.2152903, 0, {}]
[{"0": [2, 2, 3, 2, 2, 1, 2, 2, 0, 3, 3, 2, 2, 0, 22, 28, 27]}, null, null, 63, false, [], false, 0, [], null, 0, 1744377372.4220974, 0, {}]
[{"0": [1, 0, 0, 2, 2, 2, 1, 4, 3, 30, 33, 29, 41, 34, 2, 2, 3]}, null, null, 64, false, [], false, 0, [], null, 0, 1744377372.650333, 0, {}]
[{"0": [1, 1, 31, 35, 2, 1, 2, 0, 4, 1, 1, 3, 2, 5, 5, 0, 2]}, null, null, 64, false, [], false, 0, [], null, 0, 1744377372.861602, 0, {}]
[{"0": [1, 4, 1, 1, 0, 3, 0, 0, 0, 0, 3, 0, 4, 3, 1, 35, 26]}, null, null, 65, false, [], false, 0, [], null, 0, 1744377373.0801795, 0, {}]
[{"0": [1, 2, 0, 1, 2, 26, 28, 2, 1, 1, 0, 2, 1, 0, 8, 1, 5]}, null, null, 66, false, [], false, 0, [], null, 0, 1744377373.2962666, 0, {}]
[{"0": [6, 0, 4, 30, 28, 25, 20, 22, 27, 36, 27, 38, 38, 30, 35, 27, 30]}, null, null, 66, false, [], false, 0, [], null, 0, 1744377373.5161715, 0, {}]
[{"0": [1, 0, 2, 6, 31, 19, 2, 1, 3, 3, 2, 2, 2, 1, 5, 0, 0]}, null, null, 67, false, [], false, 0, [], null, 0, 1744377373.7177217, 0, {}]
[{"0": [34, 29, 23, 25, 31, 2, 2, 0, 2, 1, 2, 1, 1, 1, 1, 3, 2]}, null, null, 67, false, [], false, 0, [], null, 0, 1744377373.945208, 0, {}]
[{"0": [2, 3, 0, 1, 23, 23, 33, 40, 26, 35, 33, 1, 3, 0, 1, 2, 1]}, null, null, 68, false, [], false, 0, [], null, 0, 1744377374.1570933, 0, {}]
[{"0": [3, 3, 1, 3, 2, 0, 5, 1, 1, 1, 1, 32, 28, 27, 37, 34, 31]}, null, null, 69, false, [], false, 0, [], null, 0, 1744377374.3852217, 0, {}]
[{"0": [1, 2, 0, 0, 4, 4, 1, 2, 2, 25, 22, 30, 26, 31, 22, 20, 25]}, null, null, 69, false, [], false, 0, [], null, 0, 1744377374.603706, 0, {}]
[{"0": [1, 1, 0, 3, 2, 30, 23, 35, 35, 2, 3, 2, 3, 3, 0, 1, 2]}, null, null, 70, false, [], false, 0, [], null, 0, 1744377374.8173223, 0, {}]
[{"0": [24, 31, 1, 1, 4, 0, 4, 1, 0, 1, 2, 2, 3, 1, 6, 1, 3]}, null, null, 70, false, [], false, 0, [], null, 0, 1744377375.0244527, 0, {}]
[{"0": [4, 2, 4, 1, 0, 2, 0, 1, 1, 1, 1, 2, 0, 1, 1, 27, 21]}, null, null, 71, false, [], false, 0, [], null, 0, 1744377375.2377427, 0, {}]
[{"0": [3, 2, 1, 1, 2, 2, 1, 3, 2, 2, 3, 4, 1, 3, 1, 3, 0]}, null, null, 72, false, [], false, 0, [], null, 0, 1744377375.454655, 0, {}]
[{"0": [45, 4, 1, 2, 4, 1, 1, 2, 3, 4, 2, 3, 3, 2, 2, 1, 3]}, null, null, 72, false, [], false, 0, [], null, 0, 1744377375.680909, 0, {}]
[{"0": [2, 0, 2, 7, 1, 1, 1, 3, 2, 0, 1, 6, 3, 4, 2, 26, 27]}, null, null, 73, false, [], false, 0, [], null, 0, 1744377375.8960738, 0, {}]
[{"0": [0, 4, 2, 2, 3, 4, 1, 0, 0, 2, 0, 1, 4, 0, 3, 3, 3]}, null, null, 73, false, [], false, 0, [], null, 0, 1744377376.115321, 0, {}]
[{"0": [3, 5, 1, 2, 2, 34, 30, 37, 2, 3, 0, 3, 1, 2, 0, 5, 2]}, null, null, 74, false, [], false, 0, [], null, 0, 1744377376.3210602, 0, {}]
[{"0": [2, 0, 2, 26, 34, 4, 2, 2, 0, 3, 1, 1, 0, 2, 3, 3, 1]}, null, null, 75, false, [], false, 0, [], null, 0, 1744377376.5542574, 0, {}]
[{"0": [2, 2, 5, 3, 0, 2, 2, 2, 2, 2, 3, 0, 3, 33, 30, 26, 32]}, null, null, 75, false, [], false, 0, [], null, 0, 1744377376.7590532, 0, {}]
[{"0": [4, 1, 2, 38, 30, 1, 3, 1, 1, 0, 1, 7, 2, 3, 0, 2, 0]}, null, null, 76, false, [], false, 0, [], null, 0, 1744377376.9778852, 0, {}]
[{"0": [2, 1, 2, 1, 0, 26, 3, 2, 2, 0, 3, 1, 4, 2, 1, 4, 3]}, null, null, 77, false, [], false, 0, [], null, 0, 1744377377.1905718, 0, {}]
[{"0": [1, 2, 0, 3, 1, 2, 0, 1, 3, 29, 38, 27, 42, 33, 37, 30, 30]}, null, null, 77, false, [], false, 0, [], null, 0, 1744377377.4012923, 0, {}]
[{"0": [0, 23, 5, 0, 3, 3, 0, 2, 2, 4, 2, 1, 1, 0, 3, 1, 0]}, null, null, 78, false, [], false, 0, [], null, 0, 1744377377.6255748, 0, {}]
[{"0": [3, 4, 0, 1, 34, 4, 1, 1, 6, 3, 1, 1, 0, 2, 3, 1, 3]}, null, null, 78, false, [], false, 0, [], null, 0, 1744377377.8418796, 0, {}]
[{"0": [0, 0, 1, 1, 1, 2, 3, 1, 3, 0, 1, 1, 2, 2, 2, 2, 1]}, null, null, 79, false, [], false, 0, [], null, 0, 1744377378.059351, 0, {}]
[{"0": [2, 0, 1, 24, 20, 31, 36, 42, 23, 27, 2, 4, 1, 3, 1, 1, 2]}, null, null, 80, false, [], false, 0, [], null, 0, 1744377378.2839916, 0, {}]
[{"0": [2, 1, 4, 2, 1, 4, 1, 1, 0, 3, 2, 1, 33, 29, 33, 5, 1]}, null, null, 80, false, [], false, 0, [], null, 0, 1744377378.506626, 0, {}]
[{"0": [1, 1, 36, 32, 31, 24, 26, 26, 0, 4, 3, 4, 2, 4, 6, 1, 5]}, null, null, 81, false, [], false, 0, [], null, 0, 1744377378.7051208, 0, {}]
[{"0": [4, 1, 2, 1, 1, 37, 29, 39, 26, 26, 33, 26, 21, 36, 1, 4, 0]}, null, null, 81, false, [], false, 0, [], null, 0, 1744377378.9223204, 0, {}]
[{"0": [0, 2, 4, 0, 1, 2, 0, 2, 2, 2, 2, 2, 0, 1, 27, 35, 31]}, null, null, 82, false, [], false, 0, [], null, 0, 1744377379.1320627, 0, {}]
[{"0": [1, 2, 3, 4, 3, 1, 4, 1, 5, 0, 34, 25, 1, 1, 3, 1, 3]}, null, null, 83, false, [], false, 0, [], null, 0, 1744377379.354084, 0, {}]
[{"0": [0, 2, 1, 1, 1, 2, 5, 25, 0, 0, 2, 2, 0, 1, 3, 2, 0]}, null, null, 83, false, [], false, 0, [], null, 0, 1744377379.5829391, 0, {}]
[{"0": [4, 3, 2, 1, 0, 28, 33, 20, 26, 44, 26, 26, 33, 33, 31, 40, 33]}, null, null, 84, false, [], false, 0, [], null, 0, 1744377379.7920444, 0, {}]
[{"0": [1, 2, 3, 3, 2, 27, 27, 1, 1, 1, 2, 2, 1, 0, 4, 2, 4]}, null, null, 84, false, [], false, 0, [], null, 0, 1744377380.0124078, 0, {}]
[{"0": [3, 1, 2, 0, 3, 1, 2, 3, 2, 1, 3, 3, 27, 22, 40, 4, 4]}, null, null, 85, false, [], false, 0, [], null, 0, 1744377380.2180793, 0, {}]
[{"0": [1, 6, 0, 1, 2, 3, 3, 28, 35, 29, 35, 1, 2, 3, 2, 2, 0]}, null, null, 86, false, [], false, 0, [], null, 0, 1744377380.4456983, 0, {}]
[{"0": [1, 5, 2, 2, 1, 5, 4, 2, 2, 6, 36, 42, 26, 25, 32, 38, 39]}, null, null, 86, false, [], false, 0, [], null, 0, 1744377380.654169, 0, {}]
[{"0": [4, 0, 2, 0, 1, 1, 2, 2, 1, 0, 3, 29, 22, 33, 30, 32, 36]}, null, null, 87, false, [], false, 0, [], null, 0, 1744377380.8885102, 0, {}]
[{"0": [0, 2, 1, 4, 36, 35, 44, 31, 29, 43, 22, 19, 31, 34, 32, 20, 23]}, null, null, 87, false, [], false, 0, [], null, 0, 1744377381.1054037, 0, {}]
[{"0": [3, 0, 4, 2, 34, 34, 28, 38, 0, 3, 1, 1, 1, 0, 3, 1, 2]}, null, null, 88, false, [], false, 0, [], null, 0, 1744377381.3050842, 0, {}]
[{"0": [2, 1, 0, 0, 2, 2, 4, 3, 0, 1, 2, 2, 2, 38, 35, 2, 1]}, null, null, 89, false, [], false, 0, [], null, 0, 1744377381.537211, 0, {}]
[{"0": [0, 1, 5, 3, 4, 4, 2, 0, 0, 1, 1, 2, 3, 31, 30, 2, 0]}, null, null, 89, false, [], false, 0, [], null, 0, 1744377381.7416687, 0, {}]
[{"0": [4, 3, 1, 1, 1, 2, 2, 1, 1, 3, 0, 31, 35, 35, 0, 2, 3]}, null, null, 90, false, [], false, 0, [], null, 0, 1744377381.9599235, 0, {}]
[{"0": [3, 1, 2, 1, 0, 4, 0, 0, 3, 1, 1, 3, 21, 38, 19, 34, 29]}, null, null, 90, false, [], false, 0, [], null, 0, 1744377382.1808355, 0, {}]
[{"0": [1, 1, 4, 5, 0, 2, 29, 1, 2, 2, 3, 1, 2, 1, 3, 1, 3]}, null, null, 91, false, [], false, 0, [], null, 0, 1744377382.3937013, 0, {}]
[{"0": [1, 3, 1, 1, 18, 26, 31, 31, 33, 33, 26, 26, 26, 24, 0, 1, 2]}, null, null, 92, false, [], false, 0, [], null, 0, 1744377382.615959, 0, {}]
[{"0": [5, 2, 2, 1, 1, 2, 1, 0, 2, 5, 29, 28, 2, 5, 0, 2, 2]}, null, null, 92, false, [], false, 0, [], null, 0, 1744377382.8205483, 0, {}]
[{"0": [1, 0, 2, 2, 1, 1, 0, 3, 2, 0, 6, 30, 29, 22, 39, 18, 28]}, null, null, 93, false, [], false, 0, [], null, 0, 1744377383.0370228, 0, {}]
[{"0": [0, 3, 5, 44, 32, 27, 31, 27, 34, 27, 0, 1, 3, 4, 3, 2, 1]}, null, null, 93, false, [], false, 0, [], null, 0, 1744377383.270441, 0, {}]
[{"0": [0, 0, 1, 6, 2, 2, 5, 1, 1, 0, 0, 1, 1, 18, 29, 26, 43]}, null, null, 94, false, [], false, 0, [], null, 0, 1744377383.4881368, 0, {}]
[{"0": [2, 3, 2, 1, 2, 2, 2, 0, 6, 0, 3, 5, 1, 1, 0, 1, 2]}, null, null, 95, false, [], false, 0, [], null, 0, 1744377383.6845033, 0, {}]
[{"0": [2, 3, 4, 4, 2, 2, 31, 25, 30, 25, 0, 1, 2, 0, 3, 0, 0]}, null, null, 95, false, [], false, 0, [], null, 0, 1744377383.9020252, 0, {}]
[{"0": [1, 1, 1, 3, 0, 31, 29, 30, 25, 41, 29, 0, 0, 1, 5, 2, 1]}, null, null, 96, false, [], false, 0, [], null, 0, 1744377384.1293771, 0, {}]
[{"0": [4, 5, 4, 3, 3, 2, 3, 5, 2, 0, 1, 40, 44, 31, 24, 31, 38]}, null, null, 96, false, [], false, 0, [], null, 0, 1744377384.349009, 0, {}]
[{"0": [3, 0, 2, 2, 1, 2, 1, 2, 7, 2, 2, 1, 27, 24, 33, 28, 21]}, null, null, 97, false, [], false, 0, [], null, 0, 1744377384.560906, 0, {}]
[{"0": [4, 3, 1, 4, 1, 2, 4, 3, 1, 0, 1, 5, 29, 44, 33, 0, 4]}, null, null, 98, false, [], false, 0, [], null, 0, 1744377384.7785342, 0, {}]
[{"0": [2, 4, 0, 2, 2, 1, 3, 2, 0, 1, 0, 28, 21, 32, 29, 2, 2]}, null, null, 98, false, [], false, 0, [], null, 0, 1744377385.0058706, 0, {}]
[{"0": [1, 2, 2, 32, 35, 32, 4, 1, 1, 0, 1, 2, 4, 1, 4, 1, 0]}, null, null, 99, false, [], false, 0, [], null, 0, 1744377385.2088947, 0, {}]
[{"0": [3, 0, 2, 2, 0, 1, 1, 21, 30, 33, 30, 2, 1, 1, 1, 3, 1]}, null, null, 99, false, [], false, 0, [], null, 0, 1744377385.4208503, 0, {}]
[{"0": [4, 2, 26, 35, 31, 34, 34, 31, 2, 1, 2, 3, 4, 1, 2, 1, 3]}, null, null, 100, false, [], false, 0, [], null, 0, 1744377385.646001, 0, {}]
[{"0": [0, 0, 3, 3, 2, 0, 3, 1, 2, 5, 1, 4, 2, 6, 2, 5, 2]}, null, null, 101, false, [], false, 0, [], null, 0, 1744377385.8732648, 0, {}]
[{"0": [38, 23, 27, 38, 1, 2, 2, 2, 2, 4, 4, 2, 2, 3, 2, 2, 3]}, null, null, 101, false, [], false, 0, [], null, 0, 1744377386.0685942, 0, {}]
[{"0": [6, 3, 3, 4, 1, 1, 1, 1, 2, 4, 0, 32, 4, 0, 0, 0, 3]}, null, null, 102, false, [], false, 0, [], null, 0, 1744377386.3096466, 0, {}]
[{"0": [1, 2, 1, 31, 28, 23, 25, 28, 29, 2, 2, 1, 1, 1, 2, 1, 2]}, null, null, 102, false, [], false, 0, [], null, 0, 1744377386.5188987, 0, {}]
[{"0": [26, 33, 18, 39, 29, 43, 31, 0, 3, 1, 0, 1, 0, 0, 0, 2, 4]}, null, null, 103, false, [], false, 0, [], null, 0, 1744377386.7206862, 0, {}]
[{"0": [0, 3, 2, 1, 3, 31, 27, 30, 33, 33, 31, 28, 4, 1, 2, 0, 4]}, null, null, 104, false, [], false, 0, [], null, 0, 1744377386.9539864, 0, {}]
[{"0": [1, 0, 5, 4, 1, 1, 0, 29, 28, 23, 27, 4, 1, 2, 4, 1, 6]}, null, null, 104, false, [], false, 0, [], null, 0, 1744377387.1682477, 0, {}]
[{"0": [2, 3, 1, 1, 1, 1, 0, 3, 1, 1, 0, 1, 29, 37, 30, 31, 1]}, null, null, 105, false, [], false, 0, [], null, 0, 1744377387.3897698, 0, {}]
[{"0": [0, 4, 3, 1, 2, 0, 4, 1, 2, 4, 2, 2, 23, 29, 34, 33, 2]}, null, null, 105, false, [], false, 0, [], null, 0, 1744377387.5995967, 0, {}]
[{"0": [3, 2, 3, 0, 31, 28, 22, 24, 29, 30, 26, 26, 32, 31, 31, 25, 32]}, null, null, 106, false, [], false, 0, [], null, 0, 1744377387.8145034, 0, {}]
[{"0": [35, 3, 2, 1, 0, 2, 0, 2, 1, 1, 2, 2, 1, 1, 1, 1, 2]}, null, null, 107, false, [], false, 0, [], null, 0, 1744377388.0374122, 0, {}]
[{"0": [1, 4, 28, 28, 25, 24, 32, 27, 31, 27, 28, 35, 2, 5, 0, 2, 1]}, null, null, 107, false, [], false, 0, [], null, 0, 1744377388.2583394, 0, {}]
[{"0": [3, 3, 29, 1, 4, 3, 0, 1, 0, 2, 2, 3, 3, 1, 2, 2, 4]}, null, null, 108, false, [], false, 0, [], null, 0, 1744377388.4622324, 0, {}]
[{"0": [3, 3, 2, 2, 29, 32, 34, 31, 2, 2, 1, 5, 2, 2, 4, 2, 0]}, null, null, 108, false, [], false, 0, [], null, 0, 1744377388.689229, 0, {}]
[{"0": [1, 5, 0, 4, 3, 0, 21, 2, 2, 1, 3, 1, 3, 1, 2, 1, 1]}, null, null, 109, false, [], false, 0, [], null, 0, 1744377388.9006908, 0, {}]
[{"0": [40, 24, 18, 28, 27, 29, 25, 45, 4, 0, 2, 0, 1, 1, 1, 2, 1]}, null, null, 110, false, [], false, 0, [], null, 0, 1744377389.1226668, 0, {}]
[{"0": [1, 3, 2, 1, 0, 2, 1, 2, 1, 3, 38, 32, 30, 18, 26, 32, 31]}, null, null, 110, false, [], false, 0, [], null, 0, 1744377389.3350062, 0, {}]
[{"0": [0, 2, 1, 2, 3, 24, 38, 31, 36, 33, 1, 1, 4, 5, 2, 2, 5]}, null, null, 111, false, [], false, 0, [], null, 0, 1744377389.5429568, 0, {}]
[{"0": [3, 2, 0, 0, 1, 1, 2, 1, 1, 2, 1, 0, 26, 32, 22, 32, 32]}, null, null, 111, false, [], false, 0, [], null, 0, 1744377389.770549, 0, {}]
[{"0": [4, 2, 4, 3, 3, 32, 3, 4, 3, 4, 1, 4, 2, 3, 1, 4, 0]}, null, null, 112, false, [], false, 0, [], null, 0, 1744377389.9803932, 0, {}]
[{"0": [3, 2, 2, 0, 3, 0, 1, 5, 2, 1, 0, 4, 25, 28, 17, 36, 28]}, null, null, 113, false, [], false, 0, [], null, 0, 1744377390.2088077, 0, {}]
[{"0": [4, 2, 2, 3, 1, 6, 1, 4, 2, 1, 3, 1, 1, 5, 21, 27, 27]}, null, null, 113, false, [], false, 0, [], null, 0, 1744377390.4269304, 0, {}]
[{"0": [2, 1, 3, 3, 3, 1, 4, 3, 0, 35, 34, 37, 27, 29, 19, 35, 23]}, null, null, 114, false, [], false, 0, [], null, 0, 1744377390.638012, 0, {}]
[{"0": [1, 2, 2, 2, 1, 5, 2, 0, 1, 6, 3, 30, 25, 26, 34, 28, 23]}, null, null, 114, false, [], false, 0, [], null, 0, 1744377390.8547945, 0, {}]
[{"0": [3, 0, 3, 0, 4, 26, 23, 38, 2, 2, 4, 1, 2, 2, 2, 5, 1]}, null, null, 115, false, [], false, 0, [], null, 0, 1744377391.0693378, 0, {}]
[{"0": [3, 3, 29, 24, 29, 1, 2, 1, 3, 1, 1, 4, 4, 0, 3, 0, 2]}, null, null, 116, false, [], false, 0, [], null, 0, 1744377391.2755148, 0, {}]
[{"0": [24, 24, 31, 36, 26, 33, 30, 38, 37, 32, 29, 27, 1, 2, 4, 5, 2]}, null, null, 116, false, [], false, 0, [], null, 0, 1744377391.4864447, 0, {}]
[{"0": [2, 2, 1, 1, 3, 2, 2, 1, 3, 1, 1, 6, 35, 29, 24, 38, 5]}, null, null, 117, false, [], false, 0, [], null, 0, 1744377391.7117388, 0, {}]
[{"0": [4, 0, 5, 0, 1, 1, 1, 1, 2, 0, 4, 1, 22, 23, 27, 25, 32]}, null, null, 117, false, [], false, 0, [], null, 0, 1744377391.9290726, 0, {}]
[{"0": [1, 2, 1, 2, 1, 3, 3, 2, 2, 1, 3, 2, 1, 1, 34, 30, 1]}, null, null, 118, false, [], false, 0, [], null, 0, 1744377392.1577978, 0, {}]
[{"0": [1, 2, 1, 4, 0, 2, 2, 2, 1, 4, 0, 1, 0, 1, 0, 1, 1]}, null, null, 119, false, [], false, 0, [], null, 0, 1744377392.366203, 0, {}]
[{"0": [2, 1, 2, 1, 2, 29, 30, 35, 30, 40, 24, 34, 2, 1, 3, 2, 4]}, null, null, 119, false, [], false, 0, [], null, 0, 1744377392.5844169, 0, {}]
[{"0": [1, 2, 2, 3, 2, 2, 3, 1, 0, 2, 1, 2, 2, 29, 36, 32, 20]}, null, null, 120, false, [], false, 0, [], null, 0, 1744377392.7881756, 0, {}]
[{"0": [3, 1, 4, 2, 4, 1, 0, 0, 1, 7, 6, 28, 0, 4, 2, 1, 2]}, null, null, 120, false, [], false, 0, [], null, 0, 1744377393.0098178, 0, {}]
[{"0": [30, 28, 1, 2, 0, 3, 0, 2, 3, 3, 0, 0, 2, 3, 1, 2, 2]}, null, null, 121, false, [], false, 0, [], null, 0, 1744377393.227503, 0, {}]
[{"0": [35, 44, 42, 24, 21, 28, 22, 26, 25, 41, 31, 33, 31, 23, 14, 28, 26]}, null, null, 122, false, [], false, 0, [], null, 0, 1744377393.442614, 0, {}]
[{"0": [1, 1, 0, 38, 1, 1, 3, 1, 2, 4, 1, 0, 1, 2, 2, 0, 0]}, null, null, 122, false, [], false, 0, [], null, 0, 1744377393.6630974, 0, {}]
[{"0": [2, 2, 0, 2, 28, 22, 3, 2, 1, 2, 0, 2, 3, 2, 1, 2, 4]}, null, null, 123, false, [], false, 0, [], null, 0, 1744377393.88096, 0, {}]
[{"0": [1, 5, 0, 2, 0, 4, 0, 3, 3, 3, 1, 36, 36, 24, 32, 2, 3]}, null, null, 123, false, [], false, 0, [], null, 0, 1744377394.093569, 0, {}]
[{"0": [1, 0, 1, 4, 1, 1, 4, 2, 2, 3, 2, 3, 39, 24, 35, 29, 41]}, null, null, 124, false, [], false, 0, [], null, 0, 1744377394.3120246, 0, {}]
[{"0": [1, 2, 3, 2, 1, 1, 1, 3, 1, 2, 1, 1, 2, 7, 29, 29, 28]}, null, null, 125, false, [], false, 0, [], null, 0, 1744377394.5317862, 0, {}]
[{"0": [3, 3, 0, 2, 1, 0, 3, 4, 1, 1, 2, 5, 2, 21, 20, 25, 23]}, null, null, 125, false, [], false, 0, [], null, 0, 1744377394.7437882, 0, {}]
[{"0": [2, 2, 1, 1, 2, 2, 0, 2, 1, 2, 1, 35, 37, 3, 4, 1, 2]}, null, null, 126, false, [], false, 0, [], null, 0, 1744377394.966312, 0, {}]
[{"0": [1, 3, 3, 2, 2, 1, 0, 2, 7, 2, 0, 29, 28, 21, 31, 32, 31]}, null, null, 127, false, [], false, 0, [], null, 0, 1744377395.181307, 0, {}]
[{"0": [39, 2, 3, 4, 3, 0, 2, 3, 1, 3, 0, 3, 2, 2, 1, 1, 0]}, null, null, 127, false, [], false, 0, [], null, 0, 1744377395.397572, 0, {}]
[{"0": [2, 1, 2, 2, 0, 2, 1, 3, 1, 39, 32, 27, 26, 2, 2, 1, 0]}, null, null, 128, false, [], false, 0, [], null, 0, 1744377395.6131501, 0, {}]
[{"0": [25, 36, 5, 0, 4, 3, 3, 1, 3, 3, 3, 1, 1, 0, 3, 2, 5]}, null, null, 128, false, [], false, 0, [], null, 0, 1744377395.8256612, 0, {}]
[{"0": [3, 1, 1, 0, 1, 5, 2, 3, 39, 2, 1, 2, 0, 4, 3, 2, 5]}, null, null, 129, false, [], false, 0, [], null, 0, 1744377396.0405364, 0, {}]
[{"0": [3, 0, 6, 0, 4, 22, 19, 1, 0, 3, 0, 0, 2, 0, 1, 3, 1]}, null, null, 130, false, [], false, 0, [], null, 0, 1744377396.254628, 0, {}]
[{"0": [2, 1, 2, 3, 0, 3, 1, 3, 2, 1, 0, 2, 3, 2, 30, 28, 26]}, null, null, 130, false, [], false, 0, [], null, 0, 1744377396.488671, 0, {}]
[{"0": [1, 4, 4, 1, 3, 2, 3, 3, 5, 2, 0, 1, 3, 5, 41, 3, 2]}, null, null, 131, false, [], false, 0, [], null, 0, 1744377396.691524, 0, {}]
[{"0": [27, 25, 22, 32, 23, 29, 27, 20, 22, 0, 1, 0, 2, 3, 1, 1, 3]}, null, null, 131, false, [], false, 0, [], null, 0, 1744377396.903761, 0, {}]
[{"0": [2, 31, 26, 28, 33, 35, 40, 4, 4, 3, 2, 1, 0, 0, 1, 1, 1]}, null, null, 132, false, [], false, 0, [], null, 0, 1744377397.1357973, 0, {}]
[{"0": [3, 3, 2, 3, 5, 1, 1, 2, 0, 4, 2, 4, 3, 1, 1, 1, 3]}, null, null, 133, false, [], false, 0, [], null, 0, 1744377397.355656, 0, {}]
[{"0": [2, 26, 25, 4, 3, 0, 1, 5, 1, 3, 0, 2, 1, 3, 0, 1, 0]}, null, null, 133, false, [], false, 0, [], null, 0, 1744377397.558563, 0, {}]
[{"0": [4, 0, 1, 0, 3, 1, 0, 6, 2, 1, 6, 2, 31, 29, 28, 26, 31]}, null, null, 134, false, [], false, 0, [], null, 0, 1744377397.788775, 0, {}]
[{"0": [2, 4, 1, 0, 4, 3, 1, 2, 3, 1, 1, 3, 32, 23, 28, 20, 30]}, null, null, 134, false, [], false, 0, [], null, 0, 1744377397.991419, 0, {}]
[{"0": [1, 1, 1, 3, 29, 29, 0, 0, 2, 1, 0, 0, 0, 2, 4, 3, 3]}, null, null, 135, false, [], false, 0, [], null, 0, 1744377398.2047956, 0, {}]
[{"0": [4, 2, 0, 1, 3, 1, 2, 4, 4, 4, 3, 2, 2, 32, 4, 3, 0]}, null, null, 136, false, [], false, 0, [], null, 0, 1744377398.420424, 0, {}]
[{"0": [2, 2, 0, 1, 3, 2, 3, 3, 3, 1, 23, 34, 35, 31, 2, 4, 4]}, null, null, 136, false, [], false, 0, [], null, 0, 1744377398.6554854, 0, {}]
[{"0": [2, 9, 2, 2, 5, 25, 23, 29, 28, 36, 26, 31, 28, 43, 0, 5, 2]}, null, null, 137, false, [], false, 0, [], null, 0, 1744377398.8586996, 0, {}]
[{"0": [0, 4, 1, 1, 1, 2, 0, 1, 2, 4, 1, 27, 29, 1, 2, 1, 3]}, null, null, 137, false, [], false, 0, [], null, 0, 1744377399.08113, 0, {}]
[{"0": [3, 2, 3, 6, 2, 3, 0, 2, 26, 28, 19, 31, 1, 0, 1, 5, 2]}, null, null, 138, false, [], false, 0, [], null, 0, 1744377399.2972667, 0, {}]
[{"0": [2, 1, 3, 4, 4, 3, 3, 5, 3, 1, 1, 28, 32, 33, 34, 25, 29]}, null, null, 139, false, [], false, 0, [], null, 0, 1744377399.526238, 0, {}]
[{"0": [1, 2, 1, 3, 2, 2, 3, 4, 3, 2, 1, 1, 5, 34, 31, 32, 30]}, null, null, 139, false, [], false, 0, [], null, 0, 1744377399.7289004, 0, {}]
[{"0": [2, 0, 1, 3, 4, 0, 0, 1, 2, 1, 2, 2, 36, 31, 31, 33, 32]}, null, null, 140, false, [], false, 0, [], null, 0, 1744377399.9516542, 0, {}]
[{"0": [3, 5, 4, 0, 4, 3, 8, 2, 2, 3, 2, 2, 39, 1, 1, 1, 5]}, null, null, 140, false, [], false, 0, [], null, 0, 1744377400.1595206, 0, {}]
[{"0": [3, 3, 0, 3, 2, 2, 1, 3, 29, 0, 1, 0, 1, 1, 2, 2, 2]}, null, null, 141, false, [], false, 0, [], null, 0, 1744377400.3802621, 0, {}]
[{"0": [0, 32, 3, 1, 3, 2, 2, 2, 3, 1, 6, 2, 4, 4, 1, 1, 2]}, null, null, 142, false, [], false, 0, [], null, 0, 1744377400.597597, 0, {}]
[{"0": [2, 3, 3, 3, 3, 2, 1, 1, 0, 2, 32, 34, 37, 29, 28, 28, 38]}, null, null, 142, false, [], false, 0, [], null, 0, 1744377400.815472, 0, {}]
[{"0": [3, 0, 1, 4, 2, 0, 3, 2, 3, 0, 2, 3, 1, 30, 1, 0, 0]}, null, null, 143, false, [], false, 0, [], null, 0, 1744377401.0357814, 0, {}]
[{"0": [2, 0, 0, 2, 1, 2, 1, 1, 3, 1, 1, 2, 1, 1, 0, 3, 0]}, null, null, 143, false, [], false, 0, [], null, 0, 1744377401.2447524, 0, {}]
[{"0": [2, 3, 5, 4, 1, 3, 1, 1, 4, 1, 0, 29, 38, 2, 1, 4, 2]}, null, null, 144, false, [], false, 0, [], null, 0, 1744377401.4640977, 0, {}]
[{"0": [1, 0, 0, 2, 2, 1, 2, 1, 2, 0, 3, 26, 3, 0, 1, 2, 4]}, null, null, 145, false, [], false, 0, [], null, 0, 1744377401.6832645, 0, {}]
[{"0": [2, 2, 1, 32, 32, 2, 2, 1, 2, 3, 1, 3, 3, 2, 1, 5, 6]}, null, null, 145, false, [], false, 0, [], null, 0, 1744377401.898958, 0, {}]
[{"0": [3, 0, 2, 2, 0, 2, 0, 0, 1, 0, 1, 2, 1, 2, 1, 36, 19]}, null, null, 146, false, [], false, 0, [], null, 0, 1744377402.1150572, 0, {}]
[{"0": [2, 1, 1, 2, 3, 4, 3, 2, 2, 34, 26, 33, 38, 25, 29, 33, 26]}, null, null, 146, false, [], false, 0, [], null, 0, 1744377402.324699, 0, {}]
[{"0": [0, 4, 4, 1, 3, 1, 3, 0, 2, 2, 28, 1, 2, 5, 2, 2, 1]}, null, null, 147, false, [], false, 0, [], null, 0, 1744377402.5405583, 0, {}]
[{"0": [2, 2, 4, 0, 29, 28, 1, 0, 2, 2, 3, 1, 3, 1, 1, 1, 0]}, null, null, 148, false, [], false, 0, [], null, 0, 1744377402.7652695, 0, {}]
[{"0": [3, 1, 2, 1, 1, 1, 36, 34, 25, 35, 0, 2, 3, 1, 2, 2, 3]}, null, null, 148, false, [], false, 0, [], null, 0, 1744377402.9820206, 0, {}]
[{"0": [2, 0, 2, 0, 0, 2, 5, 5, 3, 3, 3, 33, 26, 20, 27, 21, 27]}, null, null, 149, false, [], false, 0, [], null, 0, 1744377403.195461, 0, {}]
[{"0": [3, 2, 1, 4, 6, 4, 2, 3, 3, 4, 21, 30, 29, 27, 31, 27, 27]}, null, null, 149, false, [], false, 0, [], null, 0, 1744377403.411069, 0, {}]
[{"0": [5, 1, 0, 1, 1, 4, 2, 4, 1, 0, 2, 3, 0, 3, 31, 28, 30]}, null, null, 150, true, [], false, 0, [], null, 0, 1744377403.6342688, 0, {}]
