Dimension set = 13
Dimension found = 13
Cost = 1.2119279861821206
Total number of initial group guesses = 100 

Group: 
[[0, 0], [2, -1], [3, 1], [4, 1], [2, 0], [2, -2], [2, 2], [3, 2], [4, -2], [3, -1], [3, 0], [4, 0], [4, -1]] 

States: 
[[0, 0], [2, -1], [3, 0], [4, 1], [2, -2], [2, 2], [2, 0], [3, 1], [4, 0], [4, -1], [4, -2], [3, -1], [3, 2]] 

Mediators: 
[] 

Free: 
[[4, -4], [4, -3], [4, 2], [4, 3], [4, 4], [3, -3], [3, -2], [3, 3], [2, 1], [1, -1], [1, 0], [1, 1], [0, 2], [0, 1], [0, -1], [0, -2]] 

Paths: 
 Initial State Final State    Pi-Time
             0     [2, -1] 191.187914
             0      [3, 1]  44.696568
             0      [4, 1] 140.514950
             0      [2, 0] 116.688679
             0     [2, -2]  88.199919
             0      [2, 2] 128.434391
             0      [3, 2]  61.930637
             0     [4, -2]  29.888505
             0     [3, -1] 142.328654
             0      [3, 0]  61.608457
             0      [4, 0]  68.735099
             0     [4, -1]  53.387071 

########################################################################