Dimension set = 14
Dimension found = 14
Cost = 1.574496500629513
Total number of initial group guesses = 100 

Group: 
[[0, 0], [2, 2], [2, -1], [4, 0], [2, 0], [4, -2], [3, 2], [4, 1], [3, 1], [4, -1], [3, 0], [1, 1], [2, -2], [3, -1]] 

States: 
[[0, 0], [1, 1], [4, -1], [4, -2], [2, -2], [2, -1], [4, 1], [3, 1], [3, -1], [2, 0], [3, 0], [3, 2], [4, 0], [2, 2]] 

Mediators: 
[] 

Free: 
[[4, -4], [4, -3], [4, 2], [4, 3], [4, 4], [3, -3], [3, -2], [3, 3], [2, 1], [1, -1], [1, 0], [0, 2], [0, 1], [0, -1], [0, -2]] 

Paths: 
 Initial State Final State    Pi-Time
             0      [2, 2] 128.434391
             0     [2, -1] 191.187914
             0      [4, 0]  68.735099
             0      [2, 0] 116.688679
             0     [4, -2]  29.888505
             0      [3, 2]  61.930637
             0      [4, 1] 140.514950
             0      [3, 1]  44.696568
             0     [4, -1]  53.387071
             0      [3, 0]  61.608457
             0      [1, 1] 173.468877
             0     [2, -2]  88.199919
             0     [3, -1] 142.328654 

########################################################################