Dimension set = 7
Dimension found = 7
Cost = 0.19107179112674574
Total number of initial group guesses = 100 

Group: 
[[0, 1], [4, 2], [4, 1], [3, 3], [3, 2], [4, 0], [4, -1]] 

States: 
[[0, 1], [3, 3], [3, 2], [4, 1], [4, 0], [4, 2], [4, -1]] 

Mediators: 
[] 

Free: 
[[4, -4], [4, -3], [4, -2], [4, 3], [4, 4], [3, -3], [3, -2], [3, -1], [3, 0], [3, 1], [2, -2], [2, -1], [2, 0], [2, 1], [2, 2], [1, -1], [1, 0], [1, 1], [0, 2], [0, 0], [0, -1], [0, -2]] 

Paths: 
 Initial State Final State   Pi-Time
             1      [4, 2] 57.352278
             1      [4, 1] 47.082480
             1      [3, 3] 50.366466
             1      [3, 2] 61.584070
             1      [4, 0] 52.954293
             1     [4, -1] 42.365134 

########################################################################