0,0.6432160804020101
52.17391304347826,0.9202825428859738
[[-1, 4, -3], [-1, 2, 0], [-2, 2, 0], [-2, 4, -4], [-2, 3, -3], [-2, 2, 0], [2, 2, 0], [2, 4, 4], [2, 4, 3], [2, 4, 2], [2, 1, 0], [2, 2, 0], [0, 2, 0], [0, 3, -2], [0, 2, 1], [0, 1, -1], [0, 2, -1], [0, 1, 1], [0, 3, -1], [0, 4, 1], [0, 2, 2], [0, 2, -2], [0, 4, 0], [0, 3, 2], [0, 3, 0], [0, 4, -1], [0, 3, 1], [0, 4, -2], [0, 4, -2], [0, 3, 1], [0, 4, -1], [0, 3, 0], [0, 3, 2], [0, 4, 0], [0, 2, -2], [0, 2, 2], [0, 4, 1], [0, 3, -1], [0, 1, 1], [0, 2, -1], [0, 1, -1], [0, 2, 1], [0, 3, -2], [0, 2, 0], [2, 2, 0], [2, 1, 0], [2, 4, 2], [2, 4, 3], [2, 4, 4], [2, 2, 0], [-2, 2, 0], [-2, 3, -3], [-2, 4, -4], [-2, 2, 0], [-1, 2, 0], [-1, 4, -3]]
[545.8481206335698, 623.6621200739144]
[21.165523064716858, 118.7259152180165, 123.62105533643646, 18.479475816378756, 31.715909053357688, 123.62105533643646, 64.99540251866541, 36.6941079586046, 28.130956731383716, 37.559990499075184, 108.170923733956, 64.99540251866541, 95.63697556830819, 571.4690673089276, 274.1489729326471, 180.84817305860437, 147.82372902952324, 137.0744724008452, 109.95943727889974, 111.03235173059363, 109.0510359716372, 74.4173480584043, 56.339985748612776, 52.57135491942914, 50.48269303023449, 41.26147791705581, 35.31191792524731, 25.229363070972525, 25.229363070972525, 35.31191792524731, 41.26147791705581, 50.48269303023449, 52.57135491942914, 56.339985748612776, 74.4173480584043, 109.0510359716372, 111.03235173059363, 109.95943727889974, 137.0744724008452, 147.82372902952324, 180.84817305860437, 274.1489729326471, 571.4690673089276, 95.63697556830819, 64.99540251866541, 108.170923733956, 37.559990499075184, 28.130956731383716, 36.6941079586046, 64.99540251866541, 123.62105533643646, 31.715909053357688, 18.479475816378756, 123.62105533643646, 118.7259152180165, 21.165523064716858]
[2.8303730498657904, 118.7259152180165, 123.62105533643647, 2.52757930900893, 4.4417717083753026, 123.62105533643647, 64.99540251866541, 5.268037059281421, 4.145464054799828, 5.689513169538258, 16.870149129781257, 64.99540251866541, 95.63697556830819, 91.9272265094112, 45.57945212343364, 31.14880619561194, 26.447494445290452, 25.554725171150082, 21.44013618485889, 22.743063576024106, 23.592853131372543, 17.119968119292245, 13.90198807436717, 14.074427994830838, 14.90083693227664, 13.753825972351937, 13.836147046237448, 12.614681535486264, 12.614681535486264, 13.836147046237448, 13.753825972351937, 14.90083693227664, 14.074427994830838, 13.90198807436717, 17.119968119292245, 23.592853131372543, 22.743063576024106, 21.44013618485889, 25.554725171150082, 26.447494445290452, 31.14880619561194, 45.57945212343364, 91.9272265094112, 95.63697556830819, 64.99540251866541, 16.870149129781257, 5.689513169538258, 4.145464054799828, 5.268037059281421, 64.99540251866541, 123.62105533643647, 4.4417717083753026, 2.52757930900893, 123.62105533643647, 118.7259152180165, 2.8303730498657904]
[0.043478260869565216, 1, 1, 0.04545454545, 0.04761904762, 1, 1, 0.05, 0.05263157894736842, 0.05555555555555555, 0.058823529411764705, 1, 1, 0.0625, 0.06666666666666667, 0.07142857142857142, 0.07692307692307693, 0.08333333333333333, 0.09090909090909091, 0.1, 0.1111111111111111, 0.125, 0.14285714285714285, 0.16666666666666666, 0.2, 0.25, 0.3333333333333333, 0.5]
[0.5, 0.3333333333333333, 0.25, 0.2, 0.16666666666666666, 0.14285714285714285, 0.125, 0.1111111111111111, 0.1, 0.09090909090909091, 0.08333333333333333, 0.07692307692307693, 0.07142857142857142, 0.06666666666666667, 0.0625, 1, 1, 0.058823529411764705, 0.05555555555555555, 0.05263157894736842, 0.05, 1, 1, 0.04761904762, 0.04545454545, 1, 1, 0.043478260869565216]
[[-1, 4, -3], [-2, 4, -4], [-2, 3, -3], [2, 4, 4], [2, 4, 3], [2, 4, 2], [2, 1, 0], [-2, 3, -2], [2, 2, 1], [-2, 1, -1], [1, 2, -1], [0, 1, 1], [-1, 3, -1], [1, 4, 1], [1, 2, 2], [0, 2, -2], [1, 4, 0], [1, 3, 2], [-1, 3, 0], [1, 4, -1], [0, 3, 1], [0, 4, -2]]
[0.0, 0.0, 3.141592653589793, 0.0, 0.0, 0.0, 3.141592653589793, 0.0, 0.0, 0.0, 0.0, 0.0, 3.141592653589793, 0.0, 0.0, 0.0, 0.0, 0.0, 0.0, 0.0, 0.0, 0.0, 0.0, 0.0, 0.0, 0.0, 0.0, 0.0, 75.26163270121634, 71.98344906268785, 68.70526542415939, 65.4270817856309, 62.14889814710243, 58.87071450857394, 55.592530870045465, 52.314347231516976, 49.0361635929885, 45.757979954460026, 42.47979631593155, 39.20161267740306, 35.92342903887459, 32.64524540034611, 29.367061761817627, 22.947285469699356, 3.141592653589793, 3.141592653589793, 22.81069448476067, 19.532510846232192, 16.25432720770371, 0.0, 3.141592653589793, 12.976143569175232, 9.697959930646752, 0.0, 3.141592653589793, 6.419776292118272]
['Z:\\Lab Data\\Qudit_Ramsey_raw_data\\Raw_data_copied\\2025\\2025_05\\2025_05_23\\qudit_ramsey_scan_unbused_018', 'Z:\\Lab Data\\Qudit_Ramsey_raw_data\\Raw_data_copied\\2025\\2025_05\\2025_05_23\\qudit_ramsey_scan_unbused_019']
