0,0.016210739614994935
57.142857142857146,0.9949647532729103
[[1, 3, 2], [1, 4, 2], [1, 4, 0], [1, 3, 3], [1, 4, 1], [1, 4, -1], [1, 4, -1], [1, 4, 1], [1, 3, 3], [1, 4, 0], [1, 4, 2], [1, 3, 2]]
[545.8550256966435, 623.6580465664753]
[53.42643082438648, 49.7341156235466, 44.068253312777, 48.20567406791791, 42.618052207786114, 38.636147279641506, 38.636147279641506, 42.618052207786114, 48.20567406791791, 44.068253312777, 49.7341156235466, 53.42643082438648]
[13.183063401731712, 13.314840949086937, 13.007504494870641, 16.068558022639305, 16.698884450837244, 19.318073639820756, 19.318073639820756, 16.698884450837244, 16.068558022639305, 13.007504494870641, 13.314840949086937, 13.183063401731712]
[0.14285714285714285, 0.16666666666666666, 0.2, 0.25, 0.3333333333333333, 0.5]
[0.5, 0.3333333333333333, 0.25, 0.2, 0.16666666666666666, 0.14285714285714285]
[[1, 3, 2], [2, 4, 2], [1, 4, 0], [1, 3, 3], [1, 4, 1], [1, 4, -1]]
[0.0, 0.0, 0.0, 0.0, 0.0, 0.0, 24.68394227820552, 21.093550674102897, 17.503159070000276, 13.912767465897657, 10.322375861795035, 6.731984257692414]
['Z:\\Lab Data\\Qudit_Ramsey_raw_data\\Raw_data_copied\\2025\\2025_04\\2025_04_18\\qudit_ramsey_scan_unbused_063', 'Z:\\Lab Data\\Qudit_Ramsey_raw_data\\Raw_data_copied\\2025\\2025_04\\2025_04_18\\qudit_ramsey_scan_unbused_064']
