0,0.1396534148827727
52.94117647058823,0.9948979591836735
[[0, 3, -2], [0, 2, 1], [0, 1, -1], [0, 2, -1], [0, 1, 1], [0, 3, -1], [0, 4, 1], [0, 2, 2], [0, 2, 0], [0, 2, -2], [0, 4, 0], [0, 3, 2], [0, 3, 0], [0, 4, -1], [0, 3, 1], [0, 4, -2], [0, 4, -2], [0, 3, 1], [0, 4, -1], [0, 3, 0], [0, 3, 2], [0, 4, 0], [0, 2, -2], [0, 2, 0], [0, 2, 2], [0, 4, 1], [0, 3, -1], [0, 1, 1], [0, 2, -1], [0, 1, -1], [0, 2, 1], [0, 3, -2]]
[545.8550234290533, 623.6545015979249]
[602.6198877433212, 292.0383739080716, 191.70735995415365, 156.6999342683146, 146.01917197072444, 116.56204796689414, 118.27769078878868, 119.98403434289669, 102.23809465613817, 78.47384311506141, 60.22872180622268, 57.84193793212525, 53.96714312484175, 43.73905948567188, 37.61617262377295, 26.60461748745196, 26.60461748745196, 37.61617262377295, 43.73905948567188, 53.96714312484175, 57.84193793212525, 60.22872180622268, 78.47384311506141, 102.23809465613817, 119.98403434289669, 118.27769078878868, 116.56204796689414, 146.01917197072444, 156.6999342683146, 191.70735995415365, 292.0383739080716, 602.6198877433212]
[93.98354958866422, 46.97765685570296, 31.87287678399195, 26.98957805787263, 26.124636856037924, 21.73060416727182, 23.062047795954612, 24.576661474211303, 22.118894425551225, 18.05317882698278, 14.8615403635437, 15.48547097092797, 15.929332433245706, 14.579686495223962, 14.739015219761077, 13.302308743725982, 13.302308743725982, 14.739015219761077, 14.579686495223962, 15.929332433245706, 15.48547097092797, 14.8615403635437, 18.05317882698278, 22.118894425551225, 24.576661474211303, 23.062047795954612, 21.73060416727182, 26.124636856037924, 26.98957805787263, 31.87287678399195, 46.97765685570296, 93.98354958866422]
[0.058823529411764705, 0.0625, 0.06666666666666667, 0.07142857142857142, 0.07692307692307693, 0.08333333333333333, 0.09090909090909091, 0.1, 0.1111111111111111, 0.125, 0.14285714285714285, 0.16666666666666666, 0.2, 0.25, 0.3333333333333333, 0.5]
[0.5, 0.3333333333333333, 0.25, 0.2, 0.16666666666666666, 0.14285714285714285, 0.125, 0.1111111111111111, 0.1, 0.09090909090909091, 0.08333333333333333, 0.07692307692307693, 0.07142857142857142, 0.06666666666666667, 0.0625, 0.058823529411764705]
[[-2, 3, -2], [2, 2, 1], [-2, 1, -1], [1, 2, -1], [0, 1, 1], [-1, 3, -1], [1, 4, 1], [1, 2, 2], [2, 2, 0], [0, 2, -2], [1, 4, 0], [1, 3, 2], [-1, 3, 0], [1, 4, -1], [0, 3, 1], [0, 4, -2]]
[0.0, 0.0, 0.0, 0.0, 0.0, 0.0, 0.0, 0.0, 0.0, 0.0, 0.0, 0.0, 0.0, 0.0, 0.0, 0.0, 56.36386819675805, 53.03747597531003, 49.71108375386201, 46.384691532413996, 43.05829931096598, 39.731907089517975, 36.40551486806996, 33.07912264662193, 29.75273042517392, 26.426338203725905, 23.099945982277887, 19.773553760829873, 16.447161539381856, 13.12076931793384, 9.794377096485825, 6.467984875037809]
['Z:\\Lab Data\\Qudit_Ramsey_raw_data\\Raw_data_copied\\2025\\2025_04\\2025_04_17\\qudit_ramsey_scan_unbused_069', 'Z:\\Lab Data\\Qudit_Ramsey_raw_data\\Raw_data_copied\\2025\\2025_04\\2025_04_17\\qudit_ramsey_scan_unbused_070']
