0,0.024415055951169887
50.0,0.9928352098259979
[[-2, 3, -2], [-2, 3, -3], [-2, 4, -4], [-2, 4, -4], [-2, 3, -3], [-2, 3, -2]]
[545.8554681428687, 623.6597042952175]
[41.92629736630411, 33.62031858179151, 19.486793387544065, 19.486793387544065, 33.62031858179151, 41.92629736630411]
[13.975432455434705, 13.173333508073926, 9.743396693772034, 9.743396693772034, 13.173333508073926, 13.975432455434705]
[0.25, 0.3333333333333333, 0.5]
[0.5, 0.3333333333333333, 0.25]
[[-2, 3, -2], [-2, 3, -3], [-2, 4, -4]]
[0.0, 0.0, 0.0, 12.566370614359172, 9.42477796076938, 6.283185307179586]
['Z:\\Lab Data\\Qudit_Ramsey_raw_data\\Raw_data_copied\\2025\\2025_04\\2025_04_17\\qudit_ramsey_scan_unbused_167', 'Z:\\Lab Data\\Qudit_Ramsey_raw_data\\Raw_data_copied\\2025\\2025_04\\2025_04_17\\qudit_ramsey_scan_unbused_168']
