0,0.006103763987792472
50.0,0.9929221435793731
[[-2, 3, -2], [-2, 3, -3], [-2, 4, -4], [-2, 4, -4], [-2, 3, -3], [-2, 3, -2]]
[545.855340418461, 623.6580220510137]
[43.32170310671404, 34.15288521771448, 19.966330474501635, 19.966330474501635, 34.15288521771448, 43.32170310671404]
[14.440567702238015, 13.382007256754163, 9.98316523725082, 9.98316523725082, 13.382007256754163, 14.440567702238015]
[0.25, 0.3333333333333333, 0.5]
[0.5, 0.3333333333333333, 0.25]
[[-2, 3, -2], [-2, 3, -3], [-2, 4, -4]]
[0.0, 0.0, 0.0, 12.566370614359172, 9.42477796076938, 6.283185307179586]
['Z:\\Lab Data\\Qudit_Ramsey_raw_data\\Raw_data_copied\\2025\\2025_04\\2025_04_18\\qudit_ramsey_scan_unbused_057', 'Z:\\Lab Data\\Qudit_Ramsey_raw_data\\Raw_data_copied\\2025\\2025_04\\2025_04_18\\qudit_ramsey_scan_unbused_058']
