0,0.05476673427991886
50.0,0.9919191919191919
[[1, 3, 1], [1, 2, 2], [1, 2, -1], [1, 3, 2], [1, 4, 2], [1, 4, 0], [1, 3, 3], [1, 4, 1], [1, 4, -1], [1, 4, -1], [1, 4, 1], [1, 3, 3], [1, 4, 0], [1, 4, 2], [1, 3, 2], [1, 2, -1], [1, 2, 2], [1, 3, 1]]
[545.8550182212649, 623.6547436809091]
[134.80171676022135, 75.6932618726886, 59.698785369204, 51.84669248796514, 48.26355343426656, 43.38107033341297, 47.04670762456779, 41.24531128508176, 37.708211846467954, 37.708211846467954, 41.24531128508176, 47.04670762456779, 43.38107033341297, 48.26355343426656, 51.84669248796514, 59.698785369204, 75.6932618726886, 134.80171676022135]
[27.611808330185657, 16.376002249637796, 13.73391190289559, 12.793260258870768, 12.921141344489271, 12.804670594705946, 15.68223587485593, 16.161008108262685, 18.85410592323398, 18.85410592323398, 16.161008108262685, 15.68223587485593, 12.804670594705946, 12.921141344489271, 12.793260258870768, 13.73391190289559, 16.376002249637796, 27.611808330185657]
[0.1, 0.1111111111111111, 0.125, 0.14285714285714285, 0.16666666666666666, 0.2, 0.25, 0.3333333333333333, 0.5]
[0.5, 0.3333333333333333, 0.25, 0.2, 0.16666666666666666, 0.14285714285714285, 0.125, 0.1111111111111111, 0.1]
[[0, 3, 1], [1, 2, 2], [1, 2, -1], [1, 3, 2], [2, 4, 2], [1, 4, 0], [1, 3, 3], [1, 4, 1], [1, 4, -1]]
[0.0, 0.0, 0.0, 0.0, 0.0, 0.0, 0.0, 0.0, 0.0, 31.41592653589793, 28.274333882308138, 25.13274122871835, 21.991148575128552, 18.84955592153876, 15.707963267948966, 12.566370614359172, 9.42477796076938, 6.283185307179586]
['Z:\\Lab Data\\Qudit_Ramsey_raw_data\\Raw_data_copied\\2025\\2025_04\\2025_04_17\\qudit_ramsey_scan_unbused_055', 'Z:\\Lab Data\\Qudit_Ramsey_raw_data\\Raw_data_copied\\2025\\2025_04\\2025_04_17\\qudit_ramsey_scan_unbused_056']
