0,0.027245206861755803
57.142857142857146,0.993933265925177
[[1, 3, 2], [1, 4, 2], [1, 4, 0], [1, 3, 3], [1, 4, 1], [1, 4, -1], [1, 4, -1], [1, 4, 1], [1, 3, 3], [1, 4, 0], [1, 4, 2], [1, 3, 2]]
[545.8553190301252, 623.6597743303157]
[51.84669248796514, 48.26355343426656, 43.38107033341297, 47.04670762456779, 41.24531128508176, 37.708211846467954, 37.708211846467954, 41.24531128508176, 47.04670762456779, 43.38107033341297, 48.26355343426656, 51.84669248796514]
[12.793260258870768, 12.921141344489271, 12.804670594705946, 15.68223587485593, 16.161008108262685, 18.85410592323398, 18.85410592323398, 16.161008108262685, 15.68223587485593, 12.804670594705946, 12.921141344489271, 12.793260258870768]
[0.14285714285714285, 0.16666666666666666, 0.2, 0.25, 0.3333333333333333, 0.5]
[0.5, 0.3333333333333333, 0.25, 0.2, 0.16666666666666666, 0.14285714285714285]
[[1, 3, 2], [2, 4, 2], [1, 4, 0], [1, 3, 3], [1, 4, 1], [1, 4, -1]]
[0.0, 0.0, 0.0, 0.0, 0.0, 0.0, 24.68394227820552, 21.093550674102897, 17.503159070000276, 13.912767465897657, 10.322375861795035, 6.731984257692414]
['Z:\\Lab Data\\Qudit_Ramsey_raw_data\\Raw_data_copied\\2025\\2025_04\\2025_04_17\\qudit_ramsey_scan_unbused_173', 'Z:\\Lab Data\\Qudit_Ramsey_raw_data\\Raw_data_copied\\2025\\2025_04\\2025_04_17\\qudit_ramsey_scan_unbused_174']
