0,0.012145748987854251
60.0,0.996969696969697
[[-2, 3, -1], [-2, 3, -2], [-2, 3, -3], [-2, 4, -4], [-2, 4, -4], [-2, 3, -3], [-2, 3, -2], [-2, 3, -1]]
[545.8552595764039, 623.658168904752]
[60.539536127497314, 43.32170310671404, 34.15288521771448, 19.966330474501635, 19.966330474501635, 34.15288521771448, 43.32170310671404, 60.539536127497314]
[17.86928750515031, 14.440567702238015, 13.382007256754163, 9.98316523725082, 9.98316523725082, 13.382007256754163, 14.440567702238015, 17.86928750515031]
[0.2, 0.25, 0.3333333333333333, 0.5]
[0.5, 0.3333333333333333, 0.25, 0.2]
[[-1, 3, -1], [-2, 3, -2], [-2, 3, -3], [-2, 4, -4]]
[0.0, 0.0, 0.0, 0.0, 18.221237390820797, 14.451326206513047, 10.681415022205297, 6.911503837897545]
['Z:\\Lab Data\\Qudit_Ramsey_raw_data\\Raw_data_copied\\2025\\2025_04\\2025_04_18\\qudit_ramsey_scan_unbused_059', 'Z:\\Lab Data\\Qudit_Ramsey_raw_data\\Raw_data_copied\\2025\\2025_04\\2025_04_18\\qudit_ramsey_scan_unbused_060']
