0,0.027300303336703743
54.54545454545455,0.9959595959595959
[[1, 4, 3], [1, 3, 1], [1, 2, 2], [1, 2, -1], [1, 3, 2], [1, 4, 2], [1, 4, 0], [1, 3, 3], [1, 4, 1], [1, 4, -1], [1, 4, -1], [1, 4, 1], [1, 3, 3], [1, 4, 0], [1, 4, 2], [1, 3, 2], [1, 2, -1], [1, 2, 2], [1, 3, 1], [1, 4, 3]]
[545.8551412379096, 623.6566942586356]
[163.771193334461, 139.28823479783617, 77.99959120347131, 61.16787169148996, 53.42643082438648, 49.7341156235466, 44.068253312777, 48.20567406791791, 42.618052207786114, 38.636147279641506, 38.636147279641506, 42.618052207786114, 48.20567406791791, 44.068253312777, 49.7341156235466, 53.42643082438648, 61.16787169148996, 77.99959120347131, 139.28823479783617, 163.771193334461]
[31.932472329243918, 28.53079422370283, 16.874969441365213, 14.0718802887387, 13.183063401731712, 13.314840949086937, 13.007504494870641, 16.068558022639305, 16.698884450837244, 19.318073639820756, 19.318073639820756, 16.698884450837244, 16.068558022639305, 13.007504494870641, 13.314840949086937, 13.183063401731712, 14.0718802887387, 16.874969441365213, 28.53079422370283, 31.932472329243918]
[0.09090909090909091, 0.1, 0.1111111111111111, 0.125, 0.14285714285714285, 0.16666666666666666, 0.2, 0.25, 0.3333333333333333, 0.5]
[0.5, 0.3333333333333333, 0.25, 0.2, 0.16666666666666666, 0.14285714285714285, 0.125, 0.1111111111111111, 0.1, 0.09090909090909091]
[[2, 4, 3], [0, 3, 1], [1, 2, 2], [1, 2, -1], [1, 3, 2], [2, 4, 2], [1, 4, 0], [1, 3, 3], [1, 4, 1], [1, 4, -1]]
[0.0, 0.0, 0.0, 0.0, 0.0, 0.0, 0.0, 0.0, 0.0, 0.0, 37.41351251093299, 33.98632052519867, 30.55912853946435, 27.131936553730032, 23.70474456799571, 20.277552582261393, 16.85036059652707, 13.423168610792752, 9.995976625058432, 6.568784639324113]
['Z:\\Lab Data\\Qudit_Ramsey_raw_data\\Raw_data_copied\\2025\\2025_04\\2025_04_18\\qudit_ramsey_scan_unbused_035', 'Z:\\Lab Data\\Qudit_Ramsey_raw_data\\Raw_data_copied\\2025\\2025_04\\2025_04_18\\qudit_ramsey_scan_unbused_036']
