0,0.011088709677419355
66.66666666666667,0.9939455095862765
[[-2, 3, -3], [-2, 4, -4], [-2, 4, -4], [-2, 3, -3]]
[545.8556963873705, 623.6600059529508]
[33.62031858179151, 19.486793387544065, 19.486793387544065, 33.62031858179151]
[13.173333508073926, 9.743396693772034, 9.743396693772034, 13.173333508073926]
[0.3333333333333333, 0.5]
[0.5, 0.3333333333333333]
[[-2, 3, -3], [-2, 4, -4]]
[0.0, 0.0, 11.519173063162576, 7.3303828583761845]
['Z:\\Lab Data\\Qudit_Ramsey_raw_data\\Raw_data_copied\\2025\\2025_04\\2025_04_17\\qudit_ramsey_scan_unbused_165', 'Z:\\Lab Data\\Qudit_Ramsey_raw_data\\Raw_data_copied\\2025\\2025_04\\2025_04_17\\qudit_ramsey_scan_unbused_166']
