0,0.3062966915688367
52.63157894736842,0.9914529914529915
[[-2, 4, -4], [-2, 3, -3], [-2, 1, 0], [-2, 2, -2], [0, 2, -2], [0, 3, -2], [0, 2, 1], [0, 1, -1], [0, 2, -1], [0, 1, 1], [0, 3, -1], [0, 4, 1], [0, 2, 2], [0, 2, 0], [0, 4, 0], [0, 3, 2], [0, 3, 0], [0, 4, -1], [0, 3, 1], [0, 4, -2], [0, 4, -2], [0, 3, 1], [0, 4, -1], [0, 3, 0], [0, 3, 2], [0, 4, 0], [0, 2, 0], [0, 2, 2], [0, 4, 1], [0, 3, -1], [0, 1, 1], [0, 2, -1], [0, 1, -1], [0, 2, 1], [0, 3, -2], [0, 2, -2], [-2, 2, -2], [-2, 1, 0], [-2, 3, -3], [-2, 4, -4]]
[545.8485211405979, 623.6582403287697]
[18.952844163665567, 31.589569494312524, 159.0805191502945, 77.59345099237791, 76.32361517387366, 586.1077600189124, 273.2972648998875, 180.1277687214653, 147.2348767689564, 136.6486184281631, 109.52141651161546, 110.68740370889024, 108.60165739471311, 93.29789819339025, 54.96202931299072, 52.35471836526739, 49.24799353884784, 41.09711381458526, 35.202213176667165, 25.875635834262706, 25.875635834262706, 35.202213176667165, 41.09711381458526, 49.24799353884784, 52.35471836526739, 54.96202931299072, 93.29789819339025, 108.60165739471311, 110.68740370889024, 109.52141651161546, 136.6486184281631, 147.2348767689564, 180.1277687214653, 273.2972648998875, 586.1077600189124, 76.32361517387366, 77.59345099237791, 159.0805191502945, 31.589569494312524, 18.952844163665567]
[2.792949239762087, 4.785125588952438, 24.809921086640824, 77.59345099237791, 76.32361517387366, 94.28202486602105, 45.43784887361279, 31.024725677127787, 26.34214148881533, 25.475333428513206, 21.354729919287053, 22.672406919061107, 23.49563147115363, 21.463503932097307, 13.561974961469161, 14.016429954124623, 14.536394096976656, 13.69903793819509, 13.793161812859907, 12.937817917131355, 12.937817917131355, 13.793161812859907, 13.69903793819509, 14.536394096976656, 14.016429954124623, 13.561974961469161, 21.463503932097307, 23.49563147115363, 22.672406919061107, 21.354729919287053, 25.475333428513206, 26.34214148881533, 31.024725677127787, 45.43784887361279, 94.28202486602105, 76.32361517387366, 77.59345099237791, 24.809921086640824, 4.785125588952438, 2.792949239762087]
[0.05263157894736842, 0.05555555555555555, 0.058823529411764705, 1, 1, 0.0625, 0.06666666666666667, 0.07142857142857142, 0.07692307692307693, 0.08333333333333333, 0.09090909090909091, 0.1, 0.1111111111111111, 0.125, 0.14285714285714285, 0.16666666666666666, 0.2, 0.25, 0.3333333333333333, 0.5]
[0.5, 0.3333333333333333, 0.25, 0.2, 0.16666666666666666, 0.14285714285714285, 0.125, 0.1111111111111111, 0.1, 0.09090909090909091, 0.08333333333333333, 0.07692307692307693, 0.07142857142857142, 0.06666666666666667, 0.0625, 1, 1, 0.058823529411764705, 0.05555555555555555, 0.05263157894736842]
[[-2, 4, -4], [-2, 3, -3], [-2, 1, 0], [-2, 3, -2], [2, 2, 1], [-2, 1, -1], [1, 2, -1], [0, 1, 1], [-1, 3, -1], [1, 4, 1], [1, 2, 2], [2, 2, 0], [0, 2, -2], [1, 4, 0], [1, 3, 2], [-1, 3, 0], [1, 4, -1], [0, 3, 1], [0, 4, -2]]
[0.0, 0.0, 0.0, 0.0, 3.141592653589793, 0.0, 0.0, 0.0, 0.0, 0.0, 0.0, 0.0, 0.0, 0.0, 0.0, 0.0, 0.0, 0.0, 0.0, 0.0, 62.66650609002798, 59.3595664546703, 56.05262681931262, 52.74568718395494, 49.43874754859728, 46.1318079132396, 42.82486827788192, 39.51792864252424, 36.21098900716656, 32.90404937180888, 29.59710973645121, 26.290170101093533, 22.983230465735854, 19.676290830378175, 16.3693511950205, 0.0, 3.141592653589793, 13.062411559662824, 9.755471924305148, 6.4485322889474705]
['Z:\\Lab Data\\Qudit_Ramsey_raw_data\\Raw_data_copied\\2025\\2025_05\\2025_05_21\\qudit_ramsey_scan_unbused_020', 'Z:\\Lab Data\\Qudit_Ramsey_raw_data\\Raw_data_copied\\2025\\2025_05\\2025_05_21\\qudit_ramsey_scan_unbused_021']
