0,0.2509090909090909
52.94117647058823,1.0
[[0, 3, -2], [0, 2, 1], [0, 1, -1], [0, 2, -1], [0, 1, 1], [0, 3, -1], [0, 4, 1], [0, 2, 2], [0, 2, 0], [0, 2, -2], [0, 4, 0], [0, 3, 2], [0, 3, 0], [0, 4, -1], [0, 3, 1], [0, 4, -2], [0, 4, -2], [0, 3, 1], [0, 4, -1], [0, 3, 0], [0, 3, 2], [0, 4, 0], [0, 2, -2], [0, 2, 0], [0, 2, 2], [0, 4, 1], [0, 3, -1], [0, 1, 1], [0, 2, -1], [0, 1, -1], [0, 2, 1], [0, 3, -2]]
[545.8547966620573, 623.6563429886355]
[587.6323679234001, 284.75910673823716, 189.86846579332848, 155.196838121163, 142.37953875927704, 115.44396220622535, 115.3295340107562, 118.19702689654748, 100.42308499242358, 76.52215133894579, 59.159494993270634, 56.980456866231286, 53.00907669545357, 43.31950594788689, 36.6785623817667, 25.94294461537369, 25.94294461537369, 36.6785623817667, 43.31950594788689, 53.00907669545357, 56.980456866231286, 59.159494993270634, 76.52215133894579, 100.42308499242358, 118.19702689654748, 115.3295340107562, 115.44396220622535, 142.37953875927704, 155.196838121163, 189.86846579332848, 284.75910673823716, 587.6323679234001]
[91.64612206452216, 45.80670486508165, 31.567145971044553, 26.730688792976252, 25.473461433968676, 21.522159999432066, 22.487209615808155, 24.21062379843766, 21.72622271870767, 17.604185388523224, 14.597706814334487, 15.254834852657533, 15.646542614048625, 14.439835315962297, 14.371634631487188, 12.971472307686847, 12.971472307686847, 14.371634631487188, 14.439835315962297, 15.646542614048625, 15.254834852657533, 14.597706814334487, 17.604185388523224, 21.72622271870767, 24.21062379843766, 22.487209615808155, 21.522159999432066, 25.473461433968676, 26.730688792976252, 31.567145971044553, 45.80670486508165, 91.64612206452216]
[0.058823529411764705, 0.0625, 0.06666666666666667, 0.07142857142857142, 0.07692307692307693, 0.08333333333333333, 0.09090909090909091, 0.1, 0.1111111111111111, 0.125, 0.14285714285714285, 0.16666666666666666, 0.2, 0.25, 0.3333333333333333, 0.5]
[0.5, 0.3333333333333333, 0.25, 0.2, 0.16666666666666666, 0.14285714285714285, 0.125, 0.1111111111111111, 0.1, 0.09090909090909091, 0.08333333333333333, 0.07692307692307693, 0.07142857142857142, 0.06666666666666667, 0.0625, 0.058823529411764705]
[[-2, 3, -2], [2, 2, 1], [-2, 1, -1], [1, 2, -1], [0, 1, 1], [-1, 3, -1], [1, 4, 1], [1, 2, 2], [2, 2, 0], [0, 2, -2], [1, 4, 0], [1, 3, 2], [-1, 3, 0], [1, 4, -1], [0, 3, 1], [0, 4, -2]]
[0.0, 0.0, 0.0, 0.0, 0.0, 0.0, 0.0, 0.0, 0.0, 0.0, 0.0, 0.0, 0.0, 0.0, 0.0, 0.0, 56.36386819675805, 53.03747597531003, 49.71108375386201, 46.384691532413996, 43.05829931096598, 39.731907089517975, 36.40551486806996, 33.07912264662193, 29.75273042517392, 26.426338203725905, 23.099945982277887, 19.773553760829873, 16.447161539381856, 13.12076931793384, 9.794377096485825, 6.467984875037809]
['Z:\\Lab Data\\Qudit_Ramsey_raw_data\\Raw_data_copied\\2025\\2025_04\\2025_04_15\\qudit_ramsey_scan_unbused_059', 'Z:\\Lab Data\\Qudit_Ramsey_raw_data\\Raw_data_copied\\2025\\2025_04\\2025_04_15\\qudit_ramsey_scan_unbused_060']
