0,0.0471311475409836
57.142857142857146,0.9939086294416244
[[1, 3, 2], [1, 4, 2], [1, 4, 0], [1, 3, 3], [1, 4, 1], [1, 4, -1], [1, 4, -1], [1, 4, 1], [1, 3, 3], [1, 4, 0], [1, 4, 2], [1, 3, 2]]
[545.8549252157712, 623.6575883885297]
[53.842809637122514, 50.12171838300993, 44.88841589176231, 49.74770148507117, 43.12887178169343, 39.03147948390718, 39.03147948390718, 43.12887178169343, 49.74770148507117, 44.88841589176231, 50.12171838300993, 53.842809637122514]
[13.285805587626179, 13.418610143109518, 13.249589615806961, 16.582567161690392, 16.89903712319109, 19.515739741953592, 19.515739741953592, 16.89903712319109, 16.582567161690392, 13.249589615806961, 13.418610143109518, 13.285805587626179]
[0.14285714285714285, 0.16666666666666666, 0.2, 0.25, 0.3333333333333333, 0.5]
[0.5, 0.3333333333333333, 0.25, 0.2, 0.16666666666666666, 0.14285714285714285]
[[1, 3, 2], [2, 4, 2], [1, 4, 0], [1, 3, 3], [1, 4, 1], [1, 4, -1]]
[0.0, 0.0, 0.0, 0.0, 0.0, 0.0, 24.68394227820552, 21.093550674102897, 17.503159070000276, 13.912767465897657, 10.322375861795035, 6.731984257692414]
['Z:\\Lab Data\\Qudit_Ramsey_raw_data\\Raw_data_copied\\2025\\2025_04\\2025_04_18\\qudit_ramsey_scan_unbused_003', 'Z:\\Lab Data\\Qudit_Ramsey_raw_data\\Raw_data_copied\\2025\\2025_04\\2025_04_18\\qudit_ramsey_scan_unbused_004']
