0,0.052525252525252523
54.54545454545455,0.9949135300101729
[[1, 4, 3], [1, 3, 1], [1, 2, 2], [1, 2, -1], [1, 3, 2], [1, 4, 2], [1, 4, 0], [1, 3, 3], [1, 4, 1], [1, 4, -1], [1, 4, -1], [1, 4, 1], [1, 3, 3], [1, 4, 0], [1, 4, 2], [1, 3, 2], [1, 2, -1], [1, 2, 2], [1, 3, 1], [1, 4, 3]]
[545.8550884932355, 623.6560730334635]
[158.28176203648775, 134.104465744684, 73.80007469689598, 59.452680470761464, 50.54993910599872, 47.05641903208401, 43.537023053697844, 46.58987259159903, 41.031973236644056, 37.552761855491894, 37.552761855491894, 41.031973236644056, 46.58987259159903, 43.537023053697844, 47.05641903208401, 50.54993910599872, 59.452680470761464, 73.80007469689598, 134.104465744684, 158.28176203648775]
[30.862130778591425, 27.468988476983863, 15.966417080723948, 13.677294620430335, 12.473284138679146, 12.597966751602328, 12.850702727990083, 15.529957530533013, 16.077416596326398, 18.77638092774595, 18.77638092774595, 16.077416596326398, 15.529957530533013, 12.850702727990083, 12.597966751602328, 12.473284138679146, 13.677294620430335, 15.966417080723948, 27.468988476983863, 30.862130778591425]
[0.09090909090909091, 0.1, 0.1111111111111111, 0.125, 0.14285714285714285, 0.16666666666666666, 0.2, 0.25, 0.3333333333333333, 0.5]
[0.5, 0.3333333333333333, 0.25, 0.2, 0.16666666666666666, 0.14285714285714285, 0.125, 0.1111111111111111, 0.1, 0.09090909090909091]
[[2, 4, 3], [0, 3, 1], [1, 2, 2], [1, 2, -1], [1, 3, 2], [2, 4, 2], [1, 4, 0], [1, 3, 3], [1, 4, 1], [1, 4, -1]]
[0.0, 0.0, 0.0, 0.0, 0.0, 0.0, 0.0, 0.0, 0.0, 0.0, 37.41351251093299, 33.98632052519867, 30.55912853946435, 27.131936553730032, 23.70474456799571, 20.277552582261393, 16.85036059652707, 13.423168610792752, 9.995976625058432, 6.568784639324113]
['Z:\\Lab Data\\Qudit_Ramsey_raw_data\\Raw_data_copied\\2025\\2025_04\\2025_04_16\\qudit_ramsey_scan_unbused_161', 'Z:\\Lab Data\\Qudit_Ramsey_raw_data\\Raw_data_copied\\2025\\2025_04\\2025_04_16\\qudit_ramsey_scan_unbused_162']
