0,0.44386694386694386
50.0,0.983957219251337
[[2, 4, 4], [2, 4, 3], [2, 4, 2], [2, 1, 0], [2, 2, 0], [0, 2, 0], [0, 3, -2], [0, 2, 1], [0, 1, -1], [0, 2, -1], [0, 1, 1], [0, 3, -1], [0, 4, 1], [0, 2, 2], [0, 2, -2], [0, 4, 0], [0, 3, 2], [0, 3, 0], [0, 4, -1], [0, 3, 1], [0, 4, -2], [0, 4, -2], [0, 3, 1], [0, 4, -1], [0, 3, 0], [0, 3, 2], [0, 4, 0], [0, 2, -2], [0, 2, 2], [0, 4, 1], [0, 3, -1], [0, 1, 1], [0, 2, -1], [0, 1, -1], [0, 2, 1], [0, 3, -2], [0, 2, 0], [2, 2, 0], [2, 1, 0], [2, 4, 2], [2, 4, 3], [2, 4, 4]]
[545.8483772466541, 623.6619237273255]
[36.42916296445389, 27.595679600004623, 37.86486081907111, 109.0050267688321, 65.49658029012596, 96.41325040111654, 575.8756496595835, 268.932453736263, 181.01736786635718, 147.96202739876554, 134.46621307029173, 110.06231122855796, 108.91962306330585, 108.26364726824568, 74.99117819426974, 56.79729122860667, 52.19177034586937, 50.892455508176624, 41.300080617352435, 34.6400011358182, 25.423905999691947, 25.423905999691947, 34.6400011358182, 41.300080617352435, 50.892455508176624, 52.19177034586937, 56.79729122860667, 74.99117819426974, 108.26364726824568, 108.91962306330585, 110.06231122855796, 134.46621307029173, 147.96202739876554, 181.01736786635718, 268.932453736263, 575.8756496595835, 96.41325040111654, 65.49658029012596, 109.0050267688321, 37.86486081907111, 27.595679600004623, 36.42916296445389]
[5.229999888588197, 4.0665839751538755, 5.735694323408914, 17.000234388390783, 65.49658029012596, 96.41325040111654, 92.63607483918813, 44.712164223650134, 31.177947857298992, 26.47223773499327, 25.06846869173451, 21.460194776873617, 22.310307522044436, 23.422504029496523, 17.25197972529835, 14.01482898557337, 13.972805433329363, 15.02178539002085, 13.766693539117481, 13.572872207383968, 12.711952999845973, 12.711952999845973, 13.572872207383968, 13.766693539117481, 15.02178539002085, 13.972805433329363, 14.01482898557337, 17.25197972529835, 23.422504029496523, 22.310307522044436, 21.460194776873617, 25.06846869173451, 26.47223773499327, 31.177947857298992, 44.712164223650134, 92.63607483918813, 96.41325040111654, 65.49658029012596, 17.000234388390783, 5.735694323408914, 4.0665839751538755, 5.229999888588197]
[0.05, 0.05263157894736842, 0.05555555555555555, 0.058823529411764705, 1, 1, 0.0625, 0.06666666666666667, 0.07142857142857142, 0.07692307692307693, 0.08333333333333333, 0.09090909090909091, 0.1, 0.1111111111111111, 0.125, 0.14285714285714285, 0.16666666666666666, 0.2, 0.25, 0.3333333333333333, 0.5]
[0.5, 0.3333333333333333, 0.25, 0.2, 0.16666666666666666, 0.14285714285714285, 0.125, 0.1111111111111111, 0.1, 0.09090909090909091, 0.08333333333333333, 0.07692307692307693, 0.07142857142857142, 0.06666666666666667, 0.0625, 1, 1, 0.058823529411764705, 0.05555555555555555, 0.05263157894736842, 0.05]
[[2, 4, 4], [2, 4, 3], [2, 4, 2], [2, 1, 0], [-2, 3, -2], [2, 2, 1], [-2, 1, -1], [1, 2, -1], [0, 1, 1], [-1, 3, -1], [1, 4, 1], [1, 2, 2], [0, 2, -2], [1, 4, 0], [1, 3, 2], [-1, 3, 0], [1, 4, -1], [0, 3, 1], [0, 4, -2]]
[0.0, 0.0, 0.0, 0.0, 0.0, 3.141592653589793, 0.0, 0.0, 0.0, 0.0, 0.0, 0.0, 0.0, 0.0, 0.0, 0.0, 0.0, 0.0, 0.0, 0.0, 0.0, 62.83185307179586, 59.690260418206066, 56.54866776461628, 53.40707511102649, 50.26548245743669, 47.12388980384691, 43.98229715025711, 40.840704496667314, 37.69911184307752, 34.55751918948773, 31.41592653589793, 28.274333882308138, 25.13274122871835, 21.991148575128552, 18.84955592153876, 0.0, 3.141592653589793, 15.707963267948966, 12.566370614359172, 9.42477796076938, 6.283185307179586]
['Z:\\Lab Data\\Qudit_Ramsey_raw_data\\Raw_data_copied\\2025\\2025_05\\2025_05_22\\qudit_ramsey_scan_unbused_031', 'Z:\\Lab Data\\Qudit_Ramsey_raw_data\\Raw_data_copied\\2025\\2025_05\\2025_05_22\\qudit_ramsey_scan_unbused_032']
