0,0.7766179540709812
50.0,0.9519230769230769
[[1, 3, 3], [1, 2, 0], [-1, 2, 0], [-1, 4, -3], [-1, 2, 0], [-2, 2, 0], [-2, 4, -4], [-2, 3, -3], [-2, 2, 0], [2, 2, 0], [2, 4, 4], [2, 4, 3], [2, 4, 2], [2, 1, 0], [2, 2, 0], [0, 2, 0], [0, 3, -2], [0, 2, 1], [0, 1, -1], [0, 2, -1], [0, 1, 1], [0, 3, -1], [0, 4, 1], [0, 2, 2], [0, 2, -2], [0, 4, 0], [0, 3, 2], [0, 3, 0], [0, 4, -1], [0, 3, 1], [0, 4, -2], [0, 4, -2], [0, 3, 1], [0, 4, -1], [0, 3, 0], [0, 3, 2], [0, 4, 0], [0, 2, -2], [0, 2, 2], [0, 4, 1], [0, 3, -1], [0, 1, 1], [0, 2, -1], [0, 1, -1], [0, 2, 1], [0, 3, -2], [0, 2, 0], [2, 2, 0], [2, 1, 0], [2, 4, 2], [2, 4, 3], [2, 4, 4], [2, 2, 0], [-2, 2, 0], [-2, 3, -3], [-2, 4, -4], [-2, 2, 0], [-1, 2, 0], [-1, 4, -3], [-1, 2, 0], [1, 2, 0], [1, 3, 3]]
[545.8481265370741, 623.6616840518285]
[42.75979078059377, 329.45208173493114, 118.7259152180165, 21.333583677293536, 118.7259152180165, 123.62105533643646, 18.62620840674756, 31.715909053357688, 123.62105533643646, 65.5114855433351, 36.6941079586046, 28.130956731383716, 37.559990499075184, 109.0298333696937, 65.5114855433351, 95.63697556830819, 576.0067034083003, 274.1489729326471, 180.84817305860437, 147.82372902952324, 137.0744724008452, 109.95943727889974, 111.03235173059363, 109.0510359716372, 75.00824416159941, 56.339985748612776, 52.57135491942914, 50.48269303023449, 41.26147791705581, 35.31191792524731, 25.4296917942298, 25.4296917942298, 35.31191792524731, 41.26147791705581, 50.48269303023449, 52.57135491942914, 56.339985748612776, 75.00824416159941, 109.0510359716372, 111.03235173059363, 109.95943727889974, 137.0744724008452, 147.82372902952324, 180.84817305860437, 274.1489729326471, 576.0067034083003, 95.63697556830819, 65.5114855433351, 109.0298333696937, 37.559990499075184, 28.130956731383716, 36.6941079586046, 65.5114855433351, 123.62105533643646, 31.715909053357688, 18.62620840674756, 123.62105533643646, 118.7259152180165, 21.333583677293536, 118.7259152180165, 329.45208173493114, 42.75979078059377]
[5.595941580946285, 329.45208173493114, 118.7259152180165, 2.8528470623022666, 118.7259152180165, 123.62105533643647, 2.547649048164883, 4.4417717083753026, 123.62105533643647, 65.5114855433351, 5.268037059281421, 4.145464054799828, 5.689513169538258, 17.004103182716396, 65.5114855433351, 95.63697556830819, 92.65715630856656, 45.57945212343364, 31.14880619561194, 26.447494445290452, 25.554725171150082, 21.44013618485889, 22.743063576024106, 23.592853131372543, 17.2559058100653, 13.90198807436717, 14.074427994830838, 14.90083693227664, 13.753825972351937, 13.836147046237448, 12.714845897114902, 12.714845897114902, 13.836147046237448, 13.753825972351937, 14.90083693227664, 14.074427994830838, 13.90198807436717, 17.2559058100653, 23.592853131372543, 22.743063576024106, 21.44013618485889, 25.554725171150082, 26.447494445290452, 31.14880619561194, 45.57945212343364, 92.65715630856656, 95.63697556830819, 65.5114855433351, 17.004103182716396, 5.689513169538258, 4.145464054799828, 5.268037059281421, 65.5114855433351, 123.62105533643647, 4.4417717083753026, 2.547649048164883, 123.62105533643647, 118.7259152180165, 2.8528470623022666, 118.7259152180165, 329.45208173493114, 5.595941580946285]
[0.0416666666, 1, 1, 0.043478260869565216, 1, 1, 0.04545454545, 0.04761904762, 1, 1, 0.05, 0.05263157894736842, 0.05555555555555555, 0.058823529411764705, 1, 1, 0.0625, 0.06666666666666667, 0.07142857142857142, 0.07692307692307693, 0.08333333333333333, 0.09090909090909091, 0.1, 0.1111111111111111, 0.125, 0.14285714285714285, 0.16666666666666666, 0.2, 0.25, 0.3333333333333333, 0.5]
[0.5, 0.3333333333333333, 0.25, 0.2, 0.16666666666666666, 0.14285714285714285, 0.125, 0.1111111111111111, 0.1, 0.09090909090909091, 0.08333333333333333, 0.07692307692307693, 0.07142857142857142, 0.06666666666666667, 0.0625, 1, 1, 0.058823529411764705, 0.05555555555555555, 0.05263157894736842, 0.05, 1, 1, 0.04761904762, 0.04545454545, 1, 1, 0.043478260869565216, 1, 1, 0.0416666666]
[[1, 3, 3], [-1, 4, -3], [-2, 4, -4], [-2, 3, -3], [2, 4, 4], [2, 4, 3], [2, 4, 2], [2, 1, 0], [-2, 3, -2], [2, 2, 1], [-2, 1, -1], [1, 2, -1], [0, 1, 1], [-1, 3, -1], [1, 4, 1], [1, 2, 2], [0, 2, -2], [1, 4, 0], [1, 3, 2], [-1, 3, 0], [1, 4, -1], [0, 3, 1], [0, 4, -2]]
[0.0, 0.0, 3.141592653589793, 0.0, 0.0, 3.141592653589793, 0.0, 0.0, 0.0, 3.141592653589793, 0.0, 0.0, 0.0, 0.0, 0.0, 3.141592653589793, 0.0, 0.0, 0.0, 0.0, 0.0, 0.0, 0.0, 0.0, 0.0, 0.0, 0.0, 0.0, 0.0, 0.0, 0.0, 75.39822368615505, 72.25663103256525, 69.11503837897546, 65.97344572538566, 62.83185307179586, 59.690260418206066, 56.54866776461628, 53.40707511102649, 50.26548245743669, 47.12388980384691, 43.98229715025711, 40.840704496667314, 37.69911184307752, 34.55751918948773, 31.41592653589793, 25.132741228718345, 3.141592653589793, 3.141592653589793, 25.13274122871835, 21.991148575128552, 18.84955592153876, 0.0, 3.141592653589793, 15.707963267948966, 12.566370614359172, 0.0, 3.141592653589793, 9.42477796076938, 0.0, 3.141592653589793, 6.283185307179586]
['Z:\\Lab Data\\Qudit_Ramsey_raw_data\\Raw_data_copied\\2025\\2025_05\\2025_05_23\\qudit_ramsey_scan_unbused_036', 'Z:\\Lab Data\\Qudit_Ramsey_raw_data\\Raw_data_copied\\2025\\2025_05\\2025_05_23\\qudit_ramsey_scan_unbused_037']
