0,0.022517911975435005
50.0,0.9949186991869918
[[1, 2, -1], [1, 3, 2], [1, 4, 2], [1, 4, 0], [1, 3, 3], [1, 4, 1], [1, 4, -1], [1, 4, -1], [1, 4, 1], [1, 3, 3], [1, 4, 0], [1, 4, 2], [1, 3, 2], [1, 2, -1]]
[545.8549974963368, 623.6576879387927]
[61.79375266691471, 53.842809637122514, 50.12171838300993, 44.88841589176231, 49.74770148507117, 43.12887178169343, 39.03147948390718, 39.03147948390718, 43.12887178169343, 49.74770148507117, 44.88841589176231, 50.12171838300993, 53.842809637122514, 61.79375266691471]
[14.215866370281594, 13.285805587626179, 13.418610143109518, 13.249589615806961, 16.582567161690392, 16.89903712319109, 19.515739741953592, 19.515739741953592, 16.89903712319109, 16.582567161690392, 13.249589615806961, 13.418610143109518, 13.285805587626179, 14.215866370281594]
[0.125, 0.14285714285714285, 0.16666666666666666, 0.2, 0.25, 0.3333333333333333, 0.5]
[0.5, 0.3333333333333333, 0.25, 0.2, 0.16666666666666666, 0.14285714285714285, 0.125]
[[1, 2, -1], [1, 3, 2], [2, 4, 2], [1, 4, 0], [1, 3, 3], [1, 4, 1], [1, 4, -1]]
[0.0, 0.0, 0.0, 0.0, 0.0, 0.0, 0.0, 25.13274122871835, 21.991148575128552, 18.84955592153876, 15.707963267948966, 12.566370614359172, 9.42477796076938, 6.283185307179586]
['Z:\\Lab Data\\Qudit_Ramsey_raw_data\\Raw_data_copied\\2025\\2025_04\\2025_04_18\\qudit_ramsey_scan_unbused_005', 'Z:\\Lab Data\\Qudit_Ramsey_raw_data\\Raw_data_copied\\2025\\2025_04\\2025_04_18\\qudit_ramsey_scan_unbused_006']
