0,0.07543323139653414
50.0,0.9939024390243902
[[0, 2, 1], [0, 1, -1], [0, 2, -1], [0, 1, 1], [0, 3, -1], [0, 4, 1], [0, 2, 2], [0, 2, 0], [0, 2, -2], [0, 4, 0], [0, 3, 2], [0, 3, 0], [0, 4, -1], [0, 3, 1], [0, 4, -2], [0, 4, -2], [0, 3, 1], [0, 4, -1], [0, 3, 0], [0, 3, 2], [0, 4, 0], [0, 2, -2], [0, 2, 0], [0, 2, 2], [0, 4, 1], [0, 3, -1], [0, 1, 1], [0, 2, -1], [0, 1, -1], [0, 2, 1]]
[545.855141522001, 623.6570280107987]
[303.28196107624535, 198.3685427075723, 162.1447273104782, 151.6409649779482, 120.61218513328105, 122.8314263429137, 126.87242582620122, 106.90702865962085, 81.22767024965067, 62.97920271231895, 61.1626956880347, 56.431674867670566, 45.258843956995186, 39.064409409126355, 27.538234532750604, 27.538234532750604, 39.064409409126355, 45.258843956995186, 56.431674867670566, 61.1626956880347, 62.97920271231895, 81.22767024965067, 106.90702865962085, 126.87242582620122, 122.8314263429137, 120.61218513328105, 151.6409649779482, 162.1447273104782, 198.3685427075723, 303.28196107624535]
[48.786314302822966, 32.98035151624082, 27.927374665807463, 27.13044519484277, 22.485669208775782, 23.949945304766338, 25.987629746066535, 23.129003804547747, 18.68670627696943, 15.54022624262677, 16.3745058073984, 16.656781454087714, 15.086281318998397, 15.306472845889994, 13.769117266375305, 13.769117266375305, 15.306472845889994, 15.086281318998397, 16.656781454087714, 16.3745058073984, 15.54022624262677, 18.68670627696943, 23.129003804547747, 25.987629746066535, 23.949945304766338, 22.485669208775782, 27.13044519484277, 27.927374665807463, 32.98035151624082, 48.786314302822966]
[0.0625, 0.06666666666666667, 0.07142857142857142, 0.07692307692307693, 0.08333333333333333, 0.09090909090909091, 0.1, 0.1111111111111111, 0.125, 0.14285714285714285, 0.16666666666666666, 0.2, 0.25, 0.3333333333333333, 0.5]
[0.5, 0.3333333333333333, 0.25, 0.2, 0.16666666666666666, 0.14285714285714285, 0.125, 0.1111111111111111, 0.1, 0.09090909090909091, 0.08333333333333333, 0.07692307692307693, 0.07142857142857142, 0.06666666666666667, 0.0625]
[[2, 2, 1], [-2, 1, -1], [1, 2, -1], [0, 1, 1], [-1, 3, -1], [1, 4, 1], [1, 2, 2], [2, 2, 0], [0, 2, -2], [1, 4, 0], [1, 3, 2], [-1, 3, 0], [1, 4, -1], [0, 3, 1], [0, 4, -2]]
[0.0, 0.0, 0.0, 0.0, 0.0, 0.0, 0.0, 0.0, 0.0, 0.0, 0.0, 0.0, 0.0, 0.0, 0.0, 50.26548245743669, 47.12388980384691, 43.98229715025711, 40.840704496667314, 37.69911184307752, 34.55751918948773, 31.41592653589793, 28.274333882308138, 25.13274122871835, 21.991148575128552, 18.84955592153876, 15.707963267948966, 12.566370614359172, 9.42477796076938, 6.283185307179586]
['Z:\\Lab Data\\Qudit_Ramsey_raw_data\\Raw_data_copied\\2025\\2025_04\\2025_04_18\\qudit_ramsey_scan_unbused_021', 'Z:\\Lab Data\\Qudit_Ramsey_raw_data\\Raw_data_copied\\2025\\2025_04\\2025_04_18\\qudit_ramsey_scan_unbused_022']
