0,0.08291203235591507
53.333333333333336,0.9979777553083923
[[0, 1, -1], [0, 2, -1], [0, 1, 1], [0, 3, -1], [0, 4, 1], [0, 2, 2], [0, 2, 0], [0, 2, -2], [0, 4, 0], [0, 3, 2], [0, 3, 0], [0, 4, -1], [0, 3, 1], [0, 4, -2], [0, 4, -2], [0, 3, 1], [0, 4, -1], [0, 3, 0], [0, 3, 2], [0, 4, 0], [0, 2, -2], [0, 2, 0], [0, 2, 2], [0, 4, 1], [0, 3, -1], [0, 1, 1], [0, 2, -1], [0, 1, -1]]
[545.8487672030227, 623.654909542377]
[200.18625025418615, 163.6305057028233, 143.72555394621483, 121.71738899341902, 116.41982623696852, 114.68800856855864, 100.42410154931027, 79.83393200445921, 59.160093849520194, 55.28882829713211, 53.00961329261124, 45.673563655435096, 37.025310955551404, 27.065722018783585, 27.065722018783585, 37.025310955551404, 45.673563655435096, 53.00961329261124, 55.28882829713211, 59.160093849520194, 79.83393200445921, 100.42410154931027, 114.68800856855864, 116.41982623696852, 121.71738899341902, 143.72555394621483, 163.6305057028233, 200.18625025418615]
[33.282559885686894, 28.18328116687999, 25.71428020787949, 22.691711810357564, 22.699797224382348, 23.49186187293577, 21.726442647634652, 18.36607197667712, 14.597854583140764, 14.801951252334234, 15.646700999948125, 15.224521218478367, 14.507499929574777, 13.532861009391794, 13.532861009391794, 14.507499929574777, 15.224521218478367, 15.646700999948125, 14.801951252334234, 14.597854583140764, 18.36607197667712, 21.726442647634652, 23.49186187293577, 22.699797224382348, 22.691711810357564, 25.71428020787949, 28.18328116687999, 33.282559885686894]
[0.06666666666666667, 0.07142857142857142, 0.07692307692307693, 0.08333333333333333, 0.09090909090909091, 0.1, 0.1111111111111111, 0.125, 0.14285714285714285, 0.16666666666666666, 0.2, 0.25, 0.3333333333333333, 0.5]
[0.5, 0.3333333333333333, 0.25, 0.2, 0.16666666666666666, 0.14285714285714285, 0.125, 0.1111111111111111, 0.1, 0.09090909090909091, 0.08333333333333333, 0.07692307692307693, 0.07142857142857142, 0.06666666666666667]
[[-2, 1, -1], [1, 2, -1], [0, 1, 1], [-1, 3, -1], [1, 4, 1], [1, 2, 2], [2, 2, 0], [0, 2, -2], [1, 4, 0], [1, 3, 2], [-1, 3, 0], [1, 4, -1], [0, 3, 1], [0, 4, -2]]
[0.0, 0.0, 0.0, 0.0, 0.0, 0.0, 0.0, 0.0, 0.0, 0.0, 0.0, 0.0, 0.0, 0.0, 50.05604294719737, 46.70501078336825, 43.35397861953915, 40.00294645571003, 36.65191429188093, 33.30088212805181, 29.949849964222697, 26.598817800393583, 23.24778563656447, 19.89675347273536, 16.545721308906245, 13.194689145077131, 9.843656981248019, 6.492624817418906]
['Z:\\Lab Data\\Qudit_Ramsey_raw_data\\Raw_data_copied\\2025\\2025_05\\2025_05_20\\qudit_ramsey_scan_unbused_086', 'Z:\\Lab Data\\Qudit_Ramsey_raw_data\\Raw_data_copied\\2025\\2025_05\\2025_05_20\\qudit_ramsey_scan_unbused_087']
