0,0.018480492813141684
50.0,0.9938461538461538
[[-2, 3, -2], [-2, 3, -3], [-2, 4, -4], [-2, 4, -4], [-2, 3, -3], [-2, 3, -2]]
[545.8550537210936, 623.6552610801307]
[41.70943697224567, 33.74118190073171, 19.406460173426677, 19.406460173426677, 33.74118190073171, 41.70943697224567]
[13.903145657415227, 13.22069096560124, 9.70323008671334, 9.70323008671334, 13.22069096560124, 13.903145657415227]
[0.25, 0.3333333333333333, 0.5]
[0.5, 0.3333333333333333, 0.25]
[[-2, 3, -2], [-2, 3, -3], [-2, 4, -4]]
[0.0, 0.0, 0.0, 12.566370614359172, 9.42477796076938, 6.283185307179586]
['Z:\\Lab Data\\Qudit_Ramsey_raw_data\\Raw_data_copied\\2025\\2025_04\\2025_04_16\\qudit_ramsey_scan_unbused_182', 'Z:\\Lab Data\\Qudit_Ramsey_raw_data\\Raw_data_copied\\2025\\2025_04\\2025_04_16\\qudit_ramsey_scan_unbused_183']
