0,0.026395939086294416
50.0,0.9959141981613892
[[1, 2, -1], [1, 3, 2], [1, 4, 2], [1, 4, 0], [1, 3, 3], [1, 4, 1], [1, 4, -1], [1, 4, -1], [1, 4, 1], [1, 3, 3], [1, 4, 0], [1, 4, 2], [1, 3, 2], [1, 2, -1]]
[545.8551117943946, 623.6580920828493]
[61.16787169148996, 53.42643082438648, 49.7341156235466, 44.068253312777, 48.20567406791791, 42.618052207786114, 38.636147279641506, 38.636147279641506, 42.618052207786114, 48.20567406791791, 44.068253312777, 49.7341156235466, 53.42643082438648, 61.16787169148996]
[14.0718802887387, 13.183063401731712, 13.314840949086937, 13.007504494870641, 16.068558022639305, 16.698884450837244, 19.318073639820756, 19.318073639820756, 16.698884450837244, 16.068558022639305, 13.007504494870641, 13.314840949086937, 13.183063401731712, 14.0718802887387]
[0.125, 0.14285714285714285, 0.16666666666666666, 0.2, 0.25, 0.3333333333333333, 0.5]
[0.5, 0.3333333333333333, 0.25, 0.2, 0.16666666666666666, 0.14285714285714285, 0.125]
[[1, 2, -1], [1, 3, 2], [2, 4, 2], [1, 4, 0], [1, 3, 3], [1, 4, 1], [1, 4, -1]]
[0.0, 0.0, 0.0, 0.0, 0.0, 0.0, 0.0, 25.13274122871835, 21.991148575128552, 18.84955592153876, 15.707963267948966, 12.566370614359172, 9.42477796076938, 6.283185307179586]
['Z:\\Lab Data\\Qudit_Ramsey_raw_data\\Raw_data_copied\\2025\\2025_04\\2025_04_18\\qudit_ramsey_scan_unbused_065', 'Z:\\Lab Data\\Qudit_Ramsey_raw_data\\Raw_data_copied\\2025\\2025_04\\2025_04_18\\qudit_ramsey_scan_unbused_066']
