0,0.03326612903225806
55.55555555555556,0.9939148073022313
[[1, 2, 2], [1, 2, -1], [1, 3, 2], [1, 4, 2], [1, 4, 0], [1, 3, 3], [1, 4, 1], [1, 4, -1], [1, 4, -1], [1, 4, 1], [1, 3, 3], [1, 4, 0], [1, 4, 2], [1, 3, 2], [1, 2, -1], [1, 2, 2]]
[545.8549964537328, 623.6547583499615]
[75.6932618726886, 59.698785369204, 51.84669248796514, 48.26355343426656, 43.38107033341297, 47.04670762456779, 41.24531128508176, 37.708211846467954, 37.708211846467954, 41.24531128508176, 47.04670762456779, 43.38107033341297, 48.26355343426656, 51.84669248796514, 59.698785369204, 75.6932618726886]
[16.376002249637796, 13.73391190289559, 12.793260258870768, 12.921141344489271, 12.804670594705946, 15.68223587485593, 16.161008108262685, 18.85410592323398, 18.85410592323398, 16.161008108262685, 15.68223587485593, 12.804670594705946, 12.921141344489271, 12.793260258870768, 13.73391190289559, 16.376002249637796]
[0.1111111111111111, 0.125, 0.14285714285714285, 0.16666666666666666, 0.2, 0.25, 0.3333333333333333, 0.5]
[0.5, 0.3333333333333333, 0.25, 0.2, 0.16666666666666666, 0.14285714285714285, 0.125, 0.1111111111111111]
[[1, 2, 2], [1, 2, -1], [1, 3, 2], [2, 4, 2], [1, 4, 0], [1, 3, 3], [1, 4, 1], [1, 4, -1]]
[0.0, 0.0, 0.0, 0.0, 0.0, 0.0, 0.0, 0.0, 31.066860685499066, 27.576202181510403, 24.08554367752175, 20.59488517353309, 17.10422666954443, 13.61356816555577, 10.12290966156711, 6.632251157578452]
['Z:\\Lab Data\\Qudit_Ramsey_raw_data\\Raw_data_copied\\2025\\2025_04\\2025_04_17\\qudit_ramsey_scan_unbused_053', 'Z:\\Lab Data\\Qudit_Ramsey_raw_data\\Raw_data_copied\\2025\\2025_04\\2025_04_17\\qudit_ramsey_scan_unbused_054']
