0,0.014141414141414142
66.66666666666667,0.9959595959595959
[[-2, 3, -3], [-2, 4, -4], [-2, 4, -4], [-2, 3, -3]]
[545.854862575182, 623.654428394151]
[32.77438641383567, 18.736013538319142, 18.736013538319142, 32.77438641383567]
[12.841874823452011, 9.368006769159573, 9.368006769159573, 12.841874823452011]
[0.3333333333333333, 0.5]
[0.5, 0.3333333333333333]
[[-2, 3, -3], [-2, 4, -4]]
[0.0, 0.0, 11.519173063162576, 7.3303828583761845]
['Z:\\Lab Data\\Qudit_Ramsey_raw_data\\Raw_data_copied\\2025\\2025_04\\2025_04_15\\qudit_ramsey_scan_unbused_146', 'Z:\\Lab Data\\Qudit_Ramsey_raw_data\\Raw_data_copied\\2025\\2025_04\\2025_04_15\\qudit_ramsey_scan_unbused_147']
