0,0.02631578947368421
50.0,0.9959390862944163
[[1, 4, 2], [1, 4, 0], [1, 3, 3], [1, 4, 1], [1, 4, -1], [1, 4, -1], [1, 4, 1], [1, 3, 3], [1, 4, 0], [1, 4, 2]]
[545.8488431235611, 623.6548468011906]
[47.50544643646829, 45.29974125216625, 44.9700932021406, 40.51350274921506, 38.36176107937912, 38.36176107937912, 40.51350274921506, 44.9700932021406, 45.29974125216625, 47.50544643646829]
[12.718180580604797, 13.370999385246526, 14.990031067380203, 15.874266092907465, 19.180880539689564, 19.180880539689564, 15.874266092907465, 14.990031067380203, 13.370999385246526, 12.718180580604797]
[0.16666666666666666, 0.2, 0.25, 0.3333333333333333, 0.5]
[0.5, 0.3333333333333333, 0.25, 0.2, 0.16666666666666666]
[[2, 4, 2], [1, 4, 0], [1, 3, 3], [1, 4, 1], [1, 4, -1]]
[0.0, 0.0, 0.0, 0.0, 0.0, 18.84955592153876, 15.707963267948966, 12.566370614359172, 9.42477796076938, 6.283185307179586]
['Z:\\Lab Data\\Qudit_Ramsey_raw_data\\Raw_data_copied\\2025\\2025_05\\2025_05_20\\qudit_ramsey_scan_unbused_059', 'Z:\\Lab Data\\Qudit_Ramsey_raw_data\\Raw_data_copied\\2025\\2025_05\\2025_05_20\\qudit_ramsey_scan_unbused_060']
