0,0.04044489383215369
50.0,0.9939455095862765
[[1, 3, 1], [1, 2, 2], [1, 2, -1], [1, 3, 2], [1, 4, 2], [1, 4, 0], [1, 3, 3], [1, 4, 1], [1, 4, -1], [1, 4, -1], [1, 4, 1], [1, 3, 3], [1, 4, 0], [1, 4, 2], [1, 3, 2], [1, 2, -1], [1, 2, 2], [1, 3, 1]]
[545.8550398354117, 623.656055892297]
[133.28160566048712, 73.92154539634706, 57.398733011331146, 50.63314141284779, 47.13387120482187, 42.28954460065969, 45.482453655029694, 40.780202553507, 36.25540403752753, 36.25540403752753, 40.780202553507, 45.482453655029694, 42.28954460065969, 47.13387120482187, 50.63314141284779, 57.398733011331146, 73.92154539634706, 133.28160566048712]
[27.30043977097725, 15.992696889497703, 13.204776908611965, 12.493814450538588, 12.618702283907192, 12.482487961909408, 15.160817885009902, 15.978766157650416, 18.12770201876377, 18.12770201876377, 15.978766157650416, 15.160817885009902, 12.482487961909408, 12.618702283907192, 12.493814450538588, 13.204776908611965, 15.992696889497703, 27.30043977097725]
[0.1, 0.1111111111111111, 0.125, 0.14285714285714285, 0.16666666666666666, 0.2, 0.25, 0.3333333333333333, 0.5]
[0.5, 0.3333333333333333, 0.25, 0.2, 0.16666666666666666, 0.14285714285714285, 0.125, 0.1111111111111111, 0.1]
[[0, 3, 1], [1, 2, 2], [1, 2, -1], [1, 3, 2], [2, 4, 2], [1, 4, 0], [1, 3, 3], [1, 4, 1], [1, 4, -1]]
[0.0, 0.0, 0.0, 0.0, 0.0, 0.0, 0.0, 0.0, 0.0, 31.41592653589793, 28.274333882308138, 25.13274122871835, 21.991148575128552, 18.84955592153876, 15.707963267948966, 12.566370614359172, 9.42477796076938, 6.283185307179586]
['Z:\\Lab Data\\Qudit_Ramsey_raw_data\\Raw_data_copied\\2025\\2025_04\\2025_04_16\\qudit_ramsey_scan_unbused_041', 'Z:\\Lab Data\\Qudit_Ramsey_raw_data\\Raw_data_copied\\2025\\2025_04\\2025_04_16\\qudit_ramsey_scan_unbused_042']
