0,0.10425101214574899
50.0,0.9969512195121951
[[0, 2, 1], [0, 1, -1], [0, 2, -1], [0, 1, 1], [0, 3, -1], [0, 4, 1], [0, 2, 2], [0, 2, 0], [0, 2, -2], [0, 4, 0], [0, 3, 2], [0, 3, 0], [0, 4, -1], [0, 3, 1], [0, 4, -2], [0, 4, -2], [0, 3, 1], [0, 4, -1], [0, 3, 0], [0, 3, 2], [0, 4, 0], [0, 2, -2], [0, 2, 0], [0, 2, 2], [0, 4, 1], [0, 3, -1], [0, 1, 1], [0, 2, -1], [0, 1, -1], [0, 2, 1]]
[545.8552912537283, 623.6575700561082]
[300.93661201797266, 194.7441230807158, 159.18215812468887, 150.46829056914223, 118.4084628844387, 121.88154271291691, 122.93976656226609, 105.6408187966774, 80.40495191174091, 62.23327525895616, 59.266838174170395, 55.763296518784216, 44.43191323457523, 38.762315359435604, 27.259312208940003, 27.259312208940003, 38.762315359435604, 44.43191323457523, 55.763296518784216, 59.266838174170395, 62.23327525895616, 80.40495191174091, 105.6408187966774, 122.93976656226609, 121.88154271291691, 118.4084628844387, 150.46829056914223, 159.18215812468887, 194.7441230807158, 300.93661201797266]
[48.40903852980739, 32.37776286128305, 27.417109663686926, 26.9206392312357, 22.074830374700007, 23.764734877258928, 25.182092276415045, 22.855063231092856, 18.497437079884925, 15.356167364669957, 15.866945937422885, 16.459498064711973, 14.810637744858411, 15.188104376010703, 13.629656104470003, 13.629656104470003, 15.188104376010703, 14.810637744858411, 16.459498064711973, 15.866945937422885, 15.356167364669957, 18.497437079884925, 22.855063231092856, 25.182092276415045, 23.764734877258928, 22.074830374700007, 26.9206392312357, 27.417109663686926, 32.37776286128305, 48.40903852980739]
[0.0625, 0.06666666666666667, 0.07142857142857142, 0.07692307692307693, 0.08333333333333333, 0.09090909090909091, 0.1, 0.1111111111111111, 0.125, 0.14285714285714285, 0.16666666666666666, 0.2, 0.25, 0.3333333333333333, 0.5]
[0.5, 0.3333333333333333, 0.25, 0.2, 0.16666666666666666, 0.14285714285714285, 0.125, 0.1111111111111111, 0.1, 0.09090909090909091, 0.08333333333333333, 0.07692307692307693, 0.07142857142857142, 0.06666666666666667, 0.0625]
[[2, 2, 1], [-2, 1, -1], [1, 2, -1], [0, 1, 1], [-1, 3, -1], [1, 4, 1], [1, 2, 2], [2, 2, 0], [0, 2, -2], [1, 4, 0], [1, 3, 2], [-1, 3, 0], [1, 4, -1], [0, 3, 1], [0, 4, -2]]
[0.0, 0.0, 0.0, 0.0, 0.0, 0.0, 0.0, 0.0, 0.0, 0.0, 0.0, 0.0, 0.0, 0.0, 0.0, 50.26548245743669, 47.12388980384691, 43.98229715025711, 40.840704496667314, 37.69911184307752, 34.55751918948773, 31.41592653589793, 28.274333882308138, 25.13274122871835, 21.991148575128552, 18.84955592153876, 15.707963267948966, 12.566370614359172, 9.42477796076938, 6.283185307179586]
['Z:\\Lab Data\\Qudit_Ramsey_raw_data\\Raw_data_copied\\2025\\2025_04\\2025_04_18\\qudit_ramsey_scan_unbused_049', 'Z:\\Lab Data\\Qudit_Ramsey_raw_data\\Raw_data_copied\\2025\\2025_04\\2025_04_18\\qudit_ramsey_scan_unbused_050']
