0,0.014098690835850957
50.0,0.9849246231155779
[[-2, 3, -2], [-2, 3, -3], [-2, 4, -4], [-2, 4, -4], [-2, 3, -3], [-2, 3, -2]]
[545.8487977773635, 623.6541712778525]
[41.1824062103403, 35.10728806056022, 19.824533583822312, 19.824533583822312, 35.10728806056022, 41.1824062103403]
[13.727468736780102, 13.755967631914618, 9.912266791911158, 9.912266791911158, 13.755967631914618, 13.727468736780102]
[0.25, 0.3333333333333333, 0.5]
[0.5, 0.3333333333333333, 0.25]
[[-2, 3, -2], [-2, 3, -3], [-2, 4, -4]]
[0.0, 0.0, 0.0, 12.566370614359172, 9.42477796076938, 6.283185307179586]
['Z:\\Lab Data\\Qudit_Ramsey_raw_data\\Raw_data_copied\\2025\\2025_05\\2025_05_20\\qudit_ramsey_scan_unbused_055', 'Z:\\Lab Data\\Qudit_Ramsey_raw_data\\Raw_data_copied\\2025\\2025_05\\2025_05_20\\qudit_ramsey_scan_unbused_056']
