0,0.10703363914373089
50.0,0.9959555106167847
[[0, 2, 1], [0, 1, -1], [0, 2, -1], [0, 1, 1], [0, 3, -1], [0, 4, 1], [0, 2, 2], [0, 2, 0], [0, 2, -2], [0, 4, 0], [0, 3, 2], [0, 3, 0], [0, 4, -1], [0, 3, 1], [0, 4, -2], [0, 4, -2], [0, 3, 1], [0, 4, -1], [0, 3, 0], [0, 3, 2], [0, 4, 0], [0, 2, -2], [0, 2, 0], [0, 2, 2], [0, 4, 1], [0, 3, -1], [0, 1, 1], [0, 2, -1], [0, 1, -1], [0, 2, 1]]
[545.8550312267508, 623.6540531525721]
[285.2027694437381, 186.88374645315199, 152.75715440465427, 142.60137008926495, 113.62919098940523, 115.50922067177108, 115.99469031695978, 101.0851919614424, 75.45043239117673, 59.54954389409492, 55.918753811822334, 53.358574812385164, 42.63852626719421, 36.735708614617955, 25.579604787379747, 25.579604787379747, 36.735708614617955, 42.63852626719421, 53.358574812385164, 55.918753811822334, 59.54954389409492, 75.45043239117673, 101.0851919614424, 115.99469031695978, 115.50922067177108, 113.62919098940523, 142.60137008926495, 152.75715440465427, 186.88374645315199, 285.2027694437381]
[45.87807300091867, 31.07091258810613, 26.310484187207326, 25.513149804071116, 21.18383311126623, 22.522245321501973, 23.759513108042675, 21.869467506234333, 17.357632740553992, 14.693952049323968, 14.970595208956658, 15.749703006966184, 14.212842089064738, 14.39402604286683, 12.789802393689875, 12.789802393689875, 14.39402604286683, 14.212842089064738, 15.749703006966184, 14.970595208956658, 14.693952049323968, 17.357632740553992, 21.869467506234333, 23.759513108042675, 22.522245321501973, 21.18383311126623, 25.513149804071116, 26.310484187207326, 31.07091258810613, 45.87807300091867]
[0.0625, 0.06666666666666667, 0.07142857142857142, 0.07692307692307693, 0.08333333333333333, 0.09090909090909091, 0.1, 0.1111111111111111, 0.125, 0.14285714285714285, 0.16666666666666666, 0.2, 0.25, 0.3333333333333333, 0.5]
[0.5, 0.3333333333333333, 0.25, 0.2, 0.16666666666666666, 0.14285714285714285, 0.125, 0.1111111111111111, 0.1, 0.09090909090909091, 0.08333333333333333, 0.07692307692307693, 0.07142857142857142, 0.06666666666666667, 0.0625]
[[2, 2, 1], [-2, 1, -1], [1, 2, -1], [0, 1, 1], [-1, 3, -1], [1, 4, 1], [1, 2, 2], [2, 2, 0], [0, 2, -2], [1, 4, 0], [1, 3, 2], [-1, 3, 0], [1, 4, -1], [0, 3, 1], [0, 4, -2]]
[0.0, 0.0, 0.0, 0.0, 0.0, 0.0, 0.0, 0.0, 0.0, 0.0, 0.0, 0.0, 0.0, 0.0, 0.0, 50.26548245743669, 47.12388980384691, 43.98229715025711, 40.840704496667314, 37.69911184307752, 34.55751918948773, 31.41592653589793, 28.274333882308138, 25.13274122871835, 21.991148575128552, 18.84955592153876, 15.707963267948966, 12.566370614359172, 9.42477796076938, 6.283185307179586]
['Z:\\Lab Data\\Qudit_Ramsey_raw_data\\Raw_data_copied\\2025\\2025_04\\2025_04_16\\qudit_ramsey_scan_unbused_061', 'Z:\\Lab Data\\Qudit_Ramsey_raw_data\\Raw_data_copied\\2025\\2025_04\\2025_04_16\\qudit_ramsey_scan_unbused_062']
