0,0.03546099290780142
54.54545454545455,0.9969481180061037
[[1, 4, 3], [1, 3, 1], [1, 2, 2], [1, 2, -1], [1, 3, 2], [1, 4, 2], [1, 4, 0], [1, 3, 3], [1, 4, 1], [1, 4, -1], [1, 4, -1], [1, 4, 1], [1, 3, 3], [1, 4, 0], [1, 4, 2], [1, 3, 2], [1, 2, -1], [1, 2, 2], [1, 3, 1], [1, 4, 3]]
[545.8488565859208, 623.6548401429138]
[152.77881640447725, 132.40995285055493, 74.50429861928833, 60.73346968525242, 51.03230279655225, 47.50544643646829, 45.29974125216625, 44.9700932021406, 40.51350274921506, 38.36176107937912, 38.36176107937912, 40.51350274921506, 44.9700932021406, 45.29974125216625, 47.50544643646829, 51.03230279655225, 60.73346968525242, 74.50429861928833, 132.40995285055493, 152.77881640447725]
[29.78915417296433, 27.121896716061073, 16.11877374037937, 13.97194460583978, 12.592308206301457, 12.718180580604797, 13.370999385246526, 14.990031067380203, 15.874266092907465, 19.180880539689564, 19.180880539689564, 15.874266092907465, 14.990031067380203, 13.370999385246526, 12.718180580604797, 12.592308206301457, 13.97194460583978, 16.11877374037937, 27.121896716061073, 29.78915417296433]
[0.09090909090909091, 0.1, 0.1111111111111111, 0.125, 0.14285714285714285, 0.16666666666666666, 0.2, 0.25, 0.3333333333333333, 0.5]
[0.5, 0.3333333333333333, 0.25, 0.2, 0.16666666666666666, 0.14285714285714285, 0.125, 0.1111111111111111, 0.1, 0.09090909090909091]
[[2, 4, 3], [0, 3, 1], [1, 2, 2], [1, 2, -1], [1, 3, 2], [2, 4, 2], [1, 4, 0], [1, 3, 3], [1, 4, 1], [1, 4, -1]]
[0.0, 0.0, 0.0, 0.0, 0.0, 0.0, 0.0, 0.0, 0.0, 0.0, 37.41351251093299, 33.98632052519867, 30.55912853946435, 27.131936553730032, 23.70474456799571, 20.277552582261393, 16.85036059652707, 13.423168610792752, 9.995976625058432, 6.568784639324113]
['Z:\\Lab Data\\Qudit_Ramsey_raw_data\\Raw_data_copied\\2025\\2025_05\\2025_05_20\\qudit_ramsey_scan_unbused_069', 'Z:\\Lab Data\\Qudit_Ramsey_raw_data\\Raw_data_copied\\2025\\2025_05\\2025_05_20\\qudit_ramsey_scan_unbused_070']
