0,0.02636916835699797
50.0,0.9989868287740629
[[1, 2, -1], [1, 3, 2], [1, 4, 2], [1, 4, 0], [1, 3, 3], [1, 4, 1], [1, 4, -1], [1, 4, -1], [1, 4, 1], [1, 3, 3], [1, 4, 0], [1, 4, 2], [1, 3, 2], [1, 2, -1]]
[545.8550030146667, 623.6566383273811]
[59.452680470761464, 50.54993910599872, 47.05641903208401, 43.537023053697844, 46.58987259159903, 41.031973236644056, 37.552761855491894, 37.552761855491894, 41.031973236644056, 46.58987259159903, 43.537023053697844, 47.05641903208401, 50.54993910599872, 59.452680470761464]
[13.677294620430335, 12.473284138679146, 12.597966751602328, 12.850702727990083, 15.529957530533013, 16.077416596326398, 18.77638092774595, 18.77638092774595, 16.077416596326398, 15.529957530533013, 12.850702727990083, 12.597966751602328, 12.473284138679146, 13.677294620430335]
[0.125, 0.14285714285714285, 0.16666666666666666, 0.2, 0.25, 0.3333333333333333, 0.5]
[0.5, 0.3333333333333333, 0.25, 0.2, 0.16666666666666666, 0.14285714285714285, 0.125]
[[1, 2, -1], [1, 3, 2], [2, 4, 2], [1, 4, 0], [1, 3, 3], [1, 4, 1], [1, 4, -1]]
[0.0, 0.0, 0.0, 0.0, 0.0, 0.0, 0.0, 25.13274122871835, 21.991148575128552, 18.84955592153876, 15.707963267948966, 12.566370614359172, 9.42477796076938, 6.283185307179586]
['Z:\\Lab Data\\Qudit_Ramsey_raw_data\\Raw_data_copied\\2025\\2025_04\\2025_04_16\\qudit_ramsey_scan_unbused_151', 'Z:\\Lab Data\\Qudit_Ramsey_raw_data\\Raw_data_copied\\2025\\2025_04\\2025_04_16\\qudit_ramsey_scan_unbused_152']
