0,0.11914460285132383
53.333333333333336,0.9908256880733946
[[0, 1, -1], [0, 2, -1], [0, 1, 1], [0, 3, -1], [0, 4, 1], [0, 2, 2], [0, 2, 0], [0, 2, -2], [0, 4, 0], [0, 3, 2], [0, 3, 0], [0, 4, -1], [0, 3, 1], [0, 4, -2], [0, 4, -2], [0, 3, 1], [0, 4, -1], [0, 3, 0], [0, 3, 2], [0, 4, 0], [0, 2, -2], [0, 2, 0], [0, 2, 2], [0, 4, 1], [0, 3, -1], [0, 1, 1], [0, 2, -1], [0, 1, -1]]
[545.8551775722573, 623.6557678729885]
[192.3965380692555, 157.2632624856634, 142.36704208550702, 116.98108254401964, 115.31941152001674, 118.81896003584491, 101.70927635145445, 78.15033909281392, 59.91719359684087, 57.28027857366251, 53.68800242653464, 43.89629915857684, 36.67534309876837, 26.4949414422132, 26.4949414422132, 36.67534309876837, 43.89629915857684, 53.68800242653464, 57.28027857366251, 59.91719359684087, 78.15033909281392, 101.70927635145445, 118.81896003584491, 115.31941152001674, 116.98108254401964, 142.36704208550702, 157.2632624856634, 192.3965380692555]
[31.987458139398015, 27.08660420510958, 25.47122562438461, 21.808724573413794, 22.485235910000316, 24.33801608281796, 22.00448622681729, 17.978755608582237, 14.784670243785788, 15.335103261927092, 15.846939245066443, 14.632099719525614, 14.370373230929939, 13.247470721106602, 13.247470721106602, 14.370373230929939, 14.632099719525614, 15.846939245066443, 15.335103261927092, 14.784670243785788, 17.978755608582237, 22.00448622681729, 24.33801608281796, 22.485235910000316, 21.808724573413794, 25.47122562438461, 27.08660420510958, 31.987458139398015]
[0.06666666666666667, 0.07142857142857142, 0.07692307692307693, 0.08333333333333333, 0.09090909090909091, 0.1, 0.1111111111111111, 0.125, 0.14285714285714285, 0.16666666666666666, 0.2, 0.25, 0.3333333333333333, 0.5]
[0.5, 0.3333333333333333, 0.25, 0.2, 0.16666666666666666, 0.14285714285714285, 0.125, 0.1111111111111111, 0.1, 0.09090909090909091, 0.08333333333333333, 0.07692307692307693, 0.07142857142857142, 0.06666666666666667]
[[-2, 1, -1], [1, 2, -1], [0, 1, 1], [-1, 3, -1], [1, 4, 1], [1, 2, 2], [2, 2, 0], [0, 2, -2], [1, 4, 0], [1, 3, 2], [-1, 3, 0], [1, 4, -1], [0, 3, 1], [0, 4, -2]]
[0.0, 0.0, 0.0, 0.0, 0.0, 0.0, 0.0, 0.0, 0.0, 0.0, 0.0, 0.0, 0.0, 0.0, 50.05604294719737, 46.70501078336825, 43.35397861953915, 40.00294645571003, 36.65191429188093, 33.30088212805181, 29.949849964222697, 26.598817800393583, 23.24778563656447, 19.89675347273536, 16.545721308906245, 13.194689145077131, 9.843656981248019, 6.492624817418906]
['Z:\\Lab Data\\Qudit_Ramsey_raw_data\\Raw_data_copied\\2025\\2025_04\\2025_04_16\\qudit_ramsey_scan_unbused_210', 'Z:\\Lab Data\\Qudit_Ramsey_raw_data\\Raw_data_copied\\2025\\2025_04\\2025_04_16\\qudit_ramsey_scan_unbused_211']
