0,0.3269230769230769
52.63157894736842,0.9667003027245207
[[-2, 4, -4], [-2, 3, -3], [-2, 3, -2], [-2, 2, -2], [0, 2, -2], [0, 3, -2], [0, 2, 1], [0, 1, -1], [0, 2, -1], [0, 1, 1], [0, 3, -1], [0, 4, 1], [0, 2, 2], [0, 2, 0], [0, 4, 0], [0, 3, 2], [0, 3, 0], [0, 4, -1], [0, 3, 1], [0, 4, -2], [0, 4, -2], [0, 3, 1], [0, 4, -1], [0, 3, 0], [0, 3, 2], [0, 4, 0], [0, 2, 0], [0, 2, 2], [0, 4, 1], [0, 3, -1], [0, 1, 1], [0, 2, -1], [0, 1, -1], [0, 2, 1], [0, 3, -2], [0, 2, -2], [-2, 2, -2], [-2, 3, -2], [-2, 3, -3], [-2, 4, -4]]
[545.8487478100726, 623.6543150811276]
[19.824533583822312, 35.10728806056022, 41.1824062103403, 83.52013017343658, 79.83393200445921, 613.0643438998534, 287.4511373883472, 200.18625025418615, 163.6305057028233, 143.72555394621483, 121.71738899341902, 116.41982623696852, 114.68800856855864, 100.42410154931027, 59.160093849520194, 55.28882829713211, 53.00961329261124, 45.673563655435096, 37.025310955551404, 27.065722018783585, 27.065722018783585, 37.025310955551404, 45.673563655435096, 53.00961329261124, 55.28882829713211, 59.160093849520194, 100.42410154931027, 114.68800856855864, 116.41982623696852, 121.71738899341902, 143.72555394621483, 163.6305057028233, 200.18625025418615, 287.4511373883472, 613.0643438998534, 79.83393200445921, 83.52013017343658, 41.1824062103403, 35.10728806056022, 19.824533583822312]
[2.9214040659777094, 5.3179826489106485, 6.42273644625982, 83.52013017343658, 79.83393200445921, 98.61829455076958, 47.79104300214753, 34.47954495052191, 29.275522401353975, 26.794682969315428, 23.73272781912567, 23.846594873910973, 24.812394655208493, 23.102911643444337, 14.597854583140764, 14.801951252334234, 15.646700999948125, 15.224521218478367, 14.507499929574777, 13.532861009391794, 13.532861009391794, 14.507499929574777, 15.224521218478367, 15.646700999948125, 14.801951252334234, 14.597854583140764, 23.102911643444337, 24.812394655208493, 23.846594873910973, 23.73272781912567, 26.794682969315428, 29.275522401353975, 34.47954495052191, 47.79104300214753, 98.61829455076958, 79.83393200445921, 83.52013017343658, 6.42273644625982, 5.3179826489106485, 2.9214040659777094]
[0.05263157894736842, 0.05555555555555555, 0.058823529411764705, 1, 1, 0.0625, 0.06666666666666667, 0.07142857142857142, 0.07692307692307693, 0.08333333333333333, 0.09090909090909091, 0.1, 0.1111111111111111, 0.125, 0.14285714285714285, 0.16666666666666666, 0.2, 0.25, 0.3333333333333333, 0.5]
[0.5, 0.3333333333333333, 0.25, 0.2, 0.16666666666666666, 0.14285714285714285, 0.125, 0.1111111111111111, 0.1, 0.09090909090909091, 0.08333333333333333, 0.07692307692307693, 0.07142857142857142, 0.06666666666666667, 0.0625, 1, 1, 0.058823529411764705, 0.05555555555555555, 0.05263157894736842]
[[-2, 4, -4], [-2, 3, -3], [-2, 3, -2], [-2, 3, -2], [2, 2, 1], [-2, 1, -1], [1, 2, -1], [0, 1, 1], [-1, 3, -1], [1, 4, 1], [1, 2, 2], [2, 2, 0], [0, 2, -2], [1, 4, 0], [1, 3, 2], [-1, 3, 0], [1, 4, -1], [0, 3, 1], [0, 4, -2]]
[0.0, 0.0, 0.0, 0.0, 3.141592653589793, 0.0, 0.0, 0.0, 0.0, 0.0, 0.0, 0.0, 0.0, 0.0, 0.0, 0.0, 0.0, 0.0, 0.0, 0.0, 62.66650609002798, 59.3595664546703, 56.05262681931262, 52.74568718395494, 49.43874754859728, 46.1318079132396, 42.82486827788192, 39.51792864252424, 36.21098900716656, 32.90404937180888, 29.59710973645121, 26.290170101093533, 22.983230465735854, 19.676290830378175, 16.3693511950205, 0.0, 3.141592653589793, 13.062411559662824, 9.755471924305148, 6.4485322889474705]
['Z:\\Lab Data\\Qudit_Ramsey_raw_data\\Raw_data_copied\\2025\\2025_05\\2025_05_21\\qudit_ramsey_scan_unbused_006', 'Z:\\Lab Data\\Qudit_Ramsey_raw_data\\Raw_data_copied\\2025\\2025_05\\2025_05_21\\qudit_ramsey_scan_unbused_007']
