[{"0": [2, 0, 3, 2, 1, 1, 3, 0, 6, 1, 0, 1, 3, 0, 4, 30, 25]}, null, null, 0, false, [], false, 0, [], null, 0, 1744324548.7368925, 0, {}]
[{"0": [1, 5, 1, 5, 25, 33, 30, 1, 2, 0, 4, 2, 1, 2, 1, 1, 1]}, null, null, 1, false, [], false, 0, [], null, 0, 1744324548.9837093, 0, {}]
[{"0": [4, 1, 6, 1, 1, 2, 2, 3, 4, 1, 2, 2, 3, 1, 4, 4, 1]}, null, null, 1, false, [], false, 0, [], null, 0, 1744324549.1889231, 0, {}]
[{"0": [1, 34, 32, 25, 34, 29, 0, 0, 0, 2, 1, 0, 0, 2, 2, 2, 3]}, null, null, 2, false, [], false, 0, [], null, 0, 1744324549.409016, 0, {}]
[{"0": [43, 33, 4, 4, 3, 2, 2, 2, 1, 0, 3, 1, 2, 6, 1, 3, 0]}, null, null, 2, false, [], false, 0, [], null, 0, 1744324549.631239, 0, {}]
[{"0": [1, 37, 29, 50, 23, 30, 31, 24, 36, 29, 32, 44, 3, 2, 2, 0, 2]}, null, null, 3, false, [], false, 0, [], null, 0, 1744324549.8491788, 0, {}]
[{"0": [2, 32, 26, 0, 7, 2, 1, 2, 2, 1, 0, 0, 1, 3, 3, 1, 4]}, null, null, 4, false, [], false, 0, [], null, 0, 1744324550.052263, 0, {}]
[{"0": [2, 36, 35, 30, 35, 35, 30, 35, 33, 32, 33, 33, 1, 1, 1, 2, 2]}, null, null, 4, false, [], false, 0, [], null, 0, 1744324550.2703485, 0, {}]
[{"0": [4, 2, 1, 3, 3, 1, 1, 1, 0, 2, 1, 1, 26, 36, 36, 34, 32]}, null, null, 5, false, [], false, 0, [], null, 0, 1744324550.4817803, 0, {}]
[{"0": [0, 0, 3, 2, 0, 2, 26, 0, 1, 1, 1, 2, 0, 1, 4, 1, 2]}, null, null, 5, false, [], false, 0, [], null, 0, 1744324550.7089286, 0, {}]
[{"0": [3, 28, 3, 3, 1, 3, 2, 4, 3, 3, 2, 1, 2, 2, 2, 0, 3]}, null, null, 6, false, [], false, 0, [], null, 0, 1744324550.9196544, 0, {}]
[{"0": [4, 35, 29, 29, 41, 34, 29, 35, 33, 33, 26, 3, 1, 3, 4, 2, 1]}, null, null, 7, false, [], false, 0, [], null, 0, 1744324551.1392245, 0, {}]
[{"0": [1, 1, 0, 1, 25, 0, 3, 0, 2, 0, 2, 6, 0, 3, 0, 2, 0]}, null, null, 7, false, [], false, 0, [], null, 0, 1744324551.3669925, 0, {}]
[{"0": [2, 0, 3, 4, 2, 4, 39, 36, 33, 2, 3, 1, 1, 2, 0, 1, 0]}, null, null, 8, false, [], false, 0, [], null, 0, 1744324551.5773418, 0, {}]
[{"0": [1, 2, 1, 33, 29, 27, 34, 28, 1, 3, 3, 3, 1, 3, 1, 2, 0]}, null, null, 8, false, [], false, 0, [], null, 0, 1744324551.7943602, 0, {}]
[{"0": [3, 3, 36, 29, 23, 32, 33, 32, 27, 27, 1, 2, 5, 2, 2, 1, 0]}, null, null, 9, false, [], false, 0, [], null, 0, 1744324551.997086, 0, {}]
[{"0": [0, 32, 37, 1, 2, 4, 0, 3, 2, 1, 0, 1, 2, 1, 0, 1, 3]}, null, null, 10, false, [], false, 0, [], null, 0, 1744324552.2264495, 0, {}]
[{"0": [5, 18, 35, 38, 3, 3, 1, 1, 0, 0, 2, 1, 1, 2, 0, 4, 4]}, null, null, 10, false, [], false, 0, [], null, 0, 1744324552.436951, 0, {}]
[{"0": [3, 27, 4, 3, 1, 2, 2, 0, 2, 3, 2, 2, 2, 2, 3, 0, 2]}, null, null, 11, false, [], false, 0, [], null, 0, 1744324552.6600928, 0, {}]
[{"0": [2, 1, 2, 2, 1, 4, 3, 0, 5, 0, 1, 22, 31, 31, 31, 33, 33]}, null, null, 11, false, [], false, 0, [], null, 0, 1744324552.8739188, 0, {}]
[{"0": [0, 2, 2, 29, 1, 3, 4, 3, 0, 3, 2, 3, 2, 1, 2, 1, 1]}, null, null, 12, false, [], false, 0, [], null, 0, 1744324553.0937705, 0, {}]
[{"0": [1, 42, 25, 20, 34, 29, 29, 19, 28, 40, 26, 42, 29, 20, 33, 31, 1]}, null, null, 13, false, [], false, 0, [], null, 0, 1744324553.327209, 0, {}]
[{"0": [0, 38, 27, 29, 33, 33, 3, 1, 2, 0, 1, 1, 3, 1, 1, 0, 0]}, null, null, 13, false, [], false, 0, [], null, 0, 1744324553.5249228, 0, {}]
[{"0": [1, 0, 3, 4, 1, 2, 0, 2, 3, 2, 1, 1, 0, 3, 4, 1, 2]}, null, null, 14, false, [], false, 0, [], null, 0, 1744324553.7436364, 0, {}]
[{"0": [0, 2, 2, 2, 1, 1, 3, 27, 3, 0, 2, 1, 3, 1, 2, 1, 2]}, null, null, 14, false, [], false, 0, [], null, 0, 1744324553.9568973, 0, {}]
[{"0": [6, 27, 4, 3, 0, 1, 0, 1, 2, 4, 2, 0, 1, 3, 3, 2, 1]}, null, null, 15, false, [], false, 0, [], null, 0, 1744324554.1713195, 0, {}]
[{"0": [0, 28, 1, 2, 2, 2, 2, 3, 2, 1, 3, 1, 1, 3, 3, 2, 0]}, null, null, 16, false, [], false, 0, [], null, 0, 1744324554.392868, 0, {}]
[{"0": [29, 28, 35, 35, 25, 38, 36, 2, 1, 5, 6, 3, 1, 2, 1, 2, 2]}, null, null, 16, false, [], false, 0, [], null, 0, 1744324554.6166162, 0, {}]
[{"0": [30, 29, 34, 34, 1, 3, 3, 1, 3, 0, 1, 2, 2, 0, 3, 1, 2]}, null, null, 17, false, [], false, 0, [], null, 0, 1744324554.8316739, 0, {}]
[{"0": [4, 35, 25, 22, 28, 27, 30, 22, 28, 21, 37, 1, 2, 3, 1, 4, 3]}, null, null, 17, false, [], false, 0, [], null, 0, 1744324555.041707, 0, {}]
[{"0": [1, 48, 35, 1, 3, 3, 2, 3, 2, 1, 4, 6, 4, 3, 2, 1, 7]}, null, null, 18, false, [], false, 0, [], null, 0, 1744324555.253705, 0, {}]
[{"0": [1, 36, 32, 32, 28, 26, 1, 2, 2, 0, 2, 1, 2, 2, 2, 1, 3]}, null, null, 19, false, [], false, 0, [], null, 0, 1744324555.4791362, 0, {}]
[{"0": [1, 1, 2, 30, 27, 27, 35, 25, 29, 35, 33, 37, 33, 0, 3, 0, 0]}, null, null, 19, false, [], false, 0, [], null, 0, 1744324555.7017195, 0, {}]
[{"0": [2, 31, 32, 29, 2, 0, 2, 2, 0, 4, 4, 0, 1, 0, 3, 1, 2]}, null, null, 20, false, [], false, 0, [], null, 0, 1744324555.8949575, 0, {}]
[{"0": [3, 38, 43, 1, 2, 1, 1, 2, 0, 1, 6, 0, 3, 2, 0, 2, 2]}, null, null, 20, false, [], false, 0, [], null, 0, 1744324556.1212502, 0, {}]
[{"0": [2, 31, 31, 4, 3, 4, 2, 2, 3, 3, 1, 1, 2, 2, 1, 2, 4]}, null, null, 21, false, [], false, 0, [], null, 0, 1744324556.3437624, 0, {}]
[{"0": [0, 43, 36, 40, 36, 37, 33, 41, 24, 36, 31, 2, 1, 3, 4, 4, 2]}, null, null, 22, false, [], false, 0, [], null, 0, 1744324556.560309, 0, {}]
[{"0": [0, 23, 41, 34, 38, 36, 30, 35, 32, 27, 2, 3, 3, 2, 3, 2, 0]}, null, null, 22, false, [], false, 0, [], null, 0, 1744324556.7779503, 0, {}]
[{"0": [3, 21, 0, 5, 2, 1, 2, 1, 3, 1, 3, 2, 1, 5, 2, 2, 3]}, null, null, 23, false, [], false, 0, [], null, 0, 1744324556.9864433, 0, {}]
[{"0": [1, 23, 29, 2, 2, 3, 0, 0, 1, 3, 2, 2, 0, 2, 1, 1, 1]}, null, null, 23, false, [], false, 0, [], null, 0, 1744324557.209398, 0, {}]
[{"0": [2, 33, 41, 32, 31, 29, 33, 35, 38, 32, 3, 2, 1, 4, 1, 2, 5]}, null, null, 24, false, [], false, 0, [], null, 0, 1744324557.4295197, 0, {}]
[{"0": [1, 28, 34, 33, 31, 2, 3, 1, 1, 0, 2, 0, 2, 0, 4, 1, 2]}, null, null, 25, false, [], false, 0, [], null, 0, 1744324557.6372652, 0, {}]
[{"0": [1, 37, 27, 37, 24, 0, 5, 3, 3, 5, 3, 4, 4, 3, 4, 3, 1]}, null, null, 25, false, [], false, 0, [], null, 0, 1744324557.8621693, 0, {}]
[{"0": [4, 25, 3, 3, 0, 1, 2, 0, 2, 1, 2, 0, 1, 1, 2, 1, 2]}, null, null, 26, false, [], false, 0, [], null, 0, 1744324558.075802, 0, {}]
[{"0": [3, 4, 5, 0, 3, 35, 22, 29, 28, 29, 32, 1, 0, 1, 1, 2, 5]}, null, null, 27, false, [], false, 0, [], null, 0, 1744324558.2929118, 0, {}]
[{"0": [0, 2, 32, 35, 27, 28, 2, 2, 1, 0, 0, 0, 1, 4, 3, 1, 1]}, null, null, 27, false, [], false, 0, [], null, 0, 1744324558.5032108, 0, {}]
[{"0": [2, 1, 1, 1, 3, 2, 2, 2, 2, 1, 0, 3, 3, 2, 1, 1, 3]}, null, null, 28, false, [], false, 0, [], null, 0, 1744324558.7465742, 0, {}]
[{"0": [3, 29, 28, 36, 2, 0, 0, 3, 6, 2, 1, 2, 3, 1, 2, 5, 3]}, null, null, 28, false, [], false, 0, [], null, 0, 1744324558.9382362, 0, {}]
[{"0": [2, 24, 1, 2, 3, 4, 1, 0, 2, 0, 0, 5, 0, 3, 0, 0, 0]}, null, null, 29, false, [], false, 0, [], null, 0, 1744324559.159598, 0, {}]
[{"0": [2, 0, 5, 4, 0, 3, 3, 5, 1, 1, 2, 3, 3, 4, 2, 1, 1]}, null, null, 30, false, [], false, 0, [], null, 0, 1744324559.380968, 0, {}]
[{"0": [0, 39, 1, 1, 0, 1, 2, 4, 4, 0, 1, 1, 21, 1, 2, 4, 2]}, null, null, 30, false, [], false, 0, [], null, 0, 1744324559.5839903, 0, {}]
[{"0": [3, 28, 31, 4, 1, 2, 4, 3, 1, 0, 1, 0, 6, 2, 0, 1, 2]}, null, null, 31, false, [], false, 0, [], null, 0, 1744324559.8053734, 0, {}]
[{"0": [3, 36, 37, 30, 28, 23, 1, 1, 1, 3, 0, 0, 3, 1, 1, 5, 0]}, null, null, 31, false, [], false, 0, [], null, 0, 1744324560.0214078, 0, {}]
[{"0": [1, 34, 31, 23, 21, 41, 33, 36, 35, 33, 19, 29, 33, 30, 26, 5, 1]}, null, null, 32, false, [], false, 0, [], null, 0, 1744324560.2493722, 0, {}]
[{"0": [0, 35, 3, 2, 1, 2, 1, 3, 1, 1, 1, 2, 2, 2, 2, 2, 3]}, null, null, 33, false, [], false, 0, [], null, 0, 1744324560.4540083, 0, {}]
[{"0": [2, 1, 2, 2, 4, 26, 20, 33, 1, 1, 4, 3, 2, 2, 1, 1, 1]}, null, null, 33, false, [], false, 0, [], null, 0, 1744324560.675888, 0, {}]
[{"0": [5, 23, 35, 2, 2, 2, 0, 0, 1, 2, 2, 5, 1, 3, 0, 3, 4]}, null, null, 34, false, [], false, 0, [], null, 0, 1744324560.884064, 0, {}]
[{"0": [1, 30, 31, 26, 38, 36, 32, 28, 1, 2, 0, 1, 1, 5, 4, 3, 1]}, null, null, 34, false, [], false, 0, [], null, 0, 1744324561.1080194, 0, {}]
[{"0": [3, 46, 25, 34, 30, 30, 1, 1, 2, 3, 3, 3, 1, 1, 3, 0, 2]}, null, null, 35, false, [], false, 0, [], null, 0, 1744324561.3248868, 0, {}]
[{"0": [5, 4, 5, 20, 1, 2, 0, 2, 2, 3, 2, 0, 2, 0, 2, 1, 1]}, null, null, 36, false, [], false, 0, [], null, 0, 1744324561.5440397, 0, {}]
[{"0": [2, 28, 36, 37, 28, 28, 29, 29, 34, 37, 39, 0, 1, 3, 2, 1, 2]}, null, null, 36, false, [], false, 0, [], null, 0, 1744324561.7508583, 0, {}]
[{"0": [1, 27, 29, 33, 31, 34, 45, 3, 2, 0, 0, 0, 0, 3, 1, 2, 0]}, null, null, 17149707381026849102, false, [37], false, 0, [], null, 0, 1744324561.9835181, 0, {}]
[{"0": [1, 37, 43, 45, 29, 36, 2, 2, 3, 2, 3, 2, 3, 3, 1, 1, 2]}, null, null, 37, false, [], false, 0, [], null, 0, 1744324562.1841877, 0, {}]
[{"0": [3, 22, 30, 28, 26, 37, 3, 0, 1, 2, 3, 3, 3, 0, 2, 0, 1]}, null, null, 38, false, [], false, 0, [], null, 0, 1744324562.4193125, 0, {}]
[{"0": [34, 36, 29, 29, 0, 0, 2, 0, 3, 2, 1, 2, 2, 0, 2, 4, 1]}, null, null, 39, false, [], false, 0, [], null, 0, 1744324562.6346457, 0, {}]
[{"0": [3, 33, 27, 35, 19, 0, 2, 3, 0, 1, 0, 1, 2, 3, 4, 2, 0]}, null, null, 39, false, [], false, 0, [], null, 0, 1744324562.8441436, 0, {}]
[{"0": [3, 24, 3, 0, 1, 0, 1, 2, 3, 1, 0, 2, 2, 1, 1, 3, 3]}, null, null, 40, false, [], false, 0, [], null, 0, 1744324563.0531597, 0, {}]
[{"0": [1, 39, 38, 35, 33, 38, 36, 1, 1, 2, 1, 2, 2, 1, 3, 0, 3]}, null, null, 40, false, [], false, 0, [], null, 0, 1744324563.281343, 0, {}]
[{"0": [2, 30, 1, 0, 0, 1, 2, 1, 1, 0, 1, 5, 1, 2, 5, 1, 1]}, null, null, 41, false, [], false, 0, [], null, 0, 1744324563.4783478, 0, {}]
[{"0": [1, 0, 2, 31, 24, 0, 5, 4, 1, 2, 3, 3, 1, 7, 1, 1, 0]}, null, null, 42, false, [], false, 0, [], null, 0, 1744324563.7129295, 0, {}]
[{"0": [3, 30, 35, 29, 39, 2, 2, 1, 3, 4, 0, 2, 3, 2, 2, 3, 2]}, null, null, 42, false, [], false, 0, [], null, 0, 1744324563.9350622, 0, {}]
[{"0": [1, 36, 2, 2, 2, 1, 1, 4, 3, 3, 0, 1, 2, 2, 0, 2, 1]}, null, null, 43, false, [], false, 0, [], null, 0, 1744324564.1342561, 0, {}]
[{"0": [2, 3, 5, 1, 33, 37, 4, 1, 0, 3, 5, 5, 1, 1, 3, 2, 3]}, null, null, 43, false, [], false, 0, [], null, 0, 1744324564.358044, 0, {}]
[{"0": [1, 35, 31, 0, 0, 3, 3, 1, 4, 5, 2, 1, 0, 0, 2, 3, 2]}, null, null, 44, false, [], false, 0, [], null, 0, 1744324564.570722, 0, {}]
[{"0": [1, 2, 0, 2, 1, 1, 1, 1, 1, 1, 1, 1, 33, 29, 31, 41, 42]}, null, null, 45, false, [], false, 0, [], null, 0, 1744324564.7819805, 0, {}]
[{"0": [3, 39, 1, 3, 0, 1, 3, 1, 0, 2, 1, 3, 2, 5, 2, 4, 2]}, null, null, 45, false, [], false, 0, [], null, 0, 1744324564.9991796, 0, {}]
[{"0": [2, 37, 34, 38, 31, 2, 2, 1, 2, 2, 1, 3, 1, 0, 4, 0, 2]}, null, null, 46, false, [], false, 0, [], null, 0, 1744324565.225454, 0, {}]
[{"0": [3, 3, 2, 3, 1, 5, 1, 1, 0, 3, 2, 28, 29, 39, 30, 30, 29]}, null, null, 46, false, [], false, 0, [], null, 0, 1744324565.4336195, 0, {}]
[{"0": [2, 19, 1, 1, 1, 0, 6, 2, 0, 3, 1, 2, 0, 1, 3, 4, 1]}, null, null, 47, false, [], false, 0, [], null, 0, 1744324565.6458728, 0, {}]
[{"0": [3, 28, 32, 38, 4, 0, 2, 2, 1, 5, 2, 0, 3, 3, 4, 0, 1]}, null, null, 48, false, [], false, 0, [], null, 0, 1744324565.87026, 0, {}]
[{"0": [4, 37, 35, 29, 28, 36, 28, 35, 23, 35, 4, 1, 3, 1, 1, 3, 2]}, null, null, 48, false, [], false, 0, [], null, 0, 1744324566.0917122, 0, {}]
[{"0": [45, 1, 1, 2, 6, 0, 3, 1, 6, 3, 4, 3, 4, 3, 1, 1, 6]}, null, null, 49, false, [], false, 0, [], null, 0, 1744324566.3127062, 0, {}]
[{"0": [4, 21, 26, 21, 36, 33, 37, 30, 30, 24, 37, 29, 2, 3, 1, 1, 3]}, null, null, 49, false, [], false, 0, [], null, 0, 1744324566.526412, 0, {}]
[{"0": [3, 0, 2, 1, 1, 2, 1, 3, 1, 5, 0, 1, 2, 1, 2, 2, 4]}, null, null, 50, false, [], false, 0, [], null, 0, 1744324566.7403626, 0, {}]
[{"0": [2, 36, 37, 1, 4, 0, 4, 1, 1, 3, 3, 3, 3, 4, 1, 0, 1]}, null, null, 51, false, [], false, 0, [], null, 0, 1744324566.961999, 0, {}]
[{"0": [1, 0, 0, 2, 3, 3, 0, 27, 41, 25, 39, 31, 34, 39, 31, 28, 25]}, null, null, 51, false, [], false, 0, [], null, 0, 1744324567.1749005, 0, {}]
[{"0": [2, 30, 31, 41, 34, 32, 0, 2, 0, 1, 1, 2, 1, 0, 1, 2, 3]}, null, null, 52, false, [], false, 0, [], null, 0, 1744324567.3859882, 0, {}]
[{"0": [1, 37, 29, 31, 2, 5, 1, 3, 1, 0, 0, 3, 3, 2, 3, 0, 0]}, null, null, 52, false, [], false, 0, [], null, 0, 1744324567.6119635, 0, {}]
[{"0": [1, 3, 2, 33, 25, 32, 35, 24, 30, 39, 0, 1, 0, 0, 3, 0, 2]}, null, null, 53, false, [], false, 0, [], null, 0, 1744324567.8226964, 0, {}]
[{"0": [0, 1, 2, 1, 1, 1, 2, 1, 2, 3, 1, 1, 2, 0, 3, 1, 1]}, null, null, 54, false, [], false, 0, [], null, 0, 1744324568.0454473, 0, {}]
[{"0": [5, 35, 31, 35, 1, 1, 3, 1, 0, 3, 4, 1, 5, 2, 1, 0, 5]}, null, null, 54, false, [], false, 0, [], null, 0, 1744324568.2668993, 0, {}]
[{"0": [3, 4, 1, 1, 2, 1, 1, 2, 2, 3, 1, 0, 2, 0, 3, 7, 1]}, null, null, 55, false, [], false, 0, [], null, 0, 1744324568.4710655, 0, {}]
[{"0": [0, 1, 2, 2, 1, 3, 1, 0, 3, 3, 2, 3, 1, 6, 2, 4, 4]}, null, null, 55, false, [], false, 0, [], null, 0, 1744324568.689643, 0, {}]
[{"0": [1, 2, 2, 4, 1, 0, 24, 28, 1, 3, 0, 1, 0, 1, 3, 1, 4]}, null, null, 56, false, [], false, 0, [], null, 0, 1744324568.911667, 0, {}]
[{"0": [4, 37, 27, 33, 33, 30, 44, 1, 0, 1, 3, 2, 2, 2, 2, 2, 2]}, null, null, 57, false, [], false, 0, [], null, 0, 1744324569.1238587, 0, {}]
[{"0": [0, 2, 3, 26, 33, 30, 27, 3, 1, 2, 4, 2, 1, 2, 2, 1, 3]}, null, null, 57, false, [], false, 0, [], null, 0, 1744324569.3382497, 0, {}]
[{"0": [2, 6, 1, 30, 4, 1, 4, 3, 3, 0, 0, 1, 1, 2, 3, 1, 1]}, null, null, 58, false, [], false, 0, [], null, 0, 1744324569.5574982, 0, {}]
[{"0": [4, 1, 1, 3, 3, 1, 21, 34, 35, 32, 29, 27, 30, 29, 21, 42, 23]}, null, null, 58, false, [], false, 0, [], null, 0, 1744324569.764854, 0, {}]
[{"0": [1, 2, 3, 0, 27, 41, 27, 28, 26, 25, 28, 28, 38, 34, 45, 3, 0]}, null, null, 59, false, [], false, 0, [], null, 0, 1744324569.9951768, 0, {}]
[{"0": [3, 4, 3, 1, 2, 3, 6, 1, 2, 1, 1, 4, 4, 3, 1, 1, 3]}, null, null, 60, false, [], false, 0, [], null, 0, 1744324570.2178922, 0, {}]
[{"0": [2, 3, 1, 29, 33, 32, 32, 18, 28, 4, 3, 2, 3, 3, 8, 2, 2]}, null, null, 60, false, [], false, 0, [], null, 0, 1744324570.431605, 0, {}]
[{"0": [2, 0, 26, 32, 36, 25, 41, 35, 5, 5, 3, 2, 2, 1, 1, 0, 2]}, null, null, 61, false, [], false, 0, [], null, 0, 1744324570.641013, 0, {}]
[{"0": [1, 0, 1, 0, 3, 2, 35, 3, 2, 0, 3, 3, 2, 0, 3, 1, 1]}, null, null, 61, false, [], false, 0, [], null, 0, 1744324570.8659787, 0, {}]
[{"0": [3, 34, 38, 25, 20, 32, 28, 34, 34, 3, 2, 2, 2, 1, 3, 2, 2]}, null, null, 62, false, [], false, 0, [], null, 0, 1744324571.0705724, 0, {}]
[{"0": [1, 42, 37, 41, 42, 37, 23, 24, 33, 27, 30, 36, 30, 28, 32, 46, 18]}, null, null, 63, false, [], false, 0, [], null, 0, 1744324571.2847097, 0, {}]
[{"0": [3, 29, 3, 1, 3, 1, 0, 1, 3, 1, 0, 3, 1, 1, 3, 2, 2]}, null, null, 63, false, [], false, 0, [], null, 0, 1744324571.506815, 0, {}]
[{"0": [4, 2, 5, 4, 3, 2, 1, 1, 1, 1, 0, 1, 3, 2, 2, 2, 1]}, null, null, 64, false, [], false, 0, [], null, 0, 1744324571.7178419, 0, {}]
[{"0": [31, 4, 3, 1, 7, 1, 2, 1, 3, 2, 1, 2, 1, 2, 0, 2, 3]}, null, null, 64, false, [], false, 0, [], null, 0, 1744324571.9382327, 0, {}]
[{"0": [3, 27, 37, 34, 1, 1, 7, 4, 1, 1, 1, 3, 0, 2, 0, 0, 1]}, null, null, 65, false, [], false, 0, [], null, 0, 1744324572.1604319, 0, {}]
[{"0": [0, 37, 26, 50, 31, 27, 27, 38, 34, 30, 21, 35, 40, 18, 33, 29, 35]}, null, null, 66, false, [], false, 0, [], null, 0, 1744324572.3689146, 0, {}]
[{"0": [6, 2, 3, 1, 5, 1, 2, 2, 4, 3, 3, 2, 1, 4, 1, 3, 1]}, null, null, 66, false, [], false, 0, [], null, 0, 1744324572.5817423, 0, {}]
[{"0": [2, 3, 3, 2, 4, 1, 2, 18, 36, 22, 1, 2, 4, 1, 1, 5, 0]}, null, null, 67, false, [], false, 0, [], null, 0, 1744324572.8135724, 0, {}]
[{"0": [3, 38, 26, 37, 35, 19, 22, 28, 4, 1, 2, 4, 2, 2, 6, 3, 1]}, null, null, 67, false, [], false, 0, [], null, 0, 1744324573.0235226, 0, {}]
[{"0": [5, 38, 28, 27, 41, 32, 34, 33, 31, 40, 34, 2, 3, 2, 4, 5, 1]}, null, null, 68, false, [], false, 0, [], null, 0, 1744324573.2430754, 0, {}]
[{"0": [3, 1, 33, 29, 32, 4, 0, 1, 2, 4, 2, 3, 4, 2, 0, 3, 2]}, null, null, 69, false, [], false, 0, [], null, 0, 1744324573.4493923, 0, {}]
[{"0": [5, 23, 1, 6, 2, 0, 3, 2, 2, 1, 2, 5, 3, 4, 3, 3, 7]}, null, null, 69, false, [], false, 0, [], null, 0, 1744324573.6738863, 0, {}]
[{"0": [0, 27, 41, 29, 29, 37, 32, 6, 1, 1, 0, 2, 0, 2, 2, 2, 2]}, null, null, 70, false, [], false, 0, [], null, 0, 1744324573.8926384, 0, {}]
[{"0": [1, 5, 3, 3, 2, 3, 1, 2, 1, 3, 3, 4, 2, 5, 2, 2, 2]}, null, null, 70, false, [], false, 0, [], null, 0, 1744324574.1108992, 0, {}]
[{"0": [0, 2, 3, 1, 30, 25, 3, 1, 3, 3, 2, 3, 1, 1, 1, 0, 1]}, null, null, 71, false, [], false, 0, [], null, 0, 1744324574.315995, 0, {}]
[{"0": [0, 4, 3, 27, 30, 36, 4, 3, 0, 3, 3, 0, 1, 0, 1, 0, 1]}, null, null, 72, false, [], false, 0, [], null, 0, 1744324574.5444489, 0, {}]
[{"0": [1, 36, 35, 33, 29, 27, 18, 31, 31, 27, 34, 41, 31, 45, 44, 1, 2]}, null, null, 72, false, [], false, 0, [], null, 0, 1744324574.746897, 0, {}]
[{"0": [3, 42, 27, 34, 35, 28, 2, 2, 1, 2, 1, 4, 2, 0, 2, 3, 0]}, null, null, 73, false, [], false, 0, [], null, 0, 1744324574.981708, 0, {}]
[{"0": [1, 3, 2, 2, 0, 0, 1, 4, 2, 0, 1, 27, 0, 1, 1, 0, 1]}, null, null, 73, false, [], false, 0, [], null, 0, 1744324575.1821754, 0, {}]
[{"0": [1, 33, 3, 1, 3, 2, 0, 2, 2, 3, 3, 2, 2, 2, 3, 1, 2]}, null, null, 74, false, [], false, 0, [], null, 0, 1744324575.400874, 0, {}]
[{"0": [2, 1, 2, 5, 2, 2, 4, 2, 0, 1, 1, 0, 3, 1, 0, 2, 4]}, null, null, 75, false, [], false, 0, [], null, 0, 1744324575.6127684, 0, {}]
[{"0": [1, 4, 1, 3, 3, 1, 36, 40, 32, 34, 3, 5, 2, 3, 1, 5, 2]}, null, null, 75, false, [], false, 0, [], null, 0, 1744324575.8305254, 0, {}]
[{"0": [2, 28, 31, 16, 33, 35, 33, 36, 21, 27, 24, 24, 31, 29, 2, 0, 2]}, null, null, 76, false, [], false, 0, [], null, 0, 1744324576.0498164, 0, {}]
[{"0": [1, 3, 1, 2, 1, 2, 1, 1, 1, 3, 31, 1, 2, 2, 3, 2, 0]}, null, null, 77, false, [], false, 0, [], null, 0, 1744324576.2680762, 0, {}]
[{"0": [3, 46, 35, 31, 36, 2, 1, 2, 4, 0, 1, 4, 2, 4, 5, 0, 1]}, null, null, 77, false, [], false, 0, [], null, 0, 1744324576.4867332, 0, {}]
[{"0": [5, 2, 1, 5, 2, 2, 3, 4, 2, 36, 36, 19, 35, 32, 31, 1, 0]}, null, null, 78, false, [], false, 0, [], null, 0, 1744324576.6921947, 0, {}]
[{"0": [2, 35, 34, 36, 34, 0, 1, 0, 4, 1, 1, 0, 3, 2, 1, 1, 1]}, null, null, 78, false, [], false, 0, [], null, 0, 1744324576.9195492, 0, {}]
[{"0": [1, 0, 7, 0, 1, 3, 37, 36, 3, 0, 0, 2, 1, 2, 1, 4, 3]}, null, null, 79, false, [], false, 0, [], null, 0, 1744324577.1236072, 0, {}]
[{"0": [5, 1, 1, 25, 27, 29, 2, 2, 2, 0, 1, 3, 1, 2, 3, 0, 2]}, null, null, 80, false, [], false, 0, [], null, 0, 1744324577.348538, 0, {}]
[{"0": [2, 3, 1, 3, 1, 1, 1, 36, 33, 40, 1, 3, 4, 2, 4, 2, 2]}, null, null, 80, false, [], false, 0, [], null, 0, 1744324577.5761979, 0, {}]
[{"0": [5, 2, 2, 3, 4, 1, 3, 2, 0, 2, 1, 1, 3, 3, 0, 3, 5]}, null, null, 81, false, [], false, 0, [], null, 0, 1744324577.7910876, 0, {}]
[{"0": [2, 30, 3, 5, 4, 0, 3, 2, 1, 1, 3, 0, 3, 2, 2, 3, 2]}, null, null, 81, false, [], false, 0, [], null, 0, 1744324578.0121276, 0, {}]
[{"0": [3, 17, 28, 26, 27, 31, 35, 1, 1, 3, 0, 0, 4, 1, 3, 5, 4]}, null, null, 82, false, [], false, 0, [], null, 0, 1744324578.2242732, 0, {}]
[{"0": [4, 1, 1, 3, 2, 4, 0, 2, 1, 27, 29, 30, 34, 2, 2, 5, 2]}, null, null, 83, false, [], false, 0, [], null, 0, 1744324578.4271379, 0, {}]
[{"0": [0, 25, 26, 30, 34, 2, 3, 3, 2, 2, 1, 1, 3, 0, 2, 1, 2]}, null, null, 83, false, [], false, 0, [], null, 0, 1744324578.648075, 0, {}]
[{"0": [2, 31, 30, 41, 25, 3, 1, 1, 2, 2, 1, 1, 2, 1, 3, 1, 2]}, null, null, 84, false, [], false, 0, [], null, 0, 1744324578.8693054, 0, {}]
[{"0": [2, 1, 2, 35, 35, 27, 1, 2, 1, 4, 2, 2, 2, 2, 1, 0, 3]}, null, null, 84, false, [], false, 0, [], null, 0, 1744324579.0842538, 0, {}]
[{"0": [3, 20, 36, 31, 35, 19, 7, 2, 3, 0, 1, 1, 3, 2, 1, 0, 1]}, null, null, 85, false, [], false, 0, [], null, 0, 1744324579.3151052, 0, {}]
[{"0": [0, 4, 2, 1, 1, 1, 33, 5, 5, 1, 3, 1, 4, 2, 1, 1, 2]}, null, null, 86, false, [], false, 0, [], null, 0, 1744324579.5276532, 0, {}]
[{"0": [2, 27, 3, 2, 0, 1, 3, 1, 3, 0, 0, 2, 0, 5, 3, 1, 1]}, null, null, 86, false, [], false, 0, [], null, 0, 1744324579.7312315, 0, {}]
[{"0": [2, 3, 2, 1, 3, 46, 34, 40, 2, 2, 1, 2, 1, 0, 3, 4, 4]}, null, null, 87, false, [], false, 0, [], null, 0, 1744324579.9600148, 0, {}]
[{"0": [2, 34, 33, 32, 25, 1, 4, 4, 4, 2, 1, 3, 3, 0, 1, 4, 2]}, null, null, 87, false, [], false, 0, [], null, 0, 1744324580.1606238, 0, {}]
[{"0": [1, 3, 3, 3, 0, 0, 0, 0, 1, 3, 2, 1, 0, 3, 0, 2, 2]}, null, null, 88, false, [], false, 0, [], null, 0, 1744324580.3879895, 0, {}]
[{"0": [2, 27, 29, 46, 1, 0, 0, 2, 1, 2, 4, 0, 1, 2, 10, 1, 2]}, null, null, 89, false, [], false, 0, [], null, 0, 1744324580.6091983, 0, {}]
[{"0": [4, 23, 4, 2, 0, 2, 1, 2, 2, 5, 2, 1, 0, 1, 6, 0, 2]}, null, null, 89, false, [], false, 0, [], null, 0, 1744324580.8107631, 0, {}]
[{"0": [0, 36, 30, 2, 1, 2, 1, 5, 1, 0, 1, 1, 3, 2, 0, 3, 0]}, null, null, 90, false, [], false, 0, [], null, 0, 1744324581.0254943, 0, {}]
[{"0": [3, 39, 1, 1, 4, 2, 2, 1, 2, 1, 1, 1, 3, 1, 3, 2, 3]}, null, null, 90, false, [], false, 0, [], null, 0, 1744324581.251093, 0, {}]
[{"0": [1, 1, 1, 1, 3, 2, 5, 1, 2, 6, 6, 2, 1, 1, 3, 3, 1]}, null, null, 91, false, [], false, 0, [], null, 0, 1744324581.4656477, 0, {}]
[{"0": [2, 1, 4, 1, 1, 0, 2, 1, 2, 22, 33, 2, 2, 1, 1, 1, 1]}, null, null, 92, false, [], false, 0, [], null, 0, 1744324581.6801481, 0, {}]
[{"0": [3, 23, 0, 5, 1, 0, 2, 2, 2, 0, 1, 2, 1, 3, 1, 1, 1]}, null, null, 92, false, [], false, 0, [], null, 0, 1744324581.9058437, 0, {}]
[{"0": [1, 1, 2, 1, 2, 4, 0, 1, 1, 3, 1, 0, 36, 34, 31, 0, 1]}, null, null, 93, false, [], false, 0, [], null, 0, 1744324582.1236494, 0, {}]
[{"0": [3, 2, 2, 27, 3, 4, 1, 2, 2, 1, 3, 1, 2, 1, 0, 0, 0]}, null, null, 93, false, [], false, 0, [], null, 0, 1744324582.3349314, 0, {}]
[{"0": [5, 31, 44, 35, 29, 33, 38, 30, 32, 1, 0, 6, 3, 2, 1, 0, 1]}, null, null, 94, false, [], false, 0, [], null, 0, 1744324582.54539, 0, {}]
[{"0": [3, 37, 23, 1, 3, 0, 2, 5, 1, 3, 1, 2, 2, 3, 0, 1, 2]}, null, null, 95, false, [], false, 0, [], null, 0, 1744324582.7653112, 0, {}]
[{"0": [2, 0, 2, 2, 3, 6, 2, 1, 0, 1, 4, 0, 31, 27, 3, 2, 2]}, null, null, 95, false, [], false, 0, [], null, 0, 1744324582.9808698, 0, {}]
[{"0": [1, 19, 1, 2, 3, 0, 1, 2, 1, 1, 2, 3, 2, 1, 0, 1, 2]}, null, null, 96, false, [], false, 0, [], null, 0, 1744324583.2012312, 0, {}]
[{"0": [2, 2, 2, 3, 2, 4, 2, 3, 2, 1, 27, 43, 35, 38, 41, 38, 31]}, null, null, 96, false, [], false, 0, [], null, 0, 1744324583.411419, 0, {}]
[{"0": [0, 4, 3, 1, 29, 4, 2, 1, 4, 3, 0, 4, 0, 4, 3, 2, 3]}, null, null, 97, false, [], false, 0, [], null, 0, 1744324583.6386921, 0, {}]
[{"0": [2, 4, 4, 0, 2, 1, 0, 1, 1, 1, 3, 2, 31, 39, 33, 40, 25]}, null, null, 98, false, [], false, 0, [], null, 0, 1744324583.8472161, 0, {}]
[{"0": [2, 26, 1, 4, 2, 2, 3, 3, 2, 3, 3, 0, 2, 2, 2, 1, 3]}, null, null, 98, false, [], false, 0, [], null, 0, 1744324584.0628886, 0, {}]
[{"0": [3, 4, 3, 36, 36, 17, 40, 5, 0, 1, 4, 2, 4, 0, 3, 2, 2]}, null, null, 99, false, [], false, 0, [], null, 0, 1744324584.2800925, 0, {}]
[{"0": [0, 1, 0, 0, 3, 2, 1, 31, 23, 24, 24, 31, 30, 31, 24, 25, 29]}, null, null, 99, false, [], false, 0, [], null, 0, 1744324584.5012004, 0, {}]
[{"0": [1, 27, 24, 37, 31, 25, 37, 32, 34, 30, 35, 35, 1, 2, 3, 2, 2]}, null, null, 100, false, [], false, 0, [], null, 0, 1744324584.7124155, 0, {}]
[{"0": [0, 32, 32, 35, 31, 42, 32, 2, 0, 0, 2, 1, 0, 1, 2, 2, 3]}, null, null, 101, false, [], false, 0, [], null, 0, 1744324584.9386747, 0, {}]
[{"0": [1, 24, 36, 31, 41, 33, 2, 2, 23, 38, 28, 24, 46, 35, 30, 26, 29]}, null, null, 101, false, [], false, 0, [], null, 0, 1744324585.152889, 0, {}]
[{"0": [3, 3, 1, 3, 2, 0, 36, 33, 26, 29, 42, 0, 0, 4, 3, 1, 4]}, null, null, 102, false, [], false, 0, [], null, 0, 1744324585.36201, 0, {}]
[{"0": [0, 25, 33, 4, 1, 2, 1, 0, 1, 1, 1, 0, 2, 4, 2, 1, 1]}, null, null, 102, false, [], false, 0, [], null, 0, 1744324585.5807025, 0, {}]
[{"0": [0, 34, 31, 2, 3, 2, 3, 0, 2, 1, 2, 2, 3, 2, 1, 3, 3]}, null, null, 103, false, [], false, 0, [], null, 0, 1744324585.799721, 0, {}]
[{"0": [1, 38, 1, 0, 2, 0, 0, 5, 4, 2, 0, 2, 0, 2, 1, 2, 2]}, null, null, 104, false, [], false, 0, [], null, 0, 1744324586.0275586, 0, {}]
[{"0": [2, 0, 1, 1, 36, 2, 1, 2, 2, 4, 2, 1, 4, 1, 0, 1, 1]}, null, null, 104, false, [], false, 0, [], null, 0, 1744324586.2326126, 0, {}]
[{"0": [3, 2, 1, 3, 0, 2, 35, 2, 1, 1, 1, 1, 1, 2, 1, 3, 2]}, null, null, 105, false, [], false, 0, [], null, 0, 1744324586.4509528, 0, {}]
[{"0": [1, 5, 0, 3, 2, 1, 1, 0, 1, 2, 2, 0, 3, 28, 2, 0, 1]}, null, null, 105, false, [], false, 0, [], null, 0, 1744324586.6575348, 0, {}]
[{"0": [2, 1, 1, 2, 5, 2, 6, 2, 3, 1, 1, 4, 1, 3, 2, 1, 1]}, null, null, 106, false, [], false, 0, [], null, 0, 1744324586.8745964, 0, {}]
[{"0": [2, 36, 1, 2, 2, 2, 1, 3, 1, 2, 1, 1, 1, 0, 2, 2, 1]}, null, null, 107, false, [], false, 0, [], null, 0, 1744324587.0927746, 0, {}]
[{"0": [34, 42, 1, 2, 3, 3, 2, 3, 0, 1, 2, 1, 3, 0, 1, 4, 1]}, null, null, 107, false, [], false, 0, [], null, 0, 1744324587.317436, 0, {}]
[{"0": [4, 4, 1, 5, 28, 2, 1, 2, 1, 2, 2, 4, 1, 0, 4, 2, 3]}, null, null, 108, false, [], false, 0, [], null, 0, 1744324587.5262842, 0, {}]
[{"0": [1, 1, 0, 2, 0, 0, 6, 1, 0, 4, 2, 2, 1, 1, 2, 5, 0]}, null, null, 108, false, [], false, 0, [], null, 0, 1744324587.7505293, 0, {}]
[{"0": [0, 39, 32, 3, 8, 1, 1, 1, 2, 2, 2, 2, 3, 2, 2, 2, 6]}, null, null, 109, false, [], false, 0, [], null, 0, 1744324587.9679692, 0, {}]
[{"0": [3, 31, 37, 28, 41, 34, 36, 31, 30, 0, 0, 1, 1, 3, 1, 1, 5]}, null, null, 110, false, [], false, 0, [], null, 0, 1744324588.1914291, 0, {}]
[{"0": [2, 1, 1, 2, 1, 1, 38, 42, 35, 36, 25, 1, 1, 1, 3, 2, 2]}, null, null, 110, false, [], false, 0, [], null, 0, 1744324588.385087, 0, {}]
[{"0": [3, 38, 33, 30, 40, 30, 28, 34, 35, 40, 42, 37, 32, 34, 41, 32, 32]}, null, null, 111, false, [], false, 0, [], null, 0, 1744324588.6067026, 0, {}]
[{"0": [2, 0, 0, 2, 2, 5, 3, 2, 0, 2, 29, 29, 3, 2, 2, 2, 3]}, null, null, 111, false, [], false, 0, [], null, 0, 1744324588.8303885, 0, {}]
[{"0": [1, 30, 3, 3, 3, 2, 0, 1, 2, 1, 0, 2, 1, 1, 2, 3, 0]}, null, null, 112, false, [], false, 0, [], null, 0, 1744324589.0564003, 0, {}]
[{"0": [1, 43, 27, 36, 28, 28, 48, 3, 0, 3, 3, 2, 3, 2, 2, 2, 0]}, null, null, 113, false, [], false, 0, [], null, 0, 1744324589.2639127, 0, {}]
[{"0": [4, 1, 0, 3, 3, 1, 1, 5, 1, 2, 32, 2, 0, 1, 3, 1, 1]}, null, null, 113, false, [], false, 0, [], null, 0, 1744324589.4807115, 0, {}]
[{"0": [4, 36, 3, 1, 3, 1, 3, 2, 3, 3, 1, 1, 1, 3, 1, 3, 2]}, null, null, 114, false, [], false, 0, [], null, 0, 1744324589.708599, 0, {}]
[{"0": [2, 25, 40, 1, 1, 0, 3, 1, 2, 6, 2, 2, 0, 1, 1, 2, 0]}, null, null, 114, false, [], false, 0, [], null, 0, 1744324589.918291, 0, {}]
[{"0": [2, 2, 1, 1, 1, 3, 2, 30, 30, 2, 1, 1, 0, 1, 1, 2, 2]}, null, null, 115, false, [], false, 0, [], null, 0, 1744324590.1342986, 0, {}]
[{"0": [4, 36, 43, 27, 30, 31, 29, 42, 30, 41, 2, 1, 0, 3, 1, 0, 2]}, null, null, 116, false, [], false, 0, [], null, 0, 1744324590.344338, 0, {}]
[{"0": [3, 33, 31, 32, 44, 27, 43, 35, 37, 1, 3, 4, 1, 2, 0, 0, 1]}, null, null, 116, false, [], false, 0, [], null, 0, 1744324590.5577078, 0, {}]
[{"0": [1, 0, 3, 0, 3, 3, 2, 1, 0, 1, 27, 0, 3, 3, 3, 1, 0]}, null, null, 117, false, [], false, 0, [], null, 0, 1744324590.7833326, 0, {}]
[{"0": [3, 4, 2, 2, 3, 3, 4, 1, 2, 3, 0, 5, 1, 25, 29, 33, 34]}, null, null, 117, false, [], false, 0, [], null, 0, 1744324591.0064375, 0, {}]
[{"0": [0, 35, 3, 0, 0, 3, 2, 0, 4, 1, 0, 0, 1, 2, 2, 1, 3]}, null, null, 118, false, [], false, 0, [], null, 0, 1744324591.213423, 0, {}]
[{"0": [0, 2, 0, 0, 2, 2, 2, 1, 1, 5, 28, 1, 1, 2, 2, 1, 2]}, null, null, 119, false, [], false, 0, [], null, 0, 1744324591.437748, 0, {}]
[{"0": [0, 1, 2, 6, 2, 2, 6, 1, 3, 1, 3, 3, 3, 2, 1, 4, 3]}, null, null, 119, false, [], false, 0, [], null, 0, 1744324591.6472948, 0, {}]
[{"0": [3, 3, 35, 6, 1, 2, 4, 3, 1, 3, 2, 2, 0, 1, 0, 1, 3]}, null, null, 120, false, [], false, 0, [], null, 0, 1744324591.8537421, 0, {}]
[{"0": [4, 2, 4, 2, 1, 0, 0, 3, 1, 1, 2, 1, 32, 0, 4, 0, 2]}, null, null, 120, false, [], false, 0, [], null, 0, 1744324592.0783541, 0, {}]
[{"0": [37, 38, 29, 28, 27, 34, 23, 38, 32, 25, 42, 2, 3, 2, 0, 1, 1]}, null, null, 121, false, [], false, 0, [], null, 0, 1744324592.303486, 0, {}]
[{"0": [2, 2, 3, 2, 2, 1, 0, 2, 1, 1, 1, 3, 0, 0, 2, 32, 32]}, null, null, 122, false, [], false, 0, [], null, 0, 1744324592.512637, 0, {}]
[{"0": [2, 3, 1, 1, 2, 1, 5, 2, 1, 1, 2, 3, 0, 3, 0, 1, 0]}, null, null, 122, false, [], false, 0, [], null, 0, 1744324592.7193196, 0, {}]
[{"0": [2, 3, 2, 2, 7, 3, 0, 5, 0, 2, 5, 33, 37, 30, 1, 3, 1]}, null, null, 123, false, [], false, 0, [], null, 0, 1744324592.9354532, 0, {}]
[{"0": [27, 30, 27, 34, 37, 30, 36, 32, 34, 21, 33, 29, 18, 34, 22, 34, 26]}, null, null, 123, false, [], false, 0, [], null, 0, 1744324593.1713402, 0, {}]
[{"0": [28, 27, 35, 37, 21, 0, 1, 2, 1, 4, 4, 2, 2, 1, 1, 0, 1]}, null, null, 124, false, [], false, 0, [], null, 0, 1744324593.3701496, 0, {}]
[{"0": [2, 1, 2, 1, 2, 1, 0, 1, 3, 4, 34, 0, 1, 2, 8, 5, 1]}, null, null, 125, false, [], false, 0, [], null, 0, 1744324593.6036892, 0, {}]
[{"0": [1, 35, 26, 35, 26, 1, 0, 4, 0, 1, 2, 1, 2, 4, 1, 2, 1]}, null, null, 125, false, [], false, 0, [], null, 0, 1744324593.8098516, 0, {}]
[{"0": [0, 36, 36, 27, 35, 31, 28, 28, 31, 27, 24, 29, 36, 30, 39, 36, 1]}, null, null, 126, false, [], false, 0, [], null, 0, 1744324594.0305321, 0, {}]
[{"0": [7, 34, 37, 0, 1, 1, 3, 1, 4, 2, 1, 1, 1, 3, 5, 2, 1]}, null, null, 127, false, [], false, 0, [], null, 0, 1744324594.2505705, 0, {}]
[{"0": [2, 2, 4, 2, 1, 0, 0, 2, 3, 4, 3, 2, 1, 0, 3, 0, 2]}, null, null, 127, false, [], false, 0, [], null, 0, 1744324594.4514372, 0, {}]
[{"0": [3, 37, 4, 1, 1, 2, 1, 2, 3, 2, 1, 1, 0, 4, 1, 1, 1]}, null, null, 128, false, [], false, 0, [], null, 0, 1744324594.665592, 0, {}]
[{"0": [5, 2, 3, 3, 1, 2, 29, 2, 4, 2, 0, 1, 1, 1, 1, 2, 2]}, null, null, 128, false, [], false, 0, [], null, 0, 1744324594.8992195, 0, {}]
[{"0": [1, 2, 0, 1, 2, 2, 1, 2, 2, 33, 36, 1, 1, 1, 0, 0, 0]}, null, null, 129, false, [], false, 0, [], null, 0, 1744324595.1110811, 0, {}]
[{"0": [38, 1, 1, 2, 2, 3, 1, 4, 2, 1, 1, 31, 22, 0, 0, 1, 1]}, null, null, 130, false, [], false, 0, [], null, 0, 1744324595.339317, 0, {}]
[{"0": [33, 23, 32, 26, 38, 29, 43, 32, 0, 2, 1, 0, 2, 2, 0, 0, 3]}, null, null, 130, false, [], false, 0, [], null, 0, 1744324595.5449357, 0, {}]
[{"0": [3, 0, 5, 0, 4, 1, 2, 2, 1, 0, 1, 0, 39, 33, 33, 28, 31]}, null, null, 131, false, [], false, 0, [], null, 0, 1744324595.7536511, 0, {}]
[{"0": [23, 29, 30, 21, 38, 26, 22, 23, 34, 1, 0, 0, 1, 0, 0, 3, 6]}, null, null, 131, false, [], false, 0, [], null, 0, 1744324595.9832833, 0, {}]
[{"0": [2, 22, 28, 19, 25, 2, 1, 1, 0, 2, 1, 0, 2, 0, 2, 3, 1]}, null, null, 132, false, [], false, 0, [], null, 0, 1744324596.1845038, 0, {}]
[{"0": [1, 28, 35, 35, 1, 1, 2, 1, 6, 3, 1, 0, 2, 2, 3, 0, 1]}, null, null, 133, false, [], false, 0, [], null, 0, 1744324596.4109273, 0, {}]
[{"0": [6, 23, 3, 2, 3, 1, 1, 2, 3, 1, 3, 0, 3, 1, 2, 3, 1]}, null, null, 133, false, [], false, 0, [], null, 0, 1744324596.6323986, 0, {}]
[{"0": [2, 38, 22, 1, 0, 1, 1, 4, 1, 0, 2, 1, 3, 3, 0, 0, 4]}, null, null, 134, false, [], false, 0, [], null, 0, 1744324596.8484104, 0, {}]
[{"0": [1, 30, 28, 35, 1, 1, 5, 2, 0, 1, 1, 0, 2, 1, 1, 3, 0]}, null, null, 134, false, [], false, 0, [], null, 0, 1744324597.0646794, 0, {}]
[{"0": [0, 17, 33, 25, 21, 22, 40, 30, 25, 35, 28, 2, 0, 1, 1, 0, 1]}, null, null, 135, false, [], false, 0, [], null, 0, 1744324597.2701037, 0, {}]
[{"0": [2, 28, 29, 26, 26, 29, 1, 3, 1, 3, 1, 0, 2, 2, 3, 3, 1]}, null, null, 136, false, [], false, 0, [], null, 0, 1744324597.4806972, 0, {}]
[{"0": [2, 1, 1, 0, 2, 4, 23, 29, 2, 1, 5, 3, 0, 3, 1, 0, 2]}, null, null, 136, false, [], false, 0, [], null, 0, 1744324597.6992972, 0, {}]
[{"0": [0, 2, 1, 1, 2, 0, 0, 0, 0, 3, 1, 1, 0, 1, 1, 3, 1]}, null, null, 137, false, [], false, 0, [], null, 0, 1744324597.9393106, 0, {}]
[{"0": [3, 41, 39, 22, 36, 26, 28, 41, 32, 38, 4, 1, 0, 0, 1, 1, 4]}, null, null, 137, false, [], false, 0, [], null, 0, 1744324598.1514843, 0, {}]
[{"0": [3, 2, 4, 2, 2, 1, 0, 1, 1, 1, 0, 5, 2, 3, 3, 2, 0]}, null, null, 138, false, [], false, 0, [], null, 0, 1744324598.3535483, 0, {}]
[{"0": [2, 27, 33, 25, 30, 30, 0, 1, 4, 1, 3, 3, 0, 0, 3, 3, 3]}, null, null, 139, false, [], false, 0, [], null, 0, 1744324598.5728464, 0, {}]
[{"0": [26, 3, 1, 1, 0, 2, 3, 0, 2, 1, 1, 1, 0, 2, 1, 2, 4]}, null, null, 139, false, [], false, 0, [], null, 0, 1744324598.781754, 0, {}]
[{"0": [0, 4, 1, 1, 2, 1, 3, 1, 4, 0, 1, 26, 27, 40, 21, 31, 31]}, null, null, 140, false, [], false, 0, [], null, 0, 1744324598.9989493, 0, {}]
[{"0": [3, 28, 35, 37, 28, 42, 35, 24, 2, 2, 0, 1, 4, 2, 1, 0, 1]}, null, null, 140, false, [], false, 0, [], null, 0, 1744324599.2251725, 0, {}]
[{"0": [1, 38, 28, 22, 27, 26, 25, 27, 29, 30, 25, 37, 33, 32, 28, 33, 38]}, null, null, 141, false, [], false, 0, [], null, 0, 1744324599.4532714, 0, {}]
[{"0": [3, 34, 36, 35, 24, 1, 0, 0, 1, 3, 1, 2, 2, 3, 3, 2, 1]}, null, null, 142, false, [], false, 0, [], null, 0, 1744324599.6657495, 0, {}]
[{"0": [0, 32, 32, 27, 36, 32, 20, 28, 2, 2, 3, 1, 2, 1, 1, 3, 1]}, null, null, 142, false, [], false, 0, [], null, 0, 1744324599.8768969, 0, {}]
[{"0": [1, 3, 0, 1, 2, 1, 2, 4, 4, 0, 3, 32, 33, 25, 29, 4, 4]}, null, null, 143, false, [], false, 0, [], null, 0, 1744324600.103402, 0, {}]
[{"0": [1, 23, 38, 30, 3, 3, 1, 1, 3, 3, 3, 1, 2, 0, 1, 2, 1]}, null, null, 143, false, [], false, 0, [], null, 0, 1744324600.3137467, 0, {}]
[{"0": [2, 27, 0, 4, 1, 1, 1, 0, 0, 2, 1, 4, 2, 1, 1, 1, 2]}, null, null, 144, false, [], false, 0, [], null, 0, 1744324600.5315187, 0, {}]
[{"0": [2, 36, 27, 33, 35, 33, 25, 0, 3, 1, 1, 2, 2, 4, 0, 2, 4]}, null, null, 145, false, [], false, 0, [], null, 0, 1744324600.7473009, 0, {}]
[{"0": [1, 39, 33, 2, 1, 2, 2, 1, 1, 1, 2, 3, 3, 2, 2, 5, 1]}, null, null, 145, false, [], false, 0, [], null, 0, 1744324600.9652016, 0, {}]
[{"0": [3, 0, 2, 5, 3, 0, 1, 28, 30, 26, 32, 0, 0, 4, 0, 1, 0]}, null, null, 146, false, [], false, 0, [], null, 0, 1744324601.1726282, 0, {}]
[{"0": [0, 35, 30, 28, 30, 21, 35, 26, 42, 4, 1, 0, 1, 1, 4, 0, 2]}, null, null, 146, false, [], false, 0, [], null, 0, 1744324601.3868115, 0, {}]
[{"0": [1, 31, 24, 39, 29, 28, 36, 26, 3, 1, 0, 2, 0, 3, 2, 2, 1]}, null, null, 147, false, [], false, 0, [], null, 0, 1744324601.6074164, 0, {}]
[{"0": [1, 37, 33, 23, 33, 35, 32, 23, 32, 33, 34, 35, 35, 34, 35, 37, 29]}, null, null, 148, false, [], false, 0, [], null, 0, 1744324601.83488, 0, {}]
[{"0": [2, 3, 1, 1, 3, 1, 1, 33, 1, 0, 4, 3, 2, 0, 1, 4, 3]}, null, null, 148, false, [], false, 0, [], null, 0, 1744324602.0501912, 0, {}]
[{"0": [31, 32, 24, 34, 31, 3, 2, 3, 2, 3, 3, 5, 0, 3, 3, 2, 2]}, null, null, 149, false, [], false, 0, [], null, 0, 1744324602.25591, 0, {}]
[{"0": [2, 0, 6, 1, 2, 0, 4, 0, 0, 2, 2, 1, 2, 0, 0, 1, 1]}, null, null, 149, false, [], false, 0, [], null, 0, 1744324602.4775584, 0, {}]
[{"0": [0, 4, 2, 1, 4, 1, 2, 32, 34, 1, 2, 3, 0, 2, 0, 3, 1]}, null, null, 150, true, [], false, 0, [], null, 0, 1744324602.6986718, 0, {}]
