[{"0": [2, 2, 4, 1, 4, 1, 1, 3, 34, 29, 29, 1, 2, 2, 1]}, null, null, 0, false, [], false, 0, [], null, 0, 1744308657.5857353, 0, {}]
[{"0": [0, 3, 1, 2, 2, 3, 38, 36, 4, 3, 3, 1, 3, 2, 0]}, null, null, 1, false, [], false, 0, [], null, 0, 1744308657.8069084, 0, {}]
[{"0": [3, 3, 1, 4, 1, 0, 3, 2, 3, 37, 36, 2, 3, 3, 3]}, null, null, 1, false, [], false, 0, [], null, 0, 1744308658.0099933, 0, {}]
[{"0": [2, 4, 3, 2, 3, 1, 3, 1, 4, 2, 2, 1, 35, 43, 29]}, null, null, 2, false, [], false, 0, [], null, 0, 1744308658.2206156, 0, {}]
[{"0": [1, 3, 36, 25, 30, 35, 40, 42, 1, 5, 5, 3, 4, 3, 5]}, null, null, 2, false, [], false, 0, [], null, 0, 1744308658.4014115, 0, {}]
[{"0": [4, 2, 3, 1, 1, 4, 1, 34, 39, 35, 30, 45, 39, 39, 40]}, null, null, 3, false, [], false, 0, [], null, 0, 1744308658.6102412, 0, {}]
[{"0": [2, 0, 1, 5, 3, 9, 0, 2, 0, 4, 1, 2, 1, 4, 3]}, null, null, 4, false, [], false, 0, [], null, 0, 1744308658.8126726, 0, {}]
[{"0": [3, 3, 2, 0, 0, 1, 2, 3, 34, 1, 7, 1, 0, 0, 0]}, null, null, 4, false, [], false, 0, [], null, 0, 1744308659.0086956, 0, {}]
[{"0": [3, 0, 1, 1, 0, 1, 1, 5, 1, 2, 1, 32, 2, 1, 0]}, null, null, 5, false, [], false, 0, [], null, 0, 1744308659.202514, 0, {}]
[{"0": [1, 2, 8, 1, 1, 1, 1, 2, 2, 0, 1, 2, 3, 0, 2]}, null, null, 5, false, [], false, 0, [], null, 0, 1744308659.3989224, 0, {}]
[{"0": [3, 1, 1, 1, 4, 4, 3, 2, 0, 3, 34, 32, 1, 4, 3]}, null, null, 6, false, [], false, 0, [], null, 0, 1744308659.6181731, 0, {}]
[{"0": [1, 2, 0, 26, 40, 39, 33, 34, 37, 28, 35, 37, 25, 30, 33]}, null, null, 7, false, [], false, 0, [], null, 0, 1744308659.7984333, 0, {}]
[{"0": [1, 3, 2, 1, 4, 4, 34, 2, 3, 4, 4, 2, 1, 3, 3]}, null, null, 7, false, [], false, 0, [], null, 0, 1744308660.0075083, 0, {}]
[{"0": [1, 2, 2, 35, 34, 33, 39, 2, 4, 1, 1, 0, 3, 1, 2]}, null, null, 8, false, [], false, 0, [], null, 0, 1744308660.211943, 0, {}]
[{"0": [2, 0, 0, 2, 2, 3, 5, 2, 28, 28, 31, 38, 30, 3, 2]}, null, null, 8, false, [], false, 0, [], null, 0, 1744308660.3879738, 0, {}]
[{"0": [2, 2, 0, 2, 4, 2, 1, 33, 29, 28, 1, 6, 1, 1, 1]}, null, null, 9, false, [], false, 0, [], null, 0, 1744308660.5981824, 0, {}]
[{"0": [4, 0, 2, 1, 4, 2, 33, 34, 30, 34, 41, 4, 0, 2, 0]}, null, null, 10, false, [], false, 0, [], null, 0, 1744308660.7889667, 0, {}]
[{"0": [2, 4, 0, 1, 2, 1, 0, 0, 2, 1, 2, 38, 3, 4, 2]}, null, null, 10, false, [], false, 0, [], null, 0, 1744308660.9988246, 0, {}]
[{"0": [4, 2, 2, 3, 0, 1, 3, 2, 32, 26, 36, 1, 1, 0, 1]}, null, null, 11, false, [], false, 0, [], null, 0, 1744308661.1898723, 0, {}]
[{"0": [4, 3, 1, 2, 0, 1, 1, 0, 2, 35, 37, 44, 32, 3, 0]}, null, null, 11, false, [], false, 0, [], null, 0, 1744308661.399082, 0, {}]
[{"0": [2, 0, 2, 3, 3, 2, 6, 0, 37, 33, 32, 41, 29, 31, 34]}, null, null, 12, false, [], false, 0, [], null, 0, 1744308661.6062167, 0, {}]
[{"0": [2, 2, 0, 0, 5, 1, 1, 33, 38, 34, 37, 43, 37, 39, 1]}, null, null, 13, false, [], false, 0, [], null, 0, 1744308661.7934024, 0, {}]
[{"0": [1, 3, 2, 1, 3, 0, 2, 4, 2, 42, 4, 2, 0, 1, 1]}, null, null, 13, false, [], false, 0, [], null, 0, 1744308662.0051847, 0, {}]
[{"0": [2, 1, 0, 1, 0, 2, 23, 5, 1, 1, 3, 0, 5, 2, 2]}, null, null, 14, false, [], false, 0, [], null, 0, 1744308662.2057924, 0, {}]
[{"0": [1, 1, 2, 0, 4, 5, 2, 36, 41, 29, 38, 38, 1, 0, 3]}, null, null, 14, false, [], false, 0, [], null, 0, 1744308662.406129, 0, {}]
[{"0": [0, 1, 1, 0, 3, 0, 1, 36, 2, 2, 2, 4, 0, 2, 2]}, null, null, 15, false, [], false, 0, [], null, 0, 1744308662.593529, 0, {}]
[{"0": [2, 2, 2, 0, 1, 28, 2, 4, 0, 2, 0, 4, 1, 2, 2]}, null, null, 16, false, [], false, 0, [], null, 0, 1744308662.808315, 0, {}]
[{"0": [2, 2, 4, 1, 2, 2, 2, 3, 2, 2, 35, 35, 39, 36, 0]}, null, null, 16, false, [], false, 0, [], null, 0, 1744308663.0034554, 0, {}]
[{"0": [2, 2, 2, 1, 1, 1, 2, 39, 34, 38, 3, 0, 1, 2, 3]}, null, null, 17, false, [], false, 0, [], null, 0, 1744308663.2061315, 0, {}]
[{"0": [0, 3, 0, 3, 3, 3, 32, 35, 33, 32, 35, 37, 2, 3, 1]}, null, null, 17, false, [], false, 0, [], null, 0, 1744308663.4091072, 0, {}]
[{"0": [3, 0, 2, 4, 3, 2, 1, 1, 4, 0, 0, 0, 43, 27, 2]}, null, null, 18, false, [], false, 0, [], null, 0, 1744308663.5898404, 0, {}]
[{"0": [5, 4, 44, 38, 22, 39, 36, 2, 1, 2, 4, 4, 3, 1, 1]}, null, null, 19, false, [], false, 0, [], null, 0, 1744308663.8081932, 0, {}]
[{"0": [1, 1, 2, 1, 1, 1, 1, 38, 3, 2, 1, 4, 1, 3, 3]}, null, null, 19, false, [], false, 0, [], null, 0, 1744308663.9968743, 0, {}]
[{"0": [42, 1, 2, 0, 3, 5, 1, 3, 0, 1, 0, 2, 1, 1, 2]}, null, null, 20, false, [], false, 0, [], null, 0, 1744308664.1886928, 0, {}]
[{"0": [2, 1, 2, 4, 4, 0, 32, 2, 4, 5, 2, 1, 2, 2, 2]}, null, null, 20, false, [], false, 0, [], null, 0, 1744308664.405579, 0, {}]
[{"0": [3, 0, 0, 1, 2, 1, 26, 52, 3, 0, 3, 1, 2, 2, 2]}, null, null, 21, false, [], false, 0, [], null, 0, 1744308664.6063657, 0, {}]
[{"0": [5, 2, 2, 1, 4, 1, 2, 2, 5, 29, 34, 43, 41, 42, 31]}, null, null, 22, false, [], false, 0, [], null, 0, 1744308664.791321, 0, {}]
[{"0": [2, 2, 41, 34, 32, 39, 34, 35, 31, 30, 29, 42, 41, 29, 3]}, null, null, 22, false, [], false, 0, [], null, 0, 1744308664.9883158, 0, {}]
[{"0": [2, 3, 41, 38, 2, 2, 1, 3, 2, 1, 4, 4, 3, 3, 1]}, null, null, 23, false, [], false, 0, [], null, 0, 1744308665.2003758, 0, {}]
[{"0": [1, 1, 1, 2, 0, 0, 1, 1, 1, 37, 4, 0, 1, 0, 1]}, null, null, 23, false, [], false, 0, [], null, 0, 1744308665.3896518, 0, {}]
[{"0": [2, 3, 3, 1, 0, 2, 0, 4, 4, 1, 2, 1, 2, 0, 56]}, null, null, 24, false, [], false, 0, [], null, 0, 1744308665.6044152, 0, {}]
[{"0": [3, 0, 2, 31, 30, 37, 29, 29, 41, 27, 24, 2, 4, 1, 2]}, null, null, 25, false, [], false, 0, [], null, 0, 1744308665.797205, 0, {}]
[{"0": [0, 5, 0, 4, 1, 2, 2, 28, 2, 1, 1, 0, 1, 5, 4]}, null, null, 25, false, [], false, 0, [], null, 0, 1744308665.9889653, 0, {}]
[{"0": [1, 1, 1, 3, 3, 1, 3, 0, 1, 1, 0, 34, 41, 33, 32]}, null, null, 26, false, [], false, 0, [], null, 0, 1744308666.1967885, 0, {}]
[{"0": [2, 0, 1, 4, 4, 0, 1, 0, 3, 2, 2, 2, 2, 2, 0]}, null, null, 27, false, [], false, 0, [], null, 0, 1744308666.4045174, 0, {}]
[{"0": [2, 4, 5, 2, 1, 1, 2, 4, 2, 44, 26, 37, 47, 27, 42]}, null, null, 27, false, [], false, 0, [], null, 0, 1744308666.5988598, 0, {}]
[{"0": [2, 1, 42, 1, 2, 3, 3, 0, 1, 0, 3, 2, 1, 2, 1]}, null, null, 28, false, [], false, 0, [], null, 0, 1744308666.7866273, 0, {}]
[{"0": [0, 2, 3, 1, 37, 27, 1, 1, 1, 1, 3, 1, 2, 1, 0]}, null, null, 28, false, [], false, 0, [], null, 0, 1744308666.9981794, 0, {}]
[{"0": [2, 34, 4, 1, 0, 0, 3, 2, 1, 1, 3, 3, 1, 2, 0]}, null, null, 29, false, [], false, 0, [], null, 0, 1744308667.187385, 0, {}]
[{"0": [0, 1, 1, 0, 6, 29, 34, 35, 1, 2, 1, 0, 2, 3, 1]}, null, null, 30, false, [], false, 0, [], null, 0, 1744308667.391246, 0, {}]
[{"0": [2, 0, 2, 5, 0, 1, 1, 2, 5, 1, 43, 39, 33, 30, 3]}, null, null, 30, false, [], false, 0, [], null, 0, 1744308667.6004233, 0, {}]
[{"0": [2, 3, 2, 0, 2, 2, 2, 25, 33, 27, 27, 0, 5, 1, 1]}, null, null, 31, false, [], false, 0, [], null, 0, 1744308667.7897546, 0, {}]
[{"0": [1, 1, 1, 4, 3, 2, 3, 40, 30, 1, 1, 1, 2, 1, 2]}, null, null, 31, false, [], false, 0, [], null, 0, 1744308668.0025594, 0, {}]
[{"0": [3, 1, 0, 3, 3, 1, 1, 31, 3, 3, 0, 0, 0, 5, 2]}, null, null, 32, false, [], false, 0, [], null, 0, 1744308668.1925058, 0, {}]
[{"0": [5, 3, 0, 3, 4, 1, 39, 36, 40, 2, 0, 2, 2, 0, 4]}, null, null, 33, false, [], false, 0, [], null, 0, 1744308668.4020517, 0, {}]
[{"0": [0, 2, 1, 2, 6, 35, 2, 0, 2, 1, 2, 3, 0, 1, 1]}, null, null, 33, false, [], false, 0, [], null, 0, 1744308668.5930042, 0, {}]
[{"0": [4, 2, 4, 1, 2, 4, 1, 3, 1, 0, 3, 3, 39, 31, 29]}, null, null, 34, false, [], false, 0, [], null, 0, 1744308668.8005648, 0, {}]
[{"0": [2, 3, 1, 1, 18, 31, 2, 5, 0, 2, 3, 2, 2, 0, 1]}, null, null, 34, false, [], false, 0, [], null, 0, 1744308669.003619, 0, {}]
[{"0": [1, 3, 1, 7, 3, 1, 1, 2, 0, 1, 1, 26, 46, 31, 28]}, null, null, 35, false, [], false, 0, [], null, 0, 1744308669.197398, 0, {}]
[{"0": [3, 2, 1, 3, 2, 31, 33, 6, 2, 1, 1, 1, 2, 1, 2]}, null, null, 36, false, [], false, 0, [], null, 0, 1744308669.403014, 0, {}]
[{"0": [1, 1, 0, 1, 4, 3, 35, 32, 0, 2, 0, 3, 2, 0, 2]}, null, null, 36, false, [], false, 0, [], null, 0, 1744308669.6064134, 0, {}]
[{"0": [0, 2, 2, 3, 2, 2, 1, 3, 2, 30, 27, 0, 6, 2, 5]}, null, null, 37, false, [], false, 0, [], null, 0, 1744308669.8038504, 0, {}]
[{"0": [0, 2, 1, 2, 1, 3, 1, 30, 37, 36, 28, 47, 38, 36, 1]}, null, null, 37, false, [], false, 0, [], null, 0, 1744308670.0006323, 0, {}]
[{"0": [2, 33, 1, 0, 1, 3, 0, 2, 1, 4, 3, 6, 0, 1, 0]}, null, null, 38, false, [], false, 0, [], null, 0, 1744308670.1847258, 0, {}]
[{"0": [2, 3, 1, 3, 21, 38, 28, 32, 38, 32, 45, 34, 28, 37, 4]}, null, null, 39, false, [], false, 0, [], null, 0, 1744308670.4058986, 0, {}]
[{"0": [3, 0, 1, 36, 32, 41, 32, 39, 41, 4, 3, 3, 2, 0, 0]}, null, null, 39, false, [], false, 0, [], null, 0, 1744308670.590959, 0, {}]
[{"0": [2, 1, 3, 2, 0, 2, 30, 40, 46, 0, 6, 1, 2, 3, 0]}, null, null, 40, false, [], false, 0, [], null, 0, 1744308670.7964146, 0, {}]
[{"0": [2, 0, 2, 0, 35, 33, 33, 1, 1, 3, 2, 1, 0, 1, 2]}, null, null, 40, false, [], false, 0, [], null, 0, 1744308671.000737, 0, {}]
[{"0": [0, 1, 2, 3, 1, 40, 28, 33, 2, 1, 2, 1, 1, 1, 3]}, null, null, 41, false, [], false, 0, [], null, 0, 1744308671.1999667, 0, {}]
[{"0": [2, 3, 4, 3, 36, 0, 5, 1, 2, 3, 5, 2, 2, 2, 1]}, null, null, 42, false, [], false, 0, [], null, 0, 1744308671.404113, 0, {}]
[{"0": [0, 1, 0, 29, 1, 2, 1, 1, 2, 2, 3, 2, 3, 2, 1]}, null, null, 42, false, [], false, 0, [], null, 0, 1744308671.5937626, 0, {}]
[{"0": [1, 5, 1, 2, 26, 3, 1, 4, 1, 0, 1, 2, 3, 2, 2]}, null, null, 43, false, [], false, 0, [], null, 0, 1744308671.80521, 0, {}]
[{"0": [2, 2, 3, 1, 0, 3, 2, 2, 27, 1, 0, 2, 1, 0, 0]}, null, null, 43, false, [], false, 0, [], null, 0, 1744308672.0014143, 0, {}]
[{"0": [0, 1, 3, 0, 3, 0, 3, 2, 1, 0, 35, 35, 42, 30, 30]}, null, null, 44, false, [], false, 0, [], null, 0, 1744308672.1932366, 0, {}]
[{"0": [4, 3, 3, 1, 1, 1, 34, 34, 35, 29, 28, 4, 3, 1, 1]}, null, null, 45, false, [], false, 0, [], null, 0, 1744308672.3906689, 0, {}]
[{"0": [1, 2, 1, 3, 2, 2, 35, 0, 3, 1, 2, 4, 1, 1, 3]}, null, null, 45, false, [], false, 0, [], null, 0, 1744308672.5979743, 0, {}]
[{"0": [1, 2, 2, 2, 0, 1, 0, 1, 28, 1, 3, 2, 1, 1, 0]}, null, null, 46, false, [], false, 0, [], null, 0, 1744308672.8051758, 0, {}]
[{"0": [1, 2, 5, 1, 5, 0, 3, 2, 1, 2, 33, 37, 0, 0, 2]}, null, null, 46, false, [], false, 0, [], null, 0, 1744308672.9967039, 0, {}]
[{"0": [3, 0, 3, 1, 0, 2, 3, 39, 28, 32, 35, 3, 1, 2, 1]}, null, null, 47, false, [], false, 0, [], null, 0, 1744308673.2019918, 0, {}]
[{"0": [1, 5, 1, 1, 4, 1, 1, 25, 29, 33, 31, 26, 40, 28, 33]}, null, null, 48, false, [], false, 0, [], null, 0, 1744308673.4009874, 0, {}]
[{"0": [1, 1, 1, 2, 0, 3, 1, 29, 38, 37, 25, 0, 2, 2, 4]}, null, null, 48, false, [], false, 0, [], null, 0, 1744308673.5893192, 0, {}]
[{"0": [0, 2, 1, 0, 2, 32, 30, 40, 37, 24, 34, 32, 2, 1, 2]}, null, null, 49, false, [], false, 0, [], null, 0, 1744308673.8053355, 0, {}]
[{"0": [2, 2, 1, 3, 3, 31, 30, 28, 1, 1, 2, 2, 2, 3, 0]}, null, null, 49, false, [], false, 0, [], null, 0, 1744308674.0009413, 0, {}]
[{"0": [2, 1, 4, 3, 1, 2, 0, 1, 2, 1, 22, 33, 30, 1, 0]}, null, null, 50, false, [], false, 0, [], null, 0, 1744308674.2054482, 0, {}]
[{"0": [2, 2, 1, 0, 1, 0, 1, 3, 3, 0, 1, 1, 2, 0, 3]}, null, null, 51, false, [], false, 0, [], null, 0, 1744308674.3993597, 0, {}]
[{"0": [3, 3, 0, 2, 3, 2, 2, 0, 4, 39, 0, 1, 1, 4, 2]}, null, null, 51, false, [], false, 0, [], null, 0, 1744308674.597209, 0, {}]
[{"0": [0, 1, 27, 37, 44, 29, 37, 2, 0, 2, 3, 2, 7, 2, 3]}, null, null, 52, false, [], false, 0, [], null, 0, 1744308674.7965665, 0, {}]
[{"0": [3, 1, 0, 2, 0, 3, 4, 46, 39, 42, 29, 37, 2, 3, 4]}, null, null, 52, false, [], false, 0, [], null, 0, 1744308675.0009499, 0, {}]
[{"0": [1, 0, 2, 2, 1, 2, 39, 38, 40, 43, 36, 35, 24, 38, 37]}, null, null, 53, false, [], false, 0, [], null, 0, 1744308675.186859, 0, {}]
[{"0": [0, 1, 2, 5, 2, 5, 1, 2, 0, 3, 2, 47, 37, 39, 33]}, null, null, 54, false, [], false, 0, [], null, 0, 1744308675.3875082, 0, {}]
[{"0": [2, 3, 2, 1, 7, 1, 2, 2, 35, 26, 0, 4, 0, 3, 1]}, null, null, 54, false, [], false, 0, [], null, 0, 1744308675.6010265, 0, {}]
[{"0": [1, 1, 3, 1, 3, 2, 22, 34, 1, 2, 2, 1, 5, 0, 0]}, null, null, 55, false, [], false, 0, [], null, 0, 1744308675.79402, 0, {}]
[{"0": [5, 4, 3, 1, 2, 2, 2, 2, 35, 40, 0, 2, 2, 2, 1]}, null, null, 55, false, [], false, 0, [], null, 0, 1744308675.983303, 0, {}]
[{"0": [0, 2, 2, 37, 4, 1, 2, 1, 1, 3, 1, 1, 0, 3, 0]}, null, null, 56, false, [], false, 0, [], null, 0, 1744308676.2014601, 0, {}]
[{"0": [2, 3, 1, 1, 1, 2, 1, 36, 29, 39, 22, 36, 22, 2, 3]}, null, null, 57, false, [], false, 0, [], null, 0, 1744308676.396223, 0, {}]
[{"0": [1, 2, 3, 1, 3, 33, 36, 36, 42, 35, 35, 33, 1, 0, 3]}, null, null, 57, false, [], false, 0, [], null, 0, 1744308676.6008272, 0, {}]
[{"0": [5, 1, 1, 0, 2, 0, 2, 0, 3, 0, 1, 26, 44, 3, 3]}, null, null, 58, false, [], false, 0, [], null, 0, 1744308676.7980702, 0, {}]
[{"0": [0, 3, 1, 4, 2, 1, 4, 0, 49, 39, 0, 2, 1, 1, 2]}, null, null, 58, false, [], false, 0, [], null, 0, 1744308677.0002916, 0, {}]
[{"0": [1, 2, 0, 9, 2, 1, 1, 22, 32, 39, 42, 29, 32, 53, 46]}, null, null, 59, false, [], false, 0, [], null, 0, 1744308677.2039006, 0, {}]
[{"0": [2, 3, 6, 1, 27, 39, 30, 30, 30, 30, 35, 1, 2, 4, 4]}, null, null, 60, false, [], false, 0, [], null, 0, 1744308677.3956165, 0, {}]
[{"0": [2, 5, 1, 38, 43, 34, 33, 3, 4, 2, 0, 2, 3, 4, 3]}, null, null, 60, false, [], false, 0, [], null, 0, 1744308677.6013026, 0, {}]
[{"0": [1, 3, 0, 2, 39, 1, 0, 1, 2, 1, 4, 3, 3, 0, 2]}, null, null, 61, false, [], false, 0, [], null, 0, 1744308677.7929459, 0, {}]
[{"0": [2, 1, 3, 4, 0, 36, 37, 24, 29, 31, 34, 27, 41, 34, 36]}, null, null, 61, false, [], false, 0, [], null, 0, 1744308678.0018117, 0, {}]
[{"0": [3, 2, 1, 44, 3, 4, 1, 2, 2, 1, 3, 1, 0, 3, 1]}, null, null, 62, false, [], false, 0, [], null, 0, 1744308678.184019, 0, {}]
[{"0": [0, 2, 31, 2, 1, 1, 0, 0, 2, 1, 3, 0, 2, 0, 1]}, null, null, 63, false, [], false, 0, [], null, 0, 1744308678.4026725, 0, {}]
[{"0": [1, 1, 1, 1, 2, 0, 2, 2, 4, 30, 32, 33, 28, 34, 30]}, null, null, 63, false, [], false, 0, [], null, 0, 1744308678.597744, 0, {}]
[{"0": [1, 1, 3, 1, 1, 1, 0, 1, 1, 43, 34, 2, 3, 2, 1]}, null, null, 64, false, [], false, 0, [], null, 0, 1744308678.782159, 0, {}]
[{"0": [0, 1, 2, 3, 0, 2, 1, 1, 1, 2, 0, 29, 26, 3, 2]}, null, null, 64, false, [], false, 0, [], null, 0, 1744308678.9842973, 0, {}]
[{"0": [32, 22, 44, 2, 1, 4, 3, 2, 2, 5, 1, 2, 1, 1, 0]}, null, null, 65, false, [], false, 0, [], null, 0, 1744308679.2007205, 0, {}]
[{"0": [1, 4, 1, 3, 6, 1, 2, 23, 28, 27, 30, 36, 36, 38, 40]}, null, null, 66, false, [], false, 0, [], null, 0, 1744308679.3850055, 0, {}]
[{"0": [42, 31, 25, 35, 34, 34, 35, 2, 0, 3, 0, 0, 0, 1, 2]}, null, null, 66, false, [], false, 0, [], null, 0, 1744308679.600649, 0, {}]
[{"0": [3, 5, 5, 27, 36, 35, 24, 29, 24, 40, 31, 3, 1, 4, 1]}, null, null, 67, false, [], false, 0, [], null, 0, 1744308679.8010678, 0, {}]
[{"0": [1, 0, 41, 1, 2, 1, 1, 2, 1, 2, 2, 2, 3, 3, 0]}, null, null, 67, false, [], false, 0, [], null, 0, 1744308680.0067558, 0, {}]
[{"0": [3, 3, 4, 2, 1, 0, 3, 2, 3, 28, 37, 38, 42, 32, 35]}, null, null, 68, false, [], false, 0, [], null, 0, 1744308680.198581, 0, {}]
[{"0": [0, 1, 2, 4, 0, 2, 4, 2, 3, 0, 33, 2, 5, 1, 1]}, null, null, 69, false, [], false, 0, [], null, 0, 1744308680.4017594, 0, {}]
[{"0": [3, 1, 34, 27, 26, 28, 44, 36, 33, 36, 32, 35, 1, 1, 3]}, null, null, 69, false, [], false, 0, [], null, 0, 1744308680.5831273, 0, {}]
[{"0": [0, 3, 0, 3, 0, 2, 1, 1, 3, 2, 29, 34, 34, 40, 25]}, null, null, 70, false, [], false, 0, [], null, 0, 1744308680.7897885, 0, {}]
[{"0": [37, 39, 41, 31, 37, 1, 2, 2, 1, 2, 2, 0, 2, 2, 4]}, null, null, 70, false, [], false, 0, [], null, 0, 1744308681.0014453, 0, {}]
[{"0": [1, 1, 1, 4, 6, 2, 3, 2, 4, 0, 1, 1, 28, 36, 38]}, null, null, 71, false, [], false, 0, [], null, 0, 1744308681.1939955, 0, {}]
[{"0": [3, 2, 31, 29, 32, 29, 47, 31, 31, 34, 33, 31, 31, 3, 2]}, null, null, 72, false, [], false, 0, [], null, 0, 1744308681.4052658, 0, {}]
[{"0": [3, 1, 2, 1, 25, 1, 4, 2, 3, 1, 0, 1, 1, 1, 2]}, null, null, 72, false, [], false, 0, [], null, 0, 1744308681.5912216, 0, {}]
[{"0": [3, 3, 0, 1, 3, 36, 31, 33, 44, 29, 36, 1, 3, 3, 2]}, null, null, 73, false, [], false, 0, [], null, 0, 1744308681.805705, 0, {}]
[{"0": [2, 3, 3, 2, 3, 1, 32, 40, 2, 3, 1, 3, 2, 4, 5]}, null, null, 73, false, [], false, 0, [], null, 0, 1744308681.9968622, 0, {}]
[{"0": [2, 1, 1, 2, 1, 0, 2, 2, 33, 1, 2, 1, 1, 3, 2]}, null, null, 74, false, [], false, 0, [], null, 0, 1744308682.1831849, 0, {}]
[{"0": [2, 3, 3, 2, 0, 4, 2, 3, 37, 43, 30, 42, 4, 3, 0]}, null, null, 75, false, [], false, 0, [], null, 0, 1744308682.407499, 0, {}]
[{"0": [1, 0, 41, 1, 0, 1, 1, 2, 1, 1, 1, 1, 2, 2, 1]}, null, null, 75, false, [], false, 0, [], null, 0, 1744308682.5803876, 0, {}]
[{"0": [3, 0, 2, 3, 1, 1, 28, 28, 46, 34, 1, 1, 1, 0, 4]}, null, null, 76, false, [], false, 0, [], null, 0, 1744308682.7830994, 0, {}]
[{"0": [1, 3, 3, 2, 2, 1, 29, 2, 3, 3, 3, 1, 5, 1, 0]}, null, null, 77, false, [], false, 0, [], null, 0, 1744308682.981596, 0, {}]
[{"0": [3, 3, 4, 1, 2, 2, 1, 40, 1, 0, 1, 1, 0, 2, 2]}, null, null, 77, false, [], false, 0, [], null, 0, 1744308683.1835606, 0, {}]
[{"0": [2, 3, 3, 1, 2, 0, 2, 4, 2, 0, 0, 42, 40, 39, 28]}, null, null, 78, false, [], false, 0, [], null, 0, 1744308683.388836, 0, {}]
[{"0": [0, 1, 3, 4, 32, 31, 2, 0, 4, 1, 3, 1, 0, 2, 1]}, null, null, 78, false, [], false, 0, [], null, 0, 1744308683.5937788, 0, {}]
[{"0": [0, 1, 29, 45, 2, 2, 1, 1, 6, 3, 0, 0, 0, 2, 2]}, null, null, 79, false, [], false, 0, [], null, 0, 1744308683.7840517, 0, {}]
[{"0": [3, 0, 0, 2, 0, 2, 1, 40, 1, 1, 2, 2, 3, 2, 2]}, null, null, 80, false, [], false, 0, [], null, 0, 1744308683.9892142, 0, {}]
[{"0": [2, 1, 2, 4, 1, 5, 2, 4, 34, 36, 32, 3, 2, 3, 4]}, null, null, 80, false, [], false, 0, [], null, 0, 1744308684.1979895, 0, {}]
[{"0": [4, 2, 2, 2, 1, 1, 2, 2, 1, 3, 36, 33, 28, 31, 21]}, null, null, 81, false, [], false, 0, [], null, 0, 1744308684.3808093, 0, {}]
[{"0": [0, 40, 35, 43, 5, 1, 0, 1, 4, 0, 4, 0, 2, 1, 1]}, null, null, 81, false, [], false, 0, [], null, 0, 1744308684.5967085, 0, {}]
[{"0": [2, 3, 1, 0, 36, 34, 38, 4, 1, 0, 3, 2, 1, 2, 0]}, null, null, 82, false, [], false, 0, [], null, 0, 1744308684.7812092, 0, {}]
[{"0": [2, 1, 0, 0, 2, 33, 35, 36, 36, 34, 37, 35, 46, 32, 33]}, null, null, 83, false, [], false, 0, [], null, 0, 1744308684.991161, 0, {}]
[{"0": [4, 0, 2, 31, 25, 28, 29, 26, 35, 2, 2, 1, 1, 5, 0]}, null, null, 83, false, [], false, 0, [], null, 0, 1744308685.1960201, 0, {}]
[{"0": [1, 1, 3, 2, 2, 3, 2, 2, 4, 41, 36, 32, 36, 33, 42]}, null, null, 84, false, [], false, 0, [], null, 0, 1744308685.387645, 0, {}]
[{"0": [3, 2, 3, 1, 4, 3, 1, 2, 1, 40, 28, 43, 3, 0, 1]}, null, null, 84, false, [], false, 0, [], null, 0, 1744308685.590434, 0, {}]
[{"0": [3, 1, 1, 2, 2, 0, 2, 1, 1, 30, 40, 23, 0, 4, 3]}, null, null, 85, false, [], false, 0, [], null, 0, 1744308685.7959816, 0, {}]
[{"0": [1, 1, 1, 2, 2, 34, 1, 2, 2, 0, 1, 1, 1, 0, 2]}, null, null, 86, false, [], false, 0, [], null, 0, 1744308685.981369, 0, {}]
[{"0": [1, 2, 32, 2, 1, 2, 1, 0, 1, 0, 1, 1, 4, 3, 7]}, null, null, 86, false, [], false, 0, [], null, 0, 1744308686.1978712, 0, {}]
[{"0": [1, 2, 5, 0, 5, 3, 0, 1, 0, 1, 4, 36, 30, 47, 34]}, null, null, 87, false, [], false, 0, [], null, 0, 1744308686.3890414, 0, {}]
[{"0": [5, 2, 0, 0, 0, 3, 2, 34, 45, 4, 2, 5, 1, 3, 5]}, null, null, 87, false, [], false, 0, [], null, 0, 1744308686.580755, 0, {}]
[{"0": [4, 3, 7, 1, 3, 34, 20, 34, 36, 1, 1, 1, 0, 1, 1]}, null, null, 88, false, [], false, 0, [], null, 0, 1744308686.7924614, 0, {}]
[{"0": [4, 2, 0, 1, 0, 2, 1, 3, 5, 5, 3, 36, 38, 33, 26]}, null, null, 89, false, [], false, 0, [], null, 0, 1744308687.00056, 0, {}]
[{"0": [2, 4, 3, 2, 1, 0, 0, 1, 1, 5, 3, 3, 1, 5, 29]}, null, null, 89, false, [], false, 0, [], null, 0, 1744308687.1836314, 0, {}]
[{"0": [1, 0, 1, 1, 1, 38, 40, 3, 1, 0, 1, 2, 2, 1, 3]}, null, null, 90, false, [], false, 0, [], null, 0, 1744308687.3849726, 0, {}]
[{"0": [3, 4, 4, 1, 2, 32, 38, 29, 36, 36, 27, 29, 30, 24, 32]}, null, null, 90, false, [], false, 0, [], null, 0, 1744308687.5894802, 0, {}]
[{"0": [1, 4, 3, 3, 1, 0, 4, 5, 3, 4, 2, 31, 31, 45, 42]}, null, null, 91, false, [], false, 0, [], null, 0, 1744308687.7836115, 0, {}]
[{"0": [1, 4, 1, 3, 0, 2, 1, 2, 41, 1, 4, 0, 3, 2, 1]}, null, null, 92, false, [], false, 0, [], null, 0, 1744308687.9825263, 0, {}]
[{"0": [1, 0, 4, 1, 3, 3, 0, 3, 1, 37, 39, 26, 30, 30, 39]}, null, null, 92, false, [], false, 0, [], null, 0, 1744308688.1885142, 0, {}]
[{"0": [0, 1, 28, 31, 34, 49, 42, 50, 4, 2, 2, 1, 0, 3, 1]}, null, null, 93, false, [], false, 0, [], null, 0, 1744308688.398478, 0, {}]
[{"0": [1, 1, 1, 0, 1, 2, 1, 1, 2, 39, 34, 35, 34, 44, 37]}, null, null, 93, false, [], false, 0, [], null, 0, 1744308688.594531, 0, {}]
[{"0": [2, 2, 0, 1, 1, 26, 31, 35, 2, 3, 2, 2, 1, 2, 2]}, null, null, 94, false, [], false, 0, [], null, 0, 1744308688.7787416, 0, {}]
[{"0": [3, 5, 35, 37, 36, 29, 34, 1, 5, 1, 0, 1, 3, 2, 2]}, null, null, 95, false, [], false, 0, [], null, 0, 1744308688.982374, 0, {}]
[{"0": [4, 2, 2, 2, 2, 1, 2, 33, 34, 43, 37, 41, 3, 1, 0]}, null, null, 95, false, [], false, 0, [], null, 0, 1744308689.1842635, 0, {}]
[{"0": [3, 1, 0, 1, 3, 0, 2, 4, 34, 40, 42, 27, 45, 30, 35]}, null, null, 96, false, [], false, 0, [], null, 0, 1744308689.3810096, 0, {}]
[{"0": [0, 3, 1, 3, 1, 24, 33, 3, 4, 3, 3, 1, 0, 0, 2]}, null, null, 96, false, [], false, 0, [], null, 0, 1744308689.5848897, 0, {}]
[{"0": [3, 2, 4, 5, 3, 30, 1, 2, 0, 0, 3, 1, 2, 2, 0]}, null, null, 97, false, [], false, 0, [], null, 0, 1744308689.7848752, 0, {}]
[{"0": [2, 1, 0, 2, 1, 1, 2, 1, 3, 33, 29, 24, 33, 47, 36]}, null, null, 98, false, [], false, 0, [], null, 0, 1744308689.9794738, 0, {}]
[{"0": [3, 2, 3, 2, 5, 3, 3, 0, 34, 34, 36, 38, 38, 31, 43]}, null, null, 98, false, [], false, 0, [], null, 0, 1744308690.1854413, 0, {}]
[{"0": [2, 1, 3, 5, 37, 36, 37, 37, 35, 30, 32, 24, 38, 33, 38]}, null, null, 99, false, [], false, 0, [], null, 0, 1744308690.380256, 0, {}]
[{"0": [3, 1, 2, 2, 1, 1, 3, 0, 45, 30, 42, 32, 35, 39, 42]}, null, null, 99, false, [], false, 0, [], null, 0, 1744308690.6013668, 0, {}]
[{"0": [1, 47, 1, 0, 2, 3, 2, 3, 2, 2, 2, 1, 1, 1, 3]}, null, null, 100, false, [], false, 0, [], null, 0, 1744308690.7916152, 0, {}]
[{"0": [2, 0, 3, 2, 3, 3, 0, 2, 36, 3, 1, 2, 2, 0, 2]}, null, null, 101, false, [], false, 0, [], null, 0, 1744308690.9973018, 0, {}]
[{"0": [3, 1, 3, 2, 1, 0, 0, 1, 43, 38, 41, 28, 1, 2, 1]}, null, null, 101, false, [], false, 0, [], null, 0, 1744308691.1938734, 0, {}]
[{"0": [5, 1, 0, 3, 0, 2, 3, 1, 0, 4, 2, 0, 36, 35, 31]}, null, null, 102, false, [], false, 0, [], null, 0, 1744308691.3978148, 0, {}]
[{"0": [1, 3, 4, 2, 2, 2, 1, 1, 40, 2, 0, 0, 1, 2, 3]}, null, null, 102, false, [], false, 0, [], null, 0, 1744308691.5964067, 0, {}]
[{"0": [3, 2, 2, 1, 1, 1, 0, 2, 3, 4, 39, 1, 1, 4, 4]}, null, null, 103, false, [], false, 0, [], null, 0, 1744308691.7999437, 0, {}]
[{"0": [1, 0, 2, 0, 4, 2, 0, 4, 40, 52, 34, 41, 31, 34, 36]}, null, null, 104, false, [], false, 0, [], null, 0, 1744308691.9925897, 0, {}]
[{"0": [2, 1, 2, 0, 2, 2, 2, 3, 0, 37, 26, 1, 1, 1, 1]}, null, null, 104, false, [], false, 0, [], null, 0, 1744308692.2013414, 0, {}]
[{"0": [2, 0, 40, 26, 39, 41, 42, 1, 0, 0, 2, 2, 3, 0, 1]}, null, null, 105, false, [], false, 0, [], null, 0, 1744308692.3935714, 0, {}]
[{"0": [2, 4, 3, 4, 2, 5, 2, 2, 2, 2, 32, 32, 31, 40, 40]}, null, null, 105, false, [], false, 0, [], null, 0, 1744308692.581565, 0, {}]
[{"0": [0, 3, 0, 0, 1, 3, 2, 0, 3, 2, 3, 30, 33, 40, 34]}, null, null, 106, false, [], false, 0, [], null, 0, 1744308692.7972171, 0, {}]
[{"0": [1, 44, 39, 33, 39, 2, 1, 3, 1, 3, 3, 3, 2, 0, 2]}, null, null, 107, false, [], false, 0, [], null, 0, 1744308692.9891067, 0, {}]
[{"0": [1, 2, 4, 3, 31, 41, 25, 31, 3, 3, 0, 1, 1, 2, 2]}, null, null, 107, false, [], false, 0, [], null, 0, 1744308693.196186, 0, {}]
[{"0": [3, 36, 36, 1, 3, 1, 1, 3, 1, 3, 2, 1, 0, 1, 5]}, null, null, 108, false, [], false, 0, [], null, 0, 1744308693.3791373, 0, {}]
[{"0": [4, 1, 0, 30, 40, 48, 35, 36, 42, 39, 45, 34, 43, 26, 36]}, null, null, 108, false, [], false, 0, [], null, 0, 1744308693.592182, 0, {}]
[{"0": [3, 3, 1, 3, 1, 0, 1, 5, 2, 2, 1, 39, 40, 4, 1]}, null, null, 109, false, [], false, 0, [], null, 0, 1744308693.7942162, 0, {}]
[{"0": [1, 0, 3, 3, 2, 0, 1, 2, 41, 38, 39, 4, 3, 1, 2]}, null, null, 110, false, [], false, 0, [], null, 0, 1744308693.9985933, 0, {}]
[{"0": [4, 3, 1, 2, 2, 2, 1, 1, 0, 2, 2, 38, 3, 4, 1]}, null, null, 110, false, [], false, 0, [], null, 0, 1744308694.1845653, 0, {}]
[{"0": [3, 37, 28, 2, 5, 4, 2, 5, 1, 1, 1, 2, 2, 0, 2]}, null, null, 111, false, [], false, 0, [], null, 0, 1744308694.4004755, 0, {}]
[{"0": [2, 1, 5, 1, 4, 4, 2, 33, 1, 3, 0, 5, 2, 0, 3]}, null, null, 111, false, [], false, 0, [], null, 0, 1744308694.6004179, 0, {}]
[{"0": [0, 3, 2, 2, 1, 1, 1, 0, 4, 4, 2, 2, 1, 0, 2]}, null, null, 112, false, [], false, 0, [], null, 0, 1744308694.7770824, 0, {}]
[{"0": [2, 2, 2, 33, 31, 29, 41, 31, 39, 0, 2, 2, 0, 2, 2]}, null, null, 113, false, [], false, 0, [], null, 0, 1744308694.9826512, 0, {}]
[{"0": [1, 3, 3, 0, 1, 1, 0, 2, 26, 28, 35, 34, 1, 6, 3]}, null, null, 113, false, [], false, 0, [], null, 0, 1744308695.1940928, 0, {}]
[{"0": [0, 1, 1, 2, 40, 39, 2, 4, 0, 2, 2, 0, 1, 4, 0]}, null, null, 114, false, [], false, 0, [], null, 0, 1744308695.3797827, 0, {}]
[{"0": [2, 1, 2, 31, 35, 43, 34, 39, 38, 38, 24, 32, 42, 1, 3]}, null, null, 114, false, [], false, 0, [], null, 0, 1744308695.5839381, 0, {}]
[{"0": [3, 1, 0, 1, 2, 1, 30, 3, 2, 4, 1, 3, 2, 1, 1]}, null, null, 115, false, [], false, 0, [], null, 0, 1744308695.7848203, 0, {}]
[{"0": [1, 2, 1, 2, 3, 2, 1, 0, 1, 2, 1, 34, 39, 34, 31]}, null, null, 116, false, [], false, 0, [], null, 0, 1744308695.9890444, 0, {}]
[{"0": [1, 2, 1, 2, 49, 30, 48, 3, 1, 1, 1, 0, 1, 2, 5]}, null, null, 116, false, [], false, 0, [], null, 0, 1744308696.1813047, 0, {}]
[{"0": [2, 2, 2, 3, 2, 4, 4, 2, 3, 2, 28, 42, 1, 2, 4]}, null, null, 117, false, [], false, 0, [], null, 0, 1744308696.3828416, 0, {}]
[{"0": [2, 2, 1, 31, 36, 2, 0, 2, 1, 2, 2, 1, 2, 3, 2]}, null, null, 117, false, [], false, 0, [], null, 0, 1744308696.6000214, 0, {}]
[{"0": [0, 1, 2, 1, 1, 1, 1, 0, 26, 40, 34, 40, 30, 28, 31]}, null, null, 118, false, [], false, 0, [], null, 0, 1744308696.7834039, 0, {}]
[{"0": [1, 2, 33, 34, 30, 47, 0, 2, 2, 2, 1, 2, 4, 2, 3]}, null, null, 119, false, [], false, 0, [], null, 0, 1744308696.9833665, 0, {}]
[{"0": [2, 5, 3, 2, 2, 2, 3, 2, 24, 3, 1, 0, 1, 0, 0]}, null, null, 119, false, [], false, 0, [], null, 0, 1744308697.1995564, 0, {}]
[{"0": [2, 4, 2, 3, 1, 3, 1, 0, 0, 37, 39, 33, 2, 0, 4]}, null, null, 120, false, [], false, 0, [], null, 0, 1744308697.380315, 0, {}]
[{"0": [0, 1, 4, 2, 2, 2, 2, 3, 2, 2, 34, 45, 44, 38, 35]}, null, null, 120, false, [], false, 0, [], null, 0, 1744308697.579353, 0, {}]
[{"0": [3, 2, 4, 2, 1, 1, 3, 35, 40, 47, 32, 32, 29, 34, 35]}, null, null, 121, false, [], false, 0, [], null, 0, 1744308697.7967749, 0, {}]
[{"0": [1, 3, 0, 3, 34, 35, 36, 2, 0, 2, 2, 2, 1, 2, 5]}, null, null, 122, false, [], false, 0, [], null, 0, 1744308697.9815094, 0, {}]
[{"0": [0, 1, 1, 1, 44, 40, 38, 30, 42, 39, 41, 3, 4, 4, 0]}, null, null, 122, false, [], false, 0, [], null, 0, 1744308698.1962836, 0, {}]
[{"0": [2, 1, 0, 0, 1, 5, 0, 1, 1, 1, 2, 46, 31, 38, 30]}, null, null, 123, false, [], false, 0, [], null, 0, 1744308698.3799071, 0, {}]
[{"0": [1, 1, 1, 3, 2, 1, 5, 0, 1, 3, 4, 2, 41, 40, 32]}, null, null, 123, false, [], false, 0, [], null, 0, 1744308698.5780885, 0, {}]
[{"0": [1, 0, 0, 1, 29, 29, 26, 57, 2, 0, 5, 0, 4, 1, 2]}, null, null, 124, false, [], false, 0, [], null, 0, 1744308698.7916205, 0, {}]
[{"0": [3, 3, 6, 1, 2, 2, 41, 1, 2, 4, 2, 1, 0, 3, 1]}, null, null, 125, false, [], false, 0, [], null, 0, 1744308698.9783244, 0, {}]
[{"0": [1, 3, 1, 3, 2, 0, 39, 31, 51, 31, 40, 26, 28, 31, 4]}, null, null, 125, false, [], false, 0, [], null, 0, 1744308699.1849122, 0, {}]
[{"0": [4, 1, 3, 1, 2, 1, 37, 1, 0, 4, 2, 3, 1, 2, 1]}, null, null, 126, false, [], false, 0, [], null, 0, 1744308699.3921566, 0, {}]
[{"0": [4, 2, 2, 1, 2, 45, 2, 1, 2, 3, 2, 0, 2, 2, 1]}, null, null, 127, false, [], false, 0, [], null, 0, 1744308699.5930774, 0, {}]
[{"0": [1, 1, 2, 3, 0, 0, 1, 40, 1, 1, 2, 1, 0, 1, 2]}, null, null, 127, false, [], false, 0, [], null, 0, 1744308699.7804155, 0, {}]
[{"0": [1, 1, 2, 3, 2, 33, 36, 33, 37, 31, 43, 34, 45, 32, 34]}, null, null, 128, false, [], false, 0, [], null, 0, 1744308699.9774756, 0, {}]
[{"0": [1, 2, 2, 2, 1, 1, 2, 28, 41, 27, 0, 1, 2, 3, 3]}, null, null, 128, false, [], false, 0, [], null, 0, 1744308700.2008636, 0, {}]
[{"0": [3, 36, 27, 0, 4, 0, 2, 2, 3, 5, 3, 1, 3, 3, 1]}, null, null, 129, false, [], false, 0, [], null, 0, 1744308700.3823435, 0, {}]
[{"0": [3, 2, 1, 4, 41, 39, 3, 1, 2, 1, 0, 3, 1, 3, 2]}, null, null, 130, false, [], false, 0, [], null, 0, 1744308700.596315, 0, {}]
[{"0": [1, 1, 1, 3, 1, 3, 0, 4, 2, 40, 32, 34, 35, 34, 2]}, null, null, 130, false, [], false, 0, [], null, 0, 1744308700.7998338, 0, {}]
[{"0": [2, 2, 26, 1, 2, 1, 2, 1, 2, 0, 2, 3, 1, 3, 2]}, null, null, 131, false, [], false, 0, [], null, 0, 1744308700.9812832, 0, {}]
[{"0": [1, 2, 2, 4, 1, 3, 30, 34, 33, 46, 39, 36, 34, 31, 38]}, null, null, 131, false, [], false, 0, [], null, 0, 1744308701.1985493, 0, {}]
[{"0": [0, 3, 4, 1, 5, 1, 2, 2, 2, 1, 3, 42, 38, 3, 0]}, null, null, 132, false, [], false, 0, [], null, 0, 1744308701.3829474, 0, {}]
[{"0": [1, 3, 4, 6, 1, 2, 3, 3, 1, 4, 1, 2, 30, 29, 31]}, null, null, 133, false, [], false, 0, [], null, 0, 1744308701.5821712, 0, {}]
[{"0": [4, 0, 1, 1, 1, 4, 1, 0, 31, 43, 38, 37, 1, 1, 1]}, null, null, 133, false, [], false, 0, [], null, 0, 1744308701.78267, 0, {}]
[{"0": [3, 3, 2, 2, 1, 4, 2, 3, 5, 2, 33, 0, 3, 2, 1]}, null, null, 134, false, [], false, 0, [], null, 0, 1744308701.9860146, 0, {}]
[{"0": [2, 1, 3, 0, 2, 0, 3, 2, 2, 4, 2, 1, 32, 43, 34]}, null, null, 134, false, [], false, 0, [], null, 0, 1744308702.191904, 0, {}]
[{"0": [5, 2, 1, 1, 31, 32, 0, 4, 1, 3, 2, 1, 2, 2, 3]}, null, null, 135, false, [], false, 0, [], null, 0, 1744308702.3919415, 0, {}]
[{"0": [1, 2, 1, 0, 1, 3, 2, 31, 35, 26, 38, 3, 0, 2, 2]}, null, null, 136, false, [], false, 0, [], null, 0, 1744308702.5764291, 0, {}]
[{"0": [0, 0, 43, 27, 30, 45, 38, 4, 5, 3, 1, 2, 2, 5, 0]}, null, null, 136, false, [], false, 0, [], null, 0, 1744308702.7862527, 0, {}]
[{"0": [4, 5, 3, 2, 1, 5, 1, 32, 37, 37, 35, 29, 31, 48, 46]}, null, null, 137, false, [], false, 0, [], null, 0, 1744308702.9951944, 0, {}]
[{"0": [2, 3, 3, 1, 1, 31, 3, 2, 1, 1, 2, 1, 1, 1, 4]}, null, null, 137, false, [], false, 0, [], null, 0, 1744308703.1807601, 0, {}]
[{"0": [4, 2, 3, 1, 3, 0, 3, 4, 1, 2, 0, 31, 2, 5, 0]}, null, null, 138, false, [], false, 0, [], null, 0, 1744308703.380178, 0, {}]
[{"0": [1, 4, 2, 1, 6, 6, 2, 2, 1, 34, 1, 0, 0, 1, 1]}, null, null, 139, false, [], false, 0, [], null, 0, 1744308703.5883992, 0, {}]
[{"0": [3, 1, 36, 33, 35, 36, 26, 40, 38, 35, 22, 38, 33, 42, 34]}, null, null, 139, false, [], false, 0, [], null, 0, 1744308703.7895675, 0, {}]
[{"0": [0, 2, 0, 1, 1, 0, 3, 2, 0, 5, 41, 28, 32, 37, 29]}, null, null, 140, false, [], false, 0, [], null, 0, 1744308703.9834821, 0, {}]
[{"0": [1, 2, 0, 6, 2, 3, 1, 3, 41, 44, 41, 30, 44, 38, 31]}, null, null, 140, false, [], false, 0, [], null, 0, 1744308704.1841347, 0, {}]
[{"0": [1, 1, 2, 2, 0, 1, 1, 3, 2, 36, 23, 37, 0, 2, 5]}, null, null, 141, false, [], false, 0, [], null, 0, 1744308704.4011803, 0, {}]
[{"0": [2, 0, 3, 3, 0, 2, 0, 0, 31, 38, 38, 40, 46, 28, 41]}, null, null, 142, false, [], false, 0, [], null, 0, 1744308704.5810723, 0, {}]
[{"0": [3, 0, 1, 0, 1, 1, 2, 4, 2, 31, 33, 57, 39, 41, 0]}, null, null, 142, false, [], false, 0, [], null, 0, 1744308704.7794855, 0, {}]
[{"0": [2, 1, 1, 6, 3, 3, 41, 33, 33, 2, 1, 2, 1, 0, 4]}, null, null, 143, false, [], false, 0, [], null, 0, 1744308704.9929304, 0, {}]
[{"0": [2, 38, 45, 47, 34, 40, 1, 3, 0, 3, 0, 3, 2, 4, 0]}, null, null, 143, false, [], false, 0, [], null, 0, 1744308705.1796443, 0, {}]
[{"0": [1, 0, 3, 0, 5, 2, 1, 1, 28, 47, 32, 30, 37, 36, 42]}, null, null, 144, false, [], false, 0, [], null, 0, 1744308705.3781836, 0, {}]
[{"0": [6, 0, 4, 34, 6, 0, 3, 2, 1, 1, 0, 1, 0, 2, 1]}, null, null, 145, false, [], false, 0, [], null, 0, 1744308705.594348, 0, {}]
[{"0": [2, 1, 1, 3, 0, 1, 1, 0, 35, 36, 28, 0, 2, 1, 3]}, null, null, 145, false, [], false, 0, [], null, 0, 1744308705.79411, 0, {}]
[{"0": [2, 1, 41, 1, 0, 3, 2, 4, 1, 2, 2, 1, 0, 0, 0]}, null, null, 146, false, [], false, 0, [], null, 0, 1744308705.9880517, 0, {}]
[{"0": [3, 1, 4, 1, 39, 40, 2, 0, 1, 1, 2, 2, 1, 5, 3]}, null, null, 146, false, [], false, 0, [], null, 0, 1744308706.2353141, 0, {}]
[{"0": [3, 4, 2, 0, 1, 1, 38, 27, 34, 2, 0, 2, 0, 4, 0]}, null, null, 147, false, [], false, 0, [], null, 0, 1744308706.3893616, 0, {}]
[{"0": [2, 1, 1, 1, 1, 0, 1, 2, 34, 37, 28, 32, 42, 39, 0]}, null, null, 148, false, [], false, 0, [], null, 0, 1744308706.579867, 0, {}]
[{"0": [3, 2, 2, 3, 1, 2, 3, 1, 28, 1, 2, 0, 1, 4, 2]}, null, null, 148, false, [], false, 0, [], null, 0, 1744308706.7837956, 0, {}]
[{"0": [2, 2, 2, 1, 2, 4, 0, 31, 38, 35, 42, 1, 4, 1, 2]}, null, null, 149, false, [], false, 0, [], null, 0, 1744308706.9796588, 0, {}]
[{"0": [4, 0, 2, 0, 4, 1, 0, 37, 45, 2, 1, 1, 1, 2, 1]}, null, null, 149, false, [], false, 0, [], null, 0, 1744308707.1899345, 0, {}]
[{"0": [3, 2, 2, 0, 1, 3, 46, 3, 3, 3, 4, 2, 1, 6, 1]}, null, null, 150, true, [], false, 0, [], null, 0, 1744308707.386642, 0, {}]
