[{"0": [2, 45, 27, 30, 24, 29, 28, 24, 30, 0, 2, 1, 2, 1, 3, 1, 1]}, null, null, 0, false, [], false, 0, [], null, 0, 1744325818.7507002, 0, {}]
[{"0": [4, 40, 30, 21, 28, 1, 2, 1, 3, 2, 0, 0, 5, 2, 1, 1, 1]}, null, null, 1, false, [], false, 0, [], null, 0, 1744325818.9622285, 0, {}]
[{"0": [0, 2, 0, 3, 2, 3, 1, 3, 1, 2, 1, 1, 39, 30, 36, 31, 2]}, null, null, 1, false, [], false, 0, [], null, 0, 1744325819.2018304, 0, {}]
[{"0": [0, 21, 43, 37, 28, 25, 29, 25, 21, 1, 1, 3, 1, 1, 0, 4, 4]}, null, null, 2, false, [], false, 0, [], null, 0, 1744325819.4060683, 0, {}]
[{"0": [1, 44, 24, 25, 31, 27, 2, 4, 4, 1, 1, 1, 2, 2, 3, 0, 4]}, null, null, 2, false, [], false, 0, [], null, 0, 1744325819.6266904, 0, {}]
[{"0": [1, 35, 39, 22, 19, 0, 3, 0, 0, 0, 3, 1, 1, 2, 4, 1, 0]}, null, null, 3, false, [], false, 0, [], null, 0, 1744325819.853949, 0, {}]
[{"0": [4, 0, 5, 2, 3, 2, 0, 21, 31, 22, 2, 1, 0, 2, 2, 1, 3]}, null, null, 4, false, [], false, 0, [], null, 0, 1744325820.0616522, 0, {}]
[{"0": [0, 22, 30, 2, 3, 2, 1, 0, 4, 3, 0, 1, 2, 1, 1, 2, 2]}, null, null, 4, false, [], false, 0, [], null, 0, 1744325820.2751513, 0, {}]
[{"0": [2, 21, 18, 28, 26, 2, 1, 0, 3, 1, 2, 4, 1, 1, 3, 1, 0]}, null, null, 5, false, [], false, 0, [], null, 0, 1744325820.511969, 0, {}]
[{"0": [4, 25, 37, 35, 27, 1, 2, 0, 3, 1, 2, 1, 0, 0, 4, 0, 0]}, null, null, 5, false, [], false, 0, [], null, 0, 1744325820.711905, 0, {}]
[{"0": [1, 25, 3, 2, 1, 3, 1, 2, 1, 1, 4, 0, 2, 2, 1, 0, 1]}, null, null, 6, false, [], false, 0, [], null, 0, 1744325820.9336545, 0, {}]
[{"0": [3, 0, 2, 2, 4, 0, 2, 0, 5, 1, 2, 1, 1, 1, 0, 30, 31]}, null, null, 7, false, [], false, 0, [], null, 0, 1744325821.1462955, 0, {}]
[{"0": [1, 25, 21, 31, 28, 27, 27, 25, 37, 30, 22, 38, 34, 26, 29, 31, 0]}, null, null, 7, false, [], false, 0, [], null, 0, 1744325821.35593, 0, {}]
[{"0": [0, 31, 28, 32, 1, 2, 3, 2, 0, 1, 1, 1, 2, 2, 1, 1, 1]}, null, null, 8, false, [], false, 0, [], null, 0, 1744325821.564621, 0, {}]
[{"0": [2, 23, 26, 3, 2, 1, 2, 2, 2, 3, 2, 1, 1, 2, 1, 1, 1]}, null, null, 8, false, [], false, 0, [], null, 0, 1744325821.7966552, 0, {}]
[{"0": [0, 25, 29, 24, 33, 41, 23, 21, 2, 2, 2, 2, 2, 2, 2, 1, 3]}, null, null, 9, false, [], false, 0, [], null, 0, 1744325822.0062358, 0, {}]
[{"0": [1, 29, 27, 26, 31, 26, 33, 29, 20, 0, 1, 1, 1, 1, 0, 4, 2]}, null, null, 10, false, [], false, 0, [], null, 0, 1744325822.2324638, 0, {}]
[{"0": [1, 40, 0, 5, 4, 1, 2, 1, 1, 3, 1, 3, 6, 1, 2, 0, 1]}, null, null, 10, false, [], false, 0, [], null, 0, 1744325822.4336514, 0, {}]
[{"0": [1, 26, 31, 19, 0, 0, 2, 2, 2, 2, 2, 1, 0, 2, 3, 2, 1]}, null, null, 11, false, [], false, 0, [], null, 0, 1744325822.6581686, 0, {}]
[{"0": [1, 30, 29, 26, 27, 24, 26, 27, 20, 21, 0, 2, 3, 3, 1, 1, 0]}, null, null, 11, false, [], false, 0, [], null, 0, 1744325822.8710358, 0, {}]
[{"0": [1, 23, 31, 31, 24, 23, 1, 2, 1, 4, 0, 1, 4, 2, 3, 2, 1]}, null, null, 12, false, [], false, 0, [], null, 0, 1744325823.089952, 0, {}]
[{"0": [2, 27, 26, 22, 2, 1, 0, 1, 0, 2, 1, 3, 1, 2, 2, 2, 2]}, null, null, 13, false, [], false, 0, [], null, 0, 1744325823.3166466, 0, {}]
[{"0": [5, 21, 25, 25, 30, 31, 19, 39, 32, 2, 2, 1, 0, 2, 5, 3, 3]}, null, null, 13, false, [], false, 0, [], null, 0, 1744325823.5320058, 0, {}]
[{"0": [1, 1, 33, 33, 27, 28, 26, 1, 1, 2, 1, 2, 0, 0, 4, 1, 4]}, null, null, 14, false, [], false, 0, [], null, 0, 1744325823.7372336, 0, {}]
[{"0": [2, 32, 28, 1, 2, 1, 4, 0, 3, 1, 3, 1, 0, 0, 1, 3, 0]}, null, null, 14, false, [], false, 0, [], null, 0, 1744325823.9628549, 0, {}]
[{"0": [2, 29, 25, 33, 21, 33, 25, 2, 1, 2, 3, 2, 1, 4, 3, 3, 3]}, null, null, 15, false, [], false, 0, [], null, 0, 1744325824.1795197, 0, {}]
[{"0": [1, 25, 31, 3, 4, 0, 0, 6, 2, 0, 0, 1, 0, 1, 2, 1, 4]}, null, null, 16, false, [], false, 0, [], null, 0, 1744325824.384305, 0, {}]
[{"0": [0, 1, 31, 25, 19, 1, 2, 1, 0, 4, 2, 4, 1, 0, 3, 2, 2]}, null, null, 16, false, [], false, 0, [], null, 0, 1744325824.6075687, 0, {}]
[{"0": [1, 27, 22, 32, 30, 32, 37, 26, 24, 23, 22, 31, 24, 25, 30, 31, 19]}, null, null, 17, false, [], false, 0, [], null, 0, 1744325824.8332417, 0, {}]
[{"0": [35, 1, 4, 0, 5, 1, 2, 4, 3, 0, 2, 2, 4, 2, 4, 3, 2]}, null, null, 17, false, [], false, 0, [], null, 0, 1744325825.0453348, 0, {}]
[{"0": [30, 28, 27, 22, 1, 8, 1, 1, 0, 2, 0, 3, 2, 1, 0, 1, 2]}, null, null, 18, false, [], false, 0, [], null, 0, 1744325825.2585254, 0, {}]
[{"0": [3, 29, 34, 2, 0, 1, 0, 2, 0, 1, 1, 1, 3, 0, 2, 1, 1]}, null, null, 19, false, [], false, 0, [], null, 0, 1744325825.4744666, 0, {}]
[{"0": [1, 0, 5, 2, 5, 0, 0, 2, 1, 1, 3, 0, 2, 1, 3, 2, 2]}, null, null, 19, false, [], false, 0, [], null, 0, 1744325825.6938071, 0, {}]
[{"0": [2, 33, 31, 0, 0, 3, 3, 1, 1, 3, 0, 3, 1, 3, 1, 3, 3]}, null, null, 20, false, [], false, 0, [], null, 0, 1744325825.908791, 0, {}]
[{"0": [2, 24, 2, 0, 1, 3, 0, 3, 3, 3, 0, 2, 1, 3, 2, 3, 4]}, null, null, 20, false, [], false, 0, [], null, 0, 1744325826.1259475, 0, {}]
[{"0": [2, 28, 25, 26, 31, 33, 26, 31, 0, 2, 3, 2, 0, 3, 3, 1, 2]}, null, null, 21, false, [], false, 0, [], null, 0, 1744325826.3364177, 0, {}]
[{"0": [1, 5, 1, 0, 2, 3, 2, 19, 2, 1, 2, 2, 1, 4, 1, 1, 0]}, null, null, 22, false, [], false, 0, [], null, 0, 1744325826.564262, 0, {}]
[{"0": [2, 29, 27, 20, 35, 34, 25, 29, 30, 24, 25, 29, 28, 20, 27, 35, 28]}, null, null, 22, false, [], false, 0, [], null, 0, 1744325826.7735245, 0, {}]
[{"0": [3, 23, 44, 33, 1, 4, 5, 2, 2, 1, 3, 3, 3, 2, 4, 0, 1]}, null, null, 23, false, [], false, 0, [], null, 0, 1744325826.9957514, 0, {}]
[{"0": [4, 47, 25, 39, 2, 2, 0, 5, 2, 1, 0, 1, 2, 1, 0, 4, 2]}, null, null, 23, false, [], false, 0, [], null, 0, 1744325827.211669, 0, {}]
[{"0": [2, 29, 23, 32, 36, 28, 33, 26, 40, 33, 23, 37, 29, 33, 40, 32, 23]}, null, null, 24, false, [], false, 0, [], null, 0, 1744325827.4262576, 0, {}]
[{"0": [5, 36, 39, 26, 1, 1, 1, 2, 1, 3, 1, 1, 2, 1, 1, 1, 3]}, null, null, 25, false, [], false, 0, [], null, 0, 1744325827.6420627, 0, {}]
[{"0": [3, 1, 0, 2, 2, 2, 1, 2, 3, 2, 2, 2, 5, 2, 2, 3, 2]}, null, null, 25, false, [], false, 0, [], null, 0, 1744325827.8525298, 0, {}]
[{"0": [3, 36, 25, 28, 25, 31, 27, 33, 0, 0, 4, 2, 1, 2, 0, 1, 1]}, null, null, 26, false, [], false, 0, [], null, 0, 1744325828.07538, 0, {}]
[{"0": [0, 35, 1, 5, 0, 3, 4, 5, 1, 1, 2, 1, 2, 1, 2, 3, 3]}, null, null, 27, false, [], false, 0, [], null, 0, 1744325828.2924423, 0, {}]
[{"0": [1, 37, 28, 26, 33, 31, 27, 1, 1, 3, 0, 1, 1, 1, 0, 1, 2]}, null, null, 27, false, [], false, 0, [], null, 0, 1744325828.5217297, 0, {}]
[{"0": [3, 23, 28, 31, 35, 24, 23, 35, 2, 2, 1, 2, 0, 3, 1, 37, 2]}, null, null, 28, false, [], false, 0, [], null, 0, 1744325828.7303755, 0, {}]
[{"0": [4, 33, 27, 29, 1, 2, 2, 5, 1, 3, 1, 1, 2, 2, 3, 0, 6]}, null, null, 28, false, [], false, 0, [], null, 0, 1744325828.9511538, 0, {}]
[{"0": [3, 32, 33, 30, 1, 0, 0, 2, 2, 0, 1, 1, 1, 2, 2, 2, 1]}, null, null, 29, false, [], false, 0, [], null, 0, 1744325829.1567287, 0, {}]
[{"0": [1, 31, 27, 26, 35, 32, 38, 26, 1, 0, 1, 2, 3, 2, 4, 3, 3]}, null, null, 30, false, [], false, 0, [], null, 0, 1744325829.3730435, 0, {}]
[{"0": [0, 32, 28, 29, 32, 30, 33, 29, 20, 32, 39, 1, 1, 1, 2, 2, 1]}, null, null, 30, false, [], false, 0, [], null, 0, 1744325829.594717, 0, {}]
[{"0": [0, 32, 24, 28, 5, 1, 2, 0, 4, 2, 1, 0, 0, 1, 1, 1, 4]}, null, null, 31, false, [], false, 0, [], null, 0, 1744325829.798446, 0, {}]
[{"0": [4, 33, 4, 2, 2, 0, 1, 0, 1, 2, 4, 2, 2, 2, 1, 4, 2]}, null, null, 31, false, [], false, 0, [], null, 0, 1744325830.0395634, 0, {}]
[{"0": [0, 29, 30, 2, 4, 4, 1, 1, 1, 1, 1, 1, 0, 3, 2, 1, 2]}, null, null, 32, false, [], false, 0, [], null, 0, 1744325830.243525, 0, {}]
[{"0": [3, 28, 30, 27, 0, 1, 1, 0, 3, 5, 2, 2, 0, 1, 1, 2, 2]}, null, null, 33, false, [], false, 0, [], null, 0, 1744325830.4630985, 0, {}]
[{"0": [2, 35, 39, 30, 39, 33, 2, 1, 2, 4, 0, 0, 3, 2, 1, 1, 0]}, null, null, 33, false, [], false, 0, [], null, 0, 1744325830.6680348, 0, {}]
[{"0": [2, 34, 25, 29, 24, 27, 25, 33, 45, 20, 23, 3, 0, 5, 0, 1, 1]}, null, null, 34, false, [], false, 0, [], null, 0, 1744325830.8932297, 0, {}]
[{"0": [2, 43, 33, 22, 22, 38, 2, 2, 0, 1, 0, 2, 3, 2, 4, 5, 3]}, null, null, 34, false, [], false, 0, [], null, 0, 1744325831.110162, 0, {}]
[{"0": [3, 4, 3, 1, 2, 1, 1, 33, 30, 2, 2, 3, 2, 1, 2, 2, 2]}, null, null, 35, false, [], false, 0, [], null, 0, 1744325831.326556, 0, {}]
[{"0": [3, 1, 1, 2, 1, 1, 1, 0, 0, 4, 3, 2, 2, 1, 0, 3, 3]}, null, null, 36, false, [], false, 0, [], null, 0, 1744325831.5384893, 0, {}]
[{"0": [1, 27, 4, 2, 0, 0, 2, 1, 0, 1, 1, 3, 1, 1, 2, 0, 1]}, null, null, 36, false, [], false, 0, [], null, 0, 1744325831.7532384, 0, {}]
[{"0": [1, 37, 28, 1, 2, 1, 1, 5, 2, 1, 2, 1, 3, 1, 2, 4, 2]}, null, null, 37, false, [], false, 0, [], null, 0, 1744325831.9864802, 0, {}]
[{"0": [1, 34, 18, 21, 2, 3, 2, 2, 2, 4, 2, 2, 2, 0, 3, 0, 2]}, null, null, 37, false, [], false, 0, [], null, 0, 1744325832.1949506, 0, {}]
[{"0": [2, 34, 2, 2, 2, 3, 2, 1, 2, 1, 4, 1, 2, 0, 4, 2, 3]}, null, null, 38, false, [], false, 0, [], null, 0, 1744325832.4192848, 0, {}]
[{"0": [1, 33, 32, 24, 22, 31, 1, 0, 1, 1, 1, 1, 0, 1, 0, 1, 0]}, null, null, 39, false, [], false, 0, [], null, 0, 1744325832.618704, 0, {}]
[{"0": [1, 26, 33, 35, 34, 0, 3, 5, 3, 1, 1, 1, 2, 1, 1, 1, 3]}, null, null, 39, false, [], false, 0, [], null, 0, 1744325832.8371496, 0, {}]
[{"0": [2, 28, 4, 1, 1, 2, 1, 4, 3, 1, 2, 3, 0, 3, 2, 2, 2]}, null, null, 40, false, [], false, 0, [], null, 0, 1744325833.0530908, 0, {}]
[{"0": [1, 2, 3, 0, 1, 3, 3, 2, 1, 1, 2, 1, 2, 2, 2, 0, 3]}, null, null, 40, false, [], false, 0, [], null, 0, 1744325833.2881324, 0, {}]
[{"0": [2, 28, 36, 3, 0, 2, 0, 3, 1, 1, 0, 3, 2, 1, 3, 0, 1]}, null, null, 41, false, [], false, 0, [], null, 0, 1744325833.4872484, 0, {}]
[{"0": [2, 35, 3, 2, 2, 1, 2, 1, 3, 0, 2, 2, 1, 1, 2, 1, 2]}, null, null, 42, false, [], false, 0, [], null, 0, 1744325833.7202606, 0, {}]
[{"0": [2, 4, 2, 1, 2, 22, 23, 30, 26, 32, 2, 0, 2, 1, 4, 1, 0]}, null, null, 42, false, [], false, 0, [], null, 0, 1744325833.91833, 0, {}]
[{"0": [34, 36, 22, 32, 34, 27, 22, 25, 21, 38, 28, 36, 3, 0, 1, 1, 1]}, null, null, 43, false, [], false, 0, [], null, 0, 1744325834.1401298, 0, {}]
[{"0": [2, 22, 31, 33, 30, 6, 2, 4, 4, 2, 0, 1, 3, 1, 2, 3, 3]}, null, null, 43, false, [], false, 0, [], null, 0, 1744325834.3664775, 0, {}]
[{"0": [2, 32, 2, 3, 1, 0, 3, 1, 2, 0, 1, 2, 0, 1, 2, 3, 1]}, null, null, 44, false, [], false, 0, [], null, 0, 1744325834.5744834, 0, {}]
[{"0": [4, 4, 3, 0, 1, 2, 3, 1, 3, 1, 0, 3, 0, 1, 5, 0, 4]}, null, null, 45, false, [], false, 0, [], null, 0, 1744325834.7909722, 0, {}]
[{"0": [24, 33, 0, 2, 2, 0, 5, 1, 2, 3, 3, 1, 0, 3, 2, 2, 2]}, null, null, 45, false, [], false, 0, [], null, 0, 1744325835.0111563, 0, {}]
[{"0": [3, 26, 22, 2, 2, 1, 1, 0, 4, 5, 0, 1, 1, 2, 1, 2, 0]}, null, null, 46, false, [], false, 0, [], null, 0, 1744325835.2191675, 0, {}]
[{"0": [1, 32, 31, 40, 27, 1, 0, 1, 0, 0, 3, 1, 0, 2, 1, 3, 1]}, null, null, 46, false, [], false, 0, [], null, 0, 1744325835.445735, 0, {}]
[{"0": [1, 30, 1, 1, 2, 1, 1, 1, 2, 5, 1, 0, 1, 2, 3, 0, 3]}, null, null, 47, false, [], false, 0, [], null, 0, 1744325835.6706612, 0, {}]
[{"0": [3, 24, 35, 28, 28, 23, 27, 25, 24, 24, 36, 22, 3, 1, 3, 2, 1]}, null, null, 48, false, [], false, 0, [], null, 0, 1744325835.8870401, 0, {}]
[{"0": [2, 23, 27, 31, 30, 1, 1, 0, 2, 3, 0, 1, 2, 2, 2, 4, 1]}, null, null, 48, false, [], false, 0, [], null, 0, 1744325836.0861385, 0, {}]
[{"0": [1, 20, 28, 20, 27, 1, 2, 0, 2, 2, 1, 3, 2, 1, 1, 1, 2]}, null, null, 49, false, [], false, 0, [], null, 0, 1744325836.3137932, 0, {}]
[{"0": [1, 15, 24, 26, 22, 36, 37, 21, 2, 1, 1, 2, 1, 1, 2, 2, 4]}, null, null, 49, false, [], false, 0, [], null, 0, 1744325836.5262845, 0, {}]
[{"0": [2, 25, 33, 26, 21, 25, 1, 1, 0, 1, 0, 2, 0, 1, 1, 3, 4]}, null, null, 50, false, [], false, 0, [], null, 0, 1744325836.7533276, 0, {}]
[{"0": [2, 26, 22, 23, 23, 35, 26, 33, 28, 30, 1, 2, 3, 1, 1, 4, 1]}, null, null, 51, false, [], false, 0, [], null, 0, 1744325836.9559956, 0, {}]
[{"0": [1, 33, 27, 22, 24, 25, 27, 22, 2, 2, 1, 1, 1, 0, 2, 0, 2]}, null, null, 51, false, [], false, 0, [], null, 0, 1744325837.1766002, 0, {}]
[{"0": [1, 32, 27, 27, 26, 20, 2, 0, 1, 2, 6, 0, 4, 2, 1, 2, 1]}, null, null, 52, false, [], false, 0, [], null, 0, 1744325837.391598, 0, {}]
[{"0": [1, 31, 40, 22, 3, 1, 2, 0, 2, 0, 1, 4, 1, 1, 0, 1, 1]}, null, null, 52, false, [], false, 0, [], null, 0, 1744325837.6027412, 0, {}]
[{"0": [5, 4, 1, 0, 4, 3, 3, 0, 3, 7, 1, 4, 2, 1, 0, 1, 2]}, null, null, 53, false, [], false, 0, [], null, 0, 1744325837.832904, 0, {}]
[{"0": [2, 25, 0, 3, 0, 4, 4, 0, 3, 1, 3, 0, 6, 1, 3, 0, 1]}, null, null, 54, false, [], false, 0, [], null, 0, 1744325838.0439754, 0, {}]
[{"0": [3, 24, 38, 24, 21, 23, 2, 2, 3, 2, 1, 2, 1, 2, 1, 5, 1]}, null, null, 54, false, [], false, 0, [], null, 0, 1744325838.263295, 0, {}]
[{"0": [0, 2, 2, 2, 5, 0, 4, 2, 1, 1, 3, 1, 3, 1, 1, 2, 4]}, null, null, 55, false, [], false, 0, [], null, 0, 1744325838.4777029, 0, {}]
[{"0": [2, 27, 31, 24, 38, 20, 41, 29, 30, 25, 2, 3, 12, 0, 0, 0, 0]}, null, null, 55, false, [], false, 0, [], null, 0, 1744325838.700165, 0, {}]
[{"0": [1, 25, 29, 38, 21, 23, 25, 30, 21, 30, 1, 0, 1, 4, 0, 1, 7]}, null, null, 56, false, [], false, 0, [], null, 0, 1744325838.909334, 0, {}]
[{"0": [2, 27, 28, 27, 29, 31, 37, 32, 5, 2, 1, 1, 0, 0, 3, 4, 2]}, null, null, 57, false, [], false, 0, [], null, 0, 1744325839.1388848, 0, {}]
[{"0": [1, 30, 26, 31, 23, 29, 39, 30, 28, 37, 33, 26, 34, 22, 3, 2, 4]}, null, null, 57, false, [], false, 0, [], null, 0, 1744325839.33523, 0, {}]
[{"0": [2, 37, 0, 2, 1, 1, 2, 4, 1, 0, 1, 0, 4, 2, 2, 2, 4]}, null, null, 58, false, [], false, 0, [], null, 0, 1744325839.5612106, 0, {}]
[{"0": [2, 29, 27, 32, 35, 32, 20, 22, 26, 26, 22, 22, 28, 16, 1, 2, 3]}, null, null, 58, false, [], false, 0, [], null, 0, 1744325839.7743862, 0, {}]
[{"0": [1, 35, 2, 2, 0, 1, 3, 5, 3, 0, 1, 2, 3, 0, 1, 2, 2]}, null, null, 59, false, [], false, 0, [], null, 0, 1744325839.9987023, 0, {}]
[{"0": [0, 31, 25, 32, 23, 33, 27, 32, 28, 24, 28, 32, 39, 3, 3, 3, 1]}, null, null, 60, false, [], false, 0, [], null, 0, 1744325840.2181578, 0, {}]
[{"0": [1, 22, 26, 31, 35, 30, 1, 1, 2, 3, 1, 3, 2, 0, 3, 0, 3]}, null, null, 60, false, [], false, 0, [], null, 0, 1744325840.4205263, 0, {}]
[{"0": [0, 29, 33, 30, 0, 2, 3, 2, 2, 1, 0, 1, 2, 4, 2, 2, 1]}, null, null, 61, false, [], false, 0, [], null, 0, 1744325840.6552055, 0, {}]
[{"0": [3, 39, 33, 17, 28, 0, 1, 0, 0, 1, 1, 5, 5, 5, 3, 2, 0]}, null, null, 61, false, [], false, 0, [], null, 0, 1744325840.8600154, 0, {}]
[{"0": [2, 27, 26, 25, 1, 2, 3, 5, 3, 3, 1, 1, 3, 1, 0, 1, 3]}, null, null, 62, false, [], false, 0, [], null, 0, 1744325841.070478, 0, {}]
[{"0": [1, 20, 29, 45, 20, 35, 26, 16, 1, 3, 2, 2, 0, 2, 1, 0, 2]}, null, null, 63, false, [], false, 0, [], null, 0, 1744325841.299215, 0, {}]
[{"0": [1, 22, 37, 29, 18, 42, 27, 30, 17, 31, 36, 28, 30, 26, 19, 1, 2]}, null, null, 63, false, [], false, 0, [], null, 0, 1744325841.5100524, 0, {}]
[{"0": [0, 2, 1, 2, 3, 3, 0, 3, 1, 5, 2, 1, 0, 0, 3, 4, 0]}, null, null, 64, false, [], false, 0, [], null, 0, 1744325841.722907, 0, {}]
[{"0": [1, 30, 4, 2, 1, 3, 2, 3, 2, 1, 0, 3, 0, 0, 0, 1, 1]}, null, null, 64, false, [], false, 0, [], null, 0, 1744325841.9403195, 0, {}]
[{"0": [1, 35, 29, 31, 30, 26, 29, 25, 28, 30, 24, 35, 29, 29, 30, 2, 0]}, null, null, 65, false, [], false, 0, [], null, 0, 1744325842.1581523, 0, {}]
[{"0": [2, 26, 24, 28, 24, 24, 42, 26, 23, 37, 33, 35, 26, 34, 30, 32, 23]}, null, null, 66, false, [], false, 0, [], null, 0, 1744325842.390007, 0, {}]
[{"0": [3, 31, 18, 27, 4, 1, 0, 0, 3, 1, 1, 2, 4, 2, 4, 2, 1]}, null, null, 66, false, [], false, 0, [], null, 0, 1744325842.5954552, 0, {}]
[{"0": [0, 19, 33, 22, 31, 24, 36, 2, 2, 2, 0, 4, 1, 0, 2, 1, 2]}, null, null, 67, false, [], false, 0, [], null, 0, 1744325842.8124123, 0, {}]
[{"0": [2, 24, 26, 26, 30, 35, 28, 41, 25, 26, 26, 34, 30, 1, 1, 3, 2]}, null, null, 67, false, [], false, 0, [], null, 0, 1744325843.029352, 0, {}]
[{"0": [1, 28, 23, 40, 25, 26, 29, 32, 34, 26, 30, 23, 1, 3, 2, 3, 0]}, null, null, 68, false, [], false, 0, [], null, 0, 1744325843.2431185, 0, {}]
[{"0": [3, 38, 1, 2, 3, 1, 1, 1, 2, 4, 5, 1, 0, 2, 5, 2, 1]}, null, null, 69, false, [], false, 0, [], null, 0, 1744325843.4584408, 0, {}]
[{"0": [2, 30, 29, 22, 33, 25, 34, 35, 24, 35, 1, 0, 1, 1, 1, 4, 4]}, null, null, 69, false, [], false, 0, [], null, 0, 1744325843.681559, 0, {}]
[{"0": [0, 3, 1, 2, 1, 2, 1, 2, 34, 33, 24, 28, 39, 26, 33, 27, 27]}, null, null, 70, false, [], false, 0, [], null, 0, 1744325843.8942575, 0, {}]
[{"0": [0, 1, 1, 2, 21, 35, 1, 0, 1, 2, 2, 4, 0, 1, 3, 1, 2]}, null, null, 70, false, [], false, 0, [], null, 0, 1744325844.1077027, 0, {}]
[{"0": [3, 3, 1, 2, 1, 2, 2, 0, 2, 1, 3, 1, 19, 27, 29, 26, 29]}, null, null, 71, false, [], false, 0, [], null, 0, 1744325844.3248174, 0, {}]
[{"0": [1, 1, 1, 2, 1, 0, 4, 0, 4, 2, 23, 23, 31, 28, 0, 2, 0]}, null, null, 72, false, [], false, 0, [], null, 0, 1744325844.5379567, 0, {}]
[{"0": [2, 38, 27, 4, 1, 3, 1, 3, 1, 0, 1, 0, 3, 2, 1, 0, 3]}, null, null, 72, false, [], false, 0, [], null, 0, 1744325844.7697616, 0, {}]
[{"0": [1, 33, 28, 23, 28, 22, 21, 24, 36, 1, 2, 2, 3, 2, 1, 1, 3]}, null, null, 73, false, [], false, 0, [], null, 0, 1744325844.9865115, 0, {}]
[{"0": [32, 31, 33, 39, 27, 41, 31, 26, 27, 30, 18, 36, 30, 19, 19, 22, 23]}, null, null, 73, false, [], false, 0, [], null, 0, 1744325845.1971467, 0, {}]
[{"0": [1, 23, 32, 31, 30, 27, 21, 29, 27, 18, 22, 28, 1, 0, 0, 1, 1]}, null, null, 74, false, [], false, 0, [], null, 0, 1744325845.4131973, 0, {}]
[{"0": [1, 23, 28, 27, 5, 1, 0, 1, 3, 3, 1, 1, 3, 1, 3, 2, 0]}, null, null, 75, false, [], false, 0, [], null, 0, 1744325845.6309602, 0, {}]
[{"0": [2, 27, 26, 31, 29, 34, 26, 17, 26, 2, 2, 1, 2, 3, 2, 1, 0]}, null, null, 75, false, [], false, 0, [], null, 0, 1744325845.8438492, 0, {}]
[{"0": [4, 23, 18, 23, 36, 26, 2, 1, 2, 3, 3, 2, 1, 2, 1, 2, 4]}, null, null, 76, false, [], false, 0, [], null, 0, 1744325846.0783954, 0, {}]
[{"0": [2, 3, 1, 3, 1, 1, 1, 1, 24, 19, 26, 31, 20, 28, 29, 28, 35]}, null, null, 77, false, [], false, 0, [], null, 0, 1744325846.271681, 0, {}]
[{"0": [0, 37, 25, 24, 2, 2, 3, 2, 0, 0, 2, 1, 5, 1, 4, 0, 1]}, null, null, 77, false, [], false, 0, [], null, 0, 1744325846.4887576, 0, {}]
[{"0": [3, 29, 4, 1, 3, 4, 1, 2, 1, 1, 2, 1, 0, 2, 3, 3, 4]}, null, null, 78, false, [], false, 0, [], null, 0, 1744325846.7039142, 0, {}]
[{"0": [1, 27, 29, 2, 1, 1, 0, 2, 1, 4, 2, 0, 2, 1, 3, 1, 4]}, null, null, 78, false, [], false, 0, [], null, 0, 1744325846.929101, 0, {}]
[{"0": [2, 25, 26, 26, 16, 28, 1, 0, 1, 3, 3, 1, 1, 2, 0, 0, 4]}, null, null, 79, false, [], false, 0, [], null, 0, 1744325847.1480286, 0, {}]
[{"0": [0, 28, 26, 2, 2, 1, 4, 2, 3, 1, 4, 1, 4, 3, 3, 2, 4]}, null, null, 80, false, [], false, 0, [], null, 0, 1744325847.3634493, 0, {}]
[{"0": [2, 19, 22, 22, 24, 32, 25, 22, 34, 23, 35, 23, 28, 25, 28, 33, 23]}, null, null, 80, false, [], false, 0, [], null, 0, 1744325847.584103, 0, {}]
[{"0": [4, 31, 28, 33, 24, 33, 24, 19, 30, 2, 2, 0, 3, 1, 4, 0, 1]}, null, null, 81, false, [], false, 0, [], null, 0, 1744325847.8011177, 0, {}]
[{"0": [2, 38, 37, 25, 0, 2, 1, 5, 2, 0, 2, 1, 1, 3, 0, 2, 0]}, null, null, 81, false, [], false, 0, [], null, 0, 1744325848.006112, 0, {}]
[{"0": [1, 35, 1, 0, 5, 1, 3, 2, 1, 2, 6, 1, 1, 3, 2, 2, 3]}, null, null, 82, false, [], false, 0, [], null, 0, 1744325848.222983, 0, {}]
[{"0": [1, 26, 20, 36, 27, 23, 32, 35, 2, 1, 2, 1, 2, 2, 5, 0, 1]}, null, null, 83, false, [], false, 0, [], null, 0, 1744325848.439515, 0, {}]
[{"0": [1, 26, 24, 21, 29, 35, 1, 4, 2, 1, 1, 0, 2, 3, 1, 2, 2]}, null, null, 83, false, [], false, 0, [], null, 0, 1744325848.6684842, 0, {}]
[{"0": [2, 23, 32, 31, 29, 2, 1, 4, 2, 4, 1, 1, 1, 3, 1, 1, 1]}, null, null, 84, false, [], false, 0, [], null, 0, 1744325848.8859901, 0, {}]
[{"0": [3, 21, 35, 23, 33, 27, 27, 22, 26, 36, 23, 25, 38, 2, 3, 0, 1]}, null, null, 84, false, [], false, 0, [], null, 0, 1744325849.0975013, 0, {}]
[{"0": [2, 24, 30, 34, 30, 28, 3, 0, 2, 1, 1, 1, 2, 3, 2, 1, 3]}, null, null, 85, false, [], false, 0, [], null, 0, 1744325849.3199944, 0, {}]
[{"0": [2, 4, 18, 2, 1, 2, 2, 4, 2, 2, 3, 4, 1, 2, 1, 0, 2]}, null, null, 86, false, [], false, 0, [], null, 0, 1744325849.5335953, 0, {}]
[{"0": [2, 31, 34, 29, 31, 2, 1, 5, 4, 0, 4, 2, 1, 1, 1, 4, 0]}, null, null, 86, false, [], false, 0, [], null, 0, 1744325849.75908, 0, {}]
[{"0": [1, 26, 25, 31, 27, 4, 1, 2, 4, 3, 5, 0, 2, 0, 0, 2, 3]}, null, null, 87, false, [], false, 0, [], null, 0, 1744325849.9633322, 0, {}]
[{"0": [26, 29, 32, 24, 36, 27, 31, 35, 32, 36, 21, 26, 31, 26, 34, 34, 1]}, null, null, 87, false, [], false, 0, [], null, 0, 1744325850.1778252, 0, {}]
[{"0": [2, 22, 1, 2, 0, 3, 2, 1, 0, 2, 2, 3, 3, 1, 1, 5, 1]}, null, null, 88, false, [], false, 0, [], null, 0, 1744325850.4001043, 0, {}]
[{"0": [19, 1, 2, 4, 0, 1, 1, 1, 1, 1, 4, 4, 3, 0, 1, 3, 0]}, null, null, 89, false, [], false, 0, [], null, 0, 1744325850.6185532, 0, {}]
[{"0": [2, 24, 23, 28, 27, 29, 21, 29, 25, 29, 3, 2, 2, 1, 3, 0, 4]}, null, null, 89, false, [], false, 0, [], null, 0, 1744325850.8260858, 0, {}]
[{"0": [2, 18, 3, 2, 1, 0, 0, 2, 2, 3, 0, 2, 3, 1, 2, 0, 3]}, null, null, 90, false, [], false, 0, [], null, 0, 1744325851.0414958, 0, {}]
[{"0": [1, 30, 25, 14, 2, 2, 2, 4, 2, 1, 1, 3, 1, 2, 0, 1, 2]}, null, null, 90, false, [], false, 0, [], null, 0, 1744325851.25471, 0, {}]
[{"0": [1, 2, 2, 1, 0, 1, 1, 3, 7, 3, 6, 1, 2, 2, 2, 0, 1]}, null, null, 91, false, [], false, 0, [], null, 0, 1744325851.4904332, 0, {}]
[{"0": [2, 30, 29, 35, 29, 26, 0, 2, 2, 3, 1, 0, 1, 1, 2, 6, 2]}, null, null, 92, false, [], false, 0, [], null, 0, 1744325851.704124, 0, {}]
[{"0": [4, 24, 16, 32, 24, 24, 35, 24, 22, 4, 2, 3, 1, 1, 2, 1, 4]}, null, null, 92, false, [], false, 0, [], null, 0, 1744325851.92578, 0, {}]
[{"0": [3, 32, 33, 17, 4, 1, 1, 2, 0, 4, 0, 5, 0, 3, 3, 1, 1]}, null, null, 93, false, [], false, 0, [], null, 0, 1744325852.1358724, 0, {}]
[{"0": [2, 4, 1, 4, 1, 0, 2, 2, 2, 2, 0, 2, 2, 2, 1, 1, 2]}, null, null, 93, false, [], false, 0, [], null, 0, 1744325852.3398788, 0, {}]
[{"0": [1, 31, 30, 24, 18, 19, 31, 2, 1, 3, 0, 3, 0, 5, 1, 0, 3]}, null, null, 94, false, [], false, 0, [], null, 0, 1744325852.572746, 0, {}]
[{"0": [0, 29, 29, 3, 2, 1, 3, 0, 0, 4, 3, 3, 2, 4, 2, 3, 3]}, null, null, 95, false, [], false, 0, [], null, 0, 1744325852.786957, 0, {}]
[{"0": [33, 20, 31, 41, 23, 2, 2, 2, 2, 1, 4, 0, 0, 2, 1, 1, 3]}, null, null, 95, false, [], false, 0, [], null, 0, 1744325852.9971125, 0, {}]
[{"0": [2, 26, 2, 0, 0, 1, 1, 1, 1, 3, 3, 3, 1, 0, 0, 2, 1]}, null, null, 96, false, [], false, 0, [], null, 0, 1744325853.2140043, 0, {}]
[{"0": [3, 1, 0, 1, 2, 1, 2, 2, 1, 1, 1, 1, 3, 1, 4, 0, 1]}, null, null, 96, false, [], false, 0, [], null, 0, 1744325853.4259224, 0, {}]
[{"0": [3, 28, 0, 4, 1, 4, 3, 2, 1, 3, 3, 2, 3, 0, 1, 1, 0]}, null, null, 97, false, [], false, 0, [], null, 0, 1744325853.6411402, 0, {}]
[{"0": [1, 32, 30, 31, 2, 1, 3, 3, 2, 1, 3, 4, 1, 2, 1, 1, 1]}, null, null, 98, false, [], false, 0, [], null, 0, 1744325853.874233, 0, {}]
[{"0": [2, 3, 0, 1, 3, 1, 41, 1, 2, 1, 2, 5, 2, 3, 1, 2, 3]}, null, null, 98, false, [], false, 0, [], null, 0, 1744325854.0898461, 0, {}]
[{"0": [3, 23, 27, 2, 0, 2, 5, 3, 1, 0, 3, 1, 4, 3, 2, 3, 1]}, null, null, 99, false, [], false, 0, [], null, 0, 1744325854.2955048, 0, {}]
[{"0": [1, 23, 27, 31, 27, 27, 27, 24, 31, 25, 30, 36, 24, 24, 2, 1, 5]}, null, null, 99, false, [], false, 0, [], null, 0, 1744325854.5110571, 0, {}]
[{"0": [5, 37, 28, 22, 31, 26, 21, 22, 31, 31, 32, 21, 28, 29, 37, 36, 34]}, null, null, 100, false, [], false, 0, [], null, 0, 1744325854.7223456, 0, {}]
[{"0": [0, 24, 0, 3, 4, 1, 0, 2, 1, 2, 2, 1, 0, 1, 1, 2, 0]}, null, null, 101, false, [], false, 0, [], null, 0, 1744325854.9379978, 0, {}]
[{"0": [1, 31, 30, 27, 29, 24, 2, 1, 1, 0, 2, 1, 2, 1, 5, 1, 2]}, null, null, 101, false, [], false, 0, [], null, 0, 1744325855.170397, 0, {}]
[{"0": [2, 29, 30, 31, 20, 32, 30, 27, 29, 27, 2, 1, 1, 0, 0, 2, 2]}, null, null, 102, false, [], false, 0, [], null, 0, 1744325855.3856502, 0, {}]
[{"0": [2, 31, 34, 25, 25, 31, 22, 0, 0, 1, 4, 1, 2, 2, 3, 0, 1]}, null, null, 102, false, [], false, 0, [], null, 0, 1744325855.5896106, 0, {}]
[{"0": [5, 33, 1, 1, 2, 1, 0, 3, 3, 2, 1, 1, 2, 1, 3, 0, 0]}, null, null, 103, false, [], false, 0, [], null, 0, 1744325855.808286, 0, {}]
[{"0": [1, 1, 33, 37, 26, 24, 34, 38, 28, 29, 30, 28, 30, 1, 2, 2, 3]}, null, null, 104, false, [], false, 0, [], null, 0, 1744325856.0335245, 0, {}]
[{"0": [0, 31, 3, 1, 0, 2, 4, 3, 5, 2, 1, 1, 2, 0, 4, 1, 2]}, null, null, 104, false, [], false, 0, [], null, 0, 1744325856.2455466, 0, {}]
[{"0": [0, 34, 2, 2, 0, 6, 0, 3, 1, 0, 0, 7, 0, 1, 2, 0, 1]}, null, null, 105, false, [], false, 0, [], null, 0, 1744325856.4700124, 0, {}]
[{"0": [2, 38, 36, 19, 28, 23, 34, 30, 1, 5, 0, 0, 3, 1, 4, 1, 2]}, null, null, 105, false, [], false, 0, [], null, 0, 1744325856.6927426, 0, {}]
[{"0": [1, 28, 15, 30, 27, 1, 2, 1, 3, 1, 2, 2, 2, 2, 1, 1, 0]}, null, null, 106, false, [], false, 0, [], null, 0, 1744325856.8978686, 0, {}]
[{"0": [3, 29, 33, 28, 0, 2, 1, 1, 1, 2, 3, 2, 1, 1, 5, 3, 1]}, null, null, 107, false, [], false, 0, [], null, 0, 1744325857.1087785, 0, {}]
[{"0": [1, 2, 5, 2, 3, 1, 1, 2, 1, 0, 2, 1, 4, 1, 1, 2, 4]}, null, null, 107, false, [], false, 0, [], null, 0, 1744325857.3409996, 0, {}]
[{"0": [3, 29, 28, 2, 1, 2, 2, 1, 0, 1, 3, 1, 2, 0, 1, 2, 1]}, null, null, 108, false, [], false, 0, [], null, 0, 1744325857.5625012, 0, {}]
[{"0": [4, 38, 25, 30, 20, 0, 1, 2, 2, 3, 3, 1, 2, 4, 0, 3, 2]}, null, null, 108, false, [], false, 0, [], null, 0, 1744325857.7609878, 0, {}]
[{"0": [0, 27, 6, 0, 2, 1, 3, 3, 4, 2, 1, 4, 3, 2, 3, 2, 5]}, null, null, 109, false, [], false, 0, [], null, 0, 1744325857.9903145, 0, {}]
[{"0": [0, 24, 33, 31, 31, 29, 26, 32, 0, 0, 4, 3, 3, 3, 0, 3, 1]}, null, null, 110, false, [], false, 0, [], null, 0, 1744325858.1875439, 0, {}]
[{"0": [2, 32, 33, 34, 41, 33, 27, 1, 3, 2, 1, 2, 5, 0, 0, 2, 7]}, null, null, 110, false, [], false, 0, [], null, 0, 1744325858.4227717, 0, {}]
[{"0": [2, 26, 30, 24, 30, 24, 22, 28, 35, 0, 4, 1, 2, 2, 2, 1, 2]}, null, null, 111, false, [], false, 0, [], null, 0, 1744325858.6284046, 0, {}]
[{"0": [3, 27, 27, 34, 31, 0, 4, 2, 2, 2, 1, 0, 2, 3, 0, 2, 2]}, null, null, 111, false, [], false, 0, [], null, 0, 1744325858.8483503, 0, {}]
[{"0": [35, 4, 2, 2, 2, 4, 1, 2, 0, 1, 0, 2, 3, 1, 0, 0, 1]}, null, null, 112, false, [], false, 0, [], null, 0, 1744325859.0748334, 0, {}]
[{"0": [2, 3, 2, 26, 29, 40, 0, 3, 4, 2, 3, 2, 3, 1, 5, 2, 3]}, null, null, 113, false, [], false, 0, [], null, 0, 1744325859.2870736, 0, {}]
[{"0": [4, 35, 36, 29, 39, 33, 34, 32, 22, 26, 21, 40, 37, 32, 35, 37, 29]}, null, null, 113, false, [], false, 0, [], null, 0, 1744325859.4854658, 0, {}]
[{"0": [32, 27, 31, 24, 2, 1, 2, 0, 2, 2, 2, 0, 1, 1, 1, 0, 5]}, null, null, 114, false, [], false, 0, [], null, 0, 1744325859.7125528, 0, {}]
[{"0": [1, 27, 31, 37, 31, 37, 29, 34, 28, 28, 35, 29, 28, 44, 30, 0, 4]}, null, null, 114, false, [], false, 0, [], null, 0, 1744325859.9263787, 0, {}]
[{"0": [38, 35, 24, 26, 30, 37, 2, 0, 1, 3, 3, 3, 2, 2, 3, 1, 1]}, null, null, 115, false, [], false, 0, [], null, 0, 1744325860.150269, 0, {}]
[{"0": [1, 5, 0, 0, 1, 4, 2, 5, 4, 2, 2, 5, 2, 2, 3, 1, 3]}, null, null, 116, false, [], false, 0, [], null, 0, 1744325860.3767118, 0, {}]
[{"0": [0, 27, 27, 29, 26, 37, 27, 22, 29, 1, 1, 2, 3, 0, 0, 0, 1]}, null, null, 116, false, [], false, 0, [], null, 0, 1744325860.58201, 0, {}]
[{"0": [0, 30, 23, 44, 36, 29, 23, 24, 35, 29, 37, 36, 30, 27, 39, 0, 2]}, null, null, 117, false, [], false, 0, [], null, 0, 1744325860.7955973, 0, {}]
[{"0": [1, 30, 31, 33, 3, 3, 3, 2, 1, 1, 3, 3, 2, 0, 2, 1, 0]}, null, null, 117, false, [], false, 0, [], null, 0, 1744325861.0101883, 0, {}]
[{"0": [2, 1, 1, 2, 1, 2, 0, 1, 2, 0, 3, 2, 4, 2, 5, 2, 4]}, null, null, 118, false, [], false, 0, [], null, 0, 1744325861.2287743, 0, {}]
[{"0": [0, 21, 1, 1, 0, 4, 1, 0, 2, 2, 3, 3, 0, 1, 1, 1, 4]}, null, null, 119, false, [], false, 0, [], null, 0, 1744325861.4453208, 0, {}]
[{"0": [2, 28, 24, 30, 29, 37, 22, 26, 0, 2, 0, 1, 1, 1, 2, 4, 3]}, null, null, 119, false, [], false, 0, [], null, 0, 1744325861.666498, 0, {}]
[{"0": [2, 21, 34, 6, 2, 2, 0, 1, 1, 1, 1, 1, 3, 2, 2, 3, 3]}, null, null, 120, false, [], false, 0, [], null, 0, 1744325861.8820333, 0, {}]
[{"0": [4, 36, 29, 16, 26, 0, 1, 1, 3, 2, 2, 3, 2, 4, 2, 3, 1]}, null, null, 120, false, [], false, 0, [], null, 0, 1744325862.106816, 0, {}]
[{"0": [1, 26, 29, 26, 31, 26, 34, 31, 18, 33, 27, 34, 28, 30, 28, 0, 2]}, null, null, 121, false, [], false, 0, [], null, 0, 1744325862.3224666, 0, {}]
[{"0": [25, 27, 31, 32, 24, 33, 1, 3, 0, 1, 1, 0, 2, 0, 0, 3, 1]}, null, null, 122, false, [], false, 0, [], null, 0, 1744325862.5415666, 0, {}]
[{"0": [1, 25, 30, 27, 36, 33, 38, 1, 3, 1, 1, 2, 1, 1, 1, 0, 6]}, null, null, 122, false, [], false, 0, [], null, 0, 1744325862.742983, 0, {}]
[{"0": [2, 0, 1, 3, 2, 2, 1, 2, 0, 1, 3, 2, 2, 2, 26, 32, 1]}, null, null, 123, false, [], false, 0, [], null, 0, 1744325862.9630911, 0, {}]
[{"0": [3, 32, 31, 38, 25, 1, 0, 3, 4, 2, 2, 1, 2, 0, 1, 5, 0]}, null, null, 123, false, [], false, 0, [], null, 0, 1744325863.1800892, 0, {}]
[{"0": [24, 24, 39, 3, 1, 4, 1, 0, 2, 0, 1, 2, 1, 1, 2, 1, 1]}, null, null, 124, false, [], false, 0, [], null, 0, 1744325863.3980317, 0, {}]
[{"0": [0, 2, 0, 2, 3, 1, 1, 1, 1, 1, 2, 1, 3, 2, 1, 1, 3]}, null, null, 125, false, [], false, 0, [], null, 0, 1744325863.6195943, 0, {}]
[{"0": [4, 29, 28, 31, 33, 3, 2, 4, 2, 2, 2, 4, 0, 1, 1, 3, 4]}, null, null, 125, false, [], false, 0, [], null, 0, 1744325863.8191922, 0, {}]
[{"0": [1, 33, 31, 34, 33, 2, 4, 3, 1, 7, 1, 2, 3, 4, 1, 3, 1]}, null, null, 126, false, [], false, 0, [], null, 0, 1744325864.050064, 0, {}]
[{"0": [1, 23, 34, 33, 32, 0, 1, 3, 4, 4, 1, 2, 2, 3, 4, 2, 2]}, null, null, 127, false, [], false, 0, [], null, 0, 1744325864.2596889, 0, {}]
[{"0": [3, 3, 2, 3, 3, 35, 30, 26, 6, 1, 4, 1, 1, 2, 2, 0, 2]}, null, null, 127, false, [], false, 0, [], null, 0, 1744325864.4728675, 0, {}]
[{"0": [0, 32, 32, 33, 1, 2, 1, 2, 1, 1, 3, 2, 1, 2, 3, 1, 0]}, null, null, 128, false, [], false, 0, [], null, 0, 1744325864.6988244, 0, {}]
[{"0": [2, 31, 34, 25, 33, 22, 2, 1, 0, 2, 1, 1, 1, 1, 3, 4, 5]}, null, null, 128, false, [], false, 0, [], null, 0, 1744325864.9128048, 0, {}]
[{"0": [1, 19, 26, 23, 25, 29, 30, 1, 3, 0, 2, 2, 1, 2, 2, 3, 1]}, null, null, 129, false, [], false, 0, [], null, 0, 1744325865.1304595, 0, {}]
[{"0": [33, 32, 30, 30, 26, 35, 1, 0, 1, 2, 1, 1, 1, 2, 3, 0, 2]}, null, null, 130, false, [], false, 0, [], null, 0, 1744325865.3422902, 0, {}]
[{"0": [3, 33, 2, 2, 0, 2, 2, 4, 3, 1, 1, 2, 1, 2, 0, 1, 2]}, null, null, 130, false, [], false, 0, [], null, 0, 1744325865.5620701, 0, {}]
[{"0": [1, 29, 28, 1, 0, 1, 2, 2, 3, 1, 2, 2, 3, 4, 2, 0, 2]}, null, null, 131, false, [], false, 0, [], null, 0, 1744325865.7833776, 0, {}]
[{"0": [3, 28, 27, 31, 23, 24, 0, 2, 1, 0, 3, 5, 2, 0, 2, 4, 2]}, null, null, 131, false, [], false, 0, [], null, 0, 1744325865.9914336, 0, {}]
[{"0": [1, 32, 28, 37, 41, 1, 1, 3, 2, 0, 1, 2, 0, 3, 2, 4, 1]}, null, null, 132, false, [], false, 0, [], null, 0, 1744325866.2049496, 0, {}]
[{"0": [2, 21, 33, 38, 27, 29, 1, 1, 2, 1, 1, 0, 1, 2, 1, 2, 3]}, null, null, 133, false, [], false, 0, [], null, 0, 1744325866.421283, 0, {}]
[{"0": [3, 23, 30, 0, 2, 1, 6, 1, 3, 2, 3, 6, 1, 2, 2, 2, 2]}, null, null, 133, false, [], false, 0, [], null, 0, 1744325866.644745, 0, {}]
[{"0": [37, 28, 32, 26, 34, 2, 1, 2, 4, 1, 1, 4, 1, 1, 2, 1, 1]}, null, null, 134, false, [], false, 0, [], null, 0, 1744325866.8557775, 0, {}]
[{"0": [4, 24, 26, 26, 25, 34, 38, 2, 5, 3, 2, 3, 2, 1, 1, 0, 4]}, null, null, 134, false, [], false, 0, [], null, 0, 1744325867.0813775, 0, {}]
[{"0": [0, 31, 28, 29, 1, 1, 1, 2, 2, 1, 2, 1, 1, 3, 0, 3, 3]}, null, null, 135, false, [], false, 0, [], null, 0, 1744325867.2976146, 0, {}]
[{"0": [1, 2, 2, 2, 0, 1, 3, 1, 2, 1, 1, 3, 2, 2, 4, 3, 2]}, null, null, 136, false, [], false, 0, [], null, 0, 1744325867.5088856, 0, {}]
[{"0": [2, 16, 37, 33, 22, 30, 31, 30, 17, 28, 35, 23, 1, 4, 0, 4, 0]}, null, null, 136, false, [], false, 0, [], null, 0, 1744325867.7204583, 0, {}]
[{"0": [0, 32, 2, 0, 1, 3, 1, 1, 2, 3, 3, 1, 4, 2, 3, 3, 6]}, null, null, 137, false, [], false, 0, [], null, 0, 1744325867.952547, 0, {}]
[{"0": [4, 34, 31, 33, 40, 31, 2, 2, 1, 1, 3, 1, 3, 1, 0, 2, 0]}, null, null, 137, false, [], false, 0, [], null, 0, 1744325868.177672, 0, {}]
[{"0": [4, 30, 24, 30, 0, 3, 2, 1, 0, 1, 2, 5, 0, 1, 1, 2, 0]}, null, null, 138, false, [], false, 0, [], null, 0, 1744325868.3933253, 0, {}]
[{"0": [0, 29, 30, 37, 26, 31, 0, 0, 5, 2, 1, 0, 1, 3, 3, 1, 2]}, null, null, 139, false, [], false, 0, [], null, 0, 1744325868.5964007, 0, {}]
[{"0": [4, 27, 22, 4, 0, 2, 3, 2, 4, 1, 1, 3, 0, 1, 3, 5, 0]}, null, null, 139, false, [], false, 0, [], null, 0, 1744325868.809029, 0, {}]
[{"0": [1, 21, 30, 2, 1, 0, 3, 4, 0, 0, 1, 0, 5, 1, 1, 1, 4]}, null, null, 140, false, [], false, 0, [], null, 0, 1744325869.0259473, 0, {}]
[{"0": [2, 34, 37, 39, 26, 33, 37, 34, 32, 1, 3, 3, 1, 0, 4, 2, 1]}, null, null, 140, false, [], false, 0, [], null, 0, 1744325869.2434378, 0, {}]
[{"0": [1, 32, 26, 36, 32, 30, 32, 4, 5, 3, 2, 2, 3, 0, 2, 3, 2]}, null, null, 141, false, [], false, 0, [], null, 0, 1744325869.460734, 0, {}]
[{"0": [2, 25, 26, 26, 27, 31, 33, 27, 16, 28, 26, 24, 22, 2, 0, 2, 2]}, null, null, 142, false, [], false, 0, [], null, 0, 1744325869.6847072, 0, {}]
[{"0": [0, 37, 17, 26, 2, 2, 1, 1, 4, 3, 1, 2, 1, 1, 4, 1, 1]}, null, null, 142, false, [], false, 0, [], null, 0, 1744325869.894389, 0, {}]
[{"0": [2, 27, 34, 19, 2, 2, 1, 1, 4, 2, 3, 1, 1, 2, 1, 1, 2]}, null, null, 143, false, [], false, 0, [], null, 0, 1744325870.113097, 0, {}]
[{"0": [5, 1, 1, 1, 0, 1, 1, 0, 3, 0, 1, 1, 0, 3, 1, 0, 2]}, null, null, 143, false, [], false, 0, [], null, 0, 1744325870.332463, 0, {}]
[{"0": [1, 1, 2, 1, 2, 3, 0, 3, 2, 0, 1, 0, 1, 2, 2, 6, 1]}, null, null, 144, false, [], false, 0, [], null, 0, 1744325870.5486004, 0, {}]
[{"0": [1, 32, 32, 36, 27, 25, 3, 2, 1, 2, 3, 1, 2, 3, 4, 4, 2]}, null, null, 145, false, [], false, 0, [], null, 0, 1744325870.7566144, 0, {}]
[{"0": [2, 1, 0, 1, 2, 3, 0, 1, 2, 3, 2, 1, 0, 0, 2, 0, 0]}, null, null, 145, false, [], false, 0, [], null, 0, 1744325870.9851956, 0, {}]
[{"0": [4, 23, 32, 28, 24, 23, 17, 22, 32, 30, 18, 33, 38, 28, 29, 32, 1]}, null, null, 146, false, [], false, 0, [], null, 0, 1744325871.1984565, 0, {}]
[{"0": [0, 31, 26, 32, 36, 35, 3, 0, 1, 2, 2, 0, 2, 2, 4, 4, 0]}, null, null, 146, false, [], false, 0, [], null, 0, 1744325871.4097552, 0, {}]
[{"0": [3, 27, 19, 12, 2, 0, 1, 1, 1, 1, 1, 2, 1, 1, 1, 3, 3]}, null, null, 147, false, [], false, 0, [], null, 0, 1744325871.6343086, 0, {}]
[{"0": [3, 0, 3, 3, 0, 0, 1, 2, 1, 1, 29, 37, 28, 28, 40, 2, 0]}, null, null, 148, false, [], false, 0, [], null, 0, 1744325871.8435142, 0, {}]
[{"0": [2, 25, 24, 5, 0, 0, 2, 3, 1, 0, 1, 5, 2, 1, 1, 0, 1]}, null, null, 148, false, [], false, 0, [], null, 0, 1744325872.057669, 0, {}]
[{"0": [1, 19, 2, 0, 1, 1, 3, 2, 1, 1, 1, 1, 1, 0, 2, 0, 4]}, null, null, 149, false, [], false, 0, [], null, 0, 1744325872.2844446, 0, {}]
[{"0": [1, 24, 22, 28, 33, 2, 1, 3, 2, 2, 3, 1, 0, 2, 1, 3, 3]}, null, null, 149, false, [], false, 0, [], null, 0, 1744325872.5004063, 0, {}]
[{"0": [4, 29, 27, 17, 2, 0, 0, 1, 2, 3, 4, 3, 3, 2, 1, 1, 0]}, null, null, 150, true, [], false, 0, [], null, 0, 1744325872.7145357, 0, {}]
