[{"0": [1, 19, 36, 1, 1, 1, 2, 0, 2, 1, 4, 1, 2, 1, 1, 2, 4]}, null, null, 0, false, [], false, 0, [], null, 0, 1744326953.7361503, 0, {}]
[{"0": [3, 26, 5, 1, 1, 1, 3, 1, 3, 3, 0, 2, 0, 3, 1, 2, 2]}, null, null, 1, false, [], false, 0, [], null, 0, 1744326953.9758725, 0, {}]
[{"0": [1, 32, 23, 25, 29, 33, 27, 32, 0, 1, 1, 1, 1, 0, 0, 1, 2]}, null, null, 1, false, [], false, 0, [], null, 0, 1744326954.1890917, 0, {}]
[{"0": [3, 36, 30, 3, 5, 1, 4, 3, 0, 0, 1, 2, 3, 1, 1, 2, 0]}, null, null, 2, false, [], false, 0, [], null, 0, 1744326954.4101076, 0, {}]
[{"0": [43, 29, 6, 2, 2, 4, 1, 3, 1, 1, 6, 4, 2, 2, 1, 3, 2]}, null, null, 2, false, [], false, 0, [], null, 0, 1744326954.6356306, 0, {}]
[{"0": [34, 40, 30, 41, 37, 27, 1, 3, 2, 0, 0, 5, 1, 2, 1, 0, 3]}, null, null, 3, false, [], false, 0, [], null, 0, 1744326954.837304, 0, {}]
[{"0": [32, 28, 1, 2, 3, 4, 3, 3, 2, 2, 5, 3, 2, 2, 5, 2, 2]}, null, null, 4, false, [], false, 0, [], null, 0, 1744326955.0605567, 0, {}]
[{"0": [6, 0, 2, 26, 2, 2, 3, 2, 1, 2, 3, 0, 1, 2, 3, 1, 0]}, null, null, 4, false, [], false, 0, [], null, 0, 1744326955.2772644, 0, {}]
[{"0": [27, 29, 32, 34, 34, 36, 27, 27, 30, 27, 3, 2, 1, 1, 1, 1, 1]}, null, null, 5, false, [], false, 0, [], null, 0, 1744326955.4896617, 0, {}]
[{"0": [5, 31, 1, 7, 0, 0, 5, 3, 1, 2, 2, 2, 0, 2, 1, 0, 0]}, null, null, 5, false, [], false, 0, [], null, 0, 1744326955.7085834, 0, {}]
[{"0": [3, 25, 39, 25, 35, 22, 17, 26, 0, 2, 1, 2, 2, 4, 2, 2, 3]}, null, null, 6, false, [], false, 0, [], null, 0, 1744326955.917941, 0, {}]
[{"0": [0, 35, 26, 3, 2, 3, 1, 1, 1, 2, 2, 1, 0, 1, 2, 2, 1]}, null, null, 7, false, [], false, 0, [], null, 0, 1744326956.1523364, 0, {}]
[{"0": [3, 21, 3, 0, 3, 2, 2, 0, 1, 1, 2, 1, 0, 8, 2, 2, 2]}, null, null, 7, false, [], false, 0, [], null, 0, 1744326956.3589907, 0, {}]
[{"0": [30, 35, 25, 27, 25, 28, 0, 2, 0, 3, 0, 2, 3, 1, 3, 0, 1]}, null, null, 8, false, [], false, 0, [], null, 0, 1744326956.5853617, 0, {}]
[{"0": [2, 21, 31, 33, 27, 33, 1, 2, 2, 3, 0, 2, 4, 1, 2, 2, 2]}, null, null, 8, false, [], false, 0, [], null, 0, 1744326956.7872128, 0, {}]
[{"0": [2, 1, 32, 29, 32, 2, 1, 1, 2, 2, 1, 2, 1, 4, 0, 2, 2]}, null, null, 9, false, [], false, 0, [], null, 0, 1744326957.01274, 0, {}]
[{"0": [4, 39, 25, 33, 1, 1, 1, 2, 3, 1, 0, 3, 1, 1, 2, 2, 1]}, null, null, 10, false, [], false, 0, [], null, 0, 1744326957.2291968, 0, {}]
[{"0": [0, 31, 22, 30, 33, 34, 23, 1, 2, 2, 4, 3, 1, 3, 6, 1, 0]}, null, null, 10, false, [], false, 0, [], null, 0, 1744326957.4362211, 0, {}]
[{"0": [1, 25, 25, 36, 24, 28, 27, 29, 3, 2, 1, 1, 1, 1, 1, 0, 4]}, null, null, 11, false, [], false, 0, [], null, 0, 1744326957.6501458, 0, {}]
[{"0": [0, 1, 3, 0, 0, 0, 1, 1, 1, 25, 26, 0, 1, 1, 1, 1, 2]}, null, null, 11, false, [], false, 0, [], null, 0, 1744326957.8914776, 0, {}]
[{"0": [24, 0, 1, 2, 2, 2, 2, 1, 1, 1, 7, 0, 1, 3, 0, 1, 3]}, null, null, 12, false, [], false, 0, [], null, 0, 1744326958.1038342, 0, {}]
[{"0": [2, 24, 37, 26, 27, 26, 18, 32, 4, 2, 0, 3, 2, 3, 2, 1, 2]}, null, null, 13, false, [], false, 0, [], null, 0, 1744326958.3095925, 0, {}]
[{"0": [1, 27, 25, 28, 32, 40, 34, 2, 1, 2, 5, 3, 4, 0, 0, 0, 1]}, null, null, 13, false, [], false, 0, [], null, 0, 1744326958.5280714, 0, {}]
[{"0": [2, 29, 2, 3, 3, 1, 0, 5, 0, 4, 2, 4, 2, 2, 3, 1, 2]}, null, null, 14, false, [], false, 0, [], null, 0, 1744326958.7396493, 0, {}]
[{"0": [1, 37, 27, 38, 34, 22, 34, 38, 32, 3, 4, 2, 2, 0, 1, 1, 1]}, null, null, 14, false, [], false, 0, [], null, 0, 1744326958.9570181, 0, {}]
[{"0": [3, 29, 2, 2, 0, 0, 2, 1, 1, 2, 1, 3, 2, 0, 1, 4, 3]}, null, null, 15, false, [], false, 0, [], null, 0, 1744326959.1833823, 0, {}]
[{"0": [2, 24, 29, 34, 1, 2, 1, 2, 0, 3, 0, 0, 4, 0, 3, 1, 1]}, null, null, 16, false, [], false, 0, [], null, 0, 1744326959.3917868, 0, {}]
[{"0": [1, 2, 5, 0, 1, 2, 3, 5, 2, 0, 1, 2, 0, 2, 2, 3, 2]}, null, null, 16, false, [], false, 0, [], null, 0, 1744326959.6007948, 0, {}]
[{"0": [1, 32, 4, 1, 1, 0, 3, 2, 1, 4, 2, 2, 0, 1, 0, 1, 1]}, null, null, 17, false, [], false, 0, [], null, 0, 1744326959.82155, 0, {}]
[{"0": [25, 31, 25, 31, 5, 2, 3, 3, 2, 3, 1, 1, 0, 2, 1, 3, 4]}, null, null, 17, false, [], false, 0, [], null, 0, 1744326960.048722, 0, {}]
[{"0": [3, 21, 26, 36, 1, 2, 0, 1, 2, 3, 1, 3, 2, 3, 3, 1, 3]}, null, null, 18, false, [], false, 0, [], null, 0, 1744326960.2682045, 0, {}]
[{"0": [3, 30, 25, 42, 33, 21, 28, 26, 22, 29, 29, 3, 1, 3, 3, 3, 0]}, null, null, 19, false, [], false, 0, [], null, 0, 1744326960.4702523, 0, {}]
[{"0": [1, 27, 0, 0, 1, 1, 1, 5, 2, 3, 4, 1, 2, 3, 0, 2, 1]}, null, null, 19, false, [], false, 0, [], null, 0, 1744326960.6809497, 0, {}]
[{"0": [1, 29, 26, 28, 26, 6, 3, 3, 2, 4, 3, 2, 1, 1, 3, 3, 2]}, null, null, 20, false, [], false, 0, [], null, 0, 1744326960.8986514, 0, {}]
[{"0": [2, 20, 42, 29, 34, 28, 2, 3, 1, 1, 1, 4, 2, 2, 0, 1, 1]}, null, null, 20, false, [], false, 0, [], null, 0, 1744326961.1140738, 0, {}]
[{"0": [3, 27, 32, 33, 33, 33, 21, 32, 2, 4, 4, 2, 1, 0, 1, 1, 1]}, null, null, 21, false, [], false, 0, [], null, 0, 1744326961.3434925, 0, {}]
[{"0": [2, 23, 30, 29, 37, 29, 33, 18, 34, 38, 27, 28, 28, 21, 28, 21, 29]}, null, null, 22, false, [], false, 0, [], null, 0, 1744326961.5643275, 0, {}]
[{"0": [20, 42, 23, 29, 40, 28, 27, 34, 21, 34, 2, 1, 1, 2, 1, 4, 2]}, null, null, 22, false, [], false, 0, [], null, 0, 1744326961.7789, 0, {}]
[{"0": [1, 2, 1, 1, 0, 0, 29, 28, 1, 1, 2, 1, 1, 4, 2, 1, 1]}, null, null, 23, false, [], false, 0, [], null, 0, 1744326961.9802513, 0, {}]
[{"0": [1, 27, 29, 29, 3, 3, 0, 7, 1, 3, 3, 0, 2, 0, 0, 4, 2]}, null, null, 23, false, [], false, 0, [], null, 0, 1744326962.1966965, 0, {}]
[{"0": [1, 23, 33, 24, 32, 3, 3, 2, 1, 4, 0, 2, 3, 2, 1, 1, 3]}, null, null, 24, false, [], false, 0, [], null, 0, 1744326962.4254014, 0, {}]
[{"0": [1, 28, 34, 2, 2, 1, 1, 2, 2, 2, 3, 0, 1, 2, 3, 3, 4]}, null, null, 25, false, [], false, 0, [], null, 0, 1744326962.6392012, 0, {}]
[{"0": [2, 36, 0, 1, 4, 0, 0, 5, 3, 4, 3, 1, 4, 2, 0, 2, 3]}, null, null, 25, false, [], false, 0, [], null, 0, 1744326962.8518858, 0, {}]
[{"0": [3, 0, 1, 7, 0, 4, 5, 1, 2, 2, 0, 2, 4, 0, 2, 2, 4]}, null, null, 26, false, [], false, 0, [], null, 0, 1744326963.0745013, 0, {}]
[{"0": [29, 31, 3, 6, 2, 2, 2, 2, 2, 3, 1, 1, 2, 1, 8, 0, 6]}, null, null, 27, false, [], false, 0, [], null, 0, 1744326963.2945187, 0, {}]
[{"0": [1, 30, 24, 30, 31, 46, 37, 37, 31, 27, 26, 27, 1, 6, 0, 2, 2]}, null, null, 27, false, [], false, 0, [], null, 0, 1744326963.4975052, 0, {}]
[{"0": [2, 1, 35, 0, 3, 3, 0, 2, 1, 3, 2, 0, 2, 3, 0, 2, 0]}, null, null, 28, false, [], false, 0, [], null, 0, 1744326963.7129257, 0, {}]
[{"0": [3, 30, 4, 4, 4, 3, 1, 1, 2, 2, 3, 0, 3, 0, 1, 1, 3]}, null, null, 28, false, [], false, 0, [], null, 0, 1744326963.9450114, 0, {}]
[{"0": [4, 17, 32, 21, 21, 3, 1, 3, 1, 2, 2, 4, 3, 3, 2, 2, 1]}, null, null, 29, false, [], false, 0, [], null, 0, 1744326964.15576, 0, {}]
[{"0": [2, 18, 20, 28, 3, 0, 3, 1, 0, 2, 3, 4, 0, 2, 2, 5, 1]}, null, null, 30, false, [], false, 0, [], null, 0, 1744326964.374412, 0, {}]
[{"0": [44, 39, 31, 36, 25, 31, 0, 3, 1, 1, 0, 3, 0, 2, 1, 1, 5]}, null, null, 30, false, [], false, 0, [], null, 0, 1744326964.5931594, 0, {}]
[{"0": [1, 1, 5, 0, 2, 8, 4, 1, 4, 0, 4, 2, 0, 2, 1, 0, 8]}, null, null, 31, false, [], false, 0, [], null, 0, 1744326964.8057978, 0, {}]
[{"0": [6, 31, 26, 32, 2, 2, 3, 3, 3, 1, 2, 2, 3, 0, 4, 2, 1]}, null, null, 31, false, [], false, 0, [], null, 0, 1744326965.0266488, 0, {}]
[{"0": [1, 36, 27, 28, 3, 3, 4, 1, 2, 2, 1, 3, 3, 2, 5, 2, 2]}, null, null, 32, false, [], false, 0, [], null, 0, 1744326965.243847, 0, {}]
[{"0": [2, 24, 30, 25, 36, 0, 0, 3, 0, 0, 4, 1, 3, 4, 4, 1, 2]}, null, null, 33, false, [], false, 0, [], null, 0, 1744326965.4531882, 0, {}]
[{"0": [2, 40, 18, 26, 36, 28, 23, 44, 26, 29, 37, 2, 0, 1, 1, 0, 1]}, null, null, 33, false, [], false, 0, [], null, 0, 1744326965.6721797, 0, {}]
[{"0": [1, 23, 29, 31, 30, 25, 1, 2, 0, 2, 2, 1, 3, 3, 2, 1, 0]}, null, null, 34, false, [], false, 0, [], null, 0, 1744326965.8816013, 0, {}]
[{"0": [2, 37, 2, 2, 2, 0, 3, 0, 1, 1, 0, 3, 0, 1, 0, 3, 1]}, null, null, 34, false, [], false, 0, [], null, 0, 1744326966.1008928, 0, {}]
[{"0": [0, 2, 2, 1, 6, 0, 1, 37, 1, 3, 0, 1, 2, 4, 2, 1, 2]}, null, null, 35, false, [], false, 0, [], null, 0, 1744326966.3132324, 0, {}]
[{"0": [31, 26, 29, 29, 26, 38, 17, 33, 23, 27, 33, 29, 2, 0, 0, 2, 1]}, null, null, 36, false, [], false, 0, [], null, 0, 1744326966.5317981, 0, {}]
[{"0": [3, 0, 0, 0, 3, 2, 4, 1, 1, 2, 2, 0, 2, 3, 0, 0, 1]}, null, null, 36, false, [], false, 0, [], null, 0, 1744326966.7542472, 0, {}]
[{"0": [1, 24, 21, 3, 0, 2, 4, 2, 3, 2, 1, 5, 0, 1, 2, 1, 1]}, null, null, 37, false, [], false, 0, [], null, 0, 1744326966.9724636, 0, {}]
[{"0": [4, 17, 4, 4, 3, 2, 1, 4, 1, 4, 3, 1, 1, 0, 1, 1, 1]}, null, null, 37, false, [], false, 0, [], null, 0, 1744326967.18491, 0, {}]
[{"0": [2, 28, 2, 0, 3, 2, 1, 1, 0, 2, 2, 0, 4, 2, 3, 2, 5]}, null, null, 38, false, [], false, 0, [], null, 0, 1744326967.397817, 0, {}]
[{"0": [3, 31, 3, 2, 1, 0, 1, 3, 4, 1, 1, 1, 0, 3, 3, 3, 1]}, null, null, 39, false, [], false, 0, [], null, 0, 1744326967.6163266, 0, {}]
[{"0": [1, 26, 30, 31, 27, 21, 2, 3, 1, 0, 8, 2, 2, 2, 2, 0, 1]}, null, null, 39, false, [], false, 0, [], null, 0, 1744326967.8329751, 0, {}]
[{"0": [2, 0, 0, 4, 2, 2, 2, 1, 0, 1, 2, 0, 3, 2, 2, 3, 2]}, null, null, 40, false, [], false, 0, [], null, 0, 1744326968.0514228, 0, {}]
[{"0": [1, 22, 28, 1, 1, 1, 0, 0, 2, 2, 0, 0, 0, 1, 0, 1, 1]}, null, null, 40, false, [], false, 0, [], null, 0, 1744326968.262116, 0, {}]
[{"0": [36, 38, 29, 30, 32, 1, 1, 3, 4, 0, 1, 2, 1, 0, 1, 0, 2]}, null, null, 41, false, [], false, 0, [], null, 0, 1744326968.4904573, 0, {}]
[{"0": [1, 29, 3, 0, 0, 2, 3, 4, 1, 3, 2, 1, 1, 3, 1, 4, 1]}, null, null, 42, false, [], false, 0, [], null, 0, 1744326968.7037373, 0, {}]
[{"0": [3, 30, 25, 3, 1, 0, 2, 2, 3, 2, 3, 1, 1, 3, 4, 0, 1]}, null, null, 42, false, [], false, 0, [], null, 0, 1744326968.9125283, 0, {}]
[{"0": [2, 31, 26, 0, 0, 1, 0, 1, 0, 1, 1, 1, 2, 5, 1, 2, 3]}, null, null, 43, false, [], false, 0, [], null, 0, 1744326969.1329925, 0, {}]
[{"0": [0, 26, 39, 23, 25, 4, 4, 5, 1, 1, 2, 6, 3, 1, 3, 1, 4]}, null, null, 43, false, [], false, 0, [], null, 0, 1744326969.348335, 0, {}]
[{"0": [1, 6, 3, 1, 37, 33, 32, 34, 25, 31, 28, 25, 28, 32, 25, 42, 26]}, null, null, 44, false, [], false, 0, [], null, 0, 1744326969.5764253, 0, {}]
[{"0": [1, 1, 3, 5, 1, 2, 1, 0, 2, 2, 1, 3, 2, 2, 4, 2, 0]}, null, null, 45, false, [], false, 0, [], null, 0, 1744326969.78938, 0, {}]
[{"0": [4, 27, 37, 1, 0, 2, 2, 2, 0, 0, 1, 1, 3, 2, 5, 3, 1]}, null, null, 45, false, [], false, 0, [], null, 0, 1744326970.0162501, 0, {}]
[{"0": [1, 26, 32, 22, 27, 23, 31, 31, 33, 32, 3, 3, 2, 0, 1, 5, 3]}, null, null, 46, false, [], false, 0, [], null, 0, 1744326970.2190473, 0, {}]
[{"0": [1, 32, 23, 0, 0, 2, 2, 2, 1, 2, 0, 1, 0, 0, 3, 2, 1]}, null, null, 46, false, [], false, 0, [], null, 0, 1744326970.4306788, 0, {}]
[{"0": [4, 29, 35, 33, 28, 28, 18, 27, 30, 3, 1, 1, 1, 1, 3, 0, 4]}, null, null, 47, false, [], false, 0, [], null, 0, 1744326970.6655252, 0, {}]
[{"0": [1, 33, 31, 34, 23, 23, 34, 1, 0, 2, 2, 3, 1, 5, 0, 1, 0]}, null, null, 48, false, [], false, 0, [], null, 0, 1744326970.8615506, 0, {}]
[{"0": [3, 27, 36, 27, 3, 3, 1, 6, 2, 4, 4, 5, 2, 1, 3, 3, 0]}, null, null, 48, false, [], false, 0, [], null, 0, 1744326971.0816195, 0, {}]
[{"0": [2, 34, 27, 36, 36, 19, 27, 29, 26, 2, 1, 0, 2, 1, 2, 1, 4]}, null, null, 49, false, [], false, 0, [], null, 0, 1744326971.2969627, 0, {}]
[{"0": [31, 24, 33, 35, 31, 25, 30, 32, 33, 34, 27, 21, 24, 32, 31, 44, 38]}, null, null, 49, false, [], false, 0, [], null, 0, 1744326971.5167203, 0, {}]
[{"0": [29, 22, 35, 25, 26, 27, 21, 33, 28, 2, 6, 1, 0, 4, 1, 2, 2]}, null, null, 50, false, [], false, 0, [], null, 0, 1744326971.7332032, 0, {}]
[{"0": [1, 35, 30, 30, 0, 1, 1, 3, 3, 0, 2, 3, 3, 2, 0, 0, 2]}, null, null, 51, false, [], false, 0, [], null, 0, 1744326971.967145, 0, {}]
[{"0": [3, 32, 26, 22, 19, 26, 24, 24, 2, 3, 2, 1, 1, 3, 1, 1, 4]}, null, null, 51, false, [], false, 0, [], null, 0, 1744326972.163613, 0, {}]
[{"0": [1, 30, 33, 35, 1, 4, 3, 0, 3, 5, 2, 1, 2, 2, 3, 2, 0]}, null, null, 52, false, [], false, 0, [], null, 0, 1744326972.383074, 0, {}]
[{"0": [0, 25, 27, 25, 2, 5, 1, 2, 2, 2, 2, 2, 2, 1, 3, 2, 1]}, null, null, 52, false, [], false, 0, [], null, 0, 1744326972.5973282, 0, {}]
[{"0": [3, 34, 26, 31, 43, 25, 24, 28, 21, 24, 28, 28, 35, 22, 23, 34, 0]}, null, null, 53, false, [], false, 0, [], null, 0, 1744326972.8114996, 0, {}]
[{"0": [2, 30, 21, 30, 22, 33, 36, 30, 33, 23, 24, 2, 4, 3, 1, 0, 3]}, null, null, 54, false, [], false, 0, [], null, 0, 1744326973.0455625, 0, {}]
[{"0": [35, 26, 31, 24, 1, 2, 1, 3, 1, 0, 1, 1, 2, 5, 2, 3, 3]}, null, null, 54, false, [], false, 0, [], null, 0, 1744326973.25656, 0, {}]
[{"0": [21, 2, 2, 1, 4, 1, 3, 4, 1, 1, 3, 2, 4, 0, 0, 3, 2]}, null, null, 55, false, [], false, 0, [], null, 0, 1744326973.4733524, 0, {}]
[{"0": [3, 38, 2, 3, 4, 1, 4, 2, 3, 5, 5, 1, 2, 0, 4, 2, 1]}, null, null, 55, false, [], false, 0, [], null, 0, 1744326973.6891866, 0, {}]
[{"0": [22, 31, 30, 29, 22, 24, 19, 4, 6, 1, 3, 1, 2, 2, 0, 1, 1]}, null, null, 56, false, [], false, 0, [], null, 0, 1744326973.910599, 0, {}]
[{"0": [1, 27, 13, 19, 28, 29, 2, 3, 5, 5, 3, 3, 2, 2, 5, 1, 1]}, null, null, 57, false, [], false, 0, [], null, 0, 1744326974.1362927, 0, {}]
[{"0": [1, 32, 32, 32, 2, 3, 2, 1, 2, 0, 0, 0, 1, 2, 2, 2, 3]}, null, null, 57, false, [], false, 0, [], null, 0, 1744326974.33971, 0, {}]
[{"0": [34, 3, 0, 0, 2, 0, 1, 3, 2, 4, 3, 4, 1, 0, 2, 2, 2]}, null, null, 58, false, [], false, 0, [], null, 0, 1744326974.5700722, 0, {}]
[{"0": [2, 27, 41, 19, 27, 2, 4, 1, 7, 3, 3, 0, 2, 2, 3, 2, 1]}, null, null, 58, false, [], false, 0, [], null, 0, 1744326974.784147, 0, {}]
[{"0": [3, 31, 0, 4, 3, 4, 3, 2, 3, 3, 2, 1, 0, 1, 2, 1, 2]}, null, null, 59, false, [], false, 0, [], null, 0, 1744326974.992574, 0, {}]
[{"0": [2, 2, 2, 1, 2, 0, 1, 3, 3, 2, 29, 1, 1, 1, 0, 0, 3]}, null, null, 60, false, [], false, 0, [], null, 0, 1744326975.2184045, 0, {}]
[{"0": [3, 3, 1, 4, 2, 1, 3, 1, 6, 1, 1, 2, 34, 30, 26, 34, 38]}, null, null, 60, false, [], false, 0, [], null, 0, 1744326975.4246917, 0, {}]
[{"0": [1, 29, 23, 25, 1, 2, 0, 0, 3, 2, 2, 1, 3, 1, 1, 2, 2]}, null, null, 61, false, [], false, 0, [], null, 0, 1744326975.6523764, 0, {}]
[{"0": [2, 32, 27, 1, 2, 1, 0, 3, 2, 1, 1, 2, 1, 1, 1, 3, 1]}, null, null, 61, false, [], false, 0, [], null, 0, 1744326975.8636217, 0, {}]
[{"0": [2, 1, 2, 4, 0, 4, 5, 26, 25, 38, 30, 27, 1, 1, 1, 3, 2]}, null, null, 62, false, [], false, 0, [], null, 0, 1744326976.0685391, 0, {}]
[{"0": [4, 21, 38, 33, 29, 29, 32, 1, 1, 1, 6, 5, 2, 2, 3, 2, 3]}, null, null, 63, false, [], false, 0, [], null, 0, 1744326976.2885242, 0, {}]
[{"0": [1, 20, 33, 27, 35, 34, 26, 14, 2, 0, 1, 1, 2, 2, 2, 3, 0]}, null, null, 63, false, [], false, 0, [], null, 0, 1744326976.51571, 0, {}]
[{"0": [3, 33, 28, 2, 0, 3, 3, 2, 2, 2, 2, 2, 3, 0, 1, 2, 1]}, null, null, 64, false, [], false, 0, [], null, 0, 1744326976.7205336, 0, {}]
[{"0": [0, 33, 33, 25, 2, 0, 5, 5, 1, 1, 0, 2, 2, 3, 3, 1, 2]}, null, null, 64, false, [], false, 0, [], null, 0, 1744326976.9370394, 0, {}]
[{"0": [3, 40, 34, 34, 24, 23, 33, 35, 31, 40, 22, 1, 3, 1, 4, 3, 2]}, null, null, 65, false, [], false, 0, [], null, 0, 1744326977.1613452, 0, {}]
[{"0": [0, 1, 2, 1, 2, 1, 1, 25, 35, 21, 30, 0, 0, 1, 4, 3, 1]}, null, null, 66, false, [], false, 0, [], null, 0, 1744326977.3662627, 0, {}]
[{"0": [2, 2, 4, 1, 2, 3, 0, 2, 1, 1, 1, 1, 1, 4, 2, 28, 0]}, null, null, 66, false, [], false, 0, [], null, 0, 1744326977.5895736, 0, {}]
[{"0": [1, 33, 29, 31, 33, 33, 46, 36, 28, 27, 3, 2, 2, 0, 0, 2, 2]}, null, null, 67, false, [], false, 0, [], null, 0, 1744326977.8002727, 0, {}]
[{"0": [16, 26, 23, 23, 28, 33, 34, 35, 35, 25, 28, 32, 33, 31, 32, 22, 30]}, null, null, 67, false, [], false, 0, [], null, 0, 1744326978.0211902, 0, {}]
[{"0": [2, 32, 24, 29, 28, 29, 26, 31, 25, 37, 25, 35, 32, 34, 1, 2, 1]}, null, null, 68, false, [], false, 0, [], null, 0, 1744326978.2400548, 0, {}]
[{"0": [0, 30, 29, 37, 27, 0, 5, 3, 4, 2, 3, 3, 1, 3, 0, 3, 1]}, null, null, 69, false, [], false, 0, [], null, 0, 1744326978.4469962, 0, {}]
[{"0": [0, 25, 30, 32, 2, 3, 4, 0, 1, 3, 2, 2, 3, 4, 3, 4, 2]}, null, null, 69, false, [], false, 0, [], null, 0, 1744326978.6683657, 0, {}]
[{"0": [1, 2, 1, 1, 2, 1, 0, 1, 2, 1, 3, 0, 36, 24, 32, 2, 0]}, null, null, 70, false, [], false, 0, [], null, 0, 1744326978.8804076, 0, {}]
[{"0": [3, 26, 31, 1, 1, 0, 2, 2, 0, 1, 2, 0, 1, 1, 2, 5, 4]}, null, null, 70, false, [], false, 0, [], null, 0, 1744326979.1071715, 0, {}]
[{"0": [1, 24, 26, 3, 1, 0, 1, 2, 2, 1, 1, 0, 1, 2, 2, 1, 2]}, null, null, 71, false, [], false, 0, [], null, 0, 1744326979.3314219, 0, {}]
[{"0": [2, 37, 36, 3, 2, 2, 1, 4, 2, 3, 1, 1, 2, 6, 2, 1, 2]}, null, null, 72, false, [], false, 0, [], null, 0, 1744326979.5408995, 0, {}]
[{"0": [1, 33, 33, 37, 27, 36, 41, 30, 4, 1, 1, 0, 4, 3, 4, 2, 0]}, null, null, 72, false, [], false, 0, [], null, 0, 1744326979.754641, 0, {}]
[{"0": [0, 33, 29, 35, 1, 1, 3, 2, 2, 2, 1, 3, 1, 3, 0, 1, 1]}, null, null, 73, false, [], false, 0, [], null, 0, 1744326979.9763696, 0, {}]
[{"0": [3, 27, 35, 2, 2, 3, 2, 2, 1, 0, 3, 2, 3, 4, 4, 3, 3]}, null, null, 73, false, [], false, 0, [], null, 0, 1744326980.182453, 0, {}]
[{"0": [1, 2, 1, 1, 2, 0, 2, 4, 3, 3, 1, 2, 1, 3, 2, 1, 4]}, null, null, 74, false, [], false, 0, [], null, 0, 1744326980.409194, 0, {}]
[{"0": [2, 27, 38, 1, 0, 5, 6, 2, 2, 2, 1, 1, 4, 1, 4, 4, 0]}, null, null, 75, false, [], false, 0, [], null, 0, 1744326980.6218998, 0, {}]
[{"0": [1, 23, 0, 5, 1, 1, 3, 2, 0, 4, 2, 3, 3, 1, 3, 5, 3]}, null, null, 75, false, [], false, 0, [], null, 0, 1744326980.835703, 0, {}]
[{"0": [0, 35, 31, 1, 1, 3, 2, 1, 2, 3, 1, 2, 1, 2, 2, 1, 6]}, null, null, 76, false, [], false, 0, [], null, 0, 1744326981.0553641, 0, {}]
[{"0": [1, 28, 38, 28, 25, 29, 30, 25, 39, 31, 25, 1, 0, 0, 1, 0, 1]}, null, null, 77, false, [], false, 0, [], null, 0, 1744326981.2703965, 0, {}]
[{"0": [3, 31, 3, 2, 2, 1, 2, 1, 4, 0, 2, 2, 2, 0, 1, 1, 1]}, null, null, 77, false, [], false, 0, [], null, 0, 1744326981.4901357, 0, {}]
[{"0": [2, 33, 28, 25, 30, 30, 30, 25, 26, 31, 26, 29, 2, 2, 2, 0, 1]}, null, null, 78, false, [], false, 0, [], null, 0, 1744326981.7106974, 0, {}]
[{"0": [2, 19, 42, 2, 2, 3, 1, 2, 1, 2, 2, 2, 3, 3, 0, 1, 0]}, null, null, 78, false, [], false, 0, [], null, 0, 1744326981.9206133, 0, {}]
[{"0": [1, 24, 29, 31, 30, 34, 35, 26, 22, 35, 33, 27, 33, 2, 0, 1, 1]}, null, null, 79, false, [], false, 0, [], null, 0, 1744326982.1325285, 0, {}]
[{"0": [2, 19, 33, 23, 1, 3, 2, 2, 0, 2, 2, 2, 2, 0, 0, 3, 1]}, null, null, 80, false, [], false, 0, [], null, 0, 1744326982.3620045, 0, {}]
[{"0": [0, 41, 21, 30, 31, 34, 24, 34, 26, 4, 3, 1, 1, 4, 0, 4, 0]}, null, null, 80, false, [], false, 0, [], null, 0, 1744326982.5835152, 0, {}]
[{"0": [2, 27, 30, 29, 30, 33, 37, 26, 32, 1, 4, 5, 2, 3, 1, 2, 3]}, null, null, 81, false, [], false, 0, [], null, 0, 1744326982.7917254, 0, {}]
[{"0": [2, 26, 4, 0, 1, 0, 2, 2, 2, 3, 0, 2, 1, 4, 1, 1, 1]}, null, null, 81, false, [], false, 0, [], null, 0, 1744326983.0090063, 0, {}]
[{"0": [5, 35, 19, 22, 25, 28, 31, 26, 29, 2, 1, 1, 2, 3, 4, 1, 1]}, null, null, 82, false, [], false, 0, [], null, 0, 1744326983.2356598, 0, {}]
[{"0": [3, 27, 39, 28, 19, 30, 27, 34, 25, 2, 3, 0, 3, 5, 0, 3, 3]}, null, null, 83, false, [], false, 0, [], null, 0, 1744326983.433032, 0, {}]
[{"0": [1, 38, 1, 5, 1, 1, 3, 0, 2, 3, 1, 1, 0, 3, 1, 1, 1]}, null, null, 83, false, [], false, 0, [], null, 0, 1744326983.6546378, 0, {}]
[{"0": [0, 0, 1, 1, 3, 1, 4, 1, 0, 2, 2, 0, 2, 3, 1, 2, 3]}, null, null, 84, false, [], false, 0, [], null, 0, 1744326983.8771195, 0, {}]
[{"0": [3, 26, 34, 23, 34, 22, 21, 33, 0, 4, 1, 1, 1, 1, 2, 1, 0]}, null, null, 84, false, [], false, 0, [], null, 0, 1744326984.0837934, 0, {}]
[{"0": [2, 25, 26, 29, 25, 29, 27, 25, 28, 28, 2, 3, 1, 0, 1, 2, 3]}, null, null, 85, false, [], false, 0, [], null, 0, 1744326984.3047125, 0, {}]
[{"0": [4, 21, 31, 19, 0, 1, 1, 4, 4, 3, 3, 1, 1, 0, 0, 1, 1]}, null, null, 86, false, [], false, 0, [], null, 0, 1744326984.5248985, 0, {}]
[{"0": [1, 35, 22, 20, 25, 27, 2, 2, 3, 1, 1, 2, 1, 4, 5, 1, 2]}, null, null, 86, false, [], false, 0, [], null, 0, 1744326984.740627, 0, {}]
[{"0": [1, 29, 27, 26, 1, 1, 1, 3, 4, 2, 0, 1, 1, 3, 1, 4, 1]}, null, null, 87, false, [], false, 0, [], null, 0, 1744326984.948002, 0, {}]
[{"0": [0, 28, 30, 29, 27, 32, 18, 24, 2, 1, 1, 2, 1, 1, 0, 0, 1]}, null, null, 87, false, [], false, 0, [], null, 0, 1744326985.1768663, 0, {}]
[{"0": [3, 32, 1, 1, 5, 2, 2, 2, 3, 1, 1, 2, 2, 1, 2, 0, 1]}, null, null, 88, false, [], false, 0, [], null, 0, 1744326985.3996265, 0, {}]
[{"0": [2, 2, 31, 29, 30, 30, 27, 17, 24, 24, 1, 0, 5, 1, 1, 3, 3]}, null, null, 89, false, [], false, 0, [], null, 0, 1744326985.5999444, 0, {}]
[{"0": [2, 23, 27, 25, 0, 4, 2, 0, 3, 3, 0, 1, 5, 3, 3, 4, 1]}, null, null, 89, false, [], false, 0, [], null, 0, 1744326985.8147042, 0, {}]
[{"0": [0, 32, 34, 28, 39, 25, 1, 0, 1, 2, 2, 0, 2, 1, 3, 1, 0]}, null, null, 90, false, [], false, 0, [], null, 0, 1744326986.037355, 0, {}]
[{"0": [3, 26, 2, 0, 0, 5, 1, 2, 1, 1, 2, 3, 0, 2, 0, 0, 4]}, null, null, 90, false, [], false, 0, [], null, 0, 1744326986.2454062, 0, {}]
[{"0": [3, 22, 25, 26, 17, 2, 0, 2, 3, 3, 1, 0, 3, 4, 1, 1, 0]}, null, null, 91, false, [], false, 0, [], null, 0, 1744326986.4774127, 0, {}]
[{"0": [23, 33, 4, 2, 1, 1, 1, 2, 0, 1, 1, 1, 4, 2, 3, 1, 4]}, null, null, 92, false, [], false, 0, [], null, 0, 1744326986.6977692, 0, {}]
[{"0": [1, 4, 23, 26, 35, 19, 31, 2, 2, 0, 2, 1, 2, 0, 0, 2, 4]}, null, null, 92, false, [], false, 0, [], null, 0, 1744326986.8970242, 0, {}]
[{"0": [1, 34, 27, 26, 0, 2, 0, 0, 2, 6, 2, 4, 1, 1, 4, 0, 1]}, null, null, 93, false, [], false, 0, [], null, 0, 1744326987.115903, 0, {}]
[{"0": [2, 23, 25, 27, 20, 28, 29, 22, 37, 24, 2, 0, 2, 1, 1, 2, 2]}, null, null, 93, false, [], false, 0, [], null, 0, 1744326987.3336496, 0, {}]
[{"0": [2, 1, 2, 1, 1, 2, 0, 2, 2, 3, 0, 5, 35, 31, 30, 22, 20]}, null, null, 94, false, [], false, 0, [], null, 0, 1744326987.5509565, 0, {}]
[{"0": [3, 30, 25, 27, 0, 1, 0, 3, 2, 3, 1, 2, 1, 3, 3, 1, 0]}, null, null, 95, false, [], false, 0, [], null, 0, 1744326987.7643867, 0, {}]
[{"0": [1, 26, 2, 6, 0, 0, 2, 2, 0, 0, 1, 2, 1, 2, 0, 1, 4]}, null, null, 95, false, [], false, 0, [], null, 0, 1744326987.9967427, 0, {}]
[{"0": [3, 24, 21, 2, 1, 1, 4, 1, 2, 6, 1, 0, 0, 0, 2, 1, 1]}, null, null, 96, false, [], false, 0, [], null, 0, 1744326988.1946359, 0, {}]
[{"0": [1, 28, 2, 3, 2, 2, 2, 4, 1, 2, 2, 1, 2, 2, 0, 2, 3]}, null, null, 96, false, [], false, 0, [], null, 0, 1744326988.425213, 0, {}]
[{"0": [2, 25, 33, 25, 36, 25, 31, 37, 3, 0, 0, 2, 2, 0, 4, 4, 3]}, null, null, 97, false, [], false, 0, [], null, 0, 1744326988.623918, 0, {}]
[{"0": [1, 39, 4, 4, 3, 4, 1, 2, 2, 2, 5, 3, 2, 2, 0, 2, 1]}, null, null, 98, false, [], false, 0, [], null, 0, 1744326988.8567946, 0, {}]
[{"0": [2, 24, 23, 28, 20, 24, 24, 33, 25, 25, 0, 0, 2, 2, 3, 1, 4]}, null, null, 98, false, [], false, 0, [], null, 0, 1744326989.0656066, 0, {}]
[{"0": [3, 29, 32, 20, 25, 4, 0, 1, 1, 2, 0, 0, 5, 2, 2, 1, 1]}, null, null, 99, false, [], false, 0, [], null, 0, 1744326989.2796428, 0, {}]
[{"0": [1, 33, 3, 3, 3, 2, 2, 1, 2, 1, 1, 2, 4, 3, 5, 4, 4]}, null, null, 99, false, [], false, 0, [], null, 0, 1744326989.500531, 0, {}]
[{"0": [2, 32, 33, 32, 32, 3, 1, 1, 1, 4, 1, 2, 1, 0, 1, 2, 0]}, null, null, 100, false, [], false, 0, [], null, 0, 1744326989.7122068, 0, {}]
[{"0": [21, 30, 0, 0, 1, 2, 7, 4, 3, 2, 3, 3, 3, 1, 1, 1, 3]}, null, null, 101, false, [], false, 0, [], null, 0, 1744326989.935654, 0, {}]
[{"0": [1, 2, 0, 29, 29, 27, 28, 25, 35, 32, 22, 33, 30, 26, 34, 28, 42]}, null, null, 101, false, [], false, 0, [], null, 0, 1744326990.1526797, 0, {}]
[{"0": [1, 38, 26, 26, 3, 3, 3, 2, 1, 2, 3, 5, 3, 2, 2, 3, 3]}, null, null, 102, false, [], false, 0, [], null, 0, 1744326990.3693826, 0, {}]
[{"0": [3, 3, 22, 30, 1, 0, 1, 2, 1, 2, 3, 0, 3, 2, 1, 2, 2]}, null, null, 102, false, [], false, 0, [], null, 0, 1744326990.584082, 0, {}]
[{"0": [2, 1, 1, 2, 1, 1, 2, 0, 3, 1, 2, 1, 2, 2, 2, 3, 3]}, null, null, 103, false, [], false, 0, [], null, 0, 1744326990.797861, 0, {}]
[{"0": [1, 24, 31, 29, 32, 24, 4, 2, 0, 2, 0, 2, 1, 1, 4, 1, 1]}, null, null, 104, false, [], false, 0, [], null, 0, 1744326991.0228374, 0, {}]
[{"0": [0, 35, 27, 13, 19, 32, 22, 22, 28, 3, 1, 3, 4, 1, 1, 0, 2]}, null, null, 104, false, [], false, 0, [], null, 0, 1744326991.2420065, 0, {}]
[{"0": [3, 1, 3, 0, 2, 1, 1, 4, 0, 2, 1, 5, 1, 1, 2, 1, 2]}, null, null, 105, false, [], false, 0, [], null, 0, 1744326991.4438634, 0, {}]
[{"0": [3, 22, 28, 27, 24, 24, 29, 29, 25, 28, 1, 1, 4, 2, 1, 1, 1]}, null, null, 105, false, [], false, 0, [], null, 0, 1744326991.677359, 0, {}]
[{"0": [1, 30, 1, 1, 2, 1, 1, 1, 0, 1, 1, 0, 1, 2, 0, 2, 1]}, null, null, 106, false, [], false, 0, [], null, 0, 1744326991.89419, 0, {}]
[{"0": [7, 30, 2, 1, 0, 5, 1, 2, 0, 2, 2, 0, 2, 2, 1, 2, 2]}, null, null, 107, false, [], false, 0, [], null, 0, 1744326992.1008594, 0, {}]
[{"0": [1, 28, 4, 1, 1, 0, 0, 2, 1, 4, 1, 3, 1, 3, 2, 0, 2]}, null, null, 107, false, [], false, 0, [], null, 0, 1744326992.325461, 0, {}]
[{"0": [2, 26, 31, 1, 1, 4, 2, 3, 1, 4, 0, 4, 3, 2, 0, 2, 6]}, null, null, 108, false, [], false, 0, [], null, 0, 1744326992.541346, 0, {}]
[{"0": [0, 23, 25, 23, 25, 26, 33, 22, 30, 41, 26, 33, 31, 27, 0, 1, 0]}, null, null, 108, false, [], false, 0, [], null, 0, 1744326992.7450817, 0, {}]
[{"0": [1, 33, 3, 0, 0, 1, 1, 2, 0, 1, 4, 5, 2, 2, 0, 1, 1]}, null, null, 109, false, [], false, 0, [], null, 0, 1744326992.973066, 0, {}]
[{"0": [3, 28, 22, 0, 0, 3, 2, 0, 1, 0, 3, 1, 0, 0, 1, 3, 2]}, null, null, 110, false, [], false, 0, [], null, 0, 1744326993.1872654, 0, {}]
[{"0": [2, 17, 0, 3, 0, 0, 3, 2, 4, 2, 2, 0, 1, 3, 1, 0, 1]}, null, null, 110, false, [], false, 0, [], null, 0, 1744326993.4075377, 0, {}]
[{"0": [1, 24, 17, 29, 0, 1, 1, 3, 1, 0, 1, 3, 1, 3, 3, 1, 1]}, null, null, 111, false, [], false, 0, [], null, 0, 1744326993.6253905, 0, {}]
[{"0": [2, 31, 30, 31, 26, 37, 21, 1, 4, 2, 0, 5, 2, 1, 1, 1, 1]}, null, null, 111, false, [], false, 0, [], null, 0, 1744326993.849984, 0, {}]
[{"0": [2, 2, 0, 1, 2, 0, 1, 1, 3, 1, 0, 4, 2, 1, 2, 1, 0]}, null, null, 112, false, [], false, 0, [], null, 0, 1744326994.0551455, 0, {}]
[{"0": [22, 19, 30, 0, 2, 2, 3, 1, 1, 1, 1, 1, 1, 0, 1, 3, 4]}, null, null, 113, false, [], false, 0, [], null, 0, 1744326994.271629, 0, {}]
[{"0": [1, 36, 3, 3, 4, 3, 3, 0, 0, 1, 3, 1, 0, 2, 4, 1, 1]}, null, null, 113, false, [], false, 0, [], null, 0, 1744326994.4895911, 0, {}]
[{"0": [3, 36, 27, 36, 27, 27, 33, 32, 30, 22, 3, 4, 2, 6, 2, 3, 1]}, null, null, 114, false, [], false, 0, [], null, 0, 1744326994.701716, 0, {}]
[{"0": [2, 31, 27, 30, 24, 18, 0, 2, 1, 0, 1, 1, 3, 2, 2, 4, 3]}, null, null, 114, false, [], false, 0, [], null, 0, 1744326994.9174402, 0, {}]
[{"0": [1, 21, 1, 2, 3, 3, 1, 3, 2, 2, 2, 5, 0, 2, 1, 1, 1]}, null, null, 115, false, [], false, 0, [], null, 0, 1744326995.1326535, 0, {}]
[{"0": [2, 27, 32, 1, 3, 0, 2, 1, 1, 2, 3, 2, 1, 1, 1, 3, 1]}, null, null, 116, false, [], false, 0, [], null, 0, 1744326995.3485675, 0, {}]
[{"0": [1, 24, 26, 31, 32, 24, 31, 34, 26, 38, 36, 0, 1, 2, 2, 1, 2]}, null, null, 116, false, [], false, 0, [], null, 0, 1744326995.584625, 0, {}]
[{"0": [4, 42, 30, 32, 37, 2, 1, 1, 4, 0, 1, 0, 4, 1, 0, 3, 2]}, null, null, 117, false, [], false, 0, [], null, 0, 1744326995.780934, 0, {}]
[{"0": [3, 1, 0, 0, 0, 1, 2, 3, 2, 1, 3, 1, 1, 4, 2, 1, 4]}, null, null, 117, false, [], false, 0, [], null, 0, 1744326996.016566, 0, {}]
[{"0": [0, 18, 33, 18, 25, 30, 22, 30, 31, 25, 33, 15, 17, 25, 0, 3, 2]}, null, null, 118, false, [], false, 0, [], null, 0, 1744326996.2300549, 0, {}]
[{"0": [0, 40, 2, 5, 2, 4, 6, 4, 2, 2, 5, 5, 4, 1, 2, 3, 2]}, null, null, 119, false, [], false, 0, [], null, 0, 1744326996.4410517, 0, {}]
[{"0": [1, 20, 28, 1, 3, 2, 3, 2, 1, 6, 1, 2, 4, 2, 2, 4, 2]}, null, null, 119, false, [], false, 0, [], null, 0, 1744326996.6605883, 0, {}]
[{"0": [2, 18, 29, 35, 24, 2, 2, 5, 1, 2, 0, 4, 2, 0, 1, 1, 2]}, null, null, 120, false, [], false, 0, [], null, 0, 1744326996.8747647, 0, {}]
[{"0": [2, 32, 24, 2, 2, 1, 4, 2, 1, 2, 3, 0, 1, 1, 1, 0, 1]}, null, null, 120, false, [], false, 0, [], null, 0, 1744326997.0913515, 0, {}]
[{"0": [2, 33, 30, 22, 31, 1, 1, 3, 3, 2, 5, 1, 1, 2, 2, 0, 1]}, null, null, 121, false, [], false, 0, [], null, 0, 1744326997.2963824, 0, {}]
[{"0": [3, 2, 2, 3, 35, 35, 1, 1, 0, 1, 3, 3, 4, 1, 0, 2, 1]}, null, null, 122, false, [], false, 0, [], null, 0, 1744326997.5163248, 0, {}]
[{"0": [5, 38, 38, 32, 31, 20, 23, 0, 2, 1, 2, 4, 1, 0, 0, 2, 1]}, null, null, 122, false, [], false, 0, [], null, 0, 1744326997.7487612, 0, {}]
[{"0": [3, 17, 21, 28, 34, 42, 26, 22, 27, 1, 2, 3, 1, 3, 2, 3, 2]}, null, null, 123, false, [], false, 0, [], null, 0, 1744326997.9545226, 0, {}]
[{"0": [1, 3, 4, 2, 25, 32, 27, 24, 20, 4, 2, 1, 4, 1, 4, 2, 3]}, null, null, 123, false, [], false, 0, [], null, 0, 1744326998.174552, 0, {}]
[{"0": [1, 32, 1, 0, 2, 1, 1, 2, 1, 2, 2, 0, 1, 0, 1, 1, 1]}, null, null, 124, false, [], false, 0, [], null, 0, 1744326998.390317, 0, {}]
[{"0": [0, 27, 39, 26, 32, 20, 34, 33, 27, 26, 25, 27, 1, 2, 1, 1, 2]}, null, null, 125, false, [], false, 0, [], null, 0, 1744326998.601942, 0, {}]
[{"0": [32, 32, 26, 30, 23, 0, 0, 5, 0, 4, 2, 5, 0, 0, 1, 3, 4]}, null, null, 125, false, [], false, 0, [], null, 0, 1744326998.8222826, 0, {}]
[{"0": [0, 22, 31, 31, 31, 26, 28, 1, 3, 0, 1, 3, 1, 0, 4, 1, 1]}, null, null, 126, false, [], false, 0, [], null, 0, 1744326999.0359008, 0, {}]
[{"0": [2, 29, 1, 1, 2, 2, 3, 2, 2, 1, 0, 1, 0, 3, 1, 1, 2]}, null, null, 127, false, [], false, 0, [], null, 0, 1744326999.2664149, 0, {}]
[{"0": [2, 31, 26, 26, 21, 26, 27, 33, 1, 1, 3, 1, 3, 2, 5, 2, 1]}, null, null, 127, false, [], false, 0, [], null, 0, 1744326999.4636114, 0, {}]
[{"0": [2, 22, 27, 31, 37, 27, 27, 25, 32, 32, 0, 1, 3, 1, 4, 5, 1]}, null, null, 128, false, [], false, 0, [], null, 0, 1744326999.6803274, 0, {}]
[{"0": [5, 32, 28, 28, 3, 3, 2, 1, 1, 1, 3, 2, 1, 2, 0, 0, 3]}, null, null, 128, false, [], false, 0, [], null, 0, 1744326999.9062154, 0, {}]
[{"0": [3, 35, 5, 2, 0, 4, 1, 2, 3, 1, 3, 0, 5, 1, 1, 2, 0]}, null, null, 129, false, [], false, 0, [], null, 0, 1744327000.1182237, 0, {}]
[{"0": [3, 2, 1, 3, 2, 1, 1, 3, 3, 3, 1, 0, 36, 24, 2, 2, 1]}, null, null, 130, false, [], false, 0, [], null, 0, 1744327000.337116, 0, {}]
[{"0": [4, 17, 27, 31, 3, 2, 2, 2, 0, 1, 0, 0, 1, 1, 1, 2, 2]}, null, null, 130, false, [], false, 0, [], null, 0, 1744327000.566299, 0, {}]
[{"0": [0, 28, 35, 5, 3, 2, 1, 2, 3, 1, 1, 0, 0, 0, 1, 1, 1]}, null, null, 131, false, [], false, 0, [], null, 0, 1744327000.7669992, 0, {}]
[{"0": [3, 36, 34, 32, 1, 1, 2, 0, 1, 1, 1, 0, 1, 2, 0, 2, 2]}, null, null, 131, false, [], false, 0, [], null, 0, 1744327000.9899387, 0, {}]
[{"0": [1, 32, 30, 31, 32, 32, 30, 1, 1, 0, 4, 2, 4, 1, 2, 2, 4]}, null, null, 132, false, [], false, 0, [], null, 0, 1744327001.2214925, 0, {}]
[{"0": [5, 29, 30, 2, 1, 1, 1, 4, 3, 1, 4, 0, 2, 3, 1, 3, 1]}, null, null, 133, false, [], false, 0, [], null, 0, 1744327001.4224102, 0, {}]
[{"0": [3, 31, 42, 21, 1, 2, 2, 1, 3, 1, 3, 1, 2, 2, 0, 3, 1]}, null, null, 133, false, [], false, 0, [], null, 0, 1744327001.639152, 0, {}]
[{"0": [1, 25, 2, 1, 2, 3, 2, 0, 0, 1, 1, 4, 2, 3, 4, 3, 1]}, null, null, 134, false, [], false, 0, [], null, 0, 1744327001.8527365, 0, {}]
[{"0": [2, 29, 32, 24, 23, 34, 3, 2, 4, 3, 2, 1, 3, 0, 4, 2, 3]}, null, null, 134, false, [], false, 0, [], null, 0, 1744327002.0797582, 0, {}]
[{"0": [1, 0, 0, 29, 36, 25, 36, 22, 28, 2, 1, 0, 0, 1, 0, 1, 1]}, null, null, 135, false, [], false, 0, [], null, 0, 1744327002.2980974, 0, {}]
[{"0": [1, 1, 0, 2, 1, 2, 19, 24, 4, 3, 1, 4, 1, 2, 0, 2, 4]}, null, null, 136, false, [], false, 0, [], null, 0, 1744327002.5144064, 0, {}]
[{"0": [1, 34, 31, 30, 37, 1, 3, 0, 5, 3, 2, 2, 2, 2, 0, 4, 2]}, null, null, 136, false, [], false, 0, [], null, 0, 1744327002.7215073, 0, {}]
[{"0": [2, 40, 33, 25, 20, 1, 0, 0, 3, 0, 2, 1, 1, 0, 0, 2, 2]}, null, null, 137, false, [], false, 0, [], null, 0, 1744327002.945573, 0, {}]
[{"0": [0, 2, 4, 3, 2, 3, 33, 38, 30, 26, 27, 30, 30, 26, 2, 1, 1]}, null, null, 137, false, [], false, 0, [], null, 0, 1744327003.1674697, 0, {}]
[{"0": [3, 1, 3, 1, 3, 2, 2, 0, 3, 2, 1, 0, 0, 34, 29, 26, 26]}, null, null, 138, false, [], false, 0, [], null, 0, 1744327003.3703287, 0, {}]
[{"0": [0, 30, 1, 1, 4, 1, 1, 3, 4, 2, 3, 4, 2, 3, 1, 2, 0]}, null, null, 139, false, [], false, 0, [], null, 0, 1744327003.589361, 0, {}]
[{"0": [1, 35, 24, 25, 2, 1, 1, 1, 1, 1, 2, 2, 2, 2, 2, 3, 1]}, null, null, 139, false, [], false, 0, [], null, 0, 1744327003.8189135, 0, {}]
[{"0": [3, 26, 26, 20, 30, 28, 36, 26, 26, 37, 28, 27, 34, 25, 22, 8, 0]}, null, null, 140, false, [], false, 0, [], null, 0, 1744327004.0341544, 0, {}]
[{"0": [0, 1, 3, 2, 0, 2, 3, 34, 36, 2, 2, 1, 2, 3, 1, 1, 4]}, null, null, 140, false, [], false, 0, [], null, 0, 1744327004.2391417, 0, {}]
[{"0": [1, 21, 46, 33, 30, 4, 1, 1, 0, 2, 1, 3, 0, 3, 0, 0, 3]}, null, null, 141, false, [], false, 0, [], null, 0, 1744327004.4532804, 0, {}]
[{"0": [1, 32, 26, 2, 1, 0, 0, 3, 1, 1, 0, 2, 1, 1, 0, 0, 4]}, null, null, 142, false, [], false, 0, [], null, 0, 1744327004.6703613, 0, {}]
[{"0": [1, 31, 25, 31, 27, 3, 1, 2, 3, 1, 4, 3, 0, 6, 2, 1, 0]}, null, null, 142, false, [], false, 0, [], null, 0, 1744327004.8889763, 0, {}]
[{"0": [2, 3, 3, 4, 1, 2, 0, 0, 3, 1, 1, 34, 22, 26, 32, 25, 30]}, null, null, 143, false, [], false, 0, [], null, 0, 1744327005.1201565, 0, {}]
[{"0": [2, 19, 1, 2, 3, 1, 0, 2, 1, 2, 1, 8, 1, 2, 1, 1, 2]}, null, null, 143, false, [], false, 0, [], null, 0, 1744327005.3177774, 0, {}]
[{"0": [32, 38, 2, 0, 2, 2, 0, 2, 0, 1, 1, 1, 2, 0, 0, 1, 2]}, null, null, 144, false, [], false, 0, [], null, 0, 1744327005.5400054, 0, {}]
[{"0": [1, 25, 33, 32, 16, 35, 21, 29, 31, 0, 1, 3, 2, 6, 1, 1, 0]}, null, null, 145, false, [], false, 0, [], null, 0, 1744327005.7471561, 0, {}]
[{"0": [34, 1, 3, 3, 1, 2, 1, 3, 1, 2, 0, 1, 1, 2, 3, 1, 2]}, null, null, 145, false, [], false, 0, [], null, 0, 1744327005.9835632, 0, {}]
[{"0": [0, 26, 28, 3, 6, 2, 4, 2, 1, 1, 1, 0, 1, 1, 2, 1, 1]}, null, null, 146, false, [], false, 0, [], null, 0, 1744327006.202893, 0, {}]
[{"0": [21, 5, 3, 0, 1, 2, 3, 3, 1, 2, 0, 0, 5, 1, 2, 2, 6]}, null, null, 146, false, [], false, 0, [], null, 0, 1744327006.403961, 0, {}]
[{"0": [4, 30, 1, 2, 1, 1, 3, 3, 1, 5, 1, 2, 1, 0, 0, 1, 1]}, null, null, 147, false, [], false, 0, [], null, 0, 1744327006.6362822, 0, {}]
[{"0": [2, 18, 30, 20, 25, 16, 21, 33, 7, 0, 1, 2, 2, 3, 2, 0, 1]}, null, null, 148, false, [], false, 0, [], null, 0, 1744327006.846795, 0, {}]
[{"0": [2, 0, 1, 0, 3, 2, 1, 2, 2, 2, 2, 2, 1, 0, 2, 1, 3]}, null, null, 148, false, [], false, 0, [], null, 0, 1744327007.0537567, 0, {}]
[{"0": [2, 34, 38, 40, 30, 30, 34, 38, 30, 37, 34, 1, 3, 0, 2, 0, 1]}, null, null, 149, false, [], false, 0, [], null, 0, 1744327007.2665315, 0, {}]
[{"0": [2, 24, 21, 2, 4, 1, 4, 0, 3, 1, 0, 0, 2, 1, 2, 4, 4]}, null, null, 149, false, [], false, 0, [], null, 0, 1744327007.4884458, 0, {}]
[{"0": [3, 22, 27, 26, 21, 29, 25, 26, 26, 25, 26, 2, 1, 1, 3, 1, 0]}, null, null, 150, true, [], false, 0, [], null, 0, 1744327007.7065907, 0, {}]
