[{"0": [1, 34, 45, 33, 30, 0, 3, 2, 2, 6, 2, 2, 6, 3, 5]}, null, null, 0, false, [], false, 0, [], null, 0, 1744307633.0017674, 0, {}]
[{"0": [2, 0, 5, 40, 25, 39, 44, 30, 3, 2, 2, 0, 0, 1, 2]}, null, null, 1, false, [], false, 0, [], null, 0, 1744307633.211505, 0, {}]
[{"0": [2, 35, 34, 31, 39, 1, 3, 2, 2, 1, 2, 1, 1, 7, 2]}, null, null, 1, false, [], false, 0, [], null, 0, 1744307633.4128208, 0, {}]
[{"0": [1, 40, 1, 1, 1, 1, 3, 0, 1, 2, 1, 2, 2, 1, 0]}, null, null, 2, false, [], false, 0, [], null, 0, 1744307633.614614, 0, {}]
[{"0": [4, 34, 27, 34, 38, 33, 5, 2, 1, 1, 1, 2, 2, 1, 1]}, null, null, 2, false, [], false, 0, [], null, 0, 1744307633.8293824, 0, {}]
[{"0": [1, 30, 43, 34, 38, 3, 1, 1, 1, 4, 2, 0, 1, 4, 1]}, null, null, 3, false, [], false, 0, [], null, 0, 1744307634.0105743, 0, {}]
[{"0": [2, 28, 36, 28, 36, 31, 30, 3, 0, 4, 2, 3, 2, 2, 2]}, null, null, 4, false, [], false, 0, [], null, 0, 1744307634.2166495, 0, {}]
[{"0": [2, 40, 44, 3, 0, 1, 0, 0, 4, 3, 1, 0, 3, 3, 1]}, null, null, 4, false, [], false, 0, [], null, 0, 1744307634.429284, 0, {}]
[{"0": [0, 35, 34, 32, 32, 34, 29, 29, 2, 2, 3, 3, 2, 0, 0]}, null, null, 5, false, [], false, 0, [], null, 0, 1744307634.6275687, 0, {}]
[{"0": [2, 1, 1, 0, 3, 1, 1, 1, 2, 0, 2, 2, 0, 2, 2]}, null, null, 5, false, [], false, 0, [], null, 0, 1744307634.8271961, 0, {}]
[{"0": [3, 46, 35, 27, 45, 35, 32, 23, 37, 5, 3, 4, 5, 1, 0]}, null, null, 6, false, [], false, 0, [], null, 0, 1744307635.0202208, 0, {}]
[{"0": [1, 36, 30, 1, 1, 0, 3, 1, 3, 2, 0, 2, 1, 1, 0]}, null, null, 7, false, [], false, 0, [], null, 0, 1744307635.2198045, 0, {}]
[{"0": [1, 35, 40, 30, 31, 4, 2, 3, 1, 0, 0, 5, 4, 2, 4]}, null, null, 7, false, [], false, 0, [], null, 0, 1744307635.42688, 0, {}]
[{"0": [2, 29, 0, 1, 1, 3, 0, 1, 0, 0, 4, 3, 1, 4, 2]}, null, null, 8, false, [], false, 0, [], null, 0, 1744307635.6191666, 0, {}]
[{"0": [1, 2, 3, 2, 4, 35, 36, 31, 41, 38, 33, 26, 36, 29, 33]}, null, null, 8, false, [], false, 0, [], null, 0, 1744307635.8146455, 0, {}]
[{"0": [1, 0, 3, 2, 1, 1, 4, 1, 1, 3, 0, 0, 3, 3, 37]}, null, null, 9, false, [], false, 0, [], null, 0, 1744307636.0175703, 0, {}]
[{"0": [1, 34, 36, 1, 3, 1, 1, 1, 2, 1, 1, 1, 1, 1, 3]}, null, null, 10, false, [], false, 0, [], null, 0, 1744307636.2165725, 0, {}]
[{"0": [1, 32, 39, 34, 31, 1, 3, 3, 0, 2, 2, 5, 5, 2, 2]}, null, null, 10, false, [], false, 0, [], null, 0, 1744307636.4281764, 0, {}]
[{"0": [1, 33, 31, 31, 1, 1, 0, 5, 4, 3, 2, 0, 1, 3, 2]}, null, null, 11, false, [], false, 0, [], null, 0, 1744307636.6203709, 0, {}]
[{"0": [5, 32, 1, 1, 5, 3, 1, 1, 0, 2, 2, 2, 1, 1, 3]}, null, null, 11, false, [], false, 0, [], null, 0, 1744307636.8317742, 0, {}]
[{"0": [4, 24, 35, 2, 3, 1, 1, 1, 2, 1, 1, 1, 3, 3, 2]}, null, null, 12, false, [], false, 0, [], null, 0, 1744307637.012921, 0, {}]
[{"0": [2, 2, 3, 2, 3, 35, 34, 38, 34, 37, 30, 27, 38, 36, 3]}, null, null, 13, false, [], false, 0, [], null, 0, 1744307637.2284565, 0, {}]
[{"0": [2, 5, 6, 2, 1, 0, 0, 1, 3, 0, 2, 0, 1, 4, 33]}, null, null, 13, false, [], false, 0, [], null, 0, 1744307637.4226584, 0, {}]
[{"0": [0, 35, 31, 39, 36, 32, 38, 41, 3, 2, 2, 2, 0, 2, 4]}, null, null, 14, false, [], false, 0, [], null, 0, 1744307637.6129794, 0, {}]
[{"0": [3, 30, 40, 27, 39, 41, 35, 1, 2, 3, 3, 1, 3, 1, 0]}, null, null, 14, false, [], false, 0, [], null, 0, 1744307637.8147337, 0, {}]
[{"0": [0, 1, 1, 0, 1, 3, 1, 1, 3, 3, 3, 0, 0, 1, 2]}, null, null, 15, false, [], false, 0, [], null, 0, 1744307638.0196345, 0, {}]
[{"0": [2, 24, 0, 1, 2, 3, 5, 1, 4, 3, 3, 4, 2, 5, 2]}, null, null, 16, false, [], false, 0, [], null, 0, 1744307638.218438, 0, {}]
[{"0": [1, 42, 38, 29, 29, 34, 37, 27, 33, 34, 28, 2, 2, 2, 0]}, null, null, 16, false, [], false, 0, [], null, 0, 1744307638.411349, 0, {}]
[{"0": [0, 3, 2, 36, 36, 38, 2, 5, 1, 3, 2, 3, 1, 1, 0]}, null, null, 17, false, [], false, 0, [], null, 0, 1744307638.6200588, 0, {}]
[{"0": [2, 33, 35, 1, 3, 4, 5, 1, 1, 2, 2, 5, 3, 3, 1]}, null, null, 17, false, [], false, 0, [], null, 0, 1744307638.8139677, 0, {}]
[{"0": [1, 45, 33, 35, 26, 0, 3, 2, 4, 3, 1, 3, 0, 2, 3]}, null, null, 18, false, [], false, 0, [], null, 0, 1744307639.030217, 0, {}]
[{"0": [0, 3, 2, 4, 2, 1, 2, 1, 2, 1, 1, 1, 37, 1, 2]}, null, null, 19, false, [], false, 0, [], null, 0, 1744307639.2123158, 0, {}]
[{"0": [0, 35, 24, 38, 29, 43, 33, 33, 39, 34, 4, 6, 2, 1, 0]}, null, null, 19, false, [], false, 0, [], null, 0, 1744307639.418128, 0, {}]
[{"0": [3, 47, 38, 41, 33, 41, 30, 39, 35, 26, 4, 0, 1, 0, 1]}, null, null, 20, false, [], false, 0, [], null, 0, 1744307639.6279266, 0, {}]
[{"0": [2, 4, 1, 4, 2, 0, 2, 1, 1, 1, 5, 0, 3, 1, 4]}, null, null, 20, false, [], false, 0, [], null, 0, 1744307639.81417, 0, {}]
[{"0": [4, 30, 42, 26, 38, 32, 35, 32, 39, 33, 33, 37, 0, 4, 2]}, null, null, 21, false, [], false, 0, [], null, 0, 1744307640.0277498, 0, {}]
[{"0": [1, 3, 1, 35, 41, 23, 1, 4, 0, 0, 2, 2, 5, 1, 2]}, null, null, 22, false, [], false, 0, [], null, 0, 1744307640.219919, 0, {}]
[{"0": [4, 34, 37, 34, 28, 37, 36, 30, 24, 1, 1, 1, 3, 1, 0]}, null, null, 22, false, [], false, 0, [], null, 0, 1744307640.4152076, 0, {}]
[{"0": [2, 42, 1, 2, 4, 2, 1, 3, 2, 1, 2, 2, 0, 0, 3]}, null, null, 23, false, [], false, 0, [], null, 0, 1744307640.6270325, 0, {}]
[{"0": [0, 23, 2, 2, 2, 3, 1, 1, 2, 1, 2, 0, 0, 1, 0]}, null, null, 23, false, [], false, 0, [], null, 0, 1744307640.8119068, 0, {}]
[{"0": [1, 32, 35, 36, 27, 23, 34, 26, 27, 36, 29, 35, 35, 37, 2]}, null, null, 24, false, [], false, 0, [], null, 0, 1744307641.0144286, 0, {}]
[{"0": [1, 34, 34, 26, 38, 39, 34, 35, 35, 35, 0, 2, 1, 3, 3]}, null, null, 25, false, [], false, 0, [], null, 0, 1744307641.2334924, 0, {}]
[{"0": [0, 33, 37, 33, 2, 1, 0, 3, 4, 3, 0, 3, 1, 3, 4]}, null, null, 25, false, [], false, 0, [], null, 0, 1744307641.4137926, 0, {}]
[{"0": [3, 32, 30, 29, 34, 2, 4, 2, 2, 0, 4, 1, 2, 1, 0]}, null, null, 26, false, [], false, 0, [], null, 0, 1744307641.6344447, 0, {}]
[{"0": [3, 0, 1, 1, 2, 0, 4, 1, 3, 0, 2, 2, 1, 2, 1]}, null, null, 27, false, [], false, 0, [], null, 0, 1744307641.8226125, 0, {}]
[{"0": [3, 1, 0, 27, 2, 2, 2, 1, 1, 2, 1, 1, 1, 2, 0]}, null, null, 27, false, [], false, 0, [], null, 0, 1744307642.0193791, 0, {}]
[{"0": [0, 31, 40, 1, 2, 0, 1, 2, 0, 3, 0, 1, 1, 1, 2]}, null, null, 28, false, [], false, 0, [], null, 0, 1744307642.2158625, 0, {}]
[{"0": [1, 31, 1, 1, 0, 2, 2, 2, 2, 4, 1, 2, 3, 0, 0]}, null, null, 28, false, [], false, 0, [], null, 0, 1744307642.4117882, 0, {}]
[{"0": [2, 42, 26, 33, 38, 40, 31, 37, 33, 40, 37, 43, 34, 30, 27]}, null, null, 29, false, [], false, 0, [], null, 0, 1744307642.6288238, 0, {}]
[{"0": [0, 3, 0, 1, 0, 38, 26, 45, 31, 34, 23, 39, 46, 36, 41]}, null, null, 30, false, [], false, 0, [], null, 0, 1744307642.8152056, 0, {}]
[{"0": [3, 36, 29, 34, 40, 2, 3, 1, 2, 2, 0, 1, 0, 3, 1]}, null, null, 30, false, [], false, 0, [], null, 0, 1744307643.0307188, 0, {}]
[{"0": [1, 3, 1, 3, 4, 42, 25, 36, 35, 1, 1, 4, 0, 0, 0]}, null, null, 31, false, [], false, 0, [], null, 0, 1744307643.2104, 0, {}]
[{"0": [1, 39, 30, 34, 40, 34, 42, 6, 2, 3, 0, 4, 2, 2, 1]}, null, null, 31, false, [], false, 0, [], null, 0, 1744307643.4303877, 0, {}]
[{"0": [0, 37, 35, 0, 2, 4, 2, 2, 0, 1, 3, 1, 1, 0, 3]}, null, null, 32, false, [], false, 0, [], null, 0, 1744307643.6163905, 0, {}]
[{"0": [3, 36, 33, 30, 33, 29, 32, 36, 34, 38, 30, 4, 1, 4, 1]}, null, null, 33, false, [], false, 0, [], null, 0, 1744307643.8144062, 0, {}]
[{"0": [2, 2, 1, 2, 1, 27, 34, 4, 1, 1, 0, 3, 0, 1, 0]}, null, null, 33, false, [], false, 0, [], null, 0, 1744307644.0325146, 0, {}]
[{"0": [2, 34, 2, 2, 2, 1, 0, 0, 4, 2, 1, 1, 0, 3, 3]}, null, null, 34, false, [], false, 0, [], null, 0, 1744307644.2167625, 0, {}]
[{"0": [0, 33, 35, 36, 35, 34, 34, 38, 30, 29, 33, 29, 35, 5, 3]}, null, null, 34, false, [], false, 0, [], null, 0, 1744307644.4148393, 0, {}]
[{"0": [1, 38, 35, 39, 39, 3, 0, 3, 6, 2, 1, 0, 2, 2, 2]}, null, null, 35, false, [], false, 0, [], null, 0, 1744307644.619498, 0, {}]
[{"0": [1, 33, 40, 32, 36, 29, 47, 31, 40, 27, 24, 34, 31, 33, 1]}, null, null, 36, false, [], false, 0, [], null, 0, 1744307644.8138418, 0, {}]
[{"0": [0, 2, 1, 3, 37, 25, 47, 33, 38, 34, 31, 4, 1, 1, 1]}, null, null, 36, false, [], false, 0, [], null, 0, 1744307645.0235279, 0, {}]
[{"0": [1, 35, 32, 35, 35, 22, 28, 40, 0, 0, 2, 3, 1, 2, 2]}, null, null, 37, false, [], false, 0, [], null, 0, 1744307645.218443, 0, {}]
[{"0": [3, 21, 23, 21, 23, 33, 24, 22, 22, 0, 2, 3, 0, 1, 2]}, null, null, 37, false, [], false, 0, [], null, 0, 1744307645.4140866, 0, {}]
[{"0": [3, 33, 41, 34, 34, 38, 3, 1, 1, 2, 0, 1, 2, 5, 4]}, null, null, 38, false, [], false, 0, [], null, 0, 1744307645.6102474, 0, {}]
[{"0": [1, 42, 1, 1, 0, 4, 1, 3, 3, 1, 1, 2, 0, 1, 0]}, null, null, 39, false, [], false, 0, [], null, 0, 1744307645.8272786, 0, {}]
[{"0": [2, 42, 44, 2, 2, 1, 3, 1, 2, 0, 0, 3, 3, 1, 1]}, null, null, 39, false, [], false, 0, [], null, 0, 1744307646.0233996, 0, {}]
[{"0": [2, 2, 3, 1, 3, 0, 0, 1, 1, 4, 1, 2, 1, 1, 39]}, null, null, 40, false, [], false, 0, [], null, 0, 1744307646.2224164, 0, {}]
[{"0": [1, 31, 34, 38, 39, 36, 31, 1, 1, 2, 1, 2, 1, 1, 0]}, null, null, 40, false, [], false, 0, [], null, 0, 1744307646.418324, 0, {}]
[{"0": [0, 3, 1, 2, 2, 3, 3, 1, 4, 1, 2, 1, 1, 3, 4]}, null, null, 41, false, [], false, 0, [], null, 0, 1744307646.614785, 0, {}]
[{"0": [1, 34, 28, 29, 33, 2, 2, 0, 2, 2, 2, 4, 1, 3, 3]}, null, null, 42, false, [], false, 0, [], null, 0, 1744307646.8124723, 0, {}]
[{"0": [0, 25, 38, 2, 3, 1, 1, 1, 1, 1, 1, 1, 1, 6, 1]}, null, null, 42, false, [], false, 0, [], null, 0, 1744307647.0247371, 0, {}]
[{"0": [0, 35, 30, 0, 3, 3, 1, 2, 1, 3, 0, 1, 0, 2, 1]}, null, null, 43, false, [], false, 0, [], null, 0, 1744307647.2126515, 0, {}]
[{"0": [1, 31, 1, 0, 3, 3, 3, 3, 2, 2, 4, 0, 0, 1, 2]}, null, null, 43, false, [], false, 0, [], null, 0, 1744307647.415527, 0, {}]
[{"0": [2, 39, 2, 2, 2, 4, 2, 3, 3, 1, 4, 1, 3, 3, 4]}, null, null, 44, false, [], false, 0, [], null, 0, 1744307647.6226716, 0, {}]
[{"0": [2, 0, 1, 34, 36, 37, 41, 38, 34, 31, 38, 21, 35, 29, 33]}, null, null, 45, false, [], false, 0, [], null, 0, 1744307647.828614, 0, {}]
[{"0": [1, 0, 2, 3, 2, 35, 23, 32, 2, 2, 1, 1, 1, 1, 0]}, null, null, 45, false, [], false, 0, [], null, 0, 1744307648.0317888, 0, {}]
[{"0": [3, 44, 34, 41, 36, 3, 4, 0, 4, 3, 1, 1, 0, 3, 1]}, null, null, 46, false, [], false, 0, [], null, 0, 1744307648.231332, 0, {}]
[{"0": [3, 2, 3, 1, 28, 31, 31, 35, 25, 30, 2, 0, 2, 2, 0]}, null, null, 46, false, [], false, 0, [], null, 0, 1744307648.4120445, 0, {}]
[{"0": [3, 35, 33, 43, 33, 37, 38, 41, 31, 3, 1, 0, 0, 3, 2]}, null, null, 47, false, [], false, 0, [], null, 0, 1744307648.614938, 0, {}]
[{"0": [0, 35, 37, 0, 2, 3, 2, 4, 3, 4, 1, 2, 1, 4, 3]}, null, null, 48, false, [], false, 0, [], null, 0, 1744307648.816201, 0, {}]
[{"0": [2, 23, 36, 23, 33, 3, 2, 2, 1, 2, 2, 0, 3, 1, 5]}, null, null, 48, false, [], false, 0, [], null, 0, 1744307649.0120685, 0, {}]
[{"0": [3, 35, 38, 41, 20, 30, 29, 30, 2, 0, 0, 2, 3, 4, 2]}, null, null, 49, false, [], false, 0, [], null, 0, 1744307649.219328, 0, {}]
[{"0": [0, 36, 37, 40, 24, 1, 5, 2, 2, 2, 3, 2, 0, 1, 3]}, null, null, 49, false, [], false, 0, [], null, 0, 1744307649.4119995, 0, {}]
[{"0": [3, 30, 29, 40, 3, 5, 2, 3, 2, 0, 3, 1, 1, 2, 2]}, null, null, 50, false, [], false, 0, [], null, 0, 1744307649.6159227, 0, {}]
[{"0": [1, 29, 30, 39, 30, 44, 43, 37, 32, 37, 21, 31, 0, 0, 1]}, null, null, 51, false, [], false, 0, [], null, 0, 1744307649.812189, 0, {}]
[{"0": [0, 3, 3, 2, 1, 37, 29, 27, 29, 33, 40, 37, 35, 36, 40]}, null, null, 51, false, [], false, 0, [], null, 0, 1744307650.0149322, 0, {}]
[{"0": [0, 2, 0, 0, 0, 5, 2, 2, 4, 0, 1, 3, 1, 2, 31]}, null, null, 52, false, [], false, 0, [], null, 0, 1744307650.2418513, 0, {}]
[{"0": [34, 35, 2, 2, 2, 1, 3, 1, 0, 2, 0, 2, 2, 2, 0]}, null, null, 52, false, [], false, 0, [], null, 0, 1744307650.4314954, 0, {}]
[{"0": [1, 0, 2, 27, 21, 28, 30, 30, 36, 35, 37, 36, 2, 1, 1]}, null, null, 53, false, [], false, 0, [], null, 0, 1744307650.6228347, 0, {}]
[{"0": [6, 36, 46, 41, 34, 44, 33, 34, 35, 35, 51, 34, 42, 39, 39]}, null, null, 54, false, [], false, 0, [], null, 0, 1744307650.8182368, 0, {}]
[{"0": [5, 31, 27, 40, 37, 43, 29, 40, 27, 31, 27, 2, 4, 0, 2]}, null, null, 54, false, [], false, 0, [], null, 0, 1744307651.0333455, 0, {}]
[{"0": [1, 35, 39, 34, 37, 30, 2, 3, 2, 0, 1, 5, 3, 0, 2]}, null, null, 55, false, [], false, 0, [], null, 0, 1744307651.229112, 0, {}]
[{"0": [3, 42, 53, 33, 26, 37, 1, 2, 0, 2, 2, 3, 0, 2, 1]}, null, null, 55, false, [], false, 0, [], null, 0, 1744307651.4270365, 0, {}]
[{"0": [0, 32, 38, 0, 3, 1, 1, 2, 2, 2, 1, 0, 0, 1, 0]}, null, null, 56, false, [], false, 0, [], null, 0, 1744307651.6179123, 0, {}]
[{"0": [3, 1, 4, 33, 51, 29, 27, 5, 3, 2, 3, 1, 2, 1, 0]}, null, null, 57, false, [], false, 0, [], null, 0, 1744307651.8138964, 0, {}]
[{"0": [1, 28, 0, 1, 3, 1, 3, 2, 1, 2, 4, 2, 0, 4, 3]}, null, null, 57, false, [], false, 0, [], null, 0, 1744307652.0337915, 0, {}]
[{"0": [1, 0, 2, 3, 3, 0, 1, 2, 1, 1, 0, 3, 1, 4, 39]}, null, null, 58, false, [], false, 0, [], null, 0, 1744307652.2170124, 0, {}]
[{"0": [1, 42, 1, 1, 2, 2, 3, 4, 3, 1, 2, 0, 1, 2, 0]}, null, null, 58, false, [], false, 0, [], null, 0, 1744307652.411584, 0, {}]
[{"0": [2, 44, 22, 34, 42, 40, 27, 1, 1, 0, 0, 1, 0, 1, 2]}, null, null, 59, false, [], false, 0, [], null, 0, 1744307652.6120195, 0, {}]
[{"0": [2, 27, 37, 28, 2, 2, 2, 3, 1, 7, 2, 3, 3, 2, 5]}, null, null, 60, false, [], false, 0, [], null, 0, 1744307652.8339329, 0, {}]
[{"0": [1, 41, 1, 2, 4, 2, 0, 0, 1, 3, 2, 7, 3, 1, 0]}, null, null, 60, false, [], false, 0, [], null, 0, 1744307653.0297413, 0, {}]
[{"0": [1, 3, 2, 0, 2, 3, 3, 26, 33, 31, 32, 1, 6, 1, 1]}, null, null, 61, false, [], false, 0, [], null, 0, 1744307653.2262378, 0, {}]
[{"0": [0, 29, 39, 32, 1, 2, 0, 4, 2, 1, 1, 0, 4, 0, 2]}, null, null, 61, false, [], false, 0, [], null, 0, 1744307653.4197466, 0, {}]
[{"0": [1, 35, 0, 2, 1, 2, 1, 2, 3, 4, 1, 2, 3, 3, 2]}, null, null, 62, false, [], false, 0, [], null, 0, 1744307653.6261764, 0, {}]
[{"0": [1, 21, 1, 3, 0, 4, 5, 2, 2, 1, 2, 1, 4, 4, 0]}, null, null, 63, false, [], false, 0, [], null, 0, 1744307653.8314, 0, {}]
[{"0": [3, 1, 3, 3, 2, 5, 5, 1, 1, 0, 1, 0, 30, 30, 0]}, null, null, 63, false, [], false, 0, [], null, 0, 1744307654.0134134, 0, {}]
[{"0": [4, 31, 1, 2, 1, 2, 4, 2, 0, 1, 1, 3, 3, 2, 1]}, null, null, 64, false, [], false, 0, [], null, 0, 1744307654.2194943, 0, {}]
[{"0": [1, 31, 29, 38, 31, 28, 39, 41, 37, 35, 28, 39, 32, 29, 38]}, null, null, 64, false, [], false, 0, [], null, 0, 1744307654.4184058, 0, {}]
[{"0": [1, 35, 1, 1, 2, 4, 3, 1, 2, 0, 2, 0, 2, 4, 1]}, null, null, 65, false, [], false, 0, [], null, 0, 1744307654.6329982, 0, {}]
[{"0": [1, 27, 31, 30, 24, 1, 2, 0, 1, 2, 2, 1, 1, 0, 3]}, null, null, 66, false, [], false, 0, [], null, 0, 1744307654.821594, 0, {}]
[{"0": [1, 37, 35, 35, 2, 2, 2, 6, 2, 0, 0, 1, 1, 2, 1]}, null, null, 66, false, [], false, 0, [], null, 0, 1744307655.0208974, 0, {}]
[{"0": [1, 24, 25, 29, 36, 3, 2, 2, 0, 2, 2, 0, 0, 1, 0]}, null, null, 67, false, [], false, 0, [], null, 0, 1744307655.2195024, 0, {}]
[{"0": [1, 40, 33, 33, 37, 1, 1, 2, 3, 2, 0, 4, 1, 1, 7]}, null, null, 67, false, [], false, 0, [], null, 0, 1744307655.4223337, 0, {}]
[{"0": [2, 0, 1, 31, 33, 32, 32, 39, 4, 1, 1, 1, 3, 3, 1]}, null, null, 68, false, [], false, 0, [], null, 0, 1744307655.6291554, 0, {}]
[{"0": [3, 41, 23, 34, 2, 0, 1, 5, 2, 0, 2, 0, 0, 0, 1]}, null, null, 69, false, [], false, 0, [], null, 0, 1744307655.8205097, 0, {}]
[{"0": [1, 27, 43, 34, 33, 2, 1, 2, 5, 1, 1, 1, 5, 0, 1]}, null, null, 69, false, [], false, 0, [], null, 0, 1744307656.0140703, 0, {}]
[{"0": [3, 33, 0, 6, 0, 1, 2, 2, 1, 1, 2, 0, 2, 1, 3]}, null, null, 70, false, [], false, 0, [], null, 0, 1744307656.2125998, 0, {}]
[{"0": [31, 1, 0, 3, 3, 3, 3, 4, 0, 1, 2, 0, 2, 0, 2]}, null, null, 70, false, [], false, 0, [], null, 0, 1744307656.4163864, 0, {}]
[{"0": [5, 2, 1, 23, 28, 35, 29, 1, 2, 1, 3, 3, 1, 2, 2]}, null, null, 71, false, [], false, 0, [], null, 0, 1744307656.614689, 0, {}]
[{"0": [2, 1, 3, 5, 29, 2, 3, 1, 2, 0, 4, 2, 1, 0, 2]}, null, null, 72, false, [], false, 0, [], null, 0, 1744307656.8282347, 0, {}]
[{"0": [0, 32, 38, 24, 35, 31, 5, 0, 1, 0, 0, 4, 1, 2, 4]}, null, null, 72, false, [], false, 0, [], null, 0, 1744307657.0348568, 0, {}]
[{"0": [0, 32, 2, 1, 3, 2, 2, 0, 1, 0, 0, 1, 2, 5, 2]}, null, null, 73, false, [], false, 0, [], null, 0, 1744307657.2214317, 0, {}]
[{"0": [1, 36, 1, 3, 3, 3, 0, 0, 2, 3, 4, 3, 3, 0, 2]}, null, null, 73, false, [], false, 0, [], null, 0, 1744307657.4320698, 0, {}]
[{"0": [4, 42, 2, 1, 2, 0, 3, 0, 1, 2, 0, 1, 0, 2, 2]}, null, null, 74, false, [], false, 0, [], null, 0, 1744307657.6125517, 0, {}]
[{"0": [1, 2, 4, 1, 1, 0, 2, 4, 4, 0, 0, 0, 0, 28, 24]}, null, null, 75, false, [], false, 0, [], null, 0, 1744307657.8203013, 0, {}]
[{"0": [0, 37, 33, 29, 27, 28, 30, 0, 1, 1, 2, 0, 4, 1, 4]}, null, null, 75, false, [], false, 0, [], null, 0, 1744307658.019681, 0, {}]
[{"0": [1, 30, 33, 1, 0, 0, 5, 1, 1, 2, 0, 5, 2, 1, 1]}, null, null, 76, false, [], false, 0, [], null, 0, 1744307658.209301, 0, {}]
[{"0": [3, 34, 29, 28, 30, 39, 41, 37, 21, 36, 27, 32, 35, 29, 33]}, null, null, 77, false, [], false, 0, [], null, 0, 1744307658.4206328, 0, {}]
[{"0": [0, 3, 1, 33, 32, 1, 0, 3, 5, 2, 3, 2, 0, 1, 1]}, null, null, 77, false, [], false, 0, [], null, 0, 1744307658.6360188, 0, {}]
[{"0": [0, 25, 33, 29, 35, 26, 39, 37, 2, 1, 6, 0, 3, 1, 3]}, null, null, 78, false, [], false, 0, [], null, 0, 1744307658.8195567, 0, {}]
[{"0": [0, 48, 1, 2, 1, 1, 2, 1, 2, 2, 1, 0, 3, 1, 2]}, null, null, 78, false, [], false, 0, [], null, 0, 1744307659.0182302, 0, {}]
[{"0": [0, 3, 0, 0, 2, 2, 2, 2, 4, 3, 1, 2, 3, 0, 2]}, null, null, 79, false, [], false, 0, [], null, 0, 1744307659.2330163, 0, {}]
[{"0": [2, 0, 2, 31, 38, 32, 0, 1, 1, 2, 3, 0, 4, 1, 0]}, null, null, 80, false, [], false, 0, [], null, 0, 1744307659.4182162, 0, {}]
[{"0": [1, 28, 24, 38, 32, 3, 1, 2, 1, 0, 1, 6, 0, 3, 2]}, null, null, 80, false, [], false, 0, [], null, 0, 1744307659.6334336, 0, {}]
[{"0": [4, 36, 27, 2, 0, 1, 3, 1, 2, 1, 1, 4, 1, 4, 1]}, null, null, 81, false, [], false, 0, [], null, 0, 1744307659.811357, 0, {}]
[{"0": [0, 2, 5, 2, 1, 39, 33, 27, 41, 37, 30, 25, 31, 35, 27]}, null, null, 81, false, [], false, 0, [], null, 0, 1744307660.0173616, 0, {}]
[{"0": [1, 0, 2, 0, 1, 1, 4, 3, 0, 1, 2, 2, 1, 5, 1]}, null, null, 82, false, [], false, 0, [], null, 0, 1744307660.231954, 0, {}]
[{"0": [1, 3, 1, 2, 1, 38, 0, 2, 2, 0, 0, 1, 1, 2, 1]}, null, null, 83, false, [], false, 0, [], null, 0, 1744307660.4127007, 0, {}]
[{"0": [1, 33, 30, 39, 2, 3, 2, 2, 1, 2, 1, 2, 3, 2, 0]}, null, null, 83, false, [], false, 0, [], null, 0, 1744307660.6206238, 0, {}]
[{"0": [1, 36, 35, 37, 29, 1, 5, 0, 1, 1, 0, 1, 3, 1, 0]}, null, null, 84, false, [], false, 0, [], null, 0, 1744307660.8353639, 0, {}]
[{"0": [3, 39, 29, 32, 35, 28, 28, 43, 28, 2, 3, 0, 3, 0, 1]}, null, null, 84, false, [], false, 0, [], null, 0, 1744307661.015165, 0, {}]
[{"0": [2, 30, 27, 29, 34, 2, 3, 3, 1, 3, 0, 2, 0, 6, 1]}, null, null, 85, false, [], false, 0, [], null, 0, 1744307661.2375896, 0, {}]
[{"0": [1, 3, 24, 39, 26, 26, 35, 1, 0, 1, 0, 1, 2, 1, 1]}, null, null, 86, false, [], false, 0, [], null, 0, 1744307661.4181643, 0, {}]
[{"0": [1, 25, 34, 4, 1, 4, 3, 5, 1, 2, 1, 0, 1, 0, 3]}, null, null, 86, false, [], false, 0, [], null, 0, 1744307661.6151092, 0, {}]
[{"0": [0, 20, 33, 31, 23, 39, 32, 34, 4, 2, 4, 1, 2, 1, 2]}, null, null, 87, false, [], false, 0, [], null, 0, 1744307661.8306868, 0, {}]
[{"0": [1, 33, 36, 43, 26, 5, 0, 2, 2, 2, 1, 0, 1, 1, 2]}, null, null, 87, false, [], false, 0, [], null, 0, 1744307662.0120573, 0, {}]
[{"0": [3, 0, 1, 0, 29, 36, 1, 0, 1, 3, 0, 1, 3, 3, 2]}, null, null, 88, false, [], false, 0, [], null, 0, 1744307662.2154403, 0, {}]
[{"0": [1, 27, 0, 0, 2, 0, 0, 4, 3, 1, 3, 1, 1, 0, 2]}, null, null, 89, false, [], false, 0, [], null, 0, 1744307662.4160757, 0, {}]
[{"0": [3, 42, 34, 33, 3, 3, 3, 1, 2, 2, 2, 0, 0, 1, 3]}, null, null, 89, false, [], false, 0, [], null, 0, 1744307662.6161275, 0, {}]
[{"0": [0, 38, 3, 2, 1, 1, 0, 2, 0, 1, 1, 3, 2, 5, 4]}, null, null, 90, false, [], false, 0, [], null, 0, 1744307662.8269413, 0, {}]
[{"0": [3, 31, 40, 31, 35, 27, 30, 38, 23, 32, 28, 35, 37, 38, 28]}, null, null, 90, false, [], false, 0, [], null, 0, 1744307663.0166383, 0, {}]
[{"0": [1, 0, 1, 31, 7, 4, 3, 1, 3, 2, 1, 2, 1, 2, 3]}, null, null, 91, false, [], false, 0, [], null, 0, 1744307663.2326033, 0, {}]
[{"0": [1, 34, 32, 26, 30, 1, 1, 4, 3, 2, 1, 2, 2, 0, 3]}, null, null, 92, false, [], false, 0, [], null, 0, 1744307663.4144945, 0, {}]
[{"0": [3, 28, 33, 26, 40, 30, 30, 26, 24, 2, 4, 2, 3, 3, 1]}, null, null, 92, false, [], false, 0, [], null, 0, 1744307663.625611, 0, {}]
[{"0": [1, 4, 0, 2, 0, 1, 1, 1, 2, 1, 1, 4, 2, 31, 6]}, null, null, 93, false, [], false, 0, [], null, 0, 1744307663.8179896, 0, {}]
[{"0": [0, 25, 3, 0, 0, 1, 0, 1, 1, 3, 1, 2, 4, 0, 0]}, null, null, 93, false, [], false, 0, [], null, 0, 1744307664.0323675, 0, {}]
[{"0": [2, 0, 0, 2, 1, 0, 2, 7, 5, 1, 2, 2, 1, 2, 31]}, null, null, 94, false, [], false, 0, [], null, 0, 1744307664.2115228, 0, {}]
[{"0": [0, 30, 2, 1, 3, 2, 3, 0, 0, 1, 0, 4, 2, 1, 0]}, null, null, 95, false, [], false, 0, [], null, 0, 1744307664.418124, 0, {}]
[{"0": [0, 29, 40, 38, 38, 33, 0, 1, 2, 3, 1, 1, 1, 0, 3]}, null, null, 95, false, [], false, 0, [], null, 0, 1744307664.6209955, 0, {}]
[{"0": [1, 32, 1, 4, 0, 1, 2, 1, 3, 4, 0, 0, 4, 2, 2]}, null, null, 96, false, [], false, 0, [], null, 0, 1744307664.8168974, 0, {}]
[{"0": [2, 1, 3, 5, 38, 27, 34, 27, 34, 3, 1, 2, 0, 3, 1]}, null, null, 96, false, [], false, 0, [], null, 0, 1744307665.030451, 0, {}]
[{"0": [1, 26, 31, 33, 28, 4, 3, 2, 1, 2, 1, 1, 2, 2, 1]}, null, null, 97, false, [], false, 0, [], null, 0, 1744307665.2302341, 0, {}]
[{"0": [0, 1, 3, 0, 1, 4, 2, 0, 33, 33, 23, 34, 37, 1, 4]}, null, null, 98, false, [], false, 0, [], null, 0, 1744307665.4246988, 0, {}]
[{"0": [0, 26, 24, 3, 2, 2, 1, 3, 2, 0, 3, 0, 0, 2, 0]}, null, null, 98, false, [], false, 0, [], null, 0, 1744307665.6152284, 0, {}]
[{"0": [0, 36, 36, 29, 3, 0, 0, 2, 0, 4, 2, 2, 2, 1, 1]}, null, null, 99, false, [], false, 0, [], null, 0, 1744307665.8338237, 0, {}]
[{"0": [4, 27, 1, 1, 1, 1, 3, 2, 4, 0, 1, 1, 2, 3, 5]}, null, null, 99, false, [], false, 0, [], null, 0, 1744307666.0336761, 0, {}]
[{"0": [3, 25, 36, 36, 40, 3, 2, 2, 1, 1, 0, 2, 4, 0, 2]}, null, null, 100, false, [], false, 0, [], null, 0, 1744307666.2303214, 0, {}]
[{"0": [2, 1, 3, 36, 0, 2, 1, 2, 2, 0, 2, 1, 4, 2, 1]}, null, null, 101, false, [], false, 0, [], null, 0, 1744307666.4355767, 0, {}]
[{"0": [2, 30, 34, 22, 34, 37, 26, 3, 3, 1, 0, 1, 2, 2, 2]}, null, null, 101, false, [], false, 0, [], null, 0, 1744307666.614221, 0, {}]
[{"0": [1, 25, 22, 5, 2, 2, 3, 1, 1, 6, 1, 3, 1, 2, 1]}, null, null, 102, false, [], false, 0, [], null, 0, 1744307666.8278499, 0, {}]
[{"0": [4, 4, 30, 0, 0, 2, 3, 1, 1, 0, 1, 2, 2, 0, 1]}, null, null, 102, false, [], false, 0, [], null, 0, 1744307667.0265653, 0, {}]
[{"0": [5, 1, 0, 0, 2, 2, 32, 38, 26, 32, 23, 28, 31, 27, 0]}, null, null, 103, false, [], false, 0, [], null, 0, 1744307667.2160459, 0, {}]
[{"0": [2, 29, 30, 51, 32, 3, 1, 2, 1, 1, 1, 4, 2, 4, 2]}, null, null, 104, false, [], false, 0, [], null, 0, 1744307667.4131565, 0, {}]
[{"0": [1, 1, 39, 30, 37, 32, 26, 3, 2, 4, 2, 2, 2, 2, 1]}, null, null, 104, false, [], false, 0, [], null, 0, 1744307667.6318543, 0, {}]
[{"0": [0, 1, 1, 4, 0, 36, 27, 31, 28, 1, 2, 2, 1, 1, 1]}, null, null, 105, false, [], false, 0, [], null, 0, 1744307667.829688, 0, {}]
[{"0": [1, 30, 25, 34, 36, 32, 34, 1, 3, 4, 2, 2, 1, 1, 3]}, null, null, 105, false, [], false, 0, [], null, 0, 1744307668.0305924, 0, {}]
[{"0": [4, 30, 37, 28, 34, 32, 32, 33, 4, 2, 0, 1, 4, 3, 0]}, null, null, 106, false, [], false, 0, [], null, 0, 1744307668.229898, 0, {}]
[{"0": [2, 23, 29, 30, 0, 1, 1, 0, 3, 2, 2, 2, 5, 1, 2]}, null, null, 107, false, [], false, 0, [], null, 0, 1744307668.4346828, 0, {}]
[{"0": [1, 0, 1, 1, 1, 1, 3, 1, 7, 2, 4, 0, 3, 2, 2]}, null, null, 107, false, [], false, 0, [], null, 0, 1744307668.6197681, 0, {}]
[{"0": [3, 2, 1, 35, 49, 28, 38, 32, 33, 38, 39, 27, 39, 34, 2]}, null, null, 108, false, [], false, 0, [], null, 0, 1744307668.8202648, 0, {}]
[{"0": [0, 27, 1, 3, 1, 4, 1, 1, 0, 1, 1, 2, 2, 0, 1]}, null, null, 108, false, [], false, 0, [], null, 0, 1744307669.031736, 0, {}]
[{"0": [2, 22, 49, 37, 40, 4, 0, 2, 3, 1, 5, 0, 3, 1, 1]}, null, null, 109, false, [], false, 0, [], null, 0, 1744307669.2189417, 0, {}]
[{"0": [1, 31, 40, 1, 1, 1, 3, 2, 1, 2, 1, 1, 1, 1, 4]}, null, null, 110, false, [], false, 0, [], null, 0, 1744307669.4320724, 0, {}]
[{"0": [3, 44, 36, 41, 32, 0, 1, 1, 2, 3, 4, 2, 2, 3, 3]}, null, null, 110, false, [], false, 0, [], null, 0, 1744307669.60972, 0, {}]
[{"0": [3, 26, 34, 41, 21, 27, 28, 25, 38, 41, 30, 23, 0, 1, 1]}, null, null, 111, false, [], false, 0, [], null, 0, 1744307669.8339374, 0, {}]
[{"0": [5, 29, 3, 1, 3, 1, 3, 4, 3, 2, 4, 1, 3, 3, 2]}, null, null, 111, false, [], false, 0, [], null, 0, 1744307670.0295362, 0, {}]
[{"0": [2, 28, 2, 2, 3, 2, 0, 3, 4, 1, 1, 1, 2, 1, 2]}, null, null, 112, false, [], false, 0, [], null, 0, 1744307670.2389288, 0, {}]
[{"0": [3, 2, 3, 2, 2, 23, 26, 0, 0, 1, 5, 0, 2, 2, 1]}, null, null, 113, false, [], false, 0, [], null, 0, 1744307670.416545, 0, {}]
[{"0": [1, 43, 26, 29, 34, 0, 1, 5, 2, 1, 0, 4, 3, 5, 2]}, null, null, 113, false, [], false, 0, [], null, 0, 1744307670.6290288, 0, {}]
[{"0": [1, 29, 2, 1, 1, 0, 5, 2, 1, 2, 1, 5, 1, 2, 4]}, null, null, 114, false, [], false, 0, [], null, 0, 1744307670.8263826, 0, {}]
[{"0": [2, 32, 32, 28, 46, 33, 36, 29, 42, 36, 33, 31, 34, 51, 38]}, null, null, 114, false, [], false, 0, [], null, 0, 1744307671.0166419, 0, {}]
[{"0": [1, 35, 33, 48, 32, 38, 31, 37, 43, 2, 1, 0, 2, 1, 1]}, null, null, 115, false, [], false, 0, [], null, 0, 1744307671.2274992, 0, {}]
[{"0": [1, 3, 2, 0, 1, 1, 5, 4, 2, 6, 39, 29, 0, 2, 1]}, null, null, 116, false, [], false, 0, [], null, 0, 1744307671.4269783, 0, {}]
[{"0": [2, 1, 2, 36, 17, 31, 2, 2, 2, 0, 4, 0, 1, 2, 1]}, null, null, 116, false, [], false, 0, [], null, 0, 1744307671.6282344, 0, {}]
[{"0": [1, 41, 31, 0, 1, 3, 0, 4, 2, 0, 1, 2, 0, 4, 4]}, null, null, 117, false, [], false, 0, [], null, 0, 1744307671.8358011, 0, {}]
[{"0": [2, 1, 1, 2, 0, 5, 1, 4, 2, 1, 43, 42, 34, 3, 2]}, null, null, 117, false, [], false, 0, [], null, 0, 1744307672.0325284, 0, {}]
[{"0": [4, 29, 39, 29, 0, 1, 3, 3, 4, 4, 5, 0, 3, 2, 0]}, null, null, 118, false, [], false, 0, [], null, 0, 1744307672.2214973, 0, {}]
[{"0": [2, 35, 29, 36, 2, 2, 0, 1, 1, 2, 3, 5, 2, 3, 2]}, null, null, 119, false, [], false, 0, [], null, 0, 1744307672.4388041, 0, {}]
[{"0": [1, 33, 39, 27, 1, 3, 2, 2, 1, 3, 2, 4, 1, 4, 1]}, null, null, 119, false, [], false, 0, [], null, 0, 1744307672.624576, 0, {}]
[{"0": [1, 29, 33, 28, 37, 42, 55, 35, 31, 36, 0, 1, 2, 1, 1]}, null, null, 120, false, [], false, 0, [], null, 0, 1744307672.8286037, 0, {}]
[{"0": [3, 2, 2, 0, 0, 3, 1, 2, 0, 2, 3, 5, 3, 3, 1]}, null, null, 120, false, [], false, 0, [], null, 0, 1744307673.0338612, 0, {}]
[{"0": [1, 31, 28, 2, 3, 1, 1, 3, 3, 2, 4, 2, 4, 0, 2]}, null, null, 121, false, [], false, 0, [], null, 0, 1744307673.2312498, 0, {}]
[{"0": [5, 47, 44, 1, 2, 1, 2, 1, 0, 0, 1, 1, 2, 1, 3]}, null, null, 122, false, [], false, 0, [], null, 0, 1744307673.4289243, 0, {}]
[{"0": [1, 47, 38, 24, 3, 2, 1, 0, 3, 2, 1, 0, 0, 1, 3]}, null, null, 122, false, [], false, 0, [], null, 0, 1744307673.6270971, 0, {}]
[{"0": [0, 22, 34, 29, 4, 4, 1, 2, 2, 2, 3, 0, 4, 2, 2]}, null, null, 123, false, [], false, 0, [], null, 0, 1744307673.818131, 0, {}]
[{"0": [1, 37, 47, 31, 40, 32, 29, 36, 2, 1, 0, 2, 4, 2, 0]}, null, null, 123, false, [], false, 0, [], null, 0, 1744307674.0188148, 0, {}]
[{"0": [1, 41, 28, 0, 1, 0, 1, 1, 2, 0, 5, 4, 2, 3, 0]}, null, null, 124, false, [], false, 0, [], null, 0, 1744307674.2191045, 0, {}]
[{"0": [4, 0, 0, 1, 3, 31, 32, 37, 32, 30, 40, 35, 36, 0, 4]}, null, null, 125, false, [], false, 0, [], null, 0, 1744307674.4297225, 0, {}]
[{"0": [1, 1, 1, 2, 2, 38, 42, 31, 37, 26, 33, 29, 32, 29, 34]}, null, null, 125, false, [], false, 0, [], null, 0, 1744307674.6311116, 0, {}]
[{"0": [1, 23, 29, 33, 38, 42, 41, 37, 1, 0, 2, 3, 1, 2, 3]}, null, null, 126, false, [], false, 0, [], null, 0, 1744307674.8347156, 0, {}]
[{"0": [0, 46, 30, 29, 41, 0, 2, 1, 0, 4, 1, 4, 0, 1, 1]}, null, null, 127, false, [], false, 0, [], null, 0, 1744307675.0291693, 0, {}]
[{"0": [0, 31, 32, 30, 31, 30, 36, 1, 2, 0, 3, 2, 2, 2, 4]}, null, null, 127, false, [], false, 0, [], null, 0, 1744307675.2173455, 0, {}]
[{"0": [2, 3, 3, 2, 0, 30, 30, 30, 4, 2, 1, 0, 1, 2, 1]}, null, null, 128, false, [], false, 0, [], null, 0, 1744307675.427679, 0, {}]
[{"0": [1, 35, 1, 3, 1, 0, 3, 3, 3, 1, 1, 2, 3, 1, 1]}, null, null, 128, false, [], false, 0, [], null, 0, 1744307675.6146753, 0, {}]
[{"0": [2, 33, 2, 1, 2, 5, 1, 2, 3, 1, 2, 1, 1, 1, 0]}, null, null, 129, false, [], false, 0, [], null, 0, 1744307675.817998, 0, {}]
[{"0": [3, 42, 32, 25, 2, 1, 2, 4, 1, 0, 4, 4, 3, 2, 1]}, null, null, 130, false, [], false, 0, [], null, 0, 1744307676.0273454, 0, {}]
[{"0": [1, 28, 36, 43, 32, 2, 2, 2, 1, 3, 0, 1, 2, 1, 3]}, null, null, 130, false, [], false, 0, [], null, 0, 1744307676.2307186, 0, {}]
[{"0": [1, 31, 26, 2, 1, 1, 3, 1, 3, 3, 3, 2, 3, 4, 1]}, null, null, 131, false, [], false, 0, [], null, 0, 1744307676.43142, 0, {}]
[{"0": [0, 1, 3, 1, 1, 2, 2, 0, 5, 4, 1, 4, 2, 0, 27]}, null, null, 131, false, [], false, 0, [], null, 0, 1744307676.6178145, 0, {}]
[{"0": [1, 36, 49, 42, 33, 3, 1, 2, 4, 3, 2, 3, 0, 3, 2]}, null, null, 132, false, [], false, 0, [], null, 0, 1744307676.8329954, 0, {}]
[{"0": [4, 2, 4, 41, 41, 47, 32, 36, 31, 36, 24, 36, 41, 1, 0]}, null, null, 133, false, [], false, 0, [], null, 0, 1744307677.0311294, 0, {}]
[{"0": [3, 27, 28, 30, 30, 39, 2, 2, 3, 0, 0, 1, 2, 2, 4]}, null, null, 133, false, [], false, 0, [], null, 0, 1744307677.23185, 0, {}]
[{"0": [1, 1, 0, 2, 26, 31, 28, 4, 2, 0, 2, 2, 2, 1, 3]}, null, null, 134, false, [], false, 0, [], null, 0, 1744307677.428021, 0, {}]
[{"0": [2, 27, 34, 37, 37, 30, 43, 34, 41, 29, 24, 1, 1, 0, 0]}, null, null, 134, false, [], false, 0, [], null, 0, 1744307677.6204093, 0, {}]
[{"0": [2, 34, 42, 35, 27, 2, 5, 2, 0, 1, 0, 3, 3, 0, 2]}, null, null, 135, false, [], false, 0, [], null, 0, 1744307677.8338492, 0, {}]
[{"0": [0, 2, 1, 3, 1, 3, 2, 1, 2, 2, 1, 1, 1, 2, 5]}, null, null, 136, false, [], false, 0, [], null, 0, 1744307678.0288286, 0, {}]
[{"0": [1, 3, 0, 2, 44, 36, 28, 33, 26, 34, 25, 30, 45, 45, 33]}, null, null, 136, false, [], false, 0, [], null, 0, 1744307678.217248, 0, {}]
[{"0": [2, 0, 1, 1, 0, 2, 1, 1, 3, 29, 2, 1, 4, 3, 1]}, null, null, 137, false, [], false, 0, [], null, 0, 1744307678.4389536, 0, {}]
[{"0": [1, 20, 0, 2, 1, 2, 1, 0, 1, 3, 0, 2, 3, 1, 2]}, null, null, 137, false, [], false, 0, [], null, 0, 1744307678.627279, 0, {}]
[{"0": [1, 27, 36, 1, 3, 2, 1, 2, 3, 1, 0, 0, 1, 2, 3]}, null, null, 138, false, [], false, 0, [], null, 0, 1744307678.8336284, 0, {}]
[{"0": [1, 34, 30, 38, 30, 25, 39, 2, 3, 4, 2, 2, 3, 1, 1]}, null, null, 139, false, [], false, 0, [], null, 0, 1744307679.0219817, 0, {}]
[{"0": [0, 47, 34, 3, 3, 0, 3, 4, 2, 1, 6, 0, 1, 2, 0]}, null, null, 139, false, [], false, 0, [], null, 0, 1744307679.237883, 0, {}]
[{"0": [1, 4, 3, 1, 4, 2, 2, 2, 1, 37, 34, 37, 29, 48, 43]}, null, null, 140, false, [], false, 0, [], null, 0, 1744307679.416074, 0, {}]
[{"0": [1, 31, 0, 2, 0, 2, 1, 2, 0, 0, 2, 2, 1, 0, 3]}, null, null, 140, false, [], false, 0, [], null, 0, 1744307679.6353595, 0, {}]
[{"0": [0, 30, 26, 40, 36, 26, 35, 32, 3, 2, 3, 1, 4, 0, 2]}, null, null, 141, false, [], false, 0, [], null, 0, 1744307679.8184862, 0, {}]
[{"0": [36, 32, 25, 24, 18, 43, 33, 26, 4, 2, 2, 2, 0, 2, 3]}, null, null, 142, false, [], false, 0, [], null, 0, 1744307680.0351586, 0, {}]
[{"0": [2, 26, 2, 3, 3, 1, 0, 2, 0, 3, 2, 2, 0, 1, 0]}, null, null, 142, false, [], false, 0, [], null, 0, 1744307680.2162812, 0, {}]
[{"0": [3, 34, 33, 31, 36, 36, 37, 44, 2, 0, 1, 2, 4, 2, 1]}, null, null, 143, false, [], false, 0, [], null, 0, 1744307680.4272609, 0, {}]
[{"0": [2, 34, 41, 33, 48, 28, 33, 0, 2, 1, 1, 2, 1, 4, 1]}, null, null, 143, false, [], false, 0, [], null, 0, 1744307680.6302874, 0, {}]
[{"0": [1, 47, 29, 35, 32, 25, 37, 37, 40, 38, 28, 29, 39, 25, 21]}, null, null, 144, false, [], false, 0, [], null, 0, 1744307680.8169804, 0, {}]
[{"0": [2, 31, 45, 22, 27, 30, 38, 42, 6, 3, 0, 4, 3, 1, 2]}, null, null, 145, false, [], false, 0, [], null, 0, 1744307681.0388658, 0, {}]
[{"0": [1, 2, 3, 1, 4, 3, 1, 0, 2, 0, 5, 0, 2, 28, 23]}, null, null, 145, false, [], false, 0, [], null, 0, 1744307681.2176898, 0, {}]
[{"0": [4, 1, 2, 28, 40, 23, 39, 35, 2, 3, 1, 2, 2, 1, 2]}, null, null, 146, false, [], false, 0, [], null, 0, 1744307681.4337137, 0, {}]
[{"0": [4, 42, 37, 37, 4, 2, 1, 0, 5, 2, 2, 4, 2, 3, 3]}, null, null, 146, false, [], false, 0, [], null, 0, 1744307681.633631, 0, {}]
[{"0": [2, 32, 44, 23, 28, 37, 34, 3, 3, 4, 3, 3, 1, 4, 1]}, null, null, 147, false, [], false, 0, [], null, 0, 1744307681.833936, 0, {}]
[{"0": [3, 34, 4, 0, 1, 2, 1, 2, 1, 1, 2, 0, 3, 0, 4]}, null, null, 148, false, [], false, 0, [], null, 0, 1744307682.027414, 0, {}]
[{"0": [33, 33, 28, 36, 34, 26, 44, 32, 36, 29, 45, 44, 38, 37, 43]}, null, null, 148, false, [], false, 0, [], null, 0, 1744307682.2261114, 0, {}]
[{"0": [1, 36, 30, 39, 0, 0, 2, 1, 2, 0, 3, 1, 1, 2, 3]}, null, null, 149, false, [], false, 0, [], null, 0, 1744307682.420261, 0, {}]
[{"0": [1, 34, 36, 35, 32, 39, 31, 37, 32, 38, 27, 45, 24, 31, 23]}, null, null, 149, false, [], false, 0, [], null, 0, 1744307682.6385047, 0, {}]
[{"0": [2, 32, 2, 8, 3, 3, 2, 2, 0, 0, 2, 3, 1, 3, 0]}, null, null, 150, true, [], false, 0, [], null, 0, 1744307682.8266757, 0, {}]
