[{"0": [0, 0, 1, 0, 2, 2, 0, 2, 35, 31, 0, 2, 1, 2, 2, 2]}, null, null, 0, false, [], false, 0, [], null, 0, 1744313540.1267903, 0, {}]
[{"0": [3, 33, 37, 42, 35, 31, 31, 28, 29, 40, 29, 44, 4, 2, 1, 9]}, null, null, 1, false, [], false, 0, [], null, 0, 1744313540.3322477, 0, {}]
[{"0": [3, 1, 0, 0, 0, 1, 0, 3, 2, 3, 2, 1, 27, 32, 39, 34]}, null, null, 1, false, [], false, 0, [], null, 0, 1744313540.5389564, 0, {}]
[{"0": [3, 29, 36, 30, 4, 2, 1, 3, 2, 0, 2, 2, 2, 0, 2, 1]}, null, null, 2, false, [], false, 0, [], null, 0, 1744313540.732187, 0, {}]
[{"0": [1, 1, 1, 1, 4, 0, 0, 3, 1, 3, 0, 1, 3, 4, 36, 0]}, null, null, 2, false, [], false, 0, [], null, 0, 1744313540.9451106, 0, {}]
[{"0": [3, 36, 37, 24, 40, 35, 45, 34, 25, 47, 29, 27, 34, 0, 3, 0]}, null, null, 3, false, [], false, 0, [], null, 0, 1744313541.1387184, 0, {}]
[{"0": [2, 35, 33, 37, 30, 37, 0, 3, 0, 3, 0, 4, 1, 2, 1, 1]}, null, null, 4, false, [], false, 0, [], null, 0, 1744313541.3370395, 0, {}]
[{"0": [4, 36, 39, 34, 45, 36, 1, 1, 3, 2, 0, 1, 0, 0, 0, 3]}, null, null, 4, false, [], false, 0, [], null, 0, 1744313541.5443766, 0, {}]
[{"0": [1, 3, 5, 3, 3, 3, 0, 2, 2, 1, 2, 2, 4, 1, 0, 50]}, null, null, 5, false, [], false, 0, [], null, 0, 1744313541.7391818, 0, {}]
[{"0": [3, 0, 4, 5, 2, 4, 1, 32, 4, 2, 3, 1, 2, 0, 5, 2]}, null, null, 5, false, [], false, 0, [], null, 0, 1744313541.936443, 0, {}]
[{"0": [2, 3, 28, 35, 33, 29, 41, 34, 37, 1, 0, 1, 4, 2, 1, 3]}, null, null, 6, false, [], false, 0, [], null, 0, 1744313542.1719856, 0, {}]
[{"0": [1, 5, 2, 3, 4, 39, 37, 40, 38, 31, 19, 0, 1, 1, 0, 1]}, null, null, 7, false, [], false, 0, [], null, 0, 1744313542.3367236, 0, {}]
[{"0": [1, 3, 1, 1, 3, 2, 3, 2, 3, 45, 38, 36, 35, 38, 38, 4]}, null, null, 7, false, [], false, 0, [], null, 0, 1744313542.5436416, 0, {}]
[{"0": [1, 2, 3, 3, 0, 2, 3, 4, 1, 1, 2, 1, 5, 2, 34, 29]}, null, null, 8, false, [], false, 0, [], null, 0, 1744313542.7368658, 0, {}]
[{"0": [0, 35, 1, 2, 3, 2, 6, 2, 4, 0, 0, 1, 3, 4, 2, 0]}, null, null, 8, false, [], false, 0, [], null, 0, 1744313542.9511437, 0, {}]
[{"0": [0, 1, 1, 0, 1, 3, 2, 3, 2, 1, 3, 1, 4, 2, 2, 1]}, null, null, 9, false, [], false, 0, [], null, 0, 1744313543.1444147, 0, {}]
[{"0": [39, 35, 39, 23, 39, 1, 1, 2, 3, 5, 3, 2, 1, 0, 1, 2]}, null, null, 10, false, [], false, 0, [], null, 0, 1744313543.3353372, 0, {}]
[{"0": [1, 43, 2, 1, 0, 2, 0, 2, 3, 0, 1, 2, 1, 1, 1, 1]}, null, null, 10, false, [], false, 0, [], null, 0, 1744313543.545954, 0, {}]
[{"0": [2, 0, 3, 1, 0, 1, 1, 1, 2, 4, 3, 0, 2, 2, 2, 2]}, null, null, 11, false, [], false, 0, [], null, 0, 1744313543.7478092, 0, {}]
[{"0": [3, 33, 42, 1, 1, 0, 0, 2, 3, 0, 2, 3, 2, 2, 3, 5]}, null, null, 11, false, [], false, 0, [], null, 0, 1744313543.9485188, 0, {}]
[{"0": [3, 3, 2, 0, 46, 40, 30, 32, 38, 40, 25, 23, 39, 39, 36, 29]}, null, null, 12, false, [], false, 0, [], null, 0, 1744313544.1449108, 0, {}]
[{"0": [1, 42, 30, 22, 38, 32, 42, 30, 3, 1, 5, 2, 2, 0, 2, 4]}, null, null, 13, false, [], false, 0, [], null, 0, 1744313544.3344102, 0, {}]
[{"0": [1, 27, 36, 49, 30, 22, 37, 30, 4, 0, 3, 1, 3, 3, 5, 4]}, null, null, 13, false, [], false, 0, [], null, 0, 1744313544.5373297, 0, {}]
[{"0": [0, 34, 2, 4, 0, 4, 2, 2, 2, 0, 1, 2, 4, 1, 1, 1]}, null, null, 14, false, [], false, 0, [], null, 0, 1744313544.7513258, 0, {}]
[{"0": [2, 3, 2, 2, 4, 3, 6, 1, 0, 2, 1, 3, 0, 1, 0, 32]}, null, null, 14, false, [], false, 0, [], null, 0, 1744313544.9560025, 0, {}]
[{"0": [2, 2, 0, 1, 37, 5, 1, 0, 2, 1, 3, 1, 0, 1, 2, 1]}, null, null, 15, false, [], false, 0, [], null, 0, 1744313545.1356978, 0, {}]
[{"0": [0, 46, 32, 40, 35, 31, 27, 31, 35, 1, 2, 3, 4, 5, 4, 1]}, null, null, 16, false, [], false, 0, [], null, 0, 1744313545.3525906, 0, {}]
[{"0": [1, 3, 46, 36, 35, 44, 1, 1, 3, 1, 1, 3, 3, 4, 0, 1]}, null, null, 16, false, [], false, 0, [], null, 0, 1744313545.5533583, 0, {}]
[{"0": [1, 3, 3, 2, 35, 22, 30, 5, 5, 1, 3, 1, 2, 1, 6, 0]}, null, null, 17, false, [], false, 0, [], null, 0, 1744313545.7483969, 0, {}]
[{"0": [4, 6, 1, 1, 2, 4, 2, 0, 3, 3, 3, 1, 2, 3, 0, 24]}, null, null, 17, false, [], false, 0, [], null, 0, 1744313545.9428916, 0, {}]
[{"0": [7, 3, 2, 0, 24, 30, 29, 1, 4, 2, 2, 2, 0, 2, 3, 1]}, null, null, 18, false, [], false, 0, [], null, 0, 1744313546.1419775, 0, {}]
[{"0": [4, 30, 33, 30, 31, 41, 31, 39, 36, 39, 30, 3, 1, 2, 0, 3]}, null, null, 19, false, [], false, 0, [], null, 0, 1744313546.3417134, 0, {}]
[{"0": [2, 6, 2, 4, 3, 4, 3, 1, 42, 27, 38, 25, 1, 0, 1, 2]}, null, null, 19, false, [], false, 0, [], null, 0, 1744313546.5353787, 0, {}]
[{"0": [4, 40, 2, 1, 3, 4, 1, 1, 2, 4, 0, 3, 1, 3, 2, 2]}, null, null, 20, false, [], false, 0, [], null, 0, 1744313546.7413857, 0, {}]
[{"0": [2, 28, 35, 43, 29, 1, 0, 1, 3, 2, 1, 3, 0, 1, 0, 0]}, null, null, 20, false, [], false, 0, [], null, 0, 1744313546.938232, 0, {}]
[{"0": [1, 1, 1, 0, 4, 1, 5, 1, 3, 5, 3, 2, 2, 2, 1, 31]}, null, null, 21, false, [], false, 0, [], null, 0, 1744313547.1470883, 0, {}]
[{"0": [38, 37, 37, 1, 3, 3, 4, 4, 3, 2, 3, 1, 1, 1, 3, 2]}, null, null, 22, false, [], false, 0, [], null, 0, 1744313547.348941, 0, {}]
[{"0": [4, 0, 2, 0, 5, 5, 0, 1, 2, 2, 3, 4, 3, 1, 1, 33]}, null, null, 22, false, [], false, 0, [], null, 0, 1744313547.5416932, 0, {}]
[{"0": [1, 36, 35, 30, 41, 42, 31, 39, 1, 2, 3, 2, 3, 3, 1, 4]}, null, null, 23, false, [], false, 0, [], null, 0, 1744313547.7397587, 0, {}]
[{"0": [3, 2, 0, 2, 1, 37, 41, 4, 3, 2, 1, 2, 0, 3, 3, 2]}, null, null, 23, false, [], false, 0, [], null, 0, 1744313547.9437537, 0, {}]
[{"0": [2, 1, 4, 3, 3, 5, 5, 4, 1, 42, 30, 41, 42, 29, 4, 1]}, null, null, 24, false, [], false, 0, [], null, 0, 1744313548.1422694, 0, {}]
[{"0": [2, 43, 32, 40, 28, 37, 32, 4, 4, 4, 2, 2, 4, 1, 0, 3]}, null, null, 25, false, [], false, 0, [], null, 0, 1744313548.3472013, 0, {}]
[{"0": [5, 1, 1, 6, 6, 0, 6, 0, 3, 42, 48, 37, 1, 2, 1, 3]}, null, null, 25, false, [], false, 0, [], null, 0, 1744313548.5497088, 0, {}]
[{"0": [1, 31, 3, 2, 2, 1, 0, 1, 1, 2, 3, 5, 2, 2, 2, 2]}, null, null, 26, false, [], false, 0, [], null, 0, 1744313548.7514038, 0, {}]
[{"0": [2, 29, 34, 2, 2, 2, 4, 4, 3, 2, 1, 1, 2, 2, 1, 2]}, null, null, 27, false, [], false, 0, [], null, 0, 1744313548.9459436, 0, {}]
[{"0": [1, 0, 1, 0, 1, 2, 1, 1, 2, 0, 2, 3, 28, 41, 1, 4]}, null, null, 27, false, [], false, 0, [], null, 0, 1744313549.1486144, 0, {}]
[{"0": [2, 1, 2, 3, 3, 3, 4, 2, 1, 38, 34, 4, 2, 3, 3, 3]}, null, null, 28, false, [], false, 0, [], null, 0, 1744313549.353978, 0, {}]
[{"0": [3, 36, 29, 32, 23, 1, 1, 1, 1, 4, 4, 2, 4, 3, 1, 2]}, null, null, 28, false, [], false, 0, [], null, 0, 1744313549.535492, 0, {}]
[{"0": [1, 2, 2, 1, 3, 3, 0, 0, 4, 2, 3, 3, 1, 2, 3, 37]}, null, null, 29, false, [], false, 0, [], null, 0, 1744313549.739328, 0, {}]
[{"0": [2, 3, 3, 2, 3, 1, 1, 3, 32, 40, 52, 30, 29, 42, 3, 1]}, null, null, 30, false, [], false, 0, [], null, 0, 1744313549.9496446, 0, {}]
[{"0": [4, 2, 4, 2, 2, 2, 6, 1, 3, 2, 3, 3, 4, 4, 1, 29]}, null, null, 30, false, [], false, 0, [], null, 0, 1744313550.1522353, 0, {}]
[{"0": [4, 1, 6, 0, 2, 2, 1, 3, 2, 1, 1, 33, 32, 3, 0, 4]}, null, null, 31, false, [], false, 0, [], null, 0, 1744313550.339534, 0, {}]
[{"0": [1, 39, 37, 27, 49, 1, 3, 1, 0, 2, 1, 1, 4, 3, 2, 3]}, null, null, 31, false, [], false, 0, [], null, 0, 1744313550.53508, 0, {}]
[{"0": [1, 2, 2, 2, 2, 1, 1, 0, 3, 3, 2, 3, 0, 1, 1, 3]}, null, null, 32, false, [], false, 0, [], null, 0, 1744313550.7452075, 0, {}]
[{"0": [2, 3, 3, 3, 1, 3, 2, 40, 33, 34, 29, 39, 0, 2, 1, 1]}, null, null, 33, false, [], false, 0, [], null, 0, 1744313550.9448051, 0, {}]
[{"0": [1, 24, 0, 3, 2, 2, 4, 0, 2, 2, 3, 1, 2, 1, 1, 3]}, null, null, 33, false, [], false, 0, [], null, 0, 1744313551.1638055, 0, {}]
[{"0": [3, 0, 1, 4, 5, 4, 2, 0, 5, 2, 1, 39, 0, 7, 0, 2]}, null, null, 34, false, [], false, 0, [], null, 0, 1744313551.342902, 0, {}]
[{"0": [0, 28, 25, 1, 2, 1, 3, 2, 2, 2, 0, 1, 2, 1, 2, 4]}, null, null, 34, false, [], false, 0, [], null, 0, 1744313551.535033, 0, {}]
[{"0": [3, 3, 1, 2, 3, 1, 3, 2, 32, 34, 35, 30, 34, 40, 31, 38]}, null, null, 35, false, [], false, 0, [], null, 0, 1744313551.751923, 0, {}]
[{"0": [1, 3, 34, 4, 3, 4, 2, 0, 1, 2, 5, 0, 4, 1, 2, 1]}, null, null, 36, false, [], false, 0, [], null, 0, 1744313551.9306436, 0, {}]
[{"0": [0, 3, 2, 27, 33, 33, 44, 3, 2, 3, 4, 1, 3, 2, 5, 2]}, null, null, 36, false, [], false, 0, [], null, 0, 1744313552.135413, 0, {}]
[{"0": [0, 0, 1, 0, 4, 43, 36, 27, 2, 5, 0, 1, 3, 5, 2, 2]}, null, null, 37, false, [], false, 0, [], null, 0, 1744313552.3439863, 0, {}]
[{"0": [1, 4, 35, 30, 35, 24, 1, 2, 5, 1, 2, 0, 2, 8, 1, 0]}, null, null, 37, false, [], false, 0, [], null, 0, 1744313552.5404928, 0, {}]
[{"0": [3, 42, 26, 46, 31, 35, 32, 36, 28, 29, 33, 31, 38, 43, 4, 3]}, null, null, 38, false, [], false, 0, [], null, 0, 1744313552.7382438, 0, {}]
[{"0": [7, 35, 1, 3, 1, 4, 1, 2, 0, 2, 2, 1, 2, 3, 2, 0]}, null, null, 39, false, [], false, 0, [], null, 0, 1744313552.9340463, 0, {}]
[{"0": [2, 3, 0, 3, 0, 0, 3, 2, 2, 5, 1, 3, 39, 35, 27, 32]}, null, null, 39, false, [], false, 0, [], null, 0, 1744313553.1474352, 0, {}]
[{"0": [0, 2, 1, 2, 4, 3, 3, 1, 37, 40, 35, 35, 34, 32, 38, 1]}, null, null, 40, false, [], false, 0, [], null, 0, 1744313553.3473368, 0, {}]
[{"0": [1, 2, 2, 2, 3, 2, 1, 1, 3, 37, 28, 37, 40, 42, 39, 34]}, null, null, 40, false, [], false, 0, [], null, 0, 1744313553.5355844, 0, {}]
[{"0": [2, 1, 3, 1, 2, 2, 3, 2, 2, 2, 2, 2, 2, 1, 3, 1]}, null, null, 41, false, [], false, 0, [], null, 0, 1744313553.7326682, 0, {}]
[{"0": [2, 2, 0, 1, 4, 2, 1, 0, 3, 1, 1, 3, 1, 2, 2, 0]}, null, null, 42, false, [], false, 0, [], null, 0, 1744313553.9396248, 0, {}]
[{"0": [4, 4, 39, 38, 3, 4, 2, 6, 1, 2, 0, 1, 2, 2, 1, 2]}, null, null, 42, false, [], false, 0, [], null, 0, 1744313554.156806, 0, {}]
[{"0": [0, 3, 0, 1, 3, 1, 3, 2, 4, 1, 35, 1, 2, 1, 3, 3]}, null, null, 43, false, [], false, 0, [], null, 0, 1744313554.3457572, 0, {}]
[{"0": [0, 35, 1, 2, 3, 2, 4, 2, 3, 1, 1, 5, 2, 3, 3, 1]}, null, null, 43, false, [], false, 0, [], null, 0, 1744313554.5360978, 0, {}]
[{"0": [45, 39, 37, 3, 1, 5, 0, 1, 3, 1, 3, 2, 2, 0, 1, 3]}, null, null, 44, false, [], false, 0, [], null, 0, 1744313554.7391737, 0, {}]
[{"0": [1, 3, 2, 0, 5, 1, 1, 2, 0, 0, 3, 2, 2, 3, 5, 31]}, null, null, 45, false, [], false, 0, [], null, 0, 1744313554.9334908, 0, {}]
[{"0": [4, 3, 2, 0, 2, 42, 35, 3, 2, 1, 4, 1, 1, 0, 4, 1]}, null, null, 45, false, [], false, 0, [], null, 0, 1744313555.143259, 0, {}]
[{"0": [1, 33, 27, 4, 1, 5, 2, 2, 3, 3, 2, 4, 3, 4, 2, 1]}, null, null, 46, false, [], false, 0, [], null, 0, 1744313555.331648, 0, {}]
[{"0": [5, 0, 1, 3, 1, 2, 0, 5, 1, 2, 33, 30, 36, 42, 25, 28]}, null, null, 46, false, [], false, 0, [], null, 0, 1744313555.5390582, 0, {}]
[{"0": [0, 1, 2, 3, 2, 1, 0, 2, 1, 0, 44, 33, 26, 39, 40, 37]}, null, null, 47, false, [], false, 0, [], null, 0, 1744313555.7445061, 0, {}]
[{"0": [2, 2, 2, 2, 0, 4, 3, 5, 1, 1, 37, 37, 2, 1, 2, 0]}, null, null, 48, false, [], false, 0, [], null, 0, 1744313555.9504077, 0, {}]
[{"0": [1, 38, 39, 32, 41, 32, 36, 35, 35, 37, 37, 36, 34, 36, 44, 31]}, null, null, 48, false, [], false, 0, [], null, 0, 1744313556.13446, 0, {}]
[{"0": [36, 1, 3, 3, 3, 1, 2, 2, 3, 4, 6, 3, 3, 1, 1, 3]}, null, null, 49, false, [], false, 0, [], null, 0, 1744313556.3441467, 0, {}]
[{"0": [2, 1, 2, 2, 1, 0, 3, 29, 37, 4, 3, 1, 3, 2, 1, 1]}, null, null, 49, false, [], false, 0, [], null, 0, 1744313556.5310528, 0, {}]
[{"0": [1, 4, 3, 5, 1, 5, 2, 4, 3, 3, 2, 3, 3, 1, 1, 38]}, null, null, 50, false, [], false, 0, [], null, 0, 1744313556.7347677, 0, {}]
[{"0": [52, 23, 29, 37, 1, 0, 4, 1, 3, 3, 0, 1, 1, 2, 1, 1]}, null, null, 51, false, [], false, 0, [], null, 0, 1744313556.9428298, 0, {}]
[{"0": [1, 31, 2, 2, 0, 1, 1, 1, 1, 1, 1, 2, 0, 2, 3, 2]}, null, null, 51, false, [], false, 0, [], null, 0, 1744313557.1319017, 0, {}]
[{"0": [1, 3, 1, 1, 3, 2, 3, 4, 4, 1, 2, 1, 0, 1, 0, 38]}, null, null, 52, false, [], false, 0, [], null, 0, 1744313557.3391662, 0, {}]
[{"0": [4, 31, 44, 49, 3, 3, 2, 2, 1, 2, 3, 1, 1, 1, 1, 1]}, null, null, 52, false, [], false, 0, [], null, 0, 1744313557.548655, 0, {}]
[{"0": [3, 36, 40, 5, 0, 1, 4, 2, 1, 1, 1, 0, 1, 3, 0, 3]}, null, null, 53, false, [], false, 0, [], null, 0, 1744313557.742932, 0, {}]
[{"0": [2, 27, 34, 43, 1, 5, 0, 1, 4, 1, 1, 3, 3, 6, 0, 2]}, null, null, 54, false, [], false, 0, [], null, 0, 1744313557.944486, 0, {}]
[{"0": [2, 2, 0, 0, 2, 0, 2, 0, 4, 0, 2, 0, 3, 3, 2, 33]}, null, null, 54, false, [], false, 0, [], null, 0, 1744313558.1388335, 0, {}]
[{"0": [1, 44, 34, 29, 45, 33, 31, 37, 1, 2, 3, 3, 4, 2, 1, 1]}, null, null, 55, false, [], false, 0, [], null, 0, 1744313558.3289711, 0, {}]
[{"0": [1, 0, 36, 38, 30, 2, 1, 1, 1, 0, 2, 6, 1, 3, 1, 5]}, null, null, 55, false, [], false, 0, [], null, 0, 1744313558.5281162, 0, {}]
[{"0": [2, 38, 36, 46, 1, 2, 1, 2, 2, 4, 3, 3, 3, 2, 2, 1]}, null, null, 56, false, [], false, 0, [], null, 0, 1744313558.7481587, 0, {}]
[{"0": [1, 4, 2, 3, 3, 1, 3, 1, 2, 0, 1, 3, 2, 2, 2, 49]}, null, null, 57, false, [], false, 0, [], null, 0, 1744313558.948839, 0, {}]
[{"0": [1, 0, 3, 1, 0, 2, 1, 43, 39, 43, 33, 2, 0, 3, 2, 5]}, null, null, 57, false, [], false, 0, [], null, 0, 1744313559.147095, 0, {}]
[{"0": [4, 3, 2, 3, 2, 2, 4, 4, 3, 5, 3, 1, 0, 5, 1, 3]}, null, null, 58, false, [], false, 0, [], null, 0, 1744313559.345495, 0, {}]
[{"0": [2, 33, 38, 33, 31, 44, 38, 38, 2, 1, 1, 2, 2, 1, 4, 2]}, null, null, 58, false, [], false, 0, [], null, 0, 1744313559.543262, 0, {}]
[{"0": [4, 35, 24, 33, 1, 1, 1, 2, 4, 4, 2, 2, 2, 2, 6, 3]}, null, null, 59, false, [], false, 0, [], null, 0, 1744313559.7345462, 0, {}]
[{"0": [5, 39, 32, 40, 37, 29, 31, 43, 26, 1, 2, 3, 2, 0, 3, 2]}, null, null, 60, false, [], false, 0, [], null, 0, 1744313559.9387114, 0, {}]
[{"0": [1, 46, 44, 31, 28, 34, 33, 1, 3, 2, 0, 1, 1, 3, 3, 4]}, null, null, 60, false, [], false, 0, [], null, 0, 1744313560.1398826, 0, {}]
[{"0": [31, 43, 30, 42, 27, 42, 32, 38, 41, 3, 3, 5, 3, 0, 1, 3]}, null, null, 61, false, [], false, 0, [], null, 0, 1744313560.3439796, 0, {}]
[{"0": [3, 4, 1, 4, 1, 2, 2, 0, 4, 2, 0, 3, 2, 2, 0, 5]}, null, null, 61, false, [], false, 0, [], null, 0, 1744313560.5308616, 0, {}]
[{"0": [1, 4, 1, 2, 3, 5, 2, 6, 2, 1, 3, 0, 5, 0, 0, 20]}, null, null, 62, false, [], false, 0, [], null, 0, 1744313560.7323709, 0, {}]
[{"0": [0, 29, 40, 28, 2, 1, 2, 2, 3, 2, 0, 3, 0, 3, 3, 0]}, null, null, 63, false, [], false, 0, [], null, 0, 1744313560.9385774, 0, {}]
[{"0": [4, 34, 33, 25, 0, 4, 1, 4, 2, 2, 1, 0, 2, 0, 3, 2]}, null, null, 63, false, [], false, 0, [], null, 0, 1744313561.1350582, 0, {}]
[{"0": [1, 52, 36, 37, 38, 41, 2, 2, 2, 0, 2, 4, 1, 0, 3, 3]}, null, null, 64, false, [], false, 0, [], null, 0, 1744313561.3303313, 0, {}]
[{"0": [31, 35, 34, 2, 5, 1, 2, 1, 3, 2, 4, 2, 2, 2, 1, 2]}, null, null, 64, false, [], false, 0, [], null, 0, 1744313561.5444314, 0, {}]
[{"0": [2, 40, 3, 2, 1, 1, 3, 3, 2, 2, 2, 4, 1, 6, 1, 2]}, null, null, 65, false, [], false, 0, [], null, 0, 1744313561.7274802, 0, {}]
[{"0": [1, 45, 30, 24, 1, 2, 2, 2, 3, 1, 3, 1, 1, 3, 3, 1]}, null, null, 66, false, [], false, 0, [], null, 0, 1744313561.9504838, 0, {}]
[{"0": [2, 2, 2, 1, 2, 2, 3, 5, 1, 30, 33, 5, 1, 4, 2, 1]}, null, null, 66, false, [], false, 0, [], null, 0, 1744313562.1317806, 0, {}]
[{"0": [3, 31, 3, 2, 1, 1, 2, 3, 3, 3, 1, 1, 2, 3, 0, 1]}, null, null, 67, false, [], false, 0, [], null, 0, 1744313562.3420308, 0, {}]
[{"0": [4, 3, 2, 5, 2, 1, 3, 4, 1, 27, 39, 36, 41, 33, 30, 28]}, null, null, 67, false, [], false, 0, [], null, 0, 1744313562.5419638, 0, {}]
[{"0": [4, 0, 0, 2, 1, 1, 0, 2, 4, 4, 2, 2, 2, 1, 1, 41]}, null, null, 68, false, [], false, 0, [], null, 0, 1744313562.73856, 0, {}]
[{"0": [0, 2, 3, 2, 3, 1, 1, 6, 0, 38, 3, 3, 2, 3, 5, 1]}, null, null, 69, false, [], false, 0, [], null, 0, 1744313562.93706, 0, {}]
[{"0": [1, 40, 49, 33, 32, 39, 3, 3, 3, 0, 4, 3, 2, 0, 1, 2]}, null, null, 69, false, [], false, 0, [], null, 0, 1744313563.141259, 0, {}]
[{"0": [3, 1, 2, 2, 0, 2, 1, 3, 3, 0, 2, 0, 1, 1, 2, 3]}, null, null, 70, false, [], false, 0, [], null, 0, 1744313563.3394163, 0, {}]
[{"0": [4, 45, 22, 35, 38, 36, 3, 1, 0, 1, 2, 3, 1, 2, 2, 3]}, null, null, 70, false, [], false, 0, [], null, 0, 1744313563.5428092, 0, {}]
[{"0": [4, 1, 0, 1, 3, 3, 0, 2, 0, 3, 0, 0, 1, 4, 2, 5]}, null, null, 71, false, [], false, 0, [], null, 0, 1744313563.7294793, 0, {}]
[{"0": [0, 37, 35, 28, 31, 54, 2, 1, 2, 3, 1, 3, 4, 1, 1, 3]}, null, null, 72, false, [], false, 0, [], null, 0, 1744313563.951429, 0, {}]
[{"0": [0, 2, 3, 3, 4, 1, 2, 1, 1, 2, 3, 1, 1, 2, 6, 27]}, null, null, 72, false, [], false, 0, [], null, 0, 1744313564.1398277, 0, {}]
[{"0": [3, 0, 0, 2, 1, 1, 3, 1, 39, 31, 3, 3, 2, 0, 1, 3]}, null, null, 73, false, [], false, 0, [], null, 0, 1744313564.3475795, 0, {}]
[{"0": [4, 2, 1, 3, 5, 5, 1, 0, 2, 42, 34, 44, 34, 26, 41, 30]}, null, null, 73, false, [], false, 0, [], null, 0, 1744313564.5470648, 0, {}]
[{"0": [3, 34, 34, 38, 28, 34, 31, 39, 2, 1, 2, 2, 0, 3, 0, 2]}, null, null, 74, false, [], false, 0, [], null, 0, 1744313564.7466924, 0, {}]
[{"0": [4, 44, 1, 4, 2, 1, 1, 1, 4, 2, 5, 0, 2, 1, 1, 3]}, null, null, 75, false, [], false, 0, [], null, 0, 1744313564.9432018, 0, {}]
[{"0": [1, 0, 1, 1, 2, 2, 1, 6, 2, 3, 2, 0, 2, 2, 2, 18]}, null, null, 75, false, [], false, 0, [], null, 0, 1744313565.1482093, 0, {}]
[{"0": [1, 31, 32, 3, 1, 2, 0, 4, 3, 1, 1, 1, 2, 4, 2, 5]}, null, null, 76, false, [], false, 0, [], null, 0, 1744313565.33852, 0, {}]
[{"0": [4, 33, 2, 0, 2, 1, 1, 2, 2, 2, 4, 1, 5, 0, 0, 2]}, null, null, 77, false, [], false, 0, [], null, 0, 1744313565.5458248, 0, {}]
[{"0": [1, 30, 23, 31, 38, 3, 1, 0, 1, 1, 3, 1, 1, 1, 4, 3]}, null, null, 77, false, [], false, 0, [], null, 0, 1744313565.7470222, 0, {}]
[{"0": [1, 3, 4, 3, 2, 3, 2, 1, 37, 23, 25, 32, 39, 2, 1, 1]}, null, null, 78, false, [], false, 0, [], null, 0, 1744313565.9284637, 0, {}]
[{"0": [0, 2, 3, 2, 3, 2, 4, 37, 4, 1, 2, 2, 0, 1, 0, 1]}, null, null, 78, false, [], false, 0, [], null, 0, 1744313566.1354144, 0, {}]
[{"0": [1, 34, 26, 36, 1, 2, 2, 4, 0, 2, 1, 2, 2, 2, 2, 3]}, null, null, 79, false, [], false, 0, [], null, 0, 1744313566.3267415, 0, {}]
[{"0": [4, 2, 2, 0, 0, 2, 2, 2, 3, 1, 4, 33, 35, 33, 5, 1]}, null, null, 80, false, [], false, 0, [], null, 0, 1744313566.538988, 0, {}]
[{"0": [2, 36, 33, 34, 4, 2, 2, 0, 5, 5, 4, 2, 5, 2, 3, 2]}, null, null, 80, false, [], false, 0, [], null, 0, 1744313566.732065, 0, {}]
[{"0": [0, 24, 33, 35, 35, 46, 29, 31, 36, 2, 1, 2, 1, 0, 4, 2]}, null, null, 81, false, [], false, 0, [], null, 0, 1744313566.9335687, 0, {}]
[{"0": [1, 37, 35, 45, 43, 3, 0, 2, 3, 2, 1, 3, 1, 0, 3, 1]}, null, null, 81, false, [], false, 0, [], null, 0, 1744313567.1446366, 0, {}]
[{"0": [1, 30, 31, 32, 31, 39, 27, 26, 32, 32, 40, 39, 31, 39, 4, 3]}, null, null, 82, false, [], false, 0, [], null, 0, 1744313567.344765, 0, {}]
[{"0": [1, 1, 0, 1, 2, 1, 1, 5, 3, 43, 23, 3, 5, 3, 3, 1]}, null, null, 83, false, [], false, 0, [], null, 0, 1744313567.5284317, 0, {}]
[{"0": [2, 1, 2, 0, 2, 30, 32, 2, 2, 2, 2, 1, 2, 1, 1, 1]}, null, null, 83, false, [], false, 0, [], null, 0, 1744313567.7453492, 0, {}]
[{"0": [3, 2, 2, 35, 32, 41, 38, 30, 32, 36, 1, 1, 2, 0, 0, 3]}, null, null, 84, false, [], false, 0, [], null, 0, 1744313567.942713, 0, {}]
[{"0": [1, 40, 45, 34, 34, 24, 26, 33, 0, 2, 1, 2, 0, 2, 1, 3]}, null, null, 84, false, [], false, 0, [], null, 0, 1744313568.13653, 0, {}]
[{"0": [1, 3, 1, 3, 1, 2, 3, 0, 1, 0, 0, 0, 34, 20, 5, 4]}, null, null, 85, false, [], false, 0, [], null, 0, 1744313568.3279905, 0, {}]
[{"0": [2, 2, 2, 6, 0, 1, 3, 1, 2, 4, 0, 2, 1, 2, 0, 1]}, null, null, 86, false, [], false, 0, [], null, 0, 1744313568.5433862, 0, {}]
[{"0": [3, 2, 34, 25, 40, 37, 22, 2, 2, 4, 2, 2, 1, 1, 4, 1]}, null, null, 86, false, [], false, 0, [], null, 0, 1744313568.7490368, 0, {}]
[{"0": [1, 4, 2, 0, 4, 2, 4, 0, 1, 34, 37, 36, 3, 6, 3, 6]}, null, null, 87, false, [], false, 0, [], null, 0, 1744313568.9468558, 0, {}]
[{"0": [1, 1, 29, 23, 38, 40, 20, 44, 31, 27, 24, 31, 32, 28, 3, 2]}, null, null, 87, false, [], false, 0, [], null, 0, 1744313569.1424778, 0, {}]
[{"0": [3, 42, 29, 28, 3, 2, 1, 3, 0, 5, 1, 5, 2, 6, 2, 1]}, null, null, 88, false, [], false, 0, [], null, 0, 1744313569.3555508, 0, {}]
[{"0": [2, 32, 38, 35, 32, 41, 44, 2, 2, 0, 1, 1, 0, 1, 0, 1]}, null, null, 89, false, [], false, 0, [], null, 0, 1744313569.5303507, 0, {}]
[{"0": [3, 5, 3, 4, 3, 4, 2, 0, 5, 2, 2, 3, 2, 1, 3, 33]}, null, null, 89, false, [], false, 0, [], null, 0, 1744313569.7559743, 0, {}]
[{"0": [1, 45, 34, 35, 37, 42, 34, 29, 32, 34, 22, 2, 2, 3, 3, 1]}, null, null, 90, false, [], false, 0, [], null, 0, 1744313569.9305913, 0, {}]
[{"0": [5, 25, 29, 1, 2, 1, 3, 2, 3, 2, 4, 2, 1, 1, 1, 1]}, null, null, 90, false, [], false, 0, [], null, 0, 1744313570.127723, 0, {}]
[{"0": [3, 1, 36, 39, 36, 38, 27, 42, 27, 33, 33, 35, 28, 2, 2, 1]}, null, null, 91, false, [], false, 0, [], null, 0, 1744313570.3438141, 0, {}]
[{"0": [3, 45, 3, 1, 2, 1, 3, 1, 0, 2, 2, 1, 3, 0, 1, 0]}, null, null, 92, false, [], false, 0, [], null, 0, 1744313570.5463917, 0, {}]
[{"0": [1, 2, 1, 29, 36, 31, 32, 2, 3, 3, 1, 2, 3, 2, 2, 3]}, null, null, 92, false, [], false, 0, [], null, 0, 1744313570.7297223, 0, {}]
[{"0": [3, 32, 33, 32, 45, 25, 35, 36, 1, 1, 3, 2, 3, 0, 2, 2]}, null, null, 93, false, [], false, 0, [], null, 0, 1744313570.932667, 0, {}]
[{"0": [3, 0, 2, 4, 2, 2, 3, 0, 3, 2, 2, 1, 1, 2, 4, 45]}, null, null, 93, false, [], false, 0, [], null, 0, 1744313571.1383705, 0, {}]
[{"0": [2, 0, 3, 2, 1, 1, 32, 33, 38, 38, 34, 2, 2, 1, 3, 2]}, null, null, 94, false, [], false, 0, [], null, 0, 1744313571.3428156, 0, {}]
[{"0": [0, 2, 2, 1, 2, 5, 2, 0, 2, 0, 2, 2, 0, 6, 1, 4]}, null, null, 95, false, [], false, 0, [], null, 0, 1744313571.5431447, 0, {}]
[{"0": [33, 32, 2, 2, 1, 2, 2, 1, 4, 2, 1, 2, 5, 1, 2, 0]}, null, null, 95, false, [], false, 0, [], null, 0, 1744313571.743228, 0, {}]
[{"0": [0, 40, 36, 31, 35, 31, 7, 0, 2, 3, 1, 1, 0, 1, 3, 4]}, null, null, 96, false, [], false, 0, [], null, 0, 1744313571.9319332, 0, {}]
[{"0": [0, 2, 4, 0, 0, 2, 2, 2, 1, 2, 49, 6, 1, 0, 2, 2]}, null, null, 96, false, [], false, 0, [], null, 0, 1744313572.1358564, 0, {}]
[{"0": [2, 2, 4, 39, 3, 2, 1, 3, 1, 0, 0, 0, 4, 7, 3, 0]}, null, null, 97, false, [], false, 0, [], null, 0, 1744313572.3484473, 0, {}]
[{"0": [3, 35, 36, 30, 41, 35, 2, 5, 2, 2, 3, 3, 5, 4, 0, 2]}, null, null, 98, false, [], false, 0, [], null, 0, 1744313572.5455227, 0, {}]
[{"0": [2, 3, 0, 1, 1, 3, 5, 1, 4, 1, 3, 4, 3, 1, 2, 2]}, null, null, 98, false, [], false, 0, [], null, 0, 1744313572.729466, 0, {}]
[{"0": [2, 43, 36, 48, 43, 0, 2, 2, 2, 2, 5, 1, 0, 1, 0, 3]}, null, null, 99, false, [], false, 0, [], null, 0, 1744313572.9385622, 0, {}]
[{"0": [34, 38, 45, 34, 36, 33, 3, 3, 0, 3, 2, 5, 1, 1, 3, 3]}, null, null, 99, false, [], false, 0, [], null, 0, 1744313573.1351802, 0, {}]
[{"0": [2, 0, 2, 1, 2, 2, 4, 0, 0, 0, 4, 2, 1, 2, 2, 1]}, null, null, 100, false, [], false, 0, [], null, 0, 1744313573.332308, 0, {}]
[{"0": [2, 4, 0, 2, 0, 6, 0, 1, 1, 30, 33, 33, 39, 2, 4, 1]}, null, null, 101, false, [], false, 0, [], null, 0, 1744313573.5295863, 0, {}]
[{"0": [3, 4, 36, 1, 2, 5, 2, 3, 2, 0, 3, 0, 6, 5, 1, 0]}, null, null, 101, false, [], false, 0, [], null, 0, 1744313573.7432294, 0, {}]
[{"0": [2, 35, 29, 31, 30, 40, 2, 2, 1, 4, 1, 1, 3, 2, 2, 2]}, null, null, 102, false, [], false, 0, [], null, 0, 1744313573.9297535, 0, {}]
[{"0": [4, 42, 33, 28, 40, 44, 32, 29, 34, 36, 4, 0, 0, 0, 0, 1]}, null, null, 102, false, [], false, 0, [], null, 0, 1744313574.1446908, 0, {}]
[{"0": [3, 25, 28, 0, 1, 4, 1, 4, 3, 2, 2, 1, 1, 2, 1, 0]}, null, null, 103, false, [], false, 0, [], null, 0, 1744313574.3300743, 0, {}]
[{"0": [33, 34, 46, 28, 32, 38, 29, 31, 26, 39, 34, 34, 31, 43, 32, 39]}, null, null, 104, false, [], false, 0, [], null, 0, 1744313574.540375, 0, {}]
[{"0": [0, 1, 0, 2, 1, 0, 1, 1, 30, 41, 29, 32, 0, 0, 0, 2]}, null, null, 104, false, [], false, 0, [], null, 0, 1744313574.743805, 0, {}]
[{"0": [1, 33, 28, 28, 32, 24, 30, 24, 0, 2, 2, 2, 2, 1, 2, 2]}, null, null, 105, false, [], false, 0, [], null, 0, 1744313574.936793, 0, {}]
[{"0": [1, 4, 1, 4, 0, 3, 0, 1, 2, 35, 34, 27, 37, 25, 44, 43]}, null, null, 105, false, [], false, 0, [], null, 0, 1744313575.1448672, 0, {}]
[{"0": [2, 30, 26, 36, 35, 4, 1, 1, 2, 1, 3, 1, 6, 1, 1, 1]}, null, null, 106, false, [], false, 0, [], null, 0, 1744313575.332631, 0, {}]
[{"0": [4, 1, 0, 1, 4, 0, 0, 31, 40, 35, 2, 1, 3, 1, 1, 1]}, null, null, 107, false, [], false, 0, [], null, 0, 1744313575.5408132, 0, {}]
[{"0": [2, 4, 2, 3, 1, 3, 3, 4, 2, 2, 2, 1, 1, 1, 40, 33]}, null, null, 107, false, [], false, 0, [], null, 0, 1744313575.7346582, 0, {}]
[{"0": [0, 3, 39, 4, 2, 0, 2, 2, 2, 3, 2, 0, 4, 2, 2, 2]}, null, null, 108, false, [], false, 0, [], null, 0, 1744313575.9397342, 0, {}]
[{"0": [0, 2, 2, 2, 3, 1, 4, 4, 0, 2, 1, 1, 2, 3, 2, 24]}, null, null, 108, false, [], false, 0, [], null, 0, 1744313576.1349165, 0, {}]
[{"0": [0, 29, 0, 3, 4, 2, 4, 1, 1, 2, 2, 2, 3, 3, 1, 2]}, null, null, 109, false, [], false, 0, [], null, 0, 1744313576.336133, 0, {}]
[{"0": [0, 1, 2, 2, 33, 31, 5, 2, 1, 4, 1, 1, 3, 2, 4, 6]}, null, null, 110, false, [], false, 0, [], null, 0, 1744313576.532355, 0, {}]
[{"0": [42, 31, 3, 0, 3, 2, 2, 3, 2, 1, 1, 3, 0, 4, 1, 1]}, null, null, 110, false, [], false, 0, [], null, 0, 1744313576.7242987, 0, {}]
[{"0": [2, 1, 4, 3, 2, 3, 2, 2, 2, 0, 3, 3, 0, 32, 32, 23]}, null, null, 111, false, [], false, 0, [], null, 0, 1744313576.9290798, 0, {}]
[{"0": [31, 32, 3, 4, 0, 1, 1, 0, 0, 3, 1, 1, 0, 2, 1, 0]}, null, null, 111, false, [], false, 0, [], null, 0, 1744313577.1330724, 0, {}]
[{"0": [0, 4, 1, 0, 1, 1, 4, 32, 4, 1, 2, 4, 1, 3, 2, 3]}, null, null, 112, false, [], false, 0, [], null, 0, 1744313577.338794, 0, {}]
[{"0": [4, 37, 32, 39, 37, 36, 27, 34, 42, 32, 31, 31, 32, 41, 43, 2]}, null, null, 113, false, [], false, 0, [], null, 0, 1744313577.5423036, 0, {}]
[{"0": [3, 37, 29, 31, 34, 26, 2, 5, 1, 2, 1, 6, 1, 3, 4, 3]}, null, null, 113, false, [], false, 0, [], null, 0, 1744313577.732485, 0, {}]
[{"0": [3, 31, 28, 35, 50, 27, 27, 28, 28, 32, 36, 25, 27, 35, 2, 2]}, null, null, 114, false, [], false, 0, [], null, 0, 1744313577.925351, 0, {}]
[{"0": [3, 7, 1, 3, 1, 1, 2, 1, 39, 43, 28, 0, 3, 5, 1, 2]}, null, null, 114, false, [], false, 0, [], null, 0, 1744313578.1375062, 0, {}]
[{"0": [2, 26, 34, 29, 41, 40, 0, 3, 3, 0, 0, 0, 1, 3, 1, 2]}, null, null, 115, false, [], false, 0, [], null, 0, 1744313578.3378842, 0, {}]
[{"0": [3, 47, 31, 42, 46, 0, 3, 2, 3, 1, 1, 1, 3, 3, 0, 3]}, null, null, 116, false, [], false, 0, [], null, 0, 1744313578.5304832, 0, {}]
[{"0": [3, 1, 1, 1, 2, 37, 33, 40, 40, 34, 38, 35, 34, 38, 35, 5]}, null, null, 116, false, [], false, 0, [], null, 0, 1744313578.7282593, 0, {}]
[{"0": [3, 2, 2, 3, 3, 2, 1, 2, 1, 4, 1, 1, 2, 1, 1, 34]}, null, null, 117, false, [], false, 0, [], null, 0, 1744313578.9375362, 0, {}]
[{"0": [1, 43, 7, 1, 3, 2, 3, 2, 3, 2, 6, 1, 0, 2, 1, 3]}, null, null, 117, false, [], false, 0, [], null, 0, 1744313579.124837, 0, {}]
[{"0": [24, 45, 31, 0, 2, 2, 1, 1, 2, 2, 4, 4, 2, 5, 2, 1]}, null, null, 118, false, [], false, 0, [], null, 0, 1744313579.3338375, 0, {}]
[{"0": [2, 5, 3, 1, 1, 2, 1, 1, 5, 2, 4, 0, 3, 1, 36, 36]}, null, null, 119, false, [], false, 0, [], null, 0, 1744313579.5421197, 0, {}]
[{"0": [3, 41, 35, 28, 0, 2, 2, 2, 1, 1, 2, 2, 2, 0, 3, 2]}, null, null, 119, false, [], false, 0, [], null, 0, 1744313579.7341273, 0, {}]
[{"0": [2, 3, 1, 2, 5, 0, 2, 2, 2, 2, 2, 4, 2, 2, 3, 3]}, null, null, 120, false, [], false, 0, [], null, 0, 1744313579.9424386, 0, {}]
[{"0": [1, 2, 2, 2, 1, 2, 1, 36, 37, 32, 1, 3, 3, 0, 4, 2]}, null, null, 120, false, [], false, 0, [], null, 0, 1744313580.1404378, 0, {}]
[{"0": [3, 3, 33, 39, 33, 2, 2, 0, 2, 2, 1, 1, 2, 2, 2, 0]}, null, null, 121, false, [], false, 0, [], null, 0, 1744313580.3385344, 0, {}]
[{"0": [0, 2, 39, 2, 3, 3, 2, 2, 2, 4, 4, 2, 2, 1, 6, 2]}, null, null, 122, false, [], false, 0, [], null, 0, 1744313580.5386965, 0, {}]
[{"0": [1, 33, 28, 2, 1, 2, 3, 4, 2, 2, 2, 1, 1, 0, 3, 0]}, null, null, 122, false, [], false, 0, [], null, 0, 1744313580.7383983, 0, {}]
[{"0": [5, 27, 28, 0, 1, 2, 1, 4, 2, 0, 1, 0, 3, 0, 3, 1]}, null, null, 123, false, [], false, 0, [], null, 0, 1744313580.9379797, 0, {}]
[{"0": [3, 46, 28, 29, 39, 40, 32, 26, 1, 0, 1, 2, 1, 3, 2, 2]}, null, null, 123, false, [], false, 0, [], null, 0, 1744313581.13536, 0, {}]
[{"0": [1, 4, 0, 2, 0, 5, 3, 34, 30, 28, 42, 45, 35, 34, 40, 39]}, null, null, 124, false, [], false, 0, [], null, 0, 1744313581.3282194, 0, {}]
[{"0": [1, 46, 36, 3, 5, 1, 1, 0, 1, 2, 0, 4, 1, 3, 1, 1]}, null, null, 125, false, [], false, 0, [], null, 0, 1744313581.5248966, 0, {}]
[{"0": [37, 33, 2, 4, 3, 2, 1, 6, 0, 1, 0, 3, 5, 2, 0, 1]}, null, null, 125, false, [], false, 0, [], null, 0, 1744313581.7436442, 0, {}]
[{"0": [3, 33, 35, 38, 20, 30, 36, 34, 26, 39, 3, 2, 0, 2, 1, 2]}, null, null, 126, false, [], false, 0, [], null, 0, 1744313581.9237545, 0, {}]
[{"0": [4, 2, 0, 4, 5, 2, 2, 0, 3, 2, 4, 2, 1, 4, 2, 1]}, null, null, 127, false, [], false, 0, [], null, 0, 1744313582.1327465, 0, {}]
[{"0": [1, 27, 39, 39, 49, 30, 41, 37, 37, 29, 43, 0, 1, 2, 1, 1]}, null, null, 127, false, [], false, 0, [], null, 0, 1744313582.341852, 0, {}]
[{"0": [2, 4, 0, 2, 4, 2, 3, 37, 29, 1, 0, 2, 3, 2, 3, 3]}, null, null, 128, false, [], false, 0, [], null, 0, 1744313582.5361106, 0, {}]
[{"0": [2, 32, 29, 47, 2, 1, 0, 1, 0, 1, 3, 0, 3, 2, 3, 2]}, null, null, 128, false, [], false, 0, [], null, 0, 1744313582.7290692, 0, {}]
[{"0": [6, 0, 0, 2, 3, 1, 2, 3, 3, 1, 2, 4, 2, 5, 6, 32]}, null, null, 129, false, [], false, 0, [], null, 0, 1744313582.9241807, 0, {}]
[{"0": [2, 31, 3, 0, 2, 3, 3, 2, 5, 1, 1, 0, 0, 0, 1, 2]}, null, null, 130, false, [], false, 0, [], null, 0, 1744313583.1375124, 0, {}]
[{"0": [0, 1, 0, 2, 1, 2, 3, 2, 4, 27, 39, 34, 26, 1, 1, 0]}, null, null, 130, false, [], false, 0, [], null, 0, 1744313583.3400104, 0, {}]
[{"0": [0, 4, 3, 3, 1, 2, 3, 1, 2, 2, 0, 2, 0, 2, 0, 2]}, null, null, 131, false, [], false, 0, [], null, 0, 1744313583.5298793, 0, {}]
[{"0": [4, 3, 0, 1, 0, 0, 1, 1, 1, 2, 1, 5, 3, 0, 1, 33]}, null, null, 131, false, [], false, 0, [], null, 0, 1744313583.7363367, 0, {}]
[{"0": [1, 1, 2, 0, 1, 4, 1, 1, 0, 2, 1, 2, 3, 3, 1, 3]}, null, null, 132, false, [], false, 0, [], null, 0, 1744313583.9352658, 0, {}]
[{"0": [0, 39, 45, 39, 33, 42, 36, 1, 2, 4, 0, 4, 2, 4, 1, 5]}, null, null, 133, false, [], false, 0, [], null, 0, 1744313584.1223562, 0, {}]
[{"0": [2, 3, 0, 2, 1, 4, 4, 1, 2, 1, 3, 32, 0, 0, 4, 4]}, null, null, 133, false, [], false, 0, [], null, 0, 1744313584.328565, 0, {}]
[{"0": [34, 38, 35, 37, 37, 39, 36, 5, 0, 0, 2, 1, 0, 1, 1, 0]}, null, null, 134, false, [], false, 0, [], null, 0, 1744313584.5242968, 0, {}]
[{"0": [4, 36, 31, 47, 38, 33, 34, 29, 28, 40, 34, 35, 38, 33, 31, 32]}, null, null, 134, false, [], false, 0, [], null, 0, 1744313584.7316887, 0, {}]
[{"0": [2, 2, 4, 2, 1, 3, 2, 1, 2, 35, 42, 46, 41, 25, 31, 26]}, null, null, 135, false, [], false, 0, [], null, 0, 1744313584.9447992, 0, {}]
[{"0": [1, 3, 1, 0, 2, 0, 0, 30, 2, 1, 3, 4, 1, 2, 3, 1]}, null, null, 136, false, [], false, 0, [], null, 0, 1744313585.1313093, 0, {}]
[{"0": [0, 34, 25, 49, 32, 43, 33, 39, 1, 3, 5, 3, 1, 3, 2, 1]}, null, null, 136, false, [], false, 0, [], null, 0, 1744313585.3381684, 0, {}]
[{"0": [1, 4, 0, 2, 0, 2, 4, 1, 0, 31, 1, 1, 2, 0, 1, 1]}, null, null, 137, false, [], false, 0, [], null, 0, 1744313585.533083, 0, {}]
[{"0": [2, 1, 4, 26, 29, 38, 38, 33, 23, 26, 35, 36, 33, 34, 33, 41]}, null, null, 137, false, [], false, 0, [], null, 0, 1744313585.723631, 0, {}]
[{"0": [4, 28, 27, 25, 40, 3, 3, 2, 4, 4, 0, 1, 2, 3, 1, 1]}, null, null, 138, false, [], false, 0, [], null, 0, 1744313585.9401052, 0, {}]
[{"0": [4, 1, 2, 1, 2, 1, 0, 0, 24, 35, 47, 33, 42, 34, 33, 33]}, null, null, 139, false, [], false, 0, [], null, 0, 1744313586.1269197, 0, {}]
[{"0": [2, 37, 37, 19, 39, 30, 30, 38, 33, 29, 44, 35, 1, 1, 1, 1]}, null, null, 139, false, [], false, 0, [], null, 0, 1744313586.3450687, 0, {}]
[{"0": [0, 37, 28, 43, 32, 43, 38, 3, 0, 3, 1, 1, 7, 4, 2, 1]}, null, null, 140, false, [], false, 0, [], null, 0, 1744313586.5378597, 0, {}]
[{"0": [0, 24, 43, 27, 24, 3, 0, 2, 3, 0, 1, 2, 2, 1, 4, 1]}, null, null, 140, false, [], false, 0, [], null, 0, 1744313586.7275739, 0, {}]
[{"0": [2, 1, 4, 3, 1, 2, 2, 4, 2, 26, 33, 32, 28, 39, 30, 0]}, null, null, 141, false, [], false, 0, [], null, 0, 1744313586.9426599, 0, {}]
[{"0": [2, 3, 1, 0, 1, 1, 2, 31, 33, 0, 3, 1, 1, 1, 0, 0]}, null, null, 142, false, [], false, 0, [], null, 0, 1744313587.1399932, 0, {}]
[{"0": [1, 4, 1, 2, 2, 2, 2, 0, 0, 0, 2, 0, 3, 5, 2, 36]}, null, null, 142, false, [], false, 0, [], null, 0, 1744313587.3301709, 0, {}]
[{"0": [1, 35, 29, 35, 33, 31, 27, 30, 3, 3, 1, 1, 0, 1, 1, 2]}, null, null, 143, false, [], false, 0, [], null, 0, 1744313587.5349636, 0, {}]
[{"0": [3, 37, 32, 31, 38, 28, 25, 36, 41, 1, 1, 1, 1, 1, 1, 4]}, null, null, 143, false, [], false, 0, [], null, 0, 1744313587.7397342, 0, {}]
[{"0": [2, 31, 0, 4, 1, 4, 0, 2, 4, 3, 2, 2, 3, 1, 3, 2]}, null, null, 144, false, [], false, 0, [], null, 0, 1744313587.9361167, 0, {}]
[{"0": [3, 35, 32, 37, 2, 4, 1, 2, 0, 2, 1, 2, 2, 0, 4, 1]}, null, null, 145, false, [], false, 0, [], null, 0, 1744313588.131565, 0, {}]
[{"0": [1, 35, 23, 1, 2, 3, 5, 1, 1, 6, 1, 1, 2, 2, 1, 2]}, null, null, 145, false, [], false, 0, [], null, 0, 1744313588.3442583, 0, {}]
[{"0": [1, 34, 38, 41, 36, 41, 38, 36, 31, 35, 2, 1, 1, 0, 3, 3]}, null, null, 146, false, [], false, 0, [], null, 0, 1744313588.5453146, 0, {}]
[{"0": [2, 2, 0, 1, 1, 4, 0, 32, 30, 1, 1, 1, 1, 2, 2, 2]}, null, null, 146, false, [], false, 0, [], null, 0, 1744313588.7256105, 0, {}]
[{"0": [2, 3, 4, 29, 37, 3, 1, 2, 0, 1, 3, 3, 3, 2, 2, 3]}, null, null, 147, false, [], false, 0, [], null, 0, 1744313588.9342995, 0, {}]
[{"0": [2, 26, 44, 24, 36, 1, 2, 1, 6, 2, 4, 0, 1, 0, 2, 2]}, null, null, 148, false, [], false, 0, [], null, 0, 1744313589.1225471, 0, {}]
[{"0": [1, 0, 2, 1, 1, 1, 2, 1, 1, 0, 4, 2, 0, 3, 2, 3]}, null, null, 148, false, [], false, 0, [], null, 0, 1744313589.3390286, 0, {}]
[{"0": [2, 29, 3, 2, 1, 2, 1, 3, 1, 1, 2, 4, 1, 2, 1, 0]}, null, null, 149, false, [], false, 0, [], null, 0, 1744313589.5316465, 0, {}]
[{"0": [0, 33, 1, 0, 1, 1, 2, 1, 1, 2, 4, 4, 2, 1, 3, 3]}, null, null, 149, false, [], false, 0, [], null, 0, 1744313589.7428515, 0, {}]
[{"0": [1, 3, 2, 7, 2, 2, 4, 2, 3, 0, 29, 34, 43, 29, 36, 2]}, null, null, 150, true, [], false, 0, [], null, 0, 1744313589.9272535, 0, {}]
