[{"0": [0, 0, 2, 1, 0, 1, 0, 2, 1, 3, 3, 1, 0, 1, 3, 2]}, null, null, 0, false, [], false, 0, [], null, 0, 1744316143.6859035, 0, {}]
[{"0": [31, 24, 40, 32, 32, 33, 41, 47, 2, 1, 1, 2, 3, 2, 2, 1]}, null, null, 1, false, [], false, 0, [], null, 0, 1744316143.9143467, 0, {}]
[{"0": [2, 2, 0, 4, 5, 0, 1, 2, 0, 2, 36, 0, 1, 2, 3, 2]}, null, null, 1, false, [], false, 0, [], null, 0, 1744316144.1209414, 0, {}]
[{"0": [32, 4, 1, 2, 1, 2, 3, 2, 4, 1, 0, 31, 34, 30, 3, 2]}, null, null, 2, false, [], false, 0, [], null, 0, 1744316144.302173, 0, {}]
[{"0": [1, 3, 1, 1, 3, 2, 1, 2, 5, 0, 2, 2, 46, 1, 1, 0]}, null, null, 2, false, [], false, 0, [], null, 0, 1744316144.5179026, 0, {}]
[{"0": [1, 2, 2, 1, 1, 2, 4, 28, 31, 2, 0, 2, 1, 0, 3, 1]}, null, null, 3, false, [], false, 0, [], null, 0, 1744316144.702666, 0, {}]
[{"0": [1, 1, 5, 1, 1, 3, 1, 3, 29, 34, 36, 42, 0, 2, 2, 2]}, null, null, 4, false, [], false, 0, [], null, 0, 1744316144.9079335, 0, {}]
[{"0": [24, 43, 37, 26, 33, 2, 0, 4, 3, 0, 3, 5, 1, 3, 3, 3]}, null, null, 4, false, [], false, 0, [], null, 0, 1744316145.1034007, 0, {}]
[{"0": [0, 4, 2, 1, 1, 1, 0, 2, 3, 2, 6, 0, 2, 0, 2, 3]}, null, null, 5, false, [], false, 0, [], null, 0, 1744316145.3199704, 0, {}]
[{"0": [0, 1, 0, 2, 1, 2, 2, 5, 0, 38, 37, 44, 29, 44, 40, 42]}, null, null, 5, false, [], false, 0, [], null, 0, 1744316145.4988325, 0, {}]
[{"0": [39, 31, 38, 2, 4, 3, 1, 0, 3, 3, 3, 2, 3, 4, 1, 0]}, null, null, 6, false, [], false, 0, [], null, 0, 1744316145.7219262, 0, {}]
[{"0": [2, 4, 0, 1, 2, 2, 1, 4, 0, 5, 2, 34, 37, 2, 3, 3]}, null, null, 7, false, [], false, 0, [], null, 0, 1744316145.8974335, 0, {}]
[{"0": [5, 2, 3, 0, 2, 2, 3, 3, 4, 0, 3, 34, 38, 34, 21, 40]}, null, null, 7, false, [], false, 0, [], null, 0, 1744316146.1177533, 0, {}]
[{"0": [0, 2, 2, 3, 2, 2, 0, 3, 1, 4, 4, 3, 1, 2, 1, 1]}, null, null, 8, false, [], false, 0, [], null, 0, 1744316146.3007505, 0, {}]
[{"0": [8, 0, 4, 1, 30, 46, 37, 28, 29, 29, 40, 2, 4, 1, 2, 1]}, null, null, 8, false, [], false, 0, [], null, 0, 1744316146.5095124, 0, {}]
[{"0": [1, 5, 5, 2, 4, 1, 2, 1, 5, 2, 2, 1, 1, 2, 6, 6]}, null, null, 9, false, [], false, 0, [], null, 0, 1744316146.7057507, 0, {}]
[{"0": [0, 1, 1, 3, 2, 1, 2, 39, 30, 28, 34, 27, 34, 35, 32, 29]}, null, null, 10, false, [], false, 0, [], null, 0, 1744316146.9035056, 0, {}]
[{"0": [1, 1, 1, 1, 1, 30, 32, 29, 32, 30, 2, 0, 4, 0, 1, 2]}, null, null, 10, false, [], false, 0, [], null, 0, 1744316147.1205008, 0, {}]
[{"0": [1, 1, 2, 2, 45, 38, 37, 31, 2, 1, 1, 2, 1, 1, 0, 3]}, null, null, 11, false, [], false, 0, [], null, 0, 1744316147.320658, 0, {}]
[{"0": [2, 2, 4, 2, 0, 2, 27, 0, 1, 3, 1, 2, 2, 2, 3, 2]}, null, null, 11, false, [], false, 0, [], null, 0, 1744316147.5006933, 0, {}]
[{"0": [0, 3, 0, 3, 1, 4, 0, 1, 0, 3, 2, 34, 2, 2, 5, 2]}, null, null, 12, false, [], false, 0, [], null, 0, 1744316147.7135437, 0, {}]
[{"0": [0, 4, 0, 35, 36, 32, 49, 1, 2, 4, 1, 1, 3, 2, 2, 3]}, null, null, 13, false, [], false, 0, [], null, 0, 1744316147.9301453, 0, {}]
[{"0": [2, 1, 1, 1, 1, 2, 0, 1, 32, 2, 1, 1, 4, 1, 3, 1]}, null, null, 13, false, [], false, 0, [], null, 0, 1744316148.1104434, 0, {}]
[{"0": [3, 2, 0, 2, 1, 2, 2, 32, 39, 41, 31, 32, 39, 51, 43, 39]}, null, null, 14, false, [], false, 0, [], null, 0, 1744316148.3157434, 0, {}]
[{"0": [41, 35, 33, 25, 39, 36, 31, 0, 6, 3, 0, 3, 3, 2, 3, 2]}, null, null, 14, false, [], false, 0, [], null, 0, 1744316148.521144, 0, {}]
[{"0": [2, 1, 2, 2, 2, 2, 30, 37, 6, 1, 1, 2, 1, 3, 2, 0]}, null, null, 15, false, [], false, 0, [], null, 0, 1744316148.7005768, 0, {}]
[{"0": [1, 0, 0, 1, 3, 1, 2, 1, 4, 3, 0, 0, 3, 3, 3, 2]}, null, null, 16, false, [], false, 0, [], null, 0, 1744316148.9094136, 0, {}]
[{"0": [1, 2, 0, 1, 1, 4, 3, 0, 0, 4, 32, 28, 33, 36, 35, 41]}, null, null, 16, false, [], false, 0, [], null, 0, 1744316149.1075096, 0, {}]
[{"0": [33, 37, 48, 41, 38, 24, 3, 4, 2, 0, 3, 3, 5, 1, 4, 0]}, null, null, 17, false, [], false, 0, [], null, 0, 1744316149.3246856, 0, {}]
[{"0": [2, 2, 2, 3, 1, 2, 0, 3, 4, 4, 2, 3, 3, 0, 1, 0]}, null, null, 17, false, [], false, 0, [], null, 0, 1744316149.5048554, 0, {}]
[{"0": [3, 4, 2, 4, 3, 2, 0, 1, 0, 25, 40, 38, 34, 0, 0, 1]}, null, null, 18, false, [], false, 0, [], null, 0, 1744316149.7046163, 0, {}]
[{"0": [4, 0, 1, 4, 35, 27, 28, 34, 2, 2, 4, 3, 6, 3, 2, 2]}, null, null, 19, false, [], false, 0, [], null, 0, 1744316149.9117043, 0, {}]
[{"0": [5, 2, 2, 1, 4, 1, 2, 1, 0, 1, 2, 31, 3, 3, 3, 1]}, null, null, 19, false, [], false, 0, [], null, 0, 1744316150.1060002, 0, {}]
[{"0": [2, 6, 2, 3, 5, 1, 28, 41, 42, 34, 2, 1, 1, 6, 1, 1]}, null, null, 20, false, [], false, 0, [], null, 0, 1744316150.3007007, 0, {}]
[{"0": [1, 1, 4, 2, 1, 4, 34, 30, 30, 1, 1, 3, 1, 2, 1, 0]}, null, null, 20, false, [], false, 0, [], null, 0, 1744316150.5026133, 0, {}]
[{"0": [4, 0, 4, 0, 2, 1, 1, 39, 40, 36, 1, 7, 1, 4, 2, 1]}, null, null, 21, false, [], false, 0, [], null, 0, 1744316150.704821, 0, {}]
[{"0": [34, 1, 3, 1, 2, 1, 3, 2, 3, 2, 1, 0, 2, 4, 1, 1]}, null, null, 22, false, [], false, 0, [], null, 0, 1744316150.9084961, 0, {}]
[{"0": [2, 0, 3, 2, 1, 2, 2, 3, 26, 39, 31, 41, 26, 25, 36, 38]}, null, null, 22, false, [], false, 0, [], null, 0, 1744316151.1037195, 0, {}]
[{"0": [34, 36, 40, 46, 27, 30, 2, 1, 2, 1, 2, 2, 3, 1, 1, 0]}, null, null, 23, false, [], false, 0, [], null, 0, 1744316151.3086321, 0, {}]
[{"0": [2, 1, 3, 1, 3, 0, 4, 4, 0, 39, 48, 1, 1, 1, 0, 5]}, null, null, 23, false, [], false, 0, [], null, 0, 1744316151.508867, 0, {}]
[{"0": [0, 3, 0, 0, 47, 26, 26, 31, 33, 30, 31, 29, 0, 2, 3, 1]}, null, null, 24, false, [], false, 0, [], null, 0, 1744316151.717338, 0, {}]
[{"0": [2, 0, 3, 2, 1, 42, 35, 43, 1, 1, 2, 1, 3, 0, 1, 0]}, null, null, 25, false, [], false, 0, [], null, 0, 1744316151.9048302, 0, {}]
[{"0": [2, 36, 28, 29, 33, 37, 42, 21, 46, 2, 1, 0, 2, 0, 1, 0]}, null, null, 25, false, [], false, 0, [], null, 0, 1744316152.119884, 0, {}]
[{"0": [36, 29, 26, 30, 32, 38, 42, 37, 36, 37, 36, 3, 0, 1, 4, 4]}, null, null, 26, false, [], false, 0, [], null, 0, 1744316152.3119698, 0, {}]
[{"0": [3, 0, 1, 2, 2, 1, 0, 5, 0, 0, 2, 1, 0, 3, 2, 36]}, null, null, 27, false, [], false, 0, [], null, 0, 1744316152.5189042, 0, {}]
[{"0": [3, 1, 2, 2, 0, 2, 27, 42, 4, 0, 2, 1, 3, 0, 1, 2]}, null, null, 27, false, [], false, 0, [], null, 0, 1744316152.709244, 0, {}]
[{"0": [2, 1, 3, 3, 1, 0, 1, 39, 32, 45, 31, 1, 1, 2, 2, 2]}, null, null, 28, false, [], false, 0, [], null, 0, 1744316152.9242067, 0, {}]
[{"0": [33, 34, 0, 3, 1, 2, 5, 2, 2, 1, 2, 1, 0, 2, 2, 1]}, null, null, 28, false, [], false, 0, [], null, 0, 1744316153.1157968, 0, {}]
[{"0": [1, 0, 2, 2, 1, 2, 1, 3, 1, 2, 1, 1, 0, 3, 1, 1]}, null, null, 29, false, [], false, 0, [], null, 0, 1744316153.3123894, 0, {}]
[{"0": [1, 1, 5, 4, 4, 0, 29, 31, 2, 6, 4, 2, 2, 2, 5, 3]}, null, null, 30, false, [], false, 0, [], null, 0, 1744316153.5125365, 0, {}]
[{"0": [2, 2, 2, 3, 1, 0, 4, 1, 2, 1, 1, 2, 1, 0, 1, 2]}, null, null, 30, false, [], false, 0, [], null, 0, 1744316153.7055583, 0, {}]
[{"0": [3, 5, 3, 3, 0, 8, 2, 1, 38, 2, 2, 1, 5, 1, 5, 3]}, null, null, 31, false, [], false, 0, [], null, 0, 1744316153.9139752, 0, {}]
[{"0": [2, 3, 4, 3, 0, 2, 2, 37, 1, 0, 4, 1, 0, 1, 3, 3]}, null, null, 31, false, [], false, 0, [], null, 0, 1744316154.105252, 0, {}]
[{"0": [2, 2, 36, 40, 24, 1, 0, 3, 3, 3, 0, 1, 1, 1, 4, 0]}, null, null, 32, false, [], false, 0, [], null, 0, 1744316154.3209107, 0, {}]
[{"0": [35, 31, 39, 40, 34, 43, 32, 42, 37, 42, 41, 24, 37, 4, 2, 2]}, null, null, 33, false, [], false, 0, [], null, 0, 1744316154.508699, 0, {}]
[{"0": [3, 1, 2, 2, 34, 2, 2, 2, 0, 0, 2, 3, 4, 3, 1, 1]}, null, null, 33, false, [], false, 0, [], null, 0, 1744316154.709346, 0, {}]
[{"0": [1, 3, 4, 0, 1, 3, 0, 1, 2, 3, 26, 37, 35, 30, 37, 4]}, null, null, 34, false, [], false, 0, [], null, 0, 1744316154.9207153, 0, {}]
[{"0": [1, 4, 2, 1, 1, 2, 2, 0, 2, 1, 2, 1, 4, 3, 2, 2]}, null, null, 34, false, [], false, 0, [], null, 0, 1744316155.1207862, 0, {}]
[{"0": [2, 2, 1, 1, 1, 2, 3, 1, 2, 2, 3, 28, 28, 30, 30, 26]}, null, null, 35, false, [], false, 0, [], null, 0, 1744316155.3104846, 0, {}]
[{"0": [4, 0, 1, 6, 0, 27, 3, 3, 2, 2, 1, 1, 3, 3, 3, 0]}, null, null, 36, false, [], false, 0, [], null, 0, 1744316155.5136075, 0, {}]
[{"0": [2, 2, 3, 1, 2, 2, 1, 3, 2, 1, 1, 3, 0, 3, 1, 1]}, null, null, 36, false, [], false, 0, [], null, 0, 1744316155.7069044, 0, {}]
[{"0": [2, 4, 0, 0, 1, 4, 0, 2, 3, 1, 28, 36, 33, 30, 3, 0]}, null, null, 37, false, [], false, 0, [], null, 0, 1744316155.9172072, 0, {}]
[{"0": [2, 31, 32, 29, 35, 4, 5, 4, 0, 2, 0, 3, 4, 2, 3, 1]}, null, null, 37, false, [], false, 0, [], null, 0, 1744316156.121665, 0, {}]
[{"0": [1, 2, 1, 36, 29, 28, 29, 28, 2, 2, 1, 3, 1, 2, 1, 1]}, null, null, 38, false, [], false, 0, [], null, 0, 1744316156.3208468, 0, {}]
[{"0": [2, 2, 4, 7, 0, 3, 0, 2, 37, 30, 26, 30, 25, 29, 40, 2]}, null, null, 39, false, [], false, 0, [], null, 0, 1744316156.52255, 0, {}]
[{"0": [2, 5, 1, 0, 5, 1, 25, 1, 3, 1, 3, 1, 1, 4, 4, 3]}, null, null, 39, false, [], false, 0, [], null, 0, 1744316156.7059836, 0, {}]
[{"0": [3, 1, 2, 1, 1, 4, 1, 2, 2, 2, 1, 3, 2, 0, 5, 1]}, null, null, 40, false, [], false, 0, [], null, 0, 1744316156.9146848, 0, {}]
[{"0": [1, 0, 6, 4, 1, 1, 2, 0, 3, 1, 34, 39, 31, 36, 27, 29]}, null, null, 40, false, [], false, 0, [], null, 0, 1744316157.1196394, 0, {}]
[{"0": [1, 2, 2, 3, 3, 3, 2, 1, 6, 1, 45, 28, 23, 29, 29, 29]}, null, null, 41, false, [], false, 0, [], null, 0, 1744316157.3030198, 0, {}]
[{"0": [26, 25, 33, 31, 19, 3, 4, 0, 1, 1, 2, 0, 1, 1, 3, 2]}, null, null, 42, false, [], false, 0, [], null, 0, 1744316157.5204213, 0, {}]
[{"0": [2, 1, 1, 0, 3, 4, 1, 40, 32, 3, 3, 4, 2, 1, 2, 2]}, null, null, 42, false, [], false, 0, [], null, 0, 1744316157.7039273, 0, {}]
[{"0": [2, 5, 1, 1, 1, 1, 37, 32, 24, 45, 37, 35, 34, 30, 37, 29]}, null, null, 43, false, [], false, 0, [], null, 0, 1744316157.9077816, 0, {}]
[{"0": [4, 0, 1, 2, 2, 0, 6, 1, 1, 39, 29, 0, 1, 3, 4, 2]}, null, null, 43, false, [], false, 0, [], null, 0, 1744316158.1112216, 0, {}]
[{"0": [41, 2, 1, 0, 0, 3, 1, 0, 1, 1, 4, 3, 4, 4, 1, 1]}, null, null, 44, false, [], false, 0, [], null, 0, 1744316158.3103669, 0, {}]
[{"0": [1, 2, 0, 3, 3, 2, 3, 4, 0, 30, 33, 42, 28, 2, 4, 2]}, null, null, 45, false, [], false, 0, [], null, 0, 1744316158.5132506, 0, {}]
[{"0": [3, 0, 1, 1, 3, 1, 2, 1, 2, 2, 2, 3, 0, 2, 3, 3]}, null, null, 45, false, [], false, 0, [], null, 0, 1744316158.7116508, 0, {}]
[{"0": [5, 4, 0, 5, 4, 1, 45, 1, 2, 3, 1, 3, 0, 1, 1, 2]}, null, null, 46, false, [], false, 0, [], null, 0, 1744316158.9053428, 0, {}]
[{"0": [3, 3, 0, 6, 1, 1, 2, 2, 1, 3, 3, 21, 28, 38, 29, 33]}, null, null, 46, false, [], false, 0, [], null, 0, 1744316159.1066217, 0, {}]
[{"0": [41, 2, 2, 2, 1, 1, 2, 1, 1, 2, 2, 1, 1, 2, 1, 1]}, null, null, 47, false, [], false, 0, [], null, 0, 1744316159.3015268, 0, {}]
[{"0": [40, 31, 27, 35, 31, 39, 30, 34, 31, 1, 2, 3, 1, 2, 3, 0]}, null, null, 48, false, [], false, 0, [], null, 0, 1744316159.523996, 0, {}]
[{"0": [3, 1, 3, 0, 3, 0, 1, 1, 3, 1, 38, 2, 0, 1, 3, 1]}, null, null, 48, false, [], false, 0, [], null, 0, 1744316159.726536, 0, {}]
[{"0": [35, 33, 3, 3, 3, 2, 4, 3, 4, 3, 1, 1, 2, 1, 3, 2]}, null, null, 49, false, [], false, 0, [], null, 0, 1744316159.9223924, 0, {}]
[{"0": [1, 6, 5, 1, 3, 1, 3, 1, 0, 7, 3, 32, 30, 0, 1, 2]}, null, null, 49, false, [], false, 0, [], null, 0, 1744316160.1091568, 0, {}]
[{"0": [1, 1, 3, 1, 4, 1, 0, 0, 4, 3, 33, 28, 46, 28, 31, 31]}, null, null, 50, false, [], false, 0, [], null, 0, 1744316160.3135762, 0, {}]
[{"0": [2, 2, 2, 5, 3, 0, 1, 4, 3, 0, 0, 3, 32, 31, 34, 0]}, null, null, 51, false, [], false, 0, [], null, 0, 1744316160.515365, 0, {}]
[{"0": [1, 2, 2, 3, 4, 3, 4, 0, 1, 1, 3, 0, 0, 40, 33, 31]}, null, null, 51, false, [], false, 0, [], null, 0, 1744316160.7228596, 0, {}]
[{"0": [2, 2, 2, 1, 1, 4, 28, 28, 28, 25, 41, 29, 40, 28, 1, 4]}, null, null, 52, false, [], false, 0, [], null, 0, 1744316160.9057586, 0, {}]
[{"0": [3, 3, 2, 2, 3, 0, 1, 1, 40, 1, 1, 3, 0, 1, 1, 3]}, null, null, 52, false, [], false, 0, [], null, 0, 1744316161.1233711, 0, {}]
[{"0": [0, 32, 28, 28, 51, 34, 41, 36, 3, 3, 0, 1, 3, 0, 2, 1]}, null, null, 53, false, [], false, 0, [], null, 0, 1744316161.3055782, 0, {}]
[{"0": [1, 4, 0, 2, 3, 2, 35, 37, 27, 35, 34, 42, 34, 2, 1, 2]}, null, null, 54, false, [], false, 0, [], null, 0, 1744316161.5266364, 0, {}]
[{"0": [38, 29, 36, 22, 34, 25, 31, 39, 25, 32, 29, 31, 32, 25, 46, 30]}, null, null, 54, false, [], false, 0, [], null, 0, 1744316161.7099824, 0, {}]
[{"0": [24, 47, 37, 33, 30, 36, 40, 41, 4, 1, 3, 1, 1, 1, 3, 0]}, null, null, 55, false, [], false, 0, [], null, 0, 1744316161.9130976, 0, {}]
[{"0": [36, 32, 35, 22, 35, 2, 2, 1, 2, 3, 0, 4, 2, 3, 3, 5]}, null, null, 55, false, [], false, 0, [], null, 0, 1744316162.1061132, 0, {}]
[{"0": [2, 5, 2, 3, 2, 3, 1, 0, 1, 2, 3, 33, 24, 40, 34, 45]}, null, null, 56, false, [], false, 0, [], null, 0, 1744316162.3082416, 0, {}]
[{"0": [2, 2, 3, 4, 2, 0, 2, 2, 3, 2, 43, 37, 36, 28, 3, 3]}, null, null, 57, false, [], false, 0, [], null, 0, 1744316162.5082757, 0, {}]
[{"0": [3, 1, 1, 2, 0, 1, 32, 25, 37, 34, 38, 37, 32, 33, 35, 32]}, null, null, 57, false, [], false, 0, [], null, 0, 1744316162.7084444, 0, {}]
[{"0": [31, 26, 5, 4, 3, 3, 1, 0, 2, 1, 2, 3, 4, 0, 2, 5]}, null, null, 58, false, [], false, 0, [], null, 0, 1744316162.9118407, 0, {}]
[{"0": [20, 35, 2, 2, 0, 1, 1, 1, 0, 3, 1, 3, 3, 0, 2, 0]}, null, null, 58, false, [], false, 0, [], null, 0, 1744316163.110734, 0, {}]
[{"0": [3, 0, 2, 4, 1, 4, 1, 4, 1, 4, 3, 1, 2, 4, 1, 0]}, null, null, 59, false, [], false, 0, [], null, 0, 1744316163.3126464, 0, {}]
[{"0": [1, 2, 1, 0, 4, 1, 33, 39, 41, 19, 40, 1, 2, 3, 4, 2]}, null, null, 60, false, [], false, 0, [], null, 0, 1744316163.5136466, 0, {}]
[{"0": [1, 1, 1, 6, 1, 3, 3, 2, 30, 44, 43, 29, 28, 31, 4, 2]}, null, null, 60, false, [], false, 0, [], null, 0, 1744316163.719241, 0, {}]
[{"0": [1, 3, 32, 37, 33, 37, 34, 30, 40, 25, 32, 36, 5, 5, 1, 3]}, null, null, 61, false, [], false, 0, [], null, 0, 1744316163.915966, 0, {}]
[{"0": [2, 1, 0, 0, 40, 33, 32, 1, 2, 4, 5, 1, 0, 0, 0, 1]}, null, null, 61, false, [], false, 0, [], null, 0, 1744316164.1104622, 0, {}]
[{"0": [2, 3, 2, 0, 1, 1, 29, 24, 35, 27, 32, 29, 38, 34, 31, 34]}, null, null, 62, false, [], false, 0, [], null, 0, 1744316164.313729, 0, {}]
[{"0": [2, 3, 1, 0, 1, 1, 4, 3, 1, 22, 42, 39, 37, 33, 28, 1]}, null, null, 63, false, [], false, 0, [], null, 0, 1744316164.5221984, 0, {}]
[{"0": [1, 5, 27, 51, 26, 2, 2, 0, 2, 0, 3, 2, 4, 0, 2, 2]}, null, null, 63, false, [], false, 0, [], null, 0, 1744316164.711414, 0, {}]
[{"0": [0, 1, 1, 1, 2, 3, 4, 3, 0, 2, 2, 0, 24, 30, 39, 1]}, null, null, 64, false, [], false, 0, [], null, 0, 1744316164.916746, 0, {}]
[{"0": [1, 4, 37, 28, 36, 33, 42, 31, 25, 43, 37, 1, 0, 2, 3, 0]}, null, null, 64, false, [], false, 0, [], null, 0, 1744316165.1143043, 0, {}]
[{"0": [7, 5, 29, 32, 35, 42, 14, 1, 0, 1, 4, 0, 2, 1, 1, 3]}, null, null, 65, false, [], false, 0, [], null, 0, 1744316165.3125594, 0, {}]
[{"0": [2, 5, 2, 2, 3, 4, 34, 30, 0, 2, 1, 1, 1, 1, 3, 1]}, null, null, 66, false, [], false, 0, [], null, 0, 1744316165.5188198, 0, {}]
[{"0": [2, 1, 2, 0, 1, 0, 0, 2, 2, 2, 3, 0, 38, 38, 36, 21]}, null, null, 66, false, [], false, 0, [], null, 0, 1744316165.7037418, 0, {}]
[{"0": [1, 34, 2, 4, 2, 1, 0, 1, 4, 3, 1, 0, 2, 2, 1, 2]}, null, null, 67, false, [], false, 0, [], null, 0, 1744316165.9244723, 0, {}]
[{"0": [4, 3, 3, 1, 25, 0, 2, 1, 1, 1, 3, 3, 2, 2, 1, 4]}, null, null, 67, false, [], false, 0, [], null, 0, 1744316166.1211326, 0, {}]
[{"0": [4, 0, 0, 1, 1, 0, 3, 4, 3, 2, 31, 33, 38, 37, 24, 29]}, null, null, 68, false, [], false, 0, [], null, 0, 1744316166.3103168, 0, {}]
[{"0": [0, 2, 2, 0, 2, 0, 1, 30, 33, 35, 24, 1, 2, 2, 0, 1]}, null, null, 69, false, [], false, 0, [], null, 0, 1744316166.5124905, 0, {}]
[{"0": [2, 3, 0, 2, 1, 0, 0, 2, 26, 47, 27, 28, 35, 32, 37, 31]}, null, null, 69, false, [], false, 0, [], null, 0, 1744316166.7151415, 0, {}]
[{"0": [3, 0, 1, 4, 0, 0, 2, 3, 1, 24, 29, 30, 36, 31, 24, 32]}, null, null, 70, false, [], false, 0, [], null, 0, 1744316166.9225414, 0, {}]
[{"0": [0, 1, 0, 0, 1, 0, 4, 4, 4, 2, 4, 0, 3, 2, 0, 2]}, null, null, 70, false, [], false, 0, [], null, 0, 1744316167.1091204, 0, {}]
[{"0": [1, 3, 3, 1, 2, 2, 1, 3, 37, 27, 33, 34, 26, 27, 3, 1]}, null, null, 71, false, [], false, 0, [], null, 0, 1744316167.3065965, 0, {}]
[{"0": [1, 1, 2, 3, 2, 34, 1, 1, 1, 0, 1, 1, 1, 0, 2, 3]}, null, null, 72, false, [], false, 0, [], null, 0, 1744316167.530585, 0, {}]
[{"0": [5, 1, 0, 3, 3, 0, 3, 1, 2, 0, 0, 0, 3, 2, 4, 1]}, null, null, 72, false, [], false, 0, [], null, 0, 1744316167.7073016, 0, {}]
[{"0": [1, 3, 2, 5, 3, 1, 3, 2, 0, 2, 1, 3, 1, 1, 1, 1]}, null, null, 73, false, [], false, 0, [], null, 0, 1744316167.9202826, 0, {}]
[{"0": [2, 1, 2, 1, 1, 2, 0, 1, 27, 27, 35, 31, 37, 4, 0, 0]}, null, null, 73, false, [], false, 0, [], null, 0, 1744316168.115345, 0, {}]
[{"0": [1, 32, 34, 23, 35, 2, 3, 0, 0, 2, 1, 1, 1, 2, 3, 2]}, null, null, 74, false, [], false, 0, [], null, 0, 1744316168.3220632, 0, {}]
[{"0": [3, 4, 2, 3, 1, 1, 1, 32, 39, 35, 33, 33, 22, 40, 1, 1]}, null, null, 75, false, [], false, 0, [], null, 0, 1744316168.5071201, 0, {}]
[{"0": [2, 4, 1, 3, 1, 3, 2, 29, 4, 5, 2, 4, 2, 2, 2, 2]}, null, null, 75, false, [], false, 0, [], null, 0, 1744316168.7081344, 0, {}]
[{"0": [28, 28, 35, 52, 1, 3, 0, 4, 1, 4, 1, 2, 5, 2, 2, 2]}, null, null, 76, false, [], false, 0, [], null, 0, 1744316168.9171762, 0, {}]
[{"0": [3, 1, 2, 3, 3, 1, 3, 2, 2, 0, 34, 35, 32, 27, 2, 2]}, null, null, 77, false, [], false, 0, [], null, 0, 1744316169.1230414, 0, {}]
[{"0": [3, 6, 1, 3, 3, 2, 1, 2, 0, 0, 1, 33, 2, 2, 3, 2]}, null, null, 77, false, [], false, 0, [], null, 0, 1744316169.3180187, 0, {}]
[{"0": [0, 1, 2, 5, 1, 0, 5, 3, 34, 37, 29, 29, 35, 30, 29, 21]}, null, null, 78, false, [], false, 0, [], null, 0, 1744316169.5125089, 0, {}]
[{"0": [3, 31, 29, 1, 3, 1, 2, 1, 0, 2, 2, 1, 0, 2, 1, 5]}, null, null, 78, false, [], false, 0, [], null, 0, 1744316169.726005, 0, {}]
[{"0": [3, 1, 4, 5, 4, 1, 29, 5, 1, 1, 2, 2, 1, 2, 2, 1]}, null, null, 79, false, [], false, 0, [], null, 0, 1744316169.9127748, 0, {}]
[{"0": [0, 2, 3, 1, 0, 0, 2, 1, 27, 37, 36, 43, 32, 37, 49, 38]}, null, null, 80, false, [], false, 0, [], null, 0, 1744316170.1074975, 0, {}]
[{"0": [3, 46, 35, 32, 35, 30, 42, 36, 30, 29, 40, 0, 1, 1, 2, 2]}, null, null, 80, false, [], false, 0, [], null, 0, 1744316170.3102958, 0, {}]
[{"0": [2, 4, 1, 1, 0, 2, 1, 0, 2, 37, 31, 29, 30, 32, 29, 24]}, null, null, 81, false, [], false, 0, [], null, 0, 1744316170.5273008, 0, {}]
[{"0": [2, 3, 2, 0, 1, 5, 1, 1, 4, 3, 31, 33, 37, 35, 30, 2]}, null, null, 81, false, [], false, 0, [], null, 0, 1744316170.7153628, 0, {}]
[{"0": [2, 1, 4, 4, 3, 26, 39, 31, 41, 38, 38, 37, 36, 29, 1, 2]}, null, null, 82, false, [], false, 0, [], null, 0, 1744316170.916904, 0, {}]
[{"0": [3, 2, 2, 1, 4, 4, 45, 33, 30, 36, 23, 1, 3, 1, 0, 1]}, null, null, 83, false, [], false, 0, [], null, 0, 1744316171.1148787, 0, {}]
[{"0": [2, 2, 1, 3, 4, 1, 2, 3, 2, 1, 37, 37, 33, 43, 1, 3]}, null, null, 83, false, [], false, 0, [], null, 0, 1744316171.3106108, 0, {}]
[{"0": [4, 1, 3, 6, 4, 2, 31, 31, 1, 4, 1, 2, 1, 0, 1, 0]}, null, null, 84, false, [], false, 0, [], null, 0, 1744316171.5245595, 0, {}]
[{"0": [1, 1, 2, 2, 0, 1, 2, 1, 2, 0, 3, 36, 31, 41, 29, 23]}, null, null, 84, false, [], false, 0, [], null, 0, 1744316171.709764, 0, {}]
[{"0": [4, 0, 1, 0, 2, 3, 1, 39, 48, 34, 32, 22, 21, 38, 36, 31]}, null, null, 85, false, [], false, 0, [], null, 0, 1744316171.9187772, 0, {}]
[{"0": [0, 3, 29, 44, 28, 2, 0, 3, 1, 0, 2, 1, 3, 3, 1, 0]}, null, null, 86, false, [], false, 0, [], null, 0, 1744316172.1111524, 0, {}]
[{"0": [6, 3, 1, 2, 2, 0, 3, 3, 2, 28, 33, 31, 4, 1, 5, 2]}, null, null, 86, false, [], false, 0, [], null, 0, 1744316172.3070703, 0, {}]
[{"0": [0, 2, 3, 2, 2, 1, 3, 2, 3, 25, 36, 26, 30, 20, 37, 40]}, null, null, 87, false, [], false, 0, [], null, 0, 1744316172.5246518, 0, {}]
[{"0": [2, 0, 0, 2, 0, 1, 1, 2, 2, 1, 3, 1, 2, 2, 1, 31]}, null, null, 87, false, [], false, 0, [], null, 0, 1744316172.7102132, 0, {}]
[{"0": [0, 4, 0, 1, 3, 2, 0, 3, 2, 32, 31, 32, 1, 0, 3, 0]}, null, null, 88, false, [], false, 0, [], null, 0, 1744316172.9159756, 0, {}]
[{"0": [2, 1, 1, 42, 25, 28, 33, 3, 1, 4, 5, 1, 1, 1, 5, 1]}, null, null, 89, false, [], false, 0, [], null, 0, 1744316173.1145108, 0, {}]
[{"0": [4, 2, 1, 2, 2, 2, 44, 30, 40, 1, 1, 0, 0, 2, 7, 0]}, null, null, 89, false, [], false, 0, [], null, 0, 1744316173.3173807, 0, {}]
[{"0": [0, 1, 21, 29, 1, 3, 1, 6, 4, 3, 1, 1, 4, 2, 3, 6]}, null, null, 90, false, [], false, 0, [], null, 0, 1744316173.513657, 0, {}]
[{"0": [2, 1, 1, 3, 3, 4, 24, 30, 28, 3, 0, 2, 3, 2, 2, 1]}, null, null, 90, false, [], false, 0, [], null, 0, 1744316173.7134645, 0, {}]
[{"0": [1, 2, 4, 2, 0, 0, 1, 27, 1, 1, 4, 4, 1, 1, 5, 0]}, null, null, 91, false, [], false, 0, [], null, 0, 1744316173.9255266, 0, {}]
[{"0": [1, 2, 3, 0, 3, 2, 1, 1, 1, 2, 34, 1, 3, 1, 5, 2]}, null, null, 92, false, [], false, 0, [], null, 0, 1744316174.1090038, 0, {}]
[{"0": [1, 1, 1, 0, 0, 3, 3, 4, 0, 1, 3, 3, 3, 1, 0, 2]}, null, null, 92, false, [], false, 0, [], null, 0, 1744316174.3089395, 0, {}]
[{"0": [2, 1, 0, 42, 38, 41, 3, 3, 1, 2, 2, 3, 3, 1, 3, 4]}, null, null, 93, false, [], false, 0, [], null, 0, 1744316174.5118349, 0, {}]
[{"0": [0, 1, 2, 1, 1, 35, 32, 30, 34, 28, 29, 34, 31, 1, 1, 4]}, null, null, 93, false, [], false, 0, [], null, 0, 1744316174.707988, 0, {}]
[{"0": [2, 2, 1, 27, 34, 48, 2, 1, 1, 4, 2, 3, 1, 4, 2, 3]}, null, null, 94, false, [], false, 0, [], null, 0, 1744316174.929326, 0, {}]
[{"0": [2, 33, 31, 29, 30, 37, 35, 42, 32, 44, 38, 34, 1, 5, 3, 4]}, null, null, 95, false, [], false, 0, [], null, 0, 1744316175.1114612, 0, {}]
[{"0": [2, 0, 2, 1, 3, 2, 3, 1, 1, 1, 2, 1, 0, 2, 3, 1]}, null, null, 95, false, [], false, 0, [], null, 0, 1744316175.311399, 0, {}]
[{"0": [1, 32, 45, 34, 30, 35, 35, 37, 2, 2, 2, 3, 4, 3, 4, 1]}, null, null, 96, false, [], false, 0, [], null, 0, 1744316175.5068152, 0, {}]
[{"0": [28, 27, 30, 32, 32, 43, 30, 43, 2, 1, 0, 2, 4, 0, 3, 2]}, null, null, 96, false, [], false, 0, [], null, 0, 1744316175.7272048, 0, {}]
[{"0": [0, 2, 3, 1, 3, 2, 4, 2, 1, 1, 34, 36, 30, 36, 31, 27]}, null, null, 97, false, [], false, 0, [], null, 0, 1744316175.913703, 0, {}]
[{"0": [2, 3, 34, 6, 2, 1, 2, 3, 0, 2, 4, 1, 4, 4, 0, 1]}, null, null, 98, false, [], false, 0, [], null, 0, 1744316176.1125157, 0, {}]
[{"0": [4, 1, 3, 0, 3, 0, 3, 2, 0, 1, 2, 33, 2, 1, 3, 3]}, null, null, 98, false, [], false, 0, [], null, 0, 1744316176.314557, 0, {}]
[{"0": [1, 3, 2, 2, 39, 33, 4, 1, 5, 3, 1, 3, 3, 0, 2, 0]}, null, null, 99, false, [], false, 0, [], null, 0, 1744316176.5273385, 0, {}]
[{"0": [2, 4, 2, 0, 0, 1, 2, 1, 0, 1, 3, 4, 2, 1, 2, 2]}, null, null, 99, false, [], false, 0, [], null, 0, 1744316176.7097344, 0, {}]
[{"0": [3, 3, 3, 2, 3, 1, 2, 1, 2, 3, 2, 1, 3, 2, 0, 35]}, null, null, 100, false, [], false, 0, [], null, 0, 1744316176.9049091, 0, {}]
[{"0": [3, 2, 0, 2, 5, 2, 0, 2, 2, 2, 2, 2, 0, 4, 3, 1]}, null, null, 101, false, [], false, 0, [], null, 0, 1744316177.11869, 0, {}]
[{"0": [1, 0, 4, 3, 3, 2, 39, 1, 2, 0, 4, 2, 0, 3, 1, 3]}, null, null, 101, false, [], false, 0, [], null, 0, 1744316177.3200452, 0, {}]
[{"0": [39, 3, 1, 4, 2, 1, 1, 1, 4, 2, 1, 1, 2, 0, 0, 1]}, null, null, 102, false, [], false, 0, [], null, 0, 1744316177.51252, 0, {}]
[{"0": [1, 3, 3, 2, 4, 32, 29, 39, 31, 1, 0, 2, 0, 1, 3, 1]}, null, null, 102, false, [], false, 0, [], null, 0, 1744316177.7271018, 0, {}]
[{"0": [3, 1, 1, 0, 4, 1, 26, 42, 31, 37, 49, 32, 36, 27, 31, 39]}, null, null, 103, false, [], false, 0, [], null, 0, 1744316177.9217024, 0, {}]
[{"0": [1, 1, 3, 1, 4, 35, 1, 2, 3, 4, 3, 2, 1, 2, 3, 1]}, null, null, 104, false, [], false, 0, [], null, 0, 1744316178.1263716, 0, {}]
[{"0": [2, 3, 1, 1, 2, 4, 3, 25, 28, 29, 37, 35, 32, 29, 24, 2]}, null, null, 104, false, [], false, 0, [], null, 0, 1744316178.3092756, 0, {}]
[{"0": [2, 1, 2, 2, 1, 3, 2, 1, 3, 1, 0, 41, 40, 30, 40, 33]}, null, null, 105, false, [], false, 0, [], null, 0, 1744316178.5079978, 0, {}]
[{"0": [1, 1, 2, 0, 0, 30, 33, 27, 30, 36, 1, 0, 3, 2, 3, 2]}, null, null, 105, false, [], false, 0, [], null, 0, 1744316178.7171633, 0, {}]
[{"0": [4, 2, 3, 0, 3, 1, 1, 0, 3, 1, 2, 0, 1, 1, 1, 3]}, null, null, 106, false, [], false, 0, [], null, 0, 1744316178.9219563, 0, {}]
[{"0": [31, 36, 41, 35, 29, 0, 5, 3, 1, 4, 1, 1, 2, 2, 2, 1]}, null, null, 107, false, [], false, 0, [], null, 0, 1744316179.1300356, 0, {}]
[{"0": [0, 3, 2, 1, 2, 4, 3, 1, 0, 2, 4, 1, 3, 3, 1, 3]}, null, null, 107, false, [], false, 0, [], null, 0, 1744316179.3128226, 0, {}]
[{"0": [3, 1, 2, 1, 1, 3, 30, 33, 38, 2, 0, 1, 1, 4, 0, 3]}, null, null, 108, false, [], false, 0, [], null, 0, 1744316179.5183952, 0, {}]
[{"0": [3, 0, 1, 2, 0, 2, 32, 3, 4, 1, 1, 1, 3, 1, 2, 2]}, null, null, 108, false, [], false, 0, [], null, 0, 1744316179.7188613, 0, {}]
[{"0": [4, 2, 3, 5, 7, 2, 35, 37, 27, 37, 32, 42, 27, 30, 28, 27]}, null, null, 109, false, [], false, 0, [], null, 0, 1744316179.919403, 0, {}]
[{"0": [2, 2, 0, 1, 3, 3, 4, 2, 2, 41, 35, 22, 21, 2, 7, 0]}, null, null, 110, false, [], false, 0, [], null, 0, 1744316180.1170495, 0, {}]
[{"0": [3, 3, 1, 2, 2, 1, 1, 3, 3, 29, 27, 35, 28, 24, 37, 24]}, null, null, 110, false, [], false, 0, [], null, 0, 1744316180.3175397, 0, {}]
[{"0": [0, 2, 2, 0, 1, 5, 0, 3, 5, 25, 36, 35, 26, 3, 0, 0]}, null, null, 111, false, [], false, 0, [], null, 0, 1744316180.5280905, 0, {}]
[{"0": [2, 0, 1, 1, 30, 31, 35, 30, 33, 31, 32, 32, 2, 3, 1, 1]}, null, null, 111, false, [], false, 0, [], null, 0, 1744316180.713832, 0, {}]
[{"0": [1, 3, 1, 1, 3, 1, 3, 0, 1, 0, 1, 0, 3, 3, 2, 3]}, null, null, 112, false, [], false, 0, [], null, 0, 1744316180.9202054, 0, {}]
[{"0": [2, 4, 1, 1, 1, 2, 1, 1, 1, 2, 2, 2, 2, 4, 30, 36]}, null, null, 113, false, [], false, 0, [], null, 0, 1744316181.1090024, 0, {}]
[{"0": [1, 1, 1, 1, 0, 6, 1, 0, 2, 1, 0, 2, 1, 2, 1, 38]}, null, null, 113, false, [], false, 0, [], null, 0, 1744316181.3129306, 0, {}]
[{"0": [25, 32, 29, 38, 29, 22, 34, 3, 1, 3, 0, 1, 0, 4, 1, 1]}, null, null, 114, false, [], false, 0, [], null, 0, 1744316181.5263445, 0, {}]
[{"0": [2, 1, 2, 2, 33, 2, 3, 3, 2, 2, 2, 3, 3, 1, 4, 3]}, null, null, 114, false, [], false, 0, [], null, 0, 1744316181.710592, 0, {}]
[{"0": [2, 2, 2, 3, 6, 3, 0, 1, 39, 3, 0, 2, 0, 1, 0, 5]}, null, null, 115, false, [], false, 0, [], null, 0, 1744316181.9192667, 0, {}]
[{"0": [3, 3, 1, 0, 1, 25, 32, 23, 3, 1, 3, 2, 1, 2, 1, 3]}, null, null, 116, false, [], false, 0, [], null, 0, 1744316182.1248016, 0, {}]
[{"0": [2, 1, 4, 3, 3, 4, 1, 1, 3, 5, 2, 42, 32, 28, 34, 23]}, null, null, 116, false, [], false, 0, [], null, 0, 1744316182.3324664, 0, {}]
[{"0": [1, 2, 5, 0, 0, 2, 2, 4, 5, 34, 32, 3, 1, 3, 1, 6]}, null, null, 117, false, [], false, 0, [], null, 0, 1744316182.5320969, 0, {}]
[{"0": [3, 0, 1, 1, 1, 27, 33, 27, 22, 38, 22, 35, 3, 5, 1, 2]}, null, null, 117, false, [], false, 0, [], null, 0, 1744316182.7086568, 0, {}]
[{"0": [3, 4, 1, 0, 2, 2, 4, 4, 4, 5, 27, 0, 2, 1, 1, 1]}, null, null, 118, false, [], false, 0, [], null, 0, 1744316182.9101834, 0, {}]
[{"0": [0, 1, 0, 0, 2, 3, 34, 30, 43, 31, 36, 36, 28, 32, 0, 3]}, null, null, 119, false, [], false, 0, [], null, 0, 1744316183.1134086, 0, {}]
[{"0": [39, 32, 41, 29, 1, 1, 1, 4, 1, 2, 3, 2, 3, 1, 1, 3]}, null, null, 119, false, [], false, 0, [], null, 0, 1744316183.3318198, 0, {}]
[{"0": [27, 36, 22, 28, 41, 32, 0, 1, 1, 1, 3, 5, 1, 2, 2, 1]}, null, null, 120, false, [], false, 0, [], null, 0, 1744316183.518559, 0, {}]
[{"0": [35, 37, 3, 0, 2, 2, 6, 2, 3, 4, 4, 3, 0, 2, 4, 1]}, null, null, 120, false, [], false, 0, [], null, 0, 1744316183.715622, 0, {}]
[{"0": [37, 36, 38, 24, 25, 41, 35, 28, 36, 27, 34, 3, 0, 3, 4, 1]}, null, null, 121, false, [], false, 0, [], null, 0, 1744316183.9184036, 0, {}]
[{"0": [4, 2, 1, 1, 1, 2, 1, 1, 3, 37, 22, 28, 23, 33, 34, 30]}, null, null, 122, false, [], false, 0, [], null, 0, 1744316184.1149914, 0, {}]
[{"0": [2, 1, 3, 2, 0, 0, 1, 1, 1, 32, 41, 32, 40, 28, 42, 38]}, null, null, 122, false, [], false, 0, [], null, 0, 1744316184.3116043, 0, {}]
[{"0": [2, 0, 3, 4, 2, 0, 0, 2, 0, 4, 1, 3, 4, 2, 2, 3]}, null, null, 123, false, [], false, 0, [], null, 0, 1744316184.5336788, 0, {}]
[{"0": [2, 0, 0, 2, 2, 31, 3, 3, 2, 1, 4, 1, 1, 3, 2, 0]}, null, null, 123, false, [], false, 0, [], null, 0, 1744316184.7128415, 0, {}]
[{"0": [1, 0, 0, 1, 2, 1, 1, 2, 27, 32, 35, 31, 31, 37, 32, 3]}, null, null, 124, false, [], false, 0, [], null, 0, 1744316184.9138772, 0, {}]
[{"0": [2, 2, 5, 3, 3, 1, 1, 3, 0, 3, 3, 2, 3, 2, 2, 1]}, null, null, 125, false, [], false, 0, [], null, 0, 1744316185.1202724, 0, {}]
[{"0": [0, 2, 0, 1, 0, 1, 3, 4, 2, 4, 37, 30, 4, 2, 1, 2]}, null, null, 125, false, [], false, 0, [], null, 0, 1744316185.3163667, 0, {}]
[{"0": [2, 1, 3, 1, 2, 2, 1, 1, 1, 0, 2, 1, 36, 39, 25, 0]}, null, null, 126, false, [], false, 0, [], null, 0, 1744316185.5304687, 0, {}]
[{"0": [0, 0, 2, 5, 1, 31, 1, 2, 5, 2, 3, 2, 1, 1, 3, 0]}, null, null, 127, false, [], false, 0, [], null, 0, 1744316185.7173626, 0, {}]
[{"0": [25, 27, 31, 0, 3, 1, 2, 1, 0, 3, 3, 3, 5, 2, 0, 2]}, null, null, 127, false, [], false, 0, [], null, 0, 1744316185.9342847, 0, {}]
[{"0": [1, 1, 4, 2, 1, 1, 2, 7, 3, 0, 5, 2, 2, 0, 0, 30]}, null, null, 128, false, [], false, 0, [], null, 0, 1744316186.1206603, 0, {}]
[{"0": [0, 1, 0, 3, 1, 4, 33, 29, 25, 28, 37, 34, 28, 2, 3, 1]}, null, null, 128, false, [], false, 0, [], null, 0, 1744316186.3181787, 0, {}]
[{"0": [3, 1, 0, 4, 4, 0, 1, 1, 1, 1, 31, 30, 2, 0, 1, 2]}, null, null, 129, false, [], false, 0, [], null, 0, 1744316186.525627, 0, {}]
[{"0": [2, 1, 2, 2, 1, 2, 1, 33, 1, 1, 0, 1, 0, 2, 2, 5]}, null, null, 130, false, [], false, 0, [], null, 0, 1744316186.7179441, 0, {}]
[{"0": [3, 1, 0, 1, 3, 4, 30, 33, 33, 34, 40, 1, 2, 3, 4, 1]}, null, null, 130, false, [], false, 0, [], null, 0, 1744316186.9179046, 0, {}]
[{"0": [2, 1, 2, 3, 3, 0, 50, 29, 37, 33, 30, 2, 0, 1, 2, 2]}, null, null, 131, false, [], false, 0, [], null, 0, 1744316187.1153326, 0, {}]
[{"0": [3, 1, 0, 2, 3, 0, 1, 5, 1, 0, 0, 1, 39, 36, 3, 2]}, null, null, 131, false, [], false, 0, [], null, 0, 1744316187.314646, 0, {}]
[{"0": [25, 27, 25, 28, 35, 1, 3, 2, 1, 3, 2, 1, 2, 3, 1, 6]}, null, null, 132, false, [], false, 0, [], null, 0, 1744316187.5123596, 0, {}]
[{"0": [1, 1, 0, 0, 1, 2, 1, 1, 2, 1, 28, 25, 29, 37, 32, 36]}, null, null, 133, false, [], false, 0, [], null, 0, 1744316187.7162664, 0, {}]
[{"0": [30, 35, 28, 23, 0, 4, 0, 4, 1, 2, 2, 2, 2, 1, 2, 3]}, null, null, 133, false, [], false, 0, [], null, 0, 1744316187.9253736, 0, {}]
[{"0": [2, 0, 3, 1, 1, 2, 2, 1, 36, 2, 1, 0, 4, 1, 0, 6]}, null, null, 134, false, [], false, 0, [], null, 0, 1744316188.11226, 0, {}]
[{"0": [2, 1, 2, 2, 3, 27, 27, 38, 43, 1, 2, 2, 5, 2, 3, 6]}, null, null, 134, false, [], false, 0, [], null, 0, 1744316188.3137896, 0, {}]
[{"0": [2, 1, 3, 3, 0, 2, 3, 2, 3, 2, 3, 32, 35, 32, 35, 26]}, null, null, 135, false, [], false, 0, [], null, 0, 1744316188.5135913, 0, {}]
[{"0": [1, 1, 2, 3, 0, 1, 1, 2, 1, 34, 27, 31, 26, 1, 2, 3]}, null, null, 136, false, [], false, 0, [], null, 0, 1744316188.710535, 0, {}]
[{"0": [2, 1, 0, 3, 0, 3, 4, 2, 3, 4, 1, 2, 2, 2, 2, 2]}, null, null, 136, false, [], false, 0, [], null, 0, 1744316188.922721, 0, {}]
[{"0": [3, 3, 3, 2, 35, 37, 38, 32, 4, 2, 0, 3, 2, 1, 1, 1]}, null, null, 137, false, [], false, 0, [], null, 0, 1744316189.1175332, 0, {}]
[{"0": [5, 3, 0, 35, 26, 26, 31, 42, 2, 1, 2, 2, 1, 1, 0, 1]}, null, null, 137, false, [], false, 0, [], null, 0, 1744316189.3129559, 0, {}]
[{"0": [2, 2, 1, 2, 2, 0, 2, 2, 1, 36, 4, 3, 1, 2, 1, 3]}, null, null, 138, false, [], false, 0, [], null, 0, 1744316189.5098176, 0, {}]
[{"0": [1, 3, 2, 2, 3, 1, 1, 3, 4, 1, 1, 2, 32, 27, 33, 32]}, null, null, 139, false, [], false, 0, [], null, 0, 1744316189.718399, 0, {}]
[{"0": [2, 1, 1, 1, 4, 1, 3, 2, 0, 2, 2, 27, 34, 25, 36, 44]}, null, null, 139, false, [], false, 0, [], null, 0, 1744316189.9220417, 0, {}]
[{"0": [0, 2, 1, 0, 2, 1, 1, 1, 1, 2, 0, 3, 6, 0, 1, 0]}, null, null, 140, false, [], false, 0, [], null, 0, 1744316190.1128163, 0, {}]
[{"0": [1, 2, 1, 3, 3, 3, 3, 2, 2, 2, 0, 2, 0, 1, 4, 3]}, null, null, 140, false, [], false, 0, [], null, 0, 1744316190.3272069, 0, {}]
[{"0": [0, 3, 2, 4, 1, 1, 5, 36, 33, 2, 1, 0, 2, 2, 1, 0]}, null, null, 141, false, [], false, 0, [], null, 0, 1744316190.5318177, 0, {}]
[{"0": [2, 1, 1, 33, 40, 46, 32, 37, 28, 3, 2, 1, 1, 1, 3, 2]}, null, null, 142, false, [], false, 0, [], null, 0, 1744316190.7133207, 0, {}]
[{"0": [2, 4, 4, 8, 3, 0, 0, 3, 1, 2, 0, 2, 0, 2, 2, 1]}, null, null, 142, false, [], false, 0, [], null, 0, 1744316190.916518, 0, {}]
[{"0": [2, 2, 1, 1, 4, 4, 0, 1, 4, 0, 2, 24, 33, 29, 40, 2]}, null, null, 143, false, [], false, 0, [], null, 0, 1744316191.1159778, 0, {}]
[{"0": [2, 3, 2, 6, 1, 2, 3, 1, 38, 31, 32, 0, 1, 4, 0, 2]}, null, null, 143, false, [], false, 0, [], null, 0, 1744316191.3146148, 0, {}]
[{"0": [1, 0, 5, 4, 1, 2, 3, 1, 1, 1, 1, 0, 0, 1, 1, 2]}, null, null, 144, false, [], false, 0, [], null, 0, 1744316191.5209591, 0, {}]
[{"0": [23, 33, 34, 3, 1, 2, 1, 1, 3, 1, 3, 0, 1, 1, 4, 0]}, null, null, 145, false, [], false, 0, [], null, 0, 1744316191.7198596, 0, {}]
[{"0": [2, 5, 6, 1, 1, 3, 0, 3, 2, 4, 1, 2, 1, 2, 3, 1]}, null, null, 145, false, [], false, 0, [], null, 0, 1744316191.920697, 0, {}]
[{"0": [0, 0, 1, 4, 1, 3, 2, 1, 27, 6, 3, 0, 1, 0, 3, 0]}, null, null, 146, false, [], false, 0, [], null, 0, 1744316192.1153233, 0, {}]
[{"0": [2, 0, 3, 0, 0, 2, 0, 38, 33, 39, 1, 1, 2, 0, 0, 2]}, null, null, 146, false, [], false, 0, [], null, 0, 1744316192.3377793, 0, {}]
[{"0": [0, 2, 1, 1, 4, 1, 4, 0, 0, 5, 32, 3, 2, 0, 3, 4]}, null, null, 147, false, [], false, 0, [], null, 0, 1744316192.5257235, 0, {}]
[{"0": [3, 1, 0, 2, 1, 1, 38, 30, 1, 2, 3, 2, 0, 0, 2, 3]}, null, null, 148, false, [], false, 0, [], null, 0, 1744316192.7311397, 0, {}]
[{"0": [2, 0, 3, 3, 1, 2, 1, 0, 1, 2, 2, 30, 33, 42, 2, 2]}, null, null, 148, false, [], false, 0, [], null, 0, 1744316192.9235284, 0, {}]
[{"0": [1, 1, 4, 1, 1, 2, 1, 1, 36, 32, 2, 2, 2, 4, 2, 0]}, null, null, 149, false, [], false, 0, [], null, 0, 1744316193.1220732, 0, {}]
[{"0": [39, 30, 21, 28, 33, 2, 2, 1, 2, 1, 1, 2, 4, 1, 0, 2]}, null, null, 149, false, [], false, 0, [], null, 0, 1744316193.3165662, 0, {}]
[{"0": [3, 1, 28, 33, 30, 21, 0, 2, 1, 2, 4, 3, 0, 1, 0, 2]}, null, null, 150, true, [], false, 0, [], null, 0, 1744316193.5142636, 0, {}]
