[{"0": [1, 34, 1, 1, 2, 2, 3, 1, 0, 2, 4, 1, 1, 1, 1]}, null, null, 0, false, [], false, 0, [], null, 0, 1744311827.9428682, 0, {}]
[{"0": [2, 36, 43, 40, 29, 41, 4, 1, 1, 2, 1, 1, 1, 3, 1]}, null, null, 1, false, [], false, 0, [], null, 0, 1744311828.1595478, 0, {}]
[{"0": [0, 25, 29, 43, 39, 34, 31, 30, 29, 30, 23, 46, 2, 2, 0]}, null, null, 1, false, [], false, 0, [], null, 0, 1744311828.3663893, 0, {}]
[{"0": [1, 36, 31, 37, 51, 2, 3, 1, 4, 6, 2, 1, 1, 1, 2]}, null, null, 2, false, [], false, 0, [], null, 0, 1744311828.5604599, 0, {}]
[{"0": [4, 32, 35, 33, 40, 28, 32, 28, 38, 33, 25, 2, 6, 2, 2]}, null, null, 2, false, [], false, 0, [], null, 0, 1744311828.7675776, 0, {}]
[{"0": [0, 40, 24, 36, 30, 4, 1, 4, 2, 1, 3, 2, 2, 1, 0]}, null, null, 3, false, [], false, 0, [], null, 0, 1744311828.9615378, 0, {}]
[{"0": [1, 28, 29, 3, 2, 1, 2, 2, 2, 3, 4, 2, 5, 1, 2]}, null, null, 4, false, [], false, 0, [], null, 0, 1744311829.1590862, 0, {}]
[{"0": [2, 26, 38, 2, 1, 2, 1, 1, 4, 1, 7, 0, 0, 2, 0]}, null, null, 4, false, [], false, 0, [], null, 0, 1744311829.3569841, 0, {}]
[{"0": [4, 38, 34, 29, 32, 41, 42, 4, 4, 3, 4, 2, 1, 2, 3]}, null, null, 5, false, [], false, 0, [], null, 0, 1744311829.55576, 0, {}]
[{"0": [4, 37, 25, 30, 34, 2, 3, 1, 2, 5, 1, 2, 3, 3, 0]}, null, null, 5, false, [], false, 0, [], null, 0, 1744311829.7490344, 0, {}]
[{"0": [2, 27, 29, 2, 0, 4, 1, 2, 2, 1, 2, 3, 4, 0, 2]}, null, null, 6, false, [], false, 0, [], null, 0, 1744311829.9587772, 0, {}]
[{"0": [0, 5, 2, 4, 2, 1, 3, 3, 3, 1, 1, 1, 4, 2, 2]}, null, null, 7, false, [], false, 0, [], null, 0, 1744311830.164645, 0, {}]
[{"0": [4, 35, 1, 3, 4, 2, 1, 3, 2, 2, 2, 3, 29, 39, 31]}, null, null, 7, false, [], false, 0, [], null, 0, 1744311830.360437, 0, {}]
[{"0": [0, 30, 25, 37, 3, 0, 3, 1, 2, 4, 0, 1, 0, 2, 4]}, null, null, 8, false, [], false, 0, [], null, 0, 1744311830.5669174, 0, {}]
[{"0": [2, 3, 1, 2, 2, 1, 1, 27, 2, 1, 3, 1, 0, 1, 3]}, null, null, 8, false, [], false, 0, [], null, 0, 1744311830.7675536, 0, {}]
[{"0": [3, 40, 0, 4, 0, 1, 2, 1, 2, 2, 0, 2, 1, 2, 3]}, null, null, 9, false, [], false, 0, [], null, 0, 1744311830.960229, 0, {}]
[{"0": [3, 3, 0, 1, 3, 1, 37, 32, 34, 35, 1, 1, 0, 0, 2]}, null, null, 10, false, [], false, 0, [], null, 0, 1744311831.1512012, 0, {}]
[{"0": [2, 25, 33, 36, 38, 35, 25, 36, 31, 38, 26, 32, 38, 1, 2]}, null, null, 10, false, [], false, 0, [], null, 0, 1744311831.3588636, 0, {}]
[{"0": [1, 2, 2, 3, 0, 2, 36, 1, 2, 5, 0, 1, 2, 1, 3]}, null, null, 11, false, [], false, 0, [], null, 0, 1744311831.5439305, 0, {}]
[{"0": [1, 36, 31, 35, 30, 41, 28, 35, 41, 36, 45, 33, 31, 37, 2]}, null, null, 11, false, [], false, 0, [], null, 0, 1744311831.7541893, 0, {}]
[{"0": [0, 4, 2, 3, 4, 3, 2, 1, 2, 0, 0, 30, 39, 22, 36]}, null, null, 12, false, [], false, 0, [], null, 0, 1744311831.9521537, 0, {}]
[{"0": [2, 33, 3, 1, 1, 2, 1, 4, 1, 2, 2, 1, 0, 4, 2]}, null, null, 13, false, [], false, 0, [], null, 0, 1744311832.1661263, 0, {}]
[{"0": [1, 37, 26, 26, 37, 36, 1, 1, 1, 4, 0, 3, 0, 1, 1]}, null, null, 13, false, [], false, 0, [], null, 0, 1744311832.359931, 0, {}]
[{"0": [1, 31, 3, 4, 5, 1, 1, 2, 1, 6, 1, 2, 1, 2, 2]}, null, null, 14, false, [], false, 0, [], null, 0, 1744311832.558302, 0, {}]
[{"0": [2, 38, 21, 33, 31, 39, 36, 18, 43, 0, 1, 0, 0, 1, 3]}, null, null, 14, false, [], false, 0, [], null, 0, 1744311832.750547, 0, {}]
[{"0": [2, 42, 34, 37, 29, 1, 1, 0, 1, 1, 3, 3, 2, 1, 3]}, null, null, 15, false, [], false, 0, [], null, 0, 1744311832.9500854, 0, {}]
[{"0": [4, 2, 37, 34, 1, 0, 0, 2, 3, 1, 5, 3, 1, 1, 2]}, null, null, 16, false, [], false, 0, [], null, 0, 1744311833.1648543, 0, {}]
[{"0": [3, 30, 27, 1, 1, 3, 3, 5, 3, 2, 1, 4, 2, 3, 2]}, null, null, 16, false, [], false, 0, [], null, 0, 1744311833.3583484, 0, {}]
[{"0": [2, 35, 32, 46, 2, 4, 4, 1, 1, 1, 3, 0, 0, 1, 3]}, null, null, 17, false, [], false, 0, [], null, 0, 1744311833.5657434, 0, {}]
[{"0": [2, 0, 1, 5, 1, 2, 33, 1, 0, 3, 3, 1, 1, 3, 1]}, null, null, 17, false, [], false, 0, [], null, 0, 1744311833.7576127, 0, {}]
[{"0": [3, 27, 1, 2, 4, 3, 1, 3, 5, 1, 0, 1, 1, 2, 1]}, null, null, 18, false, [], false, 0, [], null, 0, 1744311833.9516315, 0, {}]
[{"0": [0, 27, 33, 38, 30, 32, 44, 35, 32, 43, 24, 31, 28, 32, 30]}, null, null, 19, false, [], false, 0, [], null, 0, 1744311834.155524, 0, {}]
[{"0": [1, 36, 20, 27, 35, 2, 3, 3, 0, 1, 2, 1, 2, 2, 0]}, null, null, 19, false, [], false, 0, [], null, 0, 1744311834.3623374, 0, {}]
[{"0": [1, 36, 36, 30, 28, 36, 37, 35, 2, 0, 0, 1, 1, 1, 4]}, null, null, 20, false, [], false, 0, [], null, 0, 1744311834.555965, 0, {}]
[{"0": [4, 37, 1, 2, 3, 1, 1, 2, 1, 1, 5, 1, 0, 4, 4]}, null, null, 20, false, [], false, 0, [], null, 0, 1744311834.7537913, 0, {}]
[{"0": [2, 36, 2, 2, 2, 2, 0, 3, 1, 0, 2, 2, 2, 1, 3]}, null, null, 21, false, [], false, 0, [], null, 0, 1744311834.942051, 0, {}]
[{"0": [1, 37, 34, 34, 42, 29, 37, 3, 0, 4, 2, 0, 1, 3, 0]}, null, null, 22, false, [], false, 0, [], null, 0, 1744311835.1629272, 0, {}]
[{"0": [3, 33, 35, 33, 32, 27, 35, 28, 48, 38, 29, 41, 20, 30, 34]}, null, null, 22, false, [], false, 0, [], null, 0, 1744311835.359912, 0, {}]
[{"0": [1, 31, 37, 35, 26, 25, 47, 33, 34, 36, 23, 3, 3, 2, 2]}, null, null, 23, false, [], false, 0, [], null, 0, 1744311835.5509384, 0, {}]
[{"0": [1, 35, 0, 0, 1, 3, 2, 2, 0, 2, 3, 1, 1, 1, 0]}, null, null, 23, false, [], false, 0, [], null, 0, 1744311835.751698, 0, {}]
[{"0": [1, 36, 31, 37, 29, 27, 24, 36, 37, 29, 33, 1, 5, 2, 3]}, null, null, 24, false, [], false, 0, [], null, 0, 1744311835.9550333, 0, {}]
[{"0": [4, 40, 29, 42, 33, 1, 3, 2, 0, 0, 0, 0, 2, 2, 3]}, null, null, 25, false, [], false, 0, [], null, 0, 1744311836.1636791, 0, {}]
[{"0": [1, 37, 31, 34, 2, 1, 5, 0, 1, 2, 1, 0, 1, 1, 2]}, null, null, 25, false, [], false, 0, [], null, 0, 1744311836.3497016, 0, {}]
[{"0": [2, 39, 34, 29, 33, 37, 2, 1, 3, 3, 3, 1, 2, 2, 3]}, null, null, 26, false, [], false, 0, [], null, 0, 1744311836.5595748, 0, {}]
[{"0": [1, 40, 33, 39, 28, 31, 32, 40, 5, 2, 1, 1, 2, 2, 0]}, null, null, 27, false, [], false, 0, [], null, 0, 1744311836.7515712, 0, {}]
[{"0": [4, 38, 1, 1, 1, 3, 4, 4, 3, 1, 2, 0, 2, 1, 1]}, null, null, 27, false, [], false, 0, [], null, 0, 1744311836.9552124, 0, {}]
[{"0": [2, 30, 1, 0, 3, 2, 1, 0, 1, 2, 2, 1, 5, 1, 4]}, null, null, 28, false, [], false, 0, [], null, 0, 1744311837.1540377, 0, {}]
[{"0": [1, 42, 24, 29, 40, 0, 0, 6, 3, 0, 1, 3, 2, 3, 1]}, null, null, 28, false, [], false, 0, [], null, 0, 1744311837.3593628, 0, {}]
[{"0": [1, 32, 34, 35, 35, 36, 0, 1, 2, 2, 1, 1, 2, 2, 2]}, null, null, 29, false, [], false, 0, [], null, 0, 1744311837.5446656, 0, {}]
[{"0": [4, 28, 1, 0, 1, 0, 1, 1, 2, 1, 3, 1, 3, 1, 2]}, null, null, 30, false, [], false, 0, [], null, 0, 1744311837.7529235, 0, {}]
[{"0": [0, 33, 36, 2, 1, 3, 4, 1, 1, 4, 3, 0, 1, 4, 1]}, null, null, 30, false, [], false, 0, [], null, 0, 1744311837.954096, 0, {}]
[{"0": [3, 34, 34, 30, 24, 3, 2, 1, 0, 1, 2, 1, 1, 2, 2]}, null, null, 31, false, [], false, 0, [], null, 0, 1744311838.1569684, 0, {}]
[{"0": [1, 32, 32, 32, 40, 34, 35, 31, 33, 25, 35, 3, 1, 3, 3]}, null, null, 31, false, [], false, 0, [], null, 0, 1744311838.3622603, 0, {}]
[{"0": [0, 1, 1, 26, 37, 29, 32, 33, 30, 2, 3, 1, 1, 1, 0]}, null, null, 32, false, [], false, 0, [], null, 0, 1744311838.5636544, 0, {}]
[{"0": [1, 34, 3, 0, 2, 1, 1, 2, 1, 0, 1, 1, 3, 2, 2]}, null, null, 33, false, [], false, 0, [], null, 0, 1744311838.7604833, 0, {}]
[{"0": [1, 30, 4, 1, 1, 0, 2, 1, 1, 2, 3, 1, 1, 0, 1]}, null, null, 33, false, [], false, 0, [], null, 0, 1744311838.9572363, 0, {}]
[{"0": [0, 37, 3, 2, 2, 2, 3, 2, 2, 4, 5, 3, 2, 3, 0]}, null, null, 34, false, [], false, 0, [], null, 0, 1744311839.1623611, 0, {}]
[{"0": [3, 37, 29, 35, 36, 1, 3, 0, 3, 1, 1, 2, 3, 1, 1]}, null, null, 34, false, [], false, 0, [], null, 0, 1744311839.347448, 0, {}]
[{"0": [1, 31, 34, 31, 43, 0, 1, 1, 1, 5, 1, 1, 0, 2, 2]}, null, null, 35, false, [], false, 0, [], null, 0, 1744311839.5545619, 0, {}]
[{"0": [2, 35, 33, 31, 28, 27, 36, 4, 1, 2, 4, 5, 4, 4, 0]}, null, null, 36, false, [], false, 0, [], null, 0, 1744311839.7629735, 0, {}]
[{"0": [2, 0, 1, 42, 31, 34, 26, 43, 4, 2, 1, 2, 3, 0, 1]}, null, null, 36, false, [], false, 0, [], null, 0, 1744311839.956939, 0, {}]
[{"0": [2, 43, 36, 41, 32, 41, 39, 2, 0, 1, 1, 5, 2, 2, 3]}, null, null, 37, false, [], false, 0, [], null, 0, 1744311840.1431851, 0, {}]
[{"0": [1, 34, 37, 45, 34, 4, 3, 2, 1, 0, 2, 3, 0, 2, 1]}, null, null, 37, false, [], false, 0, [], null, 0, 1744311840.3617241, 0, {}]
[{"0": [5, 32, 5, 1, 3, 2, 1, 4, 2, 1, 4, 5, 1, 3, 0]}, null, null, 38, false, [], false, 0, [], null, 0, 1744311840.5516145, 0, {}]
[{"0": [0, 45, 29, 43, 32, 37, 36, 27, 36, 2, 2, 1, 0, 5, 2]}, null, null, 39, false, [], false, 0, [], null, 0, 1744311840.7616549, 0, {}]
[{"0": [2, 29, 34, 31, 21, 0, 1, 3, 1, 1, 0, 2, 0, 0, 0]}, null, null, 39, false, [], false, 0, [], null, 0, 1744311840.956157, 0, {}]
[{"0": [2, 28, 38, 32, 32, 30, 35, 0, 2, 3, 2, 2, 2, 3, 1]}, null, null, 40, false, [], false, 0, [], null, 0, 1744311841.139044, 0, {}]
[{"0": [1, 27, 31, 38, 53, 42, 1, 0, 4, 0, 6, 2, 1, 1, 4]}, null, null, 40, false, [], false, 0, [], null, 0, 1744311841.3629875, 0, {}]
[{"0": [1, 24, 34, 3, 3, 1, 1, 1, 0, 1, 2, 0, 3, 1, 3]}, null, null, 41, false, [], false, 0, [], null, 0, 1744311841.5574777, 0, {}]
[{"0": [1, 3, 1, 1, 3, 1, 39, 0, 2, 2, 0, 4, 0, 2, 0]}, null, null, 42, false, [], false, 0, [], null, 0, 1744311841.7569075, 0, {}]
[{"0": [0, 33, 27, 27, 34, 41, 2, 1, 0, 2, 1, 1, 1, 1, 1]}, null, null, 42, false, [], false, 0, [], null, 0, 1744311841.9447522, 0, {}]
[{"0": [2, 38, 29, 40, 28, 26, 28, 4, 3, 4, 1, 5, 1, 2, 4]}, null, null, 43, false, [], false, 0, [], null, 0, 1744311842.1560197, 0, {}]
[{"0": [1, 30, 33, 31, 28, 33, 45, 2, 2, 2, 3, 3, 1, 1, 0]}, null, null, 43, false, [], false, 0, [], null, 0, 1744311842.3426578, 0, {}]
[{"0": [1, 29, 40, 33, 34, 46, 28, 31, 46, 33, 30, 1, 1, 1, 3]}, null, null, 44, false, [], false, 0, [], null, 0, 1744311842.5544896, 0, {}]
[{"0": [0, 22, 47, 0, 0, 3, 1, 1, 3, 0, 1, 0, 2, 2, 4]}, null, null, 45, false, [], false, 0, [], null, 0, 1744311842.7672343, 0, {}]
[{"0": [1, 28, 43, 40, 39, 35, 31, 32, 0, 2, 2, 2, 3, 0, 3]}, null, null, 45, false, [], false, 0, [], null, 0, 1744311842.9472368, 0, {}]
[{"0": [0, 37, 30, 35, 33, 2, 1, 0, 0, 2, 2, 0, 2, 2, 4]}, null, null, 46, false, [], false, 0, [], null, 0, 1744311843.1596386, 0, {}]
[{"0": [1, 5, 34, 3, 1, 0, 1, 0, 1, 2, 1, 1, 2, 0, 1]}, null, null, 46, false, [], false, 0, [], null, 0, 1744311843.3583817, 0, {}]
[{"0": [2, 37, 35, 29, 32, 0, 1, 2, 3, 3, 3, 1, 1, 1, 1]}, null, null, 47, false, [], false, 0, [], null, 0, 1744311843.552319, 0, {}]
[{"0": [2, 34, 5, 5, 0, 0, 4, 3, 1, 2, 2, 1, 1, 1, 2]}, null, null, 48, false, [], false, 0, [], null, 0, 1744311843.7434258, 0, {}]
[{"0": [1, 1, 1, 1, 0, 0, 33, 32, 35, 45, 31, 3, 3, 0, 3]}, null, null, 48, false, [], false, 0, [], null, 0, 1744311843.948928, 0, {}]
[{"0": [3, 29, 36, 29, 35, 31, 36, 32, 30, 1, 0, 0, 1, 1, 0]}, null, null, 49, false, [], false, 0, [], null, 0, 1744311844.1661172, 0, {}]
[{"0": [1, 36, 29, 39, 32, 2, 0, 1, 1, 1, 2, 0, 0, 1, 2]}, null, null, 49, false, [], false, 0, [], null, 0, 1744311844.365494, 0, {}]
[{"0": [0, 39, 2, 0, 4, 0, 2, 7, 2, 0, 0, 1, 0, 2, 3]}, null, null, 50, false, [], false, 0, [], null, 0, 1744311844.5612721, 0, {}]
[{"0": [0, 43, 39, 26, 31, 34, 36, 25, 43, 4, 1, 1, 0, 1, 0]}, null, null, 51, false, [], false, 0, [], null, 0, 1744311844.7569926, 0, {}]
[{"0": [1, 35, 2, 2, 3, 2, 1, 3, 4, 0, 3, 0, 2, 0, 1]}, null, null, 51, false, [], false, 0, [], null, 0, 1744311844.9543827, 0, {}]
[{"0": [1, 23, 37, 44, 28, 37, 27, 31, 29, 28, 1, 3, 1, 3, 4]}, null, null, 52, false, [], false, 0, [], null, 0, 1744311845.1427395, 0, {}]
[{"0": [2, 31, 37, 40, 32, 40, 33, 32, 1, 0, 1, 2, 2, 0, 1]}, null, null, 52, false, [], false, 0, [], null, 0, 1744311845.3576202, 0, {}]
[{"0": [2, 31, 35, 29, 30, 1, 1, 3, 1, 3, 1, 0, 3, 3, 4]}, null, null, 53, false, [], false, 0, [], null, 0, 1744311845.5480375, 0, {}]
[{"0": [2, 40, 2, 2, 2, 2, 0, 5, 2, 2, 1, 4, 0, 2, 3]}, null, null, 54, false, [], false, 0, [], null, 0, 1744311845.743472, 0, {}]
[{"0": [6, 19, 33, 22, 33, 41, 31, 36, 34, 35, 36, 26, 44, 46, 2]}, null, null, 54, false, [], false, 0, [], null, 0, 1744311845.9437735, 0, {}]
[{"0": [3, 29, 31, 3, 3, 3, 3, 3, 2, 0, 0, 0, 3, 2, 7]}, null, null, 55, false, [], false, 0, [], null, 0, 1744311846.162231, 0, {}]
[{"0": [4, 43, 37, 36, 27, 39, 45, 38, 4, 2, 2, 2, 2, 0, 3]}, null, null, 55, false, [], false, 0, [], null, 0, 1744311846.347735, 0, {}]
[{"0": [2, 34, 37, 31, 32, 4, 1, 1, 1, 2, 3, 2, 3, 6, 4]}, null, null, 56, false, [], false, 0, [], null, 0, 1744311846.5645099, 0, {}]
[{"0": [3, 43, 28, 39, 32, 48, 0, 2, 3, 2, 3, 5, 2, 1, 1]}, null, null, 57, false, [], false, 0, [], null, 0, 1744311846.7483308, 0, {}]
[{"0": [0, 41, 34, 33, 29, 25, 1, 3, 0, 1, 1, 3, 2, 2, 1]}, null, null, 57, false, [], false, 0, [], null, 0, 1744311846.9578617, 0, {}]
[{"0": [2, 43, 38, 34, 22, 1, 3, 5, 1, 0, 4, 1, 2, 3, 2]}, null, null, 58, false, [], false, 0, [], null, 0, 1744311847.1564076, 0, {}]
[{"0": [3, 29, 34, 36, 0, 2, 3, 1, 0, 1, 1, 3, 6, 4, 4]}, null, null, 58, false, [], false, 0, [], null, 0, 1744311847.3426692, 0, {}]
[{"0": [3, 23, 28, 27, 37, 26, 45, 19, 33, 2, 1, 1, 2, 1, 3]}, null, null, 59, false, [], false, 0, [], null, 0, 1744311847.565586, 0, {}]
[{"0": [3, 36, 2, 3, 0, 1, 1, 0, 3, 1, 0, 1, 2, 0, 3]}, null, null, 60, false, [], false, 0, [], null, 0, 1744311847.7481697, 0, {}]
[{"0": [1, 33, 30, 33, 22, 2, 4, 1, 2, 3, 3, 1, 1, 2, 3]}, null, null, 60, false, [], false, 0, [], null, 0, 1744311847.96601, 0, {}]
[{"0": [2, 35, 42, 38, 38, 34, 33, 32, 37, 40, 3, 3, 3, 2, 1]}, null, null, 61, false, [], false, 0, [], null, 0, 1744311848.1618214, 0, {}]
[{"0": [2, 28, 41, 28, 3, 2, 1, 2, 3, 2, 2, 3, 4, 1, 1]}, null, null, 61, false, [], false, 0, [], null, 0, 1744311848.3424199, 0, {}]
[{"0": [4, 41, 31, 37, 34, 4, 2, 1, 2, 2, 1, 2, 1, 1, 2]}, null, null, 62, false, [], false, 0, [], null, 0, 1744311848.552005, 0, {}]
[{"0": [2, 2, 3, 2, 2, 4, 0, 1, 1, 3, 3, 2, 3, 2, 1]}, null, null, 63, false, [], false, 0, [], null, 0, 1744311848.7443075, 0, {}]
[{"0": [3, 32, 29, 37, 32, 31, 35, 21, 25, 2, 2, 0, 3, 2, 1]}, null, null, 63, false, [], false, 0, [], null, 0, 1744311848.9639928, 0, {}]
[{"0": [7, 5, 0, 1, 2, 2, 1, 3, 1, 28, 45, 35, 32, 28, 41]}, null, null, 64, false, [], false, 0, [], null, 0, 1744311849.1602092, 0, {}]
[{"0": [1, 32, 24, 30, 37, 1, 0, 2, 3, 0, 0, 2, 3, 1, 2]}, null, null, 64, false, [], false, 0, [], null, 0, 1744311849.3575432, 0, {}]
[{"0": [1, 33, 28, 35, 1, 0, 3, 0, 1, 3, 0, 1, 1, 3, 0]}, null, null, 65, false, [], false, 0, [], null, 0, 1744311849.5519803, 0, {}]
[{"0": [5, 44, 25, 5, 3, 3, 0, 2, 3, 1, 0, 6, 6, 1, 2]}, null, null, 66, false, [], false, 0, [], null, 0, 1744311849.7444148, 0, {}]
[{"0": [2, 33, 33, 27, 27, 28, 32, 38, 1, 2, 1, 2, 0, 4, 1]}, null, null, 66, false, [], false, 0, [], null, 0, 1744311849.9579217, 0, {}]
[{"0": [2, 36, 30, 36, 29, 30, 3, 2, 1, 1, 1, 1, 1, 2, 1]}, null, null, 67, false, [], false, 0, [], null, 0, 1744311850.1470757, 0, {}]
[{"0": [2, 30, 30, 36, 24, 26, 29, 38, 28, 32, 37, 2, 2, 2, 3]}, null, null, 67, false, [], false, 0, [], null, 0, 1744311850.360189, 0, {}]
[{"0": [3, 43, 37, 38, 31, 30, 43, 27, 33, 33, 21, 36, 29, 34, 26]}, null, null, 68, false, [], false, 0, [], null, 0, 1744311850.543681, 0, {}]
[{"0": [2, 29, 36, 27, 2, 4, 1, 3, 8, 2, 1, 2, 1, 3, 4]}, null, null, 69, false, [], false, 0, [], null, 0, 1744311850.7583163, 0, {}]
[{"0": [2, 39, 23, 41, 33, 24, 44, 31, 22, 2, 4, 3, 2, 1, 0]}, null, null, 69, false, [], false, 0, [], null, 0, 1744311850.9526167, 0, {}]
[{"0": [1, 18, 0, 4, 3, 2, 2, 0, 3, 1, 1, 3, 2, 2, 2]}, null, null, 70, false, [], false, 0, [], null, 0, 1744311851.1651397, 0, {}]
[{"0": [2, 30, 25, 2, 0, 3, 3, 2, 0, 1, 0, 0, 4, 2, 1]}, null, null, 70, false, [], false, 0, [], null, 0, 1744311851.3612819, 0, {}]
[{"0": [1, 37, 28, 29, 33, 0, 1, 5, 2, 1, 0, 2, 3, 2, 3]}, null, null, 71, false, [], false, 0, [], null, 0, 1744311851.56398, 0, {}]
[{"0": [1, 35, 2, 1, 1, 0, 4, 1, 3, 2, 0, 2, 0, 0, 0]}, null, null, 72, false, [], false, 0, [], null, 0, 1744311851.7642, 0, {}]
[{"0": [2, 32, 28, 32, 37, 2, 4, 2, 4, 1, 2, 3, 0, 1, 0]}, null, null, 72, false, [], false, 0, [], null, 0, 1744311851.963825, 0, {}]
[{"0": [2, 35, 33, 2, 3, 2, 2, 4, 4, 0, 4, 0, 1, 0, 0]}, null, null, 73, false, [], false, 0, [], null, 0, 1744311852.160622, 0, {}]
[{"0": [0, 42, 34, 3, 0, 4, 1, 0, 5, 2, 2, 2, 2, 1, 1]}, null, null, 73, false, [], false, 0, [], null, 0, 1744311852.3604999, 0, {}]
[{"0": [4, 38, 24, 37, 36, 4, 3, 3, 3, 2, 6, 2, 2, 2, 1]}, null, null, 74, false, [], false, 0, [], null, 0, 1744311852.556758, 0, {}]
[{"0": [3, 1, 5, 35, 37, 0, 2, 6, 2, 2, 1, 6, 1, 1, 1]}, null, null, 75, false, [], false, 0, [], null, 0, 1744311852.7539375, 0, {}]
[{"0": [4, 43, 32, 1, 4, 2, 4, 2, 2, 0, 1, 0, 0, 6, 1]}, null, null, 75, false, [], false, 0, [], null, 0, 1744311852.9464152, 0, {}]
[{"0": [1, 48, 36, 21, 26, 43, 1, 1, 1, 2, 2, 0, 1, 1, 1]}, null, null, 76, false, [], false, 0, [], null, 0, 1744311853.1507742, 0, {}]
[{"0": [1, 28, 30, 36, 29, 34, 33, 32, 36, 37, 3, 0, 2, 0, 2]}, null, null, 77, false, [], false, 0, [], null, 0, 1744311853.35914, 0, {}]
[{"0": [1, 36, 32, 32, 3, 0, 2, 3, 1, 0, 2, 2, 2, 0, 1]}, null, null, 77, false, [], false, 0, [], null, 0, 1744311853.5564306, 0, {}]
[{"0": [2, 24, 38, 26, 9, 2, 0, 3, 2, 1, 0, 3, 3, 2, 1]}, null, null, 78, false, [], false, 0, [], null, 0, 1744311853.7450953, 0, {}]
[{"0": [2, 36, 23, 1, 3, 1, 2, 0, 1, 3, 2, 2, 1, 1, 1]}, null, null, 78, false, [], false, 0, [], null, 0, 1744311853.948059, 0, {}]
[{"0": [3, 30, 26, 33, 41, 3, 1, 2, 2, 3, 1, 2, 0, 1, 1]}, null, null, 79, false, [], false, 0, [], null, 0, 1744311854.1613894, 0, {}]
[{"0": [0, 29, 1, 3, 3, 2, 2, 2, 0, 1, 1, 2, 2, 1, 2]}, null, null, 80, false, [], false, 0, [], null, 0, 1744311854.3554683, 0, {}]
[{"0": [42, 50, 37, 41, 41, 3, 1, 1, 1, 1, 4, 2, 3, 1, 1]}, null, null, 80, false, [], false, 0, [], null, 0, 1744311854.552937, 0, {}]
[{"0": [3, 3, 2, 1, 4, 33, 38, 2, 1, 1, 3, 2, 0, 1, 3]}, null, null, 81, false, [], false, 0, [], null, 0, 1744311854.7583883, 0, {}]
[{"0": [3, 32, 42, 41, 27, 25, 29, 42, 33, 45, 0, 2, 2, 4, 5]}, null, null, 81, false, [], false, 0, [], null, 0, 1744311854.960874, 0, {}]
[{"0": [0, 33, 43, 29, 30, 29, 32, 35, 0, 1, 0, 1, 2, 2, 1]}, null, null, 82, false, [], false, 0, [], null, 0, 1744311855.1478605, 0, {}]
[{"0": [4, 37, 36, 41, 3, 3, 1, 3, 0, 2, 3, 2, 3, 5, 2]}, null, null, 83, false, [], false, 0, [], null, 0, 1744311855.3543441, 0, {}]
[{"0": [2, 27, 31, 30, 40, 30, 24, 29, 36, 5, 2, 2, 2, 2, 3]}, null, null, 83, false, [], false, 0, [], null, 0, 1744311855.5437007, 0, {}]
[{"0": [2, 39, 0, 2, 3, 4, 4, 1, 1, 2, 1, 1, 1, 1, 4]}, null, null, 84, false, [], false, 0, [], null, 0, 1744311855.7492228, 0, {}]
[{"0": [1, 32, 46, 41, 37, 34, 32, 36, 30, 37, 37, 32, 37, 29, 0]}, null, null, 84, false, [], false, 0, [], null, 0, 1744311855.9646068, 0, {}]
[{"0": [2, 33, 35, 34, 0, 0, 2, 3, 1, 1, 2, 2, 4, 0, 5]}, null, null, 85, false, [], false, 0, [], null, 0, 1744311856.143576, 0, {}]
[{"0": [2, 34, 43, 3, 2, 3, 0, 4, 1, 2, 3, 2, 4, 6, 0]}, null, null, 86, false, [], false, 0, [], null, 0, 1744311856.3635118, 0, {}]
[{"0": [1, 35, 33, 36, 24, 37, 31, 36, 34, 35, 33, 33, 30, 29, 32]}, null, null, 86, false, [], false, 0, [], null, 0, 1744311856.5591223, 0, {}]
[{"0": [1, 33, 35, 28, 35, 3, 2, 2, 1, 5, 1, 2, 2, 0, 1]}, null, null, 87, false, [], false, 0, [], null, 0, 1744311856.7611907, 0, {}]
[{"0": [1, 45, 29, 38, 40, 30, 22, 24, 28, 25, 40, 46, 42, 29, 1]}, null, null, 87, false, [], false, 0, [], null, 0, 1744311856.952418, 0, {}]
[{"0": [0, 48, 25, 31, 28, 39, 37, 24, 3, 4, 0, 5, 2, 2, 3]}, null, null, 88, false, [], false, 0, [], null, 0, 1744311857.1650343, 0, {}]
[{"0": [0, 34, 33, 24, 35, 1, 2, 2, 1, 2, 2, 1, 2, 2, 3]}, null, null, 89, false, [], false, 0, [], null, 0, 1744311857.3629477, 0, {}]
[{"0": [1, 34, 39, 38, 34, 28, 3, 2, 2, 2, 1, 4, 1, 3, 2]}, null, null, 89, false, [], false, 0, [], null, 0, 1744311857.5626748, 0, {}]
[{"0": [1, 2, 2, 3, 4, 1, 0, 1, 1, 1, 2, 2, 0, 1, 4]}, null, null, 90, false, [], false, 0, [], null, 0, 1744311857.7645843, 0, {}]
[{"0": [1, 41, 2, 3, 2, 2, 2, 4, 0, 1, 3, 4, 2, 4, 1]}, null, null, 90, false, [], false, 0, [], null, 0, 1744311857.942772, 0, {}]
[{"0": [2, 36, 24, 0, 2, 2, 2, 1, 2, 1, 3, 3, 2, 4, 3]}, null, null, 91, false, [], false, 0, [], null, 0, 1744311858.1613038, 0, {}]
[{"0": [6, 31, 39, 38, 39, 27, 30, 29, 32, 29, 29, 36, 1, 0, 1]}, null, null, 92, false, [], false, 0, [], null, 0, 1744311858.3515065, 0, {}]
[{"0": [1, 28, 0, 1, 1, 3, 2, 0, 3, 0, 8, 0, 1, 0, 0]}, null, null, 92, false, [], false, 0, [], null, 0, 1744311858.5453203, 0, {}]
[{"0": [2, 36, 35, 33, 2, 1, 4, 3, 3, 1, 2, 2, 2, 0, 2]}, null, null, 93, false, [], false, 0, [], null, 0, 1744311858.7446592, 0, {}]
[{"0": [2, 22, 23, 39, 3, 2, 1, 2, 0, 1, 0, 0, 1, 1, 3]}, null, null, 93, false, [], false, 0, [], null, 0, 1744311858.9587932, 0, {}]
[{"0": [0, 33, 43, 3, 1, 2, 1, 1, 1, 3, 1, 0, 2, 3, 5]}, null, null, 94, false, [], false, 0, [], null, 0, 1744311859.14634, 0, {}]
[{"0": [1, 32, 28, 4, 0, 3, 6, 0, 2, 1, 1, 2, 4, 3, 2]}, null, null, 95, false, [], false, 0, [], null, 0, 1744311859.3590255, 0, {}]
[{"0": [2, 31, 1, 1, 0, 3, 0, 2, 1, 0, 0, 1, 1, 2, 1]}, null, null, 95, false, [], false, 0, [], null, 0, 1744311859.5456338, 0, {}]
[{"0": [4, 35, 30, 37, 38, 37, 32, 28, 20, 33, 24, 34, 33, 45, 33]}, null, null, 96, false, [], false, 0, [], null, 0, 1744311859.7580626, 0, {}]
[{"0": [2, 46, 25, 34, 30, 31, 3, 0, 3, 0, 2, 2, 0, 2, 3]}, null, null, 96, false, [], false, 0, [], null, 0, 1744311859.950475, 0, {}]
[{"0": [3, 42, 39, 30, 38, 28, 24, 26, 1, 2, 2, 0, 1, 2, 3]}, null, null, 97, false, [], false, 0, [], null, 0, 1744311860.1465824, 0, {}]
[{"0": [1, 34, 28, 2, 1, 3, 1, 2, 6, 1, 1, 1, 3, 3, 0]}, null, null, 98, false, [], false, 0, [], null, 0, 1744311860.3464413, 0, {}]
[{"0": [37, 27, 32, 34, 34, 29, 20, 0, 1, 2, 4, 1, 0, 4, 4]}, null, null, 98, false, [], false, 0, [], null, 0, 1744311860.5608487, 0, {}]
[{"0": [0, 32, 27, 29, 30, 18, 48, 25, 35, 0, 2, 1, 1, 4, 4]}, null, null, 99, false, [], false, 0, [], null, 0, 1744311860.765904, 0, {}]
[{"0": [1, 34, 1, 2, 2, 2, 2, 2, 1, 1, 1, 3, 0, 0, 2]}, null, null, 99, false, [], false, 0, [], null, 0, 1744311860.9498007, 0, {}]
[{"0": [2, 37, 29, 32, 29, 26, 3, 1, 3, 4, 1, 3, 1, 2, 2]}, null, null, 100, false, [], false, 0, [], null, 0, 1744311861.1626463, 0, {}]
[{"0": [0, 47, 33, 39, 30, 44, 32, 3, 3, 1, 3, 2, 0, 4, 0]}, null, null, 101, false, [], false, 0, [], null, 0, 1744311861.3595393, 0, {}]
[{"0": [3, 3, 49, 32, 39, 32, 41, 34, 28, 4, 3, 5, 0, 1, 2]}, null, null, 101, false, [], false, 0, [], null, 0, 1744311861.5597014, 0, {}]
[{"0": [0, 34, 2, 2, 1, 2, 1, 1, 1, 0, 2, 2, 2, 1, 1]}, null, null, 102, false, [], false, 0, [], null, 0, 1744311861.7509725, 0, {}]
[{"0": [2, 24, 3, 4, 1, 1, 1, 2, 1, 4, 1, 2, 2, 2, 3]}, null, null, 102, false, [], false, 0, [], null, 0, 1744311861.9454205, 0, {}]
[{"0": [3, 37, 38, 38, 31, 32, 35, 38, 37, 43, 34, 25, 27, 32, 37]}, null, null, 103, false, [], false, 0, [], null, 0, 1744311862.1576536, 0, {}]
[{"0": [2, 46, 28, 29, 47, 2, 1, 3, 2, 0, 1, 3, 5, 0, 0]}, null, null, 104, false, [], false, 0, [], null, 0, 1744311862.3627295, 0, {}]
[{"0": [2, 29, 20, 40, 27, 25, 31, 36, 36, 1, 0, 0, 2, 3, 3]}, null, null, 104, false, [], false, 0, [], null, 0, 1744311862.5643234, 0, {}]
[{"0": [4, 24, 30, 39, 30, 37, 32, 28, 0, 3, 1, 1, 0, 0, 4]}, null, null, 105, false, [], false, 0, [], null, 0, 1744311862.7451384, 0, {}]
[{"0": [1, 1, 2, 2, 3, 1, 5, 1, 2, 2, 28, 31, 0, 2, 2]}, null, null, 105, false, [], false, 0, [], null, 0, 1744311862.970431, 0, {}]
[{"0": [1, 1, 1, 3, 39, 3, 3, 1, 0, 3, 2, 3, 0, 3, 2]}, null, null, 106, false, [], false, 0, [], null, 0, 1744311863.1694517, 0, {}]
[{"0": [5, 36, 41, 2, 0, 2, 7, 1, 3, 3, 1, 1, 1, 1, 3]}, null, null, 107, false, [], false, 0, [], null, 0, 1744311863.3453603, 0, {}]
[{"0": [23, 28, 36, 38, 36, 31, 37, 36, 23, 34, 37, 35, 1, 1, 0]}, null, null, 107, false, [], false, 0, [], null, 0, 1744311863.5572498, 0, {}]
[{"0": [0, 26, 36, 3, 5, 2, 3, 2, 1, 0, 2, 3, 0, 2, 2]}, null, null, 108, false, [], false, 0, [], null, 0, 1744311863.7511451, 0, {}]
[{"0": [3, 43, 1, 0, 0, 1, 0, 4, 4, 0, 4, 3, 3, 2, 3]}, null, null, 108, false, [], false, 0, [], null, 0, 1744311863.9635751, 0, {}]
[{"0": [2, 39, 37, 4, 0, 3, 0, 2, 1, 0, 1, 2, 2, 1, 1]}, null, null, 109, false, [], false, 0, [], null, 0, 1744311864.1583877, 0, {}]
[{"0": [2, 42, 47, 36, 24, 7, 1, 0, 5, 2, 4, 4, 2, 2, 1]}, null, null, 110, false, [], false, 0, [], null, 0, 1744311864.36192, 0, {}]
[{"0": [52, 1, 3, 2, 2, 0, 3, 2, 0, 1, 3, 0, 2, 1, 4]}, null, null, 110, false, [], false, 0, [], null, 0, 1744311864.5654898, 0, {}]
[{"0": [3, 25, 43, 1, 3, 1, 1, 3, 1, 3, 1, 3, 3, 2, 3]}, null, null, 111, false, [], false, 0, [], null, 0, 1744311864.7679644, 0, {}]
[{"0": [3, 27, 34, 31, 2, 1, 1, 1, 1, 3, 3, 0, 3, 0, 2]}, null, null, 111, false, [], false, 0, [], null, 0, 1744311864.9471295, 0, {}]
[{"0": [2, 27, 32, 32, 32, 0, 4, 0, 1, 0, 1, 3, 3, 1, 2]}, null, null, 112, false, [], false, 0, [], null, 0, 1744311865.1527028, 0, {}]
[{"0": [1, 32, 27, 36, 35, 30, 32, 31, 24, 29, 28, 2, 3, 2, 2]}, null, null, 113, false, [], false, 0, [], null, 0, 1744311865.358037, 0, {}]
[{"0": [3, 35, 29, 2, 1, 1, 2, 1, 1, 1, 3, 1, 1, 1, 0]}, null, null, 113, false, [], false, 0, [], null, 0, 1744311865.5449839, 0, {}]
[{"0": [1, 31, 0, 0, 4, 3, 0, 0, 1, 4, 1, 2, 1, 2, 3]}, null, null, 114, false, [], false, 0, [], null, 0, 1744311865.7560458, 0, {}]
[{"0": [1, 48, 28, 35, 41, 21, 32, 40, 29, 2, 1, 4, 0, 6, 3]}, null, null, 114, false, [], false, 0, [], null, 0, 1744311865.9630296, 0, {}]
[{"0": [1, 26, 33, 25, 1, 5, 2, 2, 0, 4, 3, 5, 4, 0, 2]}, null, null, 115, false, [], false, 0, [], null, 0, 1744311866.1568894, 0, {}]
[{"0": [1, 34, 2, 1, 1, 1, 2, 1, 0, 0, 2, 2, 3, 4, 1]}, null, null, 116, false, [], false, 0, [], null, 0, 1744311866.3465195, 0, {}]
[{"0": [2, 33, 32, 27, 42, 33, 33, 27, 33, 33, 43, 34, 2, 1, 1]}, null, null, 116, false, [], false, 0, [], null, 0, 1744311866.5618641, 0, {}]
[{"0": [1, 24, 35, 45, 38, 34, 38, 23, 30, 31, 31, 3, 3, 3, 3]}, null, null, 117, false, [], false, 0, [], null, 0, 1744311866.7585583, 0, {}]
[{"0": [3, 24, 39, 32, 38, 30, 33, 29, 32, 1, 2, 0, 1, 2, 0]}, null, null, 117, false, [], false, 0, [], null, 0, 1744311866.9514015, 0, {}]
[{"0": [1, 41, 34, 2, 2, 2, 1, 4, 4, 1, 1, 3, 2, 0, 1]}, null, null, 118, false, [], false, 0, [], null, 0, 1744311867.149718, 0, {}]
[{"0": [4, 37, 36, 5, 3, 1, 1, 1, 2, 1, 0, 1, 2, 2, 1]}, null, null, 119, false, [], false, 0, [], null, 0, 1744311867.3526533, 0, {}]
[{"0": [2, 28, 28, 29, 44, 23, 27, 28, 34, 25, 28, 0, 3, 2, 6]}, null, null, 119, false, [], false, 0, [], null, 0, 1744311867.5551887, 0, {}]
[{"0": [3, 33, 41, 36, 37, 28, 34, 49, 34, 37, 35, 40, 28, 2, 5]}, null, null, 120, false, [], false, 0, [], null, 0, 1744311867.7618566, 0, {}]
[{"0": [2, 25, 3, 2, 1, 3, 2, 2, 2, 4, 1, 3, 3, 2, 0]}, null, null, 120, false, [], false, 0, [], null, 0, 1744311867.9616797, 0, {}]
[{"0": [2, 40, 29, 39, 2, 4, 5, 3, 1, 0, 1, 4, 2, 3, 1]}, null, null, 121, false, [], false, 0, [], null, 0, 1744311868.154471, 0, {}]
[{"0": [3, 36, 32, 0, 5, 4, 2, 0, 0, 1, 2, 4, 2, 3, 2]}, null, null, 122, false, [], false, 0, [], null, 0, 1744311868.3587546, 0, {}]
[{"0": [0, 41, 36, 27, 29, 0, 3, 2, 6, 0, 2, 3, 5, 0, 2]}, null, null, 122, false, [], false, 0, [], null, 0, 1744311868.5552094, 0, {}]
[{"0": [2, 36, 30, 32, 34, 1, 1, 0, 1, 1, 1, 2, 3, 4, 0]}, null, null, 123, false, [], false, 0, [], null, 0, 1744311868.768768, 0, {}]
[{"0": [2, 42, 38, 46, 30, 44, 35, 39, 2, 4, 0, 2, 2, 2, 2]}, null, null, 123, false, [], false, 0, [], null, 0, 1744311868.9489622, 0, {}]
[{"0": [4, 35, 32, 37, 49, 33, 34, 44, 37, 38, 37, 25, 5, 1, 1]}, null, null, 124, false, [], false, 0, [], null, 0, 1744311869.1672344, 0, {}]
[{"0": [5, 34, 3, 3, 2, 2, 0, 1, 5, 0, 0, 3, 3, 3, 1]}, null, null, 125, false, [], false, 0, [], null, 0, 1744311869.367402, 0, {}]
[{"0": [4, 30, 2, 2, 2, 4, 2, 0, 5, 3, 3, 0, 4, 3, 2]}, null, null, 125, false, [], false, 0, [], null, 0, 1744311869.543277, 0, {}]
[{"0": [2, 33, 31, 41, 27, 3, 1, 2, 0, 1, 2, 3, 2, 2, 1]}, null, null, 126, false, [], false, 0, [], null, 0, 1744311869.7645395, 0, {}]
[{"0": [1, 25, 39, 2, 4, 1, 2, 4, 1, 2, 0, 3, 0, 2, 5]}, null, null, 127, false, [], false, 0, [], null, 0, 1744311869.9697487, 0, {}]
[{"0": [4, 30, 33, 30, 0, 4, 2, 4, 2, 0, 2, 1, 1, 1, 1]}, null, null, 127, false, [], false, 0, [], null, 0, 1744311870.149909, 0, {}]
[{"0": [4, 34, 31, 31, 35, 45, 37, 39, 30, 35, 31, 5, 2, 3, 1]}, null, null, 128, false, [], false, 0, [], null, 0, 1744311870.3616035, 0, {}]
[{"0": [1, 51, 34, 28, 29, 34, 19, 32, 33, 37, 4, 1, 3, 1, 3]}, null, null, 128, false, [], false, 0, [], null, 0, 1744311870.559339, 0, {}]
[{"0": [2, 36, 3, 1, 0, 3, 2, 2, 1, 2, 3, 2, 0, 2, 5]}, null, null, 129, false, [], false, 0, [], null, 0, 1744311870.7576187, 0, {}]
[{"0": [1, 35, 35, 2, 2, 2, 1, 1, 1, 1, 4, 0, 1, 1, 3]}, null, null, 130, false, [], false, 0, [], null, 0, 1744311870.9468036, 0, {}]
[{"0": [2, 35, 0, 0, 4, 4, 1, 3, 2, 1, 1, 3, 3, 0, 1]}, null, null, 130, false, [], false, 0, [], null, 0, 1744311871.1662555, 0, {}]
[{"0": [0, 35, 27, 35, 2, 2, 2, 3, 1, 3, 1, 2, 2, 1, 2]}, null, null, 131, false, [], false, 0, [], null, 0, 1744311871.347019, 0, {}]
[{"0": [1, 29, 27, 3, 2, 0, 3, 3, 6, 0, 1, 1, 0, 2, 7]}, null, null, 131, false, [], false, 0, [], null, 0, 1744311871.5608432, 0, {}]
[{"0": [2, 39, 23, 2, 3, 2, 2, 1, 2, 2, 5, 1, 3, 3, 2]}, null, null, 132, false, [], false, 0, [], null, 0, 1744311871.7686856, 0, {}]
[{"0": [3, 32, 4, 2, 3, 2, 4, 3, 2, 5, 3, 5, 4, 1, 0]}, null, null, 133, false, [], false, 0, [], null, 0, 1744311871.9498572, 0, {}]
[{"0": [2, 0, 2, 37, 35, 37, 35, 32, 32, 33, 27, 1, 3, 1, 3]}, null, null, 133, false, [], false, 0, [], null, 0, 1744311872.1694167, 0, {}]
[{"0": [2, 31, 28, 34, 40, 35, 43, 28, 24, 1, 0, 1, 0, 1, 1]}, null, null, 134, false, [], false, 0, [], null, 0, 1744311872.3715706, 0, {}]
[{"0": [1, 36, 39, 35, 28, 29, 38, 41, 26, 2, 3, 2, 1, 0, 1]}, null, null, 134, false, [], false, 0, [], null, 0, 1744311872.547973, 0, {}]
[{"0": [1, 21, 43, 37, 39, 25, 1, 3, 2, 1, 1, 3, 1, 4, 3]}, null, null, 135, false, [], false, 0, [], null, 0, 1744311872.7579403, 0, {}]
[{"0": [1, 34, 47, 31, 38, 29, 35, 28, 35, 31, 33, 4, 1, 0, 0]}, null, null, 136, false, [], false, 0, [], null, 0, 1744311872.950955, 0, {}]
[{"0": [2, 31, 1, 2, 2, 0, 1, 3, 4, 0, 3, 5, 2, 2, 0]}, null, null, 136, false, [], false, 0, [], null, 0, 1744311873.1529088, 0, {}]
[{"0": [1, 34, 37, 37, 2, 2, 1, 3, 1, 0, 0, 1, 1, 1, 3]}, null, null, 137, false, [], false, 0, [], null, 0, 1744311873.3646197, 0, {}]
[{"0": [1, 36, 34, 31, 35, 39, 35, 38, 45, 43, 34, 34, 29, 33, 1]}, null, null, 137, false, [], false, 0, [], null, 0, 1744311873.5564034, 0, {}]
[{"0": [2, 38, 38, 53, 45, 2, 3, 3, 1, 3, 2, 2, 0, 2, 0]}, null, null, 138, false, [], false, 0, [], null, 0, 1744311873.7624261, 0, {}]
[{"0": [1, 0, 2, 1, 0, 2, 6, 3, 1, 40, 0, 4, 1, 1, 1]}, null, null, 139, false, [], false, 0, [], null, 0, 1744311873.9543498, 0, {}]
[{"0": [1, 47, 31, 33, 1, 0, 3, 2, 1, 0, 1, 4, 1, 2, 1]}, null, null, 139, false, [], false, 0, [], null, 0, 1744311874.1655376, 0, {}]
[{"0": [2, 4, 3, 1, 35, 33, 28, 39, 35, 32, 43, 2, 2, 0, 3]}, null, null, 140, false, [], false, 0, [], null, 0, 1744311874.360251, 0, {}]
[{"0": [1, 0, 48, 27, 41, 0, 3, 3, 3, 0, 2, 3, 2, 0, 1]}, null, null, 140, false, [], false, 0, [], null, 0, 1744311874.564851, 0, {}]
[{"0": [1, 30, 27, 33, 46, 34, 29, 34, 51, 38, 41, 31, 29, 47, 26]}, null, null, 141, false, [], false, 0, [], null, 0, 1744311874.761775, 0, {}]
[{"0": [2, 29, 29, 3, 2, 3, 2, 3, 0, 2, 2, 3, 4, 0, 2]}, null, null, 142, false, [], false, 0, [], null, 0, 1744311874.961312, 0, {}]
[{"0": [1, 33, 29, 31, 42, 38, 30, 33, 27, 37, 37, 33, 42, 28, 30]}, null, null, 142, false, [], false, 0, [], null, 0, 1744311875.155619, 0, {}]
[{"0": [2, 40, 37, 38, 32, 47, 35, 35, 3, 5, 0, 1, 3, 4, 1]}, null, null, 143, false, [], false, 0, [], null, 0, 1744311875.347422, 0, {}]
[{"0": [1, 32, 37, 29, 40, 2, 1, 1, 3, 0, 2, 2, 3, 2, 3]}, null, null, 143, false, [], false, 0, [], null, 0, 1744311875.56033, 0, {}]
[{"0": [1, 37, 1, 2, 3, 3, 5, 1, 0, 5, 0, 3, 3, 4, 2]}, null, null, 144, false, [], false, 0, [], null, 0, 1744311875.7544372, 0, {}]
[{"0": [5, 35, 32, 32, 32, 24, 43, 27, 4, 1, 1, 2, 0, 2, 0]}, null, null, 145, false, [], false, 0, [], null, 0, 1744311875.9574842, 0, {}]
[{"0": [2, 40, 35, 38, 37, 37, 43, 34, 2, 3, 1, 0, 3, 3, 2]}, null, null, 145, false, [], false, 0, [], null, 0, 1744311876.1688616, 0, {}]
[{"0": [1, 5, 2, 0, 1, 3, 43, 33, 37, 2, 1, 1, 3, 2, 1]}, null, null, 146, false, [], false, 0, [], null, 0, 1744311876.3661401, 0, {}]
[{"0": [3, 42, 2, 3, 2, 5, 2, 1, 1, 3, 1, 1, 0, 2, 1]}, null, null, 146, false, [], false, 0, [], null, 0, 1744311876.555431, 0, {}]
[{"0": [2, 2, 3, 3, 30, 2, 1, 0, 1, 2, 0, 0, 1, 2, 3]}, null, null, 147, false, [], false, 0, [], null, 0, 1744311876.7595112, 0, {}]
[{"0": [1, 37, 35, 21, 29, 2, 5, 3, 3, 4, 1, 1, 3, 3, 1]}, null, null, 148, false, [], false, 0, [], null, 0, 1744311876.9541578, 0, {}]
[{"0": [7, 27, 34, 45, 54, 35, 51, 32, 31, 1, 1, 1, 2, 3, 3]}, null, null, 148, false, [], false, 0, [], null, 0, 1744311877.146955, 0, {}]
[{"0": [4, 3, 1, 2, 3, 1, 35, 36, 38, 0, 2, 3, 0, 3, 1]}, null, null, 149, false, [], false, 0, [], null, 0, 1744311877.3503993, 0, {}]
[{"0": [2, 34, 33, 40, 35, 39, 3, 2, 2, 5, 1, 3, 2, 0, 1]}, null, null, 149, false, [], false, 0, [], null, 0, 1744311877.5653026, 0, {}]
[{"0": [2, 31, 28, 4, 5, 2, 0, 1, 7, 4, 1, 4, 3, 0, 1]}, null, null, 150, true, [], false, 0, [], null, 0, 1744311877.762768, 0, {}]
