[{"0": [2, 0, 2, 3, 2, 2, 2, 1, 2, 3, 2, 32, 28, 27, 29, 38, 25]}, null, null, 0, false, [], false, 0, [], null, 0, 1744330269.5048013, 0, {}]
[{"0": [5, 1, 2, 1, 3, 32, 31, 36, 32, 33, 27, 24, 0, 0, 1, 1, 2]}, null, null, 1, false, [], false, 0, [], null, 0, 1744330269.7245457, 0, {}]
[{"0": [3, 4, 1, 0, 1, 2, 1, 42, 33, 25, 38, 1, 1, 1, 2, 1, 5]}, null, null, 1, false, [], false, 0, [], null, 0, 1744330269.9512925, 0, {}]
[{"0": [1, 6, 2, 2, 1, 2, 5, 4, 2, 3, 25, 2, 2, 3, 2, 1, 2]}, null, null, 2, false, [], false, 0, [], null, 0, 1744330270.1641755, 0, {}]
[{"0": [2, 4, 3, 1, 0, 3, 2, 2, 3, 1, 26, 27, 41, 38, 25, 32, 40]}, null, null, 2, false, [], false, 0, [], null, 0, 1744330270.3854668, 0, {}]
[{"0": [39, 28, 31, 30, 33, 34, 48, 28, 33, 41, 28, 5, 2, 2, 6, 3, 3]}, null, null, 3, false, [], false, 0, [], null, 0, 1744330270.5943248, 0, {}]
[{"0": [1, 2, 1, 2, 3, 1, 0, 4, 0, 3, 3, 32, 25, 33, 28, 29, 32]}, null, null, 4, false, [], false, 0, [], null, 0, 1744330270.8276837, 0, {}]
[{"0": [1, 2, 3, 1, 4, 1, 1, 3, 1, 1, 36, 3, 2, 1, 0, 1, 2]}, null, null, 4, false, [], false, 0, [], null, 0, 1744330271.0354645, 0, {}]
[{"0": [0, 1, 1, 0, 3, 1, 0, 1, 1, 1, 0, 4, 0, 1, 31, 34, 27]}, null, null, 5, false, [], false, 0, [], null, 0, 1744330271.245268, 0, {}]
[{"0": [32, 3, 6, 1, 4, 2, 0, 0, 3, 5, 1, 0, 2, 7, 3, 1, 3]}, null, null, 5, false, [], false, 0, [], null, 0, 1744330271.476951, 0, {}]
[{"0": [3, 1, 3, 2, 3, 30, 27, 29, 26, 32, 21, 29, 41, 43, 32, 35, 26]}, null, null, 6, false, [], false, 0, [], null, 0, 1744330271.6895282, 0, {}]
[{"0": [0, 3, 5, 0, 2, 1, 3, 4, 3, 0, 33, 1, 2, 2, 1, 3, 0]}, null, null, 7, false, [], false, 0, [], null, 0, 1744330271.9085677, 0, {}]
[{"0": [26, 38, 2, 1, 1, 4, 4, 1, 4, 0, 0, 0, 3, 0, 2, 3, 1]}, null, null, 7, false, [], false, 0, [], null, 0, 1744330272.1112304, 0, {}]
[{"0": [4, 5, 1, 2, 3, 1, 2, 40, 33, 27, 29, 32, 33, 30, 35, 30, 36]}, null, null, 8, false, [], false, 0, [], null, 0, 1744330272.3383708, 0, {}]
[{"0": [0, 1, 2, 2, 3, 2, 1, 0, 0, 0, 0, 1, 1, 1, 0, 2, 2]}, null, null, 8, false, [], false, 0, [], null, 0, 1744330272.5547216, 0, {}]
[{"0": [4, 2, 3, 3, 1, 3, 3, 0, 1, 1, 3, 25, 35, 22, 40, 29, 36]}, null, null, 9, false, [], false, 0, [], null, 0, 1744330272.7711432, 0, {}]
[{"0": [0, 2, 0, 3, 0, 1, 2, 3, 5, 1, 2, 33, 1, 0, 4, 2, 1]}, null, null, 10, false, [], false, 0, [], null, 0, 1744330272.9904115, 0, {}]
[{"0": [0, 3, 0, 2, 3, 1, 2, 2, 2, 0, 0, 3, 2, 4, 2, 0, 38]}, null, null, 10, false, [], false, 0, [], null, 0, 1744330273.21797, 0, {}]
[{"0": [2, 2, 3, 2, 2, 0, 3, 2, 4, 3, 1, 2, 29, 27, 38, 27, 32]}, null, null, 11, false, [], false, 0, [], null, 0, 1744330273.4117615, 0, {}]
[{"0": [0, 0, 1, 2, 2, 2, 0, 2, 4, 3, 3, 0, 0, 2, 2, 1, 27]}, null, null, 11, false, [], false, 0, [], null, 0, 1744330273.6397798, 0, {}]
[{"0": [1, 1, 3, 5, 2, 3, 1, 25, 2, 2, 1, 3, 2, 3, 0, 4, 3]}, null, null, 12, false, [], false, 0, [], null, 0, 1744330273.8482912, 0, {}]
[{"0": [2, 2, 3, 0, 1, 0, 3, 2, 2, 2, 4, 0, 37, 28, 28, 35, 44]}, null, null, 13, false, [], false, 0, [], null, 0, 1744330274.0703666, 0, {}]
[{"0": [2, 4, 4, 3, 3, 2, 1, 0, 1, 35, 32, 2, 3, 1, 0, 1, 1]}, null, null, 13, false, [], false, 0, [], null, 0, 1744330274.280368, 0, {}]
[{"0": [3, 2, 3, 4, 3, 3, 0, 3, 3, 3, 28, 29, 30, 24, 37, 35, 42]}, null, null, 14, false, [], false, 0, [], null, 0, 1744330274.4940789, 0, {}]
[{"0": [44, 44, 26, 29, 31, 44, 26, 26, 33, 33, 38, 40, 37, 0, 1, 2, 2]}, null, null, 14, false, [], false, 0, [], null, 0, 1744330274.726841, 0, {}]
[{"0": [1, 1, 0, 1, 1, 2, 0, 2, 1, 3, 4, 0, 1, 39, 31, 22, 32]}, null, null, 15, false, [], false, 0, [], null, 0, 1744330274.9412322, 0, {}]
[{"0": [1, 4, 4, 4, 1, 33, 34, 40, 1, 1, 2, 3, 1, 2, 2, 4, 3]}, null, null, 16, false, [], false, 0, [], null, 0, 1744330275.1588657, 0, {}]
[{"0": [1, 3, 2, 0, 4, 4, 2, 1, 2, 3, 1, 0, 3, 1, 2, 1, 4]}, null, null, 16, false, [], false, 0, [], null, 0, 1744330275.3713958, 0, {}]
[{"0": [2, 0, 1, 3, 3, 2, 0, 1, 1, 4, 3, 1, 1, 29, 33, 35, 2]}, null, null, 17, false, [], false, 0, [], null, 0, 1744330275.5917354, 0, {}]
[{"0": [1, 3, 2, 0, 2, 3, 33, 1, 2, 3, 5, 3, 5, 2, 1, 2, 0]}, null, null, 17, false, [], false, 0, [], null, 0, 1744330275.795366, 0, {}]
[{"0": [3, 6, 1, 4, 2, 1, 0, 1, 0, 3, 5, 6, 4, 4, 2, 0, 27]}, null, null, 18, false, [], false, 0, [], null, 0, 1744330276.0155408, 0, {}]
[{"0": [39, 30, 0, 1, 7, 2, 1, 4, 2, 3, 0, 1, 2, 1, 1, 1, 1]}, null, null, 19, false, [], false, 0, [], null, 0, 1744330276.2318766, 0, {}]
[{"0": [2, 1, 0, 3, 1, 2, 3, 33, 36, 2, 2, 0, 0, 2, 3, 1, 1]}, null, null, 19, false, [], false, 0, [], null, 0, 1744330276.4449425, 0, {}]
[{"0": [4, 7, 2, 1, 0, 3, 1, 3, 1, 32, 2, 1, 2, 0, 2, 4, 4]}, null, null, 20, false, [], false, 0, [], null, 0, 1744330276.6605735, 0, {}]
[{"0": [3, 0, 0, 3, 2, 1, 1, 0, 2, 0, 3, 32, 22, 2, 5, 1, 2]}, null, null, 20, false, [], false, 0, [], null, 0, 1744330276.8839812, 0, {}]
[{"0": [0, 1, 27, 29, 35, 35, 35, 34, 2, 2, 3, 1, 1, 1, 4, 3, 2]}, null, null, 21, false, [], false, 0, [], null, 0, 1744330277.1056252, 0, {}]
[{"0": [0, 5, 1, 1, 36, 35, 26, 30, 32, 45, 1, 2, 1, 4, 0, 3, 0]}, null, null, 22, false, [], false, 0, [], null, 0, 1744330277.3186684, 0, {}]
[{"0": [28, 34, 34, 29, 47, 3, 0, 1, 0, 1, 2, 2, 1, 3, 2, 0, 2]}, null, null, 22, false, [], false, 0, [], null, 0, 1744330277.5302403, 0, {}]
[{"0": [1, 0, 2, 1, 3, 2, 1, 2, 1, 3, 3, 3, 2, 2, 3, 2, 0]}, null, null, 23, false, [], false, 0, [], null, 0, 1744330277.7430367, 0, {}]
[{"0": [1, 2, 2, 0, 4, 2, 1, 2, 2, 1, 0, 2, 2, 0, 1, 2, 5]}, null, null, 23, false, [], false, 0, [], null, 0, 1744330277.9736986, 0, {}]
[{"0": [2, 2, 33, 34, 31, 38, 39, 4, 2, 0, 1, 0, 2, 2, 2, 1, 2]}, null, null, 24, false, [], false, 0, [], null, 0, 1744330278.1804209, 0, {}]
[{"0": [2, 0, 2, 36, 37, 41, 31, 42, 32, 24, 33, 3, 1, 2, 0, 0, 1]}, null, null, 25, false, [], false, 0, [], null, 0, 1744330278.3907452, 0, {}]
[{"0": [0, 6, 0, 4, 0, 1, 6, 3, 2, 2, 1, 0, 1, 1, 2, 1, 1]}, null, null, 25, false, [], false, 0, [], null, 0, 1744330278.6163313, 0, {}]
[{"0": [24, 1, 1, 3, 1, 2, 3, 0, 2, 2, 1, 5, 2, 4, 2, 0, 4]}, null, null, 26, false, [], false, 0, [], null, 0, 1744330278.8303657, 0, {}]
[{"0": [1, 2, 2, 31, 31, 3, 0, 0, 0, 1, 0, 1, 2, 2, 3, 4, 3]}, null, null, 27, false, [], false, 0, [], null, 0, 1744330279.046017, 0, {}]
[{"0": [0, 3, 1, 3, 0, 1, 3, 31, 1, 5, 5, 5, 2, 3, 2, 2, 0]}, null, null, 27, false, [], false, 0, [], null, 0, 1744330279.2558813, 0, {}]
[{"0": [2, 2, 30, 30, 19, 22, 2, 2, 3, 1, 2, 2, 2, 0, 0, 0, 2]}, null, null, 28, false, [], false, 0, [], null, 0, 1744330279.481617, 0, {}]
[{"0": [31, 35, 37, 3, 2, 2, 1, 3, 1, 2, 4, 3, 0, 1, 3, 1, 3]}, null, null, 28, false, [], false, 0, [], null, 0, 1744330279.6911695, 0, {}]
[{"0": [2, 1, 1, 3, 0, 2, 1, 2, 31, 1, 4, 0, 0, 1, 1, 1, 1]}, null, null, 29, false, [], false, 0, [], null, 0, 1744330279.9153116, 0, {}]
[{"0": [0, 0, 1, 1, 4, 33, 21, 1, 2, 2, 1, 1, 2, 2, 1, 0, 3]}, null, null, 30, false, [], false, 0, [], null, 0, 1744330280.130654, 0, {}]
[{"0": [3, 1, 1, 3, 2, 2, 0, 0, 4, 33, 0, 2, 1, 3, 2, 3, 2]}, null, null, 30, false, [], false, 0, [], null, 0, 1744330280.345374, 0, {}]
[{"0": [1, 1, 0, 2, 2, 3, 2, 1, 0, 1, 3, 1, 2, 1, 2, 1, 32]}, null, null, 31, false, [], false, 0, [], null, 0, 1744330280.561663, 0, {}]
[{"0": [3, 1, 2, 4, 0, 0, 1, 0, 0, 1, 0, 2, 2, 2, 2, 1, 1]}, null, null, 31, false, [], false, 0, [], null, 0, 1744330280.7852972, 0, {}]
[{"0": [3, 1, 1, 0, 1, 1, 1, 3, 1, 2, 3, 1, 2, 1, 3, 2, 34]}, null, null, 32, false, [], false, 0, [], null, 0, 1744330280.9925125, 0, {}]
[{"0": [5, 5, 1, 4, 1, 1, 1, 0, 1, 5, 2, 32, 1, 2, 1, 2, 2]}, null, null, 33, false, [], false, 0, [], null, 0, 1744330281.2142632, 0, {}]
[{"0": [3, 0, 27, 37, 27, 30, 32, 26, 4, 1, 2, 1, 3, 4, 1, 3, 0]}, null, null, 33, false, [], false, 0, [], null, 0, 1744330281.427619, 0, {}]
[{"0": [2, 2, 3, 3, 0, 2, 2, 1, 4, 1, 1, 3, 37, 28, 32, 2, 4]}, null, null, 34, false, [], false, 0, [], null, 0, 1744330281.6437325, 0, {}]
[{"0": [3, 1, 2, 0, 1, 1, 1, 3, 1, 5, 3, 2, 9, 1, 2, 1, 31]}, null, null, 34, false, [], false, 0, [], null, 0, 1744330281.8678126, 0, {}]
[{"0": [30, 34, 37, 34, 33, 43, 25, 2, 0, 0, 2, 1, 1, 2, 0, 1, 2]}, null, null, 35, false, [], false, 0, [], null, 0, 1744330282.091261, 0, {}]
[{"0": [1, 4, 3, 3, 0, 0, 2, 2, 0, 1, 3, 0, 3, 3, 3, 1, 28]}, null, null, 36, false, [], false, 0, [], null, 0, 1744330282.2979784, 0, {}]
[{"0": [0, 2, 5, 2, 0, 3, 1, 2, 0, 3, 3, 0, 2, 2, 23, 24, 2]}, null, null, 36, false, [], false, 0, [], null, 0, 1744330282.5249803, 0, {}]
[{"0": [0, 1, 2, 1, 0, 1, 0, 31, 43, 28, 2, 0, 1, 0, 0, 3, 3]}, null, null, 37, false, [], false, 0, [], null, 0, 1744330282.724257, 0, {}]
[{"0": [1, 0, 3, 2, 1, 1, 2, 1, 1, 22, 26, 2, 1, 0, 1, 1, 4]}, null, null, 37, false, [], false, 0, [], null, 0, 1744330282.9409811, 0, {}]
[{"0": [1, 0, 2, 3, 0, 34, 1, 1, 1, 0, 2, 1, 1, 4, 2, 2, 4]}, null, null, 38, false, [], false, 0, [], null, 0, 1744330283.1604009, 0, {}]
[{"0": [1, 3, 1, 1, 1, 2, 0, 27, 36, 1, 1, 2, 6, 1, 1, 2, 1]}, null, null, 39, false, [], false, 0, [], null, 0, 1744330283.3785214, 0, {}]
[{"0": [2, 4, 3, 0, 3, 1, 2, 2, 2, 1, 42, 4, 1, 1, 0, 2, 1]}, null, null, 39, false, [], false, 0, [], null, 0, 1744330283.5949142, 0, {}]
[{"0": [1, 0, 2, 3, 1, 4, 1, 1, 1, 2, 3, 3, 5, 25, 0, 3, 2]}, null, null, 40, false, [], false, 0, [], null, 0, 1744330283.821348, 0, {}]
[{"0": [36, 2, 1, 4, 1, 1, 1, 0, 1, 4, 2, 1, 4, 1, 3, 1, 1]}, null, null, 40, false, [], false, 0, [], null, 0, 1744330284.023217, 0, {}]
[{"0": [3, 1, 0, 2, 3, 1, 1, 1, 0, 5, 4, 1, 2, 3, 35, 26, 2]}, null, null, 41, false, [], false, 0, [], null, 0, 1744330284.2454574, 0, {}]
[{"0": [4, 1, 25, 3, 0, 1, 4, 5, 1, 1, 2, 1, 0, 2, 2, 0, 1]}, null, null, 42, false, [], false, 0, [], null, 0, 1744330284.4704964, 0, {}]
[{"0": [2, 1, 0, 6, 1, 0, 1, 2, 0, 0, 29, 33, 3, 2, 4, 2, 3]}, null, null, 42, false, [], false, 0, [], null, 0, 1744330284.6809146, 0, {}]
[{"0": [1, 4, 3, 2, 1, 0, 1, 2, 33, 28, 18, 37, 34, 36, 34, 28, 31]}, null, null, 43, false, [], false, 0, [], null, 0, 1744330284.898636, 0, {}]
[{"0": [3, 3, 3, 2, 1, 2, 1, 2, 2, 1, 2, 30, 13, 2, 2, 2, 2]}, null, null, 43, false, [], false, 0, [], null, 0, 1744330285.1221125, 0, {}]
[{"0": [4, 3, 1, 3, 0, 6, 1, 25, 35, 37, 4, 3, 2, 2, 1, 2, 0]}, null, null, 44, false, [], false, 0, [], null, 0, 1744330285.326102, 0, {}]
[{"0": [6, 0, 1, 0, 0, 2, 35, 40, 29, 1, 0, 3, 3, 3, 0, 0, 1]}, null, null, 45, false, [], false, 0, [], null, 0, 1744330285.554079, 0, {}]
[{"0": [29, 29, 0, 0, 4, 1, 1, 2, 1, 1, 2, 2, 0, 5, 0, 2, 0]}, null, null, 45, false, [], false, 0, [], null, 0, 1744330285.768882, 0, {}]
[{"0": [3, 0, 1, 1, 1, 0, 2, 3, 2, 1, 2, 4, 0, 1, 0, 2, 3]}, null, null, 46, false, [], false, 0, [], null, 0, 1744330285.976975, 0, {}]
[{"0": [1, 3, 3, 2, 2, 1, 1, 3, 1, 0, 2, 31, 28, 30, 35, 0, 3]}, null, null, 46, false, [], false, 0, [], null, 0, 1744330286.210135, 0, {}]
[{"0": [0, 1, 1, 0, 1, 44, 1, 0, 3, 0, 2, 0, 2, 3, 3, 2, 0]}, null, null, 47, false, [], false, 0, [], null, 0, 1744330286.4227293, 0, {}]
[{"0": [1, 1, 2, 1, 3, 2, 1, 5, 0, 2, 1, 1, 2, 1, 29, 22, 26]}, null, null, 48, false, [], false, 0, [], null, 0, 1744330286.6418166, 0, {}]
[{"0": [2, 1, 1, 2, 1, 2, 31, 33, 32, 1, 1, 3, 3, 1, 3, 0, 2]}, null, null, 48, false, [], false, 0, [], null, 0, 1744330286.8585172, 0, {}]
[{"0": [0, 2, 3, 2, 0, 2, 2, 0, 2, 1, 3, 1, 25, 27, 5, 1, 3]}, null, null, 49, false, [], false, 0, [], null, 0, 1744330287.059594, 0, {}]
[{"0": [3, 1, 1, 0, 1, 3, 0, 28, 32, 2, 1, 2, 2, 2, 0, 1, 3]}, null, null, 49, false, [], false, 0, [], null, 0, 1744330287.28281, 0, {}]
[{"0": [1, 1, 1, 25, 35, 24, 38, 45, 30, 33, 28, 5, 2, 5, 0, 0, 4]}, null, null, 50, false, [], false, 0, [], null, 0, 1744330287.5056732, 0, {}]
[{"0": [0, 1, 1, 3, 3, 2, 1, 3, 0, 0, 45, 31, 33, 31, 31, 45, 39]}, null, null, 51, false, [], false, 0, [], null, 0, 1744330287.7226079, 0, {}]
[{"0": [1, 1, 1, 4, 3, 4, 0, 0, 3, 4, 1, 2, 1, 1, 1, 5, 27]}, null, null, 51, false, [], false, 0, [], null, 0, 1744330287.9412067, 0, {}]
[{"0": [2, 3, 4, 1, 2, 0, 2, 2, 3, 3, 2, 2, 36, 36, 33, 20, 33]}, null, null, 52, false, [], false, 0, [], null, 0, 1744330288.153784, 0, {}]
[{"0": [1, 4, 4, 35, 39, 40, 32, 3, 0, 1, 6, 4, 1, 2, 0, 0, 1]}, null, null, 52, false, [], false, 0, [], null, 0, 1744330288.3680358, 0, {}]
[{"0": [3, 2, 4, 1, 5, 1, 0, 28, 3, 1, 2, 2, 3, 0, 4, 2, 3]}, null, null, 53, false, [], false, 0, [], null, 0, 1744330288.5892127, 0, {}]
[{"0": [1, 1, 4, 2, 2, 3, 2, 0, 0, 2, 2, 4, 0, 1, 2, 3, 26]}, null, null, 54, false, [], false, 0, [], null, 0, 1744330288.7956033, 0, {}]
[{"0": [3, 2, 1, 3, 0, 2, 2, 25, 38, 31, 22, 28, 27, 39, 40, 40, 32]}, null, null, 54, false, [], false, 0, [], null, 0, 1744330289.0240083, 0, {}]
[{"0": [3, 0, 5, 3, 2, 3, 6, 1, 1, 1, 0, 1, 2, 35, 5, 2, 4]}, null, null, 55, false, [], false, 0, [], null, 0, 1744330289.2232013, 0, {}]
[{"0": [2, 0, 0, 2, 31, 23, 23, 2, 4, 3, 1, 0, 1, 0, 1, 4, 0]}, null, null, 55, false, [], false, 0, [], null, 0, 1744330289.4603388, 0, {}]
[{"0": [0, 1, 1, 2, 1, 4, 0, 1, 1, 1, 1, 38, 29, 35, 34, 3, 4]}, null, null, 56, false, [], false, 0, [], null, 0, 1744330289.683478, 0, {}]
[{"0": [0, 3, 3, 4, 4, 0, 2, 2, 2, 0, 1, 5, 1, 2, 30, 28, 35]}, null, null, 57, false, [], false, 0, [], null, 0, 1744330289.880665, 0, {}]
[{"0": [4, 1, 1, 2, 1, 2, 4, 2, 1, 1, 42, 37, 1, 2, 3, 3, 0]}, null, null, 57, false, [], false, 0, [], null, 0, 1744330290.0975082, 0, {}]
[{"0": [30, 28, 28, 30, 37, 2, 0, 2, 0, 2, 1, 2, 2, 3, 3, 2, 4]}, null, null, 58, false, [], false, 0, [], null, 0, 1744330290.3133097, 0, {}]
[{"0": [3, 1, 2, 3, 3, 43, 37, 25, 33, 1, 3, 0, 0, 1, 3, 1, 2]}, null, null, 58, false, [], false, 0, [], null, 0, 1744330290.5403016, 0, {}]
[{"0": [2, 2, 2, 5, 4, 2, 2, 0, 4, 1, 3, 0, 3, 31, 39, 40, 30]}, null, null, 59, false, [], false, 0, [], null, 0, 1744330290.755339, 0, {}]
[{"0": [1, 2, 2, 2, 2, 2, 1, 2, 6, 1, 3, 1, 0, 5, 40, 3, 1]}, null, null, 60, false, [], false, 0, [], null, 0, 1744330290.9767148, 0, {}]
[{"0": [2, 2, 1, 2, 3, 1, 34, 28, 32, 36, 25, 30, 29, 31, 28, 43, 30]}, null, null, 60, false, [], false, 0, [], null, 0, 1744330291.1782012, 0, {}]
[{"0": [2, 2, 1, 4, 1, 3, 33, 30, 36, 3, 5, 2, 4, 0, 3, 2, 3]}, null, null, 61, false, [], false, 0, [], null, 0, 1744330291.391082, 0, {}]
[{"0": [2, 3, 2, 1, 1, 5, 0, 4, 4, 4, 0, 1, 0, 1, 2, 2, 2]}, null, null, 61, false, [], false, 0, [], null, 0, 1744330291.6184359, 0, {}]
[{"0": [36, 30, 31, 30, 34, 32, 42, 29, 32, 36, 34, 28, 0, 4, 1, 2, 2]}, null, null, 62, false, [], false, 0, [], null, 0, 1744330291.837777, 0, {}]
[{"0": [4, 0, 2, 2, 3, 1, 0, 36, 25, 28, 43, 21, 29, 33, 24, 32, 24]}, null, null, 63, false, [], false, 0, [], null, 0, 1744330292.064281, 0, {}]
[{"0": [0, 1, 0, 0, 33, 33, 1, 1, 2, 5, 2, 0, 1, 1, 3, 2, 1]}, null, null, 63, false, [], false, 0, [], null, 0, 1744330292.2682037, 0, {}]
[{"0": [2, 1, 2, 2, 0, 4, 2, 24, 36, 23, 42, 0, 2, 2, 3, 1, 2]}, null, null, 64, false, [], false, 0, [], null, 0, 1744330292.4868054, 0, {}]
[{"0": [5, 1, 28, 20, 36, 25, 36, 35, 24, 40, 20, 36, 24, 35, 33, 36, 42]}, null, null, 64, false, [], false, 0, [], null, 0, 1744330292.6943483, 0, {}]
[{"0": [0, 2, 5, 3, 3, 6, 0, 1, 1, 0, 1, 2, 0, 2, 38, 2, 1]}, null, null, 65, false, [], false, 0, [], null, 0, 1744330292.9204323, 0, {}]
[{"0": [1, 0, 30, 0, 0, 5, 4, 0, 2, 0, 2, 1, 3, 0, 6, 2, 1]}, null, null, 66, false, [], false, 0, [], null, 0, 1744330293.1325085, 0, {}]
[{"0": [25, 32, 46, 24, 22, 49, 24, 33, 31, 3, 2, 1, 0, 1, 3, 0, 2]}, null, null, 66, false, [], false, 0, [], null, 0, 1744330293.3493664, 0, {}]
[{"0": [7, 0, 2, 3, 0, 5, 2, 1, 0, 0, 35, 29, 0, 2, 1, 3, 4]}, null, null, 67, false, [], false, 0, [], null, 0, 1744330293.575122, 0, {}]
[{"0": [1, 1, 3, 1, 4, 0, 3, 1, 1, 3, 4, 3, 29, 30, 27, 32, 1]}, null, null, 67, false, [], false, 0, [], null, 0, 1744330293.7857249, 0, {}]
[{"0": [0, 2, 1, 3, 3, 0, 2, 3, 0, 1, 30, 22, 2, 2, 2, 2, 0]}, null, null, 68, false, [], false, 0, [], null, 0, 1744330293.9944353, 0, {}]
[{"0": [1, 0, 2, 3, 3, 0, 2, 1, 3, 3, 37, 30, 40, 0, 1, 0, 1]}, null, null, 69, false, [], false, 0, [], null, 0, 1744330294.2212977, 0, {}]
[{"0": [4, 1, 1, 2, 1, 1, 2, 1, 2, 1, 3, 1, 3, 1, 26, 19, 0]}, null, null, 69, false, [], false, 0, [], null, 0, 1744330294.4379396, 0, {}]
[{"0": [36, 1, 0, 1, 0, 1, 3, 6, 5, 1, 1, 4, 2, 2, 0, 1, 1]}, null, null, 70, false, [], false, 0, [], null, 0, 1744330294.6597831, 0, {}]
[{"0": [1, 2, 0, 0, 1, 2, 1, 0, 3, 4, 36, 27, 31, 32, 36, 32, 34]}, null, null, 70, false, [], false, 0, [], null, 0, 1744330294.8613067, 0, {}]
[{"0": [3, 1, 1, 1, 3, 5, 1, 1, 5, 0, 3, 6, 1, 1, 2, 2, 21]}, null, null, 71, false, [], false, 0, [], null, 0, 1744330295.075678, 0, {}]
[{"0": [3, 0, 2, 2, 0, 1, 24, 2, 3, 2, 2, 3, 2, 1, 0, 2, 2]}, null, null, 72, false, [], false, 0, [], null, 0, 1744330295.2977796, 0, {}]
[{"0": [1, 2, 2, 0, 3, 0, 2, 0, 1, 1, 1, 1, 2, 2, 0, 1, 4]}, null, null, 72, false, [], false, 0, [], null, 0, 1744330295.5212135, 0, {}]
[{"0": [2, 3, 3, 26, 38, 3, 3, 0, 0, 4, 2, 2, 4, 1, 4, 3, 2]}, null, null, 73, false, [], false, 0, [], null, 0, 1744330295.728512, 0, {}]
[{"0": [7, 2, 1, 3, 0, 1, 0, 3, 2, 3, 40, 25, 41, 3, 3, 1, 0]}, null, null, 73, false, [], false, 0, [], null, 0, 1744330295.943347, 0, {}]
[{"0": [31, 28, 39, 38, 24, 31, 23, 36, 2, 2, 1, 0, 3, 1, 1, 0, 2]}, null, null, 74, false, [], false, 0, [], null, 0, 1744330296.1757727, 0, {}]
[{"0": [1, 2, 5, 2, 5, 1, 43, 36, 35, 31, 28, 24, 27, 27, 31, 31, 26]}, null, null, 75, false, [], false, 0, [], null, 0, 1744330296.37383, 0, {}]
[{"0": [3, 2, 1, 5, 3, 2, 4, 30, 23, 26, 1, 1, 3, 0, 2, 0, 3]}, null, null, 75, false, [], false, 0, [], null, 0, 1744330296.5951223, 0, {}]
[{"0": [2, 3, 2, 1, 6, 0, 0, 1, 1, 3, 1, 2, 3, 3, 2, 2, 4]}, null, null, 76, false, [], false, 0, [], null, 0, 1744330296.807487, 0, {}]
[{"0": [4, 2, 5, 4, 3, 5, 2, 2, 2, 2, 31, 32, 3, 0, 3, 3, 3]}, null, null, 77, false, [], false, 0, [], null, 0, 1744330297.042286, 0, {}]
[{"0": [1, 2, 1, 1, 2, 39, 30, 25, 30, 35, 38, 22, 29, 43, 1, 1, 4]}, null, null, 77, false, [], false, 0, [], null, 0, 1744330297.2418103, 0, {}]
[{"0": [1, 0, 2, 4, 2, 2, 2, 0, 2, 1, 0, 1, 1, 1, 1, 1, 30]}, null, null, 78, false, [], false, 0, [], null, 0, 1744330297.4579532, 0, {}]
[{"0": [4, 2, 1, 0, 3, 2, 4, 1, 3, 1, 1, 4, 0, 40, 38, 1, 0]}, null, null, 78, false, [], false, 0, [], null, 0, 1744330297.6851687, 0, {}]
[{"0": [3, 1, 2, 25, 17, 39, 1, 0, 1, 2, 4, 3, 1, 2, 1, 4, 3]}, null, null, 79, false, [], false, 0, [], null, 0, 1744330297.8917146, 0, {}]
[{"0": [1, 1, 0, 1, 0, 34, 34, 22, 32, 25, 28, 2, 1, 1, 1, 2, 4]}, null, null, 80, false, [], false, 0, [], null, 0, 1744330298.1197646, 0, {}]
[{"0": [1, 1, 2, 3, 3, 1, 2, 0, 1, 25, 37, 1, 2, 2, 0, 0, 8]}, null, null, 80, false, [], false, 0, [], null, 0, 1744330298.343886, 0, {}]
[{"0": [4, 1, 1, 2, 2, 4, 1, 1, 3, 2, 1, 2, 3, 2, 3, 2, 29]}, null, null, 81, false, [], false, 0, [], null, 0, 1744330298.5461385, 0, {}]
[{"0": [1, 0, 0, 2, 1, 2, 4, 0, 2, 1, 1, 3, 1, 1, 2, 0, 21]}, null, null, 81, false, [], false, 0, [], null, 0, 1744330298.763743, 0, {}]
[{"0": [1, 3, 2, 29, 29, 27, 26, 34, 32, 24, 26, 31, 27, 29, 2, 4, 2]}, null, null, 82, false, [], false, 0, [], null, 0, 1744330298.986421, 0, {}]
[{"0": [0, 4, 2, 2, 1, 3, 1, 3, 26, 28, 28, 31, 2, 0, 2, 1, 2]}, null, null, 83, false, [], false, 0, [], null, 0, 1744330299.194393, 0, {}]
[{"0": [2, 1, 0, 1, 3, 3, 1, 7, 2, 3, 0, 2, 1, 4, 4, 3, 21]}, null, null, 83, false, [], false, 0, [], null, 0, 1744330299.4244194, 0, {}]
[{"0": [2, 0, 1, 0, 3, 2, 0, 1, 1, 28, 1, 0, 0, 2, 1, 2, 1]}, null, null, 84, false, [], false, 0, [], null, 0, 1744330299.633617, 0, {}]
[{"0": [28, 38, 25, 35, 0, 0, 2, 2, 0, 1, 2, 2, 1, 2, 0, 3, 3]}, null, null, 84, false, [], false, 0, [], null, 0, 1744330299.8547099, 0, {}]
[{"0": [2, 1, 0, 2, 2, 2, 0, 1, 1, 4, 34, 36, 1, 5, 2, 1, 2]}, null, null, 85, false, [], false, 0, [], null, 0, 1744330300.0564237, 0, {}]
[{"0": [3, 2, 1, 2, 2, 3, 3, 2, 2, 1, 31, 34, 23, 40, 32, 4, 4]}, null, null, 86, false, [], false, 0, [], null, 0, 1744330300.2812629, 0, {}]
[{"0": [4, 4, 2, 2, 3, 3, 2, 5, 1, 0, 1, 1, 2, 0, 3, 27, 24]}, null, null, 86, false, [], false, 0, [], null, 0, 1744330300.4966435, 0, {}]
[{"0": [0, 1, 2, 1, 38, 29, 30, 23, 34, 36, 23, 27, 28, 31, 27, 36, 23]}, null, null, 87, false, [], false, 0, [], null, 0, 1744330300.7229362, 0, {}]
[{"0": [1, 1, 2, 3, 0, 2, 2, 2, 2, 1, 3, 0, 2, 2, 1, 1, 2]}, null, null, 87, false, [], false, 0, [], null, 0, 1744330300.9235332, 0, {}]
[{"0": [1, 3, 1, 3, 3, 2, 0, 0, 28, 35, 32, 22, 37, 31, 1, 1, 2]}, null, null, 88, false, [], false, 0, [], null, 0, 1744330301.142187, 0, {}]
[{"0": [0, 2, 0, 2, 0, 2, 4, 2, 0, 6, 35, 31, 1, 2, 2, 0, 2]}, null, null, 89, false, [], false, 0, [], null, 0, 1744330301.3637247, 0, {}]
[{"0": [1, 2, 3, 28, 0, 1, 1, 3, 3, 2, 3, 2, 1, 2, 2, 0, 0]}, null, null, 89, false, [], false, 0, [], null, 0, 1744330301.5753167, 0, {}]
[{"0": [2, 5, 1, 4, 2, 29, 38, 27, 2, 2, 2, 2, 1, 2, 1, 2, 4]}, null, null, 90, false, [], false, 0, [], null, 0, 1744330301.7917266, 0, {}]
[{"0": [1, 0, 4, 1, 1, 2, 35, 34, 28, 40, 39, 38, 28, 30, 34, 36, 33]}, null, null, 90, false, [], false, 0, [], null, 0, 1744330302.015352, 0, {}]
[{"0": [3, 0, 1, 2, 2, 4, 3, 4, 2, 1, 4, 34, 25, 38, 34, 37, 28]}, null, null, 91, false, [], false, 0, [], null, 0, 1744330302.2251496, 0, {}]
[{"0": [0, 3, 42, 30, 36, 29, 23, 35, 22, 32, 28, 30, 0, 4, 1, 6, 2]}, null, null, 92, false, [], false, 0, [], null, 0, 1744330302.439288, 0, {}]
[{"0": [1, 0, 4, 1, 3, 3, 2, 3, 0, 3, 2, 32, 30, 32, 1, 2, 1]}, null, null, 92, false, [], false, 0, [], null, 0, 1744330302.6669075, 0, {}]
[{"0": [0, 3, 0, 1, 4, 3, 3, 4, 0, 3, 4, 0, 3, 21, 22, 24, 0]}, null, null, 93, false, [], false, 0, [], null, 0, 1744330302.8808892, 0, {}]
[{"0": [2, 0, 2, 2, 1, 0, 1, 2, 4, 0, 2, 0, 33, 34, 23, 25, 30]}, null, null, 93, false, [], false, 0, [], null, 0, 1744330303.0950155, 0, {}]
[{"0": [2, 2, 1, 4, 1, 3, 3, 3, 1, 4, 35, 1, 1, 1, 2, 2, 2]}, null, null, 94, false, [], false, 0, [], null, 0, 1744330303.324784, 0, {}]
[{"0": [4, 1, 1, 1, 0, 2, 3, 3, 2, 4, 2, 0, 0, 35, 31, 20, 38]}, null, null, 95, false, [], false, 0, [], null, 0, 1744330303.5312011, 0, {}]
[{"0": [2, 2, 1, 2, 1, 1, 1, 2, 1, 2, 2, 1, 1, 3, 1, 4, 30]}, null, null, 95, false, [], false, 0, [], null, 0, 1744330303.7443025, 0, {}]
[{"0": [2, 0, 0, 2, 1, 3, 1, 2, 1, 0, 3, 31, 36, 27, 1, 0, 33]}, null, null, 96, false, [], false, 0, [], null, 0, 1744330303.9587739, 0, {}]
[{"0": [5, 2, 2, 0, 3, 3, 1, 0, 1, 2, 0, 2, 1, 0, 2, 27, 30]}, null, null, 96, false, [], false, 0, [], null, 0, 1744330304.1858513, 0, {}]
[{"0": [2, 2, 0, 3, 27, 40, 28, 32, 39, 29, 39, 32, 28, 25, 38, 31, 2]}, null, null, 97, false, [], false, 0, [], null, 0, 1744330304.3912017, 0, {}]
[{"0": [2, 2, 2, 0, 2, 1, 1, 2, 0, 2, 3, 1, 1, 3, 2, 4, 1]}, null, null, 98, false, [], false, 0, [], null, 0, 1744330304.6209404, 0, {}]
[{"0": [0, 4, 2, 2, 28, 29, 29, 34, 3, 2, 0, 0, 1, 3, 2, 2, 3]}, null, null, 98, false, [], false, 0, [], null, 0, 1744330304.8439283, 0, {}]
[{"0": [1, 1, 2, 1, 39, 32, 38, 38, 30, 24, 24, 26, 31, 0, 2, 1, 0]}, null, null, 99, false, [], false, 0, [], null, 0, 1744330305.0483758, 0, {}]
[{"0": [3, 2, 3, 0, 1, 4, 2, 1, 5, 34, 23, 32, 29, 28, 34, 27, 2]}, null, null, 99, false, [], false, 0, [], null, 0, 1744330305.263424, 0, {}]
[{"0": [0, 2, 0, 0, 4, 4, 3, 3, 2, 4, 2, 2, 5, 2, 2, 0, 32]}, null, null, 100, false, [], false, 0, [], null, 0, 1744330305.473721, 0, {}]
[{"0": [3, 0, 1, 0, 1, 1, 1, 2, 3, 30, 36, 25, 32, 20, 39, 35, 1]}, null, null, 101, false, [], false, 0, [], null, 0, 1744330305.6991644, 0, {}]
[{"0": [27, 36, 24, 1, 1, 1, 0, 4, 2, 1, 4, 0, 1, 1, 3, 2, 1]}, null, null, 101, false, [], false, 0, [], null, 0, 1744330305.912547, 0, {}]
[{"0": [3, 1, 0, 1, 0, 1, 32, 1, 5, 1, 1, 1, 1, 0, 1, 0, 1]}, null, null, 102, false, [], false, 0, [], null, 0, 1744330306.129037, 0, {}]
[{"0": [1, 1, 1, 2, 2, 0, 1, 4, 2, 0, 2, 0, 2, 1, 1, 3, 4]}, null, null, 102, false, [], false, 0, [], null, 0, 1744330306.3497531, 0, {}]
[{"0": [3, 1, 4, 30, 30, 28, 29, 34, 24, 0, 3, 4, 1, 1, 1, 3, 2]}, null, null, 103, false, [], false, 0, [], null, 0, 1744330306.5742962, 0, {}]
[{"0": [2, 4, 1, 0, 2, 0, 3, 2, 2, 1, 1, 3, 33, 25, 25, 39, 34]}, null, null, 104, false, [], false, 0, [], null, 0, 1744330306.780991, 0, {}]
[{"0": [0, 3, 1, 37, 22, 33, 31, 30, 27, 2, 3, 1, 2, 1, 1, 3, 2]}, null, null, 104, false, [], false, 0, [], null, 0, 1744330307.0021253, 0, {}]
[{"0": [5, 2, 1, 3, 34, 39, 30, 29, 26, 38, 26, 18, 3, 2, 1, 2, 1]}, null, null, 105, false, [], false, 0, [], null, 0, 1744330307.2123125, 0, {}]
[{"0": [2, 3, 3, 2, 0, 2, 39, 0, 1, 5, 2, 3, 0, 2, 2, 1, 0]}, null, null, 105, false, [], false, 0, [], null, 0, 1744330307.4274013, 0, {}]
[{"0": [3, 0, 0, 0, 1, 0, 2, 1, 0, 0, 2, 0, 1, 0, 0, 33, 26]}, null, null, 106, false, [], false, 0, [], null, 0, 1744330307.649789, 0, {}]
[{"0": [2, 0, 37, 26, 1, 1, 2, 1, 5, 0, 1, 1, 4, 1, 2, 2, 1]}, null, null, 107, false, [], false, 0, [], null, 0, 1744330307.8712776, 0, {}]
[{"0": [0, 0, 2, 32, 35, 32, 32, 2, 3, 1, 6, 2, 1, 1, 0, 0, 4]}, null, null, 107, false, [], false, 0, [], null, 0, 1744330308.0847335, 0, {}]
[{"0": [2, 2, 1, 1, 1, 2, 2, 4, 4, 1, 0, 2, 3, 1, 1, 2, 1]}, null, null, 108, false, [], false, 0, [], null, 0, 1744330308.3134546, 0, {}]
[{"0": [1, 4, 3, 6, 2, 2, 4, 0, 33, 22, 28, 31, 22, 33, 22, 33, 4]}, null, null, 108, false, [], false, 0, [], null, 0, 1744330308.5084279, 0, {}]
[{"0": [5, 3, 3, 2, 2, 0, 2, 2, 38, 29, 27, 35, 30, 22, 25, 26, 33]}, null, null, 109, false, [], false, 0, [], null, 0, 1744330308.7271392, 0, {}]
[{"0": [4, 1, 2, 5, 2, 1, 1, 2, 1, 5, 43, 27, 31, 26, 24, 3, 1]}, null, null, 110, false, [], false, 0, [], null, 0, 1744330308.9451432, 0, {}]
[{"0": [5, 3, 0, 44, 27, 24, 27, 37, 27, 1, 1, 4, 3, 2, 2, 1, 1]}, null, null, 110, false, [], false, 0, [], null, 0, 1744330309.162342, 0, {}]
[{"0": [1, 4, 0, 0, 0, 1, 2, 1, 2, 2, 36, 33, 39, 40, 26, 30, 22]}, null, null, 111, false, [], false, 0, [], null, 0, 1744330309.3771238, 0, {}]
[{"0": [4, 3, 0, 2, 3, 0, 1, 3, 3, 3, 3, 0, 0, 3, 28, 1, 2]}, null, null, 111, false, [], false, 0, [], null, 0, 1744330309.5967853, 0, {}]
[{"0": [2, 1, 0, 1, 0, 3, 2, 0, 2, 31, 1, 5, 2, 3, 0, 2, 2]}, null, null, 112, false, [], false, 0, [], null, 0, 1744330309.8253381, 0, {}]
[{"0": [0, 2, 1, 0, 4, 1, 1, 2, 1, 0, 4, 1, 2, 4, 34, 25, 30]}, null, null, 113, false, [], false, 0, [], null, 0, 1744330310.0256832, 0, {}]
[{"0": [1, 0, 1, 1, 0, 1, 35, 25, 37, 19, 26, 27, 37, 39, 33, 27, 32]}, null, null, 113, false, [], false, 0, [], null, 0, 1744330310.2435818, 0, {}]
[{"0": [1, 4, 1, 1, 2, 3, 2, 0, 2, 3, 1, 3, 2, 2, 27, 25, 29]}, null, null, 114, false, [], false, 0, [], null, 0, 1744330310.4617615, 0, {}]
[{"0": [3, 3, 1, 0, 34, 23, 27, 32, 18, 2, 0, 3, 1, 1, 3, 1, 2]}, null, null, 114, false, [], false, 0, [], null, 0, 1744330310.678709, 0, {}]
[{"0": [3, 4, 2, 2, 1, 40, 40, 38, 29, 25, 0, 1, 3, 1, 2, 0, 1]}, null, null, 115, false, [], false, 0, [], null, 0, 1744330310.8971186, 0, {}]
[{"0": [1, 2, 4, 1, 2, 1, 22, 34, 39, 1, 1, 2, 1, 3, 1, 1, 0]}, null, null, 116, false, [], false, 0, [], null, 0, 1744330311.1057675, 0, {}]
[{"0": [30, 1, 3, 0, 3, 1, 1, 0, 6, 3, 1, 0, 5, 1, 2, 1, 2]}, null, null, 116, false, [], false, 0, [], null, 0, 1744330311.324869, 0, {}]
[{"0": [0, 0, 1, 2, 0, 2, 1, 1, 1, 34, 26, 1, 4, 5, 3, 2, 1]}, null, null, 117, false, [], false, 0, [], null, 0, 1744330311.5433264, 0, {}]
[{"0": [1, 2, 2, 2, 0, 1, 3, 0, 2, 4, 1, 2, 1, 3, 2, 31, 1]}, null, null, 117, false, [], false, 0, [], null, 0, 1744330311.7593024, 0, {}]
[{"0": [2, 1, 0, 1, 1, 35, 40, 30, 40, 31, 1, 0, 0, 2, 0, 1, 1]}, null, null, 118, false, [], false, 0, [], null, 0, 1744330311.976517, 0, {}]
[{"0": [2, 3, 2, 3, 1, 4, 4, 1, 1, 45, 0, 1, 1, 2, 1, 1, 1]}, null, null, 119, false, [], false, 0, [], null, 0, 1744330312.194341, 0, {}]
[{"0": [3, 2, 3, 1, 1, 36, 33, 29, 32, 25, 25, 35, 31, 32, 3, 2, 2]}, null, null, 119, false, [], false, 0, [], null, 0, 1744330312.417777, 0, {}]
[{"0": [31, 37, 31, 31, 5, 3, 4, 3, 0, 0, 1, 1, 4, 1, 0, 1, 3]}, null, null, 120, false, [], false, 0, [], null, 0, 1744330312.6328092, 0, {}]
[{"0": [2, 7, 4, 1, 1, 4, 2, 1, 0, 2, 0, 1, 1, 1, 25, 35, 1]}, null, null, 120, false, [], false, 0, [], null, 0, 1744330312.8430922, 0, {}]
[{"0": [22, 24, 29, 2, 2, 0, 3, 4, 3, 2, 1, 1, 1, 0, 1, 1, 1]}, null, null, 121, false, [], false, 0, [], null, 0, 1744330313.0681307, 0, {}]
[{"0": [0, 1, 32, 1, 1, 2, 1, 1, 1, 1, 3, 0, 2, 0, 5, 1, 2]}, null, null, 122, false, [], false, 0, [], null, 0, 1744330313.2923617, 0, {}]
[{"0": [3, 1, 1, 3, 1, 1, 3, 1, 3, 0, 4, 3, 3, 1, 40, 34, 26]}, null, null, 122, false, [], false, 0, [], null, 0, 1744330313.49624, 0, {}]
[{"0": [1, 3, 2, 1, 4, 5, 2, 42, 34, 4, 2, 3, 0, 1, 2, 0, 1]}, null, null, 123, false, [], false, 0, [], null, 0, 1744330313.723867, 0, {}]
[{"0": [4, 1, 1, 1, 1, 1, 40, 30, 32, 22, 3, 0, 1, 3, 1, 2, 2]}, null, null, 123, false, [], false, 0, [], null, 0, 1744330313.9232926, 0, {}]
[{"0": [38, 35, 1, 3, 0, 4, 1, 2, 4, 2, 0, 1, 0, 2, 0, 3, 2]}, null, null, 124, false, [], false, 0, [], null, 0, 1744330314.1370578, 0, {}]
[{"0": [3, 1, 4, 3, 2, 0, 31, 40, 37, 32, 31, 26, 40, 34, 33, 47, 1]}, null, null, 125, false, [], false, 0, [], null, 0, 1744330314.3598158, 0, {}]
[{"0": [29, 1, 3, 0, 0, 1, 1, 0, 0, 1, 2, 1, 3, 7, 1, 2, 1]}, null, null, 125, false, [], false, 0, [], null, 0, 1744330314.5907557, 0, {}]
[{"0": [37, 27, 32, 44, 1, 3, 0, 5, 3, 1, 2, 6, 1, 3, 1, 2, 1]}, null, null, 126, false, [], false, 0, [], null, 0, 1744330314.7930007, 0, {}]
[{"0": [1, 1, 1, 1, 2, 1, 3, 32, 32, 26, 3, 2, 2, 3, 3, 3, 5]}, null, null, 127, false, [], false, 0, [], null, 0, 1744330315.0222387, 0, {}]
[{"0": [3, 0, 27, 32, 37, 27, 4, 2, 2, 1, 5, 2, 2, 1, 2, 4, 2]}, null, null, 127, false, [], false, 0, [], null, 0, 1744330315.2264428, 0, {}]
[{"0": [3, 0, 2, 2, 4, 2, 33, 32, 1, 0, 1, 2, 2, 1, 3, 2, 2]}, null, null, 128, false, [], false, 0, [], null, 0, 1744330315.4483907, 0, {}]
[{"0": [1, 1, 3, 1, 5, 3, 0, 2, 1, 2, 6, 2, 1, 3, 3, 25, 22]}, null, null, 128, false, [], false, 0, [], null, 0, 1744330315.6686761, 0, {}]
[{"0": [1, 1, 4, 6, 1, 1, 1, 1, 1, 36, 1, 2, 1, 2, 1, 2, 0]}, null, null, 129, false, [], false, 0, [], null, 0, 1744330315.8781936, 0, {}]
[{"0": [1, 3, 3, 0, 2, 0, 4, 36, 35, 26, 32, 36, 33, 24, 31, 26, 29]}, null, null, 130, false, [], false, 0, [], null, 0, 1744330316.0928543, 0, {}]
[{"0": [4, 3, 1, 39, 32, 28, 4, 1, 2, 4, 0, 0, 0, 0, 2, 1, 1]}, null, null, 130, false, [], false, 0, [], null, 0, 1744330316.3173122, 0, {}]
[{"0": [4, 2, 3, 2, 1, 4, 0, 3, 0, 2, 0, 1, 2, 0, 2, 0, 37]}, null, null, 131, false, [], false, 0, [], null, 0, 1744330316.5329928, 0, {}]
[{"0": [3, 1, 4, 3, 0, 0, 0, 1, 4, 1, 2, 0, 2, 28, 32, 1, 2]}, null, null, 131, false, [], false, 0, [], null, 0, 1744330316.7479286, 0, {}]
[{"0": [1, 0, 1, 2, 32, 32, 35, 27, 2, 2, 0, 2, 1, 0, 1, 2, 0]}, null, null, 132, false, [], false, 0, [], null, 0, 1744330316.959324, 0, {}]
[{"0": [1, 1, 1, 1, 4, 1, 4, 2, 2, 1, 4, 4, 2, 37, 25, 33, 22]}, null, null, 133, false, [], false, 0, [], null, 0, 1744330317.1809165, 0, {}]
[{"0": [1, 4, 5, 2, 1, 2, 29, 35, 35, 33, 31, 24, 2, 2, 0, 4, 0]}, null, null, 133, false, [], false, 0, [], null, 0, 1744330317.3878558, 0, {}]
[{"0": [1, 0, 1, 0, 24, 31, 33, 36, 25, 4, 2, 0, 4, 2, 2, 3, 1]}, null, null, 134, false, [], false, 0, [], null, 0, 1744330317.6048093, 0, {}]
[{"0": [4, 2, 1, 0, 3, 1, 1, 0, 2, 3, 3, 1, 1, 2, 1, 1, 20]}, null, null, 134, false, [], false, 0, [], null, 0, 1744330317.8400552, 0, {}]
[{"0": [1, 2, 1, 1, 0, 1, 0, 3, 3, 36, 47, 39, 36, 0, 5, 4, 3]}, null, null, 135, false, [], false, 0, [], null, 0, 1744330318.0376766, 0, {}]
[{"0": [1, 0, 1, 2, 0, 1, 2, 1, 2, 4, 1, 1, 2, 2, 37, 27, 30]}, null, null, 136, false, [], false, 0, [], null, 0, 1744330318.2588406, 0, {}]
[{"0": [5, 5, 3, 1, 1, 0, 1, 1, 0, 0, 0, 0, 2, 1, 3, 1, 3]}, null, null, 136, false, [], false, 0, [], null, 0, 1744330318.4752855, 0, {}]
[{"0": [1, 0, 1, 3, 1, 1, 0, 3, 2, 2, 3, 0, 2, 1, 33, 3, 2]}, null, null, 137, false, [], false, 0, [], null, 0, 1744330318.690707, 0, {}]
[{"0": [0, 3, 2, 2, 29, 42, 35, 19, 31, 41, 30, 30, 29, 33, 31, 4, 3]}, null, null, 137, false, [], false, 0, [], null, 0, 1744330318.9236581, 0, {}]
[{"0": [0, 0, 3, 1, 1, 1, 25, 35, 19, 3, 2, 1, 0, 1, 0, 2, 3]}, null, null, 138, false, [], false, 0, [], null, 0, 1744330319.1233232, 0, {}]
[{"0": [1, 0, 4, 2, 2, 2, 26, 3, 2, 2, 2, 1, 1, 2, 1, 1, 3]}, null, null, 139, false, [], false, 0, [], null, 0, 1744330319.3380263, 0, {}]
[{"0": [4, 3, 2, 3, 7, 1, 26, 29, 2, 4, 1, 4, 1, 1, 2, 1, 1]}, null, null, 139, false, [], false, 0, [], null, 0, 1744330319.5542667, 0, {}]
[{"0": [1, 0, 2, 1, 1, 4, 2, 3, 40, 23, 32, 41, 2, 3, 1, 3, 2]}, null, null, 140, false, [], false, 0, [], null, 0, 1744330319.768878, 0, {}]
[{"0": [2, 3, 0, 1, 0, 1, 1, 5, 2, 0, 4, 0, 1, 2, 2, 2, 37]}, null, null, 140, false, [], false, 0, [], null, 0, 1744330320.000949, 0, {}]
[{"0": [1, 4, 0, 3, 1, 1, 0, 2, 1, 1, 6, 1, 2, 1, 6, 33, 42]}, null, null, 141, false, [], false, 0, [], null, 0, 1744330320.2034044, 0, {}]
[{"0": [2, 3, 5, 1, 29, 27, 31, 35, 30, 3, 1, 0, 1, 1, 2, 1, 2]}, null, null, 142, false, [], false, 0, [], null, 0, 1744330320.4266207, 0, {}]
[{"0": [2, 3, 3, 2, 2, 3, 4, 4, 2, 2, 1, 0, 2, 4, 5, 2, 29]}, null, null, 142, false, [], false, 0, [], null, 0, 1744330320.6440215, 0, {}]
[{"0": [2, 1, 1, 2, 1, 3, 1, 24, 35, 26, 3, 1, 1, 1, 0, 2, 2]}, null, null, 143, false, [], false, 0, [], null, 0, 1744330320.8611426, 0, {}]
[{"0": [2, 0, 3, 4, 5, 0, 2, 5, 2, 2, 3, 1, 1, 1, 0, 2, 3]}, null, null, 143, false, [], false, 0, [], null, 0, 1744330321.070917, 0, {}]
[{"0": [0, 4, 33, 33, 23, 26, 25, 21, 27, 3, 4, 3, 2, 1, 0, 2, 2]}, null, null, 144, false, [], false, 0, [], null, 0, 1744330321.2955248, 0, {}]
[{"0": [2, 2, 3, 2, 1, 3, 33, 29, 20, 21, 35, 30, 1, 6, 4, 3, 0]}, null, null, 145, false, [], false, 0, [], null, 0, 1744330321.5030613, 0, {}]
[{"0": [1, 1, 35, 23, 37, 23, 47, 33, 34, 30, 2, 2, 1, 2, 3, 2, 0]}, null, null, 145, false, [], false, 0, [], null, 0, 1744330321.7231655, 0, {}]
[{"0": [33, 27, 26, 21, 27, 48, 31, 24, 32, 38, 3, 2, 2, 0, 1, 2, 2]}, null, null, 146, false, [], false, 0, [], null, 0, 1744330321.9525294, 0, {}]
[{"0": [2, 4, 4, 32, 25, 29, 27, 35, 1, 1, 1, 1, 0, 0, 2, 1, 3]}, null, null, 146, false, [], false, 0, [], null, 0, 1744330322.1617677, 0, {}]
[{"0": [2, 1, 0, 1, 1, 2, 2, 1, 5, 1, 3, 35, 33, 36, 0, 2, 3]}, null, null, 147, false, [], false, 0, [], null, 0, 1744330322.3747556, 0, {}]
[{"0": [4, 1, 1, 2, 3, 2, 32, 33, 30, 26, 37, 36, 28, 26, 34, 35, 35]}, null, null, 148, false, [], false, 0, [], null, 0, 1744330322.5897756, 0, {}]
[{"0": [5, 0, 3, 2, 25, 31, 33, 29, 1, 3, 1, 1, 6, 3, 4, 1, 3]}, null, null, 148, false, [], false, 0, [], null, 0, 1744330322.8214488, 0, {}]
[{"0": [27, 34, 34, 25, 3, 3, 2, 0, 1, 1, 5, 3, 5, 2, 1, 4, 1]}, null, null, 149, false, [], false, 0, [], null, 0, 1744330323.019259, 0, {}]
[{"0": [3, 1, 3, 3, 3, 3, 0, 36, 36, 1, 2, 2, 2, 0, 2, 3, 0]}, null, null, 149, false, [], false, 0, [], null, 0, 1744330323.246129, 0, {}]
[{"0": [6, 1, 3, 3, 2, 0, 3, 3, 2, 2, 2, 3, 3, 3, 31, 31, 25]}, null, null, 150, true, [], false, 0, [], null, 0, 1744330323.4606156, 0, {}]
