[{"0": [1, 2, 1, 1, 2, 31, 37, 33, 4, 3, 0, 1, 2, 3, 1]}, null, null, 0, false, [], false, 0, [], null, 0, 1744307942.6437423, 0, {}]
[{"0": [3, 6, 5, 41, 29, 1, 4, 3, 1, 1, 0, 2, 1, 2, 0]}, null, null, 1, false, [], false, 0, [], null, 0, 1744307942.8507926, 0, {}]
[{"0": [3, 5, 3, 2, 1, 3, 3, 3, 3, 2, 1, 1, 1, 43, 41]}, null, null, 1, false, [], false, 0, [], null, 0, 1744307943.062739, 0, {}]
[{"0": [3, 1, 0, 7, 0, 37, 38, 31, 31, 1, 4, 2, 2, 4, 1]}, null, null, 2, false, [], false, 0, [], null, 0, 1744307943.2603667, 0, {}]
[{"0": [4, 1, 5, 3, 2, 1, 5, 3, 6, 5, 2, 5, 4, 3, 38]}, null, null, 2, false, [], false, 0, [], null, 0, 1744307943.4505737, 0, {}]
[{"0": [0, 3, 2, 2, 2, 2, 2, 0, 2, 1, 2, 2, 1, 3, 43]}, null, null, 3, false, [], false, 0, [], null, 0, 1744307943.6639464, 0, {}]
[{"0": [0, 4, 2, 1, 1, 3, 1, 2, 2, 2, 0, 37, 44, 28, 30]}, null, null, 4, false, [], false, 0, [], null, 0, 1744307943.8651762, 0, {}]
[{"0": [1, 1, 6, 2, 4, 1, 22, 43, 1, 1, 3, 1, 0, 3, 0]}, null, null, 4, false, [], false, 0, [], null, 0, 1744307944.0727203, 0, {}]
[{"0": [5, 3, 1, 3, 2, 3, 2, 2, 2, 1, 1, 4, 2, 3, 24]}, null, null, 5, false, [], false, 0, [], null, 0, 1744307944.2526278, 0, {}]
[{"0": [2, 37, 37, 1, 1, 0, 2, 0, 2, 2, 1, 5, 2, 1, 6]}, null, null, 5, false, [], false, 0, [], null, 0, 1744307944.4539416, 0, {}]
[{"0": [1, 2, 5, 6, 1, 1, 4, 0, 1, 3, 2, 1, 2, 38, 0]}, null, null, 6, false, [], false, 0, [], null, 0, 1744307944.6657379, 0, {}]
[{"0": [3, 3, 43, 32, 34, 33, 28, 41, 39, 35, 19, 39, 2, 1, 2]}, null, null, 7, false, [], false, 0, [], null, 0, 1744307944.8646774, 0, {}]
[{"0": [3, 1, 4, 42, 35, 26, 31, 41, 40, 37, 32, 2, 1, 1, 2]}, null, null, 7, false, [], false, 0, [], null, 0, 1744307945.066795, 0, {}]
[{"0": [2, 4, 2, 0, 3, 4, 4, 2, 2, 1, 4, 42, 1, 1, 3]}, null, null, 8, false, [], false, 0, [], null, 0, 1744307945.2650616, 0, {}]
[{"0": [2, 2, 1, 0, 2, 42, 41, 31, 41, 2, 0, 4, 1, 1, 4]}, null, null, 8, false, [], false, 0, [], null, 0, 1744307945.4647636, 0, {}]
[{"0": [4, 0, 2, 0, 1, 2, 0, 1, 0, 4, 1, 4, 4, 3, 36]}, null, null, 9, false, [], false, 0, [], null, 0, 1744307945.6491108, 0, {}]
[{"0": [1, 0, 3, 1, 4, 33, 38, 30, 48, 32, 39, 39, 35, 29, 45]}, null, null, 10, false, [], false, 0, [], null, 0, 1744307945.862005, 0, {}]
[{"0": [1, 41, 33, 3, 0, 4, 2, 2, 1, 2, 3, 3, 2, 1, 1]}, null, null, 10, false, [], false, 0, [], null, 0, 1744307946.0532055, 0, {}]
[{"0": [1, 49, 0, 2, 3, 4, 4, 1, 1, 1, 3, 0, 2, 1, 5]}, null, null, 11, false, [], false, 0, [], null, 0, 1744307946.2497115, 0, {}]
[{"0": [3, 2, 2, 2, 0, 23, 0, 0, 0, 1, 4, 1, 0, 0, 3]}, null, null, 11, false, [], false, 0, [], null, 0, 1744307946.4614253, 0, {}]
[{"0": [2, 1, 36, 38, 1, 0, 2, 3, 2, 1, 1, 2, 3, 0, 2]}, null, null, 12, false, [], false, 0, [], null, 0, 1744307946.647715, 0, {}]
[{"0": [1, 0, 48, 1, 1, 2, 0, 1, 3, 4, 2, 3, 2, 2, 2]}, null, null, 13, false, [], false, 0, [], null, 0, 1744307946.8631692, 0, {}]
[{"0": [35, 30, 38, 33, 41, 35, 34, 38, 32, 3, 3, 3, 2, 5, 2]}, null, null, 13, false, [], false, 0, [], null, 0, 1744307947.0491457, 0, {}]
[{"0": [1, 1, 1, 0, 2, 45, 31, 3, 1, 0, 1, 1, 1, 4, 3]}, null, null, 14, false, [], false, 0, [], null, 0, 1744307947.2656524, 0, {}]
[{"0": [2, 0, 2, 42, 31, 33, 31, 31, 37, 38, 35, 33, 29, 1, 2]}, null, null, 14, false, [], false, 0, [], null, 0, 1744307947.4692113, 0, {}]
[{"0": [1, 1, 0, 1, 1, 0, 37, 33, 25, 34, 28, 36, 39, 43, 41]}, null, null, 15, false, [], false, 0, [], null, 0, 1744307947.6621475, 0, {}]
[{"0": [1, 1, 1, 3, 1, 2, 4, 1, 1, 2, 1, 2, 0, 2, 35]}, null, null, 16, false, [], false, 0, [], null, 0, 1744307947.852797, 0, {}]
[{"0": [1, 3, 3, 2, 1, 0, 1, 1, 0, 1, 1, 4, 1, 49, 40]}, null, null, 16, false, [], false, 0, [], null, 0, 1744307948.06721, 0, {}]
[{"0": [0, 1, 3, 1, 1, 3, 2, 1, 3, 1, 3, 2, 3, 1, 36]}, null, null, 17, false, [], false, 0, [], null, 0, 1744307948.2686818, 0, {}]
[{"0": [3, 3, 0, 2, 4, 1, 2, 2, 1, 5, 3, 0, 5, 0, 38]}, null, null, 17, false, [], false, 0, [], null, 0, 1744307948.4681902, 0, {}]
[{"0": [3, 36, 38, 34, 31, 39, 3, 2, 1, 2, 1, 4, 0, 1, 3]}, null, null, 18, false, [], false, 0, [], null, 0, 1744307948.6492014, 0, {}]
[{"0": [2, 1, 1, 2, 30, 3, 2, 1, 3, 2, 3, 3, 4, 1, 1]}, null, null, 19, false, [], false, 0, [], null, 0, 1744307948.8524342, 0, {}]
[{"0": [1, 28, 2, 0, 1, 4, 5, 3, 3, 2, 1, 3, 2, 2, 3]}, null, null, 19, false, [], false, 0, [], null, 0, 1744307949.0475373, 0, {}]
[{"0": [1, 39, 33, 28, 31, 34, 29, 26, 30, 43, 37, 48, 29, 1, 1]}, null, null, 20, false, [], false, 0, [], null, 0, 1744307949.2609942, 0, {}]
[{"0": [1, 5, 3, 31, 38, 2, 2, 1, 2, 1, 0, 1, 2, 0, 1]}, null, null, 20, false, [], false, 0, [], null, 0, 1744307949.4620397, 0, {}]
[{"0": [1, 1, 0, 3, 1, 3, 3, 1, 1, 1, 3, 1, 2, 0, 38]}, null, null, 21, false, [], false, 0, [], null, 0, 1744307949.6670947, 0, {}]
[{"0": [2, 3, 1, 2, 1, 35, 33, 41, 30, 28, 31, 31, 0, 3, 0]}, null, null, 22, false, [], false, 0, [], null, 0, 1744307949.8694952, 0, {}]
[{"0": [2, 35, 35, 35, 33, 34, 26, 25, 44, 43, 2, 2, 1, 2, 1]}, null, null, 22, false, [], false, 0, [], null, 0, 1744307950.0498998, 0, {}]
[{"0": [4, 0, 2, 1, 0, 1, 1, 1, 3, 4, 2, 0, 1, 34, 34]}, null, null, 23, false, [], false, 0, [], null, 0, 1744307950.2584555, 0, {}]
[{"0": [2, 2, 3, 24, 31, 28, 28, 34, 29, 31, 45, 34, 40, 35, 40]}, null, null, 23, false, [], false, 0, [], null, 0, 1744307950.4704885, 0, {}]
[{"0": [0, 36, 24, 35, 30, 44, 25, 35, 36, 25, 2, 0, 2, 2, 0]}, null, null, 24, false, [], false, 0, [], null, 0, 1744307950.652026, 0, {}]
[{"0": [3, 2, 17, 2, 1, 3, 0, 2, 3, 1, 1, 1, 3, 1, 1]}, null, null, 25, false, [], false, 0, [], null, 0, 1744307950.8509269, 0, {}]
[{"0": [3, 2, 3, 0, 2, 4, 35, 29, 2, 2, 1, 3, 3, 0, 3]}, null, null, 25, false, [], false, 0, [], null, 0, 1744307951.051338, 0, {}]
[{"0": [3, 4, 1, 1, 2, 2, 1, 1, 2, 2, 1, 2, 2, 1, 36]}, null, null, 26, false, [], false, 0, [], null, 0, 1744307951.2617314, 0, {}]
[{"0": [0, 28, 38, 32, 38, 32, 4, 2, 2, 6, 1, 2, 2, 1, 2]}, null, null, 27, false, [], false, 0, [], null, 0, 1744307951.4597757, 0, {}]
[{"0": [0, 2, 2, 3, 1, 3, 28, 41, 3, 0, 0, 5, 5, 3, 1]}, null, null, 27, false, [], false, 0, [], null, 0, 1744307951.6549258, 0, {}]
[{"0": [1, 43, 31, 5, 1, 1, 5, 2, 1, 1, 2, 0, 2, 0, 1]}, null, null, 28, false, [], false, 0, [], null, 0, 1744307951.8523293, 0, {}]
[{"0": [0, 0, 1, 2, 4, 4, 42, 1, 2, 1, 1, 2, 2, 0, 1]}, null, null, 28, false, [], false, 0, [], null, 0, 1744307952.0500298, 0, {}]
[{"0": [1, 4, 1, 2, 0, 2, 36, 2, 1, 2, 3, 1, 1, 0, 2]}, null, null, 29, false, [], false, 0, [], null, 0, 1744307952.2479615, 0, {}]
[{"0": [2, 0, 0, 1, 30, 29, 33, 38, 28, 3, 3, 2, 1, 3, 1]}, null, null, 30, false, [], false, 0, [], null, 0, 1744307952.4535954, 0, {}]
[{"0": [3, 2, 2, 1, 25, 24, 20, 39, 37, 29, 40, 34, 26, 1, 6]}, null, null, 30, false, [], false, 0, [], null, 0, 1744307952.6472726, 0, {}]
[{"0": [2, 1, 0, 32, 2, 3, 5, 2, 1, 0, 1, 1, 3, 2, 2]}, null, null, 31, false, [], false, 0, [], null, 0, 1744307952.8716974, 0, {}]
[{"0": [3, 2, 4, 2, 1, 1, 2, 5, 4, 0, 4, 2, 1, 37, 39]}, null, null, 31, false, [], false, 0, [], null, 0, 1744307953.0589855, 0, {}]
[{"0": [2, 0, 40, 32, 40, 44, 39, 33, 32, 33, 27, 35, 0, 2, 2]}, null, null, 32, false, [], false, 0, [], null, 0, 1744307953.2575135, 0, {}]
[{"0": [2, 1, 2, 1, 1, 1, 0, 4, 4, 2, 0, 4, 1, 1, 44]}, null, null, 33, false, [], false, 0, [], null, 0, 1744307953.4586916, 0, {}]
[{"0": [0, 0, 3, 36, 36, 1, 2, 2, 1, 1, 3, 4, 3, 2, 2]}, null, null, 33, false, [], false, 0, [], null, 0, 1744307953.6650155, 0, {}]
[{"0": [0, 0, 2, 1, 0, 2, 3, 29, 36, 24, 37, 30, 28, 4, 0]}, null, null, 34, false, [], false, 0, [], null, 0, 1744307953.8518536, 0, {}]
[{"0": [2, 2, 23, 41, 42, 48, 37, 0, 1, 2, 1, 2, 1, 1, 1]}, null, null, 34, false, [], false, 0, [], null, 0, 1744307954.0571177, 0, {}]
[{"0": [3, 1, 2, 6, 1, 46, 33, 1, 2, 0, 3, 0, 1, 0, 2]}, null, null, 35, false, [], false, 0, [], null, 0, 1744307954.2788277, 0, {}]
[{"0": [2, 29, 42, 23, 36, 18, 27, 40, 0, 2, 4, 1, 1, 3, 3]}, null, null, 36, false, [], false, 0, [], null, 0, 1744307954.4555562, 0, {}]
[{"0": [0, 2, 5, 2, 5, 30, 34, 33, 36, 35, 38, 34, 28, 46, 38]}, null, null, 36, false, [], false, 0, [], null, 0, 1744307954.6664383, 0, {}]
[{"0": [2, 5, 4, 42, 34, 34, 45, 1, 1, 0, 4, 1, 3, 1, 1]}, null, null, 37, false, [], false, 0, [], null, 0, 1744307954.8570497, 0, {}]
[{"0": [2, 3, 3, 3, 2, 3, 0, 2, 46, 1, 3, 1, 2, 0, 1]}, null, null, 37, false, [], false, 0, [], null, 0, 1744307955.0606475, 0, {}]
[{"0": [42, 48, 41, 41, 33, 41, 40, 33, 39, 4, 2, 5, 4, 1, 0]}, null, null, 38, false, [], false, 0, [], null, 0, 1744307955.2692335, 0, {}]
[{"0": [2, 1, 1, 2, 3, 42, 1, 2, 1, 1, 3, 0, 4, 1, 3]}, null, null, 39, false, [], false, 0, [], null, 0, 1744307955.4543657, 0, {}]
[{"0": [1, 3, 42, 1, 3, 3, 0, 2, 1, 1, 3, 0, 2, 1, 0]}, null, null, 39, false, [], false, 0, [], null, 0, 1744307955.6577935, 0, {}]
[{"0": [0, 1, 2, 0, 42, 32, 1, 1, 1, 1, 0, 1, 3, 0, 3]}, null, null, 40, false, [], false, 0, [], null, 0, 1744307955.872758, 0, {}]
[{"0": [3, 0, 0, 2, 1, 2, 4, 2, 4, 30, 30, 1, 1, 2, 2]}, null, null, 40, false, [], false, 0, [], null, 0, 1744307956.0603921, 0, {}]
[{"0": [30, 33, 39, 40, 33, 0, 1, 1, 2, 4, 2, 3, 2, 4, 2]}, null, null, 41, false, [], false, 0, [], null, 0, 1744307956.2589176, 0, {}]
[{"0": [1, 41, 35, 2, 1, 4, 3, 0, 2, 1, 1, 2, 2, 1, 2]}, null, null, 42, false, [], false, 0, [], null, 0, 1744307956.456219, 0, {}]
[{"0": [2, 5, 1, 2, 3, 1, 2, 4, 2, 4, 3, 2, 2, 3, 36]}, null, null, 42, false, [], false, 0, [], null, 0, 1744307956.6592689, 0, {}]
[{"0": [0, 0, 3, 4, 5, 3, 43, 2, 5, 2, 2, 2, 0, 1, 2]}, null, null, 43, false, [], false, 0, [], null, 0, 1744307956.8550575, 0, {}]
[{"0": [1, 1, 4, 0, 0, 2, 5, 1, 2, 2, 2, 0, 3, 2, 40]}, null, null, 43, false, [], false, 0, [], null, 0, 1744307957.0552526, 0, {}]
[{"0": [36, 1, 1, 3, 1, 2, 3, 2, 1, 2, 4, 3, 1, 1, 4]}, null, null, 44, false, [], false, 0, [], null, 0, 1744307957.258923, 0, {}]
[{"0": [2, 0, 1, 1, 2, 6, 34, 1, 0, 1, 2, 2, 4, 1, 1]}, null, null, 45, false, [], false, 0, [], null, 0, 1744307957.4498794, 0, {}]
[{"0": [3, 1, 0, 38, 42, 25, 42, 1, 1, 0, 1, 1, 3, 0, 2]}, null, null, 45, false, [], false, 0, [], null, 0, 1744307957.6547267, 0, {}]
[{"0": [1, 2, 3, 0, 3, 1, 5, 2, 1, 4, 3, 2, 31, 33, 35]}, null, null, 46, false, [], false, 0, [], null, 0, 1744307957.8613117, 0, {}]
[{"0": [1, 34, 38, 26, 28, 34, 37, 43, 30, 33, 36, 31, 34, 25, 36]}, null, null, 46, false, [], false, 0, [], null, 0, 1744307958.0608094, 0, {}]
[{"0": [1, 2, 0, 1, 1, 2, 38, 0, 3, 2, 2, 0, 1, 1, 1]}, null, null, 47, false, [], false, 0, [], null, 0, 1744307958.2527595, 0, {}]
[{"0": [1, 30, 47, 31, 39, 26, 49, 37, 27, 36, 38, 39, 39, 35, 27]}, null, null, 48, false, [], false, 0, [], null, 0, 1744307958.4502754, 0, {}]
[{"0": [1, 0, 30, 37, 39, 38, 31, 0, 6, 3, 4, 0, 1, 1, 2]}, null, null, 48, false, [], false, 0, [], null, 0, 1744307958.6707428, 0, {}]
[{"0": [0, 1, 4, 1, 1, 0, 0, 0, 2, 41, 31, 43, 36, 29, 33]}, null, null, 49, false, [], false, 0, [], null, 0, 1744307958.855333, 0, {}]
[{"0": [2, 0, 0, 5, 2, 30, 47, 29, 38, 1, 2, 1, 4, 4, 2]}, null, null, 49, false, [], false, 0, [], null, 0, 1744307959.0570788, 0, {}]
[{"0": [2, 1, 2, 33, 33, 34, 37, 27, 36, 2, 3, 3, 2, 3, 5]}, null, null, 50, false, [], false, 0, [], null, 0, 1744307959.2538168, 0, {}]
[{"0": [2, 40, 24, 33, 35, 36, 35, 34, 46, 39, 2, 0, 1, 3, 3]}, null, null, 51, false, [], false, 0, [], null, 0, 1744307959.4606752, 0, {}]
[{"0": [3, 0, 2, 1, 0, 0, 1, 2, 1, 1, 0, 0, 5, 0, 1]}, null, null, 51, false, [], false, 0, [], null, 0, 1744307959.6541662, 0, {}]
[{"0": [1, 4, 2, 1, 0, 0, 2, 0, 3, 2, 2, 2, 3, 2, 32]}, null, null, 52, false, [], false, 0, [], null, 0, 1744307959.852274, 0, {}]
[{"0": [2, 2, 3, 1, 4, 28, 37, 33, 33, 2, 2, 5, 0, 2, 2]}, null, null, 52, false, [], false, 0, [], null, 0, 1744307960.0684237, 0, {}]
[{"0": [4, 2, 2, 1, 1, 36, 43, 34, 1, 0, 2, 1, 1, 2, 1]}, null, null, 53, false, [], false, 0, [], null, 0, 1744307960.266581, 0, {}]
[{"0": [3, 1, 25, 37, 30, 38, 1, 1, 5, 1, 4, 2, 2, 3, 3]}, null, null, 54, false, [], false, 0, [], null, 0, 1744307960.4651294, 0, {}]
[{"0": [2, 3, 1, 2, 2, 37, 33, 3, 5, 5, 2, 6, 1, 2, 1]}, null, null, 54, false, [], false, 0, [], null, 0, 1744307960.6513257, 0, {}]
[{"0": [2, 25, 29, 26, 36, 3, 2, 1, 2, 0, 4, 1, 2, 0, 2]}, null, null, 55, false, [], false, 0, [], null, 0, 1744307960.8520856, 0, {}]
[{"0": [38, 32, 41, 48, 41, 5, 2, 3, 1, 1, 1, 3, 1, 0, 2]}, null, null, 55, false, [], false, 0, [], null, 0, 1744307961.0682948, 0, {}]
[{"0": [2, 41, 3, 4, 0, 1, 1, 4, 2, 1, 1, 0, 2, 4, 1]}, null, null, 56, false, [], false, 0, [], null, 0, 1744307961.2539845, 0, {}]
[{"0": [1, 26, 31, 37, 31, 28, 0, 0, 3, 2, 1, 2, 2, 0, 0]}, null, null, 57, false, [], false, 0, [], null, 0, 1744307961.4701319, 0, {}]
[{"0": [4, 2, 0, 0, 2, 2, 4, 1, 2, 2, 5, 1, 3, 0, 31]}, null, null, 57, false, [], false, 0, [], null, 0, 1744307961.6574526, 0, {}]
[{"0": [4, 0, 0, 3, 6, 0, 2, 1, 3, 2, 0, 3, 6, 0, 33]}, null, null, 58, false, [], false, 0, [], null, 0, 1744307961.8560286, 0, {}]
[{"0": [0, 3, 5, 4, 1, 2, 4, 2, 0, 0, 5, 1, 3, 1, 37]}, null, null, 58, false, [], false, 0, [], null, 0, 1744307962.072858, 0, {}]
[{"0": [2, 37, 33, 44, 38, 2, 2, 2, 2, 1, 3, 4, 1, 3, 3]}, null, null, 59, false, [], false, 0, [], null, 0, 1744307962.26466, 0, {}]
[{"0": [2, 1, 0, 2, 1, 36, 3, 2, 2, 1, 1, 3, 2, 1, 2]}, null, null, 60, false, [], false, 0, [], null, 0, 1744307962.4682927, 0, {}]
[{"0": [6, 23, 17, 25, 48, 40, 29, 34, 34, 29, 43, 44, 39, 35, 36]}, null, null, 60, false, [], false, 0, [], null, 0, 1744307962.6538205, 0, {}]
[{"0": [3, 1, 0, 2, 0, 4, 3, 5, 2, 3, 3, 5, 3, 2, 30]}, null, null, 61, false, [], false, 0, [], null, 0, 1744307962.8715298, 0, {}]
[{"0": [3, 33, 31, 37, 4, 1, 2, 3, 1, 2, 4, 0, 3, 2, 0]}, null, null, 61, false, [], false, 0, [], null, 0, 1744307963.0597603, 0, {}]
[{"0": [3, 32, 1, 1, 2, 3, 2, 2, 1, 3, 1, 2, 2, 3, 0]}, null, null, 62, false, [], false, 0, [], null, 0, 1744307963.2644484, 0, {}]
[{"0": [2, 4, 0, 2, 1, 1, 1, 5, 3, 0, 3, 1, 1, 2, 31]}, null, null, 63, false, [], false, 0, [], null, 0, 1744307963.4651468, 0, {}]
[{"0": [2, 27, 40, 35, 38, 34, 38, 28, 34, 32, 41, 2, 1, 0, 1]}, null, null, 63, false, [], false, 0, [], null, 0, 1744307963.6574488, 0, {}]
[{"0": [2, 3, 4, 4, 1, 2, 2, 26, 39, 39, 0, 2, 3, 1, 4]}, null, null, 64, false, [], false, 0, [], null, 0, 1744307963.8601384, 0, {}]
[{"0": [1, 1, 1, 4, 6, 0, 2, 1, 3, 5, 5, 2, 1, 30, 26]}, null, null, 64, false, [], false, 0, [], null, 0, 1744307964.053935, 0, {}]
[{"0": [1, 1, 4, 0, 2, 47, 1, 1, 3, 0, 0, 2, 1, 2, 2]}, null, null, 65, false, [], false, 0, [], null, 0, 1744307964.2539415, 0, {}]
[{"0": [33, 31, 1, 1, 2, 2, 5, 1, 2, 2, 4, 1, 1, 1, 1]}, null, null, 66, false, [], false, 0, [], null, 0, 1744307964.4724045, 0, {}]
[{"0": [0, 1, 4, 3, 0, 47, 29, 36, 32, 2, 1, 0, 1, 2, 3]}, null, null, 66, false, [], false, 0, [], null, 0, 1744307964.6530902, 0, {}]
[{"0": [1, 43, 31, 31, 47, 31, 39, 27, 25, 32, 1, 1, 1, 1, 2]}, null, null, 67, false, [], false, 0, [], null, 0, 1744307964.8571599, 0, {}]
[{"0": [2, 1, 2, 1, 0, 2, 1, 0, 2, 2, 0, 25, 30, 38, 3]}, null, null, 67, false, [], false, 0, [], null, 0, 1744307965.076014, 0, {}]
[{"0": [3, 1, 10, 6, 1, 3, 2, 1, 5, 1, 3, 5, 0, 0, 2]}, null, null, 68, false, [], false, 0, [], null, 0, 1744307965.2532501, 0, {}]
[{"0": [1, 38, 1, 1, 1, 1, 2, 2, 1, 2, 0, 0, 1, 3, 2]}, null, null, 69, false, [], false, 0, [], null, 0, 1744307965.456238, 0, {}]
[{"0": [1, 1, 4, 0, 0, 2, 2, 3, 1, 5, 2, 37, 4, 4, 0]}, null, null, 69, false, [], false, 0, [], null, 0, 1744307965.6578634, 0, {}]
[{"0": [1, 2, 2, 0, 5, 3, 37, 2, 3, 2, 2, 2, 0, 3, 1]}, null, null, 70, false, [], false, 0, [], null, 0, 1744307965.8721669, 0, {}]
[{"0": [1, 3, 3, 30, 31, 3, 3, 1, 1, 3, 3, 2, 2, 1, 2]}, null, null, 70, false, [], false, 0, [], null, 0, 1744307966.0574107, 0, {}]
[{"0": [2, 4, 1, 30, 33, 38, 39, 41, 0, 2, 1, 1, 0, 0, 2]}, null, null, 71, false, [], false, 0, [], null, 0, 1744307966.2511017, 0, {}]
[{"0": [3, 2, 2, 1, 1, 0, 1, 4, 3, 1, 4, 0, 2, 3, 1]}, null, null, 72, false, [], false, 0, [], null, 0, 1744307966.4552593, 0, {}]
[{"0": [2, 38, 1, 0, 3, 3, 3, 2, 2, 3, 3, 0, 2, 2, 4]}, null, null, 72, false, [], false, 0, [], null, 0, 1744307966.6512315, 0, {}]
[{"0": [1, 41, 35, 29, 37, 0, 0, 3, 2, 1, 4, 1, 2, 1, 1]}, null, null, 73, false, [], false, 0, [], null, 0, 1744307966.8605142, 0, {}]
[{"0": [1, 32, 43, 39, 39, 39, 30, 3, 3, 3, 2, 1, 1, 4, 1]}, null, null, 73, false, [], false, 0, [], null, 0, 1744307967.059961, 0, {}]
[{"0": [1, 1, 19, 31, 35, 18, 1, 1, 3, 2, 3, 2, 5, 2, 2]}, null, null, 74, false, [], false, 0, [], null, 0, 1744307967.2593617, 0, {}]
[{"0": [5, 30, 4, 0, 2, 4, 1, 2, 1, 4, 0, 0, 1, 1, 0]}, null, null, 75, false, [], false, 0, [], null, 0, 1744307967.456864, 0, {}]
[{"0": [3, 0, 0, 3, 0, 3, 23, 2, 3, 4, 0, 1, 3, 3, 2]}, null, null, 75, false, [], false, 0, [], null, 0, 1744307967.6534073, 0, {}]
[{"0": [1, 3, 3, 2, 3, 4, 3, 1, 1, 1, 5, 2, 3, 4, 1]}, null, null, 76, false, [], false, 0, [], null, 0, 1744307967.8529851, 0, {}]
[{"0": [4, 42, 1, 1, 3, 2, 0, 2, 1, 2, 2, 1, 2, 0, 1]}, null, null, 77, false, [], false, 0, [], null, 0, 1744307968.0587733, 0, {}]
[{"0": [2, 40, 37, 43, 36, 26, 42, 27, 33, 30, 43, 26, 29, 45, 36]}, null, null, 77, false, [], false, 0, [], null, 0, 1744307968.2589736, 0, {}]
[{"0": [0, 2, 1, 0, 5, 1, 5, 0, 2, 0, 4, 1, 2, 1, 3]}, null, null, 78, false, [], false, 0, [], null, 0, 1744307968.463876, 0, {}]
[{"0": [3, 5, 0, 0, 2, 2, 33, 33, 38, 34, 40, 37, 42, 35, 40]}, null, null, 78, false, [], false, 0, [], null, 0, 1744307968.6588252, 0, {}]
[{"0": [45, 44, 2, 2, 1, 2, 2, 2, 3, 5, 1, 2, 3, 0, 0]}, null, null, 79, false, [], false, 0, [], null, 0, 1744307968.854063, 0, {}]
[{"0": [37, 37, 39, 22, 30, 24, 29, 1, 3, 1, 2, 2, 0, 1, 1]}, null, null, 80, false, [], false, 0, [], null, 0, 1744307969.0752292, 0, {}]
[{"0": [4, 0, 1, 1, 33, 45, 31, 35, 41, 39, 43, 39, 29, 2, 4]}, null, null, 80, false, [], false, 0, [], null, 0, 1744307969.2569683, 0, {}]
[{"0": [6, 3, 5, 2, 1, 0, 0, 3, 4, 5, 2, 2, 0, 35, 33]}, null, null, 81, false, [], false, 0, [], null, 0, 1744307969.4511402, 0, {}]
[{"0": [0, 0, 3, 27, 34, 39, 31, 3, 0, 2, 4, 1, 1, 0, 1]}, null, null, 81, false, [], false, 0, [], null, 0, 1744307969.658884, 0, {}]
[{"0": [2, 2, 2, 1, 0, 2, 24, 37, 6, 3, 3, 1, 0, 2, 1]}, null, null, 82, false, [], false, 0, [], null, 0, 1744307969.8643203, 0, {}]
[{"0": [3, 1, 2, 42, 38, 27, 31, 35, 31, 39, 41, 43, 45, 1, 6]}, null, null, 83, false, [], false, 0, [], null, 0, 1744307970.0609014, 0, {}]
[{"0": [3, 1, 1, 0, 4, 2, 1, 1, 0, 4, 35, 34, 29, 42, 36]}, null, null, 83, false, [], false, 0, [], null, 0, 1744307970.2630124, 0, {}]
[{"0": [4, 34, 2, 2, 0, 1, 1, 3, 2, 2, 1, 1, 3, 1, 3]}, null, null, 84, false, [], false, 0, [], null, 0, 1744307970.4722998, 0, {}]
[{"0": [3, 2, 1, 4, 1, 42, 36, 36, 31, 2, 1, 1, 1, 0, 0]}, null, null, 84, false, [], false, 0, [], null, 0, 1744307970.6596243, 0, {}]
[{"0": [2, 2, 1, 1, 4, 1, 1, 3, 2, 0, 32, 34, 1, 2, 1]}, null, null, 85, false, [], false, 0, [], null, 0, 1744307970.8772135, 0, {}]
[{"0": [3, 0, 0, 2, 38, 28, 38, 37, 30, 32, 42, 33, 31, 32, 48]}, null, null, 86, false, [], false, 0, [], null, 0, 1744307971.0673192, 0, {}]
[{"0": [1, 29, 0, 1, 3, 5, 2, 1, 2, 1, 0, 2, 1, 2, 2]}, null, null, 86, false, [], false, 0, [], null, 0, 1744307971.257568, 0, {}]
[{"0": [34, 42, 0, 2, 1, 1, 4, 2, 4, 0, 1, 2, 0, 2, 1]}, null, null, 87, false, [], false, 0, [], null, 0, 1744307971.4542854, 0, {}]
[{"0": [5, 3, 3, 5, 0, 3, 2, 31, 26, 38, 2, 1, 2, 2, 2]}, null, null, 87, false, [], false, 0, [], null, 0, 1744307971.654579, 0, {}]
[{"0": [2, 1, 0, 43, 30, 3, 0, 2, 1, 2, 2, 3, 0, 3, 1]}, null, null, 88, false, [], false, 0, [], null, 0, 1744307971.8658824, 0, {}]
[{"0": [3, 4, 3, 2, 33, 4, 4, 1, 1, 7, 5, 5, 4, 2, 3]}, null, null, 89, false, [], false, 0, [], null, 0, 1744307972.05776, 0, {}]
[{"0": [0, 2, 1, 2, 4, 2, 3, 4, 0, 1, 0, 3, 0, 2, 1]}, null, null, 89, false, [], false, 0, [], null, 0, 1744307972.264837, 0, {}]
[{"0": [1, 0, 2, 34, 26, 31, 1, 3, 1, 2, 3, 2, 1, 3, 7]}, null, null, 90, false, [], false, 0, [], null, 0, 1744307972.45449, 0, {}]
[{"0": [3, 37, 40, 45, 31, 34, 31, 28, 31, 38, 32, 3, 1, 2, 0]}, null, null, 90, false, [], false, 0, [], null, 0, 1744307972.6726162, 0, {}]
[{"0": [1, 3, 0, 40, 28, 25, 28, 34, 3, 0, 4, 1, 3, 3, 1]}, null, null, 91, false, [], false, 0, [], null, 0, 1744307972.864515, 0, {}]
[{"0": [0, 27, 31, 28, 32, 3, 0, 6, 2, 0, 1, 3, 4, 5, 2]}, null, null, 92, false, [], false, 0, [], null, 0, 1744307973.056665, 0, {}]
[{"0": [3, 2, 7, 2, 6, 6, 1, 2, 4, 2, 2, 4, 1, 1, 3]}, null, null, 92, false, [], false, 0, [], null, 0, 1744307973.2557082, 0, {}]
[{"0": [3, 3, 3, 41, 23, 42, 29, 34, 33, 43, 35, 36, 35, 39, 32]}, null, null, 93, false, [], false, 0, [], null, 0, 1744307973.4753032, 0, {}]
[{"0": [0, 2, 2, 1, 2, 3, 4, 2, 3, 34, 2, 1, 2, 2, 2]}, null, null, 93, false, [], false, 0, [], null, 0, 1744307973.6614814, 0, {}]
[{"0": [2, 44, 50, 30, 23, 27, 35, 0, 4, 1, 4, 3, 4, 2, 3]}, null, null, 94, false, [], false, 0, [], null, 0, 1744307973.8599746, 0, {}]
[{"0": [1, 26, 38, 32, 2, 1, 3, 1, 1, 3, 4, 2, 4, 3, 1]}, null, null, 95, false, [], false, 0, [], null, 0, 1744307974.0536692, 0, {}]
[{"0": [4, 3, 0, 2, 1, 1, 1, 1, 2, 2, 3, 2, 1, 1, 3]}, null, null, 95, false, [], false, 0, [], null, 0, 1744307974.254945, 0, {}]
[{"0": [1, 3, 0, 38, 38, 31, 20, 51, 36, 30, 40, 26, 35, 29, 1]}, null, null, 96, false, [], false, 0, [], null, 0, 1744307974.4700842, 0, {}]
[{"0": [3, 2, 0, 1, 2, 41, 39, 32, 2, 0, 1, 0, 0, 4, 2]}, null, null, 96, false, [], false, 0, [], null, 0, 1744307974.654125, 0, {}]
[{"0": [1, 48, 5, 2, 0, 2, 2, 1, 4, 1, 1, 2, 2, 2, 5]}, null, null, 97, false, [], false, 0, [], null, 0, 1744307974.8774445, 0, {}]
[{"0": [0, 3, 1, 3, 6, 3, 1, 2, 39, 38, 48, 38, 29, 35, 28]}, null, null, 98, false, [], false, 0, [], null, 0, 1744307975.0651245, 0, {}]
[{"0": [1, 0, 0, 0, 6, 1, 1, 2, 2, 2, 38, 35, 41, 24, 1]}, null, null, 98, false, [], false, 0, [], null, 0, 1744307975.2655888, 0, {}]
[{"0": [1, 36, 39, 34, 28, 32, 40, 6, 1, 0, 1, 0, 1, 1, 1]}, null, null, 99, false, [], false, 0, [], null, 0, 1744307975.4568765, 0, {}]
[{"0": [1, 3, 1, 2, 2, 3, 0, 33, 28, 44, 38, 32, 30, 34, 27]}, null, null, 99, false, [], false, 0, [], null, 0, 1744307975.6511004, 0, {}]
[{"0": [4, 30, 30, 38, 32, 44, 33, 43, 22, 0, 1, 3, 2, 0, 3]}, null, null, 100, false, [], false, 0, [], null, 0, 1744307975.8691204, 0, {}]
[{"0": [1, 1, 1, 2, 1, 2, 1, 0, 1, 27, 3, 2, 1, 1, 1]}, null, null, 101, false, [], false, 0, [], null, 0, 1744307976.073318, 0, {}]
[{"0": [2, 4, 2, 36, 36, 43, 0, 4, 2, 1, 1, 1, 1, 1, 2]}, null, null, 101, false, [], false, 0, [], null, 0, 1744307976.2569559, 0, {}]
[{"0": [2, 3, 0, 2, 2, 4, 1, 3, 6, 1, 2, 3, 28, 26, 32]}, null, null, 102, false, [], false, 0, [], null, 0, 1744307976.4565196, 0, {}]
[{"0": [3, 34, 30, 28, 44, 1, 3, 0, 2, 3, 2, 3, 1, 3, 0]}, null, null, 102, false, [], false, 0, [], null, 0, 1744307976.6635559, 0, {}]
[{"0": [0, 1, 2, 0, 1, 5, 1, 1, 2, 2, 1, 3, 0, 1, 33]}, null, null, 103, false, [], false, 0, [], null, 0, 1744307976.8554914, 0, {}]
[{"0": [1, 3, 0, 2, 1, 2, 2, 2, 0, 1, 3, 2, 1, 0, 33]}, null, null, 104, false, [], false, 0, [], null, 0, 1744307977.0602531, 0, {}]
[{"0": [2, 32, 41, 35, 45, 30, 30, 28, 29, 42, 42, 35, 41, 33, 33]}, null, null, 104, false, [], false, 0, [], null, 0, 1744307977.2809377, 0, {}]
[{"0": [3, 6, 30, 27, 38, 31, 28, 36, 38, 45, 37, 30, 33, 35, 35]}, null, null, 105, false, [], false, 0, [], null, 0, 1744307977.4719253, 0, {}]
[{"0": [2, 40, 38, 40, 46, 3, 2, 5, 2, 3, 3, 1, 0, 3, 1]}, null, null, 105, false, [], false, 0, [], null, 0, 1744307977.6733239, 0, {}]
[{"0": [3, 3, 1, 3, 1, 34, 32, 37, 43, 28, 25, 2, 0, 1, 3]}, null, null, 106, false, [], false, 0, [], null, 0, 1744307977.859642, 0, {}]
[{"0": [2, 2, 31, 1, 1, 0, 3, 2, 3, 1, 1, 2, 1, 3, 3]}, null, null, 107, false, [], false, 0, [], null, 0, 1744307978.0562525, 0, {}]
[{"0": [2, 45, 37, 33, 44, 28, 34, 48, 37, 3, 1, 4, 1, 0, 0]}, null, null, 107, false, [], false, 0, [], null, 0, 1744307978.254334, 0, {}]
[{"0": [1, 2, 1, 1, 9, 25, 36, 36, 39, 44, 4, 3, 1, 2, 3]}, null, null, 108, false, [], false, 0, [], null, 0, 1744307978.4715743, 0, {}]
[{"0": [1, 4, 2, 3, 2, 1, 1, 27, 26, 40, 2, 2, 2, 1, 2]}, null, null, 108, false, [], false, 0, [], null, 0, 1744307978.6585667, 0, {}]
[{"0": [1, 1, 1, 0, 2, 2, 1, 0, 5, 3, 4, 2, 3, 2, 41]}, null, null, 109, false, [], false, 0, [], null, 0, 1744307978.8719587, 0, {}]
[{"0": [1, 2, 3, 2, 1, 1, 1, 32, 38, 30, 35, 41, 3, 0, 0]}, null, null, 110, false, [], false, 0, [], null, 0, 1744307979.0591037, 0, {}]
[{"0": [2, 3, 0, 34, 32, 33, 34, 2, 1, 1, 0, 0, 6, 1, 3]}, null, null, 110, false, [], false, 0, [], null, 0, 1744307979.2616227, 0, {}]
[{"0": [0, 3, 1, 0, 27, 34, 2, 2, 3, 5, 2, 3, 0, 2, 2]}, null, null, 111, false, [], false, 0, [], null, 0, 1744307979.4646168, 0, {}]
[{"0": [2, 0, 26, 36, 4, 1, 2, 4, 1, 1, 2, 1, 2, 0, 5]}, null, null, 111, false, [], false, 0, [], null, 0, 1744307979.667268, 0, {}]
[{"0": [4, 4, 1, 1, 36, 36, 40, 43, 30, 41, 23, 33, 1, 1, 0]}, null, null, 112, false, [], false, 0, [], null, 0, 1744307979.8719828, 0, {}]
[{"0": [7, 2, 1, 4, 1, 0, 0, 2, 2, 2, 1, 4, 6, 3, 28]}, null, null, 113, false, [], false, 0, [], null, 0, 1744307980.073742, 0, {}]
[{"0": [2, 1, 1, 3, 1, 0, 1, 2, 35, 37, 35, 1, 2, 3, 1]}, null, null, 113, false, [], false, 0, [], null, 0, 1744307980.253994, 0, {}]
[{"0": [1, 1, 3, 2, 3, 22, 32, 2, 2, 2, 1, 0, 3, 0, 2]}, null, null, 114, false, [], false, 0, [], null, 0, 1744307980.4585803, 0, {}]
[{"0": [3, 0, 0, 3, 3, 23, 32, 1, 2, 3, 1, 1, 0, 2, 0]}, null, null, 114, false, [], false, 0, [], null, 0, 1744307980.676306, 0, {}]
[{"0": [2, 34, 32, 38, 26, 34, 1, 0, 0, 1, 2, 4, 0, 3, 1]}, null, null, 115, false, [], false, 0, [], null, 0, 1744307980.8531005, 0, {}]
[{"0": [1, 3, 0, 34, 36, 36, 27, 2, 1, 1, 2, 3, 1, 3, 0]}, null, null, 116, false, [], false, 0, [], null, 0, 1744307981.0589242, 0, {}]
[{"0": [1, 31, 22, 44, 33, 40, 0, 5, 1, 0, 1, 3, 1, 5, 3]}, null, null, 116, false, [], false, 0, [], null, 0, 1744307981.2759228, 0, {}]
[{"0": [5, 1, 1, 42, 35, 32, 35, 39, 27, 40, 35, 2, 0, 2, 4]}, null, null, 117, false, [], false, 0, [], null, 0, 1744307981.4545226, 0, {}]
[{"0": [0, 0, 4, 1, 41, 30, 35, 33, 29, 1, 4, 1, 2, 3, 2]}, null, null, 117, false, [], false, 0, [], null, 0, 1744307981.6614814, 0, {}]
[{"0": [1, 5, 5, 2, 2, 1, 1, 2, 0, 4, 1, 1, 4, 2, 34]}, null, null, 118, false, [], false, 0, [], null, 0, 1744307981.857867, 0, {}]
[{"0": [6, 35, 35, 31, 29, 34, 34, 37, 36, 37, 35, 34, 3, 2, 1]}, null, null, 119, false, [], false, 0, [], null, 0, 1744307982.056579, 0, {}]
[{"0": [1, 33, 30, 34, 31, 34, 29, 35, 3, 2, 1, 1, 2, 4, 1]}, null, null, 119, false, [], false, 0, [], null, 0, 1744307982.2612405, 0, {}]
[{"0": [2, 3, 3, 39, 1, 2, 1, 2, 3, 3, 2, 3, 2, 3, 3]}, null, null, 120, false, [], false, 0, [], null, 0, 1744307982.4547634, 0, {}]
[{"0": [2, 3, 24, 36, 36, 39, 40, 26, 44, 3, 1, 1, 2, 3, 0]}, null, null, 120, false, [], false, 0, [], null, 0, 1744307982.6780567, 0, {}]
[{"0": [1, 1, 2, 4, 5, 4, 0, 1, 40, 30, 1, 1, 2, 0, 2]}, null, null, 121, false, [], false, 0, [], null, 0, 1744307982.8572977, 0, {}]
[{"0": [3, 3, 3, 38, 29, 26, 32, 26, 33, 3, 3, 3, 3, 0, 1]}, null, null, 122, false, [], false, 0, [], null, 0, 1744307983.0548847, 0, {}]
[{"0": [2, 1, 1, 1, 4, 33, 1, 3, 1, 0, 1, 4, 3, 2, 2]}, null, null, 122, false, [], false, 0, [], null, 0, 1744307983.2645292, 0, {}]
[{"0": [3, 1, 4, 4, 36, 34, 2, 1, 2, 1, 4, 5, 2, 4, 2]}, null, null, 123, false, [], false, 0, [], null, 0, 1744307983.467377, 0, {}]
[{"0": [5, 33, 30, 40, 0, 0, 2, 4, 1, 2, 1, 1, 0, 1, 0]}, null, null, 123, false, [], false, 0, [], null, 0, 1744307983.6644866, 0, {}]
[{"0": [3, 0, 3, 0, 1, 2, 33, 34, 30, 27, 37, 37, 2, 1, 0]}, null, null, 124, false, [], false, 0, [], null, 0, 1744307983.8570726, 0, {}]
[{"0": [4, 2, 1, 1, 2, 2, 29, 40, 0, 2, 2, 1, 3, 0, 4]}, null, null, 125, false, [], false, 0, [], null, 0, 1744307984.056883, 0, {}]
[{"0": [3, 2, 4, 40, 29, 43, 32, 35, 3, 2, 2, 5, 2, 1, 1]}, null, null, 125, false, [], false, 0, [], null, 0, 1744307984.281514, 0, {}]
[{"0": [2, 46, 32, 24, 39, 29, 27, 35, 2, 2, 6, 0, 1, 1, 2]}, null, null, 126, false, [], false, 0, [], null, 0, 1744307984.4570725, 0, {}]
[{"0": [0, 0, 1, 4, 1, 2, 4, 4, 0, 1, 1, 1, 1, 3, 39]}, null, null, 127, false, [], false, 0, [], null, 0, 1744307984.6597958, 0, {}]
[{"0": [35, 37, 28, 1, 3, 3, 3, 1, 3, 2, 1, 3, 2, 5, 2]}, null, null, 127, false, [], false, 0, [], null, 0, 1744307984.8757737, 0, {}]
[{"0": [0, 3, 2, 3, 5, 0, 0, 0, 1, 2, 0, 2, 1, 1, 32]}, null, null, 128, false, [], false, 0, [], null, 0, 1744307985.073323, 0, {}]
[{"0": [1, 34, 2, 0, 3, 2, 1, 0, 4, 2, 2, 1, 3, 2, 4]}, null, null, 128, false, [], false, 0, [], null, 0, 1744307985.277763, 0, {}]
[{"0": [2, 2, 1, 1, 30, 35, 32, 2, 1, 1, 1, 1, 3, 3, 0]}, null, null, 129, false, [], false, 0, [], null, 0, 1744307985.4787345, 0, {}]
[{"0": [0, 36, 30, 33, 35, 38, 34, 35, 17, 31, 33, 43, 3, 2, 1]}, null, null, 130, false, [], false, 0, [], null, 0, 1744307985.671066, 0, {}]
[{"0": [6, 1, 1, 1, 0, 3, 4, 2, 2, 1, 1, 0, 1, 1, 34]}, null, null, 130, false, [], false, 0, [], null, 0, 1744307985.8749542, 0, {}]
[{"0": [2, 3, 35, 24, 32, 33, 38, 35, 26, 1, 5, 2, 0, 0, 2]}, null, null, 131, false, [], false, 0, [], null, 0, 1744307986.0551012, 0, {}]
[{"0": [3, 2, 3, 1, 38, 1, 0, 0, 1, 4, 0, 2, 3, 0, 3]}, null, null, 131, false, [], false, 0, [], null, 0, 1744307986.2651196, 0, {}]
[{"0": [6, 1, 0, 0, 2, 42, 30, 0, 1, 1, 3, 2, 4, 4, 1]}, null, null, 132, false, [], false, 0, [], null, 0, 1744307986.4619389, 0, {}]
[{"0": [2, 3, 1, 3, 1, 1, 4, 34, 1, 5, 3, 2, 2, 1, 2]}, null, null, 133, false, [], false, 0, [], null, 0, 1744307986.6708548, 0, {}]
[{"0": [1, 28, 41, 2, 2, 4, 3, 2, 1, 0, 0, 1, 1, 0, 1]}, null, null, 133, false, [], false, 0, [], null, 0, 1744307986.8767307, 0, {}]
[{"0": [1, 3, 2, 1, 2, 2, 1, 1, 1, 2, 6, 5, 2, 0, 31]}, null, null, 134, false, [], false, 0, [], null, 0, 1744307987.0591798, 0, {}]
[{"0": [1, 0, 5, 1, 2, 1, 2, 33, 35, 1, 3, 2, 0, 4, 2]}, null, null, 134, false, [], false, 0, [], null, 0, 1744307987.258696, 0, {}]
[{"0": [2, 1, 1, 39, 27, 32, 35, 34, 35, 0, 0, 2, 0, 1, 1]}, null, null, 135, false, [], false, 0, [], null, 0, 1744307987.4581509, 0, {}]
[{"0": [1, 36, 6, 1, 2, 2, 2, 0, 2, 2, 4, 1, 3, 2, 0]}, null, null, 136, false, [], false, 0, [], null, 0, 1744307987.6794224, 0, {}]
[{"0": [31, 43, 34, 35, 37, 40, 38, 38, 28, 41, 33, 0, 3, 4, 2]}, null, null, 136, false, [], false, 0, [], null, 0, 1744307987.8621783, 0, {}]
[{"0": [1, 2, 2, 6, 31, 2, 3, 4, 5, 0, 2, 4, 6, 1, 2]}, null, null, 137, false, [], false, 0, [], null, 0, 1744307988.0585291, 0, {}]
[{"0": [1, 31, 30, 36, 27, 2, 2, 3, 1, 6, 1, 1, 3, 2, 1]}, null, null, 137, false, [], false, 0, [], null, 0, 1744307988.2808473, 0, {}]
[{"0": [0, 1, 1, 2, 1, 3, 1, 2, 2, 40, 33, 25, 37, 40, 41]}, null, null, 138, false, [], false, 0, [], null, 0, 1744307988.4655397, 0, {}]
[{"0": [1, 3, 1, 4, 3, 3, 3, 2, 1, 2, 4, 3, 1, 5, 31]}, null, null, 139, false, [], false, 0, [], null, 0, 1744307988.662462, 0, {}]
[{"0": [2, 3, 2, 3, 0, 36, 28, 27, 2, 0, 3, 3, 0, 1, 2]}, null, null, 139, false, [], false, 0, [], null, 0, 1744307988.878964, 0, {}]
[{"0": [5, 4, 1, 2, 3, 1, 2, 1, 4, 1, 0, 1, 5, 1, 40]}, null, null, 140, false, [], false, 0, [], null, 0, 1744307989.070602, 0, {}]
[{"0": [4, 2, 2, 4, 2, 1, 0, 3, 2, 1, 3, 0, 3, 46, 29]}, null, null, 140, false, [], false, 0, [], null, 0, 1744307989.2727752, 0, {}]
[{"0": [1, 35, 40, 37, 29, 33, 34, 33, 32, 26, 32, 27, 18, 41, 2]}, null, null, 141, false, [], false, 0, [], null, 0, 1744307989.4782794, 0, {}]
[{"0": [3, 24, 42, 32, 32, 34, 33, 2, 2, 0, 3, 2, 3, 6, 2]}, null, null, 142, false, [], false, 0, [], null, 0, 1744307989.6595824, 0, {}]
[{"0": [2, 2, 1, 0, 1, 2, 1, 1, 3, 1, 0, 0, 1, 1, 34]}, null, null, 142, false, [], false, 0, [], null, 0, 1744307989.8764498, 0, {}]
[{"0": [1, 27, 0, 2, 2, 2, 2, 1, 0, 2, 1, 5, 2, 0, 5]}, null, null, 143, false, [], false, 0, [], null, 0, 1744307990.0642393, 0, {}]
[{"0": [5, 1, 2, 23, 42, 41, 23, 27, 38, 40, 30, 41, 25, 34, 30]}, null, null, 143, false, [], false, 0, [], null, 0, 1744307990.258841, 0, {}]
[{"0": [1, 3, 25, 28, 36, 37, 40, 1, 1, 1, 0, 0, 0, 6, 2]}, null, null, 144, false, [], false, 0, [], null, 0, 1744307990.45658, 0, {}]
[{"0": [2, 1, 1, 2, 1, 2, 37, 40, 39, 0, 2, 1, 1, 1, 4]}, null, null, 145, false, [], false, 0, [], null, 0, 1744307990.6791248, 0, {}]
[{"0": [4, 3, 3, 38, 2, 2, 0, 1, 5, 1, 2, 1, 2, 1, 3]}, null, null, 145, false, [], false, 0, [], null, 0, 1744307990.8607333, 0, {}]
[{"0": [2, 0, 2, 40, 40, 34, 38, 26, 2, 4, 2, 1, 2, 1, 0]}, null, null, 146, false, [], false, 0, [], null, 0, 1744307991.0569518, 0, {}]
[{"0": [0, 6, 5, 37, 35, 41, 37, 38, 3, 4, 3, 4, 2, 0, 2]}, null, null, 146, false, [], false, 0, [], null, 0, 1744307991.278958, 0, {}]
[{"0": [3, 0, 1, 2, 26, 32, 27, 23, 1, 1, 3, 1, 5, 1, 1]}, null, null, 147, false, [], false, 0, [], null, 0, 1744307991.4657435, 0, {}]
[{"0": [1, 0, 0, 2, 3, 1, 3, 1, 29, 28, 36, 27, 32, 30, 39]}, null, null, 148, false, [], false, 0, [], null, 0, 1744307991.6585262, 0, {}]
[{"0": [3, 0, 4, 3, 29, 2, 4, 1, 0, 2, 3, 1, 3, 2, 3]}, null, null, 148, false, [], false, 0, [], null, 0, 1744307991.8617358, 0, {}]
[{"0": [2, 3, 0, 3, 2, 2, 1, 1, 2, 1, 1, 3, 3, 36, 3]}, null, null, 149, false, [], false, 0, [], null, 0, 1744307992.0581696, 0, {}]
[{"0": [2, 1, 27, 41, 30, 33, 35, 29, 39, 34, 2, 4, 1, 2, 0]}, null, null, 149, false, [], false, 0, [], null, 0, 1744307992.2791016, 0, {}]
[{"0": [0, 32, 34, 35, 20, 32, 27, 30, 39, 34, 3, 0, 1, 4, 1]}, null, null, 150, true, [], false, 0, [], null, 0, 1744307992.458596, 0, {}]
