[{"0": [2, 2, 2, 1, 3, 4, 28, 29, 36, 35, 37, 2, 4, 5, 1, 1]}, null, null, 0, false, [], false, 0, [], null, 0, 1744314435.8619258, 0, {}]
[{"0": [1, 1, 3, 1, 1, 0, 1, 1, 0, 1, 24, 1, 1, 1, 0, 1]}, null, null, 1, false, [], false, 0, [], null, 0, 1744314436.1002047, 0, {}]
[{"0": [2, 4, 4, 3, 1, 2, 4, 1, 2, 2, 2, 3, 1, 5, 1, 2]}, null, null, 1, false, [], false, 0, [], null, 0, 1744314436.2851233, 0, {}]
[{"0": [1, 0, 2, 2, 3, 0, 1, 1, 3, 3, 3, 0, 3, 0, 3, 2]}, null, null, 2, false, [], false, 0, [], null, 0, 1744314436.5003948, 0, {}]
[{"0": [22, 25, 1, 1, 3, 3, 5, 4, 3, 1, 3, 1, 4, 2, 0, 1]}, null, null, 2, false, [], false, 0, [], null, 0, 1744314436.6824298, 0, {}]
[{"0": [4, 2, 1, 1, 1, 2, 0, 3, 2, 3, 2, 2, 1, 2, 1, 0]}, null, null, 3, false, [], false, 0, [], null, 0, 1744314436.8994846, 0, {}]
[{"0": [39, 1, 2, 38, 32, 30, 41, 37, 43, 2, 0, 2, 1, 3, 1, 2]}, null, null, 4, false, [], false, 0, [], null, 0, 1744314437.0960398, 0, {}]
[{"0": [1, 4, 2, 1, 2, 34, 1, 4, 5, 1, 3, 2, 3, 2, 1, 1]}, null, null, 4, false, [], false, 0, [], null, 0, 1744314437.3009825, 0, {}]
[{"0": [2, 2, 37, 31, 28, 5, 4, 3, 2, 2, 1, 1, 4, 1, 2, 3]}, null, null, 5, false, [], false, 0, [], null, 0, 1744314437.4787216, 0, {}]
[{"0": [30, 42, 34, 40, 3, 1, 2, 3, 1, 2, 2, 2, 3, 1, 2, 2]}, null, null, 5, false, [], false, 0, [], null, 0, 1744314437.685103, 0, {}]
[{"0": [3, 4, 3, 1, 4, 5, 34, 2, 1, 3, 1, 1, 2, 3, 3, 2]}, null, null, 6, false, [], false, 0, [], null, 0, 1744314437.8890011, 0, {}]
[{"0": [2, 1, 4, 2, 2, 2, 29, 30, 28, 1, 2, 5, 1, 3, 1, 1]}, null, null, 7, false, [], false, 0, [], null, 0, 1744314438.090624, 0, {}]
[{"0": [1, 4, 1, 4, 6, 1, 27, 33, 30, 38, 31, 37, 37, 37, 1, 4]}, null, null, 7, false, [], false, 0, [], null, 0, 1744314438.2894692, 0, {}]
[{"0": [3, 1, 1, 1, 33, 2, 2, 2, 4, 1, 0, 2, 1, 5, 2, 4]}, null, null, 8, false, [], false, 0, [], null, 0, 1744314438.4900436, 0, {}]
[{"0": [4, 2, 2, 1, 2, 35, 37, 36, 38, 35, 42, 38, 43, 25, 35, 35]}, null, null, 8, false, [], false, 0, [], null, 0, 1744314438.690065, 0, {}]
[{"0": [37, 41, 42, 36, 27, 36, 30, 21, 33, 40, 43, 38, 38, 27, 36, 26]}, null, null, 9, false, [], false, 0, [], null, 0, 1744314438.8802612, 0, {}]
[{"0": [37, 2, 0, 1, 2, 4, 1, 2, 3, 0, 0, 3, 4, 2, 4, 2]}, null, null, 10, false, [], false, 0, [], null, 0, 1744314439.0971973, 0, {}]
[{"0": [1, 3, 25, 26, 3, 3, 3, 1, 1, 3, 3, 4, 3, 1, 4, 0]}, null, null, 10, false, [], false, 0, [], null, 0, 1744314439.297914, 0, {}]
[{"0": [3, 0, 1, 2, 1, 3, 1, 0, 0, 2, 2, 4, 1, 38, 37, 24]}, null, null, 11, false, [], false, 0, [], null, 0, 1744314439.4837835, 0, {}]
[{"0": [36, 40, 2, 3, 3, 2, 2, 1, 4, 4, 3, 3, 3, 0, 1, 1]}, null, null, 11, false, [], false, 0, [], null, 0, 1744314439.6874394, 0, {}]
[{"0": [3, 0, 4, 2, 0, 1, 39, 35, 36, 36, 42, 1, 0, 1, 0, 1]}, null, null, 12, false, [], false, 0, [], null, 0, 1744314439.8836432, 0, {}]
[{"0": [38, 41, 32, 44, 0, 3, 0, 2, 4, 0, 2, 1, 2, 0, 3, 4]}, null, null, 13, false, [], false, 0, [], null, 0, 1744314440.0996623, 0, {}]
[{"0": [30, 2, 0, 1, 3, 2, 6, 2, 1, 1, 2, 2, 2, 1, 1, 3]}, null, null, 13, false, [], false, 0, [], null, 0, 1744314440.285473, 0, {}]
[{"0": [41, 35, 4, 2, 0, 3, 4, 2, 4, 1, 2, 3, 3, 0, 3, 3]}, null, null, 14, false, [], false, 0, [], null, 0, 1744314440.502024, 0, {}]
[{"0": [1, 5, 0, 5, 3, 1, 5, 1, 34, 27, 46, 25, 37, 36, 39, 39]}, null, null, 14, false, [], false, 0, [], null, 0, 1744314440.6864848, 0, {}]
[{"0": [3, 1, 3, 1, 2, 2, 4, 2, 2, 1, 1, 34, 36, 24, 1, 1]}, null, null, 15, false, [], false, 0, [], null, 0, 1744314440.8842924, 0, {}]
[{"0": [4, 1, 1, 1, 2, 4, 35, 29, 36, 32, 44, 27, 33, 53, 38, 3]}, null, null, 16, false, [], false, 0, [], null, 0, 1744314441.0999272, 0, {}]
[{"0": [4, 0, 5, 3, 3, 3, 4, 2, 3, 3, 2, 3, 3, 0, 3, 1]}, null, null, 16, false, [], false, 0, [], null, 0, 1744314441.2851841, 0, {}]
[{"0": [3, 1, 2, 4, 2, 3, 0, 1, 1, 0, 4, 1, 4, 1, 4, 5]}, null, null, 17, false, [], false, 0, [], null, 0, 1744314441.4954958, 0, {}]
[{"0": [2, 1, 0, 2, 4, 3, 39, 31, 40, 29, 39, 31, 2, 0, 1, 2]}, null, null, 17, false, [], false, 0, [], null, 0, 1744314441.6973488, 0, {}]
[{"0": [1, 1, 2, 1, 2, 35, 57, 26, 41, 4, 2, 2, 6, 1, 1, 1]}, null, null, 18, false, [], false, 0, [], null, 0, 1744314441.8800633, 0, {}]
[{"0": [27, 40, 27, 3, 0, 3, 2, 2, 2, 2, 3, 1, 1, 1, 1, 2]}, null, null, 19, false, [], false, 0, [], null, 0, 1744314442.0864182, 0, {}]
[{"0": [3, 1, 4, 30, 35, 46, 0, 0, 1, 1, 2, 0, 2, 1, 2, 2]}, null, null, 19, false, [], false, 0, [], null, 0, 1744314442.3007395, 0, {}]
[{"0": [44, 28, 42, 38, 1, 2, 1, 2, 3, 5, 2, 6, 1, 1, 1, 6]}, null, null, 20, false, [], false, 0, [], null, 0, 1744314442.4974234, 0, {}]
[{"0": [31, 38, 2, 1, 1, 1, 2, 3, 3, 0, 2, 4, 1, 2, 3, 2]}, null, null, 20, false, [], false, 0, [], null, 0, 1744314442.6874983, 0, {}]
[{"0": [2, 1, 2, 0, 3, 2, 3, 1, 2, 0, 0, 1, 3, 3, 3, 3]}, null, null, 21, false, [], false, 0, [], null, 0, 1744314442.900357, 0, {}]
[{"0": [42, 1, 3, 2, 1, 3, 0, 3, 2, 0, 1, 1, 3, 3, 4, 1]}, null, null, 22, false, [], false, 0, [], null, 0, 1744314443.0850284, 0, {}]
[{"0": [26, 36, 44, 51, 47, 37, 28, 37, 43, 31, 35, 46, 52, 30, 38, 35]}, null, null, 22, false, [], false, 0, [], null, 0, 1744314443.2938468, 0, {}]
[{"0": [2, 3, 0, 1, 2, 2, 38, 41, 34, 32, 35, 4, 0, 1, 0, 3]}, null, null, 23, false, [], false, 0, [], null, 0, 1744314443.495505, 0, {}]
[{"0": [3, 2, 3, 28, 32, 33, 1, 0, 3, 2, 2, 1, 3, 5, 3, 2]}, null, null, 23, false, [], false, 0, [], null, 0, 1744314443.6883626, 0, {}]
[{"0": [28, 28, 1, 2, 2, 0, 2, 0, 3, 3, 2, 4, 3, 2, 1, 2]}, null, null, 24, false, [], false, 0, [], null, 0, 1744314443.8913107, 0, {}]
[{"0": [1, 0, 3, 0, 2, 2, 3, 0, 1, 4, 3, 0, 3, 5, 2, 2]}, null, null, 25, false, [], false, 0, [], null, 0, 1744314444.0925167, 0, {}]
[{"0": [36, 42, 36, 36, 36, 29, 32, 31, 41, 47, 46, 38, 34, 27, 31, 32]}, null, null, 25, false, [], false, 0, [], null, 0, 1744314444.2848432, 0, {}]
[{"0": [2, 5, 2, 1, 1, 2, 1, 2, 34, 32, 35, 30, 30, 35, 3, 1]}, null, null, 26, false, [], false, 0, [], null, 0, 1744314444.4855514, 0, {}]
[{"0": [3, 1, 2, 0, 2, 3, 36, 24, 20, 42, 32, 49, 36, 31, 32, 3]}, null, null, 27, false, [], false, 0, [], null, 0, 1744314444.703425, 0, {}]
[{"0": [3, 2, 3, 3, 2, 1, 2, 5, 1, 1, 1, 4, 3, 2, 3, 28]}, null, null, 27, false, [], false, 0, [], null, 0, 1744314444.8931801, 0, {}]
[{"0": [2, 1, 40, 44, 35, 32, 31, 2, 0, 2, 1, 1, 2, 4, 3, 2]}, null, null, 28, false, [], false, 0, [], null, 0, 1744314445.0901465, 0, {}]
[{"0": [47, 42, 37, 35, 27, 34, 37, 42, 35, 43, 44, 37, 40, 31, 29, 35]}, null, null, 28, false, [], false, 0, [], null, 0, 1744314445.291438, 0, {}]
[{"0": [2, 2, 6, 1, 2, 3, 0, 3, 3, 0, 1, 3, 2, 2, 2, 2]}, null, null, 29, false, [], false, 0, [], null, 0, 1744314445.4961023, 0, {}]
[{"0": [3, 1, 0, 2, 3, 2, 4, 1, 4, 1, 1, 3, 5, 3, 1, 1]}, null, null, 30, false, [], false, 0, [], null, 0, 1744314445.6907272, 0, {}]
[{"0": [3, 1, 0, 3, 3, 2, 33, 34, 38, 46, 38, 30, 1, 2, 0, 3]}, null, null, 30, false, [], false, 0, [], null, 0, 1744314445.8933442, 0, {}]
[{"0": [38, 3, 1, 2, 1, 2, 1, 1, 2, 3, 2, 0, 1, 2, 0, 2]}, null, null, 31, false, [], false, 0, [], null, 0, 1744314446.087315, 0, {}]
[{"0": [25, 31, 46, 2, 1, 2, 0, 1, 1, 2, 1, 2, 3, 1, 2, 0]}, null, null, 31, false, [], false, 0, [], null, 0, 1744314446.2849958, 0, {}]
[{"0": [28, 37, 43, 35, 1, 1, 0, 1, 2, 2, 3, 1, 2, 2, 2, 2]}, null, null, 32, false, [], false, 0, [], null, 0, 1744314446.4832196, 0, {}]
[{"0": [6, 1, 3, 3, 3, 2, 2, 3, 2, 5, 3, 0, 3, 1, 1, 1]}, null, null, 33, false, [], false, 0, [], null, 0, 1744314446.694175, 0, {}]
[{"0": [34, 23, 25, 31, 32, 37, 43, 38, 0, 1, 1, 1, 1, 0, 3, 1]}, null, null, 33, false, [], false, 0, [], null, 0, 1744314446.8844938, 0, {}]
[{"0": [38, 41, 2, 4, 2, 2, 1, 1, 1, 3, 1, 0, 3, 4, 6, 3]}, null, null, 34, false, [], false, 0, [], null, 0, 1744314447.099385, 0, {}]
[{"0": [1, 2, 2, 31, 27, 33, 26, 41, 30, 2, 3, 3, 2, 1, 3, 0]}, null, null, 34, false, [], false, 0, [], null, 0, 1744314447.3004827, 0, {}]
[{"0": [1, 3, 3, 2, 2, 1, 3, 1, 42, 31, 37, 40, 5, 1, 3, 0]}, null, null, 35, false, [], false, 0, [], null, 0, 1744314447.5017037, 0, {}]
[{"0": [33, 2, 2, 2, 1, 4, 6, 34, 1, 1, 1, 3, 3, 3, 2, 2]}, null, null, 36, false, [], false, 0, [], null, 0, 1744314447.6905985, 0, {}]
[{"0": [2, 1, 2, 1, 32, 1, 3, 1, 2, 2, 4, 1, 1, 1, 0, 2]}, null, null, 36, false, [], false, 0, [], null, 0, 1744314447.9058454, 0, {}]
[{"0": [3, 0, 2, 3, 1, 3, 0, 1, 3, 1, 4, 37, 33, 27, 35, 30]}, null, null, 37, false, [], false, 0, [], null, 0, 1744314448.0855007, 0, {}]
[{"0": [4, 1, 2, 0, 3, 1, 3, 5, 1, 3, 2, 33, 40, 35, 28, 35]}, null, null, 37, false, [], false, 0, [], null, 0, 1744314448.3059993, 0, {}]
[{"0": [2, 1, 2, 2, 2, 1, 2, 1, 3, 6, 1, 38, 32, 40, 44, 30]}, null, null, 38, false, [], false, 0, [], null, 0, 1744314448.4918828, 0, {}]
[{"0": [1, 1, 2, 3, 4, 1, 0, 1, 3, 2, 5, 1, 2, 1, 26, 31]}, null, null, 39, false, [], false, 0, [], null, 0, 1744314448.691389, 0, {}]
[{"0": [2, 0, 3, 0, 28, 0, 1, 1, 2, 1, 2, 3, 3, 36, 38, 0]}, null, null, 39, false, [], false, 0, [], null, 0, 1744314448.888608, 0, {}]
[{"0": [4, 4, 2, 3, 5, 2, 2, 6, 2, 2, 1, 3, 2, 4, 2, 2]}, null, null, 40, false, [], false, 0, [], null, 0, 1744314449.0912225, 0, {}]
[{"0": [29, 40, 35, 37, 20, 34, 36, 36, 58, 31, 31, 0, 2, 3, 1, 2]}, null, null, 40, false, [], false, 0, [], null, 0, 1744314449.2863863, 0, {}]
[{"0": [1, 32, 30, 37, 31, 0, 1, 1, 1, 1, 3, 2, 1, 2, 4, 0]}, null, null, 41, false, [], false, 0, [], null, 0, 1744314449.5007784, 0, {}]
[{"0": [0, 1, 3, 2, 3, 2, 3, 1, 5, 2, 45, 33, 44, 35, 3, 1]}, null, null, 42, false, [], false, 0, [], null, 0, 1744314449.7070327, 0, {}]
[{"0": [1, 2, 37, 29, 38, 35, 2, 7, 2, 2, 1, 1, 2, 1, 2, 0]}, null, null, 42, false, [], false, 0, [], null, 0, 1744314449.8977458, 0, {}]
[{"0": [0, 0, 2, 2, 2, 38, 26, 2, 2, 1, 1, 2, 0, 1, 1, 0]}, null, null, 43, false, [], false, 0, [], null, 0, 1744314450.099477, 0, {}]
[{"0": [1, 1, 4, 2, 0, 0, 4, 2, 3, 36, 3, 2, 4, 0, 1, 4]}, null, null, 43, false, [], false, 0, [], null, 0, 1744314450.286706, 0, {}]
[{"0": [3, 4, 1, 4, 1, 1, 2, 1, 1, 4, 0, 4, 1, 0, 2, 2]}, null, null, 44, false, [], false, 0, [], null, 0, 1744314450.49648, 0, {}]
[{"0": [2, 0, 1, 0, 3, 42, 31, 36, 30, 39, 29, 44, 36, 34, 33, 26]}, null, null, 45, false, [], false, 0, [], null, 0, 1744314450.6961079, 0, {}]
[{"0": [0, 4, 4, 3, 1, 2, 0, 4, 1, 2, 3, 3, 0, 1, 3, 3]}, null, null, 45, false, [], false, 0, [], null, 0, 1744314450.888576, 0, {}]
[{"0": [1, 1, 36, 42, 3, 2, 2, 3, 1, 1, 0, 2, 3, 1, 0, 4]}, null, null, 46, false, [], false, 0, [], null, 0, 1744314451.1010094, 0, {}]
[{"0": [34, 24, 39, 46, 33, 40, 4, 0, 2, 2, 0, 1, 3, 3, 1, 4]}, null, null, 46, false, [], false, 0, [], null, 0, 1744314451.302226, 0, {}]
[{"0": [2, 0, 36, 1, 0, 3, 3, 2, 1, 0, 3, 2, 2, 3, 1, 2]}, null, null, 47, false, [], false, 0, [], null, 0, 1744314451.4882793, 0, {}]
[{"0": [48, 44, 39, 31, 38, 2, 3, 3, 1, 2, 4, 1, 1, 1, 3, 3]}, null, null, 48, false, [], false, 0, [], null, 0, 1744314451.7028782, 0, {}]
[{"0": [2, 4, 2, 0, 2, 3, 2, 1, 5, 0, 4, 2, 4, 30, 38, 38]}, null, null, 48, false, [], false, 0, [], null, 0, 1744314451.8842926, 0, {}]
[{"0": [2, 1, 0, 0, 1, 36, 51, 36, 1, 1, 0, 1, 2, 0, 4, 0]}, null, null, 49, false, [], false, 0, [], null, 0, 1744314452.0920203, 0, {}]
[{"0": [4, 2, 1, 2, 3, 3, 2, 0, 1, 1, 2, 1, 2, 3, 48, 34]}, null, null, 49, false, [], false, 0, [], null, 0, 1744314452.2847104, 0, {}]
[{"0": [28, 4, 2, 1, 3, 0, 1, 0, 0, 2, 2, 2, 2, 1, 3, 0]}, null, null, 50, false, [], false, 0, [], null, 0, 1744314452.500883, 0, {}]
[{"0": [3, 0, 41, 42, 30, 35, 31, 32, 1, 1, 5, 1, 0, 0, 3, 1]}, null, null, 51, false, [], false, 0, [], null, 0, 1744314452.698412, 0, {}]
[{"0": [1, 1, 1, 2, 0, 4, 2, 0, 4, 33, 25, 27, 46, 40, 41, 34]}, null, null, 51, false, [], false, 0, [], null, 0, 1744314452.8993905, 0, {}]
[{"0": [1, 0, 5, 0, 1, 0, 33, 35, 2, 1, 4, 3, 2, 3, 4, 1]}, null, null, 52, false, [], false, 0, [], null, 0, 1744314453.088408, 0, {}]
[{"0": [27, 39, 1, 3, 2, 2, 2, 2, 3, 2, 2, 3, 1, 1, 1, 2]}, null, null, 52, false, [], false, 0, [], null, 0, 1744314453.2906506, 0, {}]
[{"0": [37, 23, 39, 34, 36, 43, 26, 29, 31, 41, 36, 25, 25, 23, 38, 37]}, null, null, 53, false, [], false, 0, [], null, 0, 1744314453.4990923, 0, {}]
[{"0": [4, 2, 0, 2, 2, 2, 1, 0, 0, 3, 2, 1, 0, 2, 0, 3]}, null, null, 54, false, [], false, 0, [], null, 0, 1744314453.6910574, 0, {}]
[{"0": [1, 0, 0, 2, 3, 32, 42, 23, 41, 4, 1, 4, 2, 0, 1, 2]}, null, null, 54, false, [], false, 0, [], null, 0, 1744314453.8867426, 0, {}]
[{"0": [4, 1, 3, 3, 0, 3, 35, 39, 1, 2, 5, 0, 1, 1, 3, 1]}, null, null, 55, false, [], false, 0, [], null, 0, 1744314454.1014016, 0, {}]
[{"0": [34, 36, 31, 3, 3, 1, 1, 1, 2, 2, 3, 5, 1, 1, 3, 2]}, null, null, 55, false, [], false, 0, [], null, 0, 1744314454.2915819, 0, {}]
[{"0": [2, 3, 1, 26, 42, 41, 47, 29, 32, 1, 1, 2, 4, 2, 3, 2]}, null, null, 56, false, [], false, 0, [], null, 0, 1744314454.5008917, 0, {}]
[{"0": [3, 1, 39, 43, 1, 1, 2, 0, 3, 1, 0, 2, 1, 2, 1, 2]}, null, null, 57, false, [], false, 0, [], null, 0, 1744314454.7016778, 0, {}]
[{"0": [1, 1, 33, 1, 1, 2, 2, 2, 1, 1, 2, 1, 1, 2, 2, 2]}, null, null, 57, false, [], false, 0, [], null, 0, 1744314454.9038901, 0, {}]
[{"0": [32, 34, 40, 38, 31, 1, 3, 3, 1, 2, 2, 3, 1, 3, 2, 0]}, null, null, 58, false, [], false, 0, [], null, 0, 1744314455.1051981, 0, {}]
[{"0": [2, 2, 3, 4, 1, 4, 1, 41, 37, 33, 28, 2, 1, 2, 3, 3]}, null, null, 58, false, [], false, 0, [], null, 0, 1744314455.3107457, 0, {}]
[{"0": [0, 5, 0, 2, 23, 38, 30, 34, 21, 43, 38, 32, 24, 36, 2, 2]}, null, null, 59, false, [], false, 0, [], null, 0, 1744314455.4900923, 0, {}]
[{"0": [2, 1, 1, 1, 4, 3, 4, 4, 2, 1, 5, 2, 3, 0, 3, 1]}, null, null, 60, false, [], false, 0, [], null, 0, 1744314455.6999793, 0, {}]
[{"0": [4, 0, 1, 2, 3, 1, 2, 1, 3, 7, 2, 3, 0, 0, 32, 35]}, null, null, 60, false, [], false, 0, [], null, 0, 1744314455.903736, 0, {}]
[{"0": [36, 2, 2, 4, 5, 3, 3, 0, 2, 0, 3, 3, 3, 1, 3, 4]}, null, null, 61, false, [], false, 0, [], null, 0, 1744314456.0913363, 0, {}]
[{"0": [36, 32, 31, 44, 28, 30, 33, 31, 48, 30, 43, 34, 30, 28, 3, 3]}, null, null, 61, false, [], false, 0, [], null, 0, 1744314456.2936053, 0, {}]
[{"0": [1, 2, 1, 1, 0, 31, 37, 28, 32, 26, 38, 32, 1, 3, 2, 1]}, null, null, 62, false, [], false, 0, [], null, 0, 1744314456.5045037, 0, {}]
[{"0": [4, 2, 2, 2, 1, 0, 1, 0, 4, 3, 3, 0, 5, 3, 0, 0]}, null, null, 63, false, [], false, 0, [], null, 0, 1744314456.6950006, 0, {}]
[{"0": [2, 37, 31, 41, 0, 5, 4, 6, 1, 2, 2, 1, 3, 2, 4, 2]}, null, null, 63, false, [], false, 0, [], null, 0, 1744314456.9001596, 0, {}]
[{"0": [1, 3, 3, 1, 1, 3, 3, 4, 2, 1, 3, 1, 2, 3, 2, 1]}, null, null, 64, false, [], false, 0, [], null, 0, 1744314457.097676, 0, {}]
[{"0": [42, 30, 36, 35, 38, 31, 0, 2, 1, 2, 1, 2, 1, 0, 3, 2]}, null, null, 64, false, [], false, 0, [], null, 0, 1744314457.3068674, 0, {}]
[{"0": [1, 1, 1, 3, 2, 4, 1, 1, 0, 1, 1, 1, 2, 0, 3, 2]}, null, null, 65, false, [], false, 0, [], null, 0, 1744314457.4973812, 0, {}]
[{"0": [5, 1, 1, 1, 3, 3, 35, 48, 34, 33, 43, 3, 2, 2, 1, 1]}, null, null, 66, false, [], false, 0, [], null, 0, 1744314457.698577, 0, {}]
[{"0": [2, 3, 1, 2, 2, 1, 37, 26, 34, 39, 32, 30, 44, 2, 2, 1]}, null, null, 66, false, [], false, 0, [], null, 0, 1744314457.9010556, 0, {}]
[{"0": [38, 35, 2, 1, 4, 1, 1, 1, 2, 1, 0, 0, 4, 2, 2, 4]}, null, null, 67, false, [], false, 0, [], null, 0, 1744314458.109224, 0, {}]
[{"0": [2, 1, 32, 44, 26, 4, 1, 2, 1, 4, 0, 1, 1, 4, 0, 4]}, null, null, 67, false, [], false, 0, [], null, 0, 1744314458.3072581, 0, {}]
[{"0": [30, 42, 28, 33, 31, 41, 35, 43, 34, 48, 28, 40, 35, 35, 1, 1]}, null, null, 68, false, [], false, 0, [], null, 0, 1744314458.489129, 0, {}]
[{"0": [1, 1, 2, 2, 3, 1, 2, 3, 2, 2, 1, 1, 3, 0, 0, 0]}, null, null, 69, false, [], false, 0, [], null, 0, 1744314458.7045462, 0, {}]
[{"0": [6, 29, 29, 30, 27, 2, 1, 1, 2, 5, 0, 2, 4, 2, 1, 2]}, null, null, 69, false, [], false, 0, [], null, 0, 1744314458.8881693, 0, {}]
[{"0": [0, 0, 4, 2, 2, 4, 1, 0, 4, 2, 1, 2, 1, 5, 4, 0]}, null, null, 70, false, [], false, 0, [], null, 0, 1744314459.1073034, 0, {}]
[{"0": [2, 2, 35, 42, 5, 0, 1, 2, 3, 2, 1, 2, 2, 1, 1, 1]}, null, null, 70, false, [], false, 0, [], null, 0, 1744314459.2957075, 0, {}]
[{"0": [4, 0, 29, 46, 41, 38, 35, 3, 0, 1, 0, 3, 1, 2, 1, 1]}, null, null, 71, false, [], false, 0, [], null, 0, 1744314459.4959855, 0, {}]
[{"0": [36, 40, 37, 28, 36, 34, 2, 1, 0, 3, 2, 5, 1, 0, 2, 1]}, null, null, 72, false, [], false, 0, [], null, 0, 1744314459.689887, 0, {}]
[{"0": [1, 1, 1, 2, 0, 3, 5, 2, 1, 1, 3, 1, 5, 0, 1, 2]}, null, null, 72, false, [], false, 0, [], null, 0, 1744314459.9069598, 0, {}]
[{"0": [27, 40, 38, 3, 3, 2, 3, 0, 1, 3, 3, 5, 0, 2, 2, 2]}, null, null, 73, false, [], false, 0, [], null, 0, 1744314460.1111567, 0, {}]
[{"0": [3, 45, 51, 41, 32, 34, 42, 2, 0, 1, 2, 2, 2, 0, 3, 4]}, null, null, 73, false, [], false, 0, [], null, 0, 1744314460.299157, 0, {}]
[{"0": [2, 4, 0, 0, 0, 0, 4, 2, 3, 1, 3, 34, 40, 1, 1, 2]}, null, null, 74, false, [], false, 0, [], null, 0, 1744314460.4935522, 0, {}]
[{"0": [2, 4, 2, 25, 33, 2, 2, 1, 6, 3, 2, 7, 2, 4, 2, 4]}, null, null, 75, false, [], false, 0, [], null, 0, 1744314460.6961658, 0, {}]
[{"0": [1, 1, 5, 2, 3, 2, 3, 3, 1, 0, 2, 2, 3, 29, 40, 1]}, null, null, 75, false, [], false, 0, [], null, 0, 1744314460.8937294, 0, {}]
[{"0": [1, 3, 0, 2, 3, 29, 28, 2, 4, 2, 3, 1, 3, 1, 1, 1]}, null, null, 76, false, [], false, 0, [], null, 0, 1744314461.087929, 0, {}]
[{"0": [0, 1, 4, 2, 0, 1, 4, 2, 1, 4, 0, 2, 4, 1, 29, 32]}, null, null, 77, false, [], false, 0, [], null, 0, 1744314461.3042448, 0, {}]
[{"0": [1, 2, 3, 2, 2, 1, 4, 1, 1, 1, 3, 32, 27, 43, 33, 1]}, null, null, 77, false, [], false, 0, [], null, 0, 1744314461.488098, 0, {}]
[{"0": [50, 36, 28, 1, 1, 2, 2, 1, 1, 2, 4, 1, 2, 3, 1, 3]}, null, null, 78, false, [], false, 0, [], null, 0, 1744314461.69527, 0, {}]
[{"0": [4, 1, 35, 41, 44, 3, 0, 2, 0, 1, 0, 1, 2, 1, 2, 2]}, null, null, 78, false, [], false, 0, [], null, 0, 1744314461.9098525, 0, {}]
[{"0": [1, 4, 1, 28, 38, 2, 1, 3, 0, 6, 3, 1, 4, 3, 0, 1]}, null, null, 79, false, [], false, 0, [], null, 0, 1744314462.0911336, 0, {}]
[{"0": [2, 0, 1, 0, 4, 1, 4, 2, 2, 3, 3, 1, 5, 1, 1, 1]}, null, null, 80, false, [], false, 0, [], null, 0, 1744314462.2977526, 0, {}]
[{"0": [4, 5, 1, 1, 1, 2, 4, 1, 41, 37, 36, 32, 26, 41, 33, 37]}, null, null, 80, false, [], false, 0, [], null, 0, 1744314462.4976003, 0, {}]
[{"0": [0, 2, 1, 1, 1, 2, 2, 2, 1, 1, 36, 35, 43, 1, 2, 2]}, null, null, 81, false, [], false, 0, [], null, 0, 1744314462.6924531, 0, {}]
[{"0": [1, 3, 2, 1, 1, 5, 0, 1, 30, 33, 0, 3, 0, 3, 0, 1]}, null, null, 81, false, [], false, 0, [], null, 0, 1744314462.8927886, 0, {}]
[{"0": [1, 2, 4, 3, 4, 4, 2, 3, 1, 2, 3, 30, 33, 40, 0, 2]}, null, null, 82, false, [], false, 0, [], null, 0, 1744314463.0955126, 0, {}]
[{"0": [1, 1, 3, 4, 4, 2, 1, 1, 3, 3, 2, 2, 1, 2, 1, 2]}, null, null, 83, false, [], false, 0, [], null, 0, 1744314463.29657, 0, {}]
[{"0": [3, 2, 0, 3, 1, 2, 1, 2, 2, 0, 2, 3, 2, 1, 8, 4]}, null, null, 83, false, [], false, 0, [], null, 0, 1744314463.494847, 0, {}]
[{"0": [30, 35, 40, 32, 46, 20, 31, 31, 38, 35, 37, 37, 32, 38, 37, 38]}, null, null, 84, false, [], false, 0, [], null, 0, 1744314463.7098527, 0, {}]
[{"0": [0, 2, 4, 3, 4, 40, 2, 2, 1, 2, 1, 1, 2, 2, 1, 2]}, null, null, 84, false, [], false, 0, [], null, 0, 1744314463.8943155, 0, {}]
[{"0": [1, 3, 34, 32, 36, 36, 2, 5, 2, 4, 2, 1, 2, 5, 2, 0]}, null, null, 85, false, [], false, 0, [], null, 0, 1744314464.0986834, 0, {}]
[{"0": [3, 4, 30, 31, 35, 2, 3, 1, 2, 1, 1, 1, 1, 1, 0, 2]}, null, null, 86, false, [], false, 0, [], null, 0, 1744314464.2932777, 0, {}]
[{"0": [49, 3, 5, 0, 3, 4, 1, 2, 1, 0, 2, 4, 5, 1, 2, 6]}, null, null, 86, false, [], false, 0, [], null, 0, 1744314464.5084705, 0, {}]
[{"0": [1, 2, 4, 1, 1, 1, 2, 2, 0, 4, 2, 4, 2, 0, 2, 0]}, null, null, 87, false, [], false, 0, [], null, 0, 1744314464.6926677, 0, {}]
[{"0": [2, 3, 0, 1, 3, 1, 1, 31, 31, 34, 26, 3, 1, 0, 1, 3]}, null, null, 87, false, [], false, 0, [], null, 0, 1744314464.9045725, 0, {}]
[{"0": [4, 2, 1, 2, 42, 35, 24, 1, 0, 3, 0, 2, 1, 2, 2, 2]}, null, null, 88, false, [], false, 0, [], null, 0, 1744314465.099143, 0, {}]
[{"0": [2, 0, 0, 1, 3, 5, 1, 4, 3, 1, 4, 3, 1, 3, 2, 0]}, null, null, 89, false, [], false, 0, [], null, 0, 1744314465.2913373, 0, {}]
[{"0": [0, 1, 5, 1, 3, 39, 28, 0, 2, 1, 1, 1, 0, 0, 1, 2]}, null, null, 89, false, [], false, 0, [], null, 0, 1744314465.5041385, 0, {}]
[{"0": [39, 41, 0, 4, 5, 2, 2, 0, 2, 2, 3, 1, 3, 0, 2, 0]}, null, null, 90, false, [], false, 0, [], null, 0, 1744314465.7140684, 0, {}]
[{"0": [44, 43, 43, 1, 1, 1, 0, 4, 5, 2, 1, 3, 3, 3, 2, 2]}, null, null, 90, false, [], false, 0, [], null, 0, 1744314465.9051492, 0, {}]
[{"0": [45, 31, 33, 37, 3, 0, 1, 5, 2, 3, 4, 1, 0, 2, 3, 2]}, null, null, 91, false, [], false, 0, [], null, 0, 1744314466.1080735, 0, {}]
[{"0": [33, 27, 31, 43, 42, 41, 34, 45, 44, 36, 3, 4, 1, 0, 1, 2]}, null, null, 92, false, [], false, 0, [], null, 0, 1744314466.2901206, 0, {}]
[{"0": [38, 3, 1, 1, 1, 1, 2, 5, 0, 5, 3, 2, 3, 3, 1, 2]}, null, null, 92, false, [], false, 0, [], null, 0, 1744314466.5079958, 0, {}]
[{"0": [0, 0, 0, 0, 4, 1, 1, 0, 3, 2, 4, 1, 3, 0, 0, 0]}, null, null, 93, false, [], false, 0, [], null, 0, 1744314466.7105315, 0, {}]
[{"0": [0, 1, 3, 1, 0, 2, 44, 36, 30, 39, 45, 41, 40, 29, 36, 0]}, null, null, 93, false, [], false, 0, [], null, 0, 1744314466.8959768, 0, {}]
[{"0": [3, 1, 3, 0, 2, 33, 27, 42, 29, 29, 30, 5, 3, 2, 3, 4]}, null, null, 94, false, [], false, 0, [], null, 0, 1744314467.1113522, 0, {}]
[{"0": [30, 33, 41, 4, 3, 2, 2, 1, 0, 3, 2, 3, 3, 2, 3, 2]}, null, null, 95, false, [], false, 0, [], null, 0, 1744314467.2980313, 0, {}]
[{"0": [34, 33, 28, 36, 33, 33, 31, 33, 32, 28, 1, 1, 1, 2, 2, 2]}, null, null, 95, false, [], false, 0, [], null, 0, 1744314467.4992037, 0, {}]
[{"0": [0, 2, 1, 2, 2, 3, 1, 6, 3, 1, 4, 1, 3, 0, 2, 2]}, null, null, 96, false, [], false, 0, [], null, 0, 1744314467.7096078, 0, {}]
[{"0": [24, 31, 1, 1, 3, 1, 1, 0, 0, 5, 1, 4, 2, 1, 0, 3]}, null, null, 96, false, [], false, 0, [], null, 0, 1744314467.90108, 0, {}]
[{"0": [30, 32, 44, 37, 38, 0, 0, 1, 3, 2, 1, 2, 1, 0, 2, 2]}, null, null, 97, false, [], false, 0, [], null, 0, 1744314468.1023893, 0, {}]
[{"0": [33, 40, 34, 4, 2, 4, 6, 0, 1, 6, 0, 0, 0, 3, 2, 1]}, null, null, 98, false, [], false, 0, [], null, 0, 1744314468.296216, 0, {}]
[{"0": [1, 30, 43, 38, 46, 31, 24, 36, 39, 29, 31, 33, 5, 1, 2, 2]}, null, null, 98, false, [], false, 0, [], null, 0, 1744314468.5103948, 0, {}]
[{"0": [0, 2, 2, 1, 3, 0, 4, 3, 0, 2, 0, 3, 1, 1, 2, 1]}, null, null, 99, false, [], false, 0, [], null, 0, 1744314468.6925504, 0, {}]
[{"0": [31, 43, 1, 3, 2, 1, 3, 5, 3, 0, 2, 3, 1, 0, 2, 2]}, null, null, 99, false, [], false, 0, [], null, 0, 1744314468.8960106, 0, {}]
[{"0": [42, 2, 1, 1, 0, 3, 1, 4, 2, 2, 2, 3, 3, 4, 2, 4]}, null, null, 100, false, [], false, 0, [], null, 0, 1744314469.0944514, 0, {}]
[{"0": [2, 0, 0, 2, 0, 3, 5, 2, 4, 4, 2, 1, 1, 1, 1, 35]}, null, null, 101, false, [], false, 0, [], null, 0, 1744314469.3059802, 0, {}]
[{"0": [2, 3, 5, 0, 0, 1, 0, 2, 1, 3, 0, 3, 3, 2, 3, 3]}, null, null, 101, false, [], false, 0, [], null, 0, 1744314469.493795, 0, {}]
[{"0": [0, 3, 3, 4, 2, 1, 2, 41, 3, 0, 2, 5, 2, 3, 4, 4]}, null, null, 102, false, [], false, 0, [], null, 0, 1744314469.6992097, 0, {}]
[{"0": [1, 5, 4, 2, 1, 1, 0, 1, 0, 2, 24, 2, 3, 2, 1, 2]}, null, null, 102, false, [], false, 0, [], null, 0, 1744314469.9145274, 0, {}]
[{"0": [2, 5, 30, 32, 42, 40, 37, 40, 41, 0, 1, 2, 3, 1, 1, 1]}, null, null, 103, false, [], false, 0, [], null, 0, 1744314470.1003313, 0, {}]
[{"0": [1, 2, 1, 1, 1, 2, 0, 3, 2, 4, 0, 0, 2, 2, 1, 0]}, null, null, 104, false, [], false, 0, [], null, 0, 1744314470.296954, 0, {}]
[{"0": [5, 5, 0, 1, 0, 2, 1, 3, 38, 37, 2, 0, 2, 1, 0, 3]}, null, null, 104, false, [], false, 0, [], null, 0, 1744314470.5113494, 0, {}]
[{"0": [2, 1, 2, 4, 2, 1, 4, 3, 0, 1, 1, 1, 2, 4, 5, 1]}, null, null, 105, false, [], false, 0, [], null, 0, 1744314470.692353, 0, {}]
[{"0": [42, 42, 32, 39, 3, 0, 0, 0, 3, 3, 3, 2, 0, 1, 1, 4]}, null, null, 105, false, [], false, 0, [], null, 0, 1744314470.903997, 0, {}]
[{"0": [3, 2, 4, 1, 2, 1, 2, 1, 2, 2, 4, 0, 4, 4, 3, 43]}, null, null, 106, false, [], false, 0, [], null, 0, 1744314471.091741, 0, {}]
[{"0": [3, 1, 0, 1, 2, 4, 18, 4, 2, 3, 0, 4, 4, 0, 4, 1]}, null, null, 107, false, [], false, 0, [], null, 0, 1744314471.2986758, 0, {}]
[{"0": [3, 36, 29, 35, 40, 25, 33, 31, 29, 5, 3, 4, 2, 2, 2, 1]}, null, null, 107, false, [], false, 0, [], null, 0, 1744314471.4965553, 0, {}]
[{"0": [1, 0, 0, 0, 6, 2, 4, 4, 1, 0, 3, 4, 0, 2, 0, 5]}, null, null, 108, false, [], false, 0, [], null, 0, 1744314471.7131915, 0, {}]
[{"0": [3, 3, 2, 2, 1, 0, 4, 2, 1, 4, 5, 1, 2, 1, 1, 2]}, null, null, 108, false, [], false, 0, [], null, 0, 1744314471.905701, 0, {}]
[{"0": [34, 15, 37, 33, 1, 3, 2, 1, 1, 0, 1, 2, 3, 3, 3, 3]}, null, null, 109, false, [], false, 0, [], null, 0, 1744314472.111008, 0, {}]
[{"0": [2, 3, 1, 6, 1, 3, 3, 3, 2, 1, 2, 3, 32, 28, 32, 30]}, null, null, 110, false, [], false, 0, [], null, 0, 1744314472.3008058, 0, {}]
[{"0": [1, 4, 2, 2, 1, 1, 0, 1, 2, 0, 2, 1, 1, 2, 2, 2]}, null, null, 110, false, [], false, 0, [], null, 0, 1744314472.51334, 0, {}]
[{"0": [31, 33, 42, 43, 0, 2, 3, 2, 2, 3, 0, 0, 2, 1, 4, 2]}, null, null, 111, false, [], false, 0, [], null, 0, 1744314472.695627, 0, {}]
[{"0": [2, 3, 2, 0, 2, 31, 35, 29, 35, 38, 27, 27, 39, 33, 31, 44]}, null, null, 111, false, [], false, 0, [], null, 0, 1744314472.8952591, 0, {}]
[{"0": [1, 4, 2, 0, 3, 0, 0, 1, 1, 1, 3, 39, 45, 30, 33, 4]}, null, null, 112, false, [], false, 0, [], null, 0, 1744314473.1102455, 0, {}]
[{"0": [1, 0, 26, 38, 38, 34, 27, 31, 38, 35, 39, 30, 38, 34, 1, 1]}, null, null, 113, false, [], false, 0, [], null, 0, 1744314473.3022223, 0, {}]
[{"0": [0, 1, 0, 26, 28, 1, 1, 0, 1, 3, 2, 1, 4, 11, 1, 2]}, null, null, 113, false, [], false, 0, [], null, 0, 1744314473.4926775, 0, {}]
[{"0": [2, 2, 33, 34, 35, 39, 33, 26, 35, 3, 2, 2, 2, 4, 1, 2]}, null, null, 114, false, [], false, 0, [], null, 0, 1744314473.7066264, 0, {}]
[{"0": [1, 2, 3, 0, 2, 3, 3, 2, 2, 0, 2, 1, 2, 2, 2, 2]}, null, null, 114, false, [], false, 0, [], null, 0, 1744314473.9120917, 0, {}]
[{"0": [32, 41, 27, 29, 31, 3, 1, 2, 3, 3, 6, 1, 1, 2, 2, 3]}, null, null, 115, false, [], false, 0, [], null, 0, 1744314474.0934453, 0, {}]
[{"0": [2, 2, 2, 24, 36, 0, 3, 1, 1, 2, 1, 1, 1, 0, 3, 3]}, null, null, 116, false, [], false, 0, [], null, 0, 1744314474.3068697, 0, {}]
[{"0": [26, 42, 3, 2, 3, 0, 2, 0, 0, 1, 2, 0, 0, 4, 1, 4]}, null, null, 116, false, [], false, 0, [], null, 0, 1744314474.4975827, 0, {}]
[{"0": [2, 2, 2, 2, 2, 1, 3, 0, 2, 0, 1, 1, 4, 0, 1, 1]}, null, null, 117, false, [], false, 0, [], null, 0, 1744314474.7090547, 0, {}]
[{"0": [1, 1, 2, 3, 4, 0, 2, 2, 0, 3, 46, 36, 36, 32, 28, 31]}, null, null, 117, false, [], false, 0, [], null, 0, 1744314474.8926957, 0, {}]
[{"0": [2, 0, 0, 1, 1, 4, 0, 3, 0, 2, 5, 4, 3, 2, 0, 1]}, null, null, 118, false, [], false, 0, [], null, 0, 1744314475.1099517, 0, {}]
[{"0": [2, 2, 42, 40, 24, 40, 4, 3, 1, 2, 3, 1, 2, 4, 1, 1]}, null, null, 119, false, [], false, 0, [], null, 0, 1744314475.3008666, 0, {}]
[{"0": [39, 0, 42, 31, 46, 2, 0, 0, 1, 0, 2, 3, 1, 2, 0, 1]}, null, null, 119, false, [], false, 0, [], null, 0, 1744314475.4996798, 0, {}]
[{"0": [0, 1, 0, 3, 1, 3, 45, 34, 25, 41, 37, 36, 27, 37, 29, 39]}, null, null, 120, false, [], false, 0, [], null, 0, 1744314475.6962807, 0, {}]
[{"0": [1, 1, 4, 2, 5, 2, 1, 1, 1, 2, 3, 0, 4, 3, 2, 1]}, null, null, 120, false, [], false, 0, [], null, 0, 1744314475.900987, 0, {}]
[{"0": [2, 2, 0, 3, 3, 2, 1, 3, 1, 1, 4, 0, 2, 0, 1, 1]}, null, null, 121, false, [], false, 0, [], null, 0, 1744314476.0958555, 0, {}]
[{"0": [3, 2, 3, 0, 1, 1, 2, 0, 1, 28, 2, 4, 3, 2, 2, 1]}, null, null, 122, false, [], false, 0, [], null, 0, 1744314476.3149667, 0, {}]
[{"0": [2, 2, 2, 2, 6, 3, 40, 34, 37, 31, 1, 2, 2, 2, 2, 2]}, null, null, 122, false, [], false, 0, [], null, 0, 1744314476.4985285, 0, {}]
[{"0": [26, 5, 3, 2, 2, 2, 3, 3, 0, 3, 3, 0, 0, 4, 1, 3]}, null, null, 123, false, [], false, 0, [], null, 0, 1744314476.6976397, 0, {}]
[{"0": [1, 4, 3, 0, 1, 3, 0, 4, 0, 3, 3, 1, 2, 6, 2, 2]}, null, null, 123, false, [], false, 0, [], null, 0, 1744314476.910155, 0, {}]
[{"0": [3, 2, 4, 1, 1, 1, 1, 4, 2, 4, 1, 1, 3, 3, 1, 2]}, null, null, 124, false, [], false, 0, [], null, 0, 1744314477.096814, 0, {}]
[{"0": [2, 1, 1, 0, 4, 30, 28, 37, 33, 1, 2, 1, 1, 0, 1, 2]}, null, null, 125, false, [], false, 0, [], null, 0, 1744314477.3067272, 0, {}]
[{"0": [0, 4, 5, 2, 4, 2, 2, 5, 1, 3, 1, 5, 1, 2, 0, 1]}, null, null, 125, false, [], false, 0, [], null, 0, 1744314477.5124254, 0, {}]
[{"0": [3, 5, 1, 2, 0, 6, 32, 25, 41, 3, 0, 4, 2, 0, 0, 4]}, null, null, 126, false, [], false, 0, [], null, 0, 1744314477.6985128, 0, {}]
[{"0": [6, 2, 3, 2, 41, 35, 39, 27, 33, 33, 44, 26, 50, 4, 1, 5]}, null, null, 127, false, [], false, 0, [], null, 0, 1744314477.9136055, 0, {}]
[{"0": [3, 3, 32, 34, 0, 7, 0, 2, 1, 1, 2, 0, 1, 0, 6, 0]}, null, null, 127, false, [], false, 0, [], null, 0, 1744314478.1016521, 0, {}]
[{"0": [1, 2, 1, 5, 31, 4, 0, 0, 3, 0, 1, 1, 3, 2, 3, 2]}, null, null, 128, false, [], false, 0, [], null, 0, 1744314478.3101838, 0, {}]
[{"0": [1, 30, 33, 30, 38, 37, 2, 2, 3, 3, 1, 3, 4, 2, 2, 2]}, null, null, 128, false, [], false, 0, [], null, 0, 1744314478.4923131, 0, {}]
[{"0": [0, 1, 2, 3, 2, 29, 37, 30, 33, 1, 1, 1, 2, 2, 2, 1]}, null, null, 129, false, [], false, 0, [], null, 0, 1744314478.7107036, 0, {}]
[{"0": [2, 38, 29, 3, 2, 0, 2, 1, 0, 1, 2, 3, 3, 5, 1, 0]}, null, null, 130, false, [], false, 0, [], null, 0, 1744314478.9025395, 0, {}]
[{"0": [3, 1, 2, 1, 3, 1, 1, 30, 1, 3, 4, 2, 0, 2, 1, 3]}, null, null, 130, false, [], false, 0, [], null, 0, 1744314479.1137006, 0, {}]
[{"0": [0, 3, 4, 3, 3, 3, 1, 3, 5, 1, 0, 1, 1, 4, 1, 1]}, null, null, 131, false, [], false, 0, [], null, 0, 1744314479.3144257, 0, {}]
[{"0": [1, 1, 1, 3, 2, 3, 2, 0, 3, 2, 1, 1, 4, 4, 1, 2]}, null, null, 131, false, [], false, 0, [], null, 0, 1744314479.4991486, 0, {}]
[{"0": [2, 0, 1, 0, 1, 2, 1, 34, 45, 43, 27, 27, 36, 28, 38, 31]}, null, null, 132, false, [], false, 0, [], null, 0, 1744314479.697648, 0, {}]
[{"0": [5, 0, 2, 2, 2, 1, 3, 1, 35, 33, 0, 6, 2, 0, 2, 2]}, null, null, 133, false, [], false, 0, [], null, 0, 1744314479.9158382, 0, {}]
[{"0": [2, 2, 2, 0, 1, 5, 4, 2, 1, 2, 2, 2, 2, 0, 1, 1]}, null, null, 133, false, [], false, 0, [], null, 0, 1744314480.1010842, 0, {}]
[{"0": [34, 26, 34, 31, 5, 2, 1, 0, 4, 7, 4, 2, 2, 0, 4, 0]}, null, null, 134, false, [], false, 0, [], null, 0, 1744314480.294305, 0, {}]
[{"0": [0, 2, 0, 0, 4, 1, 31, 33, 46, 33, 36, 0, 0, 4, 2, 1]}, null, null, 134, false, [], false, 0, [], null, 0, 1744314480.5116115, 0, {}]
[{"0": [30, 2, 3, 2, 1, 3, 0, 3, 0, 0, 3, 0, 3, 1, 2, 2]}, null, null, 135, false, [], false, 0, [], null, 0, 1744314480.6938713, 0, {}]
[{"0": [2, 3, 1, 30, 47, 41, 40, 35, 30, 30, 37, 43, 28, 2, 4, 2]}, null, null, 136, false, [], false, 0, [], null, 0, 1744314480.905044, 0, {}]
[{"0": [2, 3, 1, 3, 1, 2, 2, 2, 0, 2, 3, 3, 3, 2, 0, 4]}, null, null, 136, false, [], false, 0, [], null, 0, 1744314481.105109, 0, {}]
[{"0": [1, 0, 2, 2, 4, 2, 33, 29, 37, 29, 36, 34, 31, 40, 32, 34]}, null, null, 137, false, [], false, 0, [], null, 0, 1744314481.2985735, 0, {}]
[{"0": [1, 1, 1, 2, 2, 2, 38, 35, 29, 2, 1, 0, 1, 1, 3, 1]}, null, null, 137, false, [], false, 0, [], null, 0, 1744314481.5144491, 0, {}]
[{"0": [6, 3, 2, 1, 3, 2, 33, 32, 3, 1, 1, 0, 1, 4, 1, 2]}, null, null, 138, false, [], false, 0, [], null, 0, 1744314481.7156398, 0, {}]
[{"0": [40, 33, 39, 35, 4, 2, 4, 3, 2, 1, 4, 1, 2, 4, 1, 1]}, null, null, 139, false, [], false, 0, [], null, 0, 1744314481.9085898, 0, {}]
[{"0": [2, 34, 36, 33, 38, 26, 39, 2, 1, 4, 2, 0, 1, 2, 1, 1]}, null, null, 139, false, [], false, 0, [], null, 0, 1744314482.119628, 0, {}]
[{"0": [38, 38, 44, 32, 32, 29, 27, 30, 0, 2, 2, 0, 5, 4, 1, 2]}, null, null, 140, false, [], false, 0, [], null, 0, 1744314482.3095665, 0, {}]
[{"0": [3, 0, 0, 5, 2, 1, 2, 0, 3, 2, 41, 1, 0, 1, 5, 2]}, null, null, 140, false, [], false, 0, [], null, 0, 1744314482.4967582, 0, {}]
[{"0": [2, 3, 1, 3, 1, 3, 3, 1, 1, 1, 2, 2, 1, 3, 1, 1]}, null, null, 141, false, [], false, 0, [], null, 0, 1744314482.6956334, 0, {}]
[{"0": [1, 1, 36, 27, 37, 27, 30, 42, 29, 26, 47, 1, 4, 2, 1, 5]}, null, null, 142, false, [], false, 0, [], null, 0, 1744314482.8951685, 0, {}]
[{"0": [1, 4, 0, 6, 1, 2, 3, 0, 0, 2, 2, 39, 29, 41, 32, 1]}, null, null, 142, false, [], false, 0, [], null, 0, 1744314483.1074014, 0, {}]
[{"0": [0, 0, 1, 5, 2, 1, 41, 41, 40, 32, 3, 1, 2, 3, 1, 1]}, null, null, 143, false, [], false, 0, [], null, 0, 1744314483.3061585, 0, {}]
[{"0": [2, 0, 1, 0, 2, 3, 4, 2, 0, 1, 35, 38, 31, 28, 5, 0]}, null, null, 143, false, [], false, 0, [], null, 0, 1744314483.4979067, 0, {}]
[{"0": [3, 1, 1, 2, 2, 31, 23, 33, 3, 1, 0, 0, 3, 2, 3, 0]}, null, null, 144, false, [], false, 0, [], null, 0, 1744314483.712631, 0, {}]
[{"0": [26, 1, 3, 1, 3, 1, 2, 5, 4, 2, 2, 3, 1, 2, 2, 8]}, null, null, 145, false, [], false, 0, [], null, 0, 1744314483.918869, 0, {}]
[{"0": [2, 1, 4, 3, 0, 1, 39, 49, 36, 36, 30, 34, 22, 43, 1, 2]}, null, null, 145, false, [], false, 0, [], null, 0, 1744314484.1063347, 0, {}]
[{"0": [4, 1, 2, 1, 40, 29, 41, 29, 34, 3, 2, 1, 2, 3, 1, 0]}, null, null, 146, false, [], false, 0, [], null, 0, 1744314484.3080595, 0, {}]
[{"0": [0, 3, 1, 1, 4, 28, 42, 38, 28, 40, 44, 3, 4, 1, 2, 1]}, null, null, 146, false, [], false, 0, [], null, 0, 1744314484.5110323, 0, {}]
[{"0": [3, 39, 29, 2, 1, 0, 1, 3, 3, 3, 5, 0, 1, 1, 3, 1]}, null, null, 147, false, [], false, 0, [], null, 0, 1744314484.6964173, 0, {}]
[{"0": [38, 31, 25, 28, 2, 1, 0, 4, 5, 3, 3, 5, 3, 0, 2, 1]}, null, null, 148, false, [], false, 0, [], null, 0, 1744314484.8996925, 0, {}]
[{"0": [0, 3, 1, 2, 1, 2, 4, 0, 3, 3, 1, 41, 2, 1, 5, 5]}, null, null, 148, false, [], false, 0, [], null, 0, 1744314485.0976746, 0, {}]
[{"0": [1, 3, 0, 3, 0, 3, 3, 2, 2, 1, 1, 1, 1, 0, 2, 2]}, null, null, 149, false, [], false, 0, [], null, 0, 1744314485.3118975, 0, {}]
[{"0": [26, 38, 25, 29, 27, 29, 31, 2, 1, 0, 2, 2, 1, 0, 1, 5]}, null, null, 149, false, [], false, 0, [], null, 0, 1744314485.5034235, 0, {}]
[{"0": [45, 2, 2, 2, 1, 1, 2, 1, 3, 4, 1, 2, 1, 3, 4, 0]}, null, null, 150, true, [], false, 0, [], null, 0, 1744314485.7040539, 0, {}]
