[{"0": [36, 1, 1, 1, 2, 0, 3, 1, 4, 4, 5, 0, 0, 1, 0, 1, 2]}, null, null, 0, false, [], false, 0, [], null, 0, 1744328589.4080274, 0, {}]
[{"0": [4, 34, 37, 3, 2, 2, 2, 2, 0, 4, 0, 2, 1, 1, 2, 2, 1]}, null, null, 1, false, [], false, 0, [], null, 0, 1744328589.654942, 0, {}]
[{"0": [1, 23, 35, 3, 2, 1, 0, 3, 1, 2, 2, 1, 1, 3, 3, 0, 3]}, null, null, 1, false, [], false, 0, [], null, 0, 1744328589.8696227, 0, {}]
[{"0": [2, 0, 3, 1, 2, 0, 3, 1, 1, 1, 2, 21, 3, 4, 4, 0, 1]}, null, null, 2, false, [], false, 0, [], null, 0, 1744328590.0822272, 0, {}]
[{"0": [1, 29, 26, 28, 2, 2, 1, 3, 3, 1, 4, 2, 2, 4, 3, 1, 2]}, null, null, 2, false, [], false, 0, [], null, 0, 1744328590.3164313, 0, {}]
[{"0": [2, 28, 23, 4, 5, 1, 3, 2, 1, 1, 1, 2, 3, 3, 2, 5, 0]}, null, null, 3, false, [], false, 0, [], null, 0, 1744328590.5156665, 0, {}]
[{"0": [23, 29, 32, 32, 30, 0, 5, 0, 1, 2, 1, 1, 3, 1, 2, 4, 2]}, null, null, 4, false, [], false, 0, [], null, 0, 1744328590.7218895, 0, {}]
[{"0": [2, 32, 27, 31, 2, 4, 3, 3, 1, 1, 2, 6, 0, 3, 1, 0, 6]}, null, null, 4, false, [], false, 0, [], null, 0, 1744328590.946838, 0, {}]
[{"0": [3, 3, 2, 3, 7, 0, 2, 1, 1, 6, 1, 4, 0, 1, 3, 1, 29]}, null, null, 5, false, [], false, 0, [], null, 0, 1744328591.1684282, 0, {}]
[{"0": [2, 25, 28, 27, 37, 0, 1, 2, 3, 0, 4, 1, 4, 2, 2, 3, 6]}, null, null, 5, false, [], false, 0, [], null, 0, 1744328591.3895595, 0, {}]
[{"0": [3, 25, 27, 27, 26, 29, 26, 41, 29, 29, 1, 0, 4, 3, 3, 3, 0]}, null, null, 6, false, [], false, 0, [], null, 0, 1744328591.6046355, 0, {}]
[{"0": [4, 29, 26, 30, 32, 36, 32, 26, 43, 29, 21, 27, 40, 1, 0, 0, 1]}, null, null, 7, false, [], false, 0, [], null, 0, 1744328591.819722, 0, {}]
[{"0": [28, 1, 1, 2, 2, 1, 2, 2, 3, 2, 1, 2, 1, 3, 2, 4, 1]}, null, null, 7, false, [], false, 0, [], null, 0, 1744328592.0408654, 0, {}]
[{"0": [36, 39, 0, 2, 0, 1, 0, 2, 0, 3, 2, 0, 3, 1, 4, 2, 2]}, null, null, 8, false, [], false, 0, [], null, 0, 1744328592.237402, 0, {}]
[{"0": [0, 37, 33, 1, 2, 2, 5, 0, 2, 1, 5, 1, 4, 6, 4, 0, 1]}, null, null, 8, false, [], false, 0, [], null, 0, 1744328592.4576406, 0, {}]
[{"0": [35, 36, 26, 1, 0, 1, 1, 1, 4, 2, 3, 2, 2, 2, 1, 4, 3]}, null, null, 9, false, [], false, 0, [], null, 0, 1744328592.6845715, 0, {}]
[{"0": [3, 1, 3, 1, 4, 4, 32, 39, 4, 2, 3, 0, 0, 3, 2, 1, 4]}, null, null, 10, false, [], false, 0, [], null, 0, 1744328592.8900917, 0, {}]
[{"0": [36, 26, 1, 4, 3, 2, 1, 1, 2, 2, 2, 2, 4, 3, 0, 1, 1]}, null, null, 10, false, [], false, 0, [], null, 0, 1744328593.105894, 0, {}]
[{"0": [3, 2, 1, 1, 3, 1, 3, 3, 0, 2, 2, 20, 33, 33, 25, 2, 0]}, null, null, 11, false, [], false, 0, [], null, 0, 1744328593.3365526, 0, {}]
[{"0": [1, 43, 18, 24, 4, 1, 0, 2, 1, 2, 2, 4, 1, 2, 2, 1, 2]}, null, null, 11, false, [], false, 0, [], null, 0, 1744328593.5508783, 0, {}]
[{"0": [0, 36, 24, 34, 0, 1, 1, 5, 0, 2, 1, 1, 3, 2, 3, 4, 4]}, null, null, 12, false, [], false, 0, [], null, 0, 1744328593.763906, 0, {}]
[{"0": [2, 34, 25, 27, 39, 31, 1, 0, 1, 2, 4, 1, 2, 2, 2, 3, 2]}, null, null, 13, false, [], false, 0, [], null, 0, 1744328593.9750245, 0, {}]
[{"0": [1, 35, 34, 1, 5, 3, 2, 0, 1, 2, 2, 3, 0, 2, 2, 2, 1]}, null, null, 13, false, [], false, 0, [], null, 0, 1744328594.207625, 0, {}]
[{"0": [2, 23, 0, 1, 0, 0, 3, 1, 3, 2, 3, 0, 0, 1, 2, 5, 1]}, null, null, 14, false, [], false, 0, [], null, 0, 1744328594.4153993, 0, {}]
[{"0": [2, 29, 29, 2, 4, 6, 2, 5, 3, 4, 2, 2, 4, 5, 0, 5, 3]}, null, null, 14, false, [], false, 0, [], null, 0, 1744328594.6235383, 0, {}]
[{"0": [3, 38, 32, 26, 21, 32, 30, 1, 3, 1, 3, 5, 0, 1, 2, 3, 3]}, null, null, 15, false, [], false, 0, [], null, 0, 1744328594.8517132, 0, {}]
[{"0": [32, 40, 33, 31, 33, 27, 3, 4, 0, 1, 2, 3, 3, 1, 1, 1, 2]}, null, null, 16, false, [], false, 0, [], null, 0, 1744328595.0620496, 0, {}]
[{"0": [4, 0, 3, 1, 2, 1, 0, 3, 1, 3, 1, 1, 35, 32, 27, 27, 28]}, null, null, 16, false, [], false, 0, [], null, 0, 1744328595.2762175, 0, {}]
[{"0": [1, 31, 36, 35, 21, 3, 2, 5, 1, 3, 2, 3, 0, 2, 4, 4, 3]}, null, null, 17, false, [], false, 0, [], null, 0, 1744328595.4925325, 0, {}]
[{"0": [1, 23, 26, 36, 29, 23, 33, 27, 25, 2, 1, 3, 1, 4, 1, 3, 2]}, null, null, 17, false, [], false, 0, [], null, 0, 1744328595.7087562, 0, {}]
[{"0": [0, 29, 32, 17, 31, 30, 0, 2, 2, 4, 1, 2, 5, 2, 1, 1, 2]}, null, null, 18, false, [], false, 0, [], null, 0, 1744328595.9234574, 0, {}]
[{"0": [35, 25, 41, 24, 30, 31, 2, 4, 3, 0, 2, 0, 1, 2, 5, 6, 2]}, null, null, 19, false, [], false, 0, [], null, 0, 1744328596.1405852, 0, {}]
[{"0": [4, 29, 22, 32, 38, 32, 38, 33, 0, 1, 0, 1, 2, 0, 1, 0, 0]}, null, null, 19, false, [], false, 0, [], null, 0, 1744328596.3529305, 0, {}]
[{"0": [1, 35, 2, 3, 0, 3, 3, 2, 3, 7, 3, 4, 2, 1, 0, 4, 4]}, null, null, 20, false, [], false, 0, [], null, 0, 1744328596.5771499, 0, {}]
[{"0": [3, 39, 31, 2, 1, 0, 1, 1, 4, 2, 2, 0, 5, 4, 1, 0, 2]}, null, null, 20, false, [], false, 0, [], null, 0, 1744328596.8037343, 0, {}]
[{"0": [3, 1, 2, 1, 3, 2, 1, 25, 23, 33, 29, 32, 1, 1, 4, 1, 1]}, null, null, 21, false, [], false, 0, [], null, 0, 1744328597.0190964, 0, {}]
[{"0": [2, 34, 23, 29, 0, 4, 0, 2, 2, 1, 1, 4, 2, 3, 0, 2, 1]}, null, null, 22, false, [], false, 0, [], null, 0, 1744328597.2214067, 0, {}]
[{"0": [4, 36, 5, 2, 3, 1, 3, 4, 1, 2, 0, 0, 2, 2, 6, 3, 3]}, null, null, 22, false, [], false, 0, [], null, 0, 1744328597.460169, 0, {}]
[{"0": [3, 1, 1, 4, 2, 3, 36, 38, 1, 1, 1, 0, 1, 2, 1, 5, 4]}, null, null, 23, false, [], false, 0, [], null, 0, 1744328597.6623635, 0, {}]
[{"0": [34, 0, 3, 2, 2, 1, 1, 3, 2, 0, 1, 1, 2, 1, 1, 1, 1]}, null, null, 23, false, [], false, 0, [], null, 0, 1744328597.8783882, 0, {}]
[{"0": [4, 23, 31, 28, 29, 0, 0, 1, 2, 2, 4, 0, 2, 3, 2, 1, 1]}, null, null, 24, false, [], false, 0, [], null, 0, 1744328598.089722, 0, {}]
[{"0": [33, 30, 32, 2, 2, 1, 0, 1, 1, 4, 5, 3, 1, 6, 2, 0, 1]}, null, null, 25, false, [], false, 0, [], null, 0, 1744328598.3063986, 0, {}]
[{"0": [4, 32, 25, 30, 28, 25, 27, 22, 36, 38, 30, 2, 1, 4, 0, 1, 0]}, null, null, 25, false, [], false, 0, [], null, 0, 1744328598.5286329, 0, {}]
[{"0": [2, 25, 35, 27, 42, 38, 33, 32, 0, 2, 1, 0, 3, 1, 2, 3, 3]}, null, null, 26, false, [], false, 0, [], null, 0, 1744328598.739356, 0, {}]
[{"0": [1, 34, 2, 3, 0, 1, 0, 3, 3, 0, 1, 2, 0, 3, 0, 1, 1]}, null, null, 27, false, [], false, 0, [], null, 0, 1744328598.975543, 0, {}]
[{"0": [0, 32, 21, 29, 34, 28, 32, 27, 2, 0, 2, 1, 1, 5, 1, 0, 2]}, null, null, 27, false, [], false, 0, [], null, 0, 1744328599.1760552, 0, {}]
[{"0": [4, 37, 37, 25, 34, 3, 0, 0, 3, 2, 1, 1, 1, 1, 8, 2, 1]}, null, null, 28, false, [], false, 0, [], null, 0, 1744328599.3889232, 0, {}]
[{"0": [3, 28, 24, 25, 29, 35, 26, 2, 1, 0, 0, 0, 1, 1, 3, 2, 0]}, null, null, 28, false, [], false, 0, [], null, 0, 1744328599.6051981, 0, {}]
[{"0": [2, 29, 0, 3, 2, 0, 2, 2, 0, 1, 0, 5, 1, 3, 1, 2, 2]}, null, null, 29, false, [], false, 0, [], null, 0, 1744328599.831251, 0, {}]
[{"0": [2, 23, 25, 23, 1, 0, 1, 1, 2, 0, 1, 2, 0, 3, 0, 2, 1]}, null, null, 30, false, [], false, 0, [], null, 0, 1744328600.0532913, 0, {}]
[{"0": [3, 36, 4, 1, 1, 2, 2, 2, 2, 1, 2, 3, 4, 2, 1, 1, 1]}, null, null, 30, false, [], false, 0, [], null, 0, 1744328600.2636008, 0, {}]
[{"0": [3, 2, 4, 3, 4, 1, 1, 3, 3, 2, 1, 1, 2, 0, 3, 1, 0]}, null, null, 31, false, [], false, 0, [], null, 0, 1744328600.478424, 0, {}]
[{"0": [1, 0, 28, 27, 12, 3, 1, 1, 0, 1, 4, 1, 0, 2, 2, 3, 5]}, null, null, 31, false, [], false, 0, [], null, 0, 1744328600.6887205, 0, {}]
[{"0": [2, 29, 37, 26, 32, 0, 2, 1, 2, 1, 3, 2, 3, 1, 1, 1, 4]}, null, null, 32, false, [], false, 0, [], null, 0, 1744328600.9114876, 0, {}]
[{"0": [4, 36, 6, 3, 0, 4, 3, 5, 1, 2, 2, 0, 1, 6, 2, 3, 2]}, null, null, 33, false, [], false, 0, [], null, 0, 1744328601.1219156, 0, {}]
[{"0": [2, 28, 1, 3, 2, 2, 2, 1, 1, 2, 3, 4, 3, 0, 3, 2, 0]}, null, null, 33, false, [], false, 0, [], null, 0, 1744328601.3443253, 0, {}]
[{"0": [0, 36, 2, 3, 1, 2, 1, 0, 0, 1, 1, 1, 2, 3, 2, 4, 2]}, null, null, 34, false, [], false, 0, [], null, 0, 1744328601.561178, 0, {}]
[{"0": [2, 3, 0, 3, 4, 0, 0, 1, 0, 3, 40, 34, 38, 44, 27, 29, 23]}, null, null, 34, false, [], false, 0, [], null, 0, 1744328601.7724466, 0, {}]
[{"0": [34, 35, 4, 5, 0, 1, 1, 3, 4, 2, 3, 2, 2, 2, 0, 1, 1]}, null, null, 35, false, [], false, 0, [], null, 0, 1744328602.0023975, 0, {}]
[{"0": [2, 2, 2, 3, 1, 1, 0, 0, 1, 29, 29, 1, 1, 0, 1, 1, 3]}, null, null, 36, false, [], false, 0, [], null, 0, 1744328602.206975, 0, {}]
[{"0": [0, 37, 0, 0, 0, 4, 2, 3, 1, 6, 1, 0, 3, 3, 2, 1, 4]}, null, null, 36, false, [], false, 0, [], null, 0, 1744328602.4312868, 0, {}]
[{"0": [2, 30, 31, 2, 1, 0, 2, 2, 2, 0, 3, 6, 1, 1, 0, 0, 1]}, null, null, 37, false, [], false, 0, [], null, 0, 1744328602.6444201, 0, {}]
[{"0": [1, 30, 34, 22, 29, 28, 36, 0, 0, 2, 2, 1, 2, 3, 1, 1, 0]}, null, null, 37, false, [], false, 0, [], null, 0, 1744328602.8561609, 0, {}]
[{"0": [1, 33, 35, 3, 1, 3, 4, 1, 4, 1, 1, 2, 0, 3, 4, 1, 1]}, null, null, 38, false, [], false, 0, [], null, 0, 1744328603.0806684, 0, {}]
[{"0": [1, 34, 38, 31, 27, 37, 34, 20, 44, 35, 0, 2, 0, 1, 1, 1, 1]}, null, null, 39, false, [], false, 0, [], null, 0, 1744328603.3036902, 0, {}]
[{"0": [2, 36, 5, 1, 1, 4, 1, 0, 0, 2, 0, 3, 2, 2, 1, 3, 1]}, null, null, 39, false, [], false, 0, [], null, 0, 1744328603.5245357, 0, {}]
[{"0": [24, 35, 42, 25, 26, 39, 30, 29, 32, 0, 2, 0, 3, 2, 3, 5, 1]}, null, null, 40, false, [], false, 0, [], null, 0, 1744328603.726966, 0, {}]
[{"0": [4, 28, 23, 38, 31, 38, 33, 39, 27, 36, 2, 0, 3, 1, 3, 0, 2]}, null, null, 40, false, [], false, 0, [], null, 0, 1744328603.9394212, 0, {}]
[{"0": [1, 27, 4, 7, 2, 1, 2, 0, 1, 4, 1, 4, 2, 5, 0, 2, 2]}, null, null, 41, false, [], false, 0, [], null, 0, 1744328604.177289, 0, {}]
[{"0": [1, 30, 0, 5, 1, 2, 3, 3, 0, 1, 2, 0, 0, 2, 2, 2, 0]}, null, null, 42, false, [], false, 0, [], null, 0, 1744328604.380153, 0, {}]
[{"0": [1, 28, 28, 27, 48, 30, 0, 0, 3, 2, 1, 3, 2, 2, 0, 5, 0]}, null, null, 42, false, [], false, 0, [], null, 0, 1744328604.5942717, 0, {}]
[{"0": [4, 23, 32, 31, 21, 40, 37, 31, 27, 25, 38, 23, 0, 1, 3, 1, 1]}, null, null, 43, false, [], false, 0, [], null, 0, 1744328604.8100073, 0, {}]
[{"0": [1, 22, 33, 25, 4, 4, 1, 3, 2, 3, 2, 2, 1, 2, 1, 3, 0]}, null, null, 43, false, [], false, 0, [], null, 0, 1744328605.0267975, 0, {}]
[{"0": [2, 27, 29, 27, 4, 1, 3, 0, 0, 3, 0, 3, 3, 3, 1, 3, 1]}, null, null, 44, false, [], false, 0, [], null, 0, 1744328605.2425532, 0, {}]
[{"0": [6, 22, 32, 36, 27, 31, 35, 37, 0, 0, 1, 1, 3, 2, 3, 1, 0]}, null, null, 45, false, [], false, 0, [], null, 0, 1744328605.4678712, 0, {}]
[{"0": [29, 28, 24, 32, 1, 1, 2, 2, 0, 1, 0, 1, 2, 2, 1, 0, 2]}, null, null, 45, false, [], false, 0, [], null, 0, 1744328605.6805909, 0, {}]
[{"0": [0, 21, 24, 19, 30, 19, 26, 33, 38, 38, 23, 37, 26, 39, 24, 25, 38]}, null, null, 46, false, [], false, 0, [], null, 0, 1744328605.8974886, 0, {}]
[{"0": [3, 31, 1, 1, 1, 1, 4, 1, 0, 4, 2, 2, 4, 1, 1, 1, 1]}, null, null, 46, false, [], false, 0, [], null, 0, 1744328606.1263075, 0, {}]
[{"0": [0, 27, 32, 42, 32, 23, 6, 3, 2, 2, 4, 1, 2, 5, 1, 2, 2]}, null, null, 47, false, [], false, 0, [], null, 0, 1744328606.342681, 0, {}]
[{"0": [1, 28, 31, 30, 31, 31, 35, 1, 0, 1, 0, 0, 0, 1, 2, 5, 2]}, null, null, 48, false, [], false, 0, [], null, 0, 1744328606.5470462, 0, {}]
[{"0": [2, 2, 1, 0, 1, 26, 22, 2, 3, 0, 0, 1, 5, 0, 3, 1, 2]}, null, null, 48, false, [], false, 0, [], null, 0, 1744328606.7598825, 0, {}]
[{"0": [3, 21, 29, 32, 35, 33, 30, 0, 3, 1, 2, 2, 1, 1, 1, 1, 1]}, null, null, 49, false, [], false, 0, [], null, 0, 1744328606.9938757, 0, {}]
[{"0": [5, 30, 28, 32, 34, 26, 0, 2, 2, 2, 2, 3, 2, 1, 1, 3, 0]}, null, null, 49, false, [], false, 0, [], null, 0, 1744328607.20054, 0, {}]
[{"0": [2, 18, 1, 1, 1, 0, 2, 3, 0, 3, 1, 5, 2, 1, 1, 2, 4]}, null, null, 50, false, [], false, 0, [], null, 0, 1744328607.4202023, 0, {}]
[{"0": [1, 33, 25, 29, 37, 2, 4, 3, 2, 2, 0, 2, 1, 4, 2, 1, 0]}, null, null, 51, false, [], false, 0, [], null, 0, 1744328607.633453, 0, {}]
[{"0": [2, 29, 21, 28, 31, 29, 32, 35, 2, 5, 4, 1, 3, 0, 4, 2, 2]}, null, null, 51, false, [], false, 0, [], null, 0, 1744328607.8556623, 0, {}]
[{"0": [3, 33, 27, 0, 2, 1, 1, 4, 0, 1, 3, 0, 1, 2, 1, 1, 1]}, null, null, 52, false, [], false, 0, [], null, 0, 1744328608.0565376, 0, {}]
[{"0": [1, 36, 34, 33, 32, 1, 4, 1, 0, 0, 0, 2, 2, 1, 0, 1, 1]}, null, null, 52, false, [], false, 0, [], null, 0, 1744328608.2841122, 0, {}]
[{"0": [5, 28, 1, 1, 5, 4, 1, 1, 2, 1, 2, 0, 0, 1, 1, 0, 2]}, null, null, 53, false, [], false, 0, [], null, 0, 1744328608.4886456, 0, {}]
[{"0": [3, 36, 22, 1, 1, 1, 1, 2, 1, 4, 2, 2, 1, 3, 0, 1, 4]}, null, null, 54, false, [], false, 0, [], null, 0, 1744328608.7274876, 0, {}]
[{"0": [1, 31, 32, 30, 29, 3, 3, 0, 1, 3, 0, 1, 4, 2, 0, 1, 1]}, null, null, 54, false, [], false, 0, [], null, 0, 1744328608.9398522, 0, {}]
[{"0": [2, 33, 24, 43, 27, 28, 24, 22, 29, 2, 1, 3, 3, 2, 3, 3, 2]}, null, null, 55, false, [], false, 0, [], null, 0, 1744328609.1572895, 0, {}]
[{"0": [1, 40, 4, 2, 2, 2, 0, 5, 3, 3, 1, 0, 2, 0, 2, 4, 0]}, null, null, 55, false, [], false, 0, [], null, 0, 1744328609.3574686, 0, {}]
[{"0": [1, 30, 27, 26, 24, 35, 26, 28, 1, 3, 3, 1, 0, 1, 5, 1, 1]}, null, null, 56, false, [], false, 0, [], null, 0, 1744328609.5805485, 0, {}]
[{"0": [2, 39, 22, 32, 30, 4, 1, 6, 1, 0, 2, 2, 1, 0, 1, 1, 2]}, null, null, 57, false, [], false, 0, [], null, 0, 1744328609.7944233, 0, {}]
[{"0": [4, 28, 25, 24, 27, 34, 26, 27, 0, 0, 2, 1, 3, 3, 0, 1, 2]}, null, null, 57, false, [], false, 0, [], null, 0, 1744328610.009388, 0, {}]
[{"0": [1, 33, 2, 2, 3, 0, 3, 1, 1, 6, 5, 2, 3, 3, 4, 2, 3]}, null, null, 58, false, [], false, 0, [], null, 0, 1744328610.2384412, 0, {}]
[{"0": [0, 34, 21, 32, 34, 34, 21, 40, 30, 33, 24, 21, 24, 27, 27, 3, 2]}, null, null, 58, false, [], false, 0, [], null, 0, 1744328610.4455264, 0, {}]
[{"0": [4, 36, 1, 3, 1, 0, 1, 1, 3, 1, 1, 1, 2, 2, 1, 1, 1]}, null, null, 59, false, [], false, 0, [], null, 0, 1744328610.6671255, 0, {}]
[{"0": [1, 2, 3, 1, 3, 3, 1, 0, 1, 2, 2, 1, 0, 2, 1, 2, 2]}, null, null, 60, false, [], false, 0, [], null, 0, 1744328610.889029, 0, {}]
[{"0": [2, 34, 33, 28, 38, 18, 7, 5, 0, 2, 1, 2, 2, 2, 1, 0, 2]}, null, null, 60, false, [], false, 0, [], null, 0, 1744328611.0930011, 0, {}]
[{"0": [0, 36, 24, 2, 3, 1, 2, 3, 0, 1, 6, 2, 2, 0, 1, 0, 2]}, null, null, 61, false, [], false, 0, [], null, 0, 1744328611.3068135, 0, {}]
[{"0": [3, 29, 39, 33, 29, 3, 1, 2, 1, 1, 3, 2, 3, 3, 4, 2, 1]}, null, null, 61, false, [], false, 0, [], null, 0, 1744328611.5296478, 0, {}]
[{"0": [2, 4, 1, 2, 0, 2, 0, 2, 1, 26, 37, 34, 2, 3, 1, 3, 0]}, null, null, 62, false, [], false, 0, [], null, 0, 1744328611.7574475, 0, {}]
[{"0": [1, 23, 24, 23, 0, 4, 0, 3, 3, 0, 2, 4, 4, 0, 1, 1, 1]}, null, null, 63, false, [], false, 0, [], null, 0, 1744328611.9553387, 0, {}]
[{"0": [21, 25, 0, 4, 3, 2, 1, 4, 3, 3, 3, 2, 2, 4, 1, 4, 1]}, null, null, 63, false, [], false, 0, [], null, 0, 1744328612.1852083, 0, {}]
[{"0": [2, 16, 34, 0, 0, 2, 2, 3, 2, 3, 1, 3, 3, 1, 3, 0, 1]}, null, null, 64, false, [], false, 0, [], null, 0, 1744328612.404265, 0, {}]
[{"0": [3, 29, 34, 47, 1, 0, 1, 3, 1, 1, 3, 0, 6, 2, 0, 2, 2]}, null, null, 64, false, [], false, 0, [], null, 0, 1744328612.6156235, 0, {}]
[{"0": [1, 22, 29, 27, 24, 23, 32, 2, 4, 0, 1, 2, 0, 2, 0, 1, 2]}, null, null, 65, false, [], false, 0, [], null, 0, 1744328612.8270028, 0, {}]
[{"0": [2, 35, 38, 25, 32, 33, 23, 1, 3, 2, 2, 0, 1, 1, 0, 1, 2]}, null, null, 66, false, [], false, 0, [], null, 0, 1744328613.0402386, 0, {}]
[{"0": [36, 35, 30, 1, 1, 2, 2, 2, 0, 3, 3, 4, 4, 0, 0, 2, 1]}, null, null, 66, false, [], false, 0, [], null, 0, 1744328613.2574496, 0, {}]
[{"0": [3, 35, 30, 28, 23, 31, 28, 3, 0, 2, 1, 2, 1, 2, 0, 3, 4]}, null, null, 67, false, [], false, 0, [], null, 0, 1744328613.4920142, 0, {}]
[{"0": [4, 0, 0, 4, 0, 2, 2, 3, 1, 6, 1, 0, 1, 3, 0, 3, 5]}, null, null, 67, false, [], false, 0, [], null, 0, 1744328613.6904354, 0, {}]
[{"0": [3, 3, 1, 3, 3, 26, 2, 1, 2, 1, 3, 3, 3, 2, 1, 4, 0]}, null, null, 68, false, [], false, 0, [], null, 0, 1744328613.9242065, 0, {}]
[{"0": [4, 18, 29, 20, 21, 1, 0, 1, 4, 0, 3, 1, 5, 2, 1, 1, 2]}, null, null, 69, false, [], false, 0, [], null, 0, 1744328614.1296978, 0, {}]
[{"0": [24, 2, 3, 1, 3, 2, 0, 0, 0, 1, 1, 2, 4, 2, 3, 1, 0]}, null, null, 69, false, [], false, 0, [], null, 0, 1744328614.3512049, 0, {}]
[{"0": [0, 23, 27, 32, 21, 33, 35, 25, 19, 33, 41, 2, 3, 1, 6, 0, 0]}, null, null, 70, false, [], false, 0, [], null, 0, 1744328614.5654848, 0, {}]
[{"0": [0, 28, 2, 1, 2, 1, 0, 1, 2, 1, 0, 0, 3, 4, 3, 1, 3]}, null, null, 70, false, [], false, 0, [], null, 0, 1744328614.7820358, 0, {}]
[{"0": [0, 36, 26, 22, 31, 30, 29, 35, 25, 32, 27, 26, 21, 32, 32, 27, 33]}, null, null, 71, false, [], false, 0, [], null, 0, 1744328615.0014997, 0, {}]
[{"0": [3, 0, 3, 2, 1, 3, 1, 3, 1, 0, 1, 3, 1, 1, 2, 2, 1]}, null, null, 72, false, [], false, 0, [], null, 0, 1744328615.2244682, 0, {}]
[{"0": [29, 42, 21, 26, 29, 23, 0, 1, 3, 1, 2, 2, 2, 1, 3, 3, 0]}, null, null, 72, false, [], false, 0, [], null, 0, 1744328615.4428873, 0, {}]
[{"0": [6, 26, 29, 2, 2, 2, 1, 2, 1, 0, 3, 0, 2, 1, 2, 2, 2]}, null, null, 73, false, [], false, 0, [], null, 0, 1744328615.6576092, 0, {}]
[{"0": [3, 19, 25, 0, 4, 1, 1, 2, 3, 3, 1, 3, 2, 5, 4, 3, 0]}, null, null, 73, false, [], false, 0, [], null, 0, 1744328615.867469, 0, {}]
[{"0": [3, 18, 2, 1, 1, 0, 2, 4, 0, 1, 3, 1, 4, 3, 1, 4, 3]}, null, null, 74, false, [], false, 0, [], null, 0, 1744328616.0867393, 0, {}]
[{"0": [2, 42, 29, 22, 26, 36, 28, 21, 0, 0, 2, 2, 1, 3, 3, 0, 0]}, null, null, 75, false, [], false, 0, [], null, 0, 1744328616.3053029, 0, {}]
[{"0": [29, 31, 24, 34, 33, 27, 1, 1, 4, 1, 1, 1, 2, 3, 3, 4, 0]}, null, null, 75, false, [], false, 0, [], null, 0, 1744328616.522981, 0, {}]
[{"0": [1, 1, 2, 1, 3, 6, 0, 3, 2, 2, 3, 2, 5, 3, 2, 1, 3]}, null, null, 76, false, [], false, 0, [], null, 0, 1744328616.7345653, 0, {}]
[{"0": [0, 31, 29, 28, 28, 27, 1, 0, 2, 0, 5, 1, 2, 0, 2, 2, 1]}, null, null, 77, false, [], false, 0, [], null, 0, 1744328616.958982, 0, {}]
[{"0": [2, 32, 25, 28, 28, 35, 3, 2, 2, 3, 1, 1, 0, 1, 2, 2, 1]}, null, null, 77, false, [], false, 0, [], null, 0, 1744328617.1621854, 0, {}]
[{"0": [5, 35, 38, 33, 24, 31, 30, 33, 31, 22, 25, 34, 0, 4, 1, 5, 1]}, null, null, 78, false, [], false, 0, [], null, 0, 1744328617.3797958, 0, {}]
[{"0": [3, 30, 34, 2, 2, 1, 3, 0, 1, 0, 1, 1, 1, 1, 2, 1, 0]}, null, null, 78, false, [], false, 0, [], null, 0, 1744328617.5926938, 0, {}]
[{"0": [0, 4, 3, 4, 4, 1, 32, 27, 27, 31, 27, 34, 0, 1, 1, 1, 1]}, null, null, 79, false, [], false, 0, [], null, 0, 1744328617.8081422, 0, {}]
[{"0": [1, 27, 43, 2, 0, 1, 3, 1, 2, 2, 4, 3, 1, 1, 3, 1, 4]}, null, null, 80, false, [], false, 0, [], null, 0, 1744328618.023399, 0, {}]
[{"0": [3, 23, 28, 27, 34, 32, 36, 32, 36, 2, 0, 2, 0, 3, 2, 0, 1]}, null, null, 80, false, [], false, 0, [], null, 0, 1744328618.256511, 0, {}]
[{"0": [2, 39, 26, 34, 29, 31, 30, 1, 0, 3, 3, 1, 3, 1, 0, 1, 1]}, null, null, 81, false, [], false, 0, [], null, 0, 1744328618.4576032, 0, {}]
[{"0": [0, 3, 1, 4, 1, 2, 3, 3, 2, 1, 1, 2, 1, 1, 2, 0, 3]}, null, null, 81, false, [], false, 0, [], null, 0, 1744328618.6744268, 0, {}]
[{"0": [2, 31, 2, 0, 2, 6, 2, 2, 2, 0, 2, 2, 2, 3, 6, 0, 1]}, null, null, 82, false, [], false, 0, [], null, 0, 1744328618.8989081, 0, {}]
[{"0": [4, 25, 20, 25, 41, 29, 1, 0, 2, 1, 5, 1, 0, 3, 2, 2, 0]}, null, null, 83, false, [], false, 0, [], null, 0, 1744328619.115371, 0, {}]
[{"0": [1, 19, 1, 1, 3, 2, 2, 2, 0, 3, 2, 1, 0, 3, 4, 2, 0]}, null, null, 83, false, [], false, 0, [], null, 0, 1744328619.325061, 0, {}]
[{"0": [4, 35, 30, 2, 0, 4, 0, 0, 0, 3, 1, 2, 2, 1, 3, 5, 4]}, null, null, 84, false, [], false, 0, [], null, 0, 1744328619.5548592, 0, {}]
[{"0": [1, 34, 26, 30, 33, 33, 1, 0, 2, 3, 0, 2, 1, 1, 3, 1, 0]}, null, null, 84, false, [], false, 0, [], null, 0, 1744328619.7679214, 0, {}]
[{"0": [2, 20, 33, 2, 0, 3, 1, 1, 0, 2, 3, 2, 1, 1, 1, 4, 0]}, null, null, 85, false, [], false, 0, [], null, 0, 1744328619.9879694, 0, {}]
[{"0": [2, 27, 3, 2, 2, 0, 2, 2, 0, 1, 2, 2, 1, 1, 0, 3, 3]}, null, null, 86, false, [], false, 0, [], null, 0, 1744328620.2039666, 0, {}]
[{"0": [3, 30, 26, 23, 38, 22, 29, 27, 28, 38, 27, 29, 24, 34, 18, 23, 32]}, null, null, 86, false, [], false, 0, [], null, 0, 1744328620.4216945, 0, {}]
[{"0": [1, 33, 32, 32, 33, 27, 34, 25, 29, 27, 37, 0, 1, 3, 3, 1, 1]}, null, null, 87, false, [], false, 0, [], null, 0, 1744328620.6410441, 0, {}]
[{"0": [1, 33, 22, 20, 3, 0, 1, 3, 2, 3, 1, 2, 1, 2, 2, 2, 0]}, null, null, 87, false, [], false, 0, [], null, 0, 1744328620.846801, 0, {}]
[{"0": [1, 30, 29, 30, 32, 28, 34, 1, 2, 1, 1, 2, 1, 1, 7, 0, 3]}, null, null, 88, false, [], false, 0, [], null, 0, 1744328621.0580254, 0, {}]
[{"0": [1, 30, 19, 20, 35, 36, 25, 3, 1, 3, 0, 6, 1, 0, 1, 4, 1]}, null, null, 89, false, [], false, 0, [], null, 0, 1744328621.286517, 0, {}]
[{"0": [32, 24, 0, 1, 2, 3, 1, 4, 0, 3, 1, 1, 0, 2, 1, 1, 2]}, null, null, 89, false, [], false, 0, [], null, 0, 1744328621.4988315, 0, {}]
[{"0": [1, 2, 0, 2, 2, 2, 1, 4, 1, 2, 1, 2, 2, 1, 0, 5, 3]}, null, null, 90, false, [], false, 0, [], null, 0, 1744328621.7139838, 0, {}]
[{"0": [2, 3, 1, 36, 29, 32, 2, 5, 2, 1, 0, 0, 3, 1, 1, 0, 2]}, null, null, 90, false, [], false, 0, [], null, 0, 1744328621.9429073, 0, {}]
[{"0": [25, 30, 26, 26, 2, 0, 2, 4, 2, 1, 1, 2, 0, 2, 3, 3, 4]}, null, null, 91, false, [], false, 0, [], null, 0, 1744328622.1440144, 0, {}]
[{"0": [2, 24, 21, 26, 30, 22, 21, 38, 40, 35, 34, 26, 1, 0, 3, 0, 2]}, null, null, 92, false, [], false, 0, [], null, 0, 1744328622.381327, 0, {}]
[{"0": [2, 25, 29, 38, 23, 1, 0, 3, 1, 1, 0, 3, 3, 5, 1, 1, 1]}, null, null, 92, false, [], false, 0, [], null, 0, 1744328622.5862913, 0, {}]
[{"0": [0, 3, 1, 2, 1, 5, 1, 1, 1, 1, 4, 1, 1, 1, 32, 27, 29]}, null, null, 93, false, [], false, 0, [], null, 0, 1744328622.7919703, 0, {}]
[{"0": [0, 28, 37, 44, 28, 32, 19, 2, 4, 0, 5, 4, 2, 3, 2, 1, 2]}, null, null, 93, false, [], false, 0, [], null, 0, 1744328623.0126145, 0, {}]
[{"0": [0, 21, 24, 28, 44, 34, 30, 30, 39, 33, 1, 1, 1, 2, 1, 3, 1]}, null, null, 94, false, [], false, 0, [], null, 0, 1744328623.2300014, 0, {}]
[{"0": [33, 34, 25, 3, 1, 3, 9, 1, 0, 2, 3, 2, 1, 1, 3, 1, 0]}, null, null, 95, false, [], false, 0, [], null, 0, 1744328623.4536498, 0, {}]
[{"0": [0, 4, 2, 2, 2, 3, 2, 2, 1, 27, 28, 23, 33, 36, 26, 35, 23]}, null, null, 95, false, [], false, 0, [], null, 0, 1744328623.6758103, 0, {}]
[{"0": [2, 27, 35, 37, 34, 26, 31, 2, 4, 1, 1, 1, 1, 1, 2, 2, 0]}, null, null, 96, false, [], false, 0, [], null, 0, 1744328623.8876057, 0, {}]
[{"0": [0, 27, 30, 26, 19, 25, 2, 2, 5, 1, 0, 2, 2, 3, 3, 1, 1]}, null, null, 96, false, [], false, 0, [], null, 0, 1744328624.1095505, 0, {}]
[{"0": [0, 3, 0, 2, 2, 0, 2, 2, 1, 2, 2, 2, 29, 23, 23, 35, 24]}, null, null, 97, false, [], false, 0, [], null, 0, 1744328624.3250487, 0, {}]
[{"0": [3, 26, 0, 1, 0, 1, 5, 2, 2, 1, 2, 1, 2, 1, 0, 0, 0]}, null, null, 98, false, [], false, 0, [], null, 0, 1744328624.5392952, 0, {}]
[{"0": [3, 34, 30, 0, 4, 1, 6, 2, 1, 2, 2, 1, 1, 2, 2, 1, 1]}, null, null, 98, false, [], false, 0, [], null, 0, 1744328624.7545643, 0, {}]
[{"0": [0, 25, 35, 36, 0, 1, 0, 1, 1, 0, 3, 4, 2, 1, 0, 0, 0]}, null, null, 99, false, [], false, 0, [], null, 0, 1744328624.9772465, 0, {}]
[{"0": [38, 22, 37, 24, 22, 30, 34, 27, 2, 3, 0, 5, 2, 1, 0, 1, 3]}, null, null, 99, false, [], false, 0, [], null, 0, 1744328625.1896389, 0, {}]
[{"0": [4, 0, 1, 3, 2, 2, 1, 1, 27, 30, 28, 28, 19, 28, 36, 29, 31]}, null, null, 100, false, [], false, 0, [], null, 0, 1744328625.4021056, 0, {}]
[{"0": [22, 21, 40, 2, 3, 2, 0, 1, 1, 1, 3, 2, 2, 1, 2, 3, 0]}, null, null, 101, false, [], false, 0, [], null, 0, 1744328625.6157806, 0, {}]
[{"0": [0, 0, 24, 32, 0, 2, 3, 5, 0, 2, 2, 1, 3, 2, 4, 2, 0]}, null, null, 101, false, [], false, 0, [], null, 0, 1744328625.8368368, 0, {}]
[{"0": [1, 33, 3, 1, 3, 1, 4, 1, 1, 1, 0, 1, 2, 1, 0, 2, 1]}, null, null, 102, false, [], false, 0, [], null, 0, 1744328626.0661218, 0, {}]
[{"0": [2, 32, 20, 18, 29, 3, 1, 0, 2, 1, 0, 1, 1, 5, 2, 2, 4]}, null, null, 102, false, [], false, 0, [], null, 0, 1744328626.265838, 0, {}]
[{"0": [6, 36, 22, 37, 20, 26, 3, 4, 3, 1, 3, 1, 1, 3, 2, 2, 2]}, null, null, 103, false, [], false, 0, [], null, 0, 1744328626.492958, 0, {}]
[{"0": [1, 33, 32, 25, 32, 34, 33, 1, 1, 2, 3, 1, 4, 3, 3, 5, 3]}, null, null, 104, false, [], false, 0, [], null, 0, 1744328626.701461, 0, {}]
[{"0": [2, 2, 1, 42, 28, 0, 3, 0, 5, 1, 3, 2, 4, 0, 3, 3, 1]}, null, null, 104, false, [], false, 0, [], null, 0, 1744328626.92048, 0, {}]
[{"0": [1, 28, 28, 32, 31, 28, 2, 2, 1, 6, 0, 2, 3, 3, 0, 1, 2]}, null, null, 105, false, [], false, 0, [], null, 0, 1744328627.1322358, 0, {}]
[{"0": [1, 2, 1, 2, 0, 3, 4, 3, 3, 1, 2, 23, 37, 1, 2, 1, 6]}, null, null, 105, false, [], false, 0, [], null, 0, 1744328627.3546526, 0, {}]
[{"0": [0, 17, 24, 25, 31, 0, 3, 2, 2, 1, 1, 1, 1, 3, 1, 1, 1]}, null, null, 106, false, [], false, 0, [], null, 0, 1744328627.574427, 0, {}]
[{"0": [1, 27, 36, 25, 30, 1, 3, 1, 0, 1, 2, 1, 2, 1, 2, 2, 4]}, null, null, 107, false, [], false, 0, [], null, 0, 1744328627.785899, 0, {}]
[{"0": [2, 0, 2, 2, 2, 3, 2, 3, 2, 3, 1, 3, 1, 1, 2, 1, 3]}, null, null, 107, false, [], false, 0, [], null, 0, 1744328628.0162485, 0, {}]
[{"0": [2, 28, 31, 26, 30, 0, 1, 2, 0, 0, 2, 1, 2, 5, 2, 0, 1]}, null, null, 108, false, [], false, 0, [], null, 0, 1744328628.216078, 0, {}]
[{"0": [0, 30, 25, 21, 35, 26, 5, 1, 1, 0, 2, 2, 0, 1, 1, 2, 3]}, null, null, 108, false, [], false, 0, [], null, 0, 1744328628.445254, 0, {}]
[{"0": [1, 30, 31, 44, 2, 2, 1, 0, 2, 1, 2, 1, 3, 2, 1, 0, 0]}, null, null, 109, false, [], false, 0, [], null, 0, 1744328628.646081, 0, {}]
[{"0": [28, 25, 28, 28, 29, 23, 31, 31, 2, 0, 5, 3, 3, 2, 0, 0, 5]}, null, null, 110, false, [], false, 0, [], null, 0, 1744328628.8633912, 0, {}]
[{"0": [1, 4, 3, 0, 1, 2, 2, 1, 0, 3, 2, 3, 1, 0, 22, 35, 28]}, null, null, 110, false, [], false, 0, [], null, 0, 1744328629.0938756, 0, {}]
[{"0": [2, 23, 1, 4, 2, 1, 1, 1, 1, 0, 1, 3, 0, 2, 4, 2, 4]}, null, null, 111, false, [], false, 0, [], null, 0, 1744328629.3020716, 0, {}]
[{"0": [2, 19, 27, 36, 0, 2, 2, 1, 2, 2, 0, 2, 0, 2, 3, 1, 1]}, null, null, 111, false, [], false, 0, [], null, 0, 1744328629.5081682, 0, {}]
[{"0": [3, 32, 29, 37, 30, 27, 25, 24, 39, 1, 1, 1, 1, 2, 1, 3, 1]}, null, null, 112, false, [], false, 0, [], null, 0, 1744328629.7275457, 0, {}]
[{"0": [3, 32, 0, 4, 5, 1, 0, 0, 2, 3, 1, 1, 4, 2, 1, 0, 4]}, null, null, 113, false, [], false, 0, [], null, 0, 1744328629.9597633, 0, {}]
[{"0": [1, 3, 3, 2, 2, 1, 0, 0, 0, 1, 0, 2, 2, 4, 1, 1, 4]}, null, null, 113, false, [], false, 0, [], null, 0, 1744328630.179694, 0, {}]
[{"0": [0, 2, 1, 1, 0, 0, 3, 1, 1, 1, 2, 1, 1, 2, 2, 1, 0]}, null, null, 114, false, [], false, 0, [], null, 0, 1744328630.3835754, 0, {}]
[{"0": [3, 28, 40, 33, 1, 1, 3, 1, 0, 4, 2, 1, 1, 2, 1, 0, 2]}, null, null, 114, false, [], false, 0, [], null, 0, 1744328630.5977466, 0, {}]
[{"0": [1, 26, 37, 30, 32, 25, 27, 22, 27, 28, 24, 27, 31, 31, 24, 25, 32]}, null, null, 115, false, [], false, 0, [], null, 0, 1744328630.8133783, 0, {}]
[{"0": [0, 3, 1, 1, 0, 1, 3, 2, 2, 1, 3, 3, 28, 28, 29, 35, 18]}, null, null, 116, false, [], false, 0, [], null, 0, 1744328631.0425093, 0, {}]
[{"0": [2, 24, 30, 32, 23, 27, 22, 29, 31, 37, 36, 35, 40, 25, 29, 38, 31]}, null, null, 116, false, [], false, 0, [], null, 0, 1744328631.2516546, 0, {}]
[{"0": [1, 28, 39, 1, 0, 0, 0, 3, 4, 2, 1, 2, 1, 0, 5, 1, 3]}, null, null, 117, false, [], false, 0, [], null, 0, 1744328631.4708283, 0, {}]
[{"0": [1, 31, 33, 4, 2, 0, 3, 0, 1, 4, 2, 1, 1, 1, 3, 0, 1]}, null, null, 117, false, [], false, 0, [], null, 0, 1744328631.6919143, 0, {}]
[{"0": [3, 18, 39, 25, 27, 33, 1, 0, 1, 0, 0, 4, 1, 0, 1, 3, 2]}, null, null, 118, false, [], false, 0, [], null, 0, 1744328631.915776, 0, {}]
[{"0": [1, 31, 31, 0, 3, 1, 3, 4, 7, 4, 1, 0, 0, 2, 0, 2, 2]}, null, null, 119, false, [], false, 0, [], null, 0, 1744328632.1162431, 0, {}]
[{"0": [2, 30, 23, 26, 30, 1, 0, 3, 1, 1, 0, 1, 0, 0, 1, 4, 3]}, null, null, 119, false, [], false, 0, [], null, 0, 1744328632.3308837, 0, {}]
[{"0": [2, 29, 1, 1, 0, 1, 0, 4, 1, 0, 0, 1, 3, 3, 2, 1, 0]}, null, null, 120, false, [], false, 0, [], null, 0, 1744328632.563021, 0, {}]
[{"0": [1, 20, 35, 0, 3, 2, 1, 0, 5, 1, 2, 3, 0, 2, 4, 0, 2]}, null, null, 120, false, [], false, 0, [], null, 0, 1744328632.7628617, 0, {}]
[{"0": [30, 35, 3, 1, 1, 1, 0, 1, 2, 1, 1, 1, 7, 5, 1, 4, 1]}, null, null, 121, false, [], false, 0, [], null, 0, 1744328632.9808018, 0, {}]
[{"0": [1, 39, 25, 33, 38, 41, 2, 1, 3, 2, 4, 5, 5, 0, 3, 1, 2]}, null, null, 122, false, [], false, 0, [], null, 0, 1744328633.2121632, 0, {}]
[{"0": [28, 21, 28, 22, 28, 37, 36, 3, 4, 1, 3, 2, 3, 1, 0, 3, 1]}, null, null, 122, false, [], false, 0, [], null, 0, 1744328633.4143565, 0, {}]
[{"0": [5, 0, 3, 0, 3, 0, 4, 1, 1, 0, 0, 4, 1, 5, 2, 5, 1]}, null, null, 123, false, [], false, 0, [], null, 0, 1744328633.6231172, 0, {}]
[{"0": [1, 1, 0, 2, 0, 1, 1, 2, 3, 1, 5, 2, 1, 30, 34, 29, 34]}, null, null, 123, false, [], false, 0, [], null, 0, 1744328633.8560731, 0, {}]
[{"0": [0, 2, 1, 2, 1, 3, 3, 2, 3, 4, 0, 1, 1, 28, 24, 25, 23]}, null, null, 124, false, [], false, 0, [], null, 0, 1744328634.0637727, 0, {}]
[{"0": [2, 33, 32, 29, 34, 1, 6, 2, 5, 2, 1, 1, 4, 1, 2, 2, 3]}, null, null, 125, false, [], false, 0, [], null, 0, 1744328634.301866, 0, {}]
[{"0": [6, 30, 21, 35, 4, 0, 1, 3, 3, 1, 2, 4, 1, 2, 1, 4, 1]}, null, null, 125, false, [], false, 0, [], null, 0, 1744328634.5114665, 0, {}]
[{"0": [3, 35, 29, 37, 4, 0, 0, 4, 0, 1, 2, 2, 3, 2, 0, 2, 2]}, null, null, 126, false, [], false, 0, [], null, 0, 1744328634.7341156, 0, {}]
[{"0": [2, 2, 2, 1, 0, 1, 2, 1, 2, 1, 0, 21, 27, 0, 3, 3, 4]}, null, null, 127, false, [], false, 0, [], null, 0, 1744328634.9349766, 0, {}]
[{"0": [1, 34, 5, 4, 2, 2, 1, 2, 3, 2, 4, 0, 4, 2, 0, 1, 2]}, null, null, 127, false, [], false, 0, [], null, 0, 1744328635.1564791, 0, {}]
[{"0": [1, 30, 33, 19, 33, 33, 37, 24, 34, 22, 3, 1, 0, 1, 0, 1, 3]}, null, null, 128, false, [], false, 0, [], null, 0, 1744328635.3740492, 0, {}]
[{"0": [21, 3, 2, 0, 0, 2, 1, 1, 4, 2, 1, 5, 1, 2, 4, 2, 2]}, null, null, 128, false, [], false, 0, [], null, 0, 1744328635.5845914, 0, {}]
[{"0": [2, 28, 25, 31, 29, 36, 24, 19, 2, 2, 1, 3, 3, 2, 3, 3, 1]}, null, null, 129, false, [], false, 0, [], null, 0, 1744328635.8063433, 0, {}]
[{"0": [1, 39, 33, 27, 30, 29, 25, 30, 15, 27, 2, 1, 1, 4, 1, 1, 1]}, null, null, 130, false, [], false, 0, [], null, 0, 1744328636.0091608, 0, {}]
[{"0": [2, 26, 27, 36, 29, 27, 25, 26, 31, 29, 39, 30, 20, 28, 32, 17, 27]}, null, null, 130, false, [], false, 0, [], null, 0, 1744328636.2342136, 0, {}]
[{"0": [3, 27, 29, 46, 30, 24, 27, 1, 1, 4, 1, 1, 1, 3, 2, 3, 5]}, null, null, 131, false, [], false, 0, [], null, 0, 1744328636.4632034, 0, {}]
[{"0": [1, 22, 23, 1, 0, 2, 1, 0, 0, 2, 1, 2, 2, 2, 3, 4, 5]}, null, null, 131, false, [], false, 0, [], null, 0, 1744328636.664493, 0, {}]
[{"0": [3, 35, 29, 27, 38, 36, 36, 29, 28, 24, 33, 27, 41, 28, 19, 34, 0]}, null, null, 132, false, [], false, 0, [], null, 0, 1744328636.8879814, 0, {}]
[{"0": [0, 3, 1, 0, 1, 2, 0, 3, 2, 4, 3, 1, 1, 1, 2, 1, 3]}, null, null, 133, false, [], false, 0, [], null, 0, 1744328637.1158047, 0, {}]
[{"0": [2, 26, 26, 24, 37, 38, 36, 29, 33, 34, 0, 2, 2, 0, 2, 3, 2]}, null, null, 133, false, [], false, 0, [], null, 0, 1744328637.318289, 0, {}]
[{"0": [2, 21, 1, 1, 3, 0, 1, 2, 1, 4, 2, 1, 2, 2, 1, 3, 1]}, null, null, 134, false, [], false, 0, [], null, 0, 1744328637.5288274, 0, {}]
[{"0": [1, 31, 32, 35, 21, 38, 25, 25, 37, 33, 22, 36, 29, 3, 2, 1, 2]}, null, null, 134, false, [], false, 0, [], null, 0, 1744328637.7617714, 0, {}]
[{"0": [2, 32, 37, 29, 24, 24, 3, 1, 2, 3, 4, 1, 0, 0, 2, 1, 1]}, null, null, 135, false, [], false, 0, [], null, 0, 1744328637.9694672, 0, {}]
[{"0": [1, 27, 34, 34, 25, 38, 32, 35, 1, 2, 0, 2, 0, 1, 2, 0, 1]}, null, null, 136, false, [], false, 0, [], null, 0, 1744328638.2182086, 0, {}]
[{"0": [2, 27, 30, 27, 35, 37, 3, 3, 2, 3, 0, 1, 2, 4, 1, 0, 5]}, null, null, 136, false, [], false, 0, [], null, 0, 1744328638.4059463, 0, {}]
[{"0": [3, 25, 0, 2, 1, 2, 1, 2, 2, 3, 4, 1, 4, 1, 7, 0, 3]}, null, null, 137, false, [], false, 0, [], null, 0, 1744328638.6298325, 0, {}]
[{"0": [25, 2, 2, 3, 2, 3, 1, 2, 1, 1, 2, 2, 3, 7, 2, 1, 1]}, null, null, 137, false, [], false, 0, [], null, 0, 1744328638.8479598, 0, {}]
[{"0": [3, 30, 1, 2, 4, 2, 2, 1, 3, 1, 1, 4, 0, 0, 2, 2, 1]}, null, null, 138, false, [], false, 0, [], null, 0, 1744328639.0614598, 0, {}]
[{"0": [2, 29, 2, 0, 1, 1, 2, 1, 2, 2, 1, 2, 0, 1, 5, 7, 3]}, null, null, 139, false, [], false, 0, [], null, 0, 1744328639.2849317, 0, {}]
[{"0": [4, 35, 35, 31, 5, 3, 4, 2, 2, 2, 0, 3, 0, 1, 1, 2, 6]}, null, null, 139, false, [], false, 0, [], null, 0, 1744328639.4909427, 0, {}]
[{"0": [2, 33, 38, 30, 23, 32, 0, 3, 0, 3, 1, 2, 7, 0, 3, 5, 3]}, null, null, 140, false, [], false, 0, [], null, 0, 1744328639.7042294, 0, {}]
[{"0": [1, 27, 21, 33, 33, 29, 35, 28, 27, 23, 27, 25, 3, 3, 0, 2, 2]}, null, null, 140, false, [], false, 0, [], null, 0, 1744328639.928732, 0, {}]
[{"0": [2, 22, 41, 2, 3, 1, 0, 1, 1, 1, 0, 3, 1, 1, 1, 3, 1]}, null, null, 141, false, [], false, 0, [], null, 0, 1744328640.1503742, 0, {}]
[{"0": [2, 33, 31, 0, 2, 1, 1, 0, 3, 2, 0, 1, 2, 0, 4, 0, 1]}, null, null, 142, false, [], false, 0, [], null, 0, 1744328640.3653631, 0, {}]
[{"0": [3, 1, 0, 3, 0, 2, 0, 0, 3, 1, 33, 23, 25, 29, 31, 17, 35]}, null, null, 142, false, [], false, 0, [], null, 0, 1744328640.5753202, 0, {}]
[{"0": [1, 25, 30, 35, 23, 26, 2, 3, 1, 4, 3, 1, 3, 3, 2, 3, 4]}, null, null, 143, false, [], false, 0, [], null, 0, 1744328640.790324, 0, {}]
[{"0": [0, 30, 2, 1, 1, 1, 3, 2, 2, 1, 0, 1, 2, 3, 3, 1, 1]}, null, null, 143, false, [], false, 0, [], null, 0, 1744328640.9990752, 0, {}]
[{"0": [2, 31, 26, 25, 40, 27, 37, 26, 2, 2, 2, 2, 1, 1, 3, 3, 1]}, null, null, 144, false, [], false, 0, [], null, 0, 1744328641.2312198, 0, {}]
[{"0": [4, 26, 28, 21, 28, 1, 3, 2, 6, 0, 0, 1, 3, 2, 2, 4, 2]}, null, null, 145, false, [], false, 0, [], null, 0, 1744328641.4313948, 0, {}]
[{"0": [4, 34, 1, 2, 1, 2, 0, 0, 1, 3, 3, 1, 1, 1, 0, 2, 0]}, null, null, 145, false, [], false, 0, [], null, 0, 1744328641.6608114, 0, {}]
[{"0": [1, 24, 31, 19, 30, 31, 30, 4, 1, 2, 2, 3, 1, 4, 2, 0, 2]}, null, null, 146, false, [], false, 0, [], null, 0, 1744328641.8770897, 0, {}]
[{"0": [1, 1, 2, 3, 1, 1, 2, 4, 4, 3, 3, 2, 4, 2, 0, 2, 1]}, null, null, 146, false, [], false, 0, [], null, 0, 1744328642.0832872, 0, {}]
[{"0": [3, 1, 1, 30, 29, 31, 1, 6, 2, 4, 5, 1, 3, 1, 2, 0, 4]}, null, null, 147, false, [], false, 0, [], null, 0, 1744328642.3162568, 0, {}]
[{"0": [1, 31, 17, 2, 1, 2, 2, 3, 1, 1, 4, 2, 4, 1, 2, 3, 1]}, null, null, 148, false, [], false, 0, [], null, 0, 1744328642.536895, 0, {}]
[{"0": [0, 30, 25, 31, 32, 0, 3, 1, 1, 3, 3, 3, 3, 0, 1, 0, 1]}, null, null, 148, false, [], false, 0, [], null, 0, 1744328642.750723, 0, {}]
[{"0": [8, 31, 24, 2, 3, 1, 3, 0, 2, 2, 4, 3, 3, 1, 1, 2, 4]}, null, null, 149, false, [], false, 0, [], null, 0, 1744328642.9619653, 0, {}]
[{"0": [3, 27, 30, 25, 21, 26, 26, 0, 5, 0, 0, 2, 3, 1, 2, 1, 2]}, null, null, 149, false, [], false, 0, [], null, 0, 1744328643.1751373, 0, {}]
[{"0": [2, 0, 2, 4, 2, 1, 0, 4, 2, 3, 0, 26, 30, 29, 33, 30, 25]}, null, null, 150, true, [], false, 0, [], null, 0, 1744328643.3879328, 0, {}]
