[{"0": [3, 25, 28, 28, 43, 34, 36, 37, 36, 38, 2, 3, 3, 3, 0]}, null, null, 0, false, [], false, 0, [], null, 0, 1744307864.7122247, 0, {}]
[{"0": [0, 1, 0, 1, 2, 1, 2, 2, 1, 6, 2, 1, 2, 2, 36]}, null, null, 1, false, [], false, 0, [], null, 0, 1744307864.9181323, 0, {}]
[{"0": [3, 34, 31, 30, 34, 32, 1, 0, 2, 3, 0, 0, 0, 1, 4]}, null, null, 1, false, [], false, 0, [], null, 0, 1744307865.1126158, 0, {}]
[{"0": [4, 2, 3, 3, 1, 35, 35, 22, 5, 2, 3, 1, 2, 3, 3]}, null, null, 2, false, [], false, 0, [], null, 0, 1744307865.324981, 0, {}]
[{"0": [2, 34, 35, 25, 40, 33, 33, 1, 1, 0, 1, 4, 2, 1, 2]}, null, null, 2, false, [], false, 0, [], null, 0, 1744307865.51384, 0, {}]
[{"0": [1, 1, 2, 38, 28, 1, 1, 3, 0, 5, 4, 1, 1, 4, 1]}, null, null, 3, false, [], false, 0, [], null, 0, 1744307865.724023, 0, {}]
[{"0": [3, 38, 3, 0, 1, 0, 1, 1, 3, 2, 2, 2, 1, 1, 3]}, null, null, 4, false, [], false, 0, [], null, 0, 1744307865.9184134, 0, {}]
[{"0": [2, 2, 0, 0, 43, 33, 29, 30, 30, 31, 32, 2, 2, 0, 1]}, null, null, 4, false, [], false, 0, [], null, 0, 1744307866.129207, 0, {}]
[{"0": [1, 40, 1, 1, 3, 6, 3, 4, 5, 4, 2, 4, 3, 1, 3]}, null, null, 5, false, [], false, 0, [], null, 0, 1744307866.3095362, 0, {}]
[{"0": [1, 0, 3, 41, 35, 39, 36, 30, 31, 23, 41, 1, 3, 2, 2]}, null, null, 5, false, [], false, 0, [], null, 0, 1744307866.5293844, 0, {}]
[{"0": [2, 1, 3, 36, 26, 40, 27, 1, 1, 1, 2, 1, 3, 2, 1]}, null, null, 6, false, [], false, 0, [], null, 0, 1744307866.7085063, 0, {}]
[{"0": [2, 3, 2, 1, 0, 24, 44, 0, 2, 1, 1, 0, 0, 0, 2]}, null, null, 7, false, [], false, 0, [], null, 0, 1744307866.9263756, 0, {}]
[{"0": [1, 1, 3, 1, 0, 2, 2, 2, 4, 1, 4, 1, 41, 1, 5]}, null, null, 7, false, [], false, 0, [], null, 0, 1744307867.1224802, 0, {}]
[{"0": [1, 32, 41, 29, 47, 35, 2, 0, 2, 1, 2, 1, 4, 4, 2]}, null, null, 8, false, [], false, 0, [], null, 0, 1744307867.3189874, 0, {}]
[{"0": [3, 1, 1, 1, 6, 26, 32, 35, 29, 35, 22, 29, 39, 31, 31]}, null, null, 8, false, [], false, 0, [], null, 0, 1744307867.5246227, 0, {}]
[{"0": [2, 0, 33, 32, 35, 45, 44, 34, 36, 21, 35, 37, 38, 28, 38]}, null, null, 9, false, [], false, 0, [], null, 0, 1744307867.7193887, 0, {}]
[{"0": [2, 31, 37, 29, 6, 0, 2, 0, 0, 2, 3, 3, 2, 0, 2]}, null, null, 10, false, [], false, 0, [], null, 0, 1744307867.9204385, 0, {}]
[{"0": [1, 29, 3, 1, 3, 3, 4, 3, 0, 3, 1, 3, 3, 4, 1]}, null, null, 10, false, [], false, 0, [], null, 0, 1744307868.1311712, 0, {}]
[{"0": [2, 2, 0, 3, 0, 3, 2, 3, 4, 31, 3, 0, 0, 1, 3]}, null, null, 11, false, [], false, 0, [], null, 0, 1744307868.3095639, 0, {}]
[{"0": [1, 26, 31, 41, 38, 31, 26, 0, 0, 0, 2, 0, 0, 4, 0]}, null, null, 11, false, [], false, 0, [], null, 0, 1744307868.5256653, 0, {}]
[{"0": [2, 27, 29, 27, 28, 2, 1, 1, 7, 1, 1, 1, 2, 3, 3]}, null, null, 12, false, [], false, 0, [], null, 0, 1744307868.7312994, 0, {}]
[{"0": [3, 5, 32, 33, 47, 2, 1, 2, 2, 0, 1, 1, 0, 1, 2]}, null, null, 13, false, [], false, 0, [], null, 0, 1744307868.9297812, 0, {}]
[{"0": [1, 2, 32, 42, 32, 37, 34, 39, 27, 2, 4, 1, 1, 1, 3]}, null, null, 13, false, [], false, 0, [], null, 0, 1744307869.1296983, 0, {}]
[{"0": [2, 1, 1, 0, 2, 41, 31, 40, 30, 34, 2, 4, 4, 2, 0]}, null, null, 14, false, [], false, 0, [], null, 0, 1744307869.330243, 0, {}]
[{"0": [4, 4, 2, 0, 1, 3, 2, 1, 0, 34, 40, 48, 42, 42, 40]}, null, null, 14, false, [], false, 0, [], null, 0, 1744307869.5093708, 0, {}]
[{"0": [4, 0, 1, 39, 32, 26, 40, 37, 43, 37, 31, 29, 1, 5, 1]}, null, null, 15, false, [], false, 0, [], null, 0, 1744307869.7175157, 0, {}]
[{"0": [1, 1, 4, 0, 2, 1, 1, 2, 0, 1, 2, 1, 1, 0, 43]}, null, null, 16, false, [], false, 0, [], null, 0, 1744307869.9254253, 0, {}]
[{"0": [1, 0, 1, 2, 33, 5, 2, 2, 0, 1, 2, 1, 1, 0, 3]}, null, null, 16, false, [], false, 0, [], null, 0, 1744307870.1175277, 0, {}]
[{"0": [3, 1, 3, 3, 3, 1, 1, 3, 0, 2, 2, 23, 35, 33, 0]}, null, null, 17, false, [], false, 0, [], null, 0, 1744307870.309812, 0, {}]
[{"0": [3, 0, 3, 35, 34, 28, 0, 1, 0, 22, 30, 34, 34, 34, 35]}, null, null, 17, false, [], false, 0, [], null, 0, 1744307870.516205, 0, {}]
[{"0": [2, 33, 33, 21, 33, 1, 2, 1, 1, 4, 1, 3, 2, 3, 5]}, null, null, 18, false, [], false, 0, [], null, 0, 1744307870.7323387, 0, {}]
[{"0": [3, 0, 0, 36, 32, 1, 1, 2, 0, 2, 1, 2, 3, 1, 1]}, null, null, 19, false, [], false, 0, [], null, 0, 1744307870.9315665, 0, {}]
[{"0": [0, 42, 42, 39, 30, 35, 44, 1, 3, 2, 3, 0, 1, 1, 2]}, null, null, 19, false, [], false, 0, [], null, 0, 1744307871.1150172, 0, {}]
[{"0": [3, 31, 1, 3, 0, 4, 1, 1, 1, 2, 0, 1, 3, 3, 3]}, null, null, 20, false, [], false, 0, [], null, 0, 1744307871.3278944, 0, {}]
[{"0": [0, 3, 4, 2, 1, 33, 35, 40, 1, 4, 3, 0, 2, 4, 1]}, null, null, 20, false, [], false, 0, [], null, 0, 1744307871.523528, 0, {}]
[{"0": [3, 35, 39, 3, 2, 1, 0, 1, 2, 1, 2, 1, 3, 5, 0]}, null, null, 21, false, [], false, 0, [], null, 0, 1744307871.7182343, 0, {}]
[{"0": [5, 0, 0, 3, 1, 1, 3, 1, 0, 2, 2, 1, 33, 3, 4]}, null, null, 22, false, [], false, 0, [], null, 0, 1744307871.9105546, 0, {}]
[{"0": [0, 0, 0, 2, 1, 1, 3, 1, 42, 30, 33, 39, 30, 28, 38]}, null, null, 22, false, [], false, 0, [], null, 0, 1744307872.1227274, 0, {}]
[{"0": [2, 0, 1, 31, 3, 1, 2, 1, 3, 4, 2, 1, 2, 1, 1]}, null, null, 23, false, [], false, 0, [], null, 0, 1744307872.3129578, 0, {}]
[{"0": [1, 37, 32, 1, 1, 2, 2, 2, 5, 3, 0, 1, 0, 1, 0]}, null, null, 23, false, [], false, 0, [], null, 0, 1744307872.5226896, 0, {}]
[{"0": [6, 47, 36, 1, 2, 5, 2, 3, 2, 3, 2, 1, 3, 3, 3]}, null, null, 24, false, [], false, 0, [], null, 0, 1744307872.7115614, 0, {}]
[{"0": [5, 2, 2, 1, 41, 34, 32, 35, 3, 3, 1, 1, 3, 3, 2]}, null, null, 25, false, [], false, 0, [], null, 0, 1744307872.9289696, 0, {}]
[{"0": [1, 33, 24, 32, 30, 0, 1, 1, 2, 2, 1, 0, 3, 6, 3]}, null, null, 25, false, [], false, 0, [], null, 0, 1744307873.113261, 0, {}]
[{"0": [2, 3, 3, 2, 1, 2, 2, 7, 2, 1, 2, 2, 4, 2, 33]}, null, null, 26, false, [], false, 0, [], null, 0, 1744307873.3292842, 0, {}]
[{"0": [2, 1, 3, 31, 3, 1, 2, 5, 2, 3, 1, 5, 3, 2, 3]}, null, null, 27, false, [], false, 0, [], null, 0, 1744307873.524601, 0, {}]
[{"0": [0, 1, 2, 3, 2, 31, 46, 37, 38, 37, 35, 1, 0, 5, 3]}, null, null, 27, false, [], false, 0, [], null, 0, 1744307873.7298338, 0, {}]
[{"0": [2, 2, 1, 33, 27, 39, 38, 34, 44, 1, 1, 3, 2, 2, 1]}, null, null, 28, false, [], false, 0, [], null, 0, 1744307873.922037, 0, {}]
[{"0": [2, 29, 3, 3, 3, 1, 2, 3, 1, 0, 2, 1, 5, 2, 2]}, null, null, 28, false, [], false, 0, [], null, 0, 1744307874.1277716, 0, {}]
[{"0": [0, 3, 3, 1, 1, 40, 2, 3, 1, 1, 2, 3, 0, 3, 1]}, null, null, 29, false, [], false, 0, [], null, 0, 1744307874.3226876, 0, {}]
[{"0": [1, 33, 43, 3, 4, 1, 2, 2, 2, 1, 1, 0, 1, 2, 3]}, null, null, 30, false, [], false, 0, [], null, 0, 1744307874.516948, 0, {}]
[{"0": [0, 31, 1, 3, 3, 2, 3, 4, 1, 4, 1, 2, 1, 4, 2]}, null, null, 30, false, [], false, 0, [], null, 0, 1744307874.7215343, 0, {}]
[{"0": [2, 1, 33, 36, 38, 3, 2, 4, 0, 0, 3, 6, 2, 3, 2]}, null, null, 31, false, [], false, 0, [], null, 0, 1744307874.9125743, 0, {}]
[{"0": [1, 36, 35, 51, 27, 28, 37, 32, 33, 24, 39, 31, 4, 4, 6]}, null, null, 31, false, [], false, 0, [], null, 0, 1744307875.122247, 0, {}]
[{"0": [3, 1, 1, 2, 1, 0, 2, 0, 2, 0, 0, 1, 1, 3, 32]}, null, null, 32, false, [], false, 0, [], null, 0, 1744307875.3134294, 0, {}]
[{"0": [1, 1, 2, 1, 5, 1, 3, 1, 1, 39, 37, 31, 34, 1, 3]}, null, null, 33, false, [], false, 0, [], null, 0, 1744307875.5142329, 0, {}]
[{"0": [3, 41, 40, 38, 37, 2, 1, 4, 2, 2, 0, 2, 1, 3, 0]}, null, null, 33, false, [], false, 0, [], null, 0, 1744307875.722039, 0, {}]
[{"0": [1, 34, 4, 2, 1, 1, 2, 0, 1, 2, 4, 2, 1, 0, 2]}, null, null, 34, false, [], false, 0, [], null, 0, 1744307875.9176843, 0, {}]
[{"0": [2, 3, 3, 3, 2, 2, 0, 2, 3, 0, 1, 1, 1, 3, 0]}, null, null, 34, false, [], false, 0, [], null, 0, 1744307876.114585, 0, {}]
[{"0": [1, 31, 47, 36, 29, 33, 33, 3, 3, 1, 2, 2, 0, 4, 2]}, null, null, 35, false, [], false, 0, [], null, 0, 1744307876.3293335, 0, {}]
[{"0": [1, 1, 3, 36, 29, 2, 3, 1, 1, 0, 3, 4, 1, 4, 0]}, null, null, 36, false, [], false, 0, [], null, 0, 1744307876.5135522, 0, {}]
[{"0": [0, 1, 1, 30, 26, 29, 25, 31, 38, 22, 1, 3, 4, 4, 0]}, null, null, 36, false, [], false, 0, [], null, 0, 1744307876.7181025, 0, {}]
[{"0": [1, 1, 1, 3, 0, 28, 1, 4, 3, 1, 2, 0, 3, 1, 1]}, null, null, 37, false, [], false, 0, [], null, 0, 1744307876.918246, 0, {}]
[{"0": [1, 31, 4, 1, 2, 0, 1, 1, 2, 2, 2, 1, 2, 3, 1]}, null, null, 37, false, [], false, 0, [], null, 0, 1744307877.1162794, 0, {}]
[{"0": [0, 3, 3, 41, 34, 35, 47, 28, 30, 39, 41, 0, 2, 0, 0]}, null, null, 38, false, [], false, 0, [], null, 0, 1744307877.317855, 0, {}]
[{"0": [3, 0, 0, 0, 1, 32, 34, 33, 30, 37, 0, 2, 2, 2, 1]}, null, null, 39, false, [], false, 0, [], null, 0, 1744307877.5166912, 0, {}]
[{"0": [1, 0, 0, 32, 42, 24, 1, 1, 4, 0, 1, 3, 2, 2, 2]}, null, null, 39, false, [], false, 0, [], null, 0, 1744307877.7203195, 0, {}]
[{"0": [2, 32, 1, 2, 3, 1, 4, 0, 2, 0, 0, 3, 1, 3, 2]}, null, null, 40, false, [], false, 0, [], null, 0, 1744307877.9174068, 0, {}]
[{"0": [2, 1, 0, 0, 4, 2, 2, 2, 4, 3, 1, 5, 2, 36, 34]}, null, null, 40, false, [], false, 0, [], null, 0, 1744307878.1110175, 0, {}]
[{"0": [1, 38, 0, 3, 2, 1, 2, 3, 1, 3, 1, 2, 3, 5, 1]}, null, null, 41, false, [], false, 0, [], null, 0, 1744307878.3141341, 0, {}]
[{"0": [2, 3, 1, 29, 3, 2, 1, 2, 1, 1, 0, 1, 2, 4, 5]}, null, null, 42, false, [], false, 0, [], null, 0, 1744307878.5325131, 0, {}]
[{"0": [0, 3, 5, 0, 2, 1, 0, 2, 2, 3, 2, 3, 2, 3, 25]}, null, null, 42, false, [], false, 0, [], null, 0, 1744307878.7344031, 0, {}]
[{"0": [3, 46, 30, 37, 31, 5, 1, 3, 2, 2, 3, 1, 1, 2, 1]}, null, null, 43, false, [], false, 0, [], null, 0, 1744307878.9136803, 0, {}]
[{"0": [3, 37, 29, 3, 1, 3, 3, 0, 1, 0, 2, 2, 1, 1, 2]}, null, null, 43, false, [], false, 0, [], null, 0, 1744307879.130472, 0, {}]
[{"0": [4, 2, 3, 1, 3, 2, 2, 0, 3, 5, 5, 3, 1, 6, 33]}, null, null, 44, false, [], false, 0, [], null, 0, 1744307879.3317084, 0, {}]
[{"0": [0, 35, 33, 28, 26, 36, 26, 33, 32, 33, 36, 43, 27, 46, 30]}, null, null, 45, false, [], false, 0, [], null, 0, 1744307879.512509, 0, {}]
[{"0": [4, 36, 35, 26, 26, 39, 37, 43, 33, 33, 2, 2, 1, 5, 0]}, null, null, 45, false, [], false, 0, [], null, 0, 1744307879.716044, 0, {}]
[{"0": [2, 1, 1, 32, 2, 2, 5, 2, 0, 2, 2, 2, 2, 2, 2]}, null, null, 46, false, [], false, 0, [], null, 0, 1744307879.9178345, 0, {}]
[{"0": [1, 3, 2, 1, 2, 4, 1, 1, 1, 2, 4, 1, 1, 1, 37]}, null, null, 46, false, [], false, 0, [], null, 0, 1744307880.1139455, 0, {}]
[{"0": [1, 0, 1, 3, 2, 0, 1, 3, 1, 3, 0, 2, 2, 32, 31]}, null, null, 47, false, [], false, 0, [], null, 0, 1744307880.317859, 0, {}]
[{"0": [2, 31, 36, 39, 0, 1, 1, 2, 0, 3, 1, 1, 0, 2, 4]}, null, null, 48, false, [], false, 0, [], null, 0, 1744307880.5285592, 0, {}]
[{"0": [3, 35, 25, 39, 37, 35, 45, 2, 0, 4, 2, 2, 2, 1, 2]}, null, null, 48, false, [], false, 0, [], null, 0, 1744307880.7215188, 0, {}]
[{"0": [0, 3, 37, 41, 30, 31, 40, 36, 5, 3, 1, 7, 2, 1, 1]}, null, null, 49, false, [], false, 0, [], null, 0, 1744307880.917508, 0, {}]
[{"0": [3, 35, 2, 2, 2, 4, 2, 0, 3, 2, 2, 0, 4, 4, 5]}, null, null, 49, false, [], false, 0, [], null, 0, 1744307881.1171305, 0, {}]
[{"0": [3, 4, 3, 4, 1, 27, 34, 28, 1, 2, 2, 2, 2, 0, 5]}, null, null, 50, false, [], false, 0, [], null, 0, 1744307881.3302503, 0, {}]
[{"0": [1, 1, 0, 1, 1, 3, 1, 0, 2, 2, 4, 3, 3, 2, 35]}, null, null, 51, false, [], false, 0, [], null, 0, 1744307881.523284, 0, {}]
[{"0": [0, 34, 24, 58, 44, 1, 2, 1, 1, 4, 0, 3, 1, 0, 3]}, null, null, 51, false, [], false, 0, [], null, 0, 1744307881.7271698, 0, {}]
[{"0": [0, 3, 0, 0, 3, 4, 5, 4, 2, 3, 3, 6, 2, 1, 38]}, null, null, 52, false, [], false, 0, [], null, 0, 1744307881.913637, 0, {}]
[{"0": [2, 1, 1, 4, 2, 36, 0, 1, 2, 5, 4, 2, 2, 2, 3]}, null, null, 52, false, [], false, 0, [], null, 0, 1744307882.1315827, 0, {}]
[{"0": [0, 36, 43, 43, 0, 1, 3, 3, 2, 1, 2, 5, 0, 4, 1]}, null, null, 53, false, [], false, 0, [], null, 0, 1744307882.3316114, 0, {}]
[{"0": [4, 27, 46, 31, 30, 36, 2, 3, 3, 3, 0, 0, 3, 1, 1]}, null, null, 54, false, [], false, 0, [], null, 0, 1744307882.5124962, 0, {}]
[{"0": [0, 0, 1, 2, 4, 2, 2, 3, 0, 2, 1, 1, 0, 2, 35]}, null, null, 54, false, [], false, 0, [], null, 0, 1744307882.7378986, 0, {}]
[{"0": [1, 37, 42, 21, 1, 1, 1, 1, 0, 2, 4, 4, 0, 2, 3]}, null, null, 55, false, [], false, 0, [], null, 0, 1744307882.9168158, 0, {}]
[{"0": [1, 2, 3, 2, 1, 1, 40, 33, 0, 0, 2, 0, 1, 3, 0]}, null, null, 55, false, [], false, 0, [], null, 0, 1744307883.1300805, 0, {}]
[{"0": [3, 0, 2, 6, 4, 2, 1, 4, 1, 1, 0, 0, 5, 2, 28]}, null, null, 56, false, [], false, 0, [], null, 0, 1744307883.3129966, 0, {}]
[{"0": [1, 32, 16, 27, 35, 30, 33, 27, 3, 1, 2, 1, 5, 1, 1]}, null, null, 57, false, [], false, 0, [], null, 0, 1744307883.5328202, 0, {}]
[{"0": [2, 31, 37, 43, 26, 29, 35, 45, 25, 1, 3, 1, 2, 1, 2]}, null, null, 57, false, [], false, 0, [], null, 0, 1744307883.7337742, 0, {}]
[{"0": [0, 3, 4, 31, 34, 24, 33, 33, 39, 35, 44, 32, 32, 31, 30]}, null, null, 58, false, [], false, 0, [], null, 0, 1744307883.9337852, 0, {}]
[{"0": [0, 1, 2, 3, 1, 1, 4, 0, 1, 4, 1, 1, 1, 1, 25]}, null, null, 58, false, [], false, 0, [], null, 0, 1744307884.1335375, 0, {}]
[{"0": [5, 1, 0, 2, 3, 2, 1, 34, 26, 5, 4, 3, 5, 1, 1]}, null, null, 59, false, [], false, 0, [], null, 0, 1744307884.3381405, 0, {}]
[{"0": [2, 26, 2, 3, 0, 0, 3, 4, 2, 0, 6, 3, 1, 4, 2]}, null, null, 60, false, [], false, 0, [], null, 0, 1744307884.5223594, 0, {}]
[{"0": [1, 40, 31, 35, 36, 39, 40, 21, 4, 2, 3, 2, 3, 4, 1]}, null, null, 60, false, [], false, 0, [], null, 0, 1744307884.725732, 0, {}]
[{"0": [2, 29, 35, 38, 4, 2, 1, 4, 0, 0, 5, 1, 2, 3, 3]}, null, null, 61, false, [], false, 0, [], null, 0, 1744307884.934546, 0, {}]
[{"0": [1, 38, 34, 22, 30, 27, 26, 27, 29, 32, 33, 33, 32, 33, 32]}, null, null, 61, false, [], false, 0, [], null, 0, 1744307885.124764, 0, {}]
[{"0": [1, 34, 39, 37, 31, 2, 1, 0, 1, 3, 0, 1, 0, 0, 2]}, null, null, 62, false, [], false, 0, [], null, 0, 1744307885.3145728, 0, {}]
[{"0": [2, 3, 2, 2, 2, 3, 2, 4, 3, 0, 2, 4, 49, 26, 45]}, null, null, 63, false, [], false, 0, [], null, 0, 1744307885.513094, 0, {}]
[{"0": [3, 36, 31, 37, 34, 36, 34, 28, 4, 1, 2, 4, 0, 2, 2]}, null, null, 63, false, [], false, 0, [], null, 0, 1744307885.72883, 0, {}]
[{"0": [4, 39, 1, 2, 1, 5, 3, 0, 3, 2, 0, 1, 1, 1, 5]}, null, null, 64, false, [], false, 0, [], null, 0, 1744307885.9154084, 0, {}]
[{"0": [4, 2, 1, 3, 4, 3, 1, 3, 5, 2, 2, 3, 1, 1, 34]}, null, null, 64, false, [], false, 0, [], null, 0, 1744307886.1176338, 0, {}]
[{"0": [3, 1, 1, 0, 3, 0, 1, 2, 6, 3, 1, 32, 35, 28, 41]}, null, null, 65, false, [], false, 0, [], null, 0, 1744307886.3330457, 0, {}]
[{"0": [2, 35, 35, 37, 46, 0, 0, 2, 1, 3, 2, 2, 0, 3, 2]}, null, null, 66, false, [], false, 0, [], null, 0, 1744307886.5326798, 0, {}]
[{"0": [2, 1, 1, 0, 38, 0, 8, 4, 0, 2, 1, 2, 3, 3, 1]}, null, null, 66, false, [], false, 0, [], null, 0, 1744307886.7297275, 0, {}]
[{"0": [0, 36, 21, 1, 1, 0, 1, 1, 1, 2, 4, 3, 1, 1, 3]}, null, null, 67, false, [], false, 0, [], null, 0, 1744307886.9308233, 0, {}]
[{"0": [1, 37, 2, 0, 2, 0, 1, 0, 3, 0, 1, 1, 1, 1, 2]}, null, null, 67, false, [], false, 0, [], null, 0, 1744307887.1292737, 0, {}]
[{"0": [3, 1, 1, 0, 2, 2, 3, 2, 3, 1, 2, 3, 1, 1, 45]}, null, null, 68, false, [], false, 0, [], null, 0, 1744307887.329822, 0, {}]
[{"0": [1, 30, 42, 34, 31, 41, 32, 27, 33, 33, 2, 1, 4, 0, 0]}, null, null, 69, false, [], false, 0, [], null, 0, 1744307887.533303, 0, {}]
[{"0": [4, 2, 6, 1, 0, 1, 2, 0, 1, 2, 1, 1, 4, 2, 1]}, null, null, 69, false, [], false, 0, [], null, 0, 1744307887.7337556, 0, {}]
[{"0": [4, 27, 27, 20, 35, 36, 30, 3, 1, 2, 1, 0, 1, 2, 2]}, null, null, 70, false, [], false, 0, [], null, 0, 1744307887.9137197, 0, {}]
[{"0": [1, 33, 27, 24, 30, 3, 0, 1, 3, 1, 2, 1, 2, 3, 5]}, null, null, 70, false, [], false, 0, [], null, 0, 1744307888.133592, 0, {}]
[{"0": [3, 1, 0, 0, 5, 1, 0, 37, 1, 3, 1, 0, 2, 4, 2]}, null, null, 71, false, [], false, 0, [], null, 0, 1744307888.3285515, 0, {}]
[{"0": [2, 36, 2, 0, 0, 3, 2, 3, 3, 4, 2, 3, 5, 3, 1]}, null, null, 72, false, [], false, 0, [], null, 0, 1744307888.5291672, 0, {}]
[{"0": [2, 27, 3, 2, 3, 0, 4, 1, 0, 2, 1, 1, 2, 5, 1]}, null, null, 72, false, [], false, 0, [], null, 0, 1744307888.7186358, 0, {}]
[{"0": [1, 3, 0, 4, 3, 5, 2, 3, 3, 2, 5, 31, 28, 45, 40]}, null, null, 73, false, [], false, 0, [], null, 0, 1744307888.9223492, 0, {}]
[{"0": [0, 22, 0, 2, 2, 1, 1, 1, 3, 1, 0, 1, 4, 6, 7]}, null, null, 73, false, [], false, 0, [], null, 0, 1744307889.1185775, 0, {}]
[{"0": [0, 0, 3, 2, 0, 1, 1, 29, 30, 35, 46, 35, 27, 27, 30]}, null, null, 74, false, [], false, 0, [], null, 0, 1744307889.3322756, 0, {}]
[{"0": [1, 1, 1, 1, 1, 1, 0, 3, 1, 1, 2, 1, 1, 0, 29]}, null, null, 75, false, [], false, 0, [], null, 0, 1744307889.5288863, 0, {}]
[{"0": [0, 40, 0, 0, 1, 2, 1, 1, 2, 1, 3, 0, 1, 1, 2]}, null, null, 75, false, [], false, 0, [], null, 0, 1744307889.7277339, 0, {}]
[{"0": [2, 38, 37, 31, 30, 36, 36, 31, 38, 1, 2, 1, 1, 2, 4]}, null, null, 76, false, [], false, 0, [], null, 0, 1744307889.9323363, 0, {}]
[{"0": [2, 3, 4, 0, 3, 0, 0, 38, 3, 0, 2, 1, 1, 2, 4]}, null, null, 77, false, [], false, 0, [], null, 0, 1744307890.1278193, 0, {}]
[{"0": [1, 2, 3, 2, 0, 1, 1, 3, 5, 2, 1, 0, 3, 2, 33]}, null, null, 77, false, [], false, 0, [], null, 0, 1744307890.318696, 0, {}]
[{"0": [1, 32, 34, 27, 31, 36, 33, 3, 4, 0, 0, 1, 1, 4, 1]}, null, null, 78, false, [], false, 0, [], null, 0, 1744307890.5330925, 0, {}]
[{"0": [2, 34, 1, 2, 3, 1, 3, 4, 1, 1, 1, 0, 2, 1, 1]}, null, null, 78, false, [], false, 0, [], null, 0, 1744307890.7322361, 0, {}]
[{"0": [1, 2, 1, 43, 42, 1, 1, 0, 4, 0, 1, 2, 4, 4, 1]}, null, null, 79, false, [], false, 0, [], null, 0, 1744307890.9308782, 0, {}]
[{"0": [0, 33, 31, 33, 3, 1, 2, 3, 1, 1, 3, 1, 2, 1, 1]}, null, null, 80, false, [], false, 0, [], null, 0, 1744307891.1302032, 0, {}]
[{"0": [2, 1, 1, 2, 2, 0, 6, 3, 1, 0, 1, 2, 0, 1, 31]}, null, null, 80, false, [], false, 0, [], null, 0, 1744307891.3340387, 0, {}]
[{"0": [0, 3, 2, 3, 1, 4, 1, 1, 0, 1, 2, 1, 45, 37, 28]}, null, null, 81, false, [], false, 0, [], null, 0, 1744307891.5147853, 0, {}]
[{"0": [1, 1, 2, 3, 2, 2, 4, 32, 43, 3, 0, 2, 3, 2, 0]}, null, null, 81, false, [], false, 0, [], null, 0, 1744307891.721875, 0, {}]
[{"0": [1, 27, 26, 33, 2, 2, 1, 1, 3, 3, 2, 4, 2, 3, 1]}, null, null, 82, false, [], false, 0, [], null, 0, 1744307891.933869, 0, {}]
[{"0": [4, 0, 28, 39, 31, 26, 2, 2, 3, 3, 0, 2, 0, 3, 1]}, null, null, 83, false, [], false, 0, [], null, 0, 1744307892.1138318, 0, {}]
[{"0": [2, 1, 2, 2, 3, 1, 1, 3, 2, 1, 4, 1, 3, 1, 35]}, null, null, 83, false, [], false, 0, [], null, 0, 1744307892.316402, 0, {}]
[{"0": [3, 31, 37, 3, 2, 2, 0, 1, 2, 1, 1, 6, 3, 1, 1]}, null, null, 84, false, [], false, 0, [], null, 0, 1744307892.5310986, 0, {}]
[{"0": [39, 49, 40, 1, 4, 3, 2, 7, 0, 2, 1, 2, 3, 1, 3]}, null, null, 84, false, [], false, 0, [], null, 0, 1744307892.7312179, 0, {}]
[{"0": [1, 0, 1, 35, 2, 4, 0, 0, 0, 2, 3, 5, 4, 6, 2]}, null, null, 85, false, [], false, 0, [], null, 0, 1744307892.9285686, 0, {}]
[{"0": [3, 33, 43, 32, 25, 27, 31, 35, 32, 1, 4, 4, 2, 1, 2]}, null, null, 86, false, [], false, 0, [], null, 0, 1744307893.1216989, 0, {}]
[{"0": [2, 0, 1, 0, 1, 1, 1, 1, 3, 1, 2, 1, 1, 2, 43]}, null, null, 86, false, [], false, 0, [], null, 0, 1744307893.3308778, 0, {}]
[{"0": [1, 30, 37, 36, 39, 46, 28, 42, 32, 38, 31, 34, 35, 19, 37]}, null, null, 87, false, [], false, 0, [], null, 0, 1744307893.5181553, 0, {}]
[{"0": [2, 1, 0, 1, 2, 3, 1, 3, 2, 1, 2, 0, 1, 1, 3]}, null, null, 87, false, [], false, 0, [], null, 0, 1744307893.7322645, 0, {}]
[{"0": [1, 38, 30, 28, 32, 46, 27, 31, 39, 20, 26, 39, 1, 0, 1]}, null, null, 88, false, [], false, 0, [], null, 0, 1744307893.936081, 0, {}]
[{"0": [1, 4, 1, 2, 0, 4, 2, 4, 3, 2, 1, 4, 1, 4, 41]}, null, null, 89, false, [], false, 0, [], null, 0, 1744307894.1314342, 0, {}]
[{"0": [2, 2, 0, 2, 4, 0, 1, 2, 2, 3, 1, 3, 2, 0, 40]}, null, null, 89, false, [], false, 0, [], null, 0, 1744307894.3334627, 0, {}]
[{"0": [5, 2, 1, 0, 4, 31, 38, 42, 2, 3, 1, 3, 3, 2, 2]}, null, null, 90, false, [], false, 0, [], null, 0, 1744307894.515748, 0, {}]
[{"0": [1, 3, 2, 1, 0, 2, 1, 1, 3, 3, 40, 0, 1, 1, 1]}, null, null, 90, false, [], false, 0, [], null, 0, 1744307894.725294, 0, {}]
[{"0": [2, 0, 6, 2, 3, 1, 3, 1, 0, 4, 1, 0, 2, 0, 34]}, null, null, 91, false, [], false, 0, [], null, 0, 1744307894.9339108, 0, {}]
[{"0": [4, 40, 34, 26, 25, 34, 25, 34, 31, 2, 1, 1, 1, 1, 1]}, null, null, 92, false, [], false, 0, [], null, 0, 1744307895.1273203, 0, {}]
[{"0": [4, 1, 2, 31, 23, 32, 38, 20, 40, 40, 2, 4, 1, 0, 3]}, null, null, 92, false, [], false, 0, [], null, 0, 1744307895.313192, 0, {}]
[{"0": [1, 0, 31, 35, 28, 1, 3, 0, 2, 2, 1, 1, 3, 2, 3]}, null, null, 93, false, [], false, 0, [], null, 0, 1744307895.5165553, 0, {}]
[{"0": [8, 3, 0, 0, 4, 27, 2, 1, 4, 2, 0, 3, 1, 1, 3]}, null, null, 93, false, [], false, 0, [], null, 0, 1744307895.7312891, 0, {}]
[{"0": [4, 39, 37, 43, 27, 39, 25, 37, 28, 31, 42, 1, 3, 4, 2]}, null, null, 94, false, [], false, 0, [], null, 0, 1744307895.91933, 0, {}]
[{"0": [1, 0, 3, 0, 1, 28, 37, 32, 27, 31, 2, 0, 1, 4, 2]}, null, null, 95, false, [], false, 0, [], null, 0, 1744307896.1322637, 0, {}]
[{"0": [5, 2, 2, 30, 34, 34, 4, 1, 1, 0, 1, 3, 2, 2, 5]}, null, null, 95, false, [], false, 0, [], null, 0, 1744307896.3384912, 0, {}]
[{"0": [0, 1, 2, 1, 3, 2, 3, 2, 3, 2, 1, 32, 22, 5, 0]}, null, null, 96, false, [], false, 0, [], null, 0, 1744307896.5144742, 0, {}]
[{"0": [0, 2, 0, 0, 42, 30, 30, 3, 1, 2, 0, 0, 3, 3, 1]}, null, null, 96, false, [], false, 0, [], null, 0, 1744307896.7197757, 0, {}]
[{"0": [1, 29, 2, 3, 3, 4, 0, 1, 2, 0, 5, 1, 1, 4, 1]}, null, null, 97, false, [], false, 0, [], null, 0, 1744307896.932128, 0, {}]
[{"0": [0, 1, 22, 37, 1, 1, 3, 3, 2, 1, 1, 0, 2, 9, 2]}, null, null, 98, false, [], false, 0, [], null, 0, 1744307897.1308713, 0, {}]
[{"0": [5, 0, 2, 3, 2, 1, 0, 1, 1, 2, 4, 2, 1, 1, 34]}, null, null, 98, false, [], false, 0, [], null, 0, 1744307897.3193715, 0, {}]
[{"0": [2, 26, 27, 40, 39, 24, 50, 39, 38, 36, 40, 33, 38, 35, 30]}, null, null, 99, false, [], false, 0, [], null, 0, 1744307897.5153232, 0, {}]
[{"0": [4, 2, 0, 2, 1, 2, 1, 1, 1, 4, 1, 2, 2, 35, 34]}, null, null, 99, false, [], false, 0, [], null, 0, 1744307897.7273428, 0, {}]
[{"0": [1, 30, 33, 33, 38, 1, 2, 3, 1, 2, 1, 2, 4, 3, 2]}, null, null, 100, false, [], false, 0, [], null, 0, 1744307897.928834, 0, {}]
[{"0": [3, 35, 35, 39, 30, 38, 50, 1, 2, 3, 3, 0, 2, 0, 1]}, null, null, 101, false, [], false, 0, [], null, 0, 1744307898.13505, 0, {}]
[{"0": [4, 32, 37, 25, 1, 0, 3, 2, 1, 0, 1, 3, 3, 5, 2]}, null, null, 101, false, [], false, 0, [], null, 0, 1744307898.3131318, 0, {}]
[{"0": [0, 29, 3, 3, 1, 0, 1, 3, 1, 0, 0, 1, 2, 3, 3]}, null, null, 102, false, [], false, 0, [], null, 0, 1744307898.5232525, 0, {}]
[{"0": [2, 1, 1, 3, 32, 3, 1, 6, 2, 3, 3, 2, 2, 1, 0]}, null, null, 102, false, [], false, 0, [], null, 0, 1744307898.728104, 0, {}]
[{"0": [2, 2, 2, 0, 32, 1, 3, 2, 1, 0, 2, 2, 2, 3, 2]}, null, null, 103, false, [], false, 0, [], null, 0, 1744307898.925269, 0, {}]
[{"0": [1, 31, 33, 21, 2, 0, 1, 2, 2, 2, 3, 1, 0, 1, 4]}, null, null, 104, false, [], false, 0, [], null, 0, 1744307899.1169786, 0, {}]
[{"0": [30, 29, 38, 1, 1, 2, 1, 5, 2, 4, 1, 1, 2, 1, 0]}, null, null, 104, false, [], false, 0, [], null, 0, 1744307899.336656, 0, {}]
[{"0": [2, 1, 5, 2, 2, 1, 3, 4, 1, 5, 0, 2, 0, 3, 26]}, null, null, 105, false, [], false, 0, [], null, 0, 1744307899.5205853, 0, {}]
[{"0": [0, 1, 1, 3, 2, 2, 3, 0, 0, 1, 2, 0, 3, 1, 33]}, null, null, 105, false, [], false, 0, [], null, 0, 1744307899.722345, 0, {}]
[{"0": [4, 4, 2, 28, 34, 42, 30, 33, 28, 1, 2, 5, 2, 1, 1]}, null, null, 106, false, [], false, 0, [], null, 0, 1744307899.9252462, 0, {}]
[{"0": [2, 43, 35, 27, 37, 39, 31, 24, 35, 43, 28, 4, 1, 0, 3]}, null, null, 107, false, [], false, 0, [], null, 0, 1744307900.1222563, 0, {}]
[{"0": [1, 38, 31, 36, 31, 34, 1, 4, 1, 3, 1, 1, 5, 3, 2]}, null, null, 107, false, [], false, 0, [], null, 0, 1744307900.3163753, 0, {}]
[{"0": [1, 1, 4, 41, 31, 30, 33, 36, 26, 25, 33, 46, 32, 36, 37]}, null, null, 108, false, [], false, 0, [], null, 0, 1744307900.5153108, 0, {}]
[{"0": [1, 0, 2, 24, 39, 36, 0, 3, 1, 2, 1, 2, 3, 4, 1]}, null, null, 108, false, [], false, 0, [], null, 0, 1744307900.722517, 0, {}]
[{"0": [0, 2, 2, 1, 0, 1, 2, 1, 6, 36, 22, 28, 34, 43, 36]}, null, null, 109, false, [], false, 0, [], null, 0, 1744307900.9188128, 0, {}]
[{"0": [4, 35, 37, 1, 1, 0, 1, 1, 1, 1, 3, 3, 2, 4, 2]}, null, null, 110, false, [], false, 0, [], null, 0, 1744307901.1182172, 0, {}]
[{"0": [3, 2, 2, 0, 0, 30, 37, 4, 0, 2, 0, 1, 4, 2, 2]}, null, null, 110, false, [], false, 0, [], null, 0, 1744307901.3224216, 0, {}]
[{"0": [0, 31, 39, 23, 35, 21, 34, 37, 40, 3, 1, 0, 2, 2, 1]}, null, null, 111, false, [], false, 0, [], null, 0, 1744307901.518678, 0, {}]
[{"0": [3, 1, 5, 1, 3, 42, 2, 2, 0, 3, 3, 6, 3, 3, 6]}, null, null, 111, false, [], false, 0, [], null, 0, 1744307901.7387621, 0, {}]
[{"0": [2, 1, 2, 2, 3, 3, 0, 2, 3, 0, 36, 3, 2, 1, 1]}, null, null, 112, false, [], false, 0, [], null, 0, 1744307901.9258254, 0, {}]
[{"0": [1, 35, 26, 36, 2, 1, 2, 3, 1, 5, 4, 2, 3, 0, 2]}, null, null, 113, false, [], false, 0, [], null, 0, 1744307902.1237683, 0, {}]
[{"0": [1, 24, 0, 2, 1, 1, 1, 1, 1, 2, 1, 0, 2, 3, 4]}, null, null, 113, false, [], false, 0, [], null, 0, 1744307902.3206434, 0, {}]
[{"0": [0, 2, 1, 4, 33, 35, 36, 22, 47, 36, 33, 31, 40, 3, 4]}, null, null, 114, false, [], false, 0, [], null, 0, 1744307902.5167062, 0, {}]
[{"0": [3, 3, 0, 31, 31, 44, 35, 34, 2, 1, 4, 2, 0, 1, 3]}, null, null, 114, false, [], false, 0, [], null, 0, 1744307902.7271874, 0, {}]
[{"0": [1, 31, 30, 2, 2, 3, 3, 2, 3, 3, 3, 0, 0, 3, 4]}, null, null, 115, false, [], false, 0, [], null, 0, 1744307902.9231312, 0, {}]
[{"0": [1, 2, 2, 2, 4, 1, 2, 2, 6, 1, 32, 37, 30, 3, 3]}, null, null, 116, false, [], false, 0, [], null, 0, 1744307903.1244814, 0, {}]
[{"0": [0, 4, 1, 4, 1, 2, 1, 3, 2, 1, 3, 2, 4, 0, 49]}, null, null, 116, false, [], false, 0, [], null, 0, 1744307903.3251915, 0, {}]
[{"0": [3, 2, 42, 35, 1, 1, 1, 2, 1, 1, 2, 1, 0, 2, 3]}, null, null, 117, false, [], false, 0, [], null, 0, 1744307903.5296857, 0, {}]
[{"0": [5, 3, 3, 1, 1, 5, 0, 3, 1, 3, 2, 2, 3, 1, 47]}, null, null, 117, false, [], false, 0, [], null, 0, 1744307903.7209973, 0, {}]
[{"0": [3, 1, 3, 35, 31, 33, 20, 29, 32, 32, 4, 2, 1, 0, 1]}, null, null, 118, false, [], false, 0, [], null, 0, 1744307903.921488, 0, {}]
[{"0": [3, 0, 4, 2, 2, 3, 1, 2, 2, 36, 32, 2, 1, 2, 0]}, null, null, 119, false, [], false, 0, [], null, 0, 1744307904.1290743, 0, {}]
[{"0": [1, 2, 1, 0, 3, 1, 2, 1, 1, 2, 1, 0, 1, 1, 34]}, null, null, 119, false, [], false, 0, [], null, 0, 1744307904.3316178, 0, {}]
[{"0": [4, 1, 2, 2, 2, 1, 2, 3, 33, 37, 28, 33, 2, 1, 2]}, null, null, 120, false, [], false, 0, [], null, 0, 1744307904.5209777, 0, {}]
[{"0": [3, 5, 2, 3, 3, 2, 2, 0, 1, 34, 31, 1, 2, 1, 3]}, null, null, 120, false, [], false, 0, [], null, 0, 1744307904.731772, 0, {}]
[{"0": [1, 41, 27, 37, 33, 36, 34, 34, 32, 45, 31, 41, 42, 30, 34]}, null, null, 121, false, [], false, 0, [], null, 0, 1744307904.9180732, 0, {}]
[{"0": [1, 35, 40, 3, 1, 5, 1, 2, 3, 2, 6, 0, 2, 1, 2]}, null, null, 122, false, [], false, 0, [], null, 0, 1744307905.1235626, 0, {}]
[{"0": [28, 2, 0, 2, 2, 2, 1, 0, 1, 2, 0, 3, 3, 2, 4]}, null, null, 122, false, [], false, 0, [], null, 0, 1744307905.3196461, 0, {}]
[{"0": [0, 31, 35, 36, 46, 36, 32, 41, 30, 33, 1, 2, 1, 2, 1]}, null, null, 123, false, [], false, 0, [], null, 0, 1744307905.5313635, 0, {}]
[{"0": [3, 2, 2, 2, 30, 20, 0, 1, 2, 1, 1, 2, 2, 1, 1]}, null, null, 123, false, [], false, 0, [], null, 0, 1744307905.7397788, 0, {}]
[{"0": [0, 3, 1, 0, 1, 41, 35, 2, 3, 3, 3, 2, 1, 3, 4]}, null, null, 124, false, [], false, 0, [], null, 0, 1744307905.9328504, 0, {}]
[{"0": [4, 37, 30, 3, 2, 1, 1, 4, 2, 2, 4, 2, 0, 1, 0]}, null, null, 125, false, [], false, 0, [], null, 0, 1744307906.132033, 0, {}]
[{"0": [1, 1, 45, 38, 43, 31, 27, 24, 32, 0, 0, 1, 1, 0, 0]}, null, null, 125, false, [], false, 0, [], null, 0, 1744307906.3320742, 0, {}]
[{"0": [1, 1, 2, 3, 1, 0, 2, 3, 2, 0, 3, 1, 0, 0, 33]}, null, null, 126, false, [], false, 0, [], null, 0, 1744307906.5337503, 0, {}]
[{"0": [2, 38, 36, 0, 3, 2, 0, 2, 2, 1, 2, 1, 0, 3, 1]}, null, null, 127, false, [], false, 0, [], null, 0, 1744307906.729923, 0, {}]
[{"0": [4, 4, 5, 0, 3, 1, 3, 0, 2, 2, 4, 0, 3, 4, 3]}, null, null, 127, false, [], false, 0, [], null, 0, 1744307906.9184237, 0, {}]
[{"0": [1, 1, 34, 41, 34, 41, 2, 1, 1, 1, 2, 0, 2, 0, 0]}, null, null, 128, false, [], false, 0, [], null, 0, 1744307907.1286762, 0, {}]
[{"0": [2, 2, 1, 4, 0, 2, 23, 3, 3, 5, 4, 1, 1, 1, 1]}, null, null, 128, false, [], false, 0, [], null, 0, 1744307907.331611, 0, {}]
[{"0": [2, 3, 1, 30, 35, 29, 38, 32, 34, 38, 27, 37, 4, 1, 2]}, null, null, 129, false, [], false, 0, [], null, 0, 1744307907.5218747, 0, {}]
[{"0": [3, 36, 28, 36, 1, 1, 2, 1, 1, 0, 4, 4, 1, 0, 5]}, null, null, 130, false, [], false, 0, [], null, 0, 1744307907.7412808, 0, {}]
[{"0": [1, 0, 0, 41, 35, 26, 34, 31, 29, 33, 39, 28, 0, 2, 3]}, null, null, 130, false, [], false, 0, [], null, 0, 1744307907.9409165, 0, {}]
[{"0": [0, 44, 30, 2, 2, 2, 0, 0, 1, 0, 1, 3, 1, 1, 3]}, null, null, 131, false, [], false, 0, [], null, 0, 1744307908.1344986, 0, {}]
[{"0": [0, 1, 0, 2, 2, 28, 42, 5, 4, 0, 1, 2, 0, 1, 5]}, null, null, 131, false, [], false, 0, [], null, 0, 1744307908.336216, 0, {}]
[{"0": [4, 40, 46, 27, 33, 4, 0, 3, 2, 2, 1, 0, 0, 3, 2]}, null, null, 132, false, [], false, 0, [], null, 0, 1744307908.5428379, 0, {}]
[{"0": [3, 0, 2, 2, 2, 1, 3, 1, 1, 1, 1, 1, 3, 1, 35]}, null, null, 133, false, [], false, 0, [], null, 0, 1744307908.7214398, 0, {}]
[{"0": [3, 1, 3, 3, 2, 7, 0, 2, 0, 3, 3, 0, 2, 2, 36]}, null, null, 133, false, [], false, 0, [], null, 0, 1744307908.9354706, 0, {}]
[{"0": [1, 0, 2, 0, 34, 39, 1, 3, 1, 2, 4, 1, 1, 0, 1]}, null, null, 134, false, [], false, 0, [], null, 0, 1744307909.1195755, 0, {}]
[{"0": [2, 39, 41, 26, 31, 39, 28, 41, 1, 0, 1, 3, 2, 2, 3]}, null, null, 134, false, [], false, 0, [], null, 0, 1744307909.3340104, 0, {}]
[{"0": [2, 1, 3, 31, 29, 2, 2, 2, 2, 3, 2, 1, 1, 1, 2]}, null, null, 135, false, [], false, 0, [], null, 0, 1744307909.518543, 0, {}]
[{"0": [2, 2, 4, 32, 43, 33, 32, 43, 34, 43, 28, 2, 0, 0, 1]}, null, null, 136, false, [], false, 0, [], null, 0, 1744307909.7368555, 0, {}]
[{"0": [0, 26, 36, 30, 27, 28, 44, 43, 43, 26, 27, 33, 26, 34, 29]}, null, null, 136, false, [], false, 0, [], null, 0, 1744307909.9198065, 0, {}]
[{"0": [4, 2, 1, 1, 4, 1, 1, 0, 2, 0, 2, 1, 3, 1, 40]}, null, null, 137, false, [], false, 0, [], null, 0, 1744307910.117841, 0, {}]
[{"0": [3, 1, 1, 1, 3, 1, 7, 1, 1, 2, 3, 1, 0, 1, 2]}, null, null, 137, false, [], false, 0, [], null, 0, 1744307910.331933, 0, {}]
[{"0": [0, 29, 36, 38, 37, 43, 30, 2, 1, 2, 5, 3, 1, 3, 5]}, null, null, 138, false, [], false, 0, [], null, 0, 1744307910.5234227, 0, {}]
[{"0": [1, 0, 1, 4, 0, 2, 2, 2, 0, 3, 1, 1, 2, 0, 32]}, null, null, 139, false, [], false, 0, [], null, 0, 1744307910.741535, 0, {}]
[{"0": [0, 2, 1, 36, 37, 44, 0, 3, 1, 2, 4, 1, 0, 4, 2]}, null, null, 139, false, [], false, 0, [], null, 0, 1744307910.9284632, 0, {}]
[{"0": [0, 34, 29, 31, 36, 34, 0, 3, 1, 4, 4, 1, 1, 3, 4]}, null, null, 140, false, [], false, 0, [], null, 0, 1744307911.1254923, 0, {}]
[{"0": [3, 1, 2, 1, 5, 3, 1, 33, 30, 0, 1, 4, 4, 1, 1]}, null, null, 140, false, [], false, 0, [], null, 0, 1744307911.320968, 0, {}]
[{"0": [2, 40, 36, 35, 36, 40, 37, 28, 3, 7, 1, 2, 2, 1, 0]}, null, null, 141, false, [], false, 0, [], null, 0, 1744307911.5410047, 0, {}]
[{"0": [2, 35, 1, 3, 2, 1, 3, 2, 3, 1, 5, 2, 1, 1, 1]}, null, null, 142, false, [], false, 0, [], null, 0, 1744307911.7266445, 0, {}]
[{"0": [0, 2, 3, 1, 3, 3, 1, 5, 0, 2, 1, 2, 2, 2, 40]}, null, null, 142, false, [], false, 0, [], null, 0, 1744307911.9248323, 0, {}]
[{"0": [2, 1, 32, 28, 40, 30, 40, 5, 3, 2, 2, 1, 0, 4, 0]}, null, null, 143, false, [], false, 0, [], null, 0, 1744307912.142496, 0, {}]
[{"0": [6, 1, 1, 3, 3, 1, 1, 1, 4, 3, 4, 2, 1, 3, 30]}, null, null, 143, false, [], false, 0, [], null, 0, 1744307912.3225026, 0, {}]
[{"0": [0, 5, 1, 0, 3, 3, 0, 0, 3, 0, 3, 5, 0, 1, 37]}, null, null, 144, false, [], false, 0, [], null, 0, 1744307912.5248322, 0, {}]
[{"0": [0, 1, 1, 2, 2, 35, 32, 34, 31, 2, 2, 3, 1, 2, 1]}, null, null, 145, false, [], false, 0, [], null, 0, 1744307912.7171052, 0, {}]
[{"0": [3, 1, 2, 2, 30, 36, 37, 26, 2, 1, 2, 2, 0, 1, 1]}, null, null, 145, false, [], false, 0, [], null, 0, 1744307912.916717, 0, {}]
[{"0": [2, 6, 3, 39, 48, 35, 23, 38, 31, 28, 37, 3, 2, 2, 0]}, null, null, 146, false, [], false, 0, [], null, 0, 1744307913.1391296, 0, {}]
[{"0": [2, 3, 2, 2, 0, 0, 0, 1, 1, 1, 0, 2, 1, 1, 2]}, null, null, 146, false, [], false, 0, [], null, 0, 1744307913.3232613, 0, {}]
[{"0": [1, 47, 30, 3, 0, 4, 2, 2, 2, 5, 2, 1, 0, 0, 5]}, null, null, 147, false, [], false, 0, [], null, 0, 1744307913.5247133, 0, {}]
[{"0": [6, 37, 25, 40, 32, 2, 3, 4, 1, 4, 3, 0, 1, 2, 1]}, null, null, 148, false, [], false, 0, [], null, 0, 1744307913.7301106, 0, {}]
[{"0": [3, 0, 1, 0, 0, 35, 29, 28, 37, 39, 30, 36, 36, 30, 0]}, null, null, 148, false, [], false, 0, [], null, 0, 1744307913.9208505, 0, {}]
[{"0": [1, 41, 29, 1, 1, 2, 2, 1, 3, 0, 2, 1, 1, 3, 1]}, null, null, 149, false, [], false, 0, [], null, 0, 1744307914.136283, 0, {}]
[{"0": [5, 2, 4, 3, 1, 2, 1, 2, 1, 3, 2, 4, 1, 1, 31]}, null, null, 149, false, [], false, 0, [], null, 0, 1744307914.31876, 0, {}]
[{"0": [1, 3, 3, 15, 41, 28, 26, 43, 1, 0, 3, 5, 0, 2, 4]}, null, null, 150, true, [], false, 0, [], null, 0, 1744307914.5217345, 0, {}]
