[{"0": [1, 42, 38, 36, 29, 31, 0, 1, 2, 1, 2, 1, 3, 1, 1]}, null, null, 0, false, [], false, 0, [], null, 0, 1744311159.5016804, 0, {}]
[{"0": [1, 26, 28, 32, 32, 16, 31, 29, 32, 40, 28, 46, 28, 30, 33]}, null, null, 1, false, [], false, 0, [], null, 0, 1744311159.7127202, 0, {}]
[{"0": [2, 30, 30, 25, 32, 34, 0, 1, 3, 2, 0, 2, 0, 2, 3]}, null, null, 1, false, [], false, 0, [], null, 0, 1744311159.9256608, 0, {}]
[{"0": [1, 34, 29, 22, 37, 2, 0, 2, 3, 3, 2, 4, 0, 1, 3]}, null, null, 2, false, [], false, 0, [], null, 0, 1744311160.1175003, 0, {}]
[{"0": [2, 29, 33, 36, 1, 1, 2, 0, 0, 0, 1, 2, 1, 0, 1]}, null, null, 2, false, [], false, 0, [], null, 0, 1744311160.3320215, 0, {}]
[{"0": [1, 23, 34, 38, 31, 35, 25, 36, 32, 5, 0, 0, 0, 3, 2]}, null, null, 3, false, [], false, 0, [], null, 0, 1744311160.5301383, 0, {}]
[{"0": [1, 43, 36, 32, 30, 3, 1, 1, 1, 1, 2, 1, 1, 1, 0]}, null, null, 4, false, [], false, 0, [], null, 0, 1744311160.7308762, 0, {}]
[{"0": [2, 29, 39, 33, 44, 29, 35, 40, 35, 39, 32, 20, 32, 35, 45]}, null, null, 4, false, [], false, 0, [], null, 0, 1744311160.9341645, 0, {}]
[{"0": [21, 44, 1, 1, 2, 2, 1, 1, 2, 1, 0, 2, 0, 1, 3]}, null, null, 5, false, [], false, 0, [], null, 0, 1744311161.1329765, 0, {}]
[{"0": [3, 35, 29, 29, 30, 30, 0, 2, 1, 2, 2, 2, 3, 2, 1]}, null, null, 5, false, [], false, 0, [], null, 0, 1744311161.3315516, 0, {}]
[{"0": [1, 43, 2, 2, 1, 1, 1, 2, 2, 3, 2, 2, 4, 6, 2]}, null, null, 6, false, [], false, 0, [], null, 0, 1744311161.5362039, 0, {}]
[{"0": [2, 33, 39, 45, 30, 4, 1, 4, 0, 3, 2, 5, 1, 1, 3]}, null, null, 7, false, [], false, 0, [], null, 0, 1744311161.7372603, 0, {}]
[{"0": [2, 41, 38, 26, 33, 33, 30, 38, 27, 27, 37, 35, 40, 34, 0]}, null, null, 7, false, [], false, 0, [], null, 0, 1744311161.9205456, 0, {}]
[{"0": [2, 33, 2, 3, 3, 0, 3, 1, 2, 2, 1, 1, 1, 0, 5]}, null, null, 8, false, [], false, 0, [], null, 0, 1744311162.1137383, 0, {}]
[{"0": [2, 33, 39, 31, 33, 35, 36, 32, 35, 0, 1, 0, 1, 3, 5]}, null, null, 8, false, [], false, 0, [], null, 0, 1744311162.3324084, 0, {}]
[{"0": [2, 24, 34, 0, 2, 1, 4, 2, 4, 5, 2, 1, 0, 3, 3]}, null, null, 9, false, [], false, 0, [], null, 0, 1744311162.5309393, 0, {}]
[{"0": [2, 25, 40, 25, 29, 28, 40, 26, 33, 42, 19, 1, 2, 1, 1]}, null, null, 10, false, [], false, 0, [], null, 0, 1744311162.7252448, 0, {}]
[{"0": [3, 29, 21, 33, 3, 2, 0, 3, 1, 0, 1, 4, 2, 2, 3]}, null, null, 10, false, [], false, 0, [], null, 0, 1744311162.9169223, 0, {}]
[{"0": [1, 42, 1, 2, 1, 0, 6, 1, 2, 1, 2, 0, 1, 0, 1]}, null, null, 11, false, [], false, 0, [], null, 0, 1744311163.1239989, 0, {}]
[{"0": [0, 38, 32, 0, 5, 1, 0, 0, 2, 1, 1, 1, 0, 0, 3]}, null, null, 11, false, [], false, 0, [], null, 0, 1744311163.3267064, 0, {}]
[{"0": [1, 28, 0, 1, 0, 3, 0, 1, 0, 2, 1, 2, 1, 1, 0]}, null, null, 12, false, [], false, 0, [], null, 0, 1744311163.523675, 0, {}]
[{"0": [4, 37, 0, 3, 2, 1, 2, 4, 0, 1, 1, 1, 3, 1, 3]}, null, null, 13, false, [], false, 0, [], null, 0, 1744311163.7202618, 0, {}]
[{"0": [3, 2, 1, 0, 2, 3, 3, 20, 1, 1, 2, 0, 0, 0, 1]}, null, null, 13, false, [], false, 0, [], null, 0, 1744311163.9361162, 0, {}]
[{"0": [5, 25, 34, 29, 39, 4, 1, 2, 2, 5, 0, 3, 1, 1, 4]}, null, null, 14, false, [], false, 0, [], null, 0, 1744311164.1295083, 0, {}]
[{"0": [3, 24, 3, 2, 1, 3, 2, 2, 0, 4, 0, 6, 1, 2, 2]}, null, null, 14, false, [], false, 0, [], null, 0, 1744311164.334655, 0, {}]
[{"0": [1, 34, 32, 5, 1, 2, 2, 1, 3, 4, 1, 1, 0, 3, 0]}, null, null, 15, false, [], false, 0, [], null, 0, 1744311164.5212376, 0, {}]
[{"0": [2, 35, 29, 29, 25, 33, 25, 31, 31, 31, 1, 1, 0, 1, 1]}, null, null, 16, false, [], false, 0, [], null, 0, 1744311164.7186542, 0, {}]
[{"0": [3, 25, 29, 32, 3, 2, 2, 3, 1, 0, 4, 3, 4, 1, 0]}, null, null, 16, false, [], false, 0, [], null, 0, 1744311164.9351473, 0, {}]
[{"0": [44, 28, 36, 22, 31, 1, 2, 5, 1, 1, 2, 1, 1, 2, 2]}, null, null, 17, false, [], false, 0, [], null, 0, 1744311165.1233594, 0, {}]
[{"0": [2, 28, 2, 4, 4, 0, 1, 4, 2, 2, 2, 1, 1, 0, 3]}, null, null, 17, false, [], false, 0, [], null, 0, 1744311165.3161123, 0, {}]
[{"0": [0, 46, 28, 22, 31, 33, 23, 1, 3, 1, 0, 1, 1, 2, 0]}, null, null, 18, false, [], false, 0, [], null, 0, 1744311165.5338254, 0, {}]
[{"0": [1, 24, 3, 2, 1, 1, 3, 1, 2, 4, 0, 1, 1, 2, 2]}, null, null, 19, false, [], false, 0, [], null, 0, 1744311165.7135856, 0, {}]
[{"0": [4, 36, 0, 3, 4, 1, 1, 3, 1, 3, 3, 0, 2, 2, 1]}, null, null, 19, false, [], false, 0, [], null, 0, 1744311165.9297106, 0, {}]
[{"0": [4, 2, 3, 0, 2, 2, 1, 25, 32, 38, 29, 4, 4, 2, 3]}, null, null, 20, false, [], false, 0, [], null, 0, 1744311166.136341, 0, {}]
[{"0": [2, 25, 2, 0, 3, 0, 1, 1, 0, 3, 2, 2, 1, 2, 4]}, null, null, 20, false, [], false, 0, [], null, 0, 1744311166.3248951, 0, {}]
[{"0": [3, 37, 35, 35, 30, 4, 2, 1, 5, 3, 1, 2, 2, 1, 9]}, null, null, 21, false, [], false, 0, [], null, 0, 1744311166.5252094, 0, {}]
[{"0": [0, 32, 35, 36, 1, 3, 0, 1, 1, 0, 3, 1, 3, 0, 1]}, null, null, 22, false, [], false, 0, [], null, 0, 1744311166.7244139, 0, {}]
[{"0": [2, 27, 37, 40, 44, 35, 1, 2, 1, 3, 5, 3, 2, 0, 5]}, null, null, 22, false, [], false, 0, [], null, 0, 1744311166.9208274, 0, {}]
[{"0": [4, 35, 37, 30, 23, 36, 32, 26, 39, 27, 1, 2, 1, 3, 0]}, null, null, 23, false, [], false, 0, [], null, 0, 1744311167.1195972, 0, {}]
[{"0": [2, 2, 3, 5, 3, 47, 48, 1, 2, 2, 2, 3, 1, 1, 2]}, null, null, 23, false, [], false, 0, [], null, 0, 1744311167.3159611, 0, {}]
[{"0": [1, 45, 0, 2, 3, 2, 2, 4, 2, 1, 1, 4, 6, 1, 1]}, null, null, 24, false, [], false, 0, [], null, 0, 1744311167.5225866, 0, {}]
[{"0": [40, 38, 0, 1, 1, 2, 1, 0, 0, 3, 3, 2, 3, 1, 1]}, null, null, 25, false, [], false, 0, [], null, 0, 1744311167.7361634, 0, {}]
[{"0": [2, 38, 38, 0, 1, 1, 1, 0, 2, 3, 1, 2, 2, 3, 2]}, null, null, 25, false, [], false, 0, [], null, 0, 1744311167.9220943, 0, {}]
[{"0": [2, 30, 26, 40, 20, 28, 36, 40, 35, 26, 23, 28, 28, 26, 30]}, null, null, 26, false, [], false, 0, [], null, 0, 1744311168.1277275, 0, {}]
[{"0": [2, 37, 34, 1, 0, 2, 2, 3, 2, 4, 3, 2, 2, 1, 3]}, null, null, 27, false, [], false, 0, [], null, 0, 1744311168.3167026, 0, {}]
[{"0": [0, 27, 25, 30, 35, 28, 33, 34, 35, 30, 33, 43, 26, 31, 32]}, null, null, 27, false, [], false, 0, [], null, 0, 1744311168.519218, 0, {}]
[{"0": [2, 31, 25, 2, 0, 2, 1, 0, 2, 3, 0, 3, 5, 1, 3]}, null, null, 28, false, [], false, 0, [], null, 0, 1744311168.7365253, 0, {}]
[{"0": [2, 36, 4, 1, 3, 2, 0, 1, 3, 1, 1, 0, 1, 4, 0]}, null, null, 28, false, [], false, 0, [], null, 0, 1744311168.9195442, 0, {}]
[{"0": [1, 32, 3, 3, 2, 3, 2, 0, 0, 2, 1, 1, 2, 0, 0]}, null, null, 29, false, [], false, 0, [], null, 0, 1744311169.131318, 0, {}]
[{"0": [1, 36, 45, 3, 2, 1, 2, 4, 2, 2, 2, 0, 2, 4, 1]}, null, null, 30, false, [], false, 0, [], null, 0, 1744311169.3201184, 0, {}]
[{"0": [4, 36, 34, 37, 31, 30, 33, 31, 37, 0, 1, 2, 4, 2, 4]}, null, null, 30, false, [], false, 0, [], null, 0, 1744311169.5181174, 0, {}]
[{"0": [1, 34, 27, 24, 29, 21, 32, 0, 0, 2, 1, 5, 2, 2, 2]}, null, null, 31, false, [], false, 0, [], null, 0, 1744311169.727641, 0, {}]
[{"0": [2, 31, 28, 28, 43, 25, 28, 39, 33, 31, 35, 3, 3, 0, 1]}, null, null, 31, false, [], false, 0, [], null, 0, 1744311169.9220796, 0, {}]
[{"0": [3, 37, 31, 27, 33, 37, 33, 40, 27, 29, 0, 3, 1, 5, 3]}, null, null, 32, false, [], false, 0, [], null, 0, 1744311170.115214, 0, {}]
[{"0": [3, 45, 36, 36, 30, 31, 37, 3, 1, 1, 2, 2, 1, 4, 2]}, null, null, 33, false, [], false, 0, [], null, 0, 1744311170.3355236, 0, {}]
[{"0": [2, 44, 1, 1, 3, 2, 1, 1, 1, 3, 2, 0, 9, 0, 1]}, null, null, 33, false, [], false, 0, [], null, 0, 1744311170.5146046, 0, {}]
[{"0": [0, 44, 2, 3, 1, 2, 2, 2, 3, 2, 0, 9, 1, 2, 2]}, null, null, 34, false, [], false, 0, [], null, 0, 1744311170.7214968, 0, {}]
[{"0": [2, 33, 27, 31, 32, 0, 2, 2, 0, 2, 1, 3, 0, 4, 1]}, null, null, 34, false, [], false, 0, [], null, 0, 1744311170.9194598, 0, {}]
[{"0": [2, 0, 1, 0, 2, 1, 1, 1, 1, 2, 23, 47, 32, 27, 21]}, null, null, 35, false, [], false, 0, [], null, 0, 1744311171.1376128, 0, {}]
[{"0": [26, 42, 31, 0, 0, 1, 0, 0, 2, 3, 0, 1, 0, 4, 1]}, null, null, 36, false, [], false, 0, [], null, 0, 1744311171.3136888, 0, {}]
[{"0": [1, 29, 2, 1, 5, 3, 2, 0, 1, 0, 0, 0, 2, 1, 2]}, null, null, 36, false, [], false, 0, [], null, 0, 1744311171.528475, 0, {}]
[{"0": [2, 20, 2, 4, 3, 1, 2, 0, 0, 0, 1, 3, 3, 3, 2]}, null, null, 37, false, [], false, 0, [], null, 0, 1744311171.727958, 0, {}]
[{"0": [3, 43, 52, 30, 27, 30, 32, 36, 30, 36, 25, 35, 32, 33, 35]}, null, null, 37, false, [], false, 0, [], null, 0, 1744311171.9290195, 0, {}]
[{"0": [2, 38, 34, 37, 27, 36, 37, 34, 27, 32, 1, 1, 1, 1, 0]}, null, null, 38, false, [], false, 0, [], null, 0, 1744311172.127396, 0, {}]
[{"0": [1, 27, 30, 20, 3, 2, 3, 1, 2, 2, 3, 1, 1, 4, 3]}, null, null, 39, false, [], false, 0, [], null, 0, 1744311172.3188446, 0, {}]
[{"0": [1, 42, 0, 5, 4, 0, 1, 1, 2, 1, 4, 1, 3, 3, 4]}, null, null, 39, false, [], false, 0, [], null, 0, 1744311172.5303118, 0, {}]
[{"0": [3, 26, 46, 6, 0, 3, 1, 0, 1, 0, 1, 0, 1, 2, 1]}, null, null, 40, false, [], false, 0, [], null, 0, 1744311172.7313821, 0, {}]
[{"0": [1, 29, 31, 2, 2, 0, 0, 4, 2, 2, 1, 1, 0, 1, 1]}, null, null, 40, false, [], false, 0, [], null, 0, 1744311172.9193203, 0, {}]
[{"0": [1, 36, 5, 2, 1, 3, 2, 3, 1, 1, 2, 0, 2, 3, 3]}, null, null, 41, false, [], false, 0, [], null, 0, 1744311173.1242683, 0, {}]
[{"0": [2, 33, 53, 38, 34, 23, 35, 36, 31, 35, 2, 3, 2, 2, 0]}, null, null, 42, false, [], false, 0, [], null, 0, 1744311173.3312263, 0, {}]
[{"0": [2, 32, 28, 35, 39, 35, 36, 31, 24, 27, 30, 38, 2, 1, 2]}, null, null, 42, false, [], false, 0, [], null, 0, 1744311173.5199282, 0, {}]
[{"0": [3, 39, 29, 25, 40, 28, 37, 0, 0, 0, 2, 3, 1, 2, 4]}, null, null, 43, false, [], false, 0, [], null, 0, 1744311173.7161188, 0, {}]
[{"0": [1, 33, 32, 32, 28, 0, 2, 1, 3, 0, 4, 2, 0, 0, 1]}, null, null, 43, false, [], false, 0, [], null, 0, 1744311173.9381108, 0, {}]
[{"0": [2, 23, 3, 3, 1, 3, 1, 0, 2, 0, 3, 2, 4, 2, 1]}, null, null, 44, false, [], false, 0, [], null, 0, 1744311174.1304748, 0, {}]
[{"0": [0, 39, 22, 2, 1, 2, 2, 1, 4, 3, 1, 4, 1, 2, 2]}, null, null, 45, false, [], false, 0, [], null, 0, 1744311174.3354607, 0, {}]
[{"0": [3, 27, 40, 1, 0, 1, 3, 1, 0, 0, 0, 0, 3, 0, 2]}, null, null, 45, false, [], false, 0, [], null, 0, 1744311174.5179346, 0, {}]
[{"0": [7, 29, 32, 32, 18, 27, 3, 1, 5, 1, 1, 2, 1, 2, 2]}, null, null, 46, false, [], false, 0, [], null, 0, 1744311174.7353053, 0, {}]
[{"0": [2, 32, 42, 31, 31, 36, 24, 28, 35, 32, 0, 2, 3, 2, 3]}, null, null, 46, false, [], false, 0, [], null, 0, 1744311174.9361262, 0, {}]
[{"0": [3, 32, 31, 2, 2, 0, 0, 1, 2, 1, 6, 3, 1, 0, 0]}, null, null, 47, false, [], false, 0, [], null, 0, 1744311175.1232054, 0, {}]
[{"0": [3, 40, 32, 23, 33, 1, 2, 1, 1, 1, 2, 3, 4, 2, 0]}, null, null, 48, false, [], false, 0, [], null, 0, 1744311175.3272433, 0, {}]
[{"0": [2, 35, 2, 0, 4, 4, 0, 1, 4, 0, 2, 0, 1, 5, 3]}, null, null, 48, false, [], false, 0, [], null, 0, 1744311175.5304549, 0, {}]
[{"0": [0, 31, 41, 4, 3, 0, 1, 3, 2, 1, 2, 2, 2, 2, 1]}, null, null, 49, false, [], false, 0, [], null, 0, 1744311175.730525, 0, {}]
[{"0": [1, 25, 41, 24, 32, 34, 32, 1, 2, 3, 2, 4, 3, 1, 0]}, null, null, 49, false, [], false, 0, [], null, 0, 1744311175.929681, 0, {}]
[{"0": [2, 34, 43, 29, 31, 37, 24, 38, 41, 36, 31, 37, 31, 4, 0]}, null, null, 50, false, [], false, 0, [], null, 0, 1744311176.1352894, 0, {}]
[{"0": [2, 31, 36, 30, 34, 27, 31, 40, 37, 29, 30, 38, 1, 0, 0]}, null, null, 51, false, [], false, 0, [], null, 0, 1744311176.341339, 0, {}]
[{"0": [0, 38, 1, 0, 1, 4, 2, 2, 2, 2, 1, 3, 1, 1, 1]}, null, null, 51, false, [], false, 0, [], null, 0, 1744311176.541606, 0, {}]
[{"0": [4, 24, 3, 3, 3, 0, 2, 1, 0, 2, 1, 0, 2, 2, 2]}, null, null, 52, false, [], false, 0, [], null, 0, 1744311176.7273233, 0, {}]
[{"0": [0, 39, 32, 1, 3, 2, 0, 5, 3, 1, 3, 1, 2, 1, 5]}, null, null, 52, false, [], false, 0, [], null, 0, 1744311176.9394767, 0, {}]
[{"0": [1, 1, 1, 1, 1, 5, 2, 2, 0, 1, 4, 1, 1, 0, 2]}, null, null, 53, false, [], false, 0, [], null, 0, 1744311177.1263247, 0, {}]
[{"0": [2, 40, 0, 4, 3, 0, 1, 2, 1, 3, 1, 2, 3, 1, 2]}, null, null, 54, false, [], false, 0, [], null, 0, 1744311177.3214543, 0, {}]
[{"0": [3, 38, 28, 33, 29, 31, 32, 37, 27, 26, 24, 3, 1, 2, 3]}, null, null, 54, false, [], false, 0, [], null, 0, 1744311177.5289583, 0, {}]
[{"0": [1, 31, 3, 3, 1, 3, 2, 2, 0, 1, 0, 0, 2, 3, 4]}, null, null, 55, false, [], false, 0, [], null, 0, 1744311177.717383, 0, {}]
[{"0": [2, 1, 2, 2, 30, 3, 2, 4, 2, 0, 2, 2, 1, 1, 2]}, null, null, 55, false, [], false, 0, [], null, 0, 1744311177.9175456, 0, {}]
[{"0": [0, 29, 31, 32, 23, 31, 32, 29, 26, 29, 32, 33, 29, 0, 2]}, null, null, 56, false, [], false, 0, [], null, 0, 1744311178.1175346, 0, {}]
[{"0": [4, 38, 26, 0, 1, 4, 2, 3, 3, 0, 0, 3, 4, 2, 0]}, null, null, 57, false, [], false, 0, [], null, 0, 1744311178.3428771, 0, {}]
[{"0": [0, 28, 38, 1, 0, 2, 1, 3, 0, 1, 4, 2, 0, 2, 1]}, null, null, 57, false, [], false, 0, [], null, 0, 1744311178.53256, 0, {}]
[{"0": [2, 26, 26, 28, 37, 28, 2, 3, 1, 2, 4, 2, 1, 0, 2]}, null, null, 58, false, [], false, 0, [], null, 0, 1744311178.726153, 0, {}]
[{"0": [3, 41, 29, 32, 1, 1, 1, 2, 3, 4, 2, 4, 2, 3, 4]}, null, null, 58, false, [], false, 0, [], null, 0, 1744311178.9222682, 0, {}]
[{"0": [3, 36, 1, 1, 0, 2, 5, 3, 1, 1, 1, 0, 3, 0, 1]}, null, null, 59, false, [], false, 0, [], null, 0, 1744311179.1228175, 0, {}]
[{"0": [6, 1, 2, 2, 1, 3, 4, 2, 1, 1, 1, 2, 1, 35, 1]}, null, null, 60, false, [], false, 0, [], null, 0, 1744311179.3227825, 0, {}]
[{"0": [2, 35, 39, 0, 3, 2, 1, 4, 4, 1, 3, 4, 2, 1, 2]}, null, null, 60, false, [], false, 0, [], null, 0, 1744311179.5274904, 0, {}]
[{"0": [2, 32, 2, 0, 3, 2, 1, 2, 2, 5, 3, 2, 1, 0, 2]}, null, null, 61, false, [], false, 0, [], null, 0, 1744311179.7474477, 0, {}]
[{"0": [2, 35, 31, 35, 39, 29, 35, 3, 1, 2, 1, 2, 3, 1, 3]}, null, null, 61, false, [], false, 0, [], null, 0, 1744311179.9242213, 0, {}]
[{"0": [0, 31, 43, 26, 36, 26, 31, 32, 38, 2, 0, 1, 0, 2, 2]}, null, null, 62, false, [], false, 0, [], null, 0, 1744311180.1280434, 0, {}]
[{"0": [1, 30, 31, 36, 30, 34, 31, 34, 1, 0, 1, 5, 1, 2, 4]}, null, null, 63, false, [], false, 0, [], null, 0, 1744311180.3245606, 0, {}]
[{"0": [2, 32, 38, 24, 28, 2, 1, 0, 2, 1, 1, 3, 2, 0, 2]}, null, null, 63, false, [], false, 0, [], null, 0, 1744311180.5273292, 0, {}]
[{"0": [1, 34, 28, 34, 36, 29, 0, 0, 1, 3, 4, 0, 0, 1, 2]}, null, null, 64, false, [], false, 0, [], null, 0, 1744311180.745158, 0, {}]
[{"0": [0, 29, 31, 26, 27, 1, 2, 1, 3, 1, 0, 1, 2, 2, 1]}, null, null, 64, false, [], false, 0, [], null, 0, 1744311180.920259, 0, {}]
[{"0": [2, 37, 35, 1, 3, 1, 1, 2, 2, 3, 1, 2, 1, 3, 2]}, null, null, 65, false, [], false, 0, [], null, 0, 1744311181.1232643, 0, {}]
[{"0": [2, 41, 34, 34, 2, 0, 1, 1, 2, 1, 2, 1, 1, 3, 1]}, null, null, 66, false, [], false, 0, [], null, 0, 1744311181.3274937, 0, {}]
[{"0": [3, 31, 32, 35, 37, 27, 40, 1, 1, 3, 2, 1, 2, 1, 1]}, null, null, 66, false, [], false, 0, [], null, 0, 1744311181.5330565, 0, {}]
[{"0": [2, 27, 35, 41, 37, 26, 30, 24, 29, 28, 35, 29, 36, 30, 33]}, null, null, 67, false, [], false, 0, [], null, 0, 1744311181.729746, 0, {}]
[{"0": [1, 25, 28, 31, 38, 32, 49, 1, 2, 1, 0, 3, 3, 4, 2]}, null, null, 67, false, [], false, 0, [], null, 0, 1744311181.9360576, 0, {}]
[{"0": [0, 24, 1, 0, 3, 2, 1, 0, 2, 1, 1, 1, 2, 2, 2]}, null, null, 68, false, [], false, 0, [], null, 0, 1744311182.1222246, 0, {}]
[{"0": [1, 0, 1, 34, 33, 28, 4, 1, 1, 2, 3, 0, 2, 1, 1]}, null, null, 69, false, [], false, 0, [], null, 0, 1744311182.336225, 0, {}]
[{"0": [34, 41, 2, 3, 2, 1, 0, 2, 1, 2, 1, 3, 0, 0, 1]}, null, null, 69, false, [], false, 0, [], null, 0, 1744311182.5170531, 0, {}]
[{"0": [2, 1, 4, 2, 0, 1, 4, 3, 1, 3, 4, 1, 2, 2, 2]}, null, null, 70, false, [], false, 0, [], null, 0, 1744311182.7346785, 0, {}]
[{"0": [3, 31, 1, 3, 1, 2, 0, 1, 4, 2, 1, 6, 1, 2, 3]}, null, null, 70, false, [], false, 0, [], null, 0, 1744311182.935724, 0, {}]
[{"0": [0, 27, 25, 31, 20, 26, 26, 36, 27, 35, 34, 32, 30, 30, 28]}, null, null, 71, false, [], false, 0, [], null, 0, 1744311183.1394103, 0, {}]
[{"0": [3, 1, 1, 7, 3, 0, 0, 4, 28, 24, 33, 2, 2, 1, 2]}, null, null, 72, false, [], false, 0, [], null, 0, 1744311183.3244493, 0, {}]
[{"0": [1, 33, 44, 1, 1, 1, 4, 2, 4, 0, 5, 0, 0, 1, 3]}, null, null, 72, false, [], false, 0, [], null, 0, 1744311183.534176, 0, {}]
[{"0": [2, 39, 30, 24, 36, 28, 27, 26, 33, 21, 22, 36, 30, 42, 31]}, null, null, 73, false, [], false, 0, [], null, 0, 1744311183.731679, 0, {}]
[{"0": [3, 21, 32, 0, 2, 3, 4, 0, 2, 3, 2, 3, 1, 4, 2]}, null, null, 73, false, [], false, 0, [], null, 0, 1744311183.9187431, 0, {}]
[{"0": [2, 36, 19, 27, 33, 29, 39, 33, 2, 1, 1, 1, 2, 0, 1]}, null, null, 74, false, [], false, 0, [], null, 0, 1744311184.1371958, 0, {}]
[{"0": [4, 29, 0, 3, 0, 2, 2, 4, 1, 2, 1, 4, 2, 2, 2]}, null, null, 75, false, [], false, 0, [], null, 0, 1744311184.340076, 0, {}]
[{"0": [6, 29, 0, 1, 0, 1, 2, 1, 1, 2, 1, 0, 1, 1, 1]}, null, null, 75, false, [], false, 0, [], null, 0, 1744311184.5211122, 0, {}]
[{"0": [0, 29, 33, 42, 31, 30, 37, 41, 21, 27, 35, 21, 31, 30, 35]}, null, null, 76, false, [], false, 0, [], null, 0, 1744311184.7200255, 0, {}]
[{"0": [1, 30, 2, 0, 2, 3, 1, 2, 4, 0, 2, 0, 2, 0, 0]}, null, null, 77, false, [], false, 0, [], null, 0, 1744311184.9363632, 0, {}]
[{"0": [2, 33, 26, 26, 26, 35, 38, 20, 32, 41, 41, 32, 39, 3, 3]}, null, null, 77, false, [], false, 0, [], null, 0, 1744311185.1417234, 0, {}]
[{"0": [2, 34, 37, 0, 0, 0, 0, 4, 1, 1, 2, 0, 3, 3, 3]}, null, null, 78, false, [], false, 0, [], null, 0, 1744311185.321904, 0, {}]
[{"0": [2, 40, 30, 26, 31, 1, 2, 0, 2, 1, 2, 2, 1, 2, 1]}, null, null, 78, false, [], false, 0, [], null, 0, 1744311185.537212, 0, {}]
[{"0": [3, 25, 2, 0, 0, 3, 2, 2, 0, 0, 1, 2, 0, 0, 2]}, null, null, 79, false, [], false, 0, [], null, 0, 1744311185.7397344, 0, {}]
[{"0": [0, 23, 30, 31, 28, 28, 42, 22, 3, 3, 6, 1, 2, 4, 1]}, null, null, 80, false, [], false, 0, [], null, 0, 1744311185.9156065, 0, {}]
[{"0": [3, 31, 39, 30, 30, 1, 2, 2, 1, 3, 3, 2, 0, 2, 1]}, null, null, 80, false, [], false, 0, [], null, 0, 1744311186.138579, 0, {}]
[{"0": [2, 32, 27, 24, 37, 41, 44, 42, 34, 1, 4, 2, 0, 1, 7]}, null, null, 81, false, [], false, 0, [], null, 0, 1744311186.3392832, 0, {}]
[{"0": [0, 35, 26, 1, 1, 0, 2, 2, 4, 2, 3, 3, 1, 2, 4]}, null, null, 81, false, [], false, 0, [], null, 0, 1744311186.5202582, 0, {}]
[{"0": [2, 32, 31, 24, 29, 28, 1, 2, 3, 1, 1, 2, 1, 1, 2]}, null, null, 82, false, [], false, 0, [], null, 0, 1744311186.736063, 0, {}]
[{"0": [2, 38, 39, 40, 22, 4, 2, 1, 0, 1, 2, 1, 2, 2, 2]}, null, null, 83, false, [], false, 0, [], null, 0, 1744311186.9314687, 0, {}]
[{"0": [2, 28, 28, 34, 43, 33, 24, 2, 2, 0, 2, 1, 3, 0, 3]}, null, null, 83, false, [], false, 0, [], null, 0, 1744311187.122516, 0, {}]
[{"0": [0, 30, 49, 2, 1, 1, 1, 1, 2, 1, 1, 2, 1, 4, 2]}, null, null, 84, false, [], false, 0, [], null, 0, 1744311187.3279862, 0, {}]
[{"0": [5, 31, 32, 3, 3, 4, 2, 1, 2, 1, 0, 0, 2, 4, 1]}, null, null, 84, false, [], false, 0, [], null, 0, 1744311187.5212846, 0, {}]
[{"0": [4, 34, 36, 39, 37, 36, 3, 3, 2, 2, 1, 2, 2, 2, 1]}, null, null, 85, false, [], false, 0, [], null, 0, 1744311187.7253733, 0, {}]
[{"0": [4, 37, 38, 29, 27, 28, 33, 2, 2, 1, 3, 4, 1, 1, 4]}, null, null, 86, false, [], false, 0, [], null, 0, 1744311187.9361186, 0, {}]
[{"0": [1, 28, 30, 38, 22, 38, 31, 30, 34, 29, 31, 29, 38, 30, 29]}, null, null, 86, false, [], false, 0, [], null, 0, 1744311188.1397088, 0, {}]
[{"0": [1, 34, 37, 2, 0, 0, 2, 2, 1, 1, 4, 1, 3, 1, 3]}, null, null, 87, false, [], false, 0, [], null, 0, 1744311188.3190603, 0, {}]
[{"0": [0, 27, 25, 30, 34, 33, 32, 29, 38, 37, 38, 30, 29, 42, 2]}, null, null, 87, false, [], false, 0, [], null, 0, 1744311188.5365934, 0, {}]
[{"0": [1, 26, 40, 31, 37, 33, 38, 24, 4, 1, 1, 6, 1, 1, 0]}, null, null, 88, false, [], false, 0, [], null, 0, 1744311188.7206087, 0, {}]
[{"0": [2, 28, 4, 3, 2, 0, 4, 1, 1, 2, 1, 3, 1, 1, 0]}, null, null, 89, false, [], false, 0, [], null, 0, 1744311188.9219308, 0, {}]
[{"0": [1, 39, 48, 41, 25, 2, 4, 1, 1, 1, 3, 2, 0, 2, 3]}, null, null, 89, false, [], false, 0, [], null, 0, 1744311189.1231408, 0, {}]
[{"0": [1, 33, 29, 3, 3, 5, 2, 0, 0, 2, 1, 2, 2, 1, 0]}, null, null, 90, false, [], false, 0, [], null, 0, 1744311189.3401606, 0, {}]
[{"0": [1, 36, 2, 1, 4, 2, 1, 2, 2, 1, 1, 2, 0, 3, 0]}, null, null, 90, false, [], false, 0, [], null, 0, 1744311189.5225663, 0, {}]
[{"0": [3, 28, 18, 35, 20, 0, 2, 5, 3, 2, 2, 1, 2, 1, 1]}, null, null, 91, false, [], false, 0, [], null, 0, 1744311189.7358403, 0, {}]
[{"0": [0, 23, 35, 25, 30, 1, 1, 0, 1, 2, 3, 2, 2, 1, 1]}, null, null, 92, false, [], false, 0, [], null, 0, 1744311189.9271178, 0, {}]
[{"0": [1, 30, 1, 2, 3, 0, 0, 1, 0, 1, 1, 2, 1, 1, 2]}, null, null, 92, false, [], false, 0, [], null, 0, 1744311190.1212673, 0, {}]
[{"0": [3, 25, 22, 34, 36, 24, 35, 42, 32, 0, 1, 4, 1, 1, 0]}, null, null, 93, false, [], false, 0, [], null, 0, 1744311190.3415136, 0, {}]
[{"0": [0, 32, 33, 4, 0, 1, 1, 2, 1, 2, 4, 1, 0, 3, 0]}, null, null, 93, false, [], false, 0, [], null, 0, 1744311190.5294876, 0, {}]
[{"0": [30, 4, 3, 0, 1, 2, 3, 4, 3, 3, 1, 1, 1, 4, 1]}, null, null, 94, false, [], false, 0, [], null, 0, 1744311190.7243607, 0, {}]
[{"0": [0, 43, 1, 4, 1, 1, 1, 1, 1, 3, 1, 1, 1, 3, 0]}, null, null, 95, false, [], false, 0, [], null, 0, 1744311190.9376867, 0, {}]
[{"0": [1, 34, 1, 2, 2, 0, 0, 4, 2, 4, 1, 0, 0, 2, 1]}, null, null, 95, false, [], false, 0, [], null, 0, 1744311191.1239016, 0, {}]
[{"0": [34, 21, 0, 0, 1, 2, 0, 2, 2, 3, 3, 0, 3, 3, 2]}, null, null, 96, false, [], false, 0, [], null, 0, 1744311191.3264716, 0, {}]
[{"0": [2, 39, 32, 34, 34, 0, 0, 1, 1, 1, 2, 1, 3, 4, 0]}, null, null, 96, false, [], false, 0, [], null, 0, 1744311191.5239666, 0, {}]
[{"0": [1, 32, 1, 2, 1, 2, 3, 2, 0, 2, 2, 6, 2, 0, 3]}, null, null, 97, false, [], false, 0, [], null, 0, 1744311191.7410772, 0, {}]
[{"0": [1, 34, 0, 2, 1, 2, 1, 2, 6, 2, 4, 3, 1, 2, 3]}, null, null, 98, false, [], false, 0, [], null, 0, 1744311191.939518, 0, {}]
[{"0": [0, 1, 0, 2, 3, 33, 43, 29, 32, 1, 0, 2, 4, 5, 1]}, null, null, 98, false, [], false, 0, [], null, 0, 1744311192.1198435, 0, {}]
[{"0": [1, 36, 37, 34, 27, 26, 32, 36, 41, 4, 4, 2, 1, 2, 2]}, null, null, 99, false, [], false, 0, [], null, 0, 1744311192.3179915, 0, {}]
[{"0": [3, 39, 34, 21, 29, 19, 27, 30, 31, 35, 28, 37, 34, 34, 29]}, null, null, 99, false, [], false, 0, [], null, 0, 1744311192.5370402, 0, {}]
[{"0": [0, 30, 26, 28, 23, 35, 37, 6, 1, 0, 1, 2, 2, 1, 0]}, null, null, 100, false, [], false, 0, [], null, 0, 1744311192.7667894, 0, {}]
[{"0": [7, 31, 27, 37, 25, 0, 2, 2, 3, 1, 1, 1, 0, 1, 1]}, null, null, 101, false, [], false, 0, [], null, 0, 1744311192.9215856, 0, {}]
[{"0": [0, 22, 33, 1, 0, 1, 0, 0, 1, 1, 1, 1, 1, 1, 3]}, null, null, 101, false, [], false, 0, [], null, 0, 1744311193.1257985, 0, {}]
[{"0": [1, 26, 32, 27, 26, 30, 30, 39, 35, 30, 44, 42, 41, 34, 0]}, null, null, 102, false, [], false, 0, [], null, 0, 1744311193.3226755, 0, {}]
[{"0": [4, 26, 36, 2, 0, 4, 3, 1, 1, 2, 0, 0, 1, 0, 1]}, null, null, 102, false, [], false, 0, [], null, 0, 1744311193.5204802, 0, {}]
[{"0": [0, 36, 27, 1, 2, 4, 3, 0, 3, 4, 0, 1, 1, 1, 0]}, null, null, 103, false, [], false, 0, [], null, 0, 1744311193.7288592, 0, {}]
[{"0": [3, 5, 1, 1, 1, 0, 7, 1, 1, 28, 2, 3, 0, 3, 1]}, null, null, 104, false, [], false, 0, [], null, 0, 1744311193.9371672, 0, {}]
[{"0": [1, 28, 33, 36, 41, 0, 1, 1, 3, 2, 3, 3, 1, 1, 2]}, null, null, 104, false, [], false, 0, [], null, 0, 1744311194.1349723, 0, {}]
[{"0": [3, 3, 3, 3, 4, 30, 42, 32, 30, 33, 33, 39, 36, 31, 2]}, null, null, 105, false, [], false, 0, [], null, 0, 1744311194.3367653, 0, {}]
[{"0": [2, 32, 1, 0, 0, 2, 0, 2, 4, 1, 1, 7, 2, 0, 1]}, null, null, 105, false, [], false, 0, [], null, 0, 1744311194.5380573, 0, {}]
[{"0": [1, 36, 38, 26, 41, 28, 4, 0, 1, 2, 0, 4, 4, 3, 1]}, null, null, 106, false, [], false, 0, [], null, 0, 1744311194.7398875, 0, {}]
[{"0": [3, 31, 25, 27, 38, 24, 0, 2, 0, 3, 3, 4, 1, 1, 0]}, null, null, 107, false, [], false, 0, [], null, 0, 1744311194.937897, 0, {}]
[{"0": [3, 22, 4, 0, 2, 3, 1, 0, 1, 4, 0, 1, 3, 2, 2]}, null, null, 107, false, [], false, 0, [], null, 0, 1744311195.1317987, 0, {}]
[{"0": [0, 26, 29, 29, 28, 35, 26, 1, 2, 1, 2, 2, 1, 0, 2]}, null, null, 108, false, [], false, 0, [], null, 0, 1744311195.320726, 0, {}]
[{"0": [3, 30, 19, 31, 23, 22, 39, 28, 30, 39, 25, 2, 0, 2, 1]}, null, null, 108, false, [], false, 0, [], null, 0, 1744311195.5369267, 0, {}]
[{"0": [2, 33, 5, 2, 2, 1, 2, 2, 0, 0, 2, 1, 1, 0, 2]}, null, null, 109, false, [], false, 0, [], null, 0, 1744311195.726997, 0, {}]
[{"0": [2, 26, 5, 2, 2, 2, 0, 2, 1, 0, 1, 2, 0, 0, 3]}, null, null, 110, false, [], false, 0, [], null, 0, 1744311195.940484, 0, {}]
[{"0": [0, 28, 32, 24, 30, 26, 39, 35, 31, 33, 21, 1, 1, 4, 0]}, null, null, 110, false, [], false, 0, [], null, 0, 1744311196.1195726, 0, {}]
[{"0": [3, 42, 41, 3, 1, 3, 0, 2, 2, 2, 4, 1, 2, 3, 2]}, null, null, 111, false, [], false, 0, [], null, 0, 1744311196.3209321, 0, {}]
[{"0": [3, 29, 1, 1, 2, 3, 3, 2, 2, 1, 5, 2, 1, 3, 2]}, null, null, 111, false, [], false, 0, [], null, 0, 1744311196.5343544, 0, {}]
[{"0": [1, 31, 27, 33, 35, 30, 33, 30, 36, 37, 29, 35, 38, 33, 35]}, null, null, 112, false, [], false, 0, [], null, 0, 1744311196.7379127, 0, {}]
[{"0": [5, 39, 30, 44, 22, 26, 2, 1, 2, 3, 3, 2, 1, 1, 1]}, null, null, 113, false, [], false, 0, [], null, 0, 1744311196.9402394, 0, {}]
[{"0": [1, 36, 29, 41, 27, 49, 30, 42, 38, 33, 24, 3, 3, 1, 0]}, null, null, 113, false, [], false, 0, [], null, 0, 1744311197.140285, 0, {}]
[{"0": [2, 31, 45, 25, 3, 2, 0, 2, 2, 1, 3, 2, 0, 1, 5]}, null, null, 114, false, [], false, 0, [], null, 0, 1744311197.344416, 0, {}]
[{"0": [0, 35, 37, 28, 33, 2, 1, 2, 0, 2, 0, 1, 0, 2, 0]}, null, null, 114, false, [], false, 0, [], null, 0, 1744311197.5195346, 0, {}]
[{"0": [2, 24, 38, 39, 27, 28, 32, 2, 3, 2, 3, 1, 3, 0, 0]}, null, null, 115, false, [], false, 0, [], null, 0, 1744311197.733802, 0, {}]
[{"0": [2, 33, 2, 7, 2, 0, 5, 1, 2, 2, 2, 2, 2, 0, 0]}, null, null, 116, false, [], false, 0, [], null, 0, 1744311197.9347763, 0, {}]
[{"0": [2, 31, 32, 23, 34, 31, 26, 30, 23, 36, 37, 2, 0, 1, 1]}, null, null, 116, false, [], false, 0, [], null, 0, 1744311198.1368797, 0, {}]
[{"0": [2, 38, 26, 25, 29, 29, 35, 4, 2, 0, 1, 1, 2, 1, 0]}, null, null, 117, false, [], false, 0, [], null, 0, 1744311198.339367, 0, {}]
[{"0": [1, 31, 43, 1, 2, 2, 0, 0, 1, 1, 1, 2, 0, 3, 2]}, null, null, 117, false, [], false, 0, [], null, 0, 1744311198.540958, 0, {}]
[{"0": [1, 37, 33, 0, 3, 1, 1, 2, 0, 2, 3, 3, 2, 2, 1]}, null, null, 118, false, [], false, 0, [], null, 0, 1744311198.738849, 0, {}]
[{"0": [0, 35, 45, 44, 44, 42, 35, 36, 32, 26, 1, 2, 3, 2, 3]}, null, null, 119, false, [], false, 0, [], null, 0, 1744311198.9313664, 0, {}]
[{"0": [1, 24, 45, 24, 31, 26, 35, 21, 33, 26, 27, 37, 24, 29, 33]}, null, null, 119, false, [], false, 0, [], null, 0, 1744311199.1331856, 0, {}]
[{"0": [3, 36, 34, 40, 42, 31, 0, 2, 0, 1, 0, 3, 2, 2, 0]}, null, null, 120, false, [], false, 0, [], null, 0, 1744311199.3408468, 0, {}]
[{"0": [1, 33, 44, 32, 32, 39, 39, 29, 27, 42, 38, 40, 24, 2, 4]}, null, null, 120, false, [], false, 0, [], null, 0, 1744311199.5230973, 0, {}]
[{"0": [1, 39, 30, 39, 31, 30, 42, 34, 24, 0, 1, 1, 2, 5, 3]}, null, null, 121, false, [], false, 0, [], null, 0, 1744311199.7355654, 0, {}]
[{"0": [2, 25, 26, 4, 2, 2, 6, 2, 2, 2, 1, 1, 0, 0, 2]}, null, null, 122, false, [], false, 0, [], null, 0, 1744311199.9273806, 0, {}]
[{"0": [2, 29, 25, 27, 28, 37, 27, 30, 2, 1, 0, 1, 3, 1, 0]}, null, null, 122, false, [], false, 0, [], null, 0, 1744311200.1395302, 0, {}]
[{"0": [3, 35, 31, 35, 2, 2, 2, 5, 0, 1, 2, 2, 0, 5, 2]}, null, null, 123, false, [], false, 0, [], null, 0, 1744311200.3441682, 0, {}]
[{"0": [4, 28, 0, 5, 2, 0, 1, 1, 3, 2, 2, 1, 2, 0, 4]}, null, null, 123, false, [], false, 0, [], null, 0, 1744311200.5241878, 0, {}]
[{"0": [3, 41, 29, 4, 4, 2, 2, 1, 0, 0, 3, 1, 3, 2, 2]}, null, null, 124, false, [], false, 0, [], null, 0, 1744311200.7367053, 0, {}]
[{"0": [1, 37, 28, 0, 0, 1, 1, 2, 0, 2, 4, 1, 1, 2, 1]}, null, null, 125, false, [], false, 0, [], null, 0, 1744311200.939245, 0, {}]
[{"0": [0, 36, 2, 2, 0, 1, 4, 0, 2, 1, 1, 1, 2, 3, 0]}, null, null, 125, false, [], false, 0, [], null, 0, 1744311201.1233997, 0, {}]
[{"0": [0, 28, 2, 2, 0, 1, 0, 3, 0, 1, 3, 5, 4, 4, 3]}, null, null, 126, false, [], false, 0, [], null, 0, 1744311201.3399096, 0, {}]
[{"0": [1, 26, 34, 29, 3, 1, 0, 0, 2, 2, 1, 0, 2, 3, 2]}, null, null, 127, false, [], false, 0, [], null, 0, 1744311201.5234337, 0, {}]
[{"0": [1, 30, 2, 3, 3, 2, 1, 3, 1, 2, 3, 3, 1, 1, 2]}, null, null, 127, false, [], false, 0, [], null, 0, 1744311201.7231255, 0, {}]
[{"0": [1, 43, 36, 28, 28, 38, 27, 29, 0, 1, 0, 2, 1, 1, 2]}, null, null, 128, false, [], false, 0, [], null, 0, 1744311201.9399467, 0, {}]
[{"0": [2, 35, 38, 1, 2, 1, 4, 4, 3, 1, 2, 4, 0, 0, 2]}, null, null, 128, false, [], false, 0, [], null, 0, 1744311202.1451676, 0, {}]
[{"0": [0, 28, 2, 2, 4, 2, 2, 0, 3, 2, 3, 2, 4, 1, 2]}, null, null, 129, false, [], false, 0, [], null, 0, 1744311202.3243618, 0, {}]
[{"0": [1, 27, 1, 1, 1, 0, 1, 1, 2, 1, 6, 2, 3, 1, 2]}, null, null, 130, false, [], false, 0, [], null, 0, 1744311202.5399323, 0, {}]
[{"0": [0, 40, 38, 25, 35, 37, 1, 1, 1, 2, 1, 0, 3, 3, 2]}, null, null, 130, false, [], false, 0, [], null, 0, 1744311202.7431877, 0, {}]
[{"0": [0, 46, 41, 0, 0, 1, 2, 1, 0, 2, 4, 2, 5, 3, 0]}, null, null, 131, false, [], false, 0, [], null, 0, 1744311202.924218, 0, {}]
[{"0": [3, 34, 28, 17, 26, 27, 26, 42, 29, 31, 1, 2, 3, 2, 3]}, null, null, 131, false, [], false, 0, [], null, 0, 1744311203.139403, 0, {}]
[{"0": [2, 30, 28, 35, 28, 2, 1, 3, 1, 0, 2, 1, 1, 0, 3]}, null, null, 132, false, [], false, 0, [], null, 0, 1744311203.324378, 0, {}]
[{"0": [0, 33, 0, 1, 1, 2, 1, 1, 4, 1, 1, 2, 1, 1, 4]}, null, null, 133, false, [], false, 0, [], null, 0, 1744311203.536962, 0, {}]
[{"0": [3, 46, 2, 1, 2, 1, 2, 1, 0, 4, 1, 3, 1, 1, 1]}, null, null, 133, false, [], false, 0, [], null, 0, 1744311203.7325943, 0, {}]
[{"0": [2, 26, 29, 34, 23, 4, 0, 2, 0, 0, 1, 1, 1, 4, 4]}, null, null, 134, false, [], false, 0, [], null, 0, 1744311203.9408069, 0, {}]
[{"0": [1, 28, 1, 2, 5, 4, 3, 0, 2, 4, 0, 3, 0, 1, 2]}, null, null, 134, false, [], false, 0, [], null, 0, 1744311204.1349661, 0, {}]
[{"0": [3, 33, 1, 0, 2, 1, 2, 3, 0, 4, 2, 4, 2, 0, 3]}, null, null, 135, false, [], false, 0, [], null, 0, 1744311204.3229368, 0, {}]
[{"0": [1, 28, 33, 39, 34, 4, 3, 2, 1, 1, 1, 2, 0, 2, 2]}, null, null, 136, false, [], false, 0, [], null, 0, 1744311204.535954, 0, {}]
[{"0": [1, 32, 37, 27, 48, 25, 43, 36, 32, 30, 24, 26, 31, 34, 41]}, null, null, 136, false, [], false, 0, [], null, 0, 1744311204.7256207, 0, {}]
[{"0": [3, 3, 4, 1, 3, 3, 0, 3, 2, 6, 9, 2, 37, 6, 5]}, null, null, 137, false, [], false, 0, [], null, 0, 1744311204.9224083, 0, {}]
[{"0": [4, 46, 34, 6, 2, 1, 2, 3, 0, 0, 4, 1, 4, 1, 3]}, null, null, 137, false, [], false, 0, [], null, 0, 1744311205.122211, 0, {}]
[{"0": [4, 46, 32, 25, 29, 2, 1, 0, 1, 3, 3, 3, 0, 2, 1]}, null, null, 138, false, [], false, 0, [], null, 0, 1744311205.336353, 0, {}]
[{"0": [1, 25, 32, 27, 31, 29, 1, 1, 3, 2, 3, 2, 0, 3, 1]}, null, null, 139, false, [], false, 0, [], null, 0, 1744311205.5402076, 0, {}]
[{"0": [3, 1, 3, 3, 0, 2, 4, 3, 6, 2, 0, 3, 2, 1, 1]}, null, null, 139, false, [], false, 0, [], null, 0, 1744311205.7246735, 0, {}]
[{"0": [2, 30, 31, 28, 29, 30, 25, 45, 30, 28, 31, 28, 29, 19, 38]}, null, null, 140, false, [], false, 0, [], null, 0, 1744311205.9268463, 0, {}]
[{"0": [1, 28, 1, 2, 0, 3, 2, 2, 1, 0, 1, 1, 4, 2, 1]}, null, null, 140, false, [], false, 0, [], null, 0, 1744311206.1291933, 0, {}]
[{"0": [2, 35, 33, 1, 0, 2, 0, 3, 3, 3, 1, 2, 2, 3, 0]}, null, null, 141, false, [], false, 0, [], null, 0, 1744311206.3273711, 0, {}]
[{"0": [3, 33, 4, 3, 0, 1, 2, 1, 0, 0, 1, 2, 3, 2, 1]}, null, null, 142, false, [], false, 0, [], null, 0, 1744311206.542549, 0, {}]
[{"0": [3, 1, 30, 1, 3, 2, 3, 3, 0, 3, 2, 0, 7, 4, 4]}, null, null, 142, false, [], false, 0, [], null, 0, 1744311206.731978, 0, {}]
[{"0": [0, 28, 27, 26, 4, 6, 3, 2, 2, 2, 2, 5, 0, 3, 3]}, null, null, 143, false, [], false, 0, [], null, 0, 1744311206.941039, 0, {}]
[{"0": [3, 32, 34, 30, 3, 3, 5, 5, 3, 1, 2, 3, 3, 3, 1]}, null, null, 143, false, [], false, 0, [], null, 0, 1744311207.1255271, 0, {}]
[{"0": [4, 32, 35, 51, 38, 2, 2, 2, 1, 2, 3, 3, 2, 0, 1]}, null, null, 144, false, [], false, 0, [], null, 0, 1744311207.33461, 0, {}]
[{"0": [3, 36, 37, 34, 30, 41, 34, 31, 36, 29, 2, 1, 1, 2, 2]}, null, null, 145, false, [], false, 0, [], null, 0, 1744311207.5205069, 0, {}]
[{"0": [3, 30, 3, 1, 5, 0, 2, 3, 1, 1, 0, 0, 3, 0, 0]}, null, null, 145, false, [], false, 0, [], null, 0, 1744311207.7231684, 0, {}]
[{"0": [0, 1, 1, 2, 2, 2, 30, 26, 38, 34, 0, 1, 1, 3, 4]}, null, null, 146, false, [], false, 0, [], null, 0, 1744311207.9334717, 0, {}]
[{"0": [2, 29, 27, 2, 1, 5, 1, 2, 2, 3, 4, 2, 2, 0, 2]}, null, null, 146, false, [], false, 0, [], null, 0, 1744311208.1242125, 0, {}]
[{"0": [2, 34, 1, 2, 3, 1, 2, 1, 0, 1, 1, 0, 1, 1, 0]}, null, null, 147, false, [], false, 0, [], null, 0, 1744311208.3381035, 0, {}]
[{"0": [9, 26, 33, 3, 2, 2, 0, 4, 1, 3, 4, 3, 1, 5, 3]}, null, null, 148, false, [], false, 0, [], null, 0, 1744311208.535327, 0, {}]
[{"0": [4, 38, 32, 38, 3, 0, 2, 0, 1, 2, 2, 2, 1, 2, 1]}, null, null, 148, false, [], false, 0, [], null, 0, 1744311208.7352812, 0, {}]
[{"0": [1, 33, 2, 0, 1, 0, 4, 2, 1, 2, 0, 2, 3, 0, 3]}, null, null, 149, false, [], false, 0, [], null, 0, 1744311208.9264133, 0, {}]
[{"0": [1, 34, 0, 0, 2, 0, 2, 2, 2, 1, 1, 0, 0, 0, 0]}, null, null, 149, false, [], false, 0, [], null, 0, 1744311209.1284459, 0, {}]
[{"0": [2, 33, 41, 34, 28, 30, 2, 0, 0, 0, 4, 4, 1, 0, 0]}, null, null, 150, true, [], false, 0, [], null, 0, 1744311209.325858, 0, {}]
