[{"0": [2, 31, 36, 7, 1, 1, 4, 4, 2, 4, 2, 3, 2, 3, 0]}, null, null, 0, false, [], false, 0, [], null, 0, 1744307556.018934, 0, {}]
[{"0": [4, 40, 38, 45, 39, 33, 40, 42, 37, 27, 1, 3, 1, 2, 2]}, null, null, 1, false, [], false, 0, [], null, 0, 1744307556.2320013, 0, {}]
[{"0": [3, 42, 44, 2, 2, 1, 5, 1, 4, 3, 2, 1, 3, 6, 0]}, null, null, 1, false, [], false, 0, [], null, 0, 1744307556.4452045, 0, {}]
[{"0": [2, 63, 34, 32, 5, 0, 1, 3, 0, 1, 6, 0, 4, 0, 1]}, null, null, 2, false, [], false, 0, [], null, 0, 1744307556.6464548, 0, {}]
[{"0": [0, 31, 38, 0, 2, 1, 2, 2, 1, 2, 3, 0, 3, 1, 0]}, null, null, 2, false, [], false, 0, [], null, 0, 1744307556.8470967, 0, {}]
[{"0": [3, 31, 43, 44, 28, 40, 21, 3, 0, 1, 1, 2, 0, 1, 1]}, null, null, 3, false, [], false, 0, [], null, 0, 1744307557.0445306, 0, {}]
[{"0": [2, 26, 0, 2, 0, 0, 2, 2, 3, 3, 3, 1, 2, 2, 2]}, null, null, 4, false, [], false, 0, [], null, 0, 1744307557.2395422, 0, {}]
[{"0": [1, 1, 1, 33, 25, 37, 39, 26, 0, 3, 1, 4, 0, 0, 2]}, null, null, 4, false, [], false, 0, [], null, 0, 1744307557.4291136, 0, {}]
[{"0": [1, 1, 3, 2, 0, 49, 32, 36, 31, 37, 32, 27, 39, 44, 29]}, null, null, 5, false, [], false, 0, [], null, 0, 1744307557.645075, 0, {}]
[{"0": [4, 35, 1, 0, 2, 0, 3, 0, 2, 2, 2, 2, 3, 3, 2]}, null, null, 5, false, [], false, 0, [], null, 0, 1744307557.8343918, 0, {}]
[{"0": [0, 32, 35, 3, 1, 1, 1, 1, 3, 3, 7, 3, 1, 2, 2]}, null, null, 6, false, [], false, 0, [], null, 0, 1744307558.0446413, 0, {}]
[{"0": [0, 34, 35, 40, 41, 37, 2, 4, 1, 1, 2, 4, 3, 2, 2]}, null, null, 7, false, [], false, 0, [], null, 0, 1744307558.2433982, 0, {}]
[{"0": [1, 37, 37, 2, 4, 2, 2, 0, 3, 1, 1, 2, 0, 0, 1]}, null, null, 7, false, [], false, 0, [], null, 0, 1744307558.4384365, 0, {}]
[{"0": [2, 36, 0, 2, 2, 2, 2, 1, 1, 1, 3, 2, 4, 2, 2]}, null, null, 8, false, [], false, 0, [], null, 0, 1744307558.6303716, 0, {}]
[{"0": [2, 36, 35, 33, 42, 2, 0, 3, 1, 4, 0, 2, 3, 1, 2]}, null, null, 8, false, [], false, 0, [], null, 0, 1744307558.8354924, 0, {}]
[{"0": [1, 37, 27, 41, 26, 30, 2, 1, 2, 3, 0, 4, 2, 2, 1]}, null, null, 9, false, [], false, 0, [], null, 0, 1744307559.037727, 0, {}]
[{"0": [3, 33, 32, 40, 1, 4, 2, 2, 3, 2, 3, 3, 1, 1, 4]}, null, null, 10, false, [], false, 0, [], null, 0, 1744307559.2335598, 0, {}]
[{"0": [33, 38, 2, 5, 2, 1, 4, 0, 1, 5, 3, 3, 3, 1, 2]}, null, null, 10, false, [], false, 0, [], null, 0, 1744307559.43276, 0, {}]
[{"0": [2, 2, 1, 3, 1, 53, 36, 42, 37, 2, 0, 4, 0, 1, 2]}, null, null, 11, false, [], false, 0, [], null, 0, 1744307559.6468425, 0, {}]
[{"0": [2, 40, 2, 2, 3, 3, 3, 2, 2, 2, 1, 1, 2, 1, 3]}, null, null, 11, false, [], false, 0, [], null, 0, 1744307559.8265674, 0, {}]
[{"0": [3, 32, 44, 41, 42, 1, 1, 0, 1, 3, 3, 2, 3, 0, 2]}, null, null, 12, false, [], false, 0, [], null, 0, 1744307560.0334382, 0, {}]
[{"0": [2, 33, 37, 38, 32, 41, 41, 33, 40, 1, 1, 4, 3, 2, 2]}, null, null, 13, false, [], false, 0, [], null, 0, 1744307560.2486076, 0, {}]
[{"0": [0, 36, 2, 2, 1, 0, 6, 1, 2, 3, 2, 3, 0, 3, 1]}, null, null, 13, false, [], false, 0, [], null, 0, 1744307560.428702, 0, {}]
[{"0": [2, 39, 35, 2, 0, 3, 1, 2, 1, 3, 1, 1, 2, 2, 5]}, null, null, 14, false, [], false, 0, [], null, 0, 1744307560.6397023, 0, {}]
[{"0": [0, 42, 42, 33, 39, 3, 1, 2, 0, 3, 1, 0, 0, 3, 0]}, null, null, 14, false, [], false, 0, [], null, 0, 1744307560.8405852, 0, {}]
[{"0": [1, 45, 39, 34, 24, 30, 39, 34, 1, 2, 2, 0, 1, 5, 3]}, null, null, 15, false, [], false, 0, [], null, 0, 1744307561.0420403, 0, {}]
[{"0": [2, 38, 28, 32, 27, 33, 36, 34, 34, 34, 30, 3, 3, 3, 1]}, null, null, 16, false, [], false, 0, [], null, 0, 1744307561.2446349, 0, {}]
[{"0": [1, 26, 45, 43, 2, 1, 6, 2, 2, 2, 1, 0, 2, 3, 2]}, null, null, 16, false, [], false, 0, [], null, 0, 1744307561.4478056, 0, {}]
[{"0": [4, 42, 29, 25, 32, 39, 41, 32, 34, 41, 30, 0, 4, 4, 4]}, null, null, 17, false, [], false, 0, [], null, 0, 1744307561.6463153, 0, {}]
[{"0": [1, 0, 5, 3, 1, 3, 3, 50, 30, 44, 34, 34, 32, 51, 28]}, null, null, 17, false, [], false, 0, [], null, 0, 1744307561.8475404, 0, {}]
[{"0": [0, 27, 2, 4, 3, 2, 3, 2, 2, 0, 3, 0, 2, 1, 3]}, null, null, 18, false, [], false, 0, [], null, 0, 1744307562.0278718, 0, {}]
[{"0": [3, 37, 39, 35, 29, 42, 41, 31, 2, 0, 2, 1, 2, 0, 1]}, null, null, 19, false, [], false, 0, [], null, 0, 1744307562.2396934, 0, {}]
[{"0": [3, 0, 0, 0, 3, 42, 44, 37, 27, 45, 50, 2, 2, 0, 3]}, null, null, 19, false, [], false, 0, [], null, 0, 1744307562.4300876, 0, {}]
[{"0": [0, 0, 0, 1, 2, 41, 29, 3, 1, 3, 1, 5, 2, 1, 3]}, null, null, 20, false, [], false, 0, [], null, 0, 1744307562.6332538, 0, {}]
[{"0": [2, 46, 47, 46, 43, 30, 41, 43, 33, 34, 33, 41, 35, 42, 37]}, null, null, 20, false, [], false, 0, [], null, 0, 1744307562.8360772, 0, {}]
[{"0": [3, 33, 27, 33, 32, 43, 37, 40, 40, 2, 1, 1, 0, 1, 2]}, null, null, 21, false, [], false, 0, [], null, 0, 1744307563.0493984, 0, {}]
[{"0": [4, 2, 0, 37, 56, 3, 0, 0, 1, 4, 3, 0, 0, 2, 0]}, null, null, 22, false, [], false, 0, [], null, 0, 1744307563.229243, 0, {}]
[{"0": [0, 36, 32, 37, 50, 31, 38, 47, 40, 3, 1, 3, 1, 3, 4]}, null, null, 22, false, [], false, 0, [], null, 0, 1744307563.4308243, 0, {}]
[{"0": [1, 35, 37, 37, 2, 4, 3, 5, 1, 1, 1, 4, 1, 0, 2]}, null, null, 23, false, [], false, 0, [], null, 0, 1744307563.6478465, 0, {}]
[{"0": [3, 39, 53, 33, 31, 42, 34, 42, 28, 44, 3, 4, 3, 1, 1]}, null, null, 23, false, [], false, 0, [], null, 0, 1744307563.830282, 0, {}]
[{"0": [3, 34, 36, 38, 27, 35, 39, 36, 35, 3, 1, 2, 1, 0, 1]}, null, null, 24, false, [], false, 0, [], null, 0, 1744307564.0477731, 0, {}]
[{"0": [1, 38, 44, 31, 39, 40, 38, 34, 37, 20, 47, 42, 40, 2, 0]}, null, null, 25, false, [], false, 0, [], null, 0, 1744307564.2305923, 0, {}]
[{"0": [2, 34, 0, 3, 3, 1, 4, 2, 0, 2, 0, 0, 0, 3, 4]}, null, null, 25, false, [], false, 0, [], null, 0, 1744307564.4274094, 0, {}]
[{"0": [3, 31, 44, 1, 3, 4, 4, 4, 0, 0, 2, 1, 3, 2, 2]}, null, null, 26, false, [], false, 0, [], null, 0, 1744307564.6283107, 0, {}]
[{"0": [0, 34, 33, 3, 1, 5, 2, 2, 0, 3, 3, 2, 2, 1, 2]}, null, null, 27, false, [], false, 0, [], null, 0, 1744307564.851361, 0, {}]
[{"0": [2, 32, 2, 1, 2, 1, 1, 1, 1, 2, 3, 4, 3, 3, 1]}, null, null, 27, false, [], false, 0, [], null, 0, 1744307565.0418818, 0, {}]
[{"0": [5, 37, 29, 2, 1, 1, 3, 3, 2, 1, 0, 1, 2, 4, 3]}, null, null, 28, false, [], false, 0, [], null, 0, 1744307565.2229848, 0, {}]
[{"0": [2, 30, 36, 3, 2, 1, 2, 2, 1, 2, 2, 1, 2, 2, 1]}, null, null, 28, false, [], false, 0, [], null, 0, 1744307565.4330568, 0, {}]
[{"0": [0, 26, 43, 14, 1, 3, 2, 1, 0, 1, 3, 1, 2, 1, 3]}, null, null, 29, false, [], false, 0, [], null, 0, 1744307565.6366363, 0, {}]
[{"0": [4, 40, 38, 2, 1, 2, 0, 1, 2, 2, 0, 3, 2, 2, 3]}, null, null, 30, false, [], false, 0, [], null, 0, 1744307565.8355408, 0, {}]
[{"0": [1, 31, 28, 0, 0, 5, 1, 4, 0, 3, 5, 0, 2, 2, 2]}, null, null, 30, false, [], false, 0, [], null, 0, 1744307566.0342767, 0, {}]
[{"0": [1, 1, 2, 1, 3, 42, 2, 1, 3, 1, 3, 1, 4, 0, 1]}, null, null, 31, false, [], false, 0, [], null, 0, 1744307566.234498, 0, {}]
[{"0": [2, 31, 0, 4, 2, 3, 1, 0, 0, 0, 2, 0, 3, 1, 1]}, null, null, 31, false, [], false, 0, [], null, 0, 1744307566.430726, 0, {}]
[{"0": [2, 2, 0, 1, 2, 3, 2, 0, 3, 1, 3, 33, 41, 30, 2]}, null, null, 32, false, [], false, 0, [], null, 0, 1744307566.6422758, 0, {}]
[{"0": [4, 0, 1, 4, 27, 32, 33, 38, 23, 34, 25, 3, 3, 2, 3]}, null, null, 33, false, [], false, 0, [], null, 0, 1744307566.8404338, 0, {}]
[{"0": [2, 29, 2, 1, 1, 4, 2, 0, 2, 3, 1, 1, 2, 1, 0]}, null, null, 33, false, [], false, 0, [], null, 0, 1744307567.0431504, 0, {}]
[{"0": [1, 1, 1, 3, 1, 0, 2, 1, 2, 2, 1, 2, 31, 48, 32]}, null, null, 34, false, [], false, 0, [], null, 0, 1744307567.2396908, 0, {}]
[{"0": [2, 34, 20, 29, 33, 42, 30, 33, 25, 31, 2, 1, 1, 3, 2]}, null, null, 34, false, [], false, 0, [], null, 0, 1744307567.4480631, 0, {}]
[{"0": [3, 43, 33, 41, 36, 31, 38, 49, 40, 3, 3, 1, 5, 4, 2]}, null, null, 35, false, [], false, 0, [], null, 0, 1744307567.6280727, 0, {}]
[{"0": [2, 45, 2, 3, 1, 2, 2, 1, 3, 4, 0, 2, 2, 1, 1]}, null, null, 36, false, [], false, 0, [], null, 0, 1744307567.843029, 0, {}]
[{"0": [4, 36, 2, 0, 2, 2, 0, 4, 1, 2, 0, 2, 2, 3, 3]}, null, null, 36, false, [], false, 0, [], null, 0, 1744307568.0450497, 0, {}]
[{"0": [0, 3, 1, 31, 41, 36, 42, 39, 1, 3, 4, 3, 1, 2, 1]}, null, null, 37, false, [], false, 0, [], null, 0, 1744307568.2278244, 0, {}]
[{"0": [2, 32, 43, 30, 38, 2, 3, 1, 3, 1, 0, 0, 5, 3, 1]}, null, null, 37, false, [], false, 0, [], null, 0, 1744307568.4311593, 0, {}]
[{"0": [3, 2, 4, 41, 43, 40, 39, 28, 29, 47, 2, 3, 1, 2, 2]}, null, null, 38, false, [], false, 0, [], null, 0, 1744307568.6322656, 0, {}]
[{"0": [2, 40, 5, 3, 3, 2, 3, 1, 1, 0, 1, 2, 1, 1, 1]}, null, null, 39, false, [], false, 0, [], null, 0, 1744307568.8513474, 0, {}]
[{"0": [1, 4, 2, 2, 39, 1, 3, 1, 0, 2, 0, 1, 1, 2, 3]}, null, null, 39, false, [], false, 0, [], null, 0, 1744307569.0490088, 0, {}]
[{"0": [2, 31, 38, 32, 39, 0, 2, 1, 2, 2, 3, 2, 1, 2, 2]}, null, null, 40, false, [], false, 0, [], null, 0, 1744307569.2277398, 0, {}]
[{"0": [2, 34, 36, 39, 41, 37, 38, 31, 34, 33, 31, 43, 37, 36, 33]}, null, null, 40, false, [], false, 0, [], null, 0, 1744307569.4430945, 0, {}]
[{"0": [27, 23, 37, 43, 25, 37, 40, 39, 37, 37, 0, 2, 1, 1, 0]}, null, null, 41, false, [], false, 0, [], null, 0, 1744307569.6504261, 0, {}]
[{"0": [1, 34, 35, 40, 47, 43, 30, 2, 2, 3, 0, 4, 3, 2, 1]}, null, null, 42, false, [], false, 0, [], null, 0, 1744307569.8323767, 0, {}]
[{"0": [1, 33, 35, 35, 2, 1, 0, 2, 2, 2, 2, 1, 2, 0, 1]}, null, null, 42, false, [], false, 0, [], null, 0, 1744307570.0324337, 0, {}]
[{"0": [3, 42, 29, 42, 35, 36, 33, 41, 48, 37, 40, 37, 35, 39, 41]}, null, null, 43, false, [], false, 0, [], null, 0, 1744307570.2419631, 0, {}]
[{"0": [1, 39, 1, 0, 5, 0, 1, 1, 1, 2, 4, 0, 3, 0, 2]}, null, null, 43, false, [], false, 0, [], null, 0, 1744307570.427928, 0, {}]
[{"0": [3, 31, 30, 50, 37, 28, 1, 0, 2, 5, 1, 1, 0, 0, 0]}, null, null, 44, false, [], false, 0, [], null, 0, 1744307570.6440563, 0, {}]
[{"0": [6, 38, 37, 2, 1, 1, 1, 0, 1, 1, 2, 0, 2, 2, 2]}, null, null, 45, false, [], false, 0, [], null, 0, 1744307570.829796, 0, {}]
[{"0": [1, 35, 30, 44, 1, 3, 2, 2, 1, 1, 1, 3, 2, 1, 2]}, null, null, 45, false, [], false, 0, [], null, 0, 1744307571.0482852, 0, {}]
[{"0": [1, 38, 37, 34, 41, 41, 45, 1, 1, 2, 2, 1, 1, 2, 0]}, null, null, 46, false, [], false, 0, [], null, 0, 1744307571.23707, 0, {}]
[{"0": [1, 33, 32, 1, 1, 2, 3, 3, 1, 2, 5, 2, 1, 2, 1]}, null, null, 46, false, [], false, 0, [], null, 0, 1744307571.445288, 0, {}]
[{"0": [2, 31, 32, 38, 33, 29, 37, 37, 26, 30, 42, 32, 32, 44, 36]}, null, null, 47, false, [], false, 0, [], null, 0, 1744307571.6279697, 0, {}]
[{"0": [1, 40, 4, 3, 4, 1, 2, 2, 0, 2, 0, 4, 1, 2, 3]}, null, null, 48, false, [], false, 0, [], null, 0, 1744307571.8320236, 0, {}]
[{"0": [1, 43, 24, 38, 0, 1, 1, 1, 0, 0, 2, 2, 1, 2, 3]}, null, null, 48, false, [], false, 0, [], null, 0, 1744307572.0314443, 0, {}]
[{"0": [2, 35, 1, 3, 3, 5, 2, 3, 0, 0, 7, 0, 4, 0, 4]}, null, null, 49, false, [], false, 0, [], null, 0, 1744307572.2267704, 0, {}]
[{"0": [4, 41, 1, 3, 2, 1, 1, 2, 3, 4, 0, 4, 3, 0, 0]}, null, null, 49, false, [], false, 0, [], null, 0, 1744307572.4488602, 0, {}]
[{"0": [2, 31, 39, 44, 30, 1, 1, 1, 2, 3, 2, 0, 3, 0, 0]}, null, null, 50, false, [], false, 0, [], null, 0, 1744307572.6400151, 0, {}]
[{"0": [1, 48, 39, 37, 2, 4, 1, 2, 2, 3, 1, 1, 1, 1, 4]}, null, null, 51, false, [], false, 0, [], null, 0, 1744307572.8514967, 0, {}]
[{"0": [1, 2, 1, 0, 0, 1, 3, 2, 2, 3, 4, 3, 0, 2, 2]}, null, null, 51, false, [], false, 0, [], null, 0, 1744307573.0355184, 0, {}]
[{"0": [2, 3, 2, 30, 36, 39, 42, 44, 35, 3, 1, 4, 1, 3, 3]}, null, null, 52, false, [], false, 0, [], null, 0, 1744307573.2333574, 0, {}]
[{"0": [1, 38, 31, 27, 1, 4, 1, 2, 2, 2, 0, 2, 1, 4, 3]}, null, null, 52, false, [], false, 0, [], null, 0, 1744307573.4274507, 0, {}]
[{"0": [4, 32, 28, 28, 32, 31, 37, 40, 23, 38, 26, 0, 2, 2, 1]}, null, null, 53, false, [], false, 0, [], null, 0, 1744307573.6339595, 0, {}]
[{"0": [0, 29, 24, 3, 1, 1, 2, 2, 2, 5, 1, 3, 1, 1, 1]}, null, null, 54, false, [], false, 0, [], null, 0, 1744307573.8325143, 0, {}]
[{"0": [1, 43, 33, 22, 35, 32, 36, 4, 0, 1, 2, 0, 2, 2, 1]}, null, null, 54, false, [], false, 0, [], null, 0, 1744307574.0476987, 0, {}]
[{"0": [2, 37, 35, 0, 3, 2, 1, 3, 3, 0, 1, 2, 1, 4, 0]}, null, null, 55, false, [], false, 0, [], null, 0, 1744307574.24455, 0, {}]
[{"0": [1, 39, 38, 34, 36, 43, 31, 26, 36, 38, 27, 29, 27, 35, 0]}, null, null, 55, false, [], false, 0, [], null, 0, 1744307574.4455392, 0, {}]
[{"0": [1, 1, 1, 40, 1, 1, 3, 4, 1, 1, 4, 2, 2, 1, 0]}, null, null, 56, false, [], false, 0, [], null, 0, 1744307574.6280527, 0, {}]
[{"0": [1, 23, 33, 48, 39, 4, 2, 1, 3, 1, 4, 2, 4, 1, 3]}, null, null, 57, false, [], false, 0, [], null, 0, 1744307574.8302803, 0, {}]
[{"0": [2, 3, 1, 1, 2, 2, 3, 0, 1, 1, 25, 31, 40, 34, 2]}, null, null, 57, false, [], false, 0, [], null, 0, 1744307575.027048, 0, {}]
[{"0": [3, 37, 3, 2, 1, 2, 0, 0, 0, 4, 1, 2, 0, 2, 2]}, null, null, 58, false, [], false, 0, [], null, 0, 1744307575.2380567, 0, {}]
[{"0": [0, 46, 32, 27, 40, 4, 3, 1, 4, 2, 1, 3, 2, 1, 3]}, null, null, 58, false, [], false, 0, [], null, 0, 1744307575.4288678, 0, {}]
[{"0": [4, 1, 1, 1, 23, 41, 3, 1, 6, 1, 2, 1, 1, 4, 1]}, null, null, 59, false, [], false, 0, [], null, 0, 1744307575.6443906, 0, {}]
[{"0": [1, 40, 38, 39, 38, 40, 35, 33, 35, 38, 36, 4, 3, 1, 1]}, null, null, 60, false, [], false, 0, [], null, 0, 1744307575.83524, 0, {}]
[{"0": [1, 35, 42, 33, 1, 2, 5, 1, 1, 1, 3, 1, 1, 4, 4]}, null, null, 60, false, [], false, 0, [], null, 0, 1744307576.0234768, 0, {}]
[{"0": [3, 1, 2, 0, 1, 3, 6, 2, 1, 32, 0, 3, 3, 2, 1]}, null, null, 61, false, [], false, 0, [], null, 0, 1744307576.2375462, 0, {}]
[{"0": [3, 2, 5, 2, 2, 4, 3, 3, 2, 5, 1, 2, 2, 3, 1]}, null, null, 61, false, [], false, 0, [], null, 0, 1744307576.4323995, 0, {}]
[{"0": [2, 1, 2, 0, 1, 1, 2, 1, 2, 3, 2, 3, 2, 1, 2]}, null, null, 62, false, [], false, 0, [], null, 0, 1744307576.6477735, 0, {}]
[{"0": [3, 3, 2, 27, 3, 2, 0, 3, 4, 0, 2, 1, 3, 2, 1]}, null, null, 63, false, [], false, 0, [], null, 0, 1744307576.826333, 0, {}]
[{"0": [2, 36, 44, 32, 32, 37, 43, 32, 3, 4, 0, 0, 0, 1, 1]}, null, null, 63, false, [], false, 0, [], null, 0, 1744307577.0466456, 0, {}]
[{"0": [1, 35, 26, 0, 3, 1, 0, 4, 2, 0, 3, 1, 1, 3, 1]}, null, null, 64, false, [], false, 0, [], null, 0, 1744307577.2271218, 0, {}]
[{"0": [0, 1, 1, 2, 3, 36, 34, 40, 29, 36, 3, 1, 5, 2, 5]}, null, null, 64, false, [], false, 0, [], null, 0, 1744307577.438283, 0, {}]
[{"0": [2, 31, 31, 35, 36, 26, 34, 39, 37, 0, 3, 0, 0, 0, 1]}, null, null, 65, false, [], false, 0, [], null, 0, 1744307577.6324437, 0, {}]
[{"0": [3, 31, 1, 3, 2, 3, 0, 3, 2, 1, 2, 2, 4, 3, 2]}, null, null, 66, false, [], false, 0, [], null, 0, 1744307577.8283718, 0, {}]
[{"0": [0, 43, 33, 30, 26, 37, 31, 32, 26, 42, 42, 30, 32, 3, 5]}, null, null, 66, false, [], false, 0, [], null, 0, 1744307578.0276496, 0, {}]
[{"0": [2, 30, 46, 26, 40, 4, 2, 2, 2, 1, 0, 1, 5, 0, 2]}, null, null, 67, false, [], false, 0, [], null, 0, 1744307578.2262204, 0, {}]
[{"0": [2, 34, 3, 5, 0, 3, 5, 1, 4, 1, 0, 1, 0, 1, 7]}, null, null, 67, false, [], false, 0, [], null, 0, 1744307578.4408746, 0, {}]
[{"0": [0, 31, 1, 3, 1, 0, 2, 0, 1, 1, 6, 1, 0, 0, 0]}, null, null, 68, false, [], false, 0, [], null, 0, 1744307578.6470633, 0, {}]
[{"0": [2, 41, 23, 1, 4, 3, 1, 2, 2, 3, 3, 2, 1, 3, 3]}, null, null, 69, false, [], false, 0, [], null, 0, 1744307578.8276768, 0, {}]
[{"0": [2, 41, 34, 34, 5, 3, 1, 3, 1, 2, 4, 1, 1, 2, 2]}, null, null, 69, false, [], false, 0, [], null, 0, 1744307579.0305982, 0, {}]
[{"0": [4, 30, 38, 3, 3, 2, 0, 1, 2, 2, 2, 1, 3, 3, 2]}, null, null, 70, false, [], false, 0, [], null, 0, 1744307579.2249987, 0, {}]
[{"0": [1, 31, 39, 33, 26, 0, 1, 1, 0, 1, 1, 2, 2, 0, 3]}, null, null, 70, false, [], false, 0, [], null, 0, 1744307579.4267797, 0, {}]
[{"0": [0, 40, 3, 2, 1, 2, 2, 1, 0, 1, 1, 8, 3, 2, 2]}, null, null, 71, false, [], false, 0, [], null, 0, 1744307579.6278949, 0, {}]
[{"0": [6, 39, 43, 41, 0, 0, 0, 2, 4, 3, 3, 2, 1, 1, 0]}, null, null, 72, false, [], false, 0, [], null, 0, 1744307579.827702, 0, {}]
[{"0": [3, 1, 38, 40, 1, 2, 0, 2, 1, 1, 0, 2, 0, 1, 1]}, null, null, 72, false, [], false, 0, [], null, 0, 1744307580.0391433, 0, {}]
[{"0": [2, 37, 4, 2, 1, 3, 4, 3, 2, 4, 5, 2, 0, 3, 3]}, null, null, 73, false, [], false, 0, [], null, 0, 1744307580.2266366, 0, {}]
[{"0": [2, 6, 9, 5, 2, 5, 4, 5, 5, 2, 5, 8, 5, 6, 9]}, null, null, 73, false, [], false, 0, [], null, 0, 1744307580.4355793, 0, {}]
[{"0": [15, 13, 10, 10, 16, 14, 24, 19, 33, 31, 33, 32, 2, 1, 1]}, null, null, 74, false, [], false, 0, [], null, 0, 1744307580.6273148, 0, {}]
[{"0": [1, 2, 2, 2, 3, 1, 1, 2, 2, 2, 4, 4, 0, 1, 1]}, null, null, 75, false, [], false, 0, [], null, 0, 1744307580.8283167, 0, {}]
[{"0": [2, 32, 2, 1, 4, 2, 3, 2, 2, 3, 1, 0, 2, 2, 2]}, null, null, 75, false, [], false, 0, [], null, 0, 1744307581.0434783, 0, {}]
[{"0": [2, 28, 0, 1, 4, 0, 1, 2, 2, 1, 4, 0, 1, 2, 0]}, null, null, 76, false, [], false, 0, [], null, 0, 1744307581.2421317, 0, {}]
[{"0": [2, 36, 46, 29, 30, 35, 39, 39, 29, 37, 31, 29, 2, 1, 1]}, null, null, 77, false, [], false, 0, [], null, 0, 1744307581.4279418, 0, {}]
[{"0": [1, 26, 1, 6, 0, 1, 1, 2, 0, 0, 1, 0, 0, 0, 2]}, null, null, 77, false, [], false, 0, [], null, 0, 1744307581.6311998, 0, {}]
[{"0": [1, 1, 0, 1, 4, 2, 0, 6, 33, 42, 25, 4, 2, 2, 1]}, null, null, 78, false, [], false, 0, [], null, 0, 1744307581.8459659, 0, {}]
[{"0": [2, 1, 7, 4, 1, 3, 2, 1, 1, 2, 0, 4, 1, 3, 32]}, null, null, 78, false, [], false, 0, [], null, 0, 1744307582.029682, 0, {}]
[{"0": [2, 34, 32, 28, 29, 2, 0, 3, 5, 3, 3, 3, 2, 5, 2]}, null, null, 79, false, [], false, 0, [], null, 0, 1744307582.2245605, 0, {}]
[{"0": [30, 41, 31, 34, 36, 42, 39, 33, 42, 36, 35, 46, 36, 33, 44]}, null, null, 80, false, [], false, 0, [], null, 0, 1744307582.4422593, 0, {}]
[{"0": [4, 31, 25, 26, 34, 42, 34, 34, 34, 40, 27, 2, 2, 0, 4]}, null, null, 80, false, [], false, 0, [], null, 0, 1744307582.644137, 0, {}]
[{"0": [6, 42, 32, 32, 30, 27, 0, 4, 1, 1, 2, 2, 0, 2, 0]}, null, null, 81, false, [], false, 0, [], null, 0, 1744307582.8235657, 0, {}]
[{"0": [1, 32, 32, 33, 46, 37, 1, 1, 1, 3, 1, 1, 0, 1, 3]}, null, null, 81, false, [], false, 0, [], null, 0, 1744307583.0432725, 0, {}]
[{"0": [1, 44, 31, 41, 31, 33, 40, 32, 49, 36, 31, 45, 38, 32, 34]}, null, null, 82, false, [], false, 0, [], null, 0, 1744307583.2454028, 0, {}]
[{"0": [2, 38, 3, 4, 0, 1, 1, 4, 4, 2, 4, 3, 3, 3, 1]}, null, null, 83, false, [], false, 0, [], null, 0, 1744307583.4234636, 0, {}]
[{"0": [4, 42, 36, 3, 3, 5, 1, 2, 3, 2, 4, 5, 0, 1, 3]}, null, null, 83, false, [], false, 0, [], null, 0, 1744307583.6422014, 0, {}]
[{"0": [1, 1, 0, 2, 6, 24, 24, 42, 33, 2, 3, 5, 1, 2, 1]}, null, null, 84, false, [], false, 0, [], null, 0, 1744307583.8272536, 0, {}]
[{"0": [2, 35, 2, 0, 3, 3, 2, 1, 4, 2, 2, 3, 1, 3, 1]}, null, null, 84, false, [], false, 0, [], null, 0, 1744307584.0240307, 0, {}]
[{"0": [0, 35, 1, 3, 2, 2, 3, 1, 0, 2, 1, 4, 0, 3, 2]}, null, null, 85, false, [], false, 0, [], null, 0, 1744307584.238738, 0, {}]
[{"0": [3, 37, 36, 0, 0, 2, 4, 0, 2, 3, 0, 1, 1, 1, 3]}, null, null, 86, false, [], false, 0, [], null, 0, 1744307584.4289846, 0, {}]
[{"0": [3, 38, 31, 35, 41, 29, 35, 42, 27, 42, 30, 39, 38, 36, 30]}, null, null, 86, false, [], false, 0, [], null, 0, 1744307584.6441784, 0, {}]
[{"0": [2, 34, 38, 0, 2, 1, 1, 0, 1, 3, 2, 1, 0, 2, 3]}, null, null, 87, false, [], false, 0, [], null, 0, 1744307584.8426003, 0, {}]
[{"0": [5, 48, 38, 27, 28, 46, 43, 36, 34, 35, 35, 37, 2, 5, 0]}, null, null, 87, false, [], false, 0, [], null, 0, 1744307585.0395668, 0, {}]
[{"0": [3, 33, 3, 1, 1, 1, 2, 3, 2, 1, 3, 1, 1, 3, 3]}, null, null, 88, false, [], false, 0, [], null, 0, 1744307585.2435122, 0, {}]
[{"0": [0, 36, 29, 1, 1, 2, 2, 1, 2, 1, 1, 1, 0, 1, 1]}, null, null, 89, false, [], false, 0, [], null, 0, 1744307585.4265614, 0, {}]
[{"0": [1, 36, 45, 36, 30, 2, 1, 2, 0, 2, 3, 2, 0, 2, 1]}, null, null, 89, false, [], false, 0, [], null, 0, 1744307585.6228576, 0, {}]
[{"0": [1, 3, 2, 1, 0, 3, 1, 0, 28, 41, 39, 43, 3, 1, 3]}, null, null, 90, false, [], false, 0, [], null, 0, 1744307585.8273718, 0, {}]
[{"0": [1, 37, 42, 1, 1, 1, 4, 0, 1, 2, 0, 1, 2, 3, 4]}, null, null, 90, false, [], false, 0, [], null, 0, 1744307586.0402422, 0, {}]
[{"0": [5, 34, 41, 32, 31, 26, 36, 5, 1, 1, 2, 1, 0, 2, 1]}, null, null, 91, false, [], false, 0, [], null, 0, 1744307586.2270906, 0, {}]
[{"0": [2, 36, 2, 0, 1, 1, 1, 4, 7, 2, 0, 2, 2, 2, 1]}, null, null, 92, false, [], false, 0, [], null, 0, 1744307586.4439073, 0, {}]
[{"0": [2, 38, 38, 39, 27, 0, 1, 2, 0, 0, 2, 6, 1, 2, 1]}, null, null, 92, false, [], false, 0, [], null, 0, 1744307586.622676, 0, {}]
[{"0": [4, 34, 31, 32, 36, 2, 2, 1, 2, 2, 1, 2, 0, 4, 3]}, null, null, 93, false, [], false, 0, [], null, 0, 1744307586.8395739, 0, {}]
[{"0": [1, 39, 4, 0, 2, 0, 1, 2, 1, 0, 1, 3, 0, 1, 3]}, null, null, 93, false, [], false, 0, [], null, 0, 1744307587.0361874, 0, {}]
[{"0": [4, 43, 41, 40, 3, 1, 2, 1, 1, 0, 2, 2, 1, 2, 4]}, null, null, 94, false, [], false, 0, [], null, 0, 1744307587.2287061, 0, {}]
[{"0": [1, 37, 2, 0, 5, 2, 5, 3, 4, 0, 1, 0, 3, 1, 5]}, null, null, 95, false, [], false, 0, [], null, 0, 1744307587.4260552, 0, {}]
[{"0": [3, 2, 1, 3, 0, 2, 1, 5, 4, 0, 2, 1, 4, 1, 51]}, null, null, 95, false, [], false, 0, [], null, 0, 1744307587.6397505, 0, {}]
[{"0": [1, 40, 39, 26, 44, 35, 26, 42, 0, 5, 1, 0, 2, 0, 2]}, null, null, 96, false, [], false, 0, [], null, 0, 1744307587.8241942, 0, {}]
[{"0": [0, 1, 1, 2, 0, 0, 1, 1, 2, 2, 3, 1, 2, 1, 3]}, null, null, 96, false, [], false, 0, [], null, 0, 1744307588.0410016, 0, {}]
[{"0": [1, 31, 1, 1, 4, 2, 1, 1, 3, 4, 3, 3, 1, 0, 1]}, null, null, 97, false, [], false, 0, [], null, 0, 1744307588.2439103, 0, {}]
[{"0": [1, 40, 43, 45, 36, 25, 37, 32, 37, 32, 36, 43, 35, 36, 1]}, null, null, 98, false, [], false, 0, [], null, 0, 1744307588.4448557, 0, {}]
[{"0": [3, 38, 1, 2, 1, 5, 0, 0, 3, 4, 2, 2, 0, 1, 3]}, null, null, 98, false, [], false, 0, [], null, 0, 1744307588.6453395, 0, {}]
[{"0": [2, 37, 38, 2, 0, 8, 1, 0, 3, 2, 3, 2, 4, 1, 2]}, null, null, 99, false, [], false, 0, [], null, 0, 1744307588.8300872, 0, {}]
[{"0": [1, 26, 19, 28, 30, 0, 1, 0, 2, 4, 5, 3, 0, 7, 1]}, null, null, 99, false, [], false, 0, [], null, 0, 1744307589.0483277, 0, {}]
[{"0": [1, 38, 39, 27, 30, 38, 1, 1, 4, 1, 0, 1, 3, 2, 1]}, null, null, 100, false, [], false, 0, [], null, 0, 1744307589.2274146, 0, {}]
[{"0": [2, 30, 2, 1, 1, 2, 2, 4, 2, 1, 0, 4, 3, 0, 1]}, null, null, 101, false, [], false, 0, [], null, 0, 1744307589.4288466, 0, {}]
[{"0": [3, 29, 41, 34, 44, 2, 3, 2, 2, 1, 4, 2, 0, 2, 3]}, null, null, 101, false, [], false, 0, [], null, 0, 1744307589.627479, 0, {}]
[{"0": [7, 43, 37, 38, 38, 41, 36, 38, 35, 52, 32, 4, 2, 2, 1]}, null, null, 102, false, [], false, 0, [], null, 0, 1744307589.8320699, 0, {}]
[{"0": [0, 33, 33, 43, 37, 36, 0, 3, 2, 3, 0, 2, 2, 4, 2]}, null, null, 102, false, [], false, 0, [], null, 0, 1744307590.0355427, 0, {}]
[{"0": [1, 33, 32, 23, 36, 2, 1, 3, 1, 1, 0, 2, 3, 3, 1]}, null, null, 103, false, [], false, 0, [], null, 0, 1744307590.2251983, 0, {}]
[{"0": [2, 17, 35, 30, 2, 3, 3, 1, 0, 1, 1, 0, 0, 2, 0]}, null, null, 104, false, [], false, 0, [], null, 0, 1744307590.4402425, 0, {}]
[{"0": [3, 32, 41, 7, 1, 0, 1, 3, 2, 3, 2, 1, 0, 3, 1]}, null, null, 104, false, [], false, 0, [], null, 0, 1744307590.6405528, 0, {}]
[{"0": [3, 36, 31, 3, 2, 0, 4, 5, 2, 3, 2, 3, 1, 2, 2]}, null, null, 105, false, [], false, 0, [], null, 0, 1744307590.8265183, 0, {}]
[{"0": [1, 41, 28, 1, 1, 2, 2, 1, 1, 2, 1, 3, 3, 1, 0]}, null, null, 105, false, [], false, 0, [], null, 0, 1744307591.023169, 0, {}]
[{"0": [3, 35, 43, 38, 35, 37, 34, 0, 2, 4, 6, 1, 3, 1, 2]}, null, null, 106, false, [], false, 0, [], null, 0, 1744307591.2409117, 0, {}]
[{"0": [2, 37, 0, 1, 1, 0, 3, 5, 1, 3, 4, 2, 2, 1, 3]}, null, null, 107, false, [], false, 0, [], null, 0, 1744307591.4401717, 0, {}]
[{"0": [1, 32, 35, 37, 4, 2, 1, 1, 3, 2, 4, 0, 2, 1, 1]}, null, null, 107, false, [], false, 0, [], null, 0, 1744307591.627661, 0, {}]
[{"0": [3, 0, 3, 48, 27, 41, 36, 2, 1, 1, 0, 0, 1, 4, 0]}, null, null, 108, false, [], false, 0, [], null, 0, 1744307591.8384442, 0, {}]
[{"0": [3, 2, 0, 1, 34, 40, 35, 23, 37, 44, 40, 34, 38, 39, 25]}, null, null, 108, false, [], false, 0, [], null, 0, 1744307592.029375, 0, {}]
[{"0": [1, 0, 4, 2, 2, 6, 1, 2, 1, 2, 1, 0, 1, 1, 33]}, null, null, 109, false, [], false, 0, [], null, 0, 1744307592.2427819, 0, {}]
[{"0": [2, 6, 1, 30, 27, 34, 39, 37, 24, 1, 3, 1, 1, 4, 3]}, null, null, 110, false, [], false, 0, [], null, 0, 1744307592.442803, 0, {}]
[{"0": [2, 43, 30, 24, 33, 33, 33, 36, 28, 40, 31, 26, 29, 49, 38]}, null, null, 110, false, [], false, 0, [], null, 0, 1744307592.6443071, 0, {}]
[{"0": [2, 44, 27, 32, 3, 4, 1, 5, 1, 4, 2, 5, 2, 5, 3]}, null, null, 111, false, [], false, 0, [], null, 0, 1744307592.8411994, 0, {}]
[{"0": [3, 32, 38, 48, 22, 1, 4, 0, 2, 1, 1, 1, 1, 1, 1]}, null, null, 111, false, [], false, 0, [], null, 0, 1744307593.0388582, 0, {}]
[{"0": [2, 25, 44, 2, 2, 2, 0, 3, 4, 1, 1, 1, 2, 2, 3]}, null, null, 112, false, [], false, 0, [], null, 0, 1744307593.2235985, 0, {}]
[{"0": [2, 31, 1, 1, 0, 6, 5, 4, 2, 3, 0, 2, 3, 1, 2]}, null, null, 113, false, [], false, 0, [], null, 0, 1744307593.4383755, 0, {}]
[{"0": [41, 40, 36, 34, 29, 32, 5, 0, 1, 3, 6, 1, 2, 2, 1]}, null, null, 113, false, [], false, 0, [], null, 0, 1744307593.632301, 0, {}]
[{"0": [1, 41, 37, 36, 31, 3, 0, 4, 2, 0, 3, 0, 1, 3, 1]}, null, null, 114, false, [], false, 0, [], null, 0, 1744307593.825835, 0, {}]
[{"0": [2, 32, 40, 18, 32, 37, 40, 34, 39, 33, 45, 37, 28, 42, 0]}, null, null, 114, false, [], false, 0, [], null, 0, 1744307594.0440886, 0, {}]
[{"0": [1, 28, 37, 40, 36, 31, 29, 2, 3, 2, 1, 2, 2, 1, 1]}, null, null, 115, false, [], false, 0, [], null, 0, 1744307594.2437108, 0, {}]
[{"0": [1, 29, 33, 31, 32, 36, 43, 36, 27, 33, 36, 37, 27, 34, 35]}, null, null, 116, false, [], false, 0, [], null, 0, 1744307594.4190605, 0, {}]
[{"0": [30, 30, 29, 39, 44, 29, 28, 34, 41, 38, 33, 29, 24, 30, 34]}, null, null, 116, false, [], false, 0, [], null, 0, 1744307594.631994, 0, {}]
[{"0": [0, 44, 1, 1, 0, 5, 4, 0, 3, 1, 1, 1, 0, 2, 0]}, null, null, 117, false, [], false, 0, [], null, 0, 1744307594.83878, 0, {}]
[{"0": [3, 37, 36, 35, 25, 1, 1, 0, 2, 1, 2, 1, 2, 4, 4]}, null, null, 117, false, [], false, 0, [], null, 0, 1744307595.0359163, 0, {}]
[{"0": [1, 32, 31, 30, 35, 33, 37, 28, 34, 40, 2, 3, 1, 1, 2]}, null, null, 118, false, [], false, 0, [], null, 0, 1744307595.2259278, 0, {}]
[{"0": [4, 32, 31, 0, 1, 2, 2, 3, 2, 2, 3, 3, 1, 1, 0]}, null, null, 119, false, [], false, 0, [], null, 0, 1744307595.4410894, 0, {}]
[{"0": [1, 26, 45, 34, 1, 1, 1, 3, 1, 1, 2, 2, 7, 2, 2]}, null, null, 119, false, [], false, 0, [], null, 0, 1744307595.6424975, 0, {}]
[{"0": [2, 42, 36, 42, 32, 39, 42, 41, 30, 31, 39, 41, 35, 2, 3]}, null, null, 120, false, [], false, 0, [], null, 0, 1744307595.8410716, 0, {}]
[{"0": [1, 32, 44, 1, 1, 3, 2, 0, 1, 1, 1, 1, 3, 1, 4]}, null, null, 120, false, [], false, 0, [], null, 0, 1744307596.0343122, 0, {}]
[{"0": [3, 28, 37, 1, 4, 1, 2, 5, 1, 3, 2, 3, 1, 2, 2]}, null, null, 121, false, [], false, 0, [], null, 0, 1744307596.2259374, 0, {}]
[{"0": [2, 33, 28, 1, 1, 2, 2, 2, 6, 1, 1, 0, 3, 3, 3]}, null, null, 122, false, [], false, 0, [], null, 0, 1744307596.4223745, 0, {}]
[{"0": [3, 1, 1, 41, 38, 30, 28, 37, 43, 41, 1, 2, 2, 2, 3]}, null, null, 122, false, [], false, 0, [], null, 0, 1744307596.6248763, 0, {}]
[{"0": [3, 40, 32, 31, 44, 28, 29, 41, 2, 3, 5, 3, 1, 0, 0]}, null, null, 123, false, [], false, 0, [], null, 0, 1744307596.8443866, 0, {}]
[{"0": [2, 3, 3, 2, 2, 0, 2, 4, 1, 1, 2, 3, 3, 0, 3]}, null, null, 123, false, [], false, 0, [], null, 0, 1744307597.0287952, 0, {}]
[{"0": [1, 27, 42, 42, 37, 36, 29, 36, 29, 37, 0, 1, 2, 2, 2]}, null, null, 124, false, [], false, 0, [], null, 0, 1744307597.2349124, 0, {}]
[{"0": [1, 32, 39, 28, 32, 32, 0, 1, 1, 1, 2, 2, 1, 1, 1]}, null, null, 125, false, [], false, 0, [], null, 0, 1744307597.435264, 0, {}]
[{"0": [1, 34, 7, 2, 3, 4, 2, 0, 3, 2, 1, 1, 0, 1, 2]}, null, null, 125, false, [], false, 0, [], null, 0, 1744307597.6453197, 0, {}]
[{"0": [2, 37, 23, 35, 33, 3, 1, 2, 0, 3, 5, 3, 1, 4, 0]}, null, null, 126, false, [], false, 0, [], null, 0, 1744307597.83041, 0, {}]
[{"0": [4, 35, 27, 27, 3, 1, 2, 4, 3, 2, 1, 1, 0, 3, 4]}, null, null, 127, false, [], false, 0, [], null, 0, 1744307598.0305305, 0, {}]
[{"0": [2, 41, 1, 0, 1, 5, 3, 2, 1, 3, 2, 1, 3, 1, 1]}, null, null, 127, false, [], false, 0, [], null, 0, 1744307598.231391, 0, {}]
[{"0": [5, 1, 0, 44, 26, 27, 35, 35, 36, 37, 34, 28, 31, 38, 34]}, null, null, 128, false, [], false, 0, [], null, 0, 1744307598.4220624, 0, {}]
[{"0": [0, 29, 1, 2, 2, 2, 4, 2, 2, 2, 1, 1, 4, 1, 1]}, null, null, 128, false, [], false, 0, [], null, 0, 1744307598.6384559, 0, {}]
[{"0": [2, 4, 1, 2, 4, 22, 39, 27, 40, 27, 34, 2, 2, 3, 3]}, null, null, 129, false, [], false, 0, [], null, 0, 1744307598.8376806, 0, {}]
[{"0": [1, 1, 4, 4, 34, 33, 30, 31, 40, 32, 36, 26, 27, 27, 38]}, null, null, 130, false, [], false, 0, [], null, 0, 1744307599.0309167, 0, {}]
[{"0": [1, 38, 1, 1, 7, 0, 4, 2, 1, 2, 0, 0, 5, 2, 1]}, null, null, 130, false, [], false, 0, [], null, 0, 1744307599.2253044, 0, {}]
[{"0": [1, 2, 2, 2, 4, 0, 33, 2, 0, 3, 1, 5, 1, 2, 2]}, null, null, 131, false, [], false, 0, [], null, 0, 1744307599.4402313, 0, {}]
[{"0": [1, 35, 2, 3, 3, 1, 0, 1, 0, 1, 2, 0, 4, 0, 4]}, null, null, 131, false, [], false, 0, [], null, 0, 1744307599.6432495, 0, {}]
[{"0": [1, 37, 30, 41, 38, 2, 2, 0, 2, 1, 2, 6, 2, 2, 2]}, null, null, 132, false, [], false, 0, [], null, 0, 1744307599.8432908, 0, {}]
[{"0": [2, 38, 2, 2, 0, 2, 1, 1, 3, 0, 2, 2, 1, 1, 2]}, null, null, 133, false, [], false, 0, [], null, 0, 1744307600.0259547, 0, {}]
[{"0": [2, 45, 2, 4, 2, 0, 3, 1, 2, 1, 2, 1, 4, 2, 2]}, null, null, 133, false, [], false, 0, [], null, 0, 1744307600.2444668, 0, {}]
[{"0": [4, 52, 39, 21, 38, 36, 38, 29, 41, 3, 2, 2, 2, 1, 0]}, null, null, 134, false, [], false, 0, [], null, 0, 1744307600.4452882, 0, {}]
[{"0": [2, 45, 27, 34, 2, 0, 1, 4, 2, 2, 1, 3, 0, 2, 4]}, null, null, 134, false, [], false, 0, [], null, 0, 1744307600.6254911, 0, {}]
[{"0": [2, 38, 43, 1, 1, 1, 6, 4, 2, 0, 2, 3, 1, 1, 2]}, null, null, 135, false, [], false, 0, [], null, 0, 1744307600.839559, 0, {}]
[{"0": [4, 34, 45, 45, 1, 4, 2, 1, 2, 1, 4, 1, 3, 2, 4]}, null, null, 136, false, [], false, 0, [], null, 0, 1744307601.037302, 0, {}]
[{"0": [2, 4, 0, 37, 48, 35, 39, 29, 36, 40, 32, 21, 32, 32, 32]}, null, null, 136, false, [], false, 0, [], null, 0, 1744307601.2227879, 0, {}]
[{"0": [6, 30, 3, 5, 3, 2, 1, 1, 2, 1, 3, 2, 3, 3, 1]}, null, null, 137, false, [], false, 0, [], null, 0, 1744307601.4302347, 0, {}]
[{"0": [4, 36, 38, 35, 41, 32, 27, 36, 37, 28, 48, 33, 45, 32, 39]}, null, null, 137, false, [], false, 0, [], null, 0, 1744307601.62367, 0, {}]
[{"0": [2, 45, 36, 26, 20, 0, 1, 5, 0, 2, 0, 4, 4, 0, 1]}, null, null, 138, false, [], false, 0, [], null, 0, 1744307601.8359566, 0, {}]
[{"0": [2, 28, 39, 40, 1, 1, 0, 3, 1, 1, 0, 1, 0, 3, 2]}, null, null, 139, false, [], false, 0, [], null, 0, 1744307602.028418, 0, {}]
[{"0": [2, 31, 42, 38, 40, 27, 31, 29, 29, 4, 1, 2, 1, 0, 6]}, null, null, 139, false, [], false, 0, [], null, 0, 1744307602.2426257, 0, {}]
[{"0": [0, 31, 29, 38, 42, 43, 31, 30, 42, 37, 26, 0, 1, 1, 1]}, null, null, 140, false, [], false, 0, [], null, 0, 1744307602.4390357, 0, {}]
[{"0": [2, 1, 1, 41, 42, 2, 1, 5, 2, 0, 1, 1, 2, 2, 3]}, null, null, 140, false, [], false, 0, [], null, 0, 1744307602.6414297, 0, {}]
[{"0": [1, 2, 4, 0, 39, 4, 4, 2, 1, 2, 0, 2, 2, 4, 2]}, null, null, 141, false, [], false, 0, [], null, 0, 1744307602.8388798, 0, {}]
[{"0": [1, 45, 34, 5, 2, 1, 1, 0, 2, 4, 5, 1, 5, 3, 2]}, null, null, 142, false, [], false, 0, [], null, 0, 1744307603.0249987, 0, {}]
[{"0": [0, 34, 4, 4, 0, 4, 2, 4, 0, 6, 2, 3, 0, 2, 3]}, null, null, 142, false, [], false, 0, [], null, 0, 1744307603.22956, 0, {}]
[{"0": [1, 31, 48, 35, 4, 2, 2, 2, 2, 6, 2, 2, 2, 2, 1]}, null, null, 143, false, [], false, 0, [], null, 0, 1744307603.4276748, 0, {}]
[{"0": [1, 32, 27, 3, 2, 2, 0, 1, 2, 1, 1, 4, 4, 3, 2]}, null, null, 143, false, [], false, 0, [], null, 0, 1744307603.6347136, 0, {}]
[{"0": [2, 36, 37, 40, 37, 27, 35, 21, 0, 3, 1, 0, 3, 0, 1]}, null, null, 144, false, [], false, 0, [], null, 0, 1744307603.8254683, 0, {}]
[{"0": [2, 29, 35, 35, 39, 45, 29, 3, 0, 2, 0, 0, 4, 1, 1]}, null, null, 145, false, [], false, 0, [], null, 0, 1744307604.0378866, 0, {}]
[{"0": [2, 39, 33, 32, 43, 34, 25, 49, 27, 24, 39, 35, 24, 46, 4]}, null, null, 145, false, [], false, 0, [], null, 0, 1744307604.2401845, 0, {}]
[{"0": [2, 3, 0, 42, 49, 26, 33, 29, 0, 3, 0, 1, 1, 0, 1]}, null, null, 146, false, [], false, 0, [], null, 0, 1744307604.4433436, 0, {}]
[{"0": [4, 2, 2, 6, 0, 1, 1, 2, 1, 2, 4, 0, 2, 2, 4]}, null, null, 146, false, [], false, 0, [], null, 0, 1744307604.6379235, 0, {}]
[{"0": [1, 33, 2, 3, 2, 0, 0, 0, 1, 0, 2, 0, 1, 0, 1]}, null, null, 147, false, [], false, 0, [], null, 0, 1744307604.8365884, 0, {}]
[{"0": [4, 43, 40, 33, 32, 30, 34, 37, 29, 44, 43, 48, 4, 4, 2]}, null, null, 148, false, [], false, 0, [], null, 0, 1744307605.039516, 0, {}]
[{"0": [1, 38, 2, 2, 0, 2, 1, 2, 1, 1, 3, 5, 2, 3, 1]}, null, null, 148, false, [], false, 0, [], null, 0, 1744307605.2304537, 0, {}]
[{"0": [1, 31, 24, 34, 32, 34, 35, 38, 45, 32, 45, 37, 34, 21, 35]}, null, null, 149, false, [], false, 0, [], null, 0, 1744307605.4273064, 0, {}]
[{"0": [4, 38, 38, 30, 41, 34, 44, 28, 38, 33, 33, 39, 35, 33, 43]}, null, null, 149, false, [], false, 0, [], null, 0, 1744307605.6239533, 0, {}]
[{"0": [0, 27, 36, 37, 37, 17, 1, 3, 3, 2, 2, 1, 5, 3, 1]}, null, null, 150, true, [], false, 0, [], null, 0, 1744307605.8476229, 0, {}]
