[{"0": [1, 1, 0, 3, 6, 5, 2, 3, 35, 32, 32, 45, 33, 44, 40]}, null, null, 0, false, [], false, 0, [], null, 0, 1744308176.4285219, 0, {}]
[{"0": [0, 1, 36, 38, 3, 2, 3, 1, 0, 3, 0, 2, 3, 4, 2]}, null, null, 1, false, [], false, 0, [], null, 0, 1744308176.6531339, 0, {}]
[{"0": [3, 2, 1, 1, 0, 2, 37, 36, 29, 2, 2, 2, 0, 0, 4]}, null, null, 1, false, [], false, 0, [], null, 0, 1744308176.8433535, 0, {}]
[{"0": [0, 3, 2, 3, 3, 0, 0, 3, 0, 0, 3, 3, 2, 33, 27]}, null, null, 2, false, [], false, 0, [], null, 0, 1744308177.0466702, 0, {}]
[{"0": [5, 3, 2, 38, 39, 33, 37, 33, 28, 50, 5, 39, 40, 31, 51]}, null, null, 2, false, [], false, 0, [], null, 0, 1744308177.251273, 0, {}]
[{"0": [4, 5, 1, 1, 0, 33, 40, 3, 2, 3, 2, 0, 3, 1, 4]}, null, null, 3, false, [], false, 0, [], null, 0, 1744308177.44981, 0, {}]
[{"0": [1, 1, 0, 3, 1, 0, 5, 2, 0, 1, 1, 2, 0, 3, 2]}, null, null, 4, false, [], false, 0, [], null, 0, 1744308177.6540058, 0, {}]
[{"0": [3, 4, 2, 0, 2, 0, 2, 4, 26, 38, 35, 30, 41, 41, 44]}, null, null, 4, false, [], false, 0, [], null, 0, 1744308177.8531923, 0, {}]
[{"0": [0, 2, 3, 1, 2, 36, 1, 2, 2, 3, 3, 1, 5, 2, 2]}, null, null, 5, false, [], false, 0, [], null, 0, 1744308178.0365107, 0, {}]
[{"0": [3, 2, 4, 2, 2, 1, 23, 34, 29, 2, 1, 3, 4, 1, 2]}, null, null, 5, false, [], false, 0, [], null, 0, 1744308178.2403688, 0, {}]
[{"0": [2, 0, 3, 4, 1, 5, 2, 32, 33, 39, 33, 28, 36, 1, 3]}, null, null, 6, false, [], false, 0, [], null, 0, 1744308178.439495, 0, {}]
[{"0": [3, 3, 0, 0, 1, 2, 3, 1, 2, 0, 4, 3, 0, 2, 2]}, null, null, 7, false, [], false, 0, [], null, 0, 1744308178.6387403, 0, {}]
[{"0": [2, 4, 4, 0, 0, 1, 40, 29, 4, 3, 2, 1, 1, 2, 2]}, null, null, 7, false, [], false, 0, [], null, 0, 1744308178.8514764, 0, {}]
[{"0": [2, 1, 7, 1, 1, 33, 30, 40, 39, 4, 2, 4, 1, 0, 1]}, null, null, 8, false, [], false, 0, [], null, 0, 1744308179.0397608, 0, {}]
[{"0": [5, 1, 4, 0, 2, 3, 37, 37, 50, 34, 31, 0, 2, 2, 3]}, null, null, 8, false, [], false, 0, [], null, 0, 1744308179.2378898, 0, {}]
[{"0": [2, 1, 2, 1, 3, 1, 2, 1, 0, 1, 1, 27, 34, 34, 0]}, null, null, 9, false, [], false, 0, [], null, 0, 1744308179.4555418, 0, {}]
[{"0": [2, 3, 1, 3, 2, 3, 35, 39, 31, 39, 36, 39, 40, 2, 1]}, null, null, 10, false, [], false, 0, [], null, 0, 1744308179.6545753, 0, {}]
[{"0": [4, 4, 0, 0, 35, 3, 4, 2, 1, 3, 2, 4, 0, 0, 3]}, null, null, 10, false, [], false, 0, [], null, 0, 1744308179.848822, 0, {}]
[{"0": [2, 3, 1, 27, 29, 33, 4, 4, 3, 2, 3, 2, 2, 2, 1]}, null, null, 11, false, [], false, 0, [], null, 0, 1744308180.0379844, 0, {}]
[{"0": [3, 4, 3, 1, 2, 2, 3, 2, 1, 33, 37, 39, 34, 3, 1]}, null, null, 11, false, [], false, 0, [], null, 0, 1744308180.2515757, 0, {}]
[{"0": [2, 5, 1, 40, 43, 31, 43, 6, 0, 1, 2, 2, 3, 0, 6]}, null, null, 12, false, [], false, 0, [], null, 0, 1744308180.4437308, 0, {}]
[{"0": [2, 2, 3, 3, 0, 41, 28, 29, 30, 19, 32, 1, 1, 1, 2]}, null, null, 13, false, [], false, 0, [], null, 0, 1744308180.6370187, 0, {}]
[{"0": [0, 1, 4, 3, 2, 50, 34, 1, 2, 3, 3, 1, 2, 1, 3]}, null, null, 13, false, [], false, 0, [], null, 0, 1744308180.8492057, 0, {}]
[{"0": [1, 1, 3, 4, 2, 35, 30, 37, 33, 36, 35, 3, 0, 5, 1]}, null, null, 14, false, [], false, 0, [], null, 0, 1744308181.037741, 0, {}]
[{"0": [2, 0, 2, 3, 3, 1, 34, 31, 45, 0, 0, 2, 2, 0, 2]}, null, null, 14, false, [], false, 0, [], null, 0, 1744308181.2509542, 0, {}]
[{"0": [1, 1, 3, 2, 4, 33, 38, 42, 40, 33, 28, 42, 2, 1, 2]}, null, null, 15, false, [], false, 0, [], null, 0, 1744308181.4440932, 0, {}]
[{"0": [0, 3, 1, 4, 1, 30, 26, 42, 43, 2, 3, 2, 2, 3, 2]}, null, null, 16, false, [], false, 0, [], null, 0, 1744308181.655451, 0, {}]
[{"0": [3, 2, 0, 1, 1, 2, 28, 33, 1, 0, 3, 3, 0, 0, 4]}, null, null, 16, false, [], false, 0, [], null, 0, 1744308181.8490763, 0, {}]
[{"0": [2, 2, 2, 2, 4, 2, 2, 4, 37, 30, 39, 29, 33, 41, 26]}, null, null, 17, false, [], false, 0, [], null, 0, 1744308182.0421588, 0, {}]
[{"0": [1, 2, 2, 6, 1, 36, 29, 30, 37, 28, 42, 36, 34, 43, 38]}, null, null, 17, false, [], false, 0, [], null, 0, 1744308182.2440813, 0, {}]
[{"0": [1, 3, 3, 1, 6, 1, 4, 2, 2, 4, 37, 4, 2, 0, 2]}, null, null, 18, false, [], false, 0, [], null, 0, 1744308182.4362967, 0, {}]
[{"0": [1, 1, 2, 3, 31, 2, 2, 1, 1, 4, 1, 1, 5, 2, 1]}, null, null, 19, false, [], false, 0, [], null, 0, 1744308182.6545832, 0, {}]
[{"0": [2, 1, 0, 1, 1, 39, 28, 32, 40, 27, 41, 35, 1, 1, 1]}, null, null, 19, false, [], false, 0, [], null, 0, 1744308182.859686, 0, {}]
[{"0": [2, 1, 2, 2, 26, 33, 33, 33, 43, 29, 43, 32, 29, 2, 1]}, null, null, 20, false, [], false, 0, [], null, 0, 1744308183.0358136, 0, {}]
[{"0": [3, 3, 1, 1, 3, 2, 1, 2, 40, 1, 2, 1, 3, 2, 3]}, null, null, 20, false, [], false, 0, [], null, 0, 1744308183.2441902, 0, {}]
[{"0": [3, 3, 1, 29, 48, 33, 36, 31, 31, 46, 33, 32, 33, 40, 32]}, null, null, 21, false, [], false, 0, [], null, 0, 1744308183.441005, 0, {}]
[{"0": [1, 0, 2, 0, 1, 2, 3, 2, 3, 4, 1, 4, 3, 4, 0]}, null, null, 22, false, [], false, 0, [], null, 0, 1744308183.6354787, 0, {}]
[{"0": [1, 1, 0, 1, 2, 2, 2, 2, 3, 1, 1, 3, 0, 36, 2]}, null, null, 22, false, [], false, 0, [], null, 0, 1744308183.8452172, 0, {}]
[{"0": [4, 1, 2, 3, 3, 1, 2, 6, 3, 1, 34, 35, 37, 2, 1]}, null, null, 23, false, [], false, 0, [], null, 0, 1744308184.0385294, 0, {}]
[{"0": [3, 1, 0, 2, 3, 2, 4, 5, 3, 1, 2, 2, 2, 3, 3]}, null, null, 23, false, [], false, 0, [], null, 0, 1744308184.255498, 0, {}]
[{"0": [1, 3, 39, 40, 24, 0, 0, 3, 1, 1, 3, 1, 1, 1, 2]}, null, null, 24, false, [], false, 0, [], null, 0, 1744308184.4555814, 0, {}]
[{"0": [1, 4, 4, 2, 0, 0, 0, 0, 1, 33, 1, 3, 4, 6, 1]}, null, null, 25, false, [], false, 0, [], null, 0, 1744308184.6584368, 0, {}]
[{"0": [3, 1, 4, 0, 1, 0, 35, 36, 35, 40, 39, 23, 33, 28, 2]}, null, null, 25, false, [], false, 0, [], null, 0, 1744308184.836412, 0, {}]
[{"0": [2, 1, 2, 1, 2, 4, 41, 36, 39, 32, 35, 37, 29, 33, 28]}, null, null, 26, false, [], false, 0, [], null, 0, 1744308185.0404944, 0, {}]
[{"0": [0, 1, 34, 2, 1, 4, 0, 3, 4, 3, 1, 2, 3, 0, 2]}, null, null, 27, false, [], false, 0, [], null, 0, 1744308185.2549353, 0, {}]
[{"0": [1, 2, 0, 2, 1, 5, 31, 36, 3, 0, 5, 2, 3, 2, 1]}, null, null, 27, false, [], false, 0, [], null, 0, 1744308185.4547153, 0, {}]
[{"0": [0, 0, 2, 3, 1, 2, 2, 35, 19, 28, 34, 1, 1, 1, 1]}, null, null, 28, false, [], false, 0, [], null, 0, 1744308185.6365225, 0, {}]
[{"0": [0, 2, 0, 29, 26, 1, 3, 2, 1, 0, 1, 2, 1, 2, 3]}, null, null, 28, false, [], false, 0, [], null, 0, 1744308185.853254, 0, {}]
[{"0": [2, 1, 31, 30, 39, 1, 2, 2, 3, 2, 2, 0, 4, 2, 2]}, null, null, 29, false, [], false, 0, [], null, 0, 1744308186.0354543, 0, {}]
[{"0": [1, 3, 2, 2, 0, 2, 2, 1, 3, 2, 3, 2, 28, 37, 27]}, null, null, 30, false, [], false, 0, [], null, 0, 1744308186.2497628, 0, {}]
[{"0": [2, 4, 2, 3, 3, 27, 2, 5, 2, 4, 1, 0, 2, 3, 2]}, null, null, 30, false, [], false, 0, [], null, 0, 1744308186.4563496, 0, {}]
[{"0": [2, 2, 0, 0, 49, 25, 37, 32, 20, 32, 35, 29, 1, 0, 3]}, null, null, 31, false, [], false, 0, [], null, 0, 1744308186.6375136, 0, {}]
[{"0": [3, 2, 2, 2, 2, 2, 0, 1, 1, 3, 30, 2, 5, 1, 2]}, null, null, 31, false, [], false, 0, [], null, 0, 1744308186.8427923, 0, {}]
[{"0": [2, 1, 0, 3, 0, 33, 34, 39, 38, 2, 1, 2, 4, 2, 2]}, null, null, 32, false, [], false, 0, [], null, 0, 1744308187.0553954, 0, {}]
[{"0": [2, 3, 1, 2, 2, 2, 1, 0, 2, 1, 1, 2, 1, 1, 5]}, null, null, 33, false, [], false, 0, [], null, 0, 1744308187.2408664, 0, {}]
[{"0": [1, 2, 1, 34, 39, 0, 1, 1, 2, 2, 1, 1, 1, 0, 2]}, null, null, 33, false, [], false, 0, [], null, 0, 1744308187.4382718, 0, {}]
[{"0": [3, 2, 1, 1, 2, 5, 3, 2, 22, 32, 30, 27, 37, 26, 36]}, null, null, 34, false, [], false, 0, [], null, 0, 1744308187.6553676, 0, {}]
[{"0": [4, 1, 1, 2, 3, 3, 6, 1, 0, 2, 41, 41, 29, 5, 4]}, null, null, 34, false, [], false, 0, [], null, 0, 1744308187.8516493, 0, {}]
[{"0": [3, 3, 3, 50, 27, 2, 0, 2, 2, 1, 3, 2, 2, 0, 2]}, null, null, 35, false, [], false, 0, [], null, 0, 1744308188.054312, 0, {}]
[{"0": [0, 5, 3, 40, 41, 34, 38, 35, 1, 5, 0, 1, 1, 1, 2]}, null, null, 36, false, [], false, 0, [], null, 0, 1744308188.2402027, 0, {}]
[{"0": [1, 0, 1, 2, 2, 4, 2, 1, 1, 1, 2, 1, 1, 1, 0]}, null, null, 36, false, [], false, 0, [], null, 0, 1744308188.4493835, 0, {}]
[{"0": [3, 3, 1, 32, 38, 37, 1, 1, 1, 2, 0, 4, 5, 2, 1]}, null, null, 37, false, [], false, 0, [], null, 0, 1744308188.6421964, 0, {}]
[{"0": [1, 3, 0, 41, 37, 33, 35, 33, 42, 27, 1, 0, 3, 0, 2]}, null, null, 37, false, [], false, 0, [], null, 0, 1744308188.8558607, 0, {}]
[{"0": [1, 2, 2, 27, 4, 2, 4, 3, 1, 1, 1, 0, 4, 1, 3]}, null, null, 38, false, [], false, 0, [], null, 0, 1744308189.0373616, 0, {}]
[{"0": [1, 0, 41, 27, 23, 29, 39, 1, 3, 1, 2, 1, 2, 0, 1]}, null, null, 39, false, [], false, 0, [], null, 0, 1744308189.2533596, 0, {}]
[{"0": [0, 2, 2, 2, 5, 2, 32, 2, 3, 1, 2, 1, 1, 1, 5]}, null, null, 39, false, [], false, 0, [], null, 0, 1744308189.4566405, 0, {}]
[{"0": [2, 2, 1, 1, 1, 2, 35, 35, 23, 0, 4, 2, 0, 0, 3]}, null, null, 40, false, [], false, 0, [], null, 0, 1744308189.6583161, 0, {}]
[{"0": [2, 0, 2, 1, 1, 1, 1, 2, 4, 0, 0, 1, 0, 41, 1]}, null, null, 40, false, [], false, 0, [], null, 0, 1744308189.8553765, 0, {}]
[{"0": [1, 1, 0, 4, 5, 2, 1, 1, 2, 32, 44, 27, 23, 28, 37]}, null, null, 41, false, [], false, 0, [], null, 0, 1744308190.0369008, 0, {}]
[{"0": [36, 33, 2, 1, 6, 2, 1, 1, 1, 1, 1, 0, 1, 2, 7]}, null, null, 42, false, [], false, 0, [], null, 0, 1744308190.2374196, 0, {}]
[{"0": [1, 1, 1, 3, 2, 40, 34, 26, 2, 2, 5, 1, 2, 0, 3]}, null, null, 42, false, [], false, 0, [], null, 0, 1744308190.4396884, 0, {}]
[{"0": [2, 34, 41, 32, 30, 0, 4, 3, 5, 2, 1, 3, 3, 0, 1]}, null, null, 43, false, [], false, 0, [], null, 0, 1744308190.6552835, 0, {}]
[{"0": [0, 5, 1, 3, 1, 0, 32, 32, 5, 1, 2, 1, 1, 1, 5]}, null, null, 43, false, [], false, 0, [], null, 0, 1744308190.85379, 0, {}]
[{"0": [1, 2, 1, 1, 1, 4, 3, 2, 43, 24, 39, 35, 32, 30, 40]}, null, null, 44, false, [], false, 0, [], null, 0, 1744308191.052495, 0, {}]
[{"0": [4, 2, 2, 1, 42, 39, 33, 40, 28, 43, 30, 40, 31, 35, 32]}, null, null, 45, false, [], false, 0, [], null, 0, 1744308191.2451735, 0, {}]
[{"0": [2, 4, 0, 1, 1, 40, 27, 30, 34, 34, 3, 1, 1, 1, 2]}, null, null, 45, false, [], false, 0, [], null, 0, 1744308191.4418938, 0, {}]
[{"0": [0, 1, 4, 2, 1, 23, 36, 36, 26, 46, 27, 37, 45, 29, 32]}, null, null, 46, false, [], false, 0, [], null, 0, 1744308191.6506433, 0, {}]
[{"0": [4, 1, 2, 0, 2, 2, 3, 2, 1, 2, 32, 33, 33, 33, 29]}, null, null, 46, false, [], false, 0, [], null, 0, 1744308191.8417718, 0, {}]
[{"0": [3, 3, 0, 3, 1, 40, 27, 41, 38, 27, 35, 31, 39, 2, 2]}, null, null, 47, false, [], false, 0, [], null, 0, 1744308192.0580926, 0, {}]
[{"0": [2, 1, 1, 3, 6, 2, 4, 4, 1, 33, 2, 1, 2, 4, 4]}, null, null, 48, false, [], false, 0, [], null, 0, 1744308192.2584956, 0, {}]
[{"0": [2, 0, 2, 23, 36, 44, 28, 4, 1, 0, 3, 1, 3, 0, 1]}, null, null, 48, false, [], false, 0, [], null, 0, 1744308192.4626415, 0, {}]
[{"0": [0, 2, 3, 2, 0, 2, 3, 0, 3, 42, 45, 29, 38, 35, 2]}, null, null, 49, false, [], false, 0, [], null, 0, 1744308192.659223, 0, {}]
[{"0": [4, 3, 1, 3, 1, 1, 3, 1, 36, 1, 3, 0, 2, 2, 4]}, null, null, 49, false, [], false, 0, [], null, 0, 1744308192.8427825, 0, {}]
[{"0": [2, 4, 2, 1, 1, 1, 31, 29, 32, 31, 47, 36, 40, 40, 30]}, null, null, 50, false, [], false, 0, [], null, 0, 1744308193.0462208, 0, {}]
[{"0": [0, 0, 4, 35, 0, 2, 5, 2, 1, 2, 1, 0, 1, 0, 1]}, null, null, 51, false, [], false, 0, [], null, 0, 1744308193.2388852, 0, {}]
[{"0": [2, 1, 1, 3, 35, 27, 34, 2, 5, 4, 3, 2, 2, 2, 2]}, null, null, 51, false, [], false, 0, [], null, 0, 1744308193.441516, 0, {}]
[{"0": [3, 2, 21, 31, 35, 37, 3, 2, 1, 3, 4, 2, 2, 2, 2]}, null, null, 52, false, [], false, 0, [], null, 0, 1744308193.6585124, 0, {}]
[{"0": [6, 4, 2, 4, 34, 38, 27, 38, 28, 52, 38, 39, 1, 2, 2]}, null, null, 52, false, [], false, 0, [], null, 0, 1744308193.84625, 0, {}]
[{"0": [1, 1, 4, 1, 3, 0, 1, 2, 2, 3, 3, 3, 1, 1, 2]}, null, null, 53, false, [], false, 0, [], null, 0, 1744308194.0464396, 0, {}]
[{"0": [3, 3, 31, 33, 4, 1, 1, 3, 5, 1, 1, 3, 1, 3, 3]}, null, null, 54, false, [], false, 0, [], null, 0, 1744308194.2568643, 0, {}]
[{"0": [1, 2, 2, 0, 1, 0, 0, 2, 28, 43, 27, 38, 37, 31, 42]}, null, null, 54, false, [], false, 0, [], null, 0, 1744308194.4446816, 0, {}]
[{"0": [3, 1, 4, 2, 1, 4, 2, 2, 2, 3, 5, 0, 3, 1, 29]}, null, null, 55, false, [], false, 0, [], null, 0, 1744308194.6382434, 0, {}]
[{"0": [3, 1, 3, 34, 28, 36, 27, 46, 28, 33, 33, 51, 33, 29, 46]}, null, null, 55, false, [], false, 0, [], null, 0, 1744308194.8554144, 0, {}]
[{"0": [4, 0, 3, 0, 4, 1, 1, 2, 38, 44, 35, 25, 42, 30, 40]}, null, null, 56, false, [], false, 0, [], null, 0, 1744308195.0560298, 0, {}]
[{"0": [3, 2, 4, 0, 36, 37, 6, 3, 1, 4, 1, 2, 1, 2, 1]}, null, null, 57, false, [], false, 0, [], null, 0, 1744308195.2341728, 0, {}]
[{"0": [2, 2, 4, 1, 2, 30, 31, 33, 37, 38, 26, 1, 1, 1, 1]}, null, null, 57, false, [], false, 0, [], null, 0, 1744308195.4426675, 0, {}]
[{"0": [1, 4, 2, 2, 2, 1, 1, 1, 1, 2, 2, 4, 0, 3, 37]}, null, null, 58, false, [], false, 0, [], null, 0, 1744308195.6376674, 0, {}]
[{"0": [3, 1, 3, 2, 1, 33, 1, 2, 3, 3, 3, 2, 1, 3, 1]}, null, null, 58, false, [], false, 0, [], null, 0, 1744308195.8464997, 0, {}]
[{"0": [4, 0, 5, 1, 1, 4, 1, 1, 41, 31, 1, 1, 1, 2, 1]}, null, null, 59, false, [], false, 0, [], null, 0, 1744308196.0556965, 0, {}]
[{"0": [1, 4, 1, 1, 3, 2, 6, 3, 2, 1, 3, 6, 2, 44, 4]}, null, null, 60, false, [], false, 0, [], null, 0, 1744308196.2531586, 0, {}]
[{"0": [1, 0, 0, 0, 40, 27, 34, 31, 38, 2, 3, 1, 2, 0, 1]}, null, null, 60, false, [], false, 0, [], null, 0, 1744308196.44318, 0, {}]
[{"0": [0, 1, 27, 26, 33, 32, 27, 37, 31, 30, 1, 9, 3, 2, 3]}, null, null, 61, false, [], false, 0, [], null, 0, 1744308196.6409981, 0, {}]
[{"0": [0, 34, 26, 31, 36, 29, 35, 41, 37, 35, 36, 38, 42, 2, 4]}, null, null, 61, false, [], false, 0, [], null, 0, 1744308196.857477, 0, {}]
[{"0": [1, 2, 2, 2, 1, 4, 1, 1, 4, 36, 41, 36, 0, 3, 1]}, null, null, 62, false, [], false, 0, [], null, 0, 1744308197.0341156, 0, {}]
[{"0": [2, 2, 3, 4, 0, 1, 0, 2, 26, 30, 38, 1, 3, 1, 2]}, null, null, 63, false, [], false, 0, [], null, 0, 1744308197.2432344, 0, {}]
[{"0": [1, 35, 37, 0, 1, 4, 1, 1, 4, 3, 6, 4, 3, 1, 1]}, null, null, 63, false, [], false, 0, [], null, 0, 1744308197.440949, 0, {}]
[{"0": [1, 0, 3, 3, 5, 1, 0, 0, 1, 36, 1, 4, 2, 2, 3]}, null, null, 64, false, [], false, 0, [], null, 0, 1744308197.65604, 0, {}]
[{"0": [0, 2, 29, 4, 3, 2, 2, 2, 3, 1, 0, 4, 2, 2, 1]}, null, null, 64, false, [], false, 0, [], null, 0, 1744308197.8548946, 0, {}]
[{"0": [1, 4, 33, 0, 0, 1, 3, 0, 0, 3, 2, 3, 2, 2, 2]}, null, null, 65, false, [], false, 0, [], null, 0, 1744308198.0521472, 0, {}]
[{"0": [3, 1, 5, 2, 2, 30, 38, 43, 34, 4, 0, 1, 2, 2, 4]}, null, null, 66, false, [], false, 0, [], null, 0, 1744308198.2569897, 0, {}]
[{"0": [3, 0, 35, 30, 3, 3, 0, 1, 2, 2, 1, 1, 2, 4, 0]}, null, null, 66, false, [], false, 0, [], null, 0, 1744308198.4566689, 0, {}]
[{"0": [0, 1, 0, 3, 2, 2, 2, 0, 0, 40, 34, 30, 44, 26, 39]}, null, null, 67, false, [], false, 0, [], null, 0, 1744308198.6584961, 0, {}]
[{"0": [0, 3, 1, 0, 42, 24, 27, 0, 2, 3, 0, 4, 3, 1, 0]}, null, null, 67, false, [], false, 0, [], null, 0, 1744308198.8516915, 0, {}]
[{"0": [1, 0, 3, 3, 2, 30, 1, 1, 2, 0, 2, 2, 1, 3, 1]}, null, null, 68, false, [], false, 0, [], null, 0, 1744308199.0404096, 0, {}]
[{"0": [3, 3, 4, 2, 3, 24, 31, 1, 1, 5, 3, 1, 3, 2, 2]}, null, null, 69, false, [], false, 0, [], null, 0, 1744308199.2375422, 0, {}]
[{"0": [2, 2, 37, 40, 32, 2, 0, 3, 2, 2, 1, 2, 2, 5, 2]}, null, null, 69, false, [], false, 0, [], null, 0, 1744308199.44066, 0, {}]
[{"0": [2, 0, 4, 2, 4, 4, 2, 2, 0, 2, 37, 34, 30, 2, 4]}, null, null, 70, false, [], false, 0, [], null, 0, 1744308199.6556885, 0, {}]
[{"0": [5, 0, 5, 3, 3, 37, 25, 1, 1, 2, 0, 1, 2, 4, 1]}, null, null, 70, false, [], false, 0, [], null, 0, 1744308199.8527892, 0, {}]
[{"0": [41, 2, 0, 2, 4, 1, 3, 1, 6, 1, 2, 0, 0, 3, 0]}, null, null, 71, false, [], false, 0, [], null, 0, 1744308200.0516267, 0, {}]
[{"0": [1, 2, 1, 2, 3, 3, 27, 40, 29, 27, 58, 41, 32, 30, 33]}, null, null, 72, false, [], false, 0, [], null, 0, 1744308200.25072, 0, {}]
[{"0": [3, 3, 5, 4, 40, 30, 42, 36, 36, 33, 38, 31, 33, 35, 30]}, null, null, 72, false, [], false, 0, [], null, 0, 1744308200.4432187, 0, {}]
[{"0": [1, 3, 3, 0, 2, 1, 4, 3, 1, 38, 42, 0, 2, 2, 2]}, null, null, 73, false, [], false, 0, [], null, 0, 1744308200.6550686, 0, {}]
[{"0": [1, 4, 4, 1, 1, 3, 4, 1, 4, 2, 32, 34, 32, 32, 30]}, null, null, 73, false, [], false, 0, [], null, 0, 1744308200.8557642, 0, {}]
[{"0": [3, 1, 3, 3, 1, 1, 1, 2, 4, 4, 1, 1, 3, 3, 0]}, null, null, 74, false, [], false, 0, [], null, 0, 1744308201.054367, 0, {}]
[{"0": [1, 1, 2, 4, 2, 2, 1, 0, 2, 0, 2, 1, 1, 1, 30]}, null, null, 75, false, [], false, 0, [], null, 0, 1744308201.259011, 0, {}]
[{"0": [0, 3, 2, 2, 0, 3, 1, 31, 23, 36, 2, 4, 2, 4, 0]}, null, null, 75, false, [], false, 0, [], null, 0, 1744308201.4435122, 0, {}]
[{"0": [4, 5, 1, 1, 3, 0, 20, 28, 29, 33, 26, 31, 37, 29, 37]}, null, null, 76, false, [], false, 0, [], null, 0, 1744308201.6601467, 0, {}]
[{"0": [2, 2, 2, 1, 35, 33, 26, 1, 1, 4, 0, 0, 0, 8, 4]}, null, null, 77, false, [], false, 0, [], null, 0, 1744308201.8587077, 0, {}]
[{"0": [3, 3, 2, 1, 3, 5, 1, 0, 39, 28, 26, 34, 33, 43, 39]}, null, null, 77, false, [], false, 0, [], null, 0, 1744308202.0414155, 0, {}]
[{"0": [1, 1, 3, 1, 1, 2, 3, 2, 3, 2, 1, 0, 3, 35, 39]}, null, null, 78, false, [], false, 0, [], null, 0, 1744308202.2531114, 0, {}]
[{"0": [3, 0, 3, 1, 31, 1, 0, 2, 5, 5, 2, 0, 2, 2, 1]}, null, null, 78, false, [], false, 0, [], null, 0, 1744308202.4538102, 0, {}]
[{"0": [0, 1, 1, 31, 2, 1, 0, 2, 3, 3, 0, 0, 3, 1, 1]}, null, null, 79, false, [], false, 0, [], null, 0, 1744308202.6451852, 0, {}]
[{"0": [1, 0, 0, 1, 3, 2, 1, 0, 2, 3, 2, 2, 2, 3, 0]}, null, null, 80, false, [], false, 0, [], null, 0, 1744308202.859034, 0, {}]
[{"0": [0, 1, 0, 1, 2, 30, 37, 34, 39, 44, 36, 3, 0, 1, 1]}, null, null, 80, false, [], false, 0, [], null, 0, 1744308203.0590506, 0, {}]
[{"0": [2, 0, 34, 33, 34, 32, 35, 28, 35, 33, 36, 28, 0, 2, 3]}, null, null, 81, false, [], false, 0, [], null, 0, 1744308203.2526538, 0, {}]
[{"0": [3, 0, 55, 2, 3, 1, 0, 1, 4, 2, 2, 3, 2, 3, 1]}, null, null, 81, false, [], false, 0, [], null, 0, 1744308203.4540396, 0, {}]
[{"0": [5, 3, 1, 2, 1, 34, 5, 2, 1, 2, 2, 0, 5, 2, 4]}, null, null, 82, false, [], false, 0, [], null, 0, 1744308203.6539602, 0, {}]
[{"0": [3, 2, 1, 1, 4, 3, 4, 2, 2, 44, 35, 32, 29, 47, 1]}, null, null, 83, false, [], false, 0, [], null, 0, 1744308203.8380275, 0, {}]
[{"0": [2, 1, 3, 4, 2, 1, 1, 2, 2, 2, 29, 43, 32, 3, 2]}, null, null, 83, false, [], false, 0, [], null, 0, 1744308204.0576122, 0, {}]
[{"0": [0, 1, 0, 1, 1, 1, 1, 3, 0, 5, 27, 36, 25, 29, 3]}, null, null, 84, false, [], false, 0, [], null, 0, 1744308204.2344222, 0, {}]
[{"0": [1, 1, 2, 6, 0, 1, 3, 29, 3, 5, 3, 3, 1, 3, 2]}, null, null, 84, false, [], false, 0, [], null, 0, 1744308204.4381568, 0, {}]
[{"0": [4, 2, 2, 3, 0, 54, 20, 2, 2, 2, 0, 1, 1, 3, 1]}, null, null, 85, false, [], false, 0, [], null, 0, 1744308204.6540768, 0, {}]
[{"0": [7, 1, 3, 30, 28, 3, 1, 3, 4, 4, 4, 0, 3, 4, 4]}, null, null, 86, false, [], false, 0, [], null, 0, 1744308204.8531287, 0, {}]
[{"0": [2, 2, 1, 36, 51, 44, 29, 38, 28, 36, 27, 34, 40, 32, 41]}, null, null, 86, false, [], false, 0, [], null, 0, 1744308205.0442898, 0, {}]
[{"0": [2, 1, 3, 1, 2, 2, 3, 0, 3, 3, 2, 2, 41, 43, 31]}, null, null, 87, false, [], false, 0, [], null, 0, 1744308205.2450063, 0, {}]
[{"0": [1, 5, 1, 1, 5, 2, 0, 1, 3, 2, 1, 2, 32, 30, 33]}, null, null, 87, false, [], false, 0, [], null, 0, 1744308205.4589233, 0, {}]
[{"0": [0, 2, 6, 2, 0, 1, 3, 35, 36, 33, 40, 0, 2, 0, 2]}, null, null, 88, false, [], false, 0, [], null, 0, 1744308205.658131, 0, {}]
[{"0": [1, 37, 47, 2, 1, 4, 0, 2, 7, 2, 2, 1, 2, 0, 2]}, null, null, 89, false, [], false, 0, [], null, 0, 1744308205.8594408, 0, {}]
[{"0": [2, 1, 2, 1, 2, 2, 33, 35, 33, 36, 37, 3, 2, 2, 1]}, null, null, 89, false, [], false, 0, [], null, 0, 1744308206.0564141, 0, {}]
[{"0": [2, 0, 3, 1, 2, 1, 3, 25, 32, 40, 35, 35, 31, 32, 30]}, null, null, 90, false, [], false, 0, [], null, 0, 1744308206.257639, 0, {}]
[{"0": [2, 1, 1, 0, 2, 0, 3, 3, 38, 38, 0, 2, 0, 3, 3]}, null, null, 90, false, [], false, 0, [], null, 0, 1744308206.4406624, 0, {}]
[{"0": [2, 0, 2, 2, 1, 3, 1, 2, 34, 25, 33, 28, 37, 28, 3]}, null, null, 91, false, [], false, 0, [], null, 0, 1744308206.6482954, 0, {}]
[{"0": [4, 1, 4, 2, 2, 2, 39, 29, 35, 54, 30, 46, 37, 29, 28]}, null, null, 92, false, [], false, 0, [], null, 0, 1744308206.8501296, 0, {}]
[{"0": [1, 0, 2, 1, 2, 2, 3, 0, 3, 2, 3, 1, 1, 1, 3]}, null, null, 92, false, [], false, 0, [], null, 0, 1744308207.0424914, 0, {}]
[{"0": [1, 1, 32, 2, 2, 1, 4, 0, 2, 0, 6, 0, 1, 5, 2]}, null, null, 93, false, [], false, 0, [], null, 0, 1744308207.2383366, 0, {}]
[{"0": [2, 41, 34, 3, 3, 0, 1, 0, 3, 2, 3, 4, 3, 1, 1]}, null, null, 93, false, [], false, 0, [], null, 0, 1744308207.4486003, 0, {}]
[{"0": [4, 1, 2, 1, 0, 3, 2, 34, 34, 0, 0, 5, 2, 4, 1]}, null, null, 94, false, [], false, 0, [], null, 0, 1744308207.659193, 0, {}]
[{"0": [1, 5, 0, 1, 2, 33, 39, 1, 3, 4, 2, 3, 4, 1, 3]}, null, null, 95, false, [], false, 0, [], null, 0, 1744308207.861026, 0, {}]
[{"0": [1, 0, 1, 5, 1, 0, 1, 4, 3, 1, 40, 0, 1, 1, 3]}, null, null, 95, false, [], false, 0, [], null, 0, 1744308208.0588179, 0, {}]
[{"0": [6, 2, 37, 32, 33, 34, 0, 0, 3, 0, 2, 2, 0, 1, 1]}, null, null, 96, false, [], false, 0, [], null, 0, 1744308208.2387385, 0, {}]
[{"0": [1, 2, 1, 1, 2, 1, 3, 2, 4, 2, 1, 2, 1, 41, 37]}, null, null, 96, false, [], false, 0, [], null, 0, 1744308208.4404633, 0, {}]
[{"0": [0, 1, 2, 0, 1, 1, 2, 2, 1, 1, 2, 4, 2, 1, 0]}, null, null, 97, false, [], false, 0, [], null, 0, 1744308208.6433878, 0, {}]
[{"0": [1, 3, 0, 3, 1, 22, 0, 4, 1, 3, 0, 1, 3, 3, 2]}, null, null, 98, false, [], false, 0, [], null, 0, 1744308208.8467853, 0, {}]
[{"0": [3, 1, 1, 4, 1, 35, 5, 0, 2, 1, 2, 1, 3, 1, 2]}, null, null, 98, false, [], false, 0, [], null, 0, 1744308209.0416307, 0, {}]
[{"0": [3, 3, 3, 1, 2, 1, 1, 51, 35, 2, 6, 4, 1, 1, 2]}, null, null, 99, false, [], false, 0, [], null, 0, 1744308209.2578, 0, {}]
[{"0": [1, 3, 5, 1, 6, 5, 1, 2, 28, 24, 42, 32, 34, 1, 0]}, null, null, 99, false, [], false, 0, [], null, 0, 1744308209.4522395, 0, {}]
[{"0": [4, 5, 2, 0, 2, 5, 35, 34, 30, 1, 3, 1, 0, 2, 2]}, null, null, 100, false, [], false, 0, [], null, 0, 1744308209.642293, 0, {}]
[{"0": [2, 2, 27, 42, 42, 38, 38, 36, 35, 24, 33, 0, 4, 2, 3]}, null, null, 101, false, [], false, 0, [], null, 0, 1744308209.8501108, 0, {}]
[{"0": [4, 2, 1, 2, 4, 1, 0, 31, 34, 30, 39, 37, 27, 33, 33]}, null, null, 101, false, [], false, 0, [], null, 0, 1744308210.0406854, 0, {}]
[{"0": [0, 3, 2, 1, 3, 4, 1, 4, 3, 4, 2, 1, 2, 1, 1]}, null, null, 102, false, [], false, 0, [], null, 0, 1744308210.2551506, 0, {}]
[{"0": [0, 2, 3, 39, 34, 38, 39, 0, 3, 1, 2, 3, 0, 1, 2]}, null, null, 102, false, [], false, 0, [], null, 0, 1744308210.4677, 0, {}]
[{"0": [2, 4, 2, 1, 1, 27, 36, 40, 34, 35, 40, 29, 34, 1, 1]}, null, null, 103, false, [], false, 0, [], null, 0, 1744308210.6444027, 0, {}]
[{"0": [0, 2, 2, 3, 2, 3, 1, 2, 2, 0, 52, 31, 31, 37, 25]}, null, null, 104, false, [], false, 0, [], null, 0, 1744308210.8631825, 0, {}]
[{"0": [1, 3, 2, 2, 5, 2, 30, 3, 2, 3, 2, 0, 1, 1, 1]}, null, null, 104, false, [], false, 0, [], null, 0, 1744308211.04338, 0, {}]
[{"0": [3, 1, 2, 1, 1, 2, 3, 5, 2, 1, 2, 26, 2, 3, 4]}, null, null, 105, false, [], false, 0, [], null, 0, 1744308211.260197, 0, {}]
[{"0": [1, 0, 3, 0, 2, 3, 31, 0, 0, 0, 1, 2, 2, 1, 2]}, null, null, 105, false, [], false, 0, [], null, 0, 1744308211.4391894, 0, {}]
[{"0": [3, 2, 3, 1, 5, 2, 2, 3, 26, 26, 2, 0, 1, 0, 1]}, null, null, 106, false, [], false, 0, [], null, 0, 1744308211.6435208, 0, {}]
[{"0": [6, 2, 4, 1, 29, 34, 33, 0, 1, 1, 3, 4, 3, 2, 3]}, null, null, 107, false, [], false, 0, [], null, 0, 1744308211.8451092, 0, {}]
[{"0": [0, 1, 3, 4, 2, 1, 2, 3, 5, 1, 30, 3, 2, 0, 1]}, null, null, 107, false, [], false, 0, [], null, 0, 1744308212.056378, 0, {}]
[{"0": [3, 3, 0, 4, 3, 36, 2, 1, 1, 2, 1, 3, 1, 0, 4]}, null, null, 108, false, [], false, 0, [], null, 0, 1744308212.2426002, 0, {}]
[{"0": [2, 2, 4, 3, 2, 3, 3, 3, 3, 1, 3, 37, 25, 30, 33]}, null, null, 108, false, [], false, 0, [], null, 0, 1744308212.4637332, 0, {}]
[{"0": [1, 0, 35, 30, 31, 29, 34, 33, 35, 43, 5, 1, 2, 4, 4]}, null, null, 109, false, [], false, 0, [], null, 0, 1744308212.6536107, 0, {}]
[{"0": [1, 5, 36, 30, 46, 37, 41, 47, 5, 0, 5, 1, 0, 4, 3]}, null, null, 110, false, [], false, 0, [], null, 0, 1744308212.8409693, 0, {}]
[{"0": [5, 0, 1, 2, 3, 51, 1, 2, 3, 0, 3, 1, 3, 5, 4]}, null, null, 110, false, [], false, 0, [], null, 0, 1744308213.0502644, 0, {}]
[{"0": [1, 1, 4, 1, 4, 2, 0, 0, 31, 44, 40, 29, 37, 34, 34]}, null, null, 111, false, [], false, 0, [], null, 0, 1744308213.250199, 0, {}]
[{"0": [5, 2, 1, 39, 4, 2, 1, 1, 2, 2, 0, 0, 1, 3, 1]}, null, null, 111, false, [], false, 0, [], null, 0, 1744308213.4438186, 0, {}]
[{"0": [2, 2, 2, 1, 4, 3, 2, 2, 2, 4, 28, 42, 30, 32, 36]}, null, null, 112, false, [], false, 0, [], null, 0, 1744308213.6575506, 0, {}]
[{"0": [2, 3, 1, 2, 1, 3, 0, 0, 3, 32, 39, 37, 33, 45, 1]}, null, null, 113, false, [], false, 0, [], null, 0, 1744308213.8414743, 0, {}]
[{"0": [1, 2, 3, 4, 3, 1, 5, 5, 0, 33, 28, 4, 3, 2, 2]}, null, null, 113, false, [], false, 0, [], null, 0, 1744308214.0416117, 0, {}]
[{"0": [6, 3, 3, 2, 1, 3, 0, 2, 2, 4, 28, 36, 1, 4, 0]}, null, null, 114, false, [], false, 0, [], null, 0, 1744308214.2427588, 0, {}]
[{"0": [1, 41, 0, 2, 2, 2, 0, 2, 2, 3, 0, 4, 3, 2, 1]}, null, null, 114, false, [], false, 0, [], null, 0, 1744308214.4638207, 0, {}]
[{"0": [5, 3, 3, 1, 3, 4, 30, 32, 36, 37, 48, 42, 30, 40, 47]}, null, null, 115, false, [], false, 0, [], null, 0, 1744308214.6612532, 0, {}]
[{"0": [1, 0, 2, 1, 1, 6, 2, 4, 32, 2, 2, 2, 4, 3, 1]}, null, null, 116, false, [], false, 0, [], null, 0, 1744308214.8407388, 0, {}]
[{"0": [3, 2, 2, 2, 0, 2, 28, 46, 32, 46, 28, 33, 3, 0, 3]}, null, null, 116, false, [], false, 0, [], null, 0, 1744308215.0575857, 0, {}]
[{"0": [1, 1, 0, 1, 30, 38, 24, 38, 24, 2, 1, 1, 4, 0, 2]}, null, null, 117, false, [], false, 0, [], null, 0, 1744308215.2584608, 0, {}]
[{"0": [5, 2, 1, 2, 5, 34, 2, 1, 3, 2, 2, 1, 2, 4, 2]}, null, null, 117, false, [], false, 0, [], null, 0, 1744308215.4579082, 0, {}]
[{"0": [1, 0, 32, 45, 2, 2, 3, 3, 2, 1, 3, 2, 2, 2, 1]}, null, null, 118, false, [], false, 0, [], null, 0, 1744308215.6434789, 0, {}]
[{"0": [1, 2, 2, 2, 7, 0, 1, 3, 39, 40, 1, 1, 1, 5, 3]}, null, null, 119, false, [], false, 0, [], null, 0, 1744308215.8421485, 0, {}]
[{"0": [0, 3, 2, 4, 0, 39, 30, 0, 0, 3, 1, 1, 2, 2, 3]}, null, null, 119, false, [], false, 0, [], null, 0, 1744308216.0525088, 0, {}]
[{"0": [1, 2, 2, 2, 0, 1, 4, 36, 36, 34, 24, 1, 2, 3, 1]}, null, null, 120, false, [], false, 0, [], null, 0, 1744308216.2424543, 0, {}]
[{"0": [0, 3, 1, 1, 3, 1, 5, 4, 3, 2, 4, 4, 2, 2, 3]}, null, null, 120, false, [], false, 0, [], null, 0, 1744308216.453418, 0, {}]
[{"0": [4, 2, 2, 2, 2, 2, 2, 2, 2, 4, 2, 4, 1, 32, 42]}, null, null, 121, false, [], false, 0, [], null, 0, 1744308216.6482286, 0, {}]
[{"0": [2, 1, 46, 2, 3, 0, 3, 0, 1, 2, 2, 4, 1, 1, 2]}, null, null, 122, false, [], false, 0, [], null, 0, 1744308216.8425915, 0, {}]
[{"0": [1, 2, 2, 3, 26, 31, 32, 33, 29, 33, 3, 4, 3, 3, 2]}, null, null, 122, false, [], false, 0, [], null, 0, 1744308217.058851, 0, {}]
[{"0": [1, 3, 2, 2, 2, 2, 1, 32, 1, 2, 3, 3, 0, 0, 1]}, null, null, 123, false, [], false, 0, [], null, 0, 1744308217.2551603, 0, {}]
[{"0": [1, 1, 1, 2, 3, 1, 3, 41, 25, 1, 2, 3, 3, 0, 2]}, null, null, 123, false, [], false, 0, [], null, 0, 1744308217.445602, 0, {}]
[{"0": [1, 2, 2, 0, 1, 1, 33, 32, 36, 47, 34, 33, 0, 0, 4]}, null, null, 124, false, [], false, 0, [], null, 0, 1744308217.6586723, 0, {}]
[{"0": [1, 2, 3, 3, 1, 0, 48, 32, 38, 29, 28, 27, 38, 40, 30]}, null, null, 125, false, [], false, 0, [], null, 0, 1744308217.8614645, 0, {}]
[{"0": [2, 5, 0, 0, 2, 1, 1, 1, 35, 31, 42, 38, 33, 3, 0]}, null, null, 125, false, [], false, 0, [], null, 0, 1744308218.041215, 0, {}]
[{"0": [4, 3, 2, 4, 2, 2, 6, 3, 1, 0, 2, 27, 37, 34, 34]}, null, null, 126, false, [], false, 0, [], null, 0, 1744308218.2601907, 0, {}]
[{"0": [3, 0, 1, 1, 1, 2, 37, 35, 24, 27, 26, 50, 26, 32, 41]}, null, null, 127, false, [], false, 0, [], null, 0, 1744308218.446694, 0, {}]
[{"0": [5, 0, 2, 3, 0, 2, 38, 35, 26, 39, 48, 37, 2, 1, 1]}, null, null, 127, false, [], false, 0, [], null, 0, 1744308218.658049, 0, {}]
[{"0": [1, 1, 4, 1, 1, 2, 2, 28, 42, 36, 2, 2, 1, 3, 2]}, null, null, 128, false, [], false, 0, [], null, 0, 1744308218.8556652, 0, {}]
[{"0": [4, 1, 3, 4, 2, 4, 1, 2, 2, 0, 1, 1, 3, 30, 34]}, null, null, 128, false, [], false, 0, [], null, 0, 1744308219.0659654, 0, {}]
[{"0": [0, 1, 0, 3, 1, 0, 37, 48, 30, 35, 36, 2, 2, 4, 3]}, null, null, 129, false, [], false, 0, [], null, 0, 1744308219.2642617, 0, {}]
[{"0": [5, 3, 1, 4, 4, 1, 32, 25, 41, 26, 31, 24, 39, 31, 39]}, null, null, 130, false, [], false, 0, [], null, 0, 1744308219.4497972, 0, {}]
[{"0": [4, 0, 33, 44, 47, 29, 3, 0, 0, 2, 1, 0, 3, 2, 3]}, null, null, 130, false, [], false, 0, [], null, 0, 1744308219.6518462, 0, {}]
[{"0": [3, 4, 0, 3, 3, 36, 28, 46, 28, 31, 31, 25, 1, 2, 1]}, null, null, 131, false, [], false, 0, [], null, 0, 1744308219.853019, 0, {}]
[{"0": [1, 2, 1, 40, 40, 31, 33, 33, 43, 31, 1, 1, 2, 2, 1]}, null, null, 131, false, [], false, 0, [], null, 0, 1744308220.050314, 0, {}]
[{"0": [33, 1, 3, 0, 1, 1, 4, 5, 0, 1, 1, 3, 2, 0, 4]}, null, null, 132, false, [], false, 0, [], null, 0, 1744308220.252853, 0, {}]
[{"0": [2, 1, 2, 2, 3, 32, 24, 35, 35, 29, 32, 28, 0, 4, 1]}, null, null, 133, false, [], false, 0, [], null, 0, 1744308220.4553766, 0, {}]
[{"0": [1, 2, 2, 2, 4, 25, 38, 34, 25, 30, 43, 27, 32, 3, 1]}, null, null, 133, false, [], false, 0, [], null, 0, 1744308220.6477354, 0, {}]
[{"0": [2, 2, 2, 37, 36, 33, 1, 0, 1, 0, 2, 5, 0, 0, 1]}, null, null, 134, false, [], false, 0, [], null, 0, 1744308220.8492475, 0, {}]
[{"0": [2, 2, 1, 34, 26, 24, 28, 28, 35, 0, 1, 5, 5, 1, 2]}, null, null, 134, false, [], false, 0, [], null, 0, 1744308221.0549004, 0, {}]
[{"0": [1, 2, 2, 1, 2, 33, 33, 1, 1, 1, 0, 3, 1, 6, 1]}, null, null, 135, false, [], false, 0, [], null, 0, 1744308221.249659, 0, {}]
[{"0": [1, 3, 0, 34, 37, 2, 0, 0, 0, 2, 2, 3, 1, 1, 1]}, null, null, 136, false, [], false, 0, [], null, 0, 1744308221.445731, 0, {}]
[{"0": [3, 2, 0, 39, 42, 25, 34, 29, 38, 40, 1, 1, 0, 1, 3]}, null, null, 136, false, [], false, 0, [], null, 0, 1744308221.6443374, 0, {}]
[{"0": [2, 3, 0, 5, 2, 3, 30, 27, 38, 41, 27, 28, 29, 35, 35]}, null, null, 137, false, [], false, 0, [], null, 0, 1744308221.8550935, 0, {}]
[{"0": [0, 2, 2, 3, 2, 3, 3, 1, 2, 2, 43, 37, 46, 1, 2]}, null, null, 137, false, [], false, 0, [], null, 0, 1744308222.0518217, 0, {}]
[{"0": [2, 4, 39, 44, 39, 26, 42, 2, 2, 6, 1, 2, 2, 2, 1]}, null, null, 138, false, [], false, 0, [], null, 0, 1744308222.2492251, 0, {}]
[{"0": [4, 1, 0, 1, 2, 3, 2, 41, 34, 36, 43, 0, 1, 1, 1]}, null, null, 139, false, [], false, 0, [], null, 0, 1744308222.4556615, 0, {}]
[{"0": [4, 4, 0, 2, 3, 2, 36, 2, 2, 0, 2, 0, 1, 1, 0]}, null, null, 139, false, [], false, 0, [], null, 0, 1744308222.6516912, 0, {}]
[{"0": [2, 1, 4, 2, 0, 3, 2, 1, 25, 33, 38, 43, 27, 34, 1]}, null, null, 140, false, [], false, 0, [], null, 0, 1744308222.8554804, 0, {}]
[{"0": [3, 2, 2, 1, 5, 5, 2, 30, 32, 37, 35, 2, 3, 4, 2]}, null, null, 140, false, [], false, 0, [], null, 0, 1744308223.045587, 0, {}]
[{"0": [3, 3, 2, 1, 38, 4, 2, 5, 3, 0, 1, 1, 1, 1, 1]}, null, null, 141, false, [], false, 0, [], null, 0, 1744308223.2472901, 0, {}]
[{"0": [3, 2, 4, 0, 2, 3, 2, 0, 3, 2, 0, 3, 2, 3, 31]}, null, null, 142, false, [], false, 0, [], null, 0, 1744308223.4436767, 0, {}]
[{"0": [2, 1, 2, 0, 2, 1, 1, 2, 0, 2, 5, 28, 0, 0, 1]}, null, null, 142, false, [], false, 0, [], null, 0, 1744308223.649699, 0, {}]
[{"0": [2, 1, 2, 2, 0, 1, 37, 47, 1, 2, 2, 4, 0, 2, 5]}, null, null, 143, false, [], false, 0, [], null, 0, 1744308223.8542414, 0, {}]
[{"0": [4, 3, 3, 6, 2, 36, 37, 20, 1, 5, 2, 0, 1, 3, 3]}, null, null, 143, false, [], false, 0, [], null, 0, 1744308224.049592, 0, {}]
[{"0": [1, 0, 3, 2, 2, 2, 2, 2, 1, 2, 2, 4, 26, 29, 41]}, null, null, 144, false, [], false, 0, [], null, 0, 1744308224.2680502, 0, {}]
[{"0": [2, 3, 1, 3, 2, 40, 27, 32, 1, 0, 4, 1, 1, 2, 2]}, null, null, 145, false, [], false, 0, [], null, 0, 1744308224.4472451, 0, {}]
[{"0": [0, 3, 3, 5, 0, 1, 2, 39, 36, 26, 37, 29, 27, 22, 5]}, null, null, 145, false, [], false, 0, [], null, 0, 1744308224.6433733, 0, {}]
[{"0": [0, 1, 1, 2, 0, 3, 2, 2, 3, 0, 1, 2, 2, 43, 40]}, null, null, 146, false, [], false, 0, [], null, 0, 1744308224.8474946, 0, {}]
[{"0": [4, 1, 1, 1, 27, 28, 2, 1, 0, 1, 1, 2, 4, 1, 3]}, null, null, 146, false, [], false, 0, [], null, 0, 1744308225.0468323, 0, {}]
[{"0": [3, 0, 41, 27, 1, 2, 4, 3, 3, 2, 1, 1, 1, 1, 4]}, null, null, 147, false, [], false, 0, [], null, 0, 1744308225.261512, 0, {}]
[{"0": [1, 2, 0, 0, 29, 47, 45, 43, 40, 31, 44, 38, 2, 0, 3]}, null, null, 148, false, [], false, 0, [], null, 0, 1744308225.4449613, 0, {}]
[{"0": [2, 3, 2, 4, 1, 1, 1, 1, 5, 39, 34, 36, 38, 33, 33]}, null, null, 148, false, [], false, 0, [], null, 0, 1744308225.6640017, 0, {}]
[{"0": [2, 2, 3, 7, 3, 5, 36, 37, 1, 3, 0, 1, 1, 3, 1]}, null, null, 149, false, [], false, 0, [], null, 0, 1744308225.848101, 0, {}]
[{"0": [2, 3, 2, 1, 0, 4, 0, 2, 1, 40, 41, 0, 2, 2, 2]}, null, null, 149, false, [], false, 0, [], null, 0, 1744308226.0441277, 0, {}]
[{"0": [0, 1, 3, 26, 45, 33, 1, 0, 0, 1, 2, 2, 1, 2, 1]}, null, null, 150, true, [], false, 0, [], null, 0, 1744308226.2447848, 0, {}]
