[{"0": [2, 3, 3, 3, 0, 0, 2, 2, 0, 2, 32, 30, 28, 31, 34]}, null, null, 0, false, [], false, 0, [], null, 0, 1744309441.0394595, 0, {}]
[{"0": [4, 3, 0, 1, 2, 27, 30, 30, 28, 41, 30, 29, 35, 39, 27]}, null, null, 1, false, [], false, 0, [], null, 0, 1744309441.2452002, 0, {}]
[{"0": [3, 1, 3, 1, 1, 0, 1, 1, 2, 31, 43, 35, 30, 1, 1]}, null, null, 1, false, [], false, 0, [], null, 0, 1744309441.4662027, 0, {}]
[{"0": [3, 0, 0, 2, 1, 3, 0, 1, 1, 2, 1, 3, 2, 1, 33]}, null, null, 2, false, [], false, 0, [], null, 0, 1744309441.658208, 0, {}]
[{"0": [1, 2, 0, 2, 3, 1, 5, 1, 2, 3, 3, 4, 35, 23, 26]}, null, null, 2, false, [], false, 0, [], null, 0, 1744309441.857838, 0, {}]
[{"0": [1, 0, 0, 4, 2, 0, 2, 0, 2, 2, 2, 2, 1, 3, 38]}, null, null, 3, false, [], false, 0, [], null, 0, 1744309442.0615466, 0, {}]
[{"0": [3, 2, 2, 2, 1, 29, 3, 1, 1, 1, 4, 5, 0, 3, 2]}, null, null, 4, false, [], false, 0, [], null, 0, 1744309442.2551582, 0, {}]
[{"0": [3, 2, 3, 4, 2, 2, 2, 1, 4, 33, 27, 39, 30, 28, 2]}, null, null, 4, false, [], false, 0, [], null, 0, 1744309442.4483695, 0, {}]
[{"0": [1, 0, 2, 1, 3, 0, 3, 1, 1, 3, 1, 1, 2, 31, 34]}, null, null, 5, false, [], false, 0, [], null, 0, 1744309442.664607, 0, {}]
[{"0": [2, 3, 1, 0, 1, 2, 25, 42, 5, 2, 2, 0, 3, 1, 2]}, null, null, 5, false, [], false, 0, [], null, 0, 1744309442.8515694, 0, {}]
[{"0": [1, 1, 2, 3, 1, 2, 2, 3, 1, 2, 1, 47, 43, 1, 2]}, null, null, 6, false, [], false, 0, [], null, 0, 1744309443.0443594, 0, {}]
[{"0": [3, 1, 3, 3, 1, 1, 34, 31, 22, 42, 30, 27, 1, 3, 2]}, null, null, 7, false, [], false, 0, [], null, 0, 1744309443.2431893, 0, {}]
[{"0": [2, 3, 29, 26, 24, 27, 37, 1, 3, 0, 1, 0, 4, 6, 3]}, null, null, 7, false, [], false, 0, [], null, 0, 1744309443.4490373, 0, {}]
[{"0": [1, 0, 0, 2, 2, 3, 2, 1, 1, 3, 2, 2, 1, 0, 37]}, null, null, 8, false, [], false, 0, [], null, 0, 1744309443.6528172, 0, {}]
[{"0": [1, 1, 1, 5, 2, 21, 33, 43, 27, 35, 3, 2, 2, 1, 2]}, null, null, 8, false, [], false, 0, [], null, 0, 1744309443.8421276, 0, {}]
[{"0": [2, 3, 2, 2, 2, 0, 0, 2, 0, 2, 30, 34, 25, 30, 29]}, null, null, 9, false, [], false, 0, [], null, 0, 1744309444.047873, 0, {}]
[{"0": [5, 0, 1, 1, 3, 2, 0, 3, 2, 3, 1, 30, 36, 49, 39]}, null, null, 10, false, [], false, 0, [], null, 0, 1744309444.2489533, 0, {}]
[{"0": [0, 0, 0, 1, 2, 1, 31, 32, 1, 8, 0, 1, 3, 2, 3]}, null, null, 10, false, [], false, 0, [], null, 0, 1744309444.4486327, 0, {}]
[{"0": [2, 2, 0, 1, 1, 1, 28, 33, 28, 1, 1, 0, 1, 1, 1]}, null, null, 11, false, [], false, 0, [], null, 0, 1744309444.6417565, 0, {}]
[{"0": [1, 1, 4, 2, 1, 2, 0, 19, 25, 40, 41, 1, 4, 3, 4]}, null, null, 11, false, [], false, 0, [], null, 0, 1744309444.848075, 0, {}]
[{"0": [3, 1, 1, 5, 2, 2, 5, 0, 1, 1, 2, 1, 28, 30, 4]}, null, null, 12, false, [], false, 0, [], null, 0, 1744309445.045906, 0, {}]
[{"0": [3, 1, 0, 1, 1, 1, 1, 2, 3, 3, 2, 37, 40, 44, 39]}, null, null, 13, false, [], false, 0, [], null, 0, 1744309445.259326, 0, {}]
[{"0": [3, 0, 2, 40, 32, 25, 42, 39, 38, 31, 38, 31, 31, 24, 40]}, null, null, 13, false, [], false, 0, [], null, 0, 1744309445.4620674, 0, {}]
[{"0": [2, 1, 1, 31, 44, 47, 31, 32, 36, 25, 30, 38, 35, 36, 28]}, null, null, 14, false, [], false, 0, [], null, 0, 1744309445.6452637, 0, {}]
[{"0": [5, 2, 0, 28, 27, 34, 1, 3, 4, 0, 2, 0, 1, 0, 2]}, null, null, 14, false, [], false, 0, [], null, 0, 1744309445.8617342, 0, {}]
[{"0": [1, 0, 4, 3, 1, 3, 2, 2, 2, 2, 29, 34, 39, 29, 40]}, null, null, 15, false, [], false, 0, [], null, 0, 1744309446.066564, 0, {}]
[{"0": [1, 5, 0, 44, 29, 0, 2, 1, 3, 0, 0, 0, 1, 2, 1]}, null, null, 16, false, [], false, 0, [], null, 0, 1744309446.2523296, 0, {}]
[{"0": [0, 1, 2, 0, 2, 2, 3, 1, 2, 0, 30, 33, 3, 1, 1]}, null, null, 16, false, [], false, 0, [], null, 0, 1744309446.4438007, 0, {}]
[{"0": [37, 34, 29, 37, 1, 0, 3, 4, 1, 1, 2, 1, 0, 3, 1]}, null, null, 17, false, [], false, 0, [], null, 0, 1744309446.6473372, 0, {}]
[{"0": [1, 2, 29, 36, 33, 31, 2, 1, 5, 0, 0, 0, 2, 1, 1]}, null, null, 17, false, [], false, 0, [], null, 0, 1744309446.8572643, 0, {}]
[{"0": [0, 0, 1, 5, 2, 0, 2, 3, 4, 1, 1, 1, 1, 1, 36]}, null, null, 18, false, [], false, 0, [], null, 0, 1744309447.0524218, 0, {}]
[{"0": [3, 2, 1, 1, 2, 2, 3, 39, 3, 2, 0, 3, 2, 1, 1]}, null, null, 19, false, [], false, 0, [], null, 0, 1744309447.244303, 0, {}]
[{"0": [0, 1, 0, 0, 3, 1, 2, 1, 42, 40, 34, 27, 30, 40, 31]}, null, null, 19, false, [], false, 0, [], null, 0, 1744309447.4639852, 0, {}]
[{"0": [3, 0, 3, 1, 1, 1, 3, 1, 2, 0, 2, 7, 32, 48, 1]}, null, null, 20, false, [], false, 0, [], null, 0, 1744309447.6473367, 0, {}]
[{"0": [1, 3, 4, 3, 34, 39, 24, 22, 0, 1, 0, 3, 1, 1, 1]}, null, null, 20, false, [], false, 0, [], null, 0, 1744309447.8431392, 0, {}]
[{"0": [2, 5, 30, 44, 25, 36, 26, 37, 30, 28, 30, 37, 33, 33, 28]}, null, null, 21, false, [], false, 0, [], null, 0, 1744309448.056795, 0, {}]
[{"0": [5, 5, 2, 1, 44, 5, 4, 1, 2, 0, 1, 0, 2, 3, 0]}, null, null, 22, false, [], false, 0, [], null, 0, 1744309448.2657082, 0, {}]
[{"0": [6, 2, 5, 2, 0, 1, 40, 34, 36, 35, 31, 37, 32, 38, 40]}, null, null, 22, false, [], false, 0, [], null, 0, 1744309448.4476182, 0, {}]
[{"0": [0, 1, 4, 0, 1, 1, 0, 2, 1, 2, 1, 3, 33, 36, 37]}, null, null, 23, false, [], false, 0, [], null, 0, 1744309448.6620262, 0, {}]
[{"0": [2, 3, 2, 3, 1, 1, 2, 2, 0, 1, 1, 1, 1, 1, 31]}, null, null, 23, false, [], false, 0, [], null, 0, 1744309448.8502126, 0, {}]
[{"0": [0, 1, 1, 3, 1, 3, 0, 42, 44, 1, 4, 3, 2, 3, 2]}, null, null, 24, false, [], false, 0, [], null, 0, 1744309449.0504963, 0, {}]
[{"0": [1, 1, 3, 2, 3, 3, 2, 0, 35, 3, 2, 0, 0, 0, 2]}, null, null, 25, false, [], false, 0, [], null, 0, 1744309449.2566845, 0, {}]
[{"0": [2, 1, 1, 1, 1, 36, 39, 37, 32, 25, 35, 40, 34, 38, 1]}, null, null, 25, false, [], false, 0, [], null, 0, 1744309449.4558568, 0, {}]
[{"0": [4, 3, 2, 1, 2, 40, 25, 28, 21, 1, 1, 1, 2, 2, 2]}, null, null, 26, false, [], false, 0, [], null, 0, 1744309449.6518419, 0, {}]
[{"0": [0, 0, 0, 32, 25, 33, 31, 1, 2, 1, 2, 2, 3, 3, 0]}, null, null, 27, false, [], false, 0, [], null, 0, 1744309449.8449652, 0, {}]
[{"0": [0, 4, 0, 2, 29, 41, 2, 3, 3, 2, 1, 4, 2, 2, 0]}, null, null, 27, false, [], false, 0, [], null, 0, 1744309450.061081, 0, {}]
[{"0": [0, 3, 0, 4, 0, 3, 3, 2, 1, 3, 1, 1, 1, 4, 27]}, null, null, 28, false, [], false, 0, [], null, 0, 1744309450.2482164, 0, {}]
[{"0": [1, 0, 5, 3, 0, 2, 3, 40, 31, 37, 36, 32, 27, 32, 25]}, null, null, 28, false, [], false, 0, [], null, 0, 1744309450.4651997, 0, {}]
[{"0": [0, 0, 0, 1, 0, 4, 1, 1, 4, 1, 1, 2, 31, 38, 38]}, null, null, 29, false, [], false, 0, [], null, 0, 1744309450.6527367, 0, {}]
[{"0": [1, 1, 1, 0, 3, 3, 1, 0, 36, 19, 39, 30, 33, 36, 5]}, null, null, 30, false, [], false, 0, [], null, 0, 1744309450.8468223, 0, {}]
[{"0": [1, 1, 2, 3, 2, 1, 4, 5, 3, 2, 4, 4, 0, 0, 27]}, null, null, 30, false, [], false, 0, [], null, 0, 1744309451.0554187, 0, {}]
[{"0": [1, 1, 5, 28, 31, 39, 34, 36, 26, 35, 33, 23, 26, 38, 28]}, null, null, 31, false, [], false, 0, [], null, 0, 1744309451.2474408, 0, {}]
[{"0": [5, 2, 2, 1, 2, 2, 1, 35, 32, 5, 1, 2, 3, 4, 1]}, null, null, 31, false, [], false, 0, [], null, 0, 1744309451.4633482, 0, {}]
[{"0": [0, 2, 4, 0, 4, 3, 2, 2, 1, 4, 2, 3, 0, 0, 47]}, null, null, 32, false, [], false, 0, [], null, 0, 1744309451.666664, 0, {}]
[{"0": [2, 3, 0, 2, 1, 2, 3, 2, 39, 35, 40, 38, 28, 26, 32]}, null, null, 33, false, [], false, 0, [], null, 0, 1744309451.8702133, 0, {}]
[{"0": [4, 0, 1, 3, 2, 1, 6, 2, 1, 1, 1, 1, 5, 1, 35]}, null, null, 33, false, [], false, 0, [], null, 0, 1744309452.0504425, 0, {}]
[{"0": [2, 1, 1, 2, 1, 5, 3, 1, 3, 1, 0, 1, 28, 23, 23]}, null, null, 34, false, [], false, 0, [], null, 0, 1744309452.2619548, 0, {}]
[{"0": [2, 2, 0, 2, 1, 5, 1, 1, 2, 0, 1, 1, 4, 1, 34]}, null, null, 34, false, [], false, 0, [], null, 0, 1744309452.4662812, 0, {}]
[{"0": [0, 1, 1, 2, 33, 0, 1, 2, 0, 1, 3, 1, 0, 2, 1]}, null, null, 35, false, [], false, 0, [], null, 0, 1744309452.6695712, 0, {}]
[{"0": [1, 1, 4, 9, 2, 1, 1, 3, 5, 3, 0, 3, 2, 4, 0]}, null, null, 36, false, [], false, 0, [], null, 0, 1744309452.8533676, 0, {}]
[{"0": [42, 29, 24, 31, 32, 34, 34, 45, 30, 35, 3, 2, 1, 4, 2]}, null, null, 36, false, [], false, 0, [], null, 0, 1744309453.0530074, 0, {}]
[{"0": [3, 5, 1, 3, 1, 0, 2, 2, 31, 37, 38, 29, 36, 33, 33]}, null, null, 37, false, [], false, 0, [], null, 0, 1744309453.2536561, 0, {}]
[{"0": [1, 2, 0, 4, 2, 2, 2, 2, 1, 2, 2, 1, 1, 32, 31]}, null, null, 37, false, [], false, 0, [], null, 0, 1744309453.4453151, 0, {}]
[{"0": [1, 2, 1, 0, 3, 1, 4, 0, 0, 0, 3, 2, 0, 34, 23]}, null, null, 38, false, [], false, 0, [], null, 0, 1744309453.651991, 0, {}]
[{"0": [2, 3, 1, 4, 3, 2, 4, 3, 3, 2, 1, 1, 2, 39, 37]}, null, null, 39, false, [], false, 0, [], null, 0, 1744309453.8512945, 0, {}]
[{"0": [1, 2, 4, 2, 3, 0, 1, 2, 1, 1, 1, 4, 3, 24, 36]}, null, null, 39, false, [], false, 0, [], null, 0, 1744309454.0551243, 0, {}]
[{"0": [1, 2, 3, 0, 1, 0, 38, 36, 3, 3, 2, 2, 2, 0, 0]}, null, null, 40, false, [], false, 0, [], null, 0, 1744309454.2528076, 0, {}]
[{"0": [1, 2, 3, 1, 42, 30, 31, 1, 2, 3, 0, 2, 4, 1, 2]}, null, null, 40, false, [], false, 0, [], null, 0, 1744309454.470655, 0, {}]
[{"0": [2, 1, 1, 2, 2, 4, 5, 2, 1, 1, 3, 0, 2, 4, 27]}, null, null, 41, false, [], false, 0, [], null, 0, 1744309454.6569502, 0, {}]
[{"0": [0, 7, 2, 1, 2, 3, 1, 1, 2, 1, 3, 0, 3, 0, 39]}, null, null, 42, false, [], false, 0, [], null, 0, 1744309454.8514514, 0, {}]
[{"0": [2, 2, 5, 2, 2, 0, 2, 0, 3, 31, 2, 3, 5, 0, 4]}, null, null, 42, false, [], false, 0, [], null, 0, 1744309455.0485098, 0, {}]
[{"0": [0, 1, 1, 2, 2, 2, 29, 34, 43, 41, 29, 40, 5, 4, 9]}, null, null, 43, false, [], false, 0, [], null, 0, 1744309455.2488408, 0, {}]
[{"0": [1, 3, 3, 1, 20, 36, 1, 1, 1, 1, 2, 1, 2, 2, 4]}, null, null, 43, false, [], false, 0, [], null, 0, 1744309455.446777, 0, {}]
[{"0": [0, 2, 1, 2, 0, 2, 24, 26, 28, 35, 26, 33, 32, 32, 0]}, null, null, 44, false, [], false, 0, [], null, 0, 1744309455.666476, 0, {}]
[{"0": [2, 2, 1, 1, 2, 0, 2, 1, 35, 37, 38, 38, 36, 34, 32]}, null, null, 45, false, [], false, 0, [], null, 0, 1744309455.847926, 0, {}]
[{"0": [1, 1, 1, 3, 2, 0, 1, 0, 25, 38, 34, 41, 33, 26, 4]}, null, null, 45, false, [], false, 0, [], null, 0, 1744309456.054393, 0, {}]
[{"0": [1, 1, 1, 30, 31, 40, 0, 1, 3, 3, 1, 1, 0, 2, 0]}, null, null, 46, false, [], false, 0, [], null, 0, 1744309456.248017, 0, {}]
[{"0": [3, 3, 2, 0, 1, 6, 0, 2, 1, 0, 1, 35, 34, 33, 31]}, null, null, 46, false, [], false, 0, [], null, 0, 1744309456.4495053, 0, {}]
[{"0": [3, 5, 3, 1, 2, 2, 1, 42, 36, 27, 40, 33, 0, 2, 2]}, null, null, 47, false, [], false, 0, [], null, 0, 1744309456.659015, 0, {}]
[{"0": [2, 3, 0, 2, 2, 1, 3, 0, 2, 3, 3, 2, 0, 34, 28]}, null, null, 48, false, [], false, 0, [], null, 0, 1744309456.859051, 0, {}]
[{"0": [3, 1, 1, 4, 33, 24, 41, 30, 28, 0, 0, 4, 1, 2, 1]}, null, null, 48, false, [], false, 0, [], null, 0, 1744309457.0493324, 0, {}]
[{"0": [2, 4, 1, 40, 35, 29, 1, 1, 4, 36, 3, 4, 3, 3, 2]}, null, null, 49, false, [], false, 0, [], null, 0, 1744309457.2547743, 0, {}]
[{"0": [2, 1, 0, 2, 2, 3, 1, 2, 32, 24, 20, 29, 42, 39, 3]}, null, null, 49, false, [], false, 0, [], null, 0, 1744309457.4544032, 0, {}]
[{"0": [2, 3, 2, 1, 0, 1, 0, 1, 1, 0, 0, 1, 27, 36, 0]}, null, null, 50, false, [], false, 0, [], null, 0, 1744309457.6516063, 0, {}]
[{"0": [3, 0, 2, 1, 0, 2, 39, 32, 35, 23, 25, 19, 34, 27, 1]}, null, null, 51, false, [], false, 0, [], null, 0, 1744309457.8675644, 0, {}]
[{"0": [1, 2, 4, 1, 3, 2, 2, 4, 0, 3, 1, 4, 35, 41, 4]}, null, null, 51, false, [], false, 0, [], null, 0, 1744309458.0518556, 0, {}]
[{"0": [1, 4, 0, 0, 2, 1, 0, 4, 5, 2, 1, 2, 4, 5, 32]}, null, null, 52, false, [], false, 0, [], null, 0, 1744309458.2514212, 0, {}]
[{"0": [3, 0, 3, 3, 0, 2, 4, 2, 1, 38, 33, 35, 1, 2, 1]}, null, null, 52, false, [], false, 0, [], null, 0, 1744309458.4541614, 0, {}]
[{"0": [3, 2, 1, 0, 2, 1, 0, 2, 2, 1, 5, 1, 34, 25, 34]}, null, null, 53, false, [], false, 0, [], null, 0, 1744309458.659488, 0, {}]
[{"0": [3, 4, 0, 2, 4, 1, 4, 2, 0, 1, 2, 3, 30, 0, 2]}, null, null, 54, false, [], false, 0, [], null, 0, 1744309458.8605745, 0, {}]
[{"0": [2, 4, 2, 4, 0, 2, 1, 2, 2, 0, 2, 0, 4, 36, 36]}, null, null, 54, false, [], false, 0, [], null, 0, 1744309459.0525327, 0, {}]
[{"0": [3, 0, 1, 2, 2, 1, 2, 1, 0, 3, 0, 0, 29, 3, 2]}, null, null, 55, false, [], false, 0, [], null, 0, 1744309459.257803, 0, {}]
[{"0": [2, 5, 32, 30, 36, 45, 35, 38, 36, 0, 1, 4, 1, 2, 0]}, null, null, 55, false, [], false, 0, [], null, 0, 1744309459.456609, 0, {}]
[{"0": [1, 0, 1, 3, 4, 2, 0, 1, 0, 1, 1, 3, 2, 26, 33]}, null, null, 56, false, [], false, 0, [], null, 0, 1744309459.656136, 0, {}]
[{"0": [1, 2, 25, 35, 39, 1, 0, 2, 1, 2, 1, 3, 0, 3, 2]}, null, null, 57, false, [], false, 0, [], null, 0, 1744309459.8535388, 0, {}]
[{"0": [0, 4, 1, 5, 2, 0, 1, 0, 1, 2, 2, 4, 3, 1, 39]}, null, null, 57, false, [], false, 0, [], null, 0, 1744309460.0632396, 0, {}]
[{"0": [31, 45, 40, 3, 2, 1, 0, 2, 1, 3, 3, 2, 3, 0, 1]}, null, null, 58, false, [], false, 0, [], null, 0, 1744309460.2521217, 0, {}]
[{"0": [1, 1, 2, 2, 2, 2, 1, 2, 32, 37, 28, 34, 32, 32, 0]}, null, null, 58, false, [], false, 0, [], null, 0, 1744309460.4721136, 0, {}]
[{"0": [2, 3, 2, 1, 3, 30, 36, 1, 1, 0, 1, 4, 1, 3, 2]}, null, null, 59, false, [], false, 0, [], null, 0, 1744309460.659467, 0, {}]
[{"0": [2, 1, 0, 0, 34, 1, 0, 0, 2, 2, 0, 3, 3, 3, 3]}, null, null, 60, false, [], false, 0, [], null, 0, 1744309460.855094, 0, {}]
[{"0": [2, 1, 4, 3, 32, 2, 0, 1, 0, 3, 1, 0, 1, 1, 1]}, null, null, 60, false, [], false, 0, [], null, 0, 1744309461.0687385, 0, {}]
[{"0": [4, 6, 1, 1, 4, 31, 36, 34, 4, 4, 1, 2, 3, 3, 1]}, null, null, 61, false, [], false, 0, [], null, 0, 1744309461.2667596, 0, {}]
[{"0": [0, 4, 1, 0, 2, 3, 0, 0, 3, 3, 1, 26, 3, 1, 2]}, null, null, 61, false, [], false, 0, [], null, 0, 1744309461.4521163, 0, {}]
[{"0": [1, 2, 0, 1, 3, 1, 26, 37, 34, 31, 32, 34, 36, 2, 2]}, null, null, 62, false, [], false, 0, [], null, 0, 1744309461.6488502, 0, {}]
[{"0": [3, 1, 2, 0, 2, 45, 2, 3, 2, 1, 2, 2, 1, 3, 2]}, null, null, 63, false, [], false, 0, [], null, 0, 1744309461.8599634, 0, {}]
[{"0": [4, 4, 0, 3, 0, 1, 1, 1, 0, 1, 40, 32, 29, 0, 2]}, null, null, 63, false, [], false, 0, [], null, 0, 1744309462.0541544, 0, {}]
[{"0": [1, 1, 1, 2, 1, 2, 3, 2, 1, 2, 3, 2, 1, 1, 26]}, null, null, 64, false, [], false, 0, [], null, 0, 1744309462.2672343, 0, {}]
[{"0": [1, 5, 3, 1, 1, 2, 3, 1, 1, 1, 1, 26, 32, 39, 30]}, null, null, 64, false, [], false, 0, [], null, 0, 1744309462.4621725, 0, {}]
[{"0": [3, 2, 0, 1, 0, 1, 2, 3, 0, 0, 27, 30, 24, 26, 33]}, null, null, 65, false, [], false, 0, [], null, 0, 1744309462.6527903, 0, {}]
[{"0": [3, 2, 33, 36, 31, 37, 42, 35, 2, 2, 1, 4, 1, 6, 1]}, null, null, 66, false, [], false, 0, [], null, 0, 1744309462.8679512, 0, {}]
[{"0": [3, 1, 0, 2, 0, 2, 0, 1, 2, 2, 3, 1, 1, 1, 28]}, null, null, 66, false, [], false, 0, [], null, 0, 1744309463.0616863, 0, {}]
[{"0": [3, 2, 3, 0, 1, 1, 1, 1, 2, 0, 0, 3, 3, 1, 26]}, null, null, 67, false, [], false, 0, [], null, 0, 1744309463.2555735, 0, {}]
[{"0": [2, 5, 0, 1, 2, 0, 1, 0, 3, 29, 43, 27, 30, 39, 17]}, null, null, 67, false, [], false, 0, [], null, 0, 1744309463.4490087, 0, {}]
[{"0": [2, 0, 3, 35, 33, 29, 29, 36, 30, 39, 1, 0, 2, 2, 5]}, null, null, 68, false, [], false, 0, [], null, 0, 1744309463.6547015, 0, {}]
[{"0": [1, 3, 0, 2, 2, 1, 3, 6, 2, 4, 2, 4, 1, 2, 41]}, null, null, 69, false, [], false, 0, [], null, 0, 1744309463.875079, 0, {}]
[{"0": [1, 4, 4, 3, 2, 1, 3, 1, 2, 3, 1, 2, 37, 1, 1]}, null, null, 69, false, [], false, 0, [], null, 0, 1744309464.052704, 0, {}]
[{"0": [2, 0, 1, 3, 49, 3, 3, 3, 3, 1, 1, 1, 3, 1, 3]}, null, null, 70, false, [], false, 0, [], null, 0, 1744309464.2552438, 0, {}]
[{"0": [1, 1, 1, 3, 2, 1, 5, 3, 4, 2, 0, 1, 2, 3, 42]}, null, null, 70, false, [], false, 0, [], null, 0, 1744309464.4531446, 0, {}]
[{"0": [3, 2, 0, 0, 2, 23, 38, 30, 26, 5, 2, 1, 1, 2, 1]}, null, null, 71, false, [], false, 0, [], null, 0, 1744309464.6709898, 0, {}]
[{"0": [2, 1, 2, 0, 7, 3, 1, 1, 0, 19, 36, 40, 40, 27, 35]}, null, null, 72, false, [], false, 0, [], null, 0, 1744309464.8526895, 0, {}]
[{"0": [1, 2, 1, 0, 2, 2, 0, 1, 4, 1, 1, 5, 0, 43, 31]}, null, null, 72, false, [], false, 0, [], null, 0, 1744309465.051817, 0, {}]
[{"0": [0, 3, 3, 4, 2, 3, 0, 5, 1, 4, 35, 38, 37, 30, 39]}, null, null, 73, false, [], false, 0, [], null, 0, 1744309465.2561014, 0, {}]
[{"0": [1, 1, 2, 1, 3, 2, 1, 3, 1, 3, 0, 0, 3, 31, 2]}, null, null, 73, false, [], false, 0, [], null, 0, 1744309465.47174, 0, {}]
[{"0": [5, 1, 31, 29, 39, 34, 39, 33, 1, 0, 2, 2, 2, 4, 6]}, null, null, 74, false, [], false, 0, [], null, 0, 1744309465.6540778, 0, {}]
[{"0": [1, 0, 3, 1, 2, 0, 4, 25, 2, 1, 1, 5, 1, 4, 0]}, null, null, 75, false, [], false, 0, [], null, 0, 1744309465.8683152, 0, {}]
[{"0": [0, 1, 1, 0, 1, 1, 2, 1, 1, 3, 1, 2, 0, 20, 43]}, null, null, 75, false, [], false, 0, [], null, 0, 1744309466.0633392, 0, {}]
[{"0": [2, 0, 3, 0, 1, 1, 29, 27, 39, 38, 31, 2, 0, 6, 3]}, null, null, 76, false, [], false, 0, [], null, 0, 1744309466.2536469, 0, {}]
[{"0": [0, 0, 1, 1, 2, 1, 5, 3, 0, 1, 0, 2, 2, 1, 2]}, null, null, 77, false, [], false, 0, [], null, 0, 1744309466.4654024, 0, {}]
[{"0": [0, 3, 0, 1, 2, 0, 2, 4, 2, 0, 4, 0, 23, 30, 27]}, null, null, 77, false, [], false, 0, [], null, 0, 1744309466.6613646, 0, {}]
[{"0": [3, 4, 2, 35, 28, 33, 31, 0, 2, 1, 4, 0, 5, 4, 1]}, null, null, 78, false, [], false, 0, [], null, 0, 1744309466.8647716, 0, {}]
[{"0": [4, 2, 2, 0, 4, 3, 3, 1, 39, 42, 35, 45, 36, 31, 26]}, null, null, 78, false, [], false, 0, [], null, 0, 1744309467.0556514, 0, {}]
[{"0": [0, 2, 31, 1, 2, 1, 2, 2, 2, 5, 2, 3, 1, 1, 2]}, null, null, 79, false, [], false, 0, [], null, 0, 1744309467.27259, 0, {}]
[{"0": [1, 2, 3, 3, 2, 2, 6, 0, 3, 2, 2, 40, 27, 29, 28]}, null, null, 80, false, [], false, 0, [], null, 0, 1744309467.4514854, 0, {}]
[{"0": [7, 3, 6, 2, 2, 0, 1, 2, 39, 0, 0, 0, 3, 3, 2]}, null, null, 80, false, [], false, 0, [], null, 0, 1744309467.6560326, 0, {}]
[{"0": [4, 2, 2, 1, 2, 3, 2, 3, 37, 39, 29, 5, 2, 2, 2]}, null, null, 81, false, [], false, 0, [], null, 0, 1744309467.8642333, 0, {}]
[{"0": [1, 4, 0, 3, 1, 2, 2, 2, 42, 1, 2, 2, 0, 4, 2]}, null, null, 81, false, [], false, 0, [], null, 0, 1744309468.0669868, 0, {}]
[{"0": [1, 1, 2, 1, 0, 2, 2, 3, 2, 1, 4, 1, 3, 1, 28]}, null, null, 82, false, [], false, 0, [], null, 0, 1744309468.268842, 0, {}]
[{"0": [5, 1, 3, 2, 36, 36, 35, 35, 36, 28, 34, 3, 1, 0, 5]}, null, null, 83, false, [], false, 0, [], null, 0, 1744309468.4725409, 0, {}]
[{"0": [2, 1, 1, 2, 1, 2, 3, 6, 2, 36, 38, 23, 29, 35, 2]}, null, null, 83, false, [], false, 0, [], null, 0, 1744309468.6528318, 0, {}]
[{"0": [1, 2, 1, 4, 2, 2, 1, 1, 27, 35, 28, 2, 4, 4, 3]}, null, null, 84, false, [], false, 0, [], null, 0, 1744309468.8723032, 0, {}]
[{"0": [3, 1, 1, 2, 0, 41, 31, 43, 35, 1, 2, 1, 2, 1, 2]}, null, null, 84, false, [], false, 0, [], null, 0, 1744309469.073421, 0, {}]
[{"0": [3, 2, 2, 38, 25, 1, 1, 0, 1, 3, 1, 2, 0, 1, 1]}, null, null, 85, false, [], false, 0, [], null, 0, 1744309469.2589083, 0, {}]
[{"0": [3, 0, 1, 1, 2, 3, 0, 3, 1, 4, 0, 0, 1, 0, 35]}, null, null, 86, false, [], false, 0, [], null, 0, 1744309469.4723082, 0, {}]
[{"0": [3, 3, 3, 3, 1, 1, 0, 1, 1, 2, 34, 27, 34, 3, 1]}, null, null, 86, false, [], false, 0, [], null, 0, 1744309469.6588845, 0, {}]
[{"0": [2, 2, 1, 1, 0, 3, 0, 6, 2, 0, 0, 37, 5, 0, 4]}, null, null, 87, false, [], false, 0, [], null, 0, 1744309469.8703647, 0, {}]
[{"0": [0, 2, 0, 3, 2, 34, 25, 45, 5, 2, 1, 1, 3, 0, 1]}, null, null, 87, false, [], false, 0, [], null, 0, 1744309470.0551758, 0, {}]
[{"0": [4, 2, 2, 1, 3, 2, 2, 4, 0, 34, 23, 36, 42, 0, 2]}, null, null, 88, false, [], false, 0, [], null, 0, 1744309470.2739625, 0, {}]
[{"0": [1, 1, 0, 1, 1, 2, 4, 25, 2, 2, 1, 1, 3, 1, 3]}, null, null, 89, false, [], false, 0, [], null, 0, 1744309470.4643073, 0, {}]
[{"0": [0, 2, 1, 4, 3, 1, 5, 3, 1, 1, 0, 37, 21, 26, 29]}, null, null, 89, false, [], false, 0, [], null, 0, 1744309470.656122, 0, {}]
[{"0": [5, 0, 1, 1, 2, 4, 2, 1, 0, 35, 2, 3, 2, 2, 4]}, null, null, 90, false, [], false, 0, [], null, 0, 1744309470.8675878, 0, {}]
[{"0": [1, 2, 1, 2, 1, 2, 5, 3, 1, 25, 40, 0, 1, 2, 2]}, null, null, 90, false, [], false, 0, [], null, 0, 1744309471.056161, 0, {}]
[{"0": [5, 2, 1, 2, 2, 29, 37, 1, 1, 2, 1, 2, 1, 0, 1]}, null, null, 91, false, [], false, 0, [], null, 0, 1744309471.257787, 0, {}]
[{"0": [2, 1, 2, 2, 3, 4, 6, 40, 42, 33, 3, 1, 2, 1, 1]}, null, null, 92, false, [], false, 0, [], null, 0, 1744309471.472231, 0, {}]
[{"0": [1, 5, 1, 1, 3, 2, 0, 27, 30, 34, 32, 35, 34, 31, 45]}, null, null, 92, false, [], false, 0, [], null, 0, 1744309471.6555765, 0, {}]
[{"0": [1, 1, 0, 0, 0, 1, 1, 3, 3, 4, 2, 30, 30, 1, 2]}, null, null, 93, false, [], false, 0, [], null, 0, 1744309471.868251, 0, {}]
[{"0": [3, 2, 0, 2, 29, 30, 4, 1, 1, 1, 4, 2, 1, 1, 3]}, null, null, 93, false, [], false, 0, [], null, 0, 1744309472.055587, 0, {}]
[{"0": [2, 3, 2, 3, 2, 1, 3, 2, 3, 1, 2, 2, 1, 27, 41]}, null, null, 94, false, [], false, 0, [], null, 0, 1744309472.2727342, 0, {}]
[{"0": [3, 1, 3, 0, 1, 38, 31, 36, 41, 36, 26, 39, 27, 33, 29]}, null, null, 95, false, [], false, 0, [], null, 0, 1744309472.455622, 0, {}]
[{"0": [3, 1, 1, 2, 2, 1, 49, 24, 35, 24, 2, 1, 0, 1, 5]}, null, null, 95, false, [], false, 0, [], null, 0, 1744309472.672454, 0, {}]
[{"0": [3, 1, 4, 8, 3, 4, 2, 1, 31, 37, 30, 30, 1, 1, 2]}, null, null, 96, false, [], false, 0, [], null, 0, 1744309472.8557088, 0, {}]
[{"0": [2, 3, 36, 41, 24, 23, 47, 26, 0, 0, 2, 0, 2, 5, 0]}, null, null, 96, false, [], false, 0, [], null, 0, 1744309473.0556958, 0, {}]
[{"0": [0, 2, 3, 1, 0, 1, 1, 0, 33, 33, 41, 43, 31, 31, 5]}, null, null, 97, false, [], false, 0, [], null, 0, 1744309473.2748234, 0, {}]
[{"0": [1, 2, 1, 2, 2, 33, 31, 33, 4, 3, 1, 0, 1, 2, 2]}, null, null, 98, false, [], false, 0, [], null, 0, 1744309473.4569669, 0, {}]
[{"0": [3, 5, 2, 1, 1, 3, 4, 2, 3, 5, 1, 2, 0, 33, 30]}, null, null, 98, false, [], false, 0, [], null, 0, 1744309473.6684349, 0, {}]
[{"0": [6, 2, 0, 3, 2, 1, 1, 2, 24, 23, 34, 1, 1, 2, 2]}, null, null, 99, false, [], false, 0, [], null, 0, 1744309473.8582587, 0, {}]
[{"0": [3, 0, 0, 2, 1, 1, 1, 2, 3, 4, 37, 20, 34, 31, 40]}, null, null, 99, false, [], false, 0, [], null, 0, 1744309474.0740054, 0, {}]
[{"0": [2, 1, 3, 3, 3, 1, 31, 39, 34, 25, 32, 1, 1, 4, 1]}, null, null, 100, false, [], false, 0, [], null, 0, 1744309474.2567582, 0, {}]
[{"0": [1, 3, 1, 0, 2, 3, 3, 3, 0, 2, 0, 1, 0, 2, 1]}, null, null, 101, false, [], false, 0, [], null, 0, 1744309474.4778426, 0, {}]
[{"0": [2, 2, 2, 1, 3, 4, 2, 1, 1, 25, 31, 22, 30, 37, 0]}, null, null, 101, false, [], false, 0, [], null, 0, 1744309474.6745372, 0, {}]
[{"0": [4, 3, 34, 37, 48, 41, 33, 27, 34, 42, 41, 34, 38, 35, 32]}, null, null, 102, false, [], false, 0, [], null, 0, 1744309474.8594196, 0, {}]
[{"0": [0, 0, 3, 34, 2, 5, 3, 0, 2, 1, 5, 1, 1, 1, 1]}, null, null, 102, false, [], false, 0, [], null, 0, 1744309475.071282, 0, {}]
[{"0": [1, 0, 5, 0, 2, 2, 2, 2, 1, 2, 0, 0, 1, 2, 28]}, null, null, 103, false, [], false, 0, [], null, 0, 1744309475.2754445, 0, {}]
[{"0": [1, 1, 4, 0, 0, 1, 2, 1, 1, 2, 2, 1, 0, 3, 37]}, null, null, 104, false, [], false, 0, [], null, 0, 1744309475.4599125, 0, {}]
[{"0": [4, 3, 1, 1, 1, 0, 0, 2, 27, 43, 36, 2, 0, 0, 2]}, null, null, 104, false, [], false, 0, [], null, 0, 1744309475.658607, 0, {}]
[{"0": [0, 1, 0, 1, 3, 1, 0, 4, 1, 2, 36, 4, 2, 4, 1]}, null, null, 105, false, [], false, 0, [], null, 0, 1744309475.8656256, 0, {}]
[{"0": [2, 3, 3, 1, 1, 0, 2, 5, 0, 0, 29, 6, 0, 3, 2]}, null, null, 105, false, [], false, 0, [], null, 0, 1744309476.0593069, 0, {}]
[{"0": [1, 1, 2, 1, 2, 4, 0, 1, 0, 2, 3, 1, 31, 34, 2]}, null, null, 106, false, [], false, 0, [], null, 0, 1744309476.276702, 0, {}]
[{"0": [1, 5, 2, 34, 28, 58, 39, 45, 3, 3, 4, 0, 3, 1, 2]}, null, null, 107, false, [], false, 0, [], null, 0, 1744309476.4590304, 0, {}]
[{"0": [2, 2, 1, 31, 32, 34, 28, 32, 29, 2, 4, 2, 2, 1, 1]}, null, null, 107, false, [], false, 0, [], null, 0, 1744309476.6575785, 0, {}]
[{"0": [0, 1, 27, 2, 0, 2, 2, 1, 4, 1, 2, 1, 3, 3, 4]}, null, null, 108, false, [], false, 0, [], null, 0, 1744309476.860422, 0, {}]
[{"0": [1, 0, 4, 2, 5, 1, 12, 2, 3, 40, 28, 4, 3, 5, 2]}, null, null, 108, false, [], false, 0, [], null, 0, 1744309477.0722263, 0, {}]
[{"0": [0, 2, 0, 2, 1, 3, 30, 27, 33, 2, 3, 6, 2, 2, 1]}, null, null, 109, false, [], false, 0, [], null, 0, 1744309477.2557812, 0, {}]
[{"0": [3, 2, 0, 0, 3, 0, 1, 37, 28, 0, 3, 1, 1, 4, 1]}, null, null, 110, false, [], false, 0, [], null, 0, 1744309477.4543865, 0, {}]
[{"0": [1, 1, 2, 3, 1, 3, 4, 1, 2, 0, 3, 2, 2, 29, 37]}, null, null, 110, false, [], false, 0, [], null, 0, 1744309477.6746693, 0, {}]
[{"0": [0, 1, 1, 0, 0, 2, 5, 1, 3, 22, 24, 30, 36, 31, 5]}, null, null, 111, false, [], false, 0, [], null, 0, 1744309477.8774514, 0, {}]
[{"0": [2, 3, 34, 42, 32, 33, 3, 2, 6, 5, 4, 1, 2, 1, 4]}, null, null, 111, false, [], false, 0, [], null, 0, 1744309478.0737674, 0, {}]
[{"0": [1, 2, 1, 3, 2, 30, 38, 40, 3, 2, 3, 3, 3, 3, 2]}, null, null, 112, false, [], false, 0, [], null, 0, 1744309478.263691, 0, {}]
[{"0": [0, 2, 1, 1, 1, 1, 2, 3, 2, 0, 1, 1, 3, 29, 35]}, null, null, 113, false, [], false, 0, [], null, 0, 1744309478.4747908, 0, {}]
[{"0": [0, 2, 29, 33, 27, 34, 3, 3, 5, 2, 3, 4, 1, 1, 3]}, null, null, 113, false, [], false, 0, [], null, 0, 1744309478.6601472, 0, {}]
[{"0": [2, 0, 2, 3, 1, 27, 3, 1, 3, 6, 4, 2, 3, 4, 1]}, null, null, 114, false, [], false, 0, [], null, 0, 1744309478.8748772, 0, {}]
[{"0": [2, 2, 32, 36, 38, 35, 30, 2, 4, 5, 1, 2, 2, 2, 4]}, null, null, 114, false, [], false, 0, [], null, 0, 1744309479.066067, 0, {}]
[{"0": [3, 1, 2, 3, 0, 4, 3, 2, 0, 1, 30, 23, 1, 1, 0]}, null, null, 115, false, [], false, 0, [], null, 0, 1744309479.260997, 0, {}]
[{"0": [2, 6, 1, 2, 25, 42, 3, 6, 2, 2, 1, 2, 0, 1, 4]}, null, null, 116, false, [], false, 0, [], null, 0, 1744309479.4708881, 0, {}]
[{"0": [0, 0, 3, 1, 1, 3, 1, 2, 33, 33, 2, 0, 1, 1, 2]}, null, null, 116, false, [], false, 0, [], null, 0, 1744309479.668075, 0, {}]
[{"0": [1, 0, 3, 2, 2, 2, 2, 33, 1, 2, 3, 1, 3, 1, 1]}, null, null, 117, false, [], false, 0, [], null, 0, 1744309479.861131, 0, {}]
[{"0": [2, 2, 1, 5, 1, 0, 2, 1, 3, 1, 1, 3, 2, 4, 48]}, null, null, 117, false, [], false, 0, [], null, 0, 1744309480.079203, 0, {}]
[{"0": [1, 1, 1, 4, 1, 1, 1, 3, 1, 1, 1, 4, 37, 37, 37]}, null, null, 118, false, [], false, 0, [], null, 0, 1744309480.2708852, 0, {}]
[{"0": [5, 2, 1, 1, 2, 2, 1, 1, 2, 33, 5, 0, 2, 3, 0]}, null, null, 119, false, [], false, 0, [], null, 0, 1744309480.4611368, 0, {}]
[{"0": [0, 1, 1, 4, 1, 2, 36, 43, 31, 33, 38, 1, 3, 1, 3]}, null, null, 119, false, [], false, 0, [], null, 0, 1744309480.6737256, 0, {}]
[{"0": [2, 3, 2, 0, 3, 2, 3, 4, 4, 2, 6, 1, 6, 3, 45]}, null, null, 120, false, [], false, 0, [], null, 0, 1744309480.8789508, 0, {}]
[{"0": [0, 4, 3, 0, 2, 3, 2, 0, 38, 37, 34, 28, 30, 42, 22]}, null, null, 120, false, [], false, 0, [], null, 0, 1744309481.0590813, 0, {}]
[{"0": [0, 3, 0, 3, 2, 6, 3, 1, 3, 4, 3, 3, 0, 1, 6]}, null, null, 121, false, [], false, 0, [], null, 0, 1744309481.2741225, 0, {}]
[{"0": [3, 3, 1, 6, 1, 0, 1, 0, 0, 4, 0, 4, 2, 1, 30]}, null, null, 122, false, [], false, 0, [], null, 0, 1744309481.4775257, 0, {}]
[{"0": [3, 1, 1, 0, 3, 2, 2, 0, 2, 3, 1, 0, 37, 38, 35]}, null, null, 122, false, [], false, 0, [], null, 0, 1744309481.6805737, 0, {}]
[{"0": [2, 0, 2, 1, 0, 1, 34, 34, 1, 3, 2, 4, 1, 1, 1]}, null, null, 123, false, [], false, 0, [], null, 0, 1744309481.8754833, 0, {}]
[{"0": [1, 2, 1, 1, 32, 0, 1, 5, 1, 1, 4, 1, 2, 1, 0]}, null, null, 123, false, [], false, 0, [], null, 0, 1744309482.0791798, 0, {}]
[{"0": [1, 0, 2, 30, 44, 29, 39, 25, 30, 1, 4, 3, 2, 3, 5]}, null, null, 124, false, [], false, 0, [], null, 0, 1744309482.2625103, 0, {}]
[{"0": [1, 2, 2, 3, 0, 0, 2, 2, 1, 2, 44, 30, 35, 36, 49]}, null, null, 125, false, [], false, 0, [], null, 0, 1744309482.459958, 0, {}]
[{"0": [0, 3, 3, 2, 4, 0, 1, 1, 2, 1, 4, 0, 4, 1, 32]}, null, null, 125, false, [], false, 0, [], null, 0, 1744309482.6657717, 0, {}]
[{"0": [2, 7, 2, 3, 2, 3, 5, 1, 1, 27, 40, 34, 30, 2, 1]}, null, null, 126, false, [], false, 0, [], null, 0, 1744309482.8610573, 0, {}]
[{"0": [2, 1, 2, 4, 3, 1, 3, 2, 2, 1, 33, 1, 6, 2, 1]}, null, null, 127, false, [], false, 0, [], null, 0, 1744309483.0790503, 0, {}]
[{"0": [3, 3, 2, 6, 3, 2, 4, 0, 36, 2, 5, 3, 2, 1, 1]}, null, null, 127, false, [], false, 0, [], null, 0, 1744309483.2667673, 0, {}]
[{"0": [3, 2, 1, 3, 0, 2, 2, 2, 1, 2, 0, 29, 38, 30, 37]}, null, null, 128, false, [], false, 0, [], null, 0, 1744309483.4573069, 0, {}]
[{"0": [0, 3, 1, 2, 0, 4, 3, 2, 3, 3, 4, 3, 0, 3, 34]}, null, null, 128, false, [], false, 0, [], null, 0, 1744309483.6686459, 0, {}]
[{"0": [1, 2, 24, 4, 2, 0, 1, 2, 2, 2, 1, 2, 1, 2, 3]}, null, null, 129, false, [], false, 0, [], null, 0, 1744309483.8606637, 0, {}]
[{"0": [4, 1, 1, 2, 0, 1, 1, 0, 1, 1, 1, 35, 32, 1, 2]}, null, null, 130, false, [], false, 0, [], null, 0, 1744309484.0764375, 0, {}]
[{"0": [1, 5, 1, 0, 3, 1, 2, 1, 2, 34, 31, 2, 1, 4, 1]}, null, null, 130, false, [], false, 0, [], null, 0, 1744309484.2718942, 0, {}]
[{"0": [1, 0, 4, 0, 5, 1, 0, 1, 1, 0, 3, 3, 37, 30, 30]}, null, null, 131, false, [], false, 0, [], null, 0, 1744309484.4748678, 0, {}]
[{"0": [36, 27, 37, 49, 28, 30, 40, 42, 20, 51, 3, 3, 0, 0, 3]}, null, null, 131, false, [], false, 0, [], null, 0, 1744309484.6748118, 0, {}]
[{"0": [3, 0, 2, 1, 2, 3, 4, 1, 1, 2, 2, 29, 35, 3, 1]}, null, null, 132, false, [], false, 0, [], null, 0, 1744309484.8640192, 0, {}]
[{"0": [1, 2, 1, 2, 3, 1, 2, 1, 2, 1, 4, 5, 0, 1, 31]}, null, null, 133, false, [], false, 0, [], null, 0, 1744309485.0819957, 0, {}]
[{"0": [3, 3, 2, 3, 2, 5, 1, 3, 1, 1, 36, 33, 34, 36, 2]}, null, null, 133, false, [], false, 0, [], null, 0, 1744309485.2724016, 0, {}]
[{"0": [2, 2, 0, 3, 3, 1, 2, 29, 35, 28, 5, 1, 0, 4, 1]}, null, null, 134, false, [], false, 0, [], null, 0, 1744309485.4585354, 0, {}]
[{"0": [1, 0, 0, 1, 1, 1, 1, 2, 5, 2, 34, 31, 29, 43, 37]}, null, null, 134, false, [], false, 0, [], null, 0, 1744309485.662074, 0, {}]
[{"0": [3, 2, 1, 25, 30, 37, 32, 1, 0, 0, 1, 1, 1, 2, 0]}, null, null, 135, false, [], false, 0, [], null, 0, 1744309485.8767931, 0, {}]
[{"0": [2, 5, 1, 4, 0, 2, 0, 2, 2, 0, 5, 1, 2, 3, 34]}, null, null, 136, false, [], false, 0, [], null, 0, 1744309486.06746, 0, {}]
[{"0": [1, 0, 0, 1, 2, 2, 1, 43, 30, 41, 37, 1, 3, 2, 2]}, null, null, 136, false, [], false, 0, [], null, 0, 1744309486.2748163, 0, {}]
[{"0": [1, 1, 1, 0, 2, 3, 1, 1, 1, 0, 2, 5, 38, 33, 37]}, null, null, 137, false, [], false, 0, [], null, 0, 1744309486.4798276, 0, {}]
[{"0": [2, 3, 2, 24, 33, 29, 36, 3, 2, 3, 1, 3, 3, 0, 2]}, null, null, 137, false, [], false, 0, [], null, 0, 1744309486.6660945, 0, {}]
[{"0": [1, 2, 4, 3, 0, 1, 3, 4, 2, 3, 38, 0, 0, 4, 1]}, null, null, 138, false, [], false, 0, [], null, 0, 1744309486.8804877, 0, {}]
[{"0": [2, 2, 1, 0, 0, 4, 2, 2, 3, 2, 1, 3, 3, 44, 3]}, null, null, 139, false, [], false, 0, [], null, 0, 1744309487.0799613, 0, {}]
[{"0": [1, 1, 2, 0, 0, 1, 0, 1, 0, 4, 4, 2, 1, 21, 36]}, null, null, 139, false, [], false, 0, [], null, 0, 1744309487.2636962, 0, {}]
[{"0": [1, 2, 1, 2, 1, 0, 0, 1, 2, 1, 0, 3, 36, 35, 42]}, null, null, 140, false, [], false, 0, [], null, 0, 1744309487.4628217, 0, {}]
[{"0": [4, 4, 2, 1, 0, 42, 38, 3, 2, 0, 0, 1, 1, 1, 0]}, null, null, 140, false, [], false, 0, [], null, 0, 1744309487.6768363, 0, {}]
[{"0": [2, 2, 0, 37, 19, 34, 33, 32, 42, 26, 0, 1, 2, 1, 1]}, null, null, 141, false, [], false, 0, [], null, 0, 1744309487.8600054, 0, {}]
[{"0": [1, 2, 1, 0, 27, 2, 2, 2, 0, 3, 1, 4, 3, 2, 2]}, null, null, 142, false, [], false, 0, [], null, 0, 1744309488.0760078, 0, {}]
[{"0": [1, 3, 2, 1, 3, 1, 0, 1, 5, 2, 32, 23, 36, 2, 2]}, null, null, 142, false, [], false, 0, [], null, 0, 1744309488.2607052, 0, {}]
[{"0": [1, 0, 1, 0, 33, 2, 5, 0, 3, 2, 3, 2, 3, 1, 2]}, null, null, 143, false, [], false, 0, [], null, 0, 1744309488.4702349, 0, {}]
[{"0": [1, 1, 0, 1, 5, 2, 3, 1, 2, 36, 0, 2, 7, 3, 4]}, null, null, 143, false, [], false, 0, [], null, 0, 1744309488.6726093, 0, {}]
[{"0": [4, 2, 0, 1, 2, 3, 1, 0, 3, 2, 4, 31, 34, 44, 3]}, null, null, 144, false, [], false, 0, [], null, 0, 1744309488.862527, 0, {}]
[{"0": [0, 1, 2, 4, 3, 2, 2, 4, 3, 0, 1, 1, 39, 40, 27]}, null, null, 145, false, [], false, 0, [], null, 0, 1744309489.080769, 0, {}]
[{"0": [1, 2, 2, 3, 2, 3, 2, 2, 3, 3, 2, 2, 23, 40, 1]}, null, null, 145, false, [], false, 0, [], null, 0, 1744309489.2652028, 0, {}]
[{"0": [0, 1, 0, 1, 0, 1, 2, 1, 1, 40, 45, 41, 37, 0, 0]}, null, null, 146, false, [], false, 0, [], null, 0, 1744309489.4677825, 0, {}]
[{"0": [2, 4, 0, 2, 2, 1, 2, 0, 30, 39, 4, 0, 2, 1, 3]}, null, null, 146, false, [], false, 0, [], null, 0, 1744309489.658925, 0, {}]
[{"0": [2, 1, 2, 1, 2, 2, 0, 2, 39, 38, 39, 34, 35, 27, 48]}, null, null, 147, false, [], false, 0, [], null, 0, 1744309489.8858964, 0, {}]
[{"0": [0, 1, 2, 1, 3, 3, 1, 2, 2, 1, 1, 3, 1, 2, 39]}, null, null, 148, false, [], false, 0, [], null, 0, 1744309490.0830128, 0, {}]
[{"0": [1, 1, 3, 2, 22, 43, 33, 29, 27, 27, 39, 33, 41, 40, 37]}, null, null, 148, false, [], false, 0, [], null, 0, 1744309490.2698543, 0, {}]
[{"0": [3, 3, 3, 0, 1, 2, 2, 0, 3, 4, 42, 31, 35, 4, 3]}, null, null, 149, false, [], false, 0, [], null, 0, 1744309490.4628217, 0, {}]
[{"0": [2, 1, 2, 0, 1, 0, 2, 2, 4, 3, 1, 1, 0, 0, 45]}, null, null, 149, false, [], false, 0, [], null, 0, 1744309490.666116, 0, {}]
[{"0": [0, 1, 29, 26, 34, 39, 29, 2, 0, 1, 1, 3, 2, 2, 5]}, null, null, 150, true, [], false, 0, [], null, 0, 1744309490.8722022, 0, {}]
