[{"0": [1, 33, 3, 0, 3, 1, 2, 0, 1, 0, 2, 3, 1, 0, 5, 5, 1]}, null, null, 0, false, [], false, 0, [], null, 0, 1744323776.936396, 0, {}]
[{"0": [2, 32, 39, 27, 36, 0, 1, 2, 1, 4, 2, 1, 1, 3, 2, 3, 1]}, null, null, 1, false, [], false, 0, [], null, 0, 1744323777.1795814, 0, {}]
[{"0": [5, 1, 0, 4, 3, 1, 3, 2, 3, 2, 28, 35, 27, 34, 34, 39, 2]}, null, null, 1, false, [], false, 0, [], null, 0, 1744323777.3780022, 0, {}]
[{"0": [3, 1, 0, 1, 35, 2, 3, 1, 4, 2, 2, 1, 2, 1, 2, 5, 2]}, null, null, 2, false, [], false, 0, [], null, 0, 1744323777.60163, 0, {}]
[{"0": [2, 29, 40, 33, 39, 3, 2, 6, 3, 5, 1, 0, 2, 3, 4, 1, 0]}, null, null, 2, false, [], false, 0, [], null, 0, 1744323777.8109453, 0, {}]
[{"0": [1, 1, 4, 5, 3, 0, 2, 2, 1, 3, 0, 0, 3, 2, 3, 4, 3]}, null, null, 3, false, [], false, 0, [], null, 0, 1744323778.035702, 0, {}]
[{"0": [2, 35, 34, 37, 1, 3, 3, 1, 0, 1, 3, 2, 3, 2, 1, 1, 4]}, null, null, 4, false, [], false, 0, [], null, 0, 1744323778.2500193, 0, {}]
[{"0": [3, 2, 1, 4, 2, 1, 1, 3, 4, 3, 29, 26, 23, 17, 27, 0, 5]}, null, null, 4, false, [], false, 0, [], null, 0, 1744323778.46636, 0, {}]
[{"0": [2, 32, 27, 30, 43, 28, 24, 0, 2, 1, 4, 1, 2, 0, 1, 0, 2]}, null, null, 5, false, [], false, 0, [], null, 0, 1744323778.681664, 0, {}]
[{"0": [0, 2, 3, 32, 31, 37, 1, 2, 2, 3, 4, 1, 1, 4, 3, 2, 0]}, null, null, 5, false, [], false, 0, [], null, 0, 1744323778.9072068, 0, {}]
[{"0": [34, 2, 4, 0, 1, 0, 0, 1, 0, 1, 4, 0, 1, 2, 5, 2, 2]}, null, null, 6, false, [], false, 0, [], null, 0, 1744323779.116582, 0, {}]
[{"0": [1, 32, 24, 31, 29, 38, 0, 4, 0, 0, 2, 2, 5, 1, 2, 2, 1]}, null, null, 7, false, [], false, 0, [], null, 0, 1744323779.3252017, 0, {}]
[{"0": [0, 54, 30, 30, 29, 32, 35, 0, 3, 1, 1, 0, 2, 1, 3, 1, 3]}, null, null, 7, false, [], false, 0, [], null, 0, 1744323779.5382347, 0, {}]
[{"0": [2, 3, 2, 3, 2, 2, 2, 2, 3, 3, 1, 1, 2, 1, 2, 4, 5]}, null, null, 8, false, [], false, 0, [], null, 0, 1744323779.766268, 0, {}]
[{"0": [2, 29, 26, 32, 31, 23, 36, 0, 0, 3, 3, 4, 2, 2, 0, 1, 1]}, null, null, 8, false, [], false, 0, [], null, 0, 1744323779.9866872, 0, {}]
[{"0": [34, 2, 4, 0, 0, 1, 2, 5, 2, 1, 2, 6, 1, 2, 4, 4, 3]}, null, null, 9, false, [], false, 0, [], null, 0, 1744323780.1995196, 0, {}]
[{"0": [1, 20, 43, 32, 1, 2, 1, 2, 2, 1, 1, 5, 2, 1, 2, 3, 3]}, null, null, 10, false, [], false, 0, [], null, 0, 1744323780.414881, 0, {}]
[{"0": [1, 28, 29, 31, 35, 31, 3, 2, 3, 0, 0, 1, 3, 2, 4, 1, 3]}, null, null, 10, false, [], false, 0, [], null, 0, 1744323780.6312215, 0, {}]
[{"0": [0, 33, 30, 33, 2, 1, 1, 2, 1, 2, 3, 0, 6, 1, 1, 2, 1]}, null, null, 11, false, [], false, 0, [], null, 0, 1744323780.853535, 0, {}]
[{"0": [1, 35, 36, 1, 2, 1, 3, 0, 1, 2, 2, 1, 2, 0, 0, 1, 3]}, null, null, 11, false, [], false, 0, [], null, 0, 1744323781.0577877, 0, {}]
[{"0": [0, 1, 2, 3, 4, 4, 1, 1, 1, 2, 34, 32, 37, 36, 30, 45, 25]}, null, null, 12, false, [], false, 0, [], null, 0, 1744323781.2762218, 0, {}]
[{"0": [1, 27, 26, 31, 3, 1, 2, 2, 3, 2, 2, 0, 2, 0, 3, 4, 1]}, null, null, 13, false, [], false, 0, [], null, 0, 1744323781.5061684, 0, {}]
[{"0": [1, 33, 39, 30, 43, 24, 23, 4, 10, 4, 1, 4, 0, 1, 5, 1, 6]}, null, null, 13, false, [], false, 0, [], null, 0, 1744323781.7185533, 0, {}]
[{"0": [3, 31, 24, 30, 30, 1, 2, 1, 3, 1, 1, 0, 1, 1, 1, 1, 1]}, null, null, 14, false, [], false, 0, [], null, 0, 1744323781.9356437, 0, {}]
[{"0": [4, 0, 2, 1, 30, 2, 1, 5, 0, 4, 0, 1, 4, 0, 0, 4, 1]}, null, null, 14, false, [], false, 0, [], null, 0, 1744323782.1570501, 0, {}]
[{"0": [2, 1, 1, 1, 25, 21, 24, 38, 27, 30, 26, 0, 2, 2, 0, 1, 4]}, null, null, 15, false, [], false, 0, [], null, 0, 1744323782.3774824, 0, {}]
[{"0": [1, 3, 3, 1, 3, 3, 0, 1, 1, 4, 2, 3, 5, 29, 33, 29, 25]}, null, null, 16, false, [], false, 0, [], null, 0, 1744323782.5941699, 0, {}]
[{"0": [1, 21, 24, 32, 1, 2, 5, 2, 3, 4, 5, 1, 1, 3, 0, 1, 1]}, null, null, 16, false, [], false, 0, [], null, 0, 1744323782.7979038, 0, {}]
[{"0": [1, 4, 1, 2, 2, 1, 2, 4, 1, 2, 1, 1, 1, 0, 3, 4, 4]}, null, null, 17, false, [], false, 0, [], null, 0, 1744323783.0111809, 0, {}]
[{"0": [2, 3, 2, 4, 0, 1, 28, 26, 32, 30, 25, 34, 34, 23, 42, 31, 34]}, null, null, 17, false, [], false, 0, [], null, 0, 1744323783.226758, 0, {}]
[{"0": [3, 2, 3, 1, 1, 1, 2, 1, 3, 3, 1, 2, 2, 22, 30, 34, 27]}, null, null, 18, false, [], false, 0, [], null, 0, 1744323783.4563944, 0, {}]
[{"0": [4, 29, 36, 29, 31, 36, 2, 6, 1, 1, 5, 0, 2, 2, 1, 6, 0]}, null, null, 19, false, [], false, 0, [], null, 0, 1744323783.6601605, 0, {}]
[{"0": [2, 28, 45, 0, 0, 2, 1, 3, 0, 2, 2, 3, 2, 4, 0, 0, 2]}, null, null, 19, false, [], false, 0, [], null, 0, 1744323783.8755412, 0, {}]
[{"0": [3, 27, 0, 0, 4, 1, 1, 0, 0, 2, 2, 2, 3, 1, 1, 2, 3]}, null, null, 20, false, [], false, 0, [], null, 0, 1744323784.1043174, 0, {}]
[{"0": [1, 30, 33, 26, 31, 29, 27, 32, 33, 37, 30, 37, 40, 38, 27, 28, 32]}, null, null, 20, false, [], false, 0, [], null, 0, 1744323784.319133, 0, {}]
[{"0": [4, 27, 26, 0, 1, 1, 0, 0, 3, 2, 1, 1, 1, 1, 3, 2, 0]}, null, null, 21, false, [], false, 0, [], null, 0, 1744323784.5361633, 0, {}]
[{"0": [2, 1, 0, 0, 2, 2, 27, 2, 1, 1, 2, 4, 1, 1, 2, 2, 3]}, null, null, 22, false, [], false, 0, [], null, 0, 1744323784.7463267, 0, {}]
[{"0": [2, 30, 31, 33, 20, 23, 22, 37, 30, 29, 42, 0, 3, 1, 3, 3, 1]}, null, null, 22, false, [], false, 0, [], null, 0, 1744323784.9604557, 0, {}]
[{"0": [4, 7, 2, 0, 2, 1, 3, 28, 28, 21, 24, 47, 2, 3, 2, 2, 2]}, null, null, 23, false, [], false, 0, [], null, 0, 1744323785.180995, 0, {}]
[{"0": [39, 36, 42, 40, 1, 2, 1, 3, 6, 4, 1, 1, 2, 0, 1, 1, 3]}, null, null, 23, false, [], false, 0, [], null, 0, 1744323785.3935597, 0, {}]
[{"0": [27, 35, 3, 0, 0, 0, 2, 0, 2, 1, 4, 1, 1, 3, 2, 2, 2]}, null, null, 24, false, [], false, 0, [], null, 0, 1744323785.6290784, 0, {}]
[{"0": [2, 2, 5, 1, 23, 35, 2, 6, 4, 1, 1, 2, 1, 1, 3, 1, 0]}, null, null, 25, false, [], false, 0, [], null, 0, 1744323785.8313177, 0, {}]
[{"0": [4, 38, 35, 42, 26, 31, 4, 1, 0, 2, 2, 0, 1, 2, 1, 5, 0]}, null, null, 25, false, [], false, 0, [], null, 0, 1744323786.059863, 0, {}]
[{"0": [2, 0, 0, 4, 0, 31, 4, 2, 2, 2, 4, 2, 4, 1, 3, 2, 3]}, null, null, 26, false, [], false, 0, [], null, 0, 1744323786.2721567, 0, {}]
[{"0": [4, 1, 2, 2, 0, 3, 0, 28, 26, 26, 29, 0, 2, 3, 4, 1, 0]}, null, null, 27, false, [], false, 0, [], null, 0, 1744323786.4876912, 0, {}]
[{"0": [0, 33, 1, 0, 2, 2, 3, 2, 1, 4, 4, 1, 2, 0, 0, 3, 0]}, null, null, 27, false, [], false, 0, [], null, 0, 1744323786.7027266, 0, {}]
[{"0": [2, 2, 1, 0, 2, 1, 3, 1, 0, 4, 2, 1, 2, 2, 3, 3, 0]}, null, null, 28, false, [], false, 0, [], null, 0, 1744323786.9370332, 0, {}]
[{"0": [2, 35, 38, 37, 30, 27, 30, 1, 1, 1, 1, 0, 1, 1, 7, 3, 1]}, null, null, 28, false, [], false, 0, [], null, 0, 1744323787.1421378, 0, {}]
[{"0": [3, 0, 0, 5, 0, 2, 1, 1, 3, 1, 3, 5, 30, 34, 34, 33, 17]}, null, null, 29, false, [], false, 0, [], null, 0, 1744323787.356474, 0, {}]
[{"0": [2, 4, 2, 3, 2, 2, 33, 0, 1, 0, 2, 2, 1, 4, 0, 2, 4]}, null, null, 30, false, [], false, 0, [], null, 0, 1744323787.5745409, 0, {}]
[{"0": [4, 33, 24, 30, 29, 25, 3, 3, 2, 3, 2, 1, 2, 4, 0, 3, 3]}, null, null, 30, false, [], false, 0, [], null, 0, 1744323787.781475, 0, {}]
[{"0": [3, 1, 2, 4, 0, 1, 1, 28, 43, 26, 23, 30, 32, 33, 28, 32, 39]}, null, null, 31, false, [], false, 0, [], null, 0, 1744323788.010248, 0, {}]
[{"0": [1, 1, 0, 2, 4, 3, 30, 33, 31, 36, 25, 37, 49, 2, 2, 5, 0]}, null, null, 31, false, [], false, 0, [], null, 0, 1744323788.2331564, 0, {}]
[{"0": [32, 23, 32, 23, 27, 37, 22, 39, 2, 1, 1, 2, 1, 4, 1, 9, 1]}, null, null, 32, false, [], false, 0, [], null, 0, 1744323788.4392376, 0, {}]
[{"0": [4, 38, 1, 3, 2, 1, 1, 2, 2, 1, 3, 0, 2, 1, 0, 1, 1]}, null, null, 33, false, [], false, 0, [], null, 0, 1744323788.6486912, 0, {}]
[{"0": [0, 27, 31, 29, 2, 1, 5, 2, 3, 1, 6, 2, 5, 0, 1, 5, 0]}, null, null, 33, false, [], false, 0, [], null, 0, 1744323788.8628223, 0, {}]
[{"0": [2, 40, 32, 29, 40, 26, 25, 24, 1, 3, 4, 0, 0, 2, 2, 3, 1]}, null, null, 34, false, [], false, 0, [], null, 0, 1744323789.0797372, 0, {}]
[{"0": [1, 27, 1, 2, 4, 0, 3, 4, 2, 0, 0, 1, 2, 2, 0, 0, 2]}, null, null, 34, false, [], false, 0, [], null, 0, 1744323789.3086648, 0, {}]
[{"0": [1, 0, 0, 4, 2, 1, 1, 1, 1, 1, 3, 0, 0, 0, 1, 2, 1]}, null, null, 35, false, [], false, 0, [], null, 0, 1744323789.5084088, 0, {}]
[{"0": [1, 2, 3, 1, 2, 1, 2, 0, 1, 3, 2, 3, 0, 1, 3, 0, 5]}, null, null, 36, false, [], false, 0, [], null, 0, 1744323789.7370465, 0, {}]
[{"0": [2, 36, 36, 0, 2, 1, 1, 3, 3, 2, 1, 3, 3, 1, 2, 1, 2]}, null, null, 36, false, [], false, 0, [], null, 0, 1744323789.9620454, 0, {}]
[{"0": [2, 4, 4, 0, 3, 2, 25, 31, 32, 26, 39, 30, 33, 28, 40, 26, 30]}, null, null, 37, false, [], false, 0, [], null, 0, 1744323790.176751, 0, {}]
[{"0": [0, 29, 30, 38, 27, 1, 1, 1, 0, 1, 1, 1, 2, 0, 2, 0, 4]}, null, null, 37, false, [], false, 0, [], null, 0, 1744323790.38761, 0, {}]
[{"0": [2, 1, 1, 5, 47, 34, 37, 37, 24, 39, 31, 34, 33, 34, 29, 39, 35]}, null, null, 38, false, [], false, 0, [], null, 0, 1744323790.599812, 0, {}]
[{"0": [30, 0, 1, 1, 0, 1, 0, 2, 3, 0, 2, 5, 4, 2, 1, 0, 2]}, null, null, 39, false, [], false, 0, [], null, 0, 1744323790.8228292, 0, {}]
[{"0": [1, 33, 28, 4, 1, 2, 1, 1, 2, 4, 3, 3, 0, 3, 4, 4, 5]}, null, null, 39, false, [], false, 0, [], null, 0, 1744323791.0355723, 0, {}]
[{"0": [3, 33, 37, 37, 36, 21, 5, 0, 2, 0, 4, 3, 1, 2, 3, 0, 3]}, null, null, 40, false, [], false, 0, [], null, 0, 1744323791.2560325, 0, {}]
[{"0": [2, 23, 32, 33, 31, 31, 39, 38, 31, 42, 36, 29, 1, 1, 1, 1, 1]}, null, null, 40, false, [], false, 0, [], null, 0, 1744323791.4787652, 0, {}]
[{"0": [1, 26, 2, 2, 1, 5, 0, 2, 2, 2, 0, 2, 2, 2, 1, 3, 4]}, null, null, 41, false, [], false, 0, [], null, 0, 1744323791.6869037, 0, {}]
[{"0": [3, 22, 32, 3, 3, 0, 2, 2, 1, 2, 1, 3, 4, 3, 2, 1, 0]}, null, null, 42, false, [], false, 0, [], null, 0, 1744323791.9014661, 0, {}]
[{"0": [3, 1, 2, 1, 1, 1, 2, 0, 1, 1, 2, 4, 2, 1, 2, 1, 5]}, null, null, 42, false, [], false, 0, [], null, 0, 1744323792.1247175, 0, {}]
[{"0": [2, 35, 41, 36, 2, 1, 1, 5, 0, 0, 3, 2, 2, 1, 2, 4, 3]}, null, null, 43, false, [], false, 0, [], null, 0, 1744323792.3293726, 0, {}]
[{"0": [3, 6, 1, 0, 1, 3, 1, 2, 2, 2, 38, 3, 1, 5, 1, 2, 1]}, null, null, 43, false, [], false, 0, [], null, 0, 1744323792.5485563, 0, {}]
[{"0": [0, 2, 1, 4, 1, 3, 3, 0, 2, 1, 3, 2, 5, 0, 1, 1, 1]}, null, null, 44, false, [], false, 0, [], null, 0, 1744323792.7681491, 0, {}]
[{"0": [2, 27, 0, 3, 1, 3, 1, 1, 2, 2, 1, 5, 2, 2, 2, 3, 2]}, null, null, 45, false, [], false, 0, [], null, 0, 1744323792.988874, 0, {}]
[{"0": [2, 41, 23, 31, 26, 24, 30, 30, 31, 32, 35, 24, 2, 0, 2, 3, 1]}, null, null, 45, false, [], false, 0, [], null, 0, 1744323793.1973686, 0, {}]
[{"0": [3, 30, 29, 37, 28, 0, 1, 2, 1, 2, 1, 1, 4, 0, 4, 1, 0]}, null, null, 46, false, [], false, 0, [], null, 0, 1744323793.4139192, 0, {}]
[{"0": [26, 21, 4, 1, 2, 2, 0, 0, 4, 3, 4, 1, 1, 0, 0, 3, 3]}, null, null, 46, false, [], false, 0, [], null, 0, 1744323793.6316173, 0, {}]
[{"0": [1, 24, 1, 2, 3, 1, 1, 3, 2, 3, 2, 3, 4, 0, 2, 0, 2]}, null, null, 47, false, [], false, 0, [], null, 0, 1744323793.8497984, 0, {}]
[{"0": [5, 2, 2, 1, 1, 1, 2, 1, 2, 2, 1, 4, 1, 0, 1, 1, 1]}, null, null, 48, false, [], false, 0, [], null, 0, 1744323794.0694757, 0, {}]
[{"0": [32, 23, 1, 0, 3, 3, 2, 1, 5, 2, 2, 1, 2, 2, 2, 1, 4]}, null, null, 48, false, [], false, 0, [], null, 0, 1744323794.2918508, 0, {}]
[{"0": [2, 27, 28, 23, 35, 31, 34, 1, 5, 0, 2, 2, 2, 2, 3, 0, 0]}, null, null, 49, false, [], false, 0, [], null, 0, 1744323794.4905758, 0, {}]
[{"0": [4, 3, 3, 0, 3, 3, 1, 2, 30, 1, 5, 2, 2, 2, 0, 2, 0]}, null, null, 49, false, [], false, 0, [], null, 0, 1744323794.7257226, 0, {}]
[{"0": [2, 36, 19, 37, 3, 3, 4, 2, 0, 5, 2, 3, 3, 0, 1, 1, 4]}, null, null, 50, false, [], false, 0, [], null, 0, 1744323794.944302, 0, {}]
[{"0": [1, 28, 0, 3, 5, 3, 3, 3, 1, 2, 1, 1, 0, 2, 3, 5, 1]}, null, null, 51, false, [], false, 0, [], null, 0, 1744323795.1599202, 0, {}]
[{"0": [1, 36, 24, 2, 1, 2, 1, 3, 1, 1, 1, 0, 2, 3, 1, 3, 3]}, null, null, 51, false, [], false, 0, [], null, 0, 1744323795.3621883, 0, {}]
[{"0": [1, 23, 37, 31, 31, 44, 28, 28, 1, 2, 1, 2, 3, 0, 2, 2, 1]}, null, null, 52, false, [], false, 0, [], null, 0, 1744323795.5764809, 0, {}]
[{"0": [1, 3, 0, 1, 1, 2, 3, 3, 3, 0, 1, 2, 0, 33, 2, 1, 1]}, null, null, 52, false, [], false, 0, [], null, 0, 1744323795.7970037, 0, {}]
[{"0": [2, 1, 3, 1, 2, 1, 1, 3, 4, 1, 3, 3, 2, 4, 0, 2, 3]}, null, null, 53, false, [], false, 0, [], null, 0, 1744323796.0204923, 0, {}]
[{"0": [3, 25, 3, 2, 4, 0, 0, 3, 1, 0, 1, 2, 2, 1, 6, 1, 4]}, null, null, 54, false, [], false, 0, [], null, 0, 1744323796.2356124, 0, {}]
[{"0": [4, 24, 32, 21, 31, 19, 35, 27, 26, 1, 2, 4, 0, 2, 1, 0, 3]}, null, null, 54, false, [], false, 0, [], null, 0, 1744323796.4554794, 0, {}]
[{"0": [2, 1, 24, 27, 22, 37, 6, 3, 5, 2, 1, 2, 3, 3, 0, 2, 0]}, null, null, 55, false, [], false, 0, [], null, 0, 1744323796.6721616, 0, {}]
[{"0": [4, 23, 31, 25, 25, 2, 1, 4, 3, 1, 0, 4, 3, 3, 1, 1, 3]}, null, null, 55, false, [], false, 0, [], null, 0, 1744323796.889454, 0, {}]
[{"0": [1, 1, 2, 2, 1, 2, 30, 25, 37, 24, 27, 30, 27, 32, 37, 3, 0]}, null, null, 56, false, [], false, 0, [], null, 0, 1744323797.107707, 0, {}]
[{"0": [1, 1, 1, 0, 2, 1, 31, 3, 2, 1, 0, 3, 4, 2, 1, 1, 0]}, null, null, 57, false, [], false, 0, [], null, 0, 1744323797.329134, 0, {}]
[{"0": [27, 1, 0, 2, 3, 3, 1, 3, 3, 1, 2, 1, 2, 1, 2, 1, 3]}, null, null, 57, false, [], false, 0, [], null, 0, 1744323797.536162, 0, {}]
[{"0": [1, 3, 1, 28, 21, 28, 2, 1, 1, 1, 1, 3, 1, 1, 1, 1, 2]}, null, null, 58, false, [], false, 0, [], null, 0, 1744323797.7499893, 0, {}]
[{"0": [3, 28, 17, 27, 22, 34, 38, 25, 31, 32, 26, 31, 23, 25, 3, 2, 4]}, null, null, 58, false, [], false, 0, [], null, 0, 1744323797.964046, 0, {}]
[{"0": [3, 26, 28, 35, 3, 1, 2, 1, 0, 2, 0, 4, 1, 2, 2, 1, 1]}, null, null, 59, false, [], false, 0, [], null, 0, 1744323798.1809006, 0, {}]
[{"0": [4, 3, 1, 3, 27, 35, 35, 20, 28, 31, 32, 1, 1, 0, 1, 4, 1]}, null, null, 60, false, [], false, 0, [], null, 0, 1744323798.409191, 0, {}]
[{"0": [3, 1, 3, 3, 1, 2, 2, 0, 0, 3, 2, 1, 28, 36, 30, 39, 28]}, null, null, 60, false, [], false, 0, [], null, 0, 1744323798.6216795, 0, {}]
[{"0": [30, 29, 23, 32, 34, 1, 1, 2, 2, 4, 4, 4, 0, 2, 2, 3, 1]}, null, null, 61, false, [], false, 0, [], null, 0, 1744323798.828704, 0, {}]
[{"0": [4, 2, 5, 3, 2, 4, 2, 1, 4, 2, 3, 1, 1, 2, 0, 2, 2]}, null, null, 61, false, [], false, 0, [], null, 0, 1744323799.0442498, 0, {}]
[{"0": [31, 33, 39, 40, 31, 26, 19, 30, 28, 22, 1, 3, 1, 0, 2, 0, 4]}, null, null, 62, false, [], false, 0, [], null, 0, 1744323799.2612643, 0, {}]
[{"0": [2, 2, 0, 2, 0, 0, 1, 5, 24, 37, 0, 3, 1, 1, 1, 1, 3]}, null, null, 63, false, [], false, 0, [], null, 0, 1744323799.4827998, 0, {}]
[{"0": [34, 28, 2, 1, 2, 2, 2, 2, 1, 3, 0, 2, 2, 3, 5, 1, 3]}, null, null, 63, false, [], false, 0, [], null, 0, 1744323799.7114675, 0, {}]
[{"0": [1, 29, 29, 20, 2, 3, 2, 4, 2, 1, 2, 2, 0, 1, 3, 2, 1]}, null, null, 64, false, [], false, 0, [], null, 0, 1744323799.9148364, 0, {}]
[{"0": [3, 4, 4, 6, 2, 2, 1, 0, 1, 2, 5, 3, 0, 1, 3, 1, 4]}, null, null, 64, false, [], false, 0, [], null, 0, 1744323800.1275642, 0, {}]
[{"0": [5, 27, 23, 26, 35, 34, 29, 27, 32, 33, 34, 2, 0, 2, 4, 1, 0]}, null, null, 65, false, [], false, 0, [], null, 0, 1744323800.3443735, 0, {}]
[{"0": [1, 1, 0, 1, 1, 1, 1, 32, 31, 30, 27, 34, 31, 24, 3, 3, 1]}, null, null, 66, false, [], false, 0, [], null, 0, 1744323800.5655136, 0, {}]
[{"0": [1, 31, 23, 36, 2, 2, 0, 0, 2, 3, 1, 0, 4, 0, 1, 1, 1]}, null, null, 66, false, [], false, 0, [], null, 0, 1744323800.785751, 0, {}]
[{"0": [4, 25, 34, 27, 33, 30, 38, 29, 55, 27, 1, 3, 1, 1, 1, 3, 1]}, null, null, 67, false, [], false, 0, [], null, 0, 1744323801.0045962, 0, {}]
[{"0": [4, 0, 3, 2, 29, 35, 29, 2, 1, 0, 4, 2, 1, 1, 0, 1, 4]}, null, null, 67, false, [], false, 0, [], null, 0, 1744323801.2250133, 0, {}]
[{"0": [1, 30, 38, 41, 31, 1, 1, 1, 2, 3, 1, 2, 3, 4, 1, 3, 0]}, null, null, 68, false, [], false, 0, [], null, 0, 1744323801.4277406, 0, {}]
[{"0": [3, 40, 1, 1, 0, 0, 3, 1, 1, 0, 6, 5, 1, 3, 1, 0, 1]}, null, null, 69, false, [], false, 0, [], null, 0, 1744323801.6426682, 0, {}]
[{"0": [0, 1, 4, 0, 5, 0, 0, 29, 27, 29, 33, 35, 39, 32, 30, 26, 0]}, null, null, 69, false, [], false, 0, [], null, 0, 1744323801.861582, 0, {}]
[{"0": [3, 36, 30, 2, 5, 0, 3, 2, 0, 4, 2, 1, 1, 1, 1, 0, 4]}, null, null, 70, false, [], false, 0, [], null, 0, 1744323802.0811536, 0, {}]
[{"0": [1, 30, 32, 26, 41, 30, 1, 1, 2, 3, 0, 2, 0, 1, 3, 5, 3]}, null, null, 70, false, [], false, 0, [], null, 0, 1744323802.2939801, 0, {}]
[{"0": [0, 28, 41, 29, 3, 1, 2, 1, 1, 3, 1, 2, 3, 1, 1, 3, 2]}, null, null, 71, false, [], false, 0, [], null, 0, 1744323802.5281532, 0, {}]
[{"0": [2, 5, 0, 3, 4, 4, 2, 4, 0, 1, 5, 33, 36, 41, 36, 2, 3]}, null, null, 72, false, [], false, 0, [], null, 0, 1744323802.727814, 0, {}]
[{"0": [1, 2, 27, 1, 4, 2, 2, 2, 0, 4, 3, 0, 0, 1, 3, 4, 1]}, null, null, 72, false, [], false, 0, [], null, 0, 1744323802.9431012, 0, {}]
[{"0": [30, 39, 30, 35, 28, 34, 30, 43, 30, 39, 3, 1, 1, 1, 4, 3, 5]}, null, null, 73, false, [], false, 0, [], null, 0, 1744323803.1618686, 0, {}]
[{"0": [6, 38, 40, 1, 5, 3, 4, 0, 3, 3, 1, 1, 3, 1, 1, 1, 2]}, null, null, 73, false, [], false, 0, [], null, 0, 1744323803.3991022, 0, {}]
[{"0": [1, 32, 29, 27, 34, 3, 0, 1, 2, 2, 2, 0, 4, 3, 2, 2, 2]}, null, null, 74, false, [], false, 0, [], null, 0, 1744323803.6106565, 0, {}]
[{"0": [1, 30, 1, 0, 2, 2, 2, 1, 1, 3, 1, 1, 0, 3, 2, 2, 1]}, null, null, 75, false, [], false, 0, [], null, 0, 1744323803.8119063, 0, {}]
[{"0": [0, 44, 45, 33, 31, 24, 40, 1, 4, 0, 3, 1, 1, 1, 1, 3, 4]}, null, null, 75, false, [], false, 0, [], null, 0, 1744323804.0357265, 0, {}]
[{"0": [4, 0, 4, 0, 2, 1, 2, 2, 1, 3, 0, 2, 26, 28, 30, 35, 34]}, null, null, 76, false, [], false, 0, [], null, 0, 1744323804.2494924, 0, {}]
[{"0": [3, 29, 1, 0, 3, 2, 5, 2, 0, 3, 0, 0, 0, 1, 4, 2, 1]}, null, null, 77, false, [], false, 0, [], null, 0, 1744323804.462667, 0, {}]
[{"0": [3, 30, 1, 3, 3, 1, 3, 2, 1, 0, 2, 1, 3, 1, 1, 1, 2]}, null, null, 77, false, [], false, 0, [], null, 0, 1744323804.7016401, 0, {}]
[{"0": [2, 1, 1, 1, 2, 4, 0, 30, 19, 34, 23, 23, 32, 36, 0, 2, 1]}, null, null, 78, false, [], false, 0, [], null, 0, 1744323804.9012232, 0, {}]
[{"0": [1, 4, 4, 34, 41, 29, 35, 37, 22, 26, 24, 36, 33, 28, 33, 28, 30]}, null, null, 78, false, [], false, 0, [], null, 0, 1744323805.1309612, 0, {}]
[{"0": [4, 31, 30, 0, 2, 1, 6, 0, 3, 2, 2, 2, 0, 0, 3, 2, 2]}, null, null, 79, false, [], false, 0, [], null, 0, 1744323805.3424404, 0, {}]
[{"0": [2, 2, 1, 1, 1, 2, 1, 3, 1, 2, 2, 1, 3, 18, 39, 31, 1]}, null, null, 80, false, [], false, 0, [], null, 0, 1744323805.552618, 0, {}]
[{"0": [1, 34, 25, 42, 31, 24, 2, 2, 1, 2, 4, 1, 2, 0, 1, 0, 2]}, null, null, 80, false, [], false, 0, [], null, 0, 1744323805.774459, 0, {}]
[{"0": [4, 28, 22, 29, 35, 24, 22, 2, 1, 1, 0, 2, 1, 1, 1, 0, 3]}, null, null, 81, false, [], false, 0, [], null, 0, 1744323805.994789, 0, {}]
[{"0": [2, 35, 3, 2, 0, 0, 0, 0, 1, 4, 2, 3, 1, 0, 1, 1, 0]}, null, null, 81, false, [], false, 0, [], null, 0, 1744323806.2125387, 0, {}]
[{"0": [0, 39, 29, 26, 0, 2, 1, 2, 3, 3, 1, 0, 6, 4, 2, 5, 0]}, null, null, 82, false, [], false, 0, [], null, 0, 1744323806.4143975, 0, {}]
[{"0": [1, 29, 39, 31, 34, 2, 3, 2, 1, 1, 2, 2, 5, 1, 2, 2, 1]}, null, null, 83, false, [], false, 0, [], null, 0, 1744323806.6323705, 0, {}]
[{"0": [0, 28, 2, 1, 4, 3, 0, 0, 2, 0, 0, 3, 1, 2, 1, 2, 2]}, null, null, 83, false, [], false, 0, [], null, 0, 1744323806.847208, 0, {}]
[{"0": [0, 26, 32, 31, 30, 32, 2, 1, 1, 3, 2, 3, 1, 3, 0, 1, 2]}, null, null, 84, false, [], false, 0, [], null, 0, 1744323807.0613966, 0, {}]
[{"0": [35, 3, 1, 4, 2, 2, 1, 0, 3, 1, 1, 4, 0, 2, 3, 2, 1]}, null, null, 84, false, [], false, 0, [], null, 0, 1744323807.2818918, 0, {}]
[{"0": [30, 1, 0, 2, 1, 5, 4, 6, 1, 0, 3, 1, 3, 4, 0, 1, 3]}, null, null, 85, false, [], false, 0, [], null, 0, 1744323807.5142674, 0, {}]
[{"0": [0, 4, 1, 1, 3, 1, 2, 3, 0, 0, 3, 5, 4, 28, 18, 34, 19]}, null, null, 86, false, [], false, 0, [], null, 0, 1744323807.7179794, 0, {}]
[{"0": [0, 3, 5, 1, 0, 2, 0, 4, 1, 4, 0, 2, 3, 6, 1, 1, 2]}, null, null, 86, false, [], false, 0, [], null, 0, 1744323807.927856, 0, {}]
[{"0": [0, 27, 36, 34, 30, 32, 35, 34, 24, 34, 3, 2, 1, 0, 1, 0, 1]}, null, null, 87, false, [], false, 0, [], null, 0, 1744323808.1636875, 0, {}]
[{"0": [4, 36, 35, 29, 33, 25, 4, 2, 2, 2, 2, 2, 2, 0, 5, 3, 2]}, null, null, 87, false, [], false, 0, [], null, 0, 1744323808.3664687, 0, {}]
[{"0": [4, 36, 19, 1, 1, 1, 1, 2, 1, 5, 0, 0, 2, 2, 1, 2, 2]}, null, null, 88, false, [], false, 0, [], null, 0, 1744323808.5812247, 0, {}]
[{"0": [3, 33, 33, 29, 31, 29, 0, 0, 2, 2, 2, 2, 1, 4, 0, 3, 2]}, null, null, 89, false, [], false, 0, [], null, 0, 1744323808.810294, 0, {}]
[{"0": [1, 29, 18, 27, 23, 35, 1, 0, 2, 0, 3, 1, 3, 1, 5, 0, 0]}, null, null, 89, false, [], false, 0, [], null, 0, 1744323809.0348277, 0, {}]
[{"0": [1, 26, 27, 38, 24, 36, 3, 2, 1, 1, 5, 1, 2, 2, 2, 1, 2]}, null, null, 90, false, [], false, 0, [], null, 0, 1744323809.2329319, 0, {}]
[{"0": [1, 33, 28, 30, 3, 2, 2, 3, 2, 2, 2, 3, 5, 1, 1, 2, 1]}, null, null, 90, false, [], false, 0, [], null, 0, 1744323809.4562147, 0, {}]
[{"0": [3, 27, 24, 25, 2, 0, 1, 1, 3, 2, 4, 2, 3, 4, 0, 2, 1]}, null, null, 91, false, [], false, 0, [], null, 0, 1744323809.6642308, 0, {}]
[{"0": [1, 20, 23, 28, 29, 40, 38, 2, 2, 3, 3, 3, 2, 2, 3, 2, 2]}, null, null, 92, false, [], false, 0, [], null, 0, 1744323809.8835173, 0, {}]
[{"0": [30, 3, 2, 2, 1, 0, 1, 0, 5, 2, 1, 0, 1, 1, 1, 5, 3]}, null, null, 92, false, [], false, 0, [], null, 0, 1744323810.1089902, 0, {}]
[{"0": [3, 1, 3, 3, 4, 0, 1, 2, 1, 1, 1, 0, 1, 0, 0, 5, 0]}, null, null, 93, false, [], false, 0, [], null, 0, 1744323810.3130953, 0, {}]
[{"0": [2, 21, 33, 30, 45, 23, 1, 4, 1, 5, 2, 2, 2, 1, 1, 2, 2]}, null, null, 93, false, [], false, 0, [], null, 0, 1744323810.5421684, 0, {}]
[{"0": [2, 3, 2, 2, 2, 0, 0, 2, 39, 2, 2, 3, 2, 0, 2, 1, 2]}, null, null, 94, false, [], false, 0, [], null, 0, 1744323810.7483585, 0, {}]
[{"0": [0, 3, 1, 30, 31, 32, 35, 0, 2, 4, 1, 0, 0, 0, 2, 1, 0]}, null, null, 95, false, [], false, 0, [], null, 0, 1744323810.972153, 0, {}]
[{"0": [0, 3, 2, 1, 1, 5, 2, 1, 1, 4, 2, 32, 2, 2, 4, 3, 3]}, null, null, 95, false, [], false, 0, [], null, 0, 1744323811.1949594, 0, {}]
[{"0": [2, 42, 36, 34, 3, 3, 1, 2, 1, 2, 2, 1, 3, 1, 5, 0, 2]}, null, null, 96, false, [], false, 0, [], null, 0, 1744323811.3967044, 0, {}]
[{"0": [26, 17, 37, 27, 37, 27, 26, 40, 42, 37, 28, 0, 0, 1, 0, 2, 3]}, null, null, 96, false, [], false, 0, [], null, 0, 1744323811.6120007, 0, {}]
[{"0": [3, 2, 5, 2, 1, 4, 1, 34, 31, 28, 26, 27, 36, 33, 35, 34, 33]}, null, null, 97, false, [], false, 0, [], null, 0, 1744323811.834128, 0, {}]
[{"0": [4, 34, 31, 26, 31, 31, 33, 30, 27, 25, 34, 34, 32, 30, 29, 43, 33]}, null, null, 98, false, [], false, 0, [], null, 0, 1744323812.0499694, 0, {}]
[{"0": [2, 38, 35, 1, 0, 1, 2, 2, 3, 1, 3, 1, 1, 3, 2, 3, 1]}, null, null, 98, false, [], false, 0, [], null, 0, 1744323812.2623918, 0, {}]
[{"0": [2, 1, 2, 4, 2, 2, 1, 2, 30, 1, 3, 4, 2, 2, 1, 4, 2]}, null, null, 99, false, [], false, 0, [], null, 0, 1744323812.4995377, 0, {}]
[{"0": [1, 2, 1, 1, 1, 6, 27, 38, 27, 0, 1, 0, 1, 4, 1, 2, 0]}, null, null, 99, false, [], false, 0, [], null, 0, 1744323812.7148464, 0, {}]
[{"0": [0, 0, 1, 2, 3, 0, 3, 2, 34, 18, 2, 2, 0, 1, 2, 2, 0]}, null, null, 100, false, [], false, 0, [], null, 0, 1744323812.9260266, 0, {}]
[{"0": [0, 1, 0, 3, 5, 2, 0, 0, 4, 2, 1, 24, 1, 0, 0, 1, 1]}, null, null, 101, false, [], false, 0, [], null, 0, 1744323813.148765, 0, {}]
[{"0": [0, 35, 28, 1, 3, 1, 2, 1, 3, 3, 4, 0, 4, 4, 3, 4, 3]}, null, null, 101, false, [], false, 0, [], null, 0, 1744323813.3443213, 0, {}]
[{"0": [1, 29, 28, 46, 21, 38, 40, 35, 43, 1, 4, 3, 2, 2, 1, 3, 3]}, null, null, 102, false, [], false, 0, [], null, 0, 1744323813.5606532, 0, {}]
[{"0": [2, 27, 31, 39, 27, 46, 32, 2, 1, 0, 2, 2, 1, 2, 4, 3, 3]}, null, null, 102, false, [], false, 0, [], null, 0, 1744323813.7912118, 0, {}]
[{"0": [5, 29, 29, 28, 36, 1, 4, 1, 2, 2, 1, 1, 2, 0, 2, 1, 0]}, null, null, 103, false, [], false, 0, [], null, 0, 1744323814.008466, 0, {}]
[{"0": [2, 41, 0, 0, 2, 3, 3, 3, 1, 3, 3, 2, 4, 0, 1, 3, 2]}, null, null, 104, false, [], false, 0, [], null, 0, 1744323814.2248988, 0, {}]
[{"0": [2, 29, 29, 21, 40, 36, 34, 25, 27, 23, 32, 31, 38, 33, 26, 30, 36]}, null, null, 104, false, [], false, 0, [], null, 0, 1744323814.438605, 0, {}]
[{"0": [2, 1, 1, 1, 3, 3, 1, 1, 1, 4, 2, 1, 1, 3, 0, 1, 2]}, null, null, 105, false, [], false, 0, [], null, 0, 1744323814.646794, 0, {}]
[{"0": [1, 0, 1, 1, 1, 1, 5, 0, 3, 1, 2, 3, 0, 36, 0, 0, 0]}, null, null, 105, false, [], false, 0, [], null, 0, 1744323814.8655891, 0, {}]
[{"0": [2, 1, 1, 1, 2, 31, 37, 26, 3, 4, 2, 0, 4, 1, 0, 1, 2]}, null, null, 106, false, [], false, 0, [], null, 0, 1744323815.0907192, 0, {}]
[{"0": [4, 31, 26, 27, 35, 2, 2, 2, 0, 3, 1, 7, 3, 0, 4, 1, 3]}, null, null, 107, false, [], false, 0, [], null, 0, 1744323815.3161035, 0, {}]
[{"0": [0, 3, 1, 27, 27, 3, 0, 2, 1, 2, 1, 3, 0, 1, 3, 1, 0]}, null, null, 107, false, [], false, 0, [], null, 0, 1744323815.513294, 0, {}]
[{"0": [0, 1, 2, 1, 2, 3, 1, 1, 1, 3, 1, 2, 1, 1, 4, 2, 2]}, null, null, 108, false, [], false, 0, [], null, 0, 1744323815.7474806, 0, {}]
[{"0": [4, 0, 2, 0, 3, 0, 0, 0, 2, 0, 2, 1, 41, 30, 25, 24, 34]}, null, null, 108, false, [], false, 0, [], null, 0, 1744323815.9470804, 0, {}]
[{"0": [1, 31, 31, 28, 1, 2, 1, 3, 1, 2, 3, 0, 0, 1, 6, 2, 1]}, null, null, 109, false, [], false, 0, [], null, 0, 1744323816.1686811, 0, {}]
[{"0": [1, 32, 25, 2, 3, 1, 2, 0, 0, 1, 1, 2, 0, 1, 1, 1, 1]}, null, null, 110, false, [], false, 0, [], null, 0, 1744323816.3804035, 0, {}]
[{"0": [3, 4, 1, 0, 1, 1, 1, 0, 0, 1, 1, 5, 2, 3, 1, 4, 3]}, null, null, 110, false, [], false, 0, [], null, 0, 1744323816.611492, 0, {}]
[{"0": [0, 42, 24, 26, 39, 2, 1, 2, 2, 0, 1, 0, 3, 1, 1, 0, 4]}, null, null, 111, false, [], false, 0, [], null, 0, 1744323816.8317876, 0, {}]
[{"0": [30, 34, 23, 24, 27, 36, 4, 2, 1, 0, 3, 3, 2, 2, 2, 5, 1]}, null, null, 111, false, [], false, 0, [], null, 0, 1744323817.0293674, 0, {}]
[{"0": [1, 1, 0, 3, 3, 5, 28, 34, 39, 31, 25, 35, 1, 0, 2, 2, 3]}, null, null, 112, false, [], false, 0, [], null, 0, 1744323817.2500165, 0, {}]
[{"0": [2, 28, 30, 35, 23, 40, 31, 3, 1, 4, 0, 2, 3, 1, 3, 1, 3]}, null, null, 113, false, [], false, 0, [], null, 0, 1744323817.464111, 0, {}]
[{"0": [1, 2, 0, 1, 2, 0, 2, 3, 3, 3, 3, 31, 1, 4, 2, 3, 1]}, null, null, 113, false, [], false, 0, [], null, 0, 1744323817.683211, 0, {}]
[{"0": [1, 3, 0, 5, 1, 1, 2, 2, 4, 1, 2, 1, 3, 30, 28, 1, 2]}, null, null, 114, false, [], false, 0, [], null, 0, 1744323817.9178135, 0, {}]
[{"0": [2, 3, 2, 1, 0, 3, 3, 2, 1, 2, 1, 2, 0, 2, 2, 2, 2]}, null, null, 114, false, [], false, 0, [], null, 0, 1744323818.1202774, 0, {}]
[{"0": [2, 2, 3, 1, 1, 2, 3, 2, 0, 2, 4, 3, 24, 23, 23, 1, 4]}, null, null, 115, false, [], false, 0, [], null, 0, 1744323818.3463583, 0, {}]
[{"0": [1, 7, 1, 4, 30, 27, 23, 0, 1, 2, 3, 3, 2, 0, 4, 6, 0]}, null, null, 116, false, [], false, 0, [], null, 0, 1744323818.555601, 0, {}]
[{"0": [3, 1, 1, 1, 0, 0, 2, 1, 1, 6, 40, 33, 38, 38, 36, 25, 26]}, null, null, 116, false, [], false, 0, [], null, 0, 1744323818.7755163, 0, {}]
[{"0": [0, 3, 35, 22, 28, 45, 0, 4, 1, 2, 0, 1, 3, 0, 2, 2, 4]}, null, null, 117, false, [], false, 0, [], null, 0, 1744323818.9932342, 0, {}]
[{"0": [0, 1, 2, 2, 5, 1, 1, 2, 1, 2, 34, 23, 1, 3, 1, 2, 0]}, null, null, 117, false, [], false, 0, [], null, 0, 1744323819.201695, 0, {}]
[{"0": [2, 28, 30, 37, 1, 1, 1, 2, 3, 1, 2, 1, 2, 5, 1, 0, 0]}, null, null, 118, false, [], false, 0, [], null, 0, 1744323819.4253147, 0, {}]
[{"0": [31, 32, 27, 30, 34, 27, 24, 0, 0, 1, 2, 2, 7, 3, 1, 1, 5]}, null, null, 119, false, [], false, 0, [], null, 0, 1744323819.6368763, 0, {}]
[{"0": [5, 2, 41, 24, 38, 36, 1, 1, 2, 3, 0, 3, 1, 3, 38, 38, 35]}, null, null, 119, false, [], false, 0, [], null, 0, 1744323819.8500583, 0, {}]
[{"0": [4, 4, 1, 1, 0, 3, 30, 33, 2, 2, 0, 3, 0, 4, 1, 2, 1]}, null, null, 120, false, [], false, 0, [], null, 0, 1744323820.066044, 0, {}]
[{"0": [2, 1, 1, 0, 3, 3, 29, 33, 0, 3, 0, 1, 3, 3, 5, 4, 1]}, null, null, 120, false, [], false, 0, [], null, 0, 1744323820.2944381, 0, {}]
[{"0": [4, 21, 22, 27, 33, 32, 2, 4, 0, 3, 0, 2, 1, 3, 1, 2, 0]}, null, null, 121, false, [], false, 0, [], null, 0, 1744323820.5104954, 0, {}]
[{"0": [3, 4, 1, 0, 2, 1, 1, 3, 2, 0, 5, 0, 3, 1, 1, 3, 0]}, null, null, 122, false, [], false, 0, [], null, 0, 1744323820.7236724, 0, {}]
[{"0": [3, 1, 3, 1, 2, 3, 1, 5, 22, 29, 33, 3, 0, 2, 1, 1, 3]}, null, null, 122, false, [], false, 0, [], null, 0, 1744323820.9357226, 0, {}]
[{"0": [1, 2, 0, 1, 1, 0, 3, 1, 2, 4, 0, 1, 2, 30, 27, 34, 35]}, null, null, 123, false, [], false, 0, [], null, 0, 1744323821.165106, 0, {}]
[{"0": [1, 6, 2, 3, 2, 3, 1, 1, 4, 0, 29, 35, 32, 38, 0, 1, 2]}, null, null, 123, false, [], false, 0, [], null, 0, 1744323821.3803844, 0, {}]
[{"0": [0, 0, 1, 2, 0, 3, 1, 2, 2, 0, 1, 2, 29, 25, 26, 29, 31]}, null, null, 124, false, [], false, 0, [], null, 0, 1744323821.5881486, 0, {}]
[{"0": [6, 3, 3, 1, 1, 1, 5, 1, 1, 2, 2, 30, 39, 23, 34, 30, 30]}, null, null, 125, false, [], false, 0, [], null, 0, 1744323821.8218167, 0, {}]
[{"0": [2, 3, 2, 0, 0, 0, 1, 1, 2, 3, 2, 2, 2, 4, 1, 1, 1]}, null, null, 125, false, [], false, 0, [], null, 0, 1744323822.0328786, 0, {}]
[{"0": [30, 1, 4, 1, 1, 2, 3, 2, 1, 3, 0, 0, 0, 1, 1, 0, 2]}, null, null, 126, false, [], false, 0, [], null, 0, 1744323822.242759, 0, {}]
[{"0": [1, 5, 3, 3, 4, 2, 0, 2, 5, 29, 22, 1, 4, 3, 0, 2, 1]}, null, null, 127, false, [], false, 0, [], null, 0, 1744323822.453785, 0, {}]
[{"0": [2, 3, 2, 2, 2, 3, 0, 1, 1, 2, 2, 37, 23, 36, 35, 28, 30]}, null, null, 127, false, [], false, 0, [], null, 0, 1744323822.6648798, 0, {}]
[{"0": [1, 2, 2, 3, 0, 3, 29, 40, 34, 18, 36, 36, 2, 4, 0, 1, 2]}, null, null, 128, false, [], false, 0, [], null, 0, 1744323822.8842263, 0, {}]
[{"0": [1, 0, 3, 2, 3, 1, 1, 1, 7, 1, 1, 3, 39, 44, 0, 4, 1]}, null, null, 128, false, [], false, 0, [], null, 0, 1744323823.1303115, 0, {}]
[{"0": [2, 24, 39, 1, 1, 3, 1, 2, 1, 2, 3, 1, 1, 3, 1, 0, 2]}, null, null, 129, false, [], false, 0, [], null, 0, 1744323823.318051, 0, {}]
[{"0": [0, 3, 2, 4, 45, 30, 33, 30, 31, 30, 27, 4, 6, 2, 1, 1, 0]}, null, null, 130, false, [], false, 0, [], null, 0, 1744323823.5293808, 0, {}]
[{"0": [3, 35, 33, 26, 43, 24, 2, 3, 0, 2, 2, 4, 1, 3, 0, 5, 0]}, null, null, 130, false, [], false, 0, [], null, 0, 1744323823.7526925, 0, {}]
[{"0": [2, 2, 2, 32, 36, 28, 27, 40, 36, 36, 31, 24, 39, 33, 28, 29, 39]}, null, null, 131, false, [], false, 0, [], null, 0, 1744323823.9662533, 0, {}]
[{"0": [2, 43, 35, 1, 1, 3, 3, 3, 4, 2, 3, 3, 5, 0, 2, 3, 5]}, null, null, 131, false, [], false, 0, [], null, 0, 1744323824.183391, 0, {}]
[{"0": [0, 1, 2, 0, 0, 1, 1, 2, 0, 3, 2, 3, 0, 1, 2, 1, 3]}, null, null, 132, false, [], false, 0, [], null, 0, 1744323824.3986278, 0, {}]
[{"0": [2, 1, 0, 0, 30, 27, 37, 38, 1, 4, 3, 2, 1, 0, 2, 2, 0]}, null, null, 133, false, [], false, 0, [], null, 0, 1744323824.638703, 0, {}]
[{"0": [2, 0, 2, 27, 2, 0, 3, 2, 1, 2, 0, 0, 2, 1, 0, 2, 1]}, null, null, 133, false, [], false, 0, [], null, 0, 1744323824.8475466, 0, {}]
[{"0": [3, 2, 4, 2, 1, 2, 1, 4, 0, 1, 1, 0, 37, 24, 5, 2, 2]}, null, null, 134, false, [], false, 0, [], null, 0, 1744323825.0594518, 0, {}]
[{"0": [0, 5, 2, 1, 2, 1, 0, 4, 3, 3, 36, 3, 2, 1, 1, 5, 5]}, null, null, 134, false, [], false, 0, [], null, 0, 1744323825.272308, 0, {}]
[{"0": [1, 1, 1, 3, 0, 2, 0, 2, 1, 22, 34, 33, 16, 34, 33, 32, 33]}, null, null, 135, false, [], false, 0, [], null, 0, 1744323825.489407, 0, {}]
[{"0": [2, 29, 32, 34, 26, 27, 45, 31, 25, 28, 38, 26, 25, 2, 3, 0, 1]}, null, null, 136, false, [], false, 0, [], null, 0, 1744323825.718113, 0, {}]
[{"0": [27, 0, 2, 3, 0, 0, 1, 3, 0, 1, 4, 3, 1, 3, 3, 2, 3]}, null, null, 136, false, [], false, 0, [], null, 0, 1744323825.9240978, 0, {}]
[{"0": [4, 2, 2, 4, 0, 1, 1, 1, 1, 3, 1, 1, 35, 39, 30, 26, 19]}, null, null, 137, false, [], false, 0, [], null, 0, 1744323826.1333525, 0, {}]
[{"0": [1, 3, 2, 2, 26, 2, 4, 2, 4, 3, 1, 2, 0, 1, 3, 3, 3]}, null, null, 137, false, [], false, 0, [], null, 0, 1744323826.3576035, 0, {}]
[{"0": [2, 22, 28, 36, 18, 30, 40, 24, 24, 22, 23, 17, 2, 2, 1, 3, 1]}, null, null, 138, false, [], false, 0, [], null, 0, 1744323826.5708559, 0, {}]
[{"0": [0, 2, 1, 2, 1, 1, 4, 1, 1, 4, 1, 1, 3, 2, 4, 2, 0]}, null, null, 139, false, [], false, 0, [], null, 0, 1744323826.7906432, 0, {}]
[{"0": [0, 0, 4, 0, 1, 35, 36, 30, 24, 28, 4, 2, 0, 4, 3, 3, 0]}, null, null, 139, false, [], false, 0, [], null, 0, 1744323827.0031455, 0, {}]
[{"0": [1, 3, 2, 5, 6, 5, 1, 3, 2, 1, 6, 22, 28, 36, 43, 31, 32]}, null, null, 140, false, [], false, 0, [], null, 0, 1744323827.2363515, 0, {}]
[{"0": [0, 3, 3, 2, 1, 1, 2, 0, 0, 0, 2, 1, 0, 1, 2, 1, 0]}, null, null, 140, false, [], false, 0, [], null, 0, 1744323827.4479706, 0, {}]
[{"0": [2, 29, 1, 3, 3, 2, 3, 1, 0, 1, 0, 4, 4, 1, 4, 3, 3]}, null, null, 141, false, [], false, 0, [], null, 0, 1744323827.6653068, 0, {}]
[{"0": [3, 5, 3, 3, 0, 0, 27, 35, 1, 0, 0, 6, 0, 1, 1, 2, 0]}, null, null, 142, false, [], false, 0, [], null, 0, 1744323827.8900394, 0, {}]
[{"0": [0, 47, 30, 39, 35, 17, 44, 37, 32, 2, 3, 1, 3, 1, 1, 0, 0]}, null, null, 142, false, [], false, 0, [], null, 0, 1744323828.0882492, 0, {}]
[{"0": [1, 24, 22, 36, 1, 2, 3, 4, 1, 3, 1, 3, 1, 2, 5, 2, 5]}, null, null, 143, false, [], false, 0, [], null, 0, 1744323828.305925, 0, {}]
[{"0": [1, 25, 24, 34, 28, 32, 1, 1, 5, 0, 2, 4, 1, 1, 1, 4, 3]}, null, null, 143, false, [], false, 0, [], null, 0, 1744323828.5290027, 0, {}]
[{"0": [1, 22, 0, 0, 0, 1, 1, 4, 2, 1, 0, 0, 2, 6, 3, 2, 0]}, null, null, 144, false, [], false, 0, [], null, 0, 1744323828.7589595, 0, {}]
[{"0": [2, 33, 30, 18, 31, 31, 21, 36, 22, 31, 31, 0, 0, 3, 1, 2, 1]}, null, null, 145, false, [], false, 0, [], null, 0, 1744323828.964122, 0, {}]
[{"0": [2, 35, 33, 33, 28, 40, 3, 1, 3, 0, 3, 1, 0, 0, 5, 4, 4]}, null, null, 145, false, [], false, 0, [], null, 0, 1744323829.1764, 0, {}]
[{"0": [0, 25, 29, 25, 0, 5, 1, 1, 3, 3, 1, 1, 1, 0, 1, 2, 1]}, null, null, 146, false, [], false, 0, [], null, 0, 1744323829.3911004, 0, {}]
[{"0": [25, 27, 20, 29, 0, 2, 4, 1, 4, 2, 1, 1, 0, 1, 5, 0, 1]}, null, null, 146, false, [], false, 0, [], null, 0, 1744323829.6017659, 0, {}]
[{"0": [1, 4, 4, 0, 1, 4, 5, 3, 3, 1, 1, 2, 2, 32, 29, 29, 29]}, null, null, 147, false, [], false, 0, [], null, 0, 1744323829.8269765, 0, {}]
[{"0": [0, 26, 26, 30, 33, 34, 39, 4, 2, 2, 0, 2, 2, 3, 0, 2, 4]}, null, null, 148, false, [], false, 0, [], null, 0, 1744323830.0349274, 0, {}]
[{"0": [0, 0, 0, 4, 2, 3, 4, 1, 1, 2, 1, 31, 30, 31, 28, 25, 0]}, null, null, 148, false, [], false, 0, [], null, 0, 1744323830.2569523, 0, {}]
[{"0": [1, 32, 27, 27, 29, 37, 18, 23, 37, 34, 36, 25, 1, 4, 6, 2, 1]}, null, null, 149, false, [], false, 0, [], null, 0, 1744323830.4900298, 0, {}]
[{"0": [3, 0, 1, 33, 29, 1, 3, 2, 2, 3, 2, 1, 1, 2, 0, 2, 1]}, null, null, 149, false, [], false, 0, [], null, 0, 1744323830.7055945, 0, {}]
[{"0": [1, 25, 27, 31, 27, 24, 1, 1, 0, 1, 3, 2, 3, 1, 2, 5, 1]}, null, null, 150, true, [], false, 0, [], null, 0, 1744323830.90448, 0, {}]
