[{"0": [2, 1, 2, 1, 0, 25, 39, 27, 28, 2, 4, 2, 1, 0, 4, 2]}, null, null, 0, false, [], false, 0, [], null, 0, 1744321364.512217, 0, {}]
[{"0": [3, 2, 2, 2, 0, 0, 2, 2, 2, 0, 2, 2, 36, 25, 28, 39]}, null, null, 1, false, [], false, 0, [], null, 0, 1744321364.7623756, 0, {}]
[{"0": [3, 5, 1, 0, 1, 1, 2, 26, 32, 35, 30, 2, 2, 6, 3, 2]}, null, null, 1, false, [], false, 0, [], null, 0, 1744321364.9540198, 0, {}]
[{"0": [3, 6, 4, 3, 1, 0, 3, 1, 5, 1, 3, 2, 1, 2, 22, 3]}, null, null, 2, false, [], false, 0, [], null, 0, 1744321365.1399083, 0, {}]
[{"0": [3, 2, 0, 3, 3, 2, 2, 1, 1, 3, 3, 2, 31, 32, 33, 3]}, null, null, 2, false, [], false, 0, [], null, 0, 1744321365.3457696, 0, {}]
[{"0": [3, 3, 1, 2, 2, 1, 4, 1, 0, 2, 4, 30, 36, 1, 3, 1]}, null, null, 3, false, [], false, 0, [], null, 0, 1744321365.5494006, 0, {}]
[{"0": [0, 2, 2, 2, 1, 2, 6, 2, 0, 3, 29, 29, 3, 1, 2, 1]}, null, null, 4, false, [], false, 0, [], null, 0, 1744321365.7372632, 0, {}]
[{"0": [4, 1, 1, 1, 2, 0, 0, 1, 5, 1, 2, 1, 1, 4, 3, 1]}, null, null, 4, false, [], false, 0, [], null, 0, 1744321365.9392068, 0, {}]
[{"0": [33, 28, 33, 38, 37, 42, 2, 1, 1, 1, 2, 6, 2, 1, 4, 0]}, null, null, 5, false, [], false, 0, [], null, 0, 1744321366.1487172, 0, {}]
[{"0": [30, 1, 0, 0, 2, 1, 0, 0, 2, 1, 2, 0, 1, 2, 1, 2]}, null, null, 5, false, [], false, 0, [], null, 0, 1744321366.3543062, 0, {}]
[{"0": [16, 31, 1, 3, 3, 3, 1, 2, 2, 0, 2, 3, 4, 1, 1, 2]}, null, null, 6, false, [], false, 0, [], null, 0, 1744321366.549401, 0, {}]
[{"0": [0, 1, 1, 2, 3, 4, 1, 4, 1, 30, 30, 34, 32, 33, 33, 27]}, null, null, 7, false, [], false, 0, [], null, 0, 1744321366.750798, 0, {}]
[{"0": [1, 3, 2, 3, 0, 1, 1, 1, 1, 2, 1, 5, 3, 1, 1, 1]}, null, null, 7, false, [], false, 0, [], null, 0, 1744321366.9393783, 0, {}]
[{"0": [0, 1, 1, 2, 1, 2, 0, 2, 2, 21, 30, 2, 2, 2, 2, 2]}, null, null, 8, false, [], false, 0, [], null, 0, 1744321367.1376576, 0, {}]
[{"0": [2, 5, 30, 18, 2, 2, 4, 2, 3, 0, 3, 2, 2, 3, 1, 3]}, null, null, 8, false, [], false, 0, [], null, 0, 1744321367.3497496, 0, {}]
[{"0": [0, 2, 1, 1, 1, 0, 1, 1, 4, 33, 23, 2, 3, 0, 3, 0]}, null, null, 9, false, [], false, 0, [], null, 0, 1744321367.5464678, 0, {}]
[{"0": [1, 7, 3, 0, 2, 0, 1, 1, 2, 9, 0, 5, 2, 24, 26, 31]}, null, null, 10, false, [], false, 0, [], null, 0, 1744321367.7484062, 0, {}]
[{"0": [2, 1, 2, 0, 1, 1, 3, 3, 2, 27, 32, 29, 40, 35, 34, 23]}, null, null, 10, false, [], false, 0, [], null, 0, 1744321367.954444, 0, {}]
[{"0": [33, 34, 27, 32, 1, 0, 3, 0, 1, 1, 3, 1, 1, 3, 3, 2]}, null, null, 11, false, [], false, 0, [], null, 0, 1744321368.1358736, 0, {}]
[{"0": [2, 1, 1, 3, 21, 31, 32, 36, 5, 3, 1, 1, 3, 2, 4, 0]}, null, null, 11, false, [], false, 0, [], null, 0, 1744321368.3480773, 0, {}]
[{"0": [3, 1, 0, 33, 27, 39, 30, 33, 38, 1, 1, 1, 3, 1, 3, 1]}, null, null, 12, false, [], false, 0, [], null, 0, 1744321368.552961, 0, {}]
[{"0": [2, 3, 2, 5, 2, 1, 2, 2, 1, 1, 2, 1, 2, 1, 3, 0]}, null, null, 13, false, [], false, 0, [], null, 0, 1744321368.7400806, 0, {}]
[{"0": [2, 1, 3, 3, 1, 1, 6, 2, 2, 0, 0, 1, 0, 1, 0, 37]}, null, null, 13, false, [], false, 0, [], null, 0, 1744321368.9353921, 0, {}]
[{"0": [2, 0, 1, 2, 1, 2, 2, 1, 4, 2, 0, 37, 38, 26, 44, 29]}, null, null, 14, false, [], false, 0, [], null, 0, 1744321369.1432698, 0, {}]
[{"0": [3, 1, 0, 1, 3, 38, 22, 24, 29, 4, 2, 1, 5, 2, 2, 5]}, null, null, 14, false, [], false, 0, [], null, 0, 1744321369.3366072, 0, {}]
[{"0": [3, 1, 0, 3, 1, 4, 0, 1, 32, 42, 2, 3, 2, 2, 2, 1]}, null, null, 15, false, [], false, 0, [], null, 0, 1744321369.538, 0, {}]
[{"0": [2, 3, 0, 1, 3, 0, 4, 3, 2, 3, 0, 2, 0, 1, 2, 2]}, null, null, 16, false, [], false, 0, [], null, 0, 1744321369.7365627, 0, {}]
[{"0": [1, 1, 3, 0, 2, 2, 1, 29, 2, 0, 3, 2, 1, 4, 2, 2]}, null, null, 16, false, [], false, 0, [], null, 0, 1744321369.952256, 0, {}]
[{"0": [4, 3, 2, 2, 2, 3, 1, 4, 4, 4, 2, 1, 0, 3, 34, 25]}, null, null, 17, false, [], false, 0, [], null, 0, 1744321370.1355193, 0, {}]
[{"0": [37, 1, 1, 1, 3, 2, 0, 2, 2, 1, 7, 1, 6, 3, 0, 4]}, null, null, 17, false, [], false, 0, [], null, 0, 1744321370.3331838, 0, {}]
[{"0": [0, 0, 1, 2, 2, 2, 1, 27, 31, 29, 25, 33, 26, 20, 19, 28]}, null, null, 18, false, [], false, 0, [], null, 0, 1744321370.5567048, 0, {}]
[{"0": [1, 1, 2, 3, 1, 2, 1, 0, 1, 4, 24, 30, 29, 32, 40, 3]}, null, null, 19, false, [], false, 0, [], null, 0, 1744321370.7540007, 0, {}]
[{"0": [1, 0, 0, 0, 1, 2, 2, 3, 1, 0, 1, 35, 37, 37, 33, 35]}, null, null, 19, false, [], false, 0, [], null, 0, 1744321370.9420397, 0, {}]
[{"0": [1, 1, 3, 1, 1, 1, 3, 27, 40, 35, 0, 0, 3, 3, 0, 3]}, null, null, 20, false, [], false, 0, [], null, 0, 1744321371.1426218, 0, {}]
[{"0": [2, 5, 2, 1, 1, 3, 27, 40, 5, 0, 6, 2, 3, 0, 5, 3]}, null, null, 20, false, [], false, 0, [], null, 0, 1744321371.338823, 0, {}]
[{"0": [2, 1, 0, 2, 4, 3, 1, 1, 6, 0, 2, 1, 0, 3, 20, 30]}, null, null, 21, false, [], false, 0, [], null, 0, 1744321371.5369346, 0, {}]
[{"0": [23, 31, 33, 0, 2, 0, 1, 2, 0, 3, 0, 0, 1, 4, 1, 1]}, null, null, 22, false, [], false, 0, [], null, 0, 1744321371.754273, 0, {}]
[{"0": [2, 4, 0, 3, 3, 1, 2, 24, 30, 1, 1, 2, 0, 2, 3, 0]}, null, null, 22, false, [], false, 0, [], null, 0, 1744321371.9509785, 0, {}]
[{"0": [30, 19, 30, 29, 22, 0, 1, 4, 2, 2, 1, 2, 0, 0, 1, 3]}, null, null, 23, false, [], false, 0, [], null, 0, 1744321372.1414804, 0, {}]
[{"0": [43, 31, 21, 37, 31, 20, 26, 0, 1, 0, 4, 1, 3, 3, 16, 3]}, null, null, 23, false, [], false, 0, [], null, 0, 1744321372.3430755, 0, {}]
[{"0": [1, 8, 0, 34, 1, 3, 1, 2, 1, 2, 4, 2, 0, 0, 1, 1]}, null, null, 24, false, [], false, 0, [], null, 0, 1744321372.556862, 0, {}]
[{"0": [2, 0, 1, 3, 0, 4, 0, 1, 3, 5, 4, 21, 24, 33, 1, 2]}, null, null, 25, false, [], false, 0, [], null, 0, 1744321372.7485876, 0, {}]
[{"0": [1, 0, 4, 0, 1, 3, 2, 33, 1, 1, 2, 1, 1, 3, 1, 5]}, null, null, 25, false, [], false, 0, [], null, 0, 1744321372.934144, 0, {}]
[{"0": [24, 35, 33, 35, 36, 24, 26, 31, 1, 1, 1, 2, 4, 1, 1, 2]}, null, null, 26, false, [], false, 0, [], null, 0, 1744321373.1345484, 0, {}]
[{"0": [2, 1, 3, 4, 7, 1, 1, 0, 1, 2, 3, 1, 3, 1, 1, 2]}, null, null, 27, false, [], false, 0, [], null, 0, 1744321373.3487287, 0, {}]
[{"0": [3, 0, 2, 1, 2, 2, 2, 4, 5, 2, 2, 3, 24, 37, 1, 2]}, null, null, 27, false, [], false, 0, [], null, 0, 1744321373.532143, 0, {}]
[{"0": [0, 1, 2, 0, 2, 17, 1, 4, 2, 1, 3, 2, 0, 1, 1, 3]}, null, null, 28, false, [], false, 0, [], null, 0, 1744321373.7519135, 0, {}]
[{"0": [0, 1, 0, 2, 2, 3, 2, 33, 27, 0, 0, 1, 4, 1, 3, 1]}, null, null, 28, false, [], false, 0, [], null, 0, 1744321373.9330764, 0, {}]
[{"0": [4, 2, 5, 1, 1, 3, 3, 42, 33, 32, 2, 2, 1, 1, 2, 0]}, null, null, 29, false, [], false, 0, [], null, 0, 1744321374.1545553, 0, {}]
[{"0": [3, 0, 2, 1, 3, 6, 2, 2, 2, 28, 30, 4, 1, 2, 2, 5]}, null, null, 30, false, [], false, 0, [], null, 0, 1744321374.3544197, 0, {}]
[{"0": [1, 3, 26, 32, 35, 39, 31, 28, 29, 37, 1, 2, 4, 2, 1, 2]}, null, null, 30, false, [], false, 0, [], null, 0, 1744321374.5396483, 0, {}]
[{"0": [1, 1, 2, 3, 26, 23, 32, 22, 3, 2, 2, 0, 2, 1, 0, 2]}, null, null, 31, false, [], false, 0, [], null, 0, 1744321374.7430496, 0, {}]
[{"0": [0, 1, 2, 1, 6, 31, 36, 29, 1, 6, 1, 0, 2, 3, 2, 0]}, null, null, 31, false, [], false, 0, [], null, 0, 1744321374.9430099, 0, {}]
[{"0": [2, 3, 2, 3, 2, 3, 0, 4, 1, 3, 0, 2, 1, 1, 0, 1]}, null, null, 32, false, [], false, 0, [], null, 0, 1744321375.1453047, 0, {}]
[{"0": [36, 26, 3, 1, 3, 1, 5, 2, 2, 1, 2, 2, 1, 0, 0, 3]}, null, null, 33, false, [], false, 0, [], null, 0, 1744321375.3380408, 0, {}]
[{"0": [1, 1, 2, 2, 0, 2, 2, 4, 2, 3, 0, 1, 2, 3, 36, 36]}, null, null, 33, false, [], false, 0, [], null, 0, 1744321375.5324912, 0, {}]
[{"0": [2, 0, 0, 1, 4, 1, 1, 0, 1, 0, 1, 18, 2, 1, 1, 0]}, null, null, 34, false, [], false, 0, [], null, 0, 1744321375.7464767, 0, {}]
[{"0": [4, 0, 1, 1, 2, 2, 4, 2, 0, 1, 2, 1, 6, 1, 3, 2]}, null, null, 34, false, [], false, 0, [], null, 0, 1744321375.953353, 0, {}]
[{"0": [1, 1, 3, 3, 2, 0, 2, 4, 1, 3, 1, 1, 1, 2, 0, 30]}, null, null, 35, false, [], false, 0, [], null, 0, 1744321376.1386967, 0, {}]
[{"0": [0, 0, 2, 26, 25, 32, 4, 0, 1, 0, 1, 2, 1, 4, 1, 1]}, null, null, 36, false, [], false, 0, [], null, 0, 1744321376.336151, 0, {}]
[{"0": [2, 4, 1, 2, 1, 2, 3, 25, 20, 0, 2, 3, 2, 2, 1, 3]}, null, null, 36, false, [], false, 0, [], null, 0, 1744321376.5389068, 0, {}]
[{"0": [3, 3, 3, 0, 3, 2, 1, 1, 2, 1, 1, 4, 2, 2, 2, 24]}, null, null, 37, false, [], false, 0, [], null, 0, 1744321376.7333946, 0, {}]
[{"0": [1, 2, 2, 2, 2, 2, 2, 3, 2, 3, 2, 5, 2, 2, 0, 5]}, null, null, 37, false, [], false, 0, [], null, 0, 1744321376.9359498, 0, {}]
[{"0": [21, 28, 34, 28, 26, 1, 1, 1, 2, 2, 1, 1, 4, 0, 4, 3]}, null, null, 38, false, [], false, 0, [], null, 0, 1744321377.1342487, 0, {}]
[{"0": [2, 0, 0, 0, 4, 3, 4, 26, 25, 30, 36, 30, 18, 28, 26, 3]}, null, null, 39, false, [], false, 0, [], null, 0, 1744321377.3354564, 0, {}]
[{"0": [1, 0, 0, 1, 2, 2, 2, 0, 1, 4, 2, 2, 6, 32, 16, 0]}, null, null, 39, false, [], false, 0, [], null, 0, 1744321377.541724, 0, {}]
[{"0": [2, 4, 1, 4, 2, 1, 1, 1, 1, 3, 2, 5, 1, 3, 1, 0]}, null, null, 40, false, [], false, 0, [], null, 0, 1744321377.7405846, 0, {}]
[{"0": [0, 2, 2, 34, 34, 35, 34, 40, 1, 3, 2, 1, 3, 1, 3, 3]}, null, null, 40, false, [], false, 0, [], null, 0, 1744321377.9501796, 0, {}]
[{"0": [1, 0, 1, 2, 25, 30, 30, 21, 34, 19, 2, 3, 2, 3, 1, 2]}, null, null, 41, false, [], false, 0, [], null, 0, 1744321378.139812, 0, {}]
[{"0": [4, 1, 1, 3, 0, 2, 2, 28, 39, 30, 25, 2, 0, 3, 1, 3]}, null, null, 42, false, [], false, 0, [], null, 0, 1744321378.3399262, 0, {}]
[{"0": [3, 1, 4, 1, 3, 1, 4, 30, 26, 36, 26, 34, 37, 36, 38, 32]}, null, null, 42, false, [], false, 0, [], null, 0, 1744321378.5394254, 0, {}]
[{"0": [3, 3, 0, 2, 2, 2, 0, 0, 1, 1, 3, 1, 0, 0, 2, 25]}, null, null, 43, false, [], false, 0, [], null, 0, 1744321378.7449262, 0, {}]
[{"0": [2, 1, 28, 1, 0, 1, 1, 3, 1, 8, 1, 1, 2, 3, 2, 0]}, null, null, 43, false, [], false, 0, [], null, 0, 1744321378.9320107, 0, {}]
[{"0": [27, 27, 23, 27, 34, 0, 0, 4, 4, 3, 1, 5, 1, 2, 2, 1]}, null, null, 44, false, [], false, 0, [], null, 0, 1744321379.1358342, 0, {}]
[{"0": [4, 2, 3, 2, 1, 0, 3, 2, 0, 1, 0, 1, 3, 1, 23, 18]}, null, null, 45, false, [], false, 0, [], null, 0, 1744321379.338954, 0, {}]
[{"0": [3, 0, 1, 2, 2, 2, 36, 39, 26, 29, 39, 35, 29, 0, 1, 3]}, null, null, 45, false, [], false, 0, [], null, 0, 1744321379.531612, 0, {}]
[{"0": [2, 4, 2, 3, 2, 2, 3, 1, 2, 1, 25, 37, 25, 35, 22, 29]}, null, null, 46, false, [], false, 0, [], null, 0, 1744321379.7435024, 0, {}]
[{"0": [3, 4, 5, 2, 3, 7, 0, 3, 2, 30, 29, 26, 40, 29, 36, 20]}, null, null, 46, false, [], false, 0, [], null, 0, 1744321379.944936, 0, {}]
[{"0": [2, 0, 3, 2, 1, 1, 1, 2, 31, 32, 31, 30, 35, 35, 1, 2]}, null, null, 47, false, [], false, 0, [], null, 0, 1744321380.1378865, 0, {}]
[{"0": [3, 1, 0, 0, 0, 0, 29, 33, 32, 4, 3, 3, 3, 1, 2, 0]}, null, null, 48, false, [], false, 0, [], null, 0, 1744321380.349135, 0, {}]
[{"0": [3, 3, 1, 0, 3, 1, 2, 2, 2, 2, 5, 3, 0, 1, 24, 27]}, null, null, 48, false, [], false, 0, [], null, 0, 1744321380.5376477, 0, {}]
[{"0": [1, 2, 2, 2, 0, 0, 3, 2, 2, 2, 29, 27, 2, 2, 1, 3]}, null, null, 49, false, [], false, 0, [], null, 0, 1744321380.7522583, 0, {}]
[{"0": [0, 1, 4, 4, 5, 2, 0, 0, 3, 2, 3, 2, 2, 2, 2, 2]}, null, null, 49, false, [], false, 0, [], null, 0, 1744321380.9493406, 0, {}]
[{"0": [1, 2, 3, 2, 1, 3, 2, 3, 2, 1, 0, 4, 1, 3, 2, 0]}, null, null, 50, false, [], false, 0, [], null, 0, 1744321381.1337087, 0, {}]
[{"0": [1, 2, 1, 2, 6, 6, 1, 0, 10, 0, 2, 37, 38, 38, 22, 23]}, null, null, 51, false, [], false, 0, [], null, 0, 1744321381.3398628, 0, {}]
[{"0": [1, 1, 2, 1, 3, 2, 27, 25, 3, 2, 3, 2, 1, 2, 1, 0]}, null, null, 51, false, [], false, 0, [], null, 0, 1744321381.5507948, 0, {}]
[{"0": [1, 2, 2, 1, 1, 2, 3, 39, 28, 30, 26, 23, 1, 0, 1, 2]}, null, null, 52, false, [], false, 0, [], null, 0, 1744321381.7547097, 0, {}]
[{"0": [36, 31, 1, 0, 2, 0, 0, 4, 0, 1, 1, 1, 2, 1, 1, 3]}, null, null, 52, false, [], false, 0, [], null, 0, 1744321381.9540772, 0, {}]
[{"0": [1, 7, 0, 3, 1, 1, 1, 1, 4, 1, 1, 2, 3, 38, 28, 24]}, null, null, 53, false, [], false, 0, [], null, 0, 1744321382.1489153, 0, {}]
[{"0": [1, 1, 1, 0, 2, 0, 2, 1, 0, 0, 0, 34, 25, 1, 0, 1]}, null, null, 54, false, [], false, 0, [], null, 0, 1744321382.3472729, 0, {}]
[{"0": [3, 0, 1, 4, 2, 1, 36, 34, 34, 0, 2, 2, 1, 0, 4, 3]}, null, null, 54, false, [], false, 0, [], null, 0, 1744321382.5519822, 0, {}]
[{"0": [3, 2, 1, 1, 0, 2, 1, 1, 1, 28, 25, 34, 30, 1, 4, 3]}, null, null, 55, false, [], false, 0, [], null, 0, 1744321382.7496412, 0, {}]
[{"0": [3, 1, 1, 1, 33, 29, 33, 3, 1, 0, 0, 1, 1, 2, 0, 4]}, null, null, 55, false, [], false, 0, [], null, 0, 1744321382.9542356, 0, {}]
[{"0": [1, 1, 2, 1, 2, 0, 3, 0, 1, 1, 3, 0, 2, 0, 2, 2]}, null, null, 56, false, [], false, 0, [], null, 0, 1744321383.1334243, 0, {}]
[{"0": [1, 1, 1, 1, 1, 3, 2, 2, 1, 2, 3, 1, 0, 6, 1, 1]}, null, null, 57, false, [], false, 0, [], null, 0, 1744321383.335066, 0, {}]
[{"0": [0, 1, 26, 26, 33, 27, 32, 30, 1, 0, 1, 3, 2, 2, 1, 0]}, null, null, 57, false, [], false, 0, [], null, 0, 1744321383.5476618, 0, {}]
[{"0": [0, 0, 3, 1, 3, 2, 1, 1, 1, 1, 1, 37, 30, 33, 30, 35]}, null, null, 58, false, [], false, 0, [], null, 0, 1744321383.745673, 0, {}]
[{"0": [1, 1, 1, 1, 1, 0, 0, 2, 0, 2, 1, 2, 3, 2, 2, 1]}, null, null, 58, false, [], false, 0, [], null, 0, 1744321383.9557621, 0, {}]
[{"0": [0, 3, 2, 2, 3, 0, 0, 2, 1, 0, 0, 3, 1, 1, 2, 3]}, null, null, 59, false, [], false, 0, [], null, 0, 1744321384.1344798, 0, {}]
[{"0": [0, 2, 2, 1, 29, 34, 28, 30, 36, 26, 37, 25, 32, 31, 31, 4]}, null, null, 60, false, [], false, 0, [], null, 0, 1744321384.3501837, 0, {}]
[{"0": [1, 0, 0, 2, 32, 43, 30, 2, 1, 5, 0, 1, 4, 3, 1, 0]}, null, null, 60, false, [], false, 0, [], null, 0, 1744321384.5542839, 0, {}]
[{"0": [2, 6, 3, 6, 0, 3, 1, 0, 23, 40, 29, 3, 4, 2, 1, 4]}, null, null, 61, false, [], false, 0, [], null, 0, 1744321384.7540085, 0, {}]
[{"0": [3, 0, 4, 2, 32, 38, 33, 28, 26, 27, 21, 2, 1, 3, 0, 1]}, null, null, 61, false, [], false, 0, [], null, 0, 1744321384.9430103, 0, {}]
[{"0": [0, 5, 3, 1, 1, 5, 1, 1, 1, 27, 26, 1, 2, 3, 2, 2]}, null, null, 62, false, [], false, 0, [], null, 0, 1744321385.1372173, 0, {}]
[{"0": [3, 1, 2, 2, 1, 3, 0, 0, 4, 2, 38, 1, 6, 3, 6, 0]}, null, null, 63, false, [], false, 0, [], null, 0, 1744321385.3485668, 0, {}]
[{"0": [4, 4, 1, 3, 1, 1, 2, 1, 1, 4, 4, 32, 34, 30, 4, 2]}, null, null, 63, false, [], false, 0, [], null, 0, 1744321385.53999, 0, {}]
[{"0": [0, 1, 3, 24, 22, 30, 36, 31, 2, 1, 1, 0, 0, 2, 1, 4]}, null, null, 64, false, [], false, 0, [], null, 0, 1744321385.7540703, 0, {}]
[{"0": [2, 1, 1, 3, 0, 1, 1, 2, 2, 1, 3, 1, 0, 0, 1, 1]}, null, null, 64, false, [], false, 0, [], null, 0, 1744321385.9536018, 0, {}]
[{"0": [1, 0, 0, 2, 2, 0, 1, 2, 1, 2, 2, 1, 1, 26, 3, 2]}, null, null, 65, false, [], false, 0, [], null, 0, 1744321386.1535897, 0, {}]
[{"0": [8, 1, 2, 1, 3, 2, 2, 1, 2, 6, 2, 1, 2, 0, 2, 30]}, null, null, 66, false, [], false, 0, [], null, 0, 1744321386.339902, 0, {}]
[{"0": [30, 30, 24, 28, 30, 34, 24, 29, 40, 35, 40, 21, 35, 26, 1, 3]}, null, null, 66, false, [], false, 0, [], null, 0, 1744321386.5357757, 0, {}]
[{"0": [2, 3, 0, 2, 2, 1, 3, 4, 26, 36, 37, 28, 8, 2, 7, 2]}, null, null, 67, false, [], false, 0, [], null, 0, 1744321386.7560053, 0, {}]
[{"0": [33, 39, 2, 3, 4, 0, 4, 4, 4, 4, 2, 0, 1, 0, 1, 0]}, null, null, 67, false, [], false, 0, [], null, 0, 1744321386.9541647, 0, {}]
[{"0": [1, 4, 2, 3, 5, 7, 2, 2, 21, 31, 2, 1, 4, 1, 2, 4]}, null, null, 68, false, [], false, 0, [], null, 0, 1744321387.1543787, 0, {}]
[{"0": [2, 1, 1, 0, 2, 3, 1, 0, 36, 36, 25, 26, 32, 35, 37, 39]}, null, null, 69, false, [], false, 0, [], null, 0, 1744321387.3412077, 0, {}]
[{"0": [1, 1, 2, 3, 2, 1, 2, 30, 1, 2, 0, 4, 5, 1, 1, 3]}, null, null, 69, false, [], false, 0, [], null, 0, 1744321387.5361485, 0, {}]
[{"0": [1, 1, 5, 1, 4, 2, 1, 0, 2, 2, 1, 1, 1, 0, 0, 6]}, null, null, 70, false, [], false, 0, [], null, 0, 1744321387.7385883, 0, {}]
[{"0": [4, 1, 4, 2, 0, 2, 1, 3, 1, 3, 27, 38, 3, 3, 2, 0]}, null, null, 70, false, [], false, 0, [], null, 0, 1744321387.9447193, 0, {}]
[{"0": [3, 3, 4, 1, 0, 4, 2, 37, 3, 1, 3, 2, 2, 0, 2, 1]}, null, null, 71, false, [], false, 0, [], null, 0, 1744321388.145691, 0, {}]
[{"0": [2, 4, 1, 1, 2, 2, 2, 23, 36, 46, 23, 22, 33, 2, 1, 1]}, null, null, 72, false, [], false, 0, [], null, 0, 1744321388.3384585, 0, {}]
[{"0": [2, 0, 2, 1, 1, 3, 1, 1, 3, 2, 3, 1, 1, 2, 5, 34]}, null, null, 72, false, [], false, 0, [], null, 0, 1744321388.5414598, 0, {}]
[{"0": [30, 25, 0, 2, 1, 1, 2, 1, 1, 1, 2, 2, 2, 1, 1, 1]}, null, null, 73, false, [], false, 0, [], null, 0, 1744321388.7390695, 0, {}]
[{"0": [23, 35, 35, 37, 33, 30, 31, 23, 39, 34, 27, 2, 2, 4, 1, 4]}, null, null, 73, false, [], false, 0, [], null, 0, 1744321388.9350963, 0, {}]
[{"0": [0, 1, 1, 0, 1, 3, 2, 3, 3, 0, 0, 0, 1, 2, 29, 26]}, null, null, 74, false, [], false, 0, [], null, 0, 1744321389.1501791, 0, {}]
[{"0": [0, 2, 2, 1, 2, 1, 4, 4, 24, 2, 0, 1, 3, 3, 1, 3]}, null, null, 75, false, [], false, 0, [], null, 0, 1744321389.3517263, 0, {}]
[{"0": [3, 0, 2, 1, 4, 1, 2, 2, 0, 3, 0, 33, 35, 31, 22, 39]}, null, null, 75, false, [], false, 0, [], null, 0, 1744321389.5523384, 0, {}]
[{"0": [4, 0, 38, 19, 0, 1, 1, 2, 0, 2, 0, 1, 1, 2, 2, 0]}, null, null, 76, false, [], false, 0, [], null, 0, 1744321389.749782, 0, {}]
[{"0": [1, 3, 25, 33, 41, 4, 1, 2, 1, 4, 2, 2, 0, 1, 1, 1]}, null, null, 77, false, [], false, 0, [], null, 0, 1744321389.9445632, 0, {}]
[{"0": [1, 2, 31, 30, 25, 2, 3, 1, 2, 1, 1, 1, 1, 1, 2, 1]}, null, null, 77, false, [], false, 0, [], null, 0, 1744321390.1578503, 0, {}]
[{"0": [0, 2, 2, 1, 0, 1, 0, 0, 1, 2, 0, 27, 29, 2, 0, 1]}, null, null, 78, false, [], false, 0, [], null, 0, 1744321390.3394933, 0, {}]
[{"0": [3, 3, 4, 2, 1, 2, 0, 1, 0, 4, 27, 26, 28, 23, 29, 36]}, null, null, 78, false, [], false, 0, [], null, 0, 1744321390.5548239, 0, {}]
[{"0": [31, 28, 27, 31, 1, 2, 4, 4, 2, 2, 2, 3, 1, 1, 1, 0]}, null, null, 79, false, [], false, 0, [], null, 0, 1744321390.7378643, 0, {}]
[{"0": [1, 4, 2, 1, 31, 15, 30, 24, 43, 1, 3, 0, 2, 0, 2, 4]}, null, null, 80, false, [], false, 0, [], null, 0, 1744321390.9582613, 0, {}]
[{"0": [1, 3, 0, 1, 1, 1, 1, 3, 0, 1, 1, 4, 2, 2, 1, 1]}, null, null, 80, false, [], false, 0, [], null, 0, 1744321391.1571913, 0, {}]
[{"0": [3, 2, 3, 2, 0, 2, 1, 1, 3, 3, 0, 1, 2, 25, 31, 25]}, null, null, 81, false, [], false, 0, [], null, 0, 1744321391.3565185, 0, {}]
[{"0": [1, 2, 0, 5, 1, 1, 0, 3, 0, 1, 1, 2, 2, 5, 3, 34]}, null, null, 81, false, [], false, 0, [], null, 0, 1744321391.5409355, 0, {}]
[{"0": [4, 3, 4, 5, 1, 0, 0, 23, 35, 23, 30, 28, 37, 34, 28, 29]}, null, null, 82, false, [], false, 0, [], null, 0, 1744321391.7572732, 0, {}]
[{"0": [1, 1, 34, 35, 30, 0, 4, 1, 2, 1, 1, 2, 1, 0, 1, 1]}, null, null, 83, false, [], false, 0, [], null, 0, 1744321391.9577005, 0, {}]
[{"0": [0, 2, 3, 30, 2, 1, 2, 1, 3, 3, 3, 3, 3, 0, 6, 1]}, null, null, 83, false, [], false, 0, [], null, 0, 1744321392.1575572, 0, {}]
[{"0": [3, 0, 1, 2, 2, 2, 1, 2, 3, 1, 3, 2, 27, 29, 33, 34]}, null, null, 84, false, [], false, 0, [], null, 0, 1744321392.3586175, 0, {}]
[{"0": [1, 2, 2, 0, 2, 0, 29, 2, 3, 6, 1, 2, 1, 1, 1, 3]}, null, null, 84, false, [], false, 0, [], null, 0, 1744321392.5572422, 0, {}]
[{"0": [2, 0, 2, 1, 0, 4, 2, 1, 2, 3, 1, 2, 2, 24, 25, 34]}, null, null, 85, false, [], false, 0, [], null, 0, 1744321392.7556462, 0, {}]
[{"0": [1, 4, 1, 26, 3, 3, 2, 3, 1, 3, 2, 3, 3, 0, 2, 6]}, null, null, 86, false, [], false, 0, [], null, 0, 1744321392.9508603, 0, {}]
[{"0": [0, 2, 1, 39, 24, 31, 1, 0, 1, 1, 1, 1, 3, 2, 0, 1]}, null, null, 86, false, [], false, 0, [], null, 0, 1744321393.1480463, 0, {}]
[{"0": [1, 0, 24, 32, 36, 30, 24, 40, 3, 2, 1, 5, 1, 3, 2, 4]}, null, null, 87, false, [], false, 0, [], null, 0, 1744321393.3408484, 0, {}]
[{"0": [1, 0, 2, 2, 2, 3, 1, 1, 3, 1, 32, 36, 30, 1, 2, 1]}, null, null, 87, false, [], false, 0, [], null, 0, 1744321393.5552292, 0, {}]
[{"0": [1, 2, 1, 1, 5, 1, 5, 2, 0, 3, 1, 3, 0, 3, 3, 2]}, null, null, 88, false, [], false, 0, [], null, 0, 1744321393.7561994, 0, {}]
[{"0": [31, 23, 38, 25, 38, 35, 32, 2, 2, 2, 2, 3, 4, 6, 2, 1]}, null, null, 89, false, [], false, 0, [], null, 0, 1744321393.9613574, 0, {}]
[{"0": [2, 1, 1, 3, 4, 15, 34, 0, 1, 4, 3, 2, 3, 1, 1, 0]}, null, null, 89, false, [], false, 0, [], null, 0, 1744321394.1393154, 0, {}]
[{"0": [2, 1, 0, 2, 1, 36, 1, 1, 1, 2, 5, 1, 3, 0, 1, 3]}, null, null, 90, false, [], false, 0, [], null, 0, 1744321394.356042, 0, {}]
[{"0": [1, 0, 2, 0, 2, 3, 2, 4, 3, 2, 0, 2, 28, 34, 1, 1]}, null, null, 90, false, [], false, 0, [], null, 0, 1744321394.5584474, 0, {}]
[{"0": [0, 2, 1, 0, 2, 1, 3, 2, 20, 3, 0, 1, 3, 4, 2, 2]}, null, null, 91, false, [], false, 0, [], null, 0, 1744321394.7578142, 0, {}]
[{"0": [1, 1, 38, 25, 25, 2, 0, 2, 4, 2, 3, 3, 1, 5, 2, 3]}, null, null, 92, false, [], false, 0, [], null, 0, 1744321394.9372344, 0, {}]
[{"0": [2, 2, 1, 3, 1, 1, 1, 2, 2, 1, 2, 2, 0, 2, 1, 25]}, null, null, 92, false, [], false, 0, [], null, 0, 1744321395.1456914, 0, {}]
[{"0": [25, 19, 26, 3, 0, 4, 3, 0, 1, 2, 2, 4, 1, 4, 1, 4]}, null, null, 93, false, [], false, 0, [], null, 0, 1744321395.3381817, 0, {}]
[{"0": [0, 1, 2, 1, 1, 1, 1, 1, 1, 2, 27, 1, 2, 3, 1, 0]}, null, null, 93, false, [], false, 0, [], null, 0, 1744321395.561407, 0, {}]
[{"0": [6, 3, 1, 0, 2, 2, 26, 38, 47, 0, 3, 1, 1, 0, 0, 3]}, null, null, 94, false, [], false, 0, [], null, 0, 1744321395.7540581, 0, {}]
[{"0": [2, 3, 1, 2, 3, 4, 1, 4, 3, 2, 24, 6, 2, 5, 0, 1]}, null, null, 95, false, [], false, 0, [], null, 0, 1744321395.9523964, 0, {}]
[{"0": [3, 2, 3, 1, 0, 1, 2, 0, 1, 1, 37, 32, 33, 36, 2, 2]}, null, null, 95, false, [], false, 0, [], null, 0, 1744321396.1416373, 0, {}]
[{"0": [2, 1, 2, 2, 2, 0, 0, 2, 2, 1, 4, 1, 0, 1, 1, 0]}, null, null, 96, false, [], false, 0, [], null, 0, 1744321396.34102, 0, {}]
[{"0": [1, 0, 2, 0, 1, 3, 46, 3, 0, 5, 4, 2, 0, 3, 2, 2]}, null, null, 96, false, [], false, 0, [], null, 0, 1744321396.5550642, 0, {}]
[{"0": [5, 5, 4, 2, 2, 3, 4, 3, 29, 0, 2, 2, 2, 1, 1, 2]}, null, null, 97, false, [], false, 0, [], null, 0, 1744321396.7561216, 0, {}]
[{"0": [1, 1, 33, 30, 24, 37, 40, 27, 36, 33, 27, 30, 29, 24, 3, 2]}, null, null, 98, false, [], false, 0, [], null, 0, 1744321396.9535775, 0, {}]
[{"0": [3, 0, 6, 1, 0, 4, 1, 1, 1, 2, 0, 0, 0, 26, 23, 29]}, null, null, 98, false, [], false, 0, [], null, 0, 1744321397.14016, 0, {}]
[{"0": [41, 35, 25, 30, 35, 30, 34, 30, 38, 33, 28, 33, 32, 33, 4, 5]}, null, null, 99, false, [], false, 0, [], null, 0, 1744321397.3470294, 0, {}]
[{"0": [0, 2, 2, 2, 4, 3, 2, 2, 1, 0, 0, 5, 2, 29, 29, 4]}, null, null, 99, false, [], false, 0, [], null, 0, 1744321397.543555, 0, {}]
[{"0": [4, 4, 1, 3, 1, 2, 1, 0, 3, 1, 4, 24, 25, 2, 0, 0]}, null, null, 100, false, [], false, 0, [], null, 0, 1744321397.7382712, 0, {}]
[{"0": [2, 1, 2, 2, 28, 1, 0, 0, 1, 1, 1, 4, 3, 3, 2, 2]}, null, null, 101, false, [], false, 0, [], null, 0, 1744321397.9527118, 0, {}]
[{"0": [1, 2, 3, 0, 3, 1, 1, 2, 1, 3, 1, 0, 3, 3, 2, 2]}, null, null, 101, false, [], false, 0, [], null, 0, 1744321398.1422408, 0, {}]
[{"0": [2, 1, 33, 39, 1, 0, 2, 0, 4, 1, 3, 1, 3, 4, 1, 1]}, null, null, 102, false, [], false, 0, [], null, 0, 1744321398.3412092, 0, {}]
[{"0": [4, 1, 1, 0, 1, 3, 33, 23, 22, 29, 2, 1, 0, 2, 1, 0]}, null, null, 102, false, [], false, 0, [], null, 0, 1744321398.5542548, 0, {}]
[{"0": [2, 1, 1, 3, 39, 32, 33, 25, 27, 1, 1, 3, 4, 1, 1, 1]}, null, null, 103, false, [], false, 0, [], null, 0, 1744321398.75263, 0, {}]
[{"0": [0, 2, 6, 3, 0, 4, 1, 1, 1, 32, 30, 27, 29, 26, 36, 32]}, null, null, 104, false, [], false, 0, [], null, 0, 1744321398.9539871, 0, {}]
[{"0": [0, 2, 2, 2, 1, 2, 1, 30, 35, 26, 29, 27, 28, 26, 3, 3]}, null, null, 104, false, [], false, 0, [], null, 0, 1744321399.1543958, 0, {}]
[{"0": [1, 0, 1, 1, 2, 1, 1, 33, 0, 4, 3, 1, 0, 6, 4, 4]}, null, null, 105, false, [], false, 0, [], null, 0, 1744321399.3439155, 0, {}]
[{"0": [35, 25, 29, 2, 2, 0, 1, 1, 3, 1, 2, 4, 0, 2, 1, 0]}, null, null, 105, false, [], false, 0, [], null, 0, 1744321399.5570078, 0, {}]
[{"0": [2, 2, 6, 1, 2, 2, 1, 0, 0, 2, 2, 4, 1, 2, 1, 2]}, null, null, 106, false, [], false, 0, [], null, 0, 1744321399.754393, 0, {}]
[{"0": [25, 35, 40, 33, 39, 2, 1, 0, 4, 3, 1, 2, 2, 1, 3, 3]}, null, null, 107, false, [], false, 0, [], null, 0, 1744321399.9640803, 0, {}]
[{"0": [7, 0, 2, 3, 2, 3, 1, 0, 0, 2, 1, 32, 24, 28, 30, 44]}, null, null, 107, false, [], false, 0, [], null, 0, 1744321400.138319, 0, {}]
[{"0": [2, 2, 0, 39, 38, 34, 33, 32, 32, 29, 31, 31, 21, 31, 0, 1]}, null, null, 108, false, [], false, 0, [], null, 0, 1744321400.3465333, 0, {}]
[{"0": [2, 1, 1, 3, 4, 1, 6, 4, 4, 4, 1, 1, 2, 25, 31, 5]}, null, null, 108, false, [], false, 0, [], null, 0, 1744321400.5375516, 0, {}]
[{"0": [1, 2, 2, 3, 2, 2, 0, 2, 3, 0, 28, 1, 1, 3, 2, 0]}, null, null, 109, false, [], false, 0, [], null, 0, 1744321400.750145, 0, {}]
[{"0": [0, 0, 0, 2, 2, 2, 1, 2, 1, 1, 2, 28, 34, 32, 30, 39]}, null, null, 110, false, [], false, 0, [], null, 0, 1744321400.9436898, 0, {}]
[{"0": [22, 2, 0, 2, 1, 4, 2, 3, 4, 0, 1, 1, 1, 2, 3, 0]}, null, null, 110, false, [], false, 0, [], null, 0, 1744321401.1588457, 0, {}]
[{"0": [3, 0, 2, 0, 0, 2, 2, 28, 30, 28, 31, 30, 35, 34, 28, 35]}, null, null, 111, false, [], false, 0, [], null, 0, 1744321401.3563845, 0, {}]
[{"0": [2, 5, 0, 1, 2, 2, 31, 42, 33, 27, 35, 26, 2, 1, 2, 0]}, null, null, 111, false, [], false, 0, [], null, 0, 1744321401.55858, 0, {}]
[{"0": [2, 1, 3, 1, 2, 2, 1, 2, 3, 2, 35, 29, 32, 21, 2, 3]}, null, null, 112, false, [], false, 0, [], null, 0, 1744321401.75515, 0, {}]
[{"0": [2, 1, 3, 1, 3, 1, 1, 34, 2, 2, 1, 0, 1, 1, 1, 3]}, null, null, 113, false, [], false, 0, [], null, 0, 1744321401.9554007, 0, {}]
[{"0": [4, 3, 5, 3, 0, 1, 0, 2, 2, 29, 39, 29, 32, 29, 0, 5]}, null, null, 113, false, [], false, 0, [], null, 0, 1744321402.1449578, 0, {}]
[{"0": [31, 24, 0, 1, 1, 5, 2, 1, 2, 0, 1, 3, 2, 2, 2, 0]}, null, null, 114, false, [], false, 0, [], null, 0, 1744321402.3565145, 0, {}]
[{"0": [2, 0, 2, 2, 2, 1, 4, 1, 1, 3, 31, 2, 2, 4, 2, 2]}, null, null, 114, false, [], false, 0, [], null, 0, 1744321402.5412564, 0, {}]
[{"0": [4, 5, 0, 1, 0, 0, 0, 3, 2, 1, 1, 1, 3, 3, 4, 2]}, null, null, 115, false, [], false, 0, [], null, 0, 1744321402.7596402, 0, {}]
[{"0": [2, 0, 3, 3, 4, 4, 3, 41, 3, 3, 2, 4, 1, 1, 7, 1]}, null, null, 116, false, [], false, 0, [], null, 0, 1744321402.963185, 0, {}]
[{"0": [1, 3, 1, 1, 1, 3, 1, 1, 2, 2, 4, 1, 1, 2, 1, 1]}, null, null, 116, false, [], false, 0, [], null, 0, 1744321403.1414878, 0, {}]
[{"0": [2, 2, 1, 1, 1, 1, 25, 35, 45, 26, 35, 30, 3, 0, 1, 3]}, null, null, 117, false, [], false, 0, [], null, 0, 1744321403.3432024, 0, {}]
[{"0": [2, 4, 2, 2, 1, 42, 27, 21, 32, 40, 33, 29, 0, 3, 4, 2]}, null, null, 117, false, [], false, 0, [], null, 0, 1744321403.5615172, 0, {}]
[{"0": [35, 23, 37, 0, 0, 3, 2, 1, 2, 5, 4, 2, 2, 1, 0, 3]}, null, null, 118, false, [], false, 0, [], null, 0, 1744321403.7400696, 0, {}]
[{"0": [1, 2, 4, 3, 2, 2, 2, 0, 27, 32, 24, 31, 23, 25, 36, 1]}, null, null, 119, false, [], false, 0, [], null, 0, 1744321403.9443357, 0, {}]
[{"0": [1, 1, 0, 5, 4, 1, 1, 2, 1, 1, 4, 3, 3, 1, 0, 1]}, null, null, 119, false, [], false, 0, [], null, 0, 1744321404.1597338, 0, {}]
[{"0": [2, 2, 1, 4, 1, 0, 2, 1, 3, 33, 1, 3, 3, 0, 1, 0]}, null, null, 120, false, [], false, 0, [], null, 0, 1744321404.3621333, 0, {}]
[{"0": [3, 1, 1, 5, 2, 2, 24, 32, 4, 3, 4, 3, 1, 3, 1, 2]}, null, null, 120, false, [], false, 0, [], null, 0, 1744321404.543066, 0, {}]
[{"0": [4, 2, 5, 3, 3, 1, 27, 25, 38, 29, 27, 30, 4, 3, 0, 2]}, null, null, 121, false, [], false, 0, [], null, 0, 1744321404.7568266, 0, {}]
[{"0": [0, 5, 2, 2, 2, 27, 3, 1, 1, 2, 4, 1, 0, 2, 1, 3]}, null, null, 122, false, [], false, 0, [], null, 0, 1744321404.96094, 0, {}]
[{"0": [3, 3, 2, 1, 1, 0, 1, 1, 2, 2, 2, 0, 1, 1, 2, 1]}, null, null, 122, false, [], false, 0, [], null, 0, 1744321405.1604016, 0, {}]
[{"0": [2, 2, 2, 0, 1, 0, 1, 3, 2, 2, 1, 1, 2, 25, 30, 31]}, null, null, 123, false, [], false, 0, [], null, 0, 1744321405.3575966, 0, {}]
[{"0": [2, 2, 1, 0, 4, 2, 3, 2, 2, 3, 39, 0, 1, 2, 2, 0]}, null, null, 123, false, [], false, 0, [], null, 0, 1744321405.5422297, 0, {}]
[{"0": [1, 0, 3, 1, 3, 0, 0, 31, 21, 33, 45, 30, 34, 37, 31, 26]}, null, null, 124, false, [], false, 0, [], null, 0, 1744321405.7628732, 0, {}]
[{"0": [4, 1, 1, 4, 1, 3, 2, 2, 3, 1, 1, 2, 4, 3, 1, 30]}, null, null, 125, false, [], false, 0, [], null, 0, 1744321405.94218, 0, {}]
[{"0": [2, 3, 2, 3, 0, 30, 22, 27, 31, 41, 30, 4, 0, 1, 2, 3]}, null, null, 125, false, [], false, 0, [], null, 0, 1744321406.1460493, 0, {}]
[{"0": [2, 1, 1, 2, 2, 1, 2, 24, 34, 20, 32, 24, 26, 39, 0, 1]}, null, null, 126, false, [], false, 0, [], null, 0, 1744321406.3613572, 0, {}]
[{"0": [2, 2, 2, 2, 20, 18, 37, 25, 27, 2, 2, 3, 3, 1, 2, 3]}, null, null, 127, false, [], false, 0, [], null, 0, 1744321406.542564, 0, {}]
[{"0": [0, 2, 2, 1, 1, 2, 2, 2, 0, 21, 33, 28, 37, 31, 30, 34]}, null, null, 127, false, [], false, 0, [], null, 0, 1744321406.7416706, 0, {}]
[{"0": [0, 3, 1, 3, 3, 2, 29, 41, 26, 36, 42, 31, 33, 24, 29, 20]}, null, null, 128, false, [], false, 0, [], null, 0, 1744321406.9470167, 0, {}]
[{"0": [1, 2, 42, 1, 3, 4, 2, 3, 0, 3, 4, 4, 1, 2, 4, 2]}, null, null, 128, false, [], false, 0, [], null, 0, 1744321407.1577842, 0, {}]
[{"0": [5, 2, 4, 1, 3, 2, 0, 2, 34, 26, 33, 32, 3, 5, 1, 0]}, null, null, 129, false, [], false, 0, [], null, 0, 1744321407.3477235, 0, {}]
[{"0": [0, 3, 3, 1, 1, 6, 3, 6, 36, 31, 30, 34, 23, 30, 44, 28]}, null, null, 130, false, [], false, 0, [], null, 0, 1744321407.5436015, 0, {}]
[{"0": [30, 29, 18, 34, 29, 27, 3, 2, 0, 2, 0, 1, 3, 1, 3, 2]}, null, null, 130, false, [], false, 0, [], null, 0, 1744321407.7677486, 0, {}]
[{"0": [1, 1, 2, 1, 1, 0, 3, 2, 1, 3, 0, 2, 3, 1, 3, 37]}, null, null, 131, false, [], false, 0, [], null, 0, 1744321407.9444299, 0, {}]
[{"0": [3, 1, 3, 3, 0, 0, 2, 3, 32, 22, 27, 0, 1, 0, 2, 1]}, null, null, 131, false, [], false, 0, [], null, 0, 1744321408.1412978, 0, {}]
[{"0": [2, 1, 4, 2, 1, 4, 41, 4, 1, 1, 4, 8, 2, 1, 4, 1]}, null, null, 132, false, [], false, 0, [], null, 0, 1744321408.3447068, 0, {}]
[{"0": [2, 1, 1, 1, 3, 1, 3, 1, 3, 3, 5, 2, 33, 33, 34, 0]}, null, null, 133, false, [], false, 0, [], null, 0, 1744321408.558082, 0, {}]
[{"0": [6, 1, 36, 38, 2, 0, 2, 0, 4, 0, 3, 1, 0, 2, 2, 2]}, null, null, 133, false, [], false, 0, [], null, 0, 1744321408.7543132, 0, {}]
[{"0": [2, 3, 1, 1, 34, 33, 31, 1, 2, 1, 1, 2, 1, 2, 4, 0]}, null, null, 134, false, [], false, 0, [], null, 0, 1744321408.9418733, 0, {}]
[{"0": [0, 3, 1, 0, 3, 1, 1, 2, 1, 1, 1, 19, 1, 2, 0, 3]}, null, null, 134, false, [], false, 0, [], null, 0, 1744321409.150615, 0, {}]
[{"0": [1, 0, 3, 2, 0, 2, 3, 1, 1, 32, 3, 2, 3, 1, 2, 3]}, null, null, 135, false, [], false, 0, [], null, 0, 1744321409.3449435, 0, {}]
[{"0": [0, 1, 4, 27, 22, 2, 0, 3, 4, 2, 0, 3, 2, 5, 1, 1]}, null, null, 136, false, [], false, 0, [], null, 0, 1744321409.5626945, 0, {}]
[{"0": [3, 3, 30, 29, 28, 3, 2, 2, 2, 2, 4, 0, 3, 2, 2, 0]}, null, null, 136, false, [], false, 0, [], null, 0, 1744321409.7376306, 0, {}]
[{"0": [2, 3, 4, 1, 2, 1, 2, 1, 0, 38, 28, 32, 30, 39, 36, 33]}, null, null, 137, false, [], false, 0, [], null, 0, 1744321409.9475832, 0, {}]
[{"0": [0, 3, 2, 0, 1, 2, 3, 2, 4, 3, 3, 2, 3, 0, 1, 38]}, null, null, 137, false, [], false, 0, [], null, 0, 1744321410.1621969, 0, {}]
[{"0": [0, 2, 1, 25, 29, 35, 24, 27, 29, 29, 27, 37, 20, 31, 37, 3]}, null, null, 138, false, [], false, 0, [], null, 0, 1744321410.3460603, 0, {}]
[{"0": [1, 2, 3, 3, 3, 2, 1, 2, 3, 2, 2, 39, 28, 29, 22, 2]}, null, null, 139, false, [], false, 0, [], null, 0, 1744321410.54674, 0, {}]
[{"0": [2, 2, 2, 2, 2, 0, 0, 25, 34, 26, 39, 24, 1, 3, 1, 2]}, null, null, 139, false, [], false, 0, [], null, 0, 1744321410.75828, 0, {}]
[{"0": [1, 1, 3, 2, 1, 1, 1, 3, 0, 26, 32, 38, 27, 31, 2, 1]}, null, null, 140, false, [], false, 0, [], null, 0, 1744321410.9569664, 0, {}]
[{"0": [31, 1, 3, 3, 1, 0, 4, 2, 3, 1, 3, 1, 3, 2, 2, 2]}, null, null, 140, false, [], false, 0, [], null, 0, 1744321411.1605787, 0, {}]
[{"0": [2, 2, 3, 0, 1, 2, 1, 37, 31, 39, 22, 34, 36, 29, 23, 31]}, null, null, 141, false, [], false, 0, [], null, 0, 1744321411.357508, 0, {}]
[{"0": [1, 3, 1, 1, 2, 2, 26, 30, 30, 35, 41, 31, 1, 0, 1, 0]}, null, null, 142, false, [], false, 0, [], null, 0, 1744321411.5466945, 0, {}]
[{"0": [1, 1, 1, 2, 2, 1, 3, 5, 0, 2, 1, 1, 4, 0, 4, 34]}, null, null, 142, false, [], false, 0, [], null, 0, 1744321411.744096, 0, {}]
[{"0": [18, 29, 25, 3, 0, 2, 5, 0, 2, 3, 2, 5, 1, 1, 0, 1]}, null, null, 143, false, [], false, 0, [], null, 0, 1744321411.9583132, 0, {}]
[{"0": [0, 1, 5, 2, 36, 3, 2, 1, 2, 2, 1, 1, 0, 4, 2, 0]}, null, null, 143, false, [], false, 0, [], null, 0, 1744321412.1617794, 0, {}]
[{"0": [4, 1, 1, 2, 2, 2, 1, 1, 3, 2, 3, 2, 2, 4, 1, 28]}, null, null, 144, false, [], false, 0, [], null, 0, 1744321412.3415103, 0, {}]
[{"0": [1, 1, 24, 33, 33, 22, 3, 1, 1, 1, 0, 0, 3, 0, 2, 3]}, null, null, 145, false, [], false, 0, [], null, 0, 1744321412.5498736, 0, {}]
[{"0": [1, 3, 1, 1, 1, 3, 4, 3, 1, 38, 35, 46, 35, 36, 33, 26]}, null, null, 145, false, [], false, 0, [], null, 0, 1744321412.7447796, 0, {}]
[{"0": [2, 1, 0, 1, 4, 3, 0, 2, 0, 2, 30, 0, 2, 2, 0, 2]}, null, null, 146, false, [], false, 0, [], null, 0, 1744321412.9479396, 0, {}]
[{"0": [1, 5, 2, 3, 1, 2, 0, 4, 3, 0, 2, 4, 0, 1, 0, 1]}, null, null, 146, false, [], false, 0, [], null, 0, 1744321413.1587229, 0, {}]
[{"0": [2, 4, 0, 0, 2, 5, 3, 1, 29, 2, 0, 2, 2, 4, 0, 1]}, null, null, 147, false, [], false, 0, [], null, 0, 1744321413.350337, 0, {}]
[{"0": [1, 1, 2, 2, 4, 0, 1, 4, 1, 1, 28, 5, 1, 0, 1, 3]}, null, null, 148, false, [], false, 0, [], null, 0, 1744321413.5442371, 0, {}]
[{"0": [1, 1, 0, 2, 1, 2, 2, 2, 2, 2, 4, 4, 0, 3, 2, 3]}, null, null, 148, false, [], false, 0, [], null, 0, 1744321413.7555351, 0, {}]
[{"0": [3, 2, 4, 1, 1, 2, 39, 32, 36, 30, 33, 40, 22, 35, 31, 2]}, null, null, 149, false, [], false, 0, [], null, 0, 1744321413.954047, 0, {}]
[{"0": [3, 3, 1, 3, 0, 1, 0, 2, 0, 0, 1, 3, 1, 1, 1, 3]}, null, null, 149, false, [], false, 0, [], null, 0, 1744321414.1480844, 0, {}]
[{"0": [1, 6, 3, 2, 3, 4, 1, 3, 2, 34, 39, 50, 26, 28, 27, 1]}, null, null, 150, true, [], false, 0, [], null, 0, 1744321414.3620877, 0, {}]
