[{"0": [3, 3, 1, 2, 39, 40, 31, 0, 4, 0, 1, 3, 3, 3, 0, 1]}, null, null, 0, false, [], false, 0, [], null, 0, 1744313866.2469995, 0, {}]
[{"0": [2, 1, 3, 2, 4, 2, 2, 35, 36, 43, 44, 26, 27, 1, 3, 1]}, null, null, 1, false, [], false, 0, [], null, 0, 1744313866.4715471, 0, {}]
[{"0": [5, 3, 2, 33, 35, 55, 31, 39, 27, 41, 35, 41, 3, 2, 3, 3]}, null, null, 1, false, [], false, 0, [], null, 0, 1744313866.657711, 0, {}]
[{"0": [4, 2, 1, 4, 2, 2, 3, 1, 34, 31, 46, 37, 24, 47, 34, 2]}, null, null, 2, false, [], false, 0, [], null, 0, 1744313866.8697298, 0, {}]
[{"0": [7, 3, 3, 1, 2, 40, 24, 41, 34, 42, 39, 24, 45, 32, 23, 43]}, null, null, 2, false, [], false, 0, [], null, 0, 1744313867.0619688, 0, {}]
[{"0": [1, 2, 3, 3, 3, 1, 2, 2, 2, 2, 32, 36, 37, 28, 27, 40]}, null, null, 3, false, [], false, 0, [], null, 0, 1744313867.276605, 0, {}]
[{"0": [1, 1, 2, 1, 2, 4, 0, 36, 26, 43, 45, 27, 33, 41, 33, 45]}, null, null, 4, false, [], false, 0, [], null, 0, 1744313867.476354, 0, {}]
[{"0": [38, 46, 1, 1, 2, 0, 2, 0, 0, 3, 4, 4, 4, 1, 4, 0]}, null, null, 4, false, [], false, 0, [], null, 0, 1744313867.6600926, 0, {}]
[{"0": [3, 37, 34, 1, 0, 1, 3, 2, 1, 3, 2, 1, 2, 0, 0, 4]}, null, null, 5, false, [], false, 0, [], null, 0, 1744313867.8614311, 0, {}]
[{"0": [4, 49, 36, 3, 1, 0, 0, 2, 0, 1, 0, 3, 1, 2, 4, 1]}, null, null, 5, false, [], false, 0, [], null, 0, 1744313868.0790143, 0, {}]
[{"0": [0, 4, 2, 3, 2, 32, 29, 43, 41, 39, 27, 32, 46, 43, 45, 1]}, null, null, 6, false, [], false, 0, [], null, 0, 1744313868.2863233, 0, {}]
[{"0": [3, 39, 33, 1, 1, 2, 0, 2, 2, 2, 2, 2, 2, 1, 2, 1]}, null, null, 7, false, [], false, 0, [], null, 0, 1744313868.4692445, 0, {}]
[{"0": [1, 3, 3, 0, 4, 1, 2, 0, 1, 3, 1, 2, 25, 37, 34, 5]}, null, null, 7, false, [], false, 0, [], null, 0, 1744313868.661728, 0, {}]
[{"0": [2, 0, 3, 3, 2, 2, 2, 4, 1, 3, 2, 2, 0, 4, 0, 38]}, null, null, 8, false, [], false, 0, [], null, 0, 1744313868.8578887, 0, {}]
[{"0": [3, 1, 7, 2, 1, 0, 2, 3, 4, 5, 0, 0, 36, 1, 4, 2]}, null, null, 8, false, [], false, 0, [], null, 0, 1744313869.0689046, 0, {}]
[{"0": [2, 2, 2, 0, 4, 3, 1, 2, 2, 1, 35, 27, 41, 37, 36, 1]}, null, null, 9, false, [], false, 0, [], null, 0, 1744313869.2618542, 0, {}]
[{"0": [5, 1, 2, 2, 2, 2, 1, 2, 2, 0, 52, 29, 31, 1, 6, 1]}, null, null, 10, false, [], false, 0, [], null, 0, 1744313869.4734216, 0, {}]
[{"0": [1, 2, 35, 40, 38, 40, 38, 28, 3, 3, 7, 4, 1, 5, 2, 3]}, null, null, 10, false, [], false, 0, [], null, 0, 1744313869.6690166, 0, {}]
[{"0": [1, 3, 0, 1, 38, 36, 39, 41, 1, 2, 3, 0, 2, 1, 3, 4]}, null, null, 11, false, [], false, 0, [], null, 0, 1744313869.8780432, 0, {}]
[{"0": [3, 0, 2, 2, 0, 1, 31, 35, 34, 31, 49, 44, 40, 39, 42, 38]}, null, null, 11, false, [], false, 0, [], null, 0, 1744313870.0610306, 0, {}]
[{"0": [3, 1, 3, 3, 1, 2, 2, 2, 40, 33, 27, 6, 0, 2, 1, 1]}, null, null, 12, false, [], false, 0, [], null, 0, 1744313870.2774642, 0, {}]
[{"0": [0, 0, 2, 3, 1, 1, 4, 1, 1, 2, 3, 6, 0, 0, 37, 38]}, null, null, 13, false, [], false, 0, [], null, 0, 1744313870.477982, 0, {}]
[{"0": [1, 1, 3, 2, 0, 2, 0, 2, 0, 2, 23, 1, 2, 0, 1, 2]}, null, null, 13, false, [], false, 0, [], null, 0, 1744313870.67237, 0, {}]
[{"0": [1, 2, 3, 1, 0, 0, 5, 1, 3, 2, 1, 4, 44, 2, 2, 3]}, null, null, 14, false, [], false, 0, [], null, 0, 1744313870.8635771, 0, {}]
[{"0": [3, 1, 3, 4, 1, 3, 2, 1, 0, 2, 2, 2, 2, 1, 2, 2]}, null, null, 14, false, [], false, 0, [], null, 0, 1744313871.0614529, 0, {}]
[{"0": [5, 2, 2, 4, 1, 6, 1, 3, 29, 27, 36, 40, 29, 46, 36, 5]}, null, null, 15, false, [], false, 0, [], null, 0, 1744313871.2575307, 0, {}]
[{"0": [2, 2, 3, 2, 4, 1, 2, 3, 4, 0, 1, 0, 1, 2, 0, 21]}, null, null, 16, false, [], false, 0, [], null, 0, 1744313871.47428, 0, {}]
[{"0": [4, 4, 2, 1, 2, 2, 3, 4, 38, 38, 33, 43, 53, 43, 30, 34]}, null, null, 16, false, [], false, 0, [], null, 0, 1744313871.6770108, 0, {}]
[{"0": [1, 36, 38, 35, 1, 3, 3, 0, 1, 1, 0, 0, 1, 1, 1, 1]}, null, null, 17, false, [], false, 0, [], null, 0, 1744313871.865862, 0, {}]
[{"0": [2, 2, 2, 1, 1, 1, 1, 1, 1, 3, 2, 45, 39, 3, 1, 42]}, null, null, 17, false, [], false, 0, [], null, 0, 1744313872.0636926, 0, {}]
[{"0": [2, 2, 31, 43, 26, 2, 1, 3, 2, 2, 4, 1, 1, 3, 5, 1]}, null, null, 18, false, [], false, 0, [], null, 0, 1744313872.2600117, 0, {}]
[{"0": [3, 0, 3, 5, 3, 4, 3, 2, 2, 2, 4, 1, 1, 2, 1, 1]}, null, null, 19, false, [], false, 0, [], null, 0, 1744313872.4715748, 0, {}]
[{"0": [4, 2, 0, 44, 2, 3, 1, 0, 4, 2, 2, 1, 2, 2, 3, 1]}, null, null, 19, false, [], false, 0, [], null, 0, 1744313872.663723, 0, {}]
[{"0": [3, 4, 3, 2, 1, 3, 2, 3, 2, 36, 37, 33, 45, 37, 26, 33]}, null, null, 20, false, [], false, 0, [], null, 0, 1744313872.870118, 0, {}]
[{"0": [2, 3, 2, 2, 3, 0, 4, 40, 48, 29, 50, 1, 2, 2, 4, 1]}, null, null, 20, false, [], false, 0, [], null, 0, 1744313873.0672421, 0, {}]
[{"0": [3, 4, 2, 2, 3, 6, 1, 2, 36, 33, 32, 40, 1, 2, 3, 3]}, null, null, 21, false, [], false, 0, [], null, 0, 1744313873.259146, 0, {}]
[{"0": [34, 38, 40, 27, 35, 33, 40, 3, 2, 2, 2, 0, 2, 1, 0, 1]}, null, null, 22, false, [], false, 0, [], null, 0, 1744313873.4733663, 0, {}]
[{"0": [3, 1, 3, 1, 1, 4, 0, 36, 25, 1, 1, 1, 0, 0, 3, 4]}, null, null, 22, false, [], false, 0, [], null, 0, 1744313873.657206, 0, {}]
[{"0": [38, 32, 1, 1, 1, 2, 2, 2, 2, 2, 1, 3, 1, 2, 3, 0]}, null, null, 23, false, [], false, 0, [], null, 0, 1744313873.8709764, 0, {}]
[{"0": [0, 1, 4, 1, 2, 3, 1, 2, 1, 0, 1, 3, 35, 32, 2, 2]}, null, null, 23, false, [], false, 0, [], null, 0, 1744313874.0719657, 0, {}]
[{"0": [1, 4, 0, 4, 4, 3, 4, 5, 1, 3, 3, 4, 0, 2, 4, 8]}, null, null, 24, false, [], false, 0, [], null, 0, 1744313874.2591012, 0, {}]
[{"0": [2, 1, 2, 1, 2, 2, 4, 0, 2, 3, 3, 2, 1, 3, 43, 6]}, null, null, 25, false, [], false, 0, [], null, 0, 1744313874.457545, 0, {}]
[{"0": [2, 0, 1, 2, 5, 3, 2, 37, 42, 36, 0, 0, 3, 3, 1, 0]}, null, null, 25, false, [], false, 0, [], null, 0, 1744313874.6762648, 0, {}]
[{"0": [36, 32, 41, 39, 50, 2, 0, 3, 0, 0, 0, 2, 1, 1, 1, 3]}, null, null, 26, false, [], false, 0, [], null, 0, 1744313874.8605595, 0, {}]
[{"0": [3, 1, 4, 4, 2, 1, 38, 4, 1, 2, 2, 6, 2, 1, 2, 2]}, null, null, 27, false, [], false, 0, [], null, 0, 1744313875.076629, 0, {}]
[{"0": [1, 0, 32, 42, 34, 2, 2, 0, 2, 3, 1, 5, 2, 4, 3, 1]}, null, null, 27, false, [], false, 0, [], null, 0, 1744313875.273224, 0, {}]
[{"0": [1, 3, 2, 2, 1, 3, 2, 5, 3, 21, 42, 30, 46, 41, 42, 31]}, null, null, 28, false, [], false, 0, [], null, 0, 1744313875.4710677, 0, {}]
[{"0": [3, 2, 34, 41, 44, 8, 2, 2, 3, 2, 3, 2, 1, 2, 7, 2]}, null, null, 28, false, [], false, 0, [], null, 0, 1744313875.6679506, 0, {}]
[{"0": [1, 3, 2, 1, 1, 3, 1, 4, 3, 1, 3, 4, 1, 1, 2, 0]}, null, null, 29, false, [], false, 0, [], null, 0, 1744313875.8777876, 0, {}]
[{"0": [1, 1, 2, 4, 1, 2, 1, 1, 0, 0, 3, 2, 1, 3, 1, 33]}, null, null, 30, false, [], false, 0, [], null, 0, 1744313876.0577092, 0, {}]
[{"0": [3, 1, 2, 3, 3, 0, 1, 1, 2, 1, 39, 37, 34, 29, 23, 34]}, null, null, 30, false, [], false, 0, [], null, 0, 1744313876.2632527, 0, {}]
[{"0": [0, 7, 1, 1, 2, 3, 3, 0, 1, 3, 2, 1, 3, 4, 46, 41]}, null, null, 31, false, [], false, 0, [], null, 0, 1744313876.4596553, 0, {}]
[{"0": [0, 3, 1, 2, 1, 3, 1, 25, 38, 24, 34, 25, 32, 34, 1, 0]}, null, null, 31, false, [], false, 0, [], null, 0, 1744313876.6579056, 0, {}]
[{"0": [4, 2, 46, 32, 1, 4, 1, 1, 1, 5, 1, 3, 1, 1, 3, 0]}, null, null, 32, false, [], false, 0, [], null, 0, 1744313876.869463, 0, {}]
[{"0": [2, 1, 3, 1, 5, 0, 4, 2, 1, 0, 0, 5, 35, 1, 2, 1]}, null, null, 33, false, [], false, 0, [], null, 0, 1744313877.0576637, 0, {}]
[{"0": [1, 8, 1, 2, 2, 0, 3, 3, 4, 3, 2, 0, 0, 1, 31, 27]}, null, null, 33, false, [], false, 0, [], null, 0, 1744313877.2776914, 0, {}]
[{"0": [3, 2, 1, 2, 2, 1, 1, 3, 6, 1, 2, 1, 2, 2, 3, 1]}, null, null, 34, false, [], false, 0, [], null, 0, 1744313877.4758925, 0, {}]
[{"0": [3, 2, 6, 2, 1, 0, 0, 1, 2, 0, 5, 2, 1, 1, 3, 1]}, null, null, 34, false, [], false, 0, [], null, 0, 1744313877.655157, 0, {}]
[{"0": [4, 2, 2, 3, 2, 2, 2, 33, 34, 33, 6, 1, 1, 0, 0, 0]}, null, null, 35, false, [], false, 0, [], null, 0, 1744313877.8588326, 0, {}]
[{"0": [1, 0, 1, 2, 2, 3, 3, 2, 1, 1, 35, 49, 38, 2, 1, 2]}, null, null, 36, false, [], false, 0, [], null, 0, 1744313878.0739276, 0, {}]
[{"0": [2, 3, 1, 2, 7, 1, 6, 3, 4, 4, 4, 4, 1, 1, 2, 2]}, null, null, 36, false, [], false, 0, [], null, 0, 1744313878.2724037, 0, {}]
[{"0": [0, 5, 2, 1, 1, 1, 1, 38, 2, 1, 1, 3, 0, 7, 0, 1]}, null, null, 37, false, [], false, 0, [], null, 0, 1744313878.471048, 0, {}]
[{"0": [1, 0, 1, 2, 4, 5, 5, 3, 28, 32, 33, 40, 3, 6, 4, 2]}, null, null, 37, false, [], false, 0, [], null, 0, 1744313878.6744587, 0, {}]
[{"0": [2, 1, 1, 0, 1, 2, 5, 5, 1, 1, 0, 0, 2, 2, 0, 1]}, null, null, 38, false, [], false, 0, [], null, 0, 1744313878.86873, 0, {}]
[{"0": [4, 2, 4, 37, 4, 2, 1, 4, 0, 2, 1, 3, 3, 3, 4, 0]}, null, null, 39, false, [], false, 0, [], null, 0, 1744313879.061604, 0, {}]
[{"0": [0, 1, 4, 0, 2, 3, 4, 0, 2, 1, 1, 1, 0, 43, 29, 41]}, null, null, 39, false, [], false, 0, [], null, 0, 1744313879.2562027, 0, {}]
[{"0": [1, 4, 4, 4, 0, 2, 0, 5, 3, 2, 1, 2, 30, 25, 30, 43]}, null, null, 40, false, [], false, 0, [], null, 0, 1744313879.4698658, 0, {}]
[{"0": [8, 3, 0, 2, 1, 0, 0, 0, 1, 0, 2, 34, 32, 24, 1, 1]}, null, null, 40, false, [], false, 0, [], null, 0, 1744313879.6694484, 0, {}]
[{"0": [0, 1, 2, 0, 3, 1, 4, 34, 44, 30, 33, 47, 33, 41, 35, 29]}, null, null, 41, false, [], false, 0, [], null, 0, 1744313879.873821, 0, {}]
[{"0": [2, 3, 1, 0, 1, 1, 2, 3, 3, 2, 43, 28, 37, 38, 34, 3]}, null, null, 42, false, [], false, 0, [], null, 0, 1744313880.0656447, 0, {}]
[{"0": [1, 0, 1, 2, 0, 2, 3, 3, 4, 3, 4, 4, 2, 0, 2, 1]}, null, null, 42, false, [], false, 0, [], null, 0, 1744313880.2563422, 0, {}]
[{"0": [4, 4, 2, 32, 1, 3, 4, 3, 3, 3, 2, 0, 2, 2, 2, 1]}, null, null, 43, false, [], false, 0, [], null, 0, 1744313880.4741244, 0, {}]
[{"0": [4, 2, 0, 0, 2, 1, 3, 0, 33, 30, 28, 32, 27, 30, 38, 1]}, null, null, 43, false, [], false, 0, [], null, 0, 1744313880.6701083, 0, {}]
[{"0": [2, 2, 1, 0, 35, 31, 40, 28, 32, 41, 43, 40, 32, 40, 0, 3]}, null, null, 44, false, [], false, 0, [], null, 0, 1744313880.871474, 0, {}]
[{"0": [1, 0, 0, 1, 1, 1, 6, 4, 2, 0, 2, 3, 4, 33, 39, 47]}, null, null, 45, false, [], false, 0, [], null, 0, 1744313881.0668075, 0, {}]
[{"0": [1, 2, 5, 1, 3, 2, 0, 3, 3, 1, 2, 3, 6, 34, 34, 33]}, null, null, 45, false, [], false, 0, [], null, 0, 1744313881.2559848, 0, {}]
[{"0": [0, 38, 35, 38, 40, 26, 2, 1, 0, 3, 2, 2, 1, 4, 3, 8]}, null, null, 46, false, [], false, 0, [], null, 0, 1744313881.473734, 0, {}]
[{"0": [1, 2, 2, 1, 0, 0, 1, 1, 4, 1, 1, 38, 29, 34, 0, 1]}, null, null, 46, false, [], false, 0, [], null, 0, 1744313881.6745684, 0, {}]
[{"0": [3, 3, 30, 34, 31, 1, 1, 2, 1, 0, 1, 4, 1, 6, 1, 3]}, null, null, 47, false, [], false, 0, [], null, 0, 1744313881.8691242, 0, {}]
[{"0": [5, 3, 4, 35, 43, 42, 34, 33, 28, 41, 35, 27, 39, 26, 33, 35]}, null, null, 48, false, [], false, 0, [], null, 0, 1744313882.0598812, 0, {}]
[{"0": [4, 4, 1, 1, 3, 1, 1, 2, 2, 3, 2, 4, 2, 1, 23, 29]}, null, null, 48, false, [], false, 0, [], null, 0, 1744313882.2750132, 0, {}]
[{"0": [2, 3, 38, 36, 0, 1, 2, 0, 1, 2, 3, 2, 1, 0, 1, 3]}, null, null, 49, false, [], false, 0, [], null, 0, 1744313882.4744189, 0, {}]
[{"0": [0, 4, 2, 47, 31, 36, 39, 41, 22, 36, 39, 4, 1, 1, 0, 2]}, null, null, 49, false, [], false, 0, [], null, 0, 1744313882.671131, 0, {}]
[{"0": [3, 1, 4, 1, 2, 3, 2, 1, 0, 4, 35, 45, 49, 40, 2, 0]}, null, null, 50, false, [], false, 0, [], null, 0, 1744313882.871669, 0, {}]
[{"0": [1, 1, 0, 27, 1, 3, 3, 1, 2, 1, 1, 4, 4, 0, 2, 3]}, null, null, 51, false, [], false, 0, [], null, 0, 1744313883.0685265, 0, {}]
[{"0": [3, 5, 35, 30, 1, 1, 0, 1, 4, 1, 3, 3, 1, 0, 5, 0]}, null, null, 51, false, [], false, 0, [], null, 0, 1744313883.265186, 0, {}]
[{"0": [1, 41, 35, 28, 43, 43, 30, 41, 1, 1, 6, 2, 3, 3, 2, 5]}, null, null, 52, false, [], false, 0, [], null, 0, 1744313883.4620936, 0, {}]
[{"0": [0, 1, 8, 1, 1, 2, 2, 1, 0, 1, 32, 43, 39, 34, 38, 31]}, null, null, 52, false, [], false, 0, [], null, 0, 1744313883.6514814, 0, {}]
[{"0": [2, 0, 1, 2, 3, 0, 1, 2, 1, 1, 1, 2, 2, 1, 1, 2]}, null, null, 53, false, [], false, 0, [], null, 0, 1744313883.8720217, 0, {}]
[{"0": [4, 4, 4, 3, 0, 2, 1, 1, 1, 43, 3, 3, 1, 4, 0, 2]}, null, null, 54, false, [], false, 0, [], null, 0, 1744313884.0673244, 0, {}]
[{"0": [3, 4, 1, 3, 1, 2, 2, 37, 32, 1, 1, 2, 3, 4, 0, 0]}, null, null, 54, false, [], false, 0, [], null, 0, 1744313884.2675061, 0, {}]
[{"0": [2, 3, 0, 1, 3, 2, 47, 40, 44, 28, 31, 1, 0, 1, 1, 1]}, null, null, 55, false, [], false, 0, [], null, 0, 1744313884.4568594, 0, {}]
[{"0": [6, 3, 0, 2, 0, 37, 38, 44, 37, 45, 35, 1, 3, 3, 1, 1]}, null, null, 55, false, [], false, 0, [], null, 0, 1744313884.6687164, 0, {}]
[{"0": [4, 2, 47, 27, 2, 3, 3, 1, 1, 0, 5, 2, 2, 2, 0, 5]}, null, null, 56, false, [], false, 0, [], null, 0, 1744313884.854898, 0, {}]
[{"0": [2, 3, 6, 0, 2, 0, 34, 37, 25, 44, 24, 27, 38, 2, 3, 3]}, null, null, 57, false, [], false, 0, [], null, 0, 1744313885.0700767, 0, {}]
[{"0": [38, 36, 33, 42, 3, 3, 0, 1, 1, 2, 3, 0, 0, 3, 3, 2]}, null, null, 57, false, [], false, 0, [], null, 0, 1744313885.2730653, 0, {}]
[{"0": [1, 3, 0, 3, 2, 1, 3, 1, 0, 5, 2, 0, 5, 5, 3, 3]}, null, null, 58, false, [], false, 0, [], null, 0, 1744313885.454912, 0, {}]
[{"0": [1, 0, 1, 3, 2, 5, 1, 1, 1, 23, 43, 36, 44, 3, 4, 2]}, null, null, 58, false, [], false, 0, [], null, 0, 1744313885.6533852, 0, {}]
[{"0": [1, 2, 3, 3, 1, 4, 5, 41, 39, 39, 38, 48, 35, 35, 33, 39]}, null, null, 59, false, [], false, 0, [], null, 0, 1744313885.8720286, 0, {}]
[{"0": [2, 1, 1, 1, 1, 1, 3, 1, 4, 1, 1, 3, 1, 2, 3, 3]}, null, null, 60, false, [], false, 0, [], null, 0, 1744313886.0605245, 0, {}]
[{"0": [2, 5, 1, 2, 0, 3, 3, 29, 32, 0, 1, 1, 2, 2, 2, 3]}, null, null, 60, false, [], false, 0, [], null, 0, 1744313886.2577734, 0, {}]
[{"0": [46, 43, 28, 44, 36, 41, 37, 42, 2, 3, 0, 3, 0, 3, 2, 1]}, null, null, 61, false, [], false, 0, [], null, 0, 1744313886.451151, 0, {}]
[{"0": [3, 2, 3, 1, 4, 40, 40, 31, 27, 48, 42, 41, 4, 0, 2, 2]}, null, null, 61, false, [], false, 0, [], null, 0, 1744313886.6690972, 0, {}]
[{"0": [3, 5, 3, 0, 0, 32, 41, 43, 40, 52, 37, 2, 2, 1, 1, 2]}, null, null, 62, false, [], false, 0, [], null, 0, 1744313886.8643572, 0, {}]
[{"0": [4, 3, 3, 3, 2, 3, 2, 1, 5, 6, 4, 0, 5, 2, 3, 4]}, null, null, 63, false, [], false, 0, [], null, 0, 1744313887.0543087, 0, {}]
[{"0": [3, 6, 1, 0, 2, 1, 1, 3, 2, 0, 5, 2, 2, 3, 3, 3]}, null, null, 63, false, [], false, 0, [], null, 0, 1744313887.255254, 0, {}]
[{"0": [1, 1, 1, 2, 1, 2, 5, 3, 1, 40, 32, 31, 35, 42, 33, 46]}, null, null, 64, false, [], false, 0, [], null, 0, 1744313887.4732149, 0, {}]
[{"0": [1, 0, 4, 4, 1, 1, 3, 4, 1, 2, 36, 44, 26, 37, 1, 3]}, null, null, 64, false, [], false, 0, [], null, 0, 1744313887.660939, 0, {}]
[{"0": [5, 0, 4, 2, 1, 3, 3, 0, 4, 3, 6, 1, 3, 3, 1, 35]}, null, null, 65, false, [], false, 0, [], null, 0, 1744313887.8654876, 0, {}]
[{"0": [4, 0, 1, 4, 4, 32, 29, 0, 3, 3, 1, 1, 0, 3, 2, 1]}, null, null, 66, false, [], false, 0, [], null, 0, 1744313888.0699253, 0, {}]
[{"0": [4, 1, 2, 3, 1, 0, 2, 2, 1, 36, 34, 57, 40, 56, 27, 3]}, null, null, 66, false, [], false, 0, [], null, 0, 1744313888.2510302, 0, {}]
[{"0": [4, 1, 1, 5, 4, 37, 36, 44, 24, 41, 42, 30, 29, 26, 37, 40]}, null, null, 67, false, [], false, 0, [], null, 0, 1744313888.4545674, 0, {}]
[{"0": [24, 45, 3, 3, 3, 1, 6, 3, 2, 2, 1, 6, 3, 1, 2, 1]}, null, null, 67, false, [], false, 0, [], null, 0, 1744313888.650011, 0, {}]
[{"0": [0, 30, 33, 0, 3, 2, 0, 3, 3, 5, 3, 4, 3, 5, 3, 0]}, null, null, 68, false, [], false, 0, [], null, 0, 1744313888.8661501, 0, {}]
[{"0": [1, 2, 2, 2, 3, 1, 6, 1, 3, 2, 3, 3, 46, 34, 33, 45]}, null, null, 69, false, [], false, 0, [], null, 0, 1744313889.0702543, 0, {}]
[{"0": [4, 4, 2, 0, 3, 4, 2, 32, 35, 25, 29, 4, 4, 2, 1, 1]}, null, null, 69, false, [], false, 0, [], null, 0, 1744313889.26326, 0, {}]
[{"0": [1, 0, 4, 2, 0, 3, 0, 3, 2, 2, 1, 42, 37, 44, 39, 0]}, null, null, 70, false, [], false, 0, [], null, 0, 1744313889.4716606, 0, {}]
[{"0": [33, 29, 47, 36, 1, 1, 2, 3, 1, 1, 1, 1, 1, 3, 1, 1]}, null, null, 70, false, [], false, 0, [], null, 0, 1744313889.6499276, 0, {}]
[{"0": [4, 2, 3, 1, 1, 2, 36, 47, 31, 33, 44, 35, 41, 35, 37, 33]}, null, null, 71, false, [], false, 0, [], null, 0, 1744313889.860083, 0, {}]
[{"0": [1, 1, 1, 1, 37, 3, 3, 3, 3, 3, 0, 1, 3, 2, 1, 0]}, null, null, 72, false, [], false, 0, [], null, 0, 1744313890.0586479, 0, {}]
[{"0": [1, 4, 5, 1, 36, 41, 35, 1, 1, 4, 1, 3, 2, 4, 1, 3]}, null, null, 72, false, [], false, 0, [], null, 0, 1744313890.25608, 0, {}]
[{"0": [1, 1, 4, 2, 1, 3, 3, 2, 28, 1, 1, 3, 4, 1, 3, 5]}, null, null, 73, false, [], false, 0, [], null, 0, 1744313890.470218, 0, {}]
[{"0": [1, 2, 3, 3, 2, 2, 4, 2, 1, 0, 36, 41, 0, 6, 3, 2]}, null, null, 73, false, [], false, 0, [], null, 0, 1744313890.6680727, 0, {}]
[{"0": [2, 1, 1, 0, 5, 3, 2, 37, 31, 2, 2, 2, 2, 0, 4, 4]}, null, null, 74, false, [], false, 0, [], null, 0, 1744313890.857028, 0, {}]
[{"0": [6, 1, 1, 1, 3, 3, 1, 1, 3, 2, 6, 2, 1, 1, 0, 0]}, null, null, 75, false, [], false, 0, [], null, 0, 1744313891.0520532, 0, {}]
[{"0": [1, 2, 0, 0, 3, 4, 4, 4, 2, 3, 3, 1, 1, 5, 2, 27]}, null, null, 75, false, [], false, 0, [], null, 0, 1744313891.2538397, 0, {}]
[{"0": [3, 0, 2, 1, 1, 0, 0, 2, 1, 3, 2, 1, 46, 42, 3, 1]}, null, null, 76, false, [], false, 0, [], null, 0, 1744313891.4620569, 0, {}]
[{"0": [4, 32, 32, 2, 0, 0, 3, 1, 0, 6, 3, 2, 0, 4, 0, 4]}, null, null, 77, false, [], false, 0, [], null, 0, 1744313891.6577816, 0, {}]
[{"0": [21, 40, 4, 2, 4, 1, 5, 0, 4, 0, 1, 1, 3, 2, 1, 0]}, null, null, 77, false, [], false, 0, [], null, 0, 1744313891.8545284, 0, {}]
[{"0": [2, 1, 3, 1, 3, 5, 2, 46, 32, 5, 2, 3, 2, 1, 0, 0]}, null, null, 78, false, [], false, 0, [], null, 0, 1744313892.056891, 0, {}]
[{"0": [1, 2, 2, 1, 3, 2, 5, 38, 36, 2, 2, 2, 0, 1, 4, 1]}, null, null, 78, false, [], false, 0, [], null, 0, 1744313892.2568295, 0, {}]
[{"0": [5, 0, 2, 2, 2, 1, 4, 2, 0, 2, 3, 1, 1, 2, 35, 37]}, null, null, 79, false, [], false, 0, [], null, 0, 1744313892.452378, 0, {}]
[{"0": [1, 46, 32, 30, 0, 1, 1, 2, 2, 2, 1, 5, 1, 1, 1, 2]}, null, null, 80, false, [], false, 0, [], null, 0, 1744313892.6649015, 0, {}]
[{"0": [2, 5, 1, 3, 1, 2, 35, 31, 37, 33, 3, 1, 1, 1, 3, 0]}, null, null, 80, false, [], false, 0, [], null, 0, 1744313892.8700924, 0, {}]
[{"0": [4, 3, 2, 2, 2, 2, 3, 3, 45, 32, 35, 35, 40, 3, 2, 2]}, null, null, 81, false, [], false, 0, [], null, 0, 1744313893.0697343, 0, {}]
[{"0": [1, 2, 2, 3, 2, 2, 1, 2, 2, 3, 2, 1, 1, 1, 3, 1]}, null, null, 81, false, [], false, 0, [], null, 0, 1744313893.2652898, 0, {}]
[{"0": [3, 0, 3, 0, 1, 1, 3, 2, 2, 1, 2, 2, 3, 7, 1, 38]}, null, null, 82, false, [], false, 0, [], null, 0, 1744313893.4651635, 0, {}]
[{"0": [3, 38, 43, 42, 45, 34, 2, 0, 4, 8, 2, 4, 3, 4, 2, 0]}, null, null, 83, false, [], false, 0, [], null, 0, 1744313893.663771, 0, {}]
[{"0": [2, 3, 2, 0, 2, 0, 2, 1, 2, 0, 32, 28, 41, 35, 38, 39]}, null, null, 83, false, [], false, 0, [], null, 0, 1744313893.8603983, 0, {}]
[{"0": [3, 4, 6, 3, 1, 2, 3, 2, 1, 2, 1, 36, 39, 32, 44, 39]}, null, null, 84, false, [], false, 0, [], null, 0, 1744313894.061631, 0, {}]
[{"0": [43, 39, 46, 31, 34, 37, 33, 27, 31, 43, 31, 39, 2, 3, 2, 3]}, null, null, 84, false, [], false, 0, [], null, 0, 1744313894.2611878, 0, {}]
[{"0": [1, 0, 1, 0, 2, 2, 4, 3, 31, 60, 42, 4, 2, 0, 3, 1]}, null, null, 85, false, [], false, 0, [], null, 0, 1744313894.4570773, 0, {}]
[{"0": [2, 1, 1, 0, 4, 2, 3, 2, 34, 30, 34, 6, 1, 3, 1, 1]}, null, null, 86, false, [], false, 0, [], null, 0, 1744313894.6508899, 0, {}]
[{"0": [4, 2, 1, 5, 2, 1, 32, 42, 34, 25, 31, 28, 33, 29, 28, 42]}, null, null, 86, false, [], false, 0, [], null, 0, 1744313894.8573384, 0, {}]
[{"0": [32, 41, 41, 50, 1, 1, 3, 1, 2, 4, 3, 2, 0, 5, 4, 3]}, null, null, 87, false, [], false, 0, [], null, 0, 1744313895.0590837, 0, {}]
[{"0": [3, 3, 3, 4, 1, 3, 2, 2, 2, 3, 0, 0, 39, 36, 43, 3]}, null, null, 87, false, [], false, 0, [], null, 0, 1744313895.2757149, 0, {}]
[{"0": [2, 2, 4, 3, 1, 3, 1, 4, 38, 35, 43, 24, 31, 42, 30, 36]}, null, null, 88, false, [], false, 0, [], null, 0, 1744313895.4555883, 0, {}]
[{"0": [2, 1, 2, 30, 44, 35, 7, 3, 3, 2, 0, 4, 5, 3, 4, 1]}, null, null, 89, false, [], false, 0, [], null, 0, 1744313895.6576662, 0, {}]
[{"0": [1, 3, 1, 3, 1, 2, 3, 6, 1, 4, 0, 32, 3, 1, 3, 4]}, null, null, 89, false, [], false, 0, [], null, 0, 1744313895.8642747, 0, {}]
[{"0": [1, 2, 3, 3, 2, 2, 3, 33, 33, 34, 29, 39, 37, 42, 37, 29]}, null, null, 90, false, [], false, 0, [], null, 0, 1744313896.0554557, 0, {}]
[{"0": [0, 2, 1, 34, 44, 35, 0, 2, 1, 1, 2, 0, 2, 5, 2, 1]}, null, null, 90, false, [], false, 0, [], null, 0, 1744313896.2570655, 0, {}]
[{"0": [2, 2, 0, 2, 0, 4, 1, 3, 3, 1, 6, 2, 2, 2, 3, 1]}, null, null, 91, false, [], false, 0, [], null, 0, 1744313896.4604712, 0, {}]
[{"0": [5, 1, 2, 1, 2, 3, 3, 3, 4, 42, 37, 2, 0, 2, 2, 1]}, null, null, 92, false, [], false, 0, [], null, 0, 1744313896.6692472, 0, {}]
[{"0": [1, 1, 2, 4, 4, 0, 1, 4, 33, 4, 3, 2, 1, 2, 1, 0]}, null, null, 92, false, [], false, 0, [], null, 0, 1744313896.8566453, 0, {}]
[{"0": [0, 1, 1, 39, 3, 3, 1, 2, 3, 1, 5, 1, 1, 5, 3, 0]}, null, null, 93, false, [], false, 0, [], null, 0, 1744313897.0580585, 0, {}]
[{"0": [1, 5, 2, 0, 2, 1, 2, 3, 19, 44, 1, 1, 2, 3, 2, 4]}, null, null, 93, false, [], false, 0, [], null, 0, 1744313897.250426, 0, {}]
[{"0": [5, 30, 39, 43, 24, 31, 30, 32, 47, 0, 2, 0, 4, 3, 1, 2]}, null, null, 94, false, [], false, 0, [], null, 0, 1744313897.4697092, 0, {}]
[{"0": [4, 3, 0, 1, 0, 3, 2, 4, 2, 1, 4, 1, 39, 34, 39, 38]}, null, null, 95, false, [], false, 0, [], null, 0, 1744313897.6510277, 0, {}]
[{"0": [1, 0, 2, 0, 1, 3, 2, 1, 2, 3, 3, 4, 2, 2, 39, 41]}, null, null, 95, false, [], false, 0, [], null, 0, 1744313897.8475804, 0, {}]
[{"0": [2, 1, 3, 1, 43, 4, 1, 0, 3, 1, 2, 2, 2, 1, 9, 35]}, null, null, 96, false, [], false, 0, [], null, 0, 1744313898.062773, 0, {}]
[{"0": [2, 1, 0, 1, 1, 1, 3, 1, 34, 41, 36, 3, 3, 2, 0, 2]}, null, null, 96, false, [], false, 0, [], null, 0, 1744313898.2660847, 0, {}]
[{"0": [1, 4, 5, 0, 1, 0, 3, 4, 0, 3, 43, 34, 36, 32, 4, 2]}, null, null, 97, false, [], false, 0, [], null, 0, 1744313898.4648588, 0, {}]
[{"0": [2, 28, 23, 0, 0, 2, 1, 0, 1, 1, 3, 0, 2, 3, 1, 0]}, null, null, 98, false, [], false, 0, [], null, 0, 1744313898.664341, 0, {}]
[{"0": [1, 2, 4, 0, 2, 1, 1, 3, 2, 1, 1, 26, 30, 2, 3, 2]}, null, null, 98, false, [], false, 0, [], null, 0, 1744313898.8676715, 0, {}]
[{"0": [2, 2, 35, 42, 31, 37, 35, 44, 36, 28, 40, 41, 0, 0, 4, 4]}, null, null, 99, false, [], false, 0, [], null, 0, 1744313899.0669203, 0, {}]
[{"0": [4, 3, 5, 1, 2, 4, 2, 2, 4, 35, 35, 42, 35, 37, 41, 38]}, null, null, 99, false, [], false, 0, [], null, 0, 1744313899.2539897, 0, {}]
[{"0": [1, 1, 3, 2, 0, 2, 2, 1, 2, 3, 2, 1, 43, 32, 36, 1]}, null, null, 100, false, [], false, 0, [], null, 0, 1744313899.4661567, 0, {}]
[{"0": [2, 2, 2, 0, 2, 0, 40, 36, 48, 37, 1, 0, 1, 2, 4, 2]}, null, null, 101, false, [], false, 0, [], null, 0, 1744313899.650684, 0, {}]
[{"0": [2, 2, 0, 0, 41, 1, 3, 2, 2, 2, 0, 1, 1, 3, 2, 3]}, null, null, 101, false, [], false, 0, [], null, 0, 1744313899.8681915, 0, {}]
[{"0": [1, 5, 2, 36, 39, 36, 41, 31, 1, 4, 3, 3, 1, 3, 5, 3]}, null, null, 102, false, [], false, 0, [], null, 0, 1744313900.0650167, 0, {}]
[{"0": [0, 3, 3, 2, 35, 38, 36, 31, 7, 1, 2, 2, 0, 1, 1, 0]}, null, null, 102, false, [], false, 0, [], null, 0, 1744313900.2545488, 0, {}]
[{"0": [0, 3, 2, 1, 3, 2, 1, 37, 45, 32, 40, 52, 50, 35, 47, 3]}, null, null, 103, false, [], false, 0, [], null, 0, 1744313900.4475944, 0, {}]
[{"0": [3, 0, 2, 1, 2, 1, 1, 0, 1, 5, 1, 1, 4, 2, 41, 37]}, null, null, 104, false, [], false, 0, [], null, 0, 1744313900.6556597, 0, {}]
[{"0": [3, 43, 26, 42, 0, 2, 4, 1, 0, 1, 0, 1, 4, 2, 3, 3]}, null, null, 104, false, [], false, 0, [], null, 0, 1744313900.8563247, 0, {}]
[{"0": [3, 4, 3, 2, 1, 2, 1, 1, 2, 5, 1, 0, 2, 0, 0, 1]}, null, null, 105, false, [], false, 0, [], null, 0, 1744313901.052694, 0, {}]
[{"0": [2, 2, 1, 0, 1, 1, 2, 1, 2, 3, 2, 0, 2, 38, 29, 25]}, null, null, 105, false, [], false, 0, [], null, 0, 1744313901.247517, 0, {}]
[{"0": [4, 1, 2, 2, 1, 1, 2, 3, 3, 0, 3, 1, 41, 33, 30, 28]}, null, null, 106, false, [], false, 0, [], null, 0, 1744313901.4626074, 0, {}]
[{"0": [6, 3, 3, 2, 0, 3, 1, 0, 2, 5, 4, 3, 2, 1, 2, 1]}, null, null, 107, false, [], false, 0, [], null, 0, 1744313901.661781, 0, {}]
[{"0": [4, 3, 0, 1, 2, 0, 3, 2, 2, 3, 1, 0, 0, 1, 0, 3]}, null, null, 107, false, [], false, 0, [], null, 0, 1744313901.8688629, 0, {}]
[{"0": [0, 43, 1, 2, 1, 2, 2, 2, 3, 5, 2, 4, 1, 2, 0, 2]}, null, null, 108, false, [], false, 0, [], null, 0, 1744313902.0510383, 0, {}]
[{"0": [2, 3, 2, 2, 5, 1, 2, 1, 4, 3, 2, 26, 29, 44, 24, 37]}, null, null, 108, false, [], false, 0, [], null, 0, 1744313902.258966, 0, {}]
[{"0": [2, 3, 3, 4, 2, 3, 4, 41, 4, 1, 1, 0, 3, 1, 3, 3]}, null, null, 109, false, [], false, 0, [], null, 0, 1744313902.468667, 0, {}]
[{"0": [0, 1, 2, 0, 0, 3, 5, 4, 32, 37, 33, 35, 39, 32, 48, 28]}, null, null, 110, false, [], false, 0, [], null, 0, 1744313902.6493046, 0, {}]
[{"0": [5, 2, 36, 42, 0, 2, 2, 4, 3, 2, 2, 3, 2, 4, 3, 1]}, null, null, 110, false, [], false, 0, [], null, 0, 1744313902.8688781, 0, {}]
[{"0": [0, 5, 1, 1, 5, 2, 4, 0, 2, 34, 38, 1, 1, 1, 2, 3]}, null, null, 111, false, [], false, 0, [], null, 0, 1744313903.0466535, 0, {}]
[{"0": [29, 39, 36, 29, 31, 33, 1, 3, 4, 1, 0, 1, 1, 2, 2, 3]}, null, null, 111, false, [], false, 0, [], null, 0, 1744313903.2547138, 0, {}]
[{"0": [3, 1, 0, 2, 6, 0, 2, 3, 3, 2, 2, 1, 37, 25, 35, 3]}, null, null, 112, false, [], false, 0, [], null, 0, 1744313903.4527423, 0, {}]
[{"0": [1, 1, 1, 0, 1, 1, 0, 0, 3, 3, 1, 7, 4, 3, 29, 23]}, null, null, 113, false, [], false, 0, [], null, 0, 1744313903.647163, 0, {}]
[{"0": [1, 6, 34, 41, 40, 4, 0, 3, 3, 1, 2, 2, 3, 1, 1, 1]}, null, null, 113, false, [], false, 0, [], null, 0, 1744313903.8529642, 0, {}]
[{"0": [1, 1, 1, 0, 0, 29, 26, 28, 27, 42, 29, 35, 32, 23, 34, 31]}, null, null, 114, false, [], false, 0, [], null, 0, 1744313904.0458653, 0, {}]
[{"0": [1, 0, 1, 3, 1, 6, 1, 2, 5, 3, 2, 6, 3, 36, 2, 2]}, null, null, 114, false, [], false, 0, [], null, 0, 1744313904.2501678, 0, {}]
[{"0": [3, 1, 0, 2, 4, 3, 0, 6, 0, 3, 1, 2, 1, 29, 39, 28]}, null, null, 115, false, [], false, 0, [], null, 0, 1744313904.44501, 0, {}]
[{"0": [1, 1, 2, 1, 0, 0, 1, 2, 3, 1, 3, 2, 1, 37, 33, 40]}, null, null, 116, false, [], false, 0, [], null, 0, 1744313904.6655474, 0, {}]
[{"0": [2, 2, 4, 2, 2, 2, 1, 0, 2, 31, 26, 30, 22, 34, 28, 38]}, null, null, 116, false, [], false, 0, [], null, 0, 1744313904.8573544, 0, {}]
[{"0": [0, 1, 4, 2, 4, 3, 43, 29, 41, 20, 29, 46, 2, 2, 0, 2]}, null, null, 117, false, [], false, 0, [], null, 0, 1744313905.052351, 0, {}]
[{"0": [2, 3, 31, 36, 47, 29, 24, 28, 38, 31, 27, 34, 35, 6, 0, 1]}, null, null, 117, false, [], false, 0, [], null, 0, 1744313905.2574208, 0, {}]
[{"0": [1, 34, 44, 37, 38, 39, 4, 2, 1, 3, 3, 1, 3, 1, 4, 1]}, null, null, 118, false, [], false, 0, [], null, 0, 1744313905.462818, 0, {}]
[{"0": [2, 0, 1, 4, 36, 23, 30, 37, 32, 2, 1, 3, 4, 1, 2, 1]}, null, null, 119, false, [], false, 0, [], null, 0, 1744313905.665759, 0, {}]
[{"0": [2, 2, 29, 37, 42, 42, 33, 25, 36, 37, 33, 33, 35, 47, 27, 38]}, null, null, 119, false, [], false, 0, [], null, 0, 1744313905.867298, 0, {}]
[{"0": [0, 6, 0, 6, 1, 1, 3, 4, 32, 38, 3, 1, 2, 1, 3, 5]}, null, null, 120, false, [], false, 0, [], null, 0, 1744313906.046179, 0, {}]
[{"0": [34, 25, 38, 38, 1, 4, 2, 3, 3, 4, 0, 3, 1, 2, 2, 0]}, null, null, 120, false, [], false, 0, [], null, 0, 1744313906.2499166, 0, {}]
[{"0": [1, 2, 2, 3, 2, 28, 40, 43, 26, 35, 36, 33, 40, 33, 38, 3]}, null, null, 121, false, [], false, 0, [], null, 0, 1744313906.4636831, 0, {}]
[{"0": [1, 1, 3, 3, 0, 2, 2, 3, 2, 2, 3, 1, 0, 1, 2, 30]}, null, null, 122, false, [], false, 0, [], null, 0, 1744313906.650508, 0, {}]
[{"0": [2, 3, 4, 24, 30, 33, 41, 30, 34, 3, 1, 2, 2, 3, 0, 0]}, null, null, 122, false, [], false, 0, [], null, 0, 1744313906.8556516, 0, {}]
[{"0": [2, 3, 4, 0, 1, 44, 2, 5, 2, 2, 0, 2, 3, 3, 4, 4]}, null, null, 123, false, [], false, 0, [], null, 0, 1744313907.0599277, 0, {}]
[{"0": [1, 39, 40, 39, 28, 3, 3, 0, 2, 2, 1, 2, 1, 2, 2, 1]}, null, null, 123, false, [], false, 0, [], null, 0, 1744313907.2636354, 0, {}]
[{"0": [2, 1, 2, 0, 1, 1, 3, 1, 5, 1, 1, 3, 2, 2, 1, 38]}, null, null, 124, false, [], false, 0, [], null, 0, 1744313907.4600413, 0, {}]
[{"0": [4, 4, 2, 3, 4, 3, 0, 0, 3, 2, 3, 2, 25, 33, 0, 4]}, null, null, 125, false, [], false, 0, [], null, 0, 1744313907.6561973, 0, {}]
[{"0": [1, 2, 1, 4, 2, 5, 2, 35, 37, 39, 1, 4, 2, 1, 2, 0]}, null, null, 125, false, [], false, 0, [], null, 0, 1744313907.8640316, 0, {}]
[{"0": [1, 1, 1, 0, 2, 1, 2, 0, 1, 2, 2, 3, 3, 1, 3, 30]}, null, null, 126, false, [], false, 0, [], null, 0, 1744313908.0441372, 0, {}]
[{"0": [3, 1, 3, 0, 3, 0, 4, 1, 1, 0, 3, 1, 31, 31, 32, 37]}, null, null, 127, false, [], false, 0, [], null, 0, 1744313908.2669945, 0, {}]
[{"0": [1, 2, 6, 4, 3, 1, 3, 4, 4, 1, 2, 3, 35, 41, 34, 33]}, null, null, 127, false, [], false, 0, [], null, 0, 1744313908.449281, 0, {}]
[{"0": [2, 4, 2, 4, 2, 2, 2, 0, 1, 39, 30, 4, 2, 1, 0, 2]}, null, null, 128, false, [], false, 0, [], null, 0, 1744313908.6651852, 0, {}]
[{"0": [5, 1, 1, 5, 5, 2, 44, 40, 2, 3, 2, 2, 1, 1, 1, 1]}, null, null, 128, false, [], false, 0, [], null, 0, 1744313908.8531275, 0, {}]
[{"0": [36, 32, 46, 26, 29, 33, 42, 38, 36, 7, 1, 1, 2, 3, 7, 0]}, null, null, 129, false, [], false, 0, [], null, 0, 1744313909.0466518, 0, {}]
[{"0": [4, 1, 6, 0, 3, 1, 4, 1, 2, 1, 1, 1, 4, 30, 0, 3]}, null, null, 130, false, [], false, 0, [], null, 0, 1744313909.2665043, 0, {}]
[{"0": [3, 3, 2, 3, 1, 1, 2, 2, 2, 4, 4, 4, 1, 1, 4, 36]}, null, null, 130, false, [], false, 0, [], null, 0, 1744313909.4492168, 0, {}]
[{"0": [3, 0, 4, 3, 1, 4, 5, 2, 2, 29, 40, 41, 35, 1, 4, 1]}, null, null, 131, false, [], false, 0, [], null, 0, 1744313909.665251, 0, {}]
[{"0": [0, 2, 2, 2, 1, 1, 0, 1, 1, 1, 3, 3, 1, 1, 31, 38]}, null, null, 131, false, [], false, 0, [], null, 0, 1744313909.8521676, 0, {}]
[{"0": [3, 6, 3, 1, 1, 3, 1, 3, 5, 1, 0, 4, 3, 37, 41, 4]}, null, null, 132, false, [], false, 0, [], null, 0, 1744313910.0563998, 0, {}]
[{"0": [3, 2, 0, 1, 1, 2, 0, 1, 2, 28, 36, 26, 0, 1, 0, 1]}, null, null, 133, false, [], false, 0, [], null, 0, 1744313910.2510202, 0, {}]
[{"0": [5, 0, 1, 1, 2, 4, 3, 1, 3, 5, 1, 1, 0, 2, 2, 1]}, null, null, 133, false, [], false, 0, [], null, 0, 1744313910.4507058, 0, {}]
[{"0": [2, 0, 1, 1, 3, 0, 1, 1, 2, 2, 30, 2, 3, 1, 2, 0]}, null, null, 134, false, [], false, 0, [], null, 0, 1744313910.6615639, 0, {}]
[{"0": [0, 1, 0, 2, 4, 1, 35, 1, 2, 1, 0, 2, 2, 2, 2, 2]}, null, null, 134, false, [], false, 0, [], null, 0, 1744313910.8632574, 0, {}]
[{"0": [3, 3, 0, 2, 1, 2, 2, 1, 2, 1, 5, 1, 1, 0, 1, 2]}, null, null, 135, false, [], false, 0, [], null, 0, 1744313911.0516226, 0, {}]
[{"0": [3, 1, 1, 5, 24, 50, 4, 0, 5, 2, 1, 2, 3, 1, 1, 3]}, null, null, 136, false, [], false, 0, [], null, 0, 1744313911.26341, 0, {}]
[{"0": [3, 4, 3, 1, 2, 2, 4, 3, 5, 3, 3, 0, 2, 41, 1, 1]}, null, null, 136, false, [], false, 0, [], null, 0, 1744313911.4510553, 0, {}]
[{"0": [2, 2, 1, 4, 2, 3, 3, 6, 1, 1, 4, 3, 3, 5, 3, 3]}, null, null, 137, false, [], false, 0, [], null, 0, 1744313911.6482224, 0, {}]
[{"0": [4, 3, 1, 1, 1, 3, 0, 2, 41, 34, 31, 38, 34, 29, 34, 33]}, null, null, 137, false, [], false, 0, [], null, 0, 1744313911.861146, 0, {}]
[{"0": [1, 0, 3, 2, 1, 1, 2, 1, 1, 39, 30, 1, 1, 2, 2, 2]}, null, null, 138, false, [], false, 0, [], null, 0, 1744313912.045039, 0, {}]
[{"0": [1, 4, 2, 34, 37, 3, 0, 1, 0, 1, 3, 3, 0, 6, 1, 2]}, null, null, 139, false, [], false, 0, [], null, 0, 1744313912.2440717, 0, {}]
[{"0": [1, 34, 34, 3, 2, 1, 1, 1, 3, 2, 2, 3, 2, 3, 1, 0]}, null, null, 139, false, [], false, 0, [], null, 0, 1744313912.446988, 0, {}]
[{"0": [3, 4, 4, 5, 4, 1, 1, 5, 2, 25, 37, 39, 38, 38, 32, 33]}, null, null, 140, false, [], false, 0, [], null, 0, 1744313912.664977, 0, {}]
[{"0": [1, 0, 2, 0, 1, 5, 1, 2, 0, 29, 39, 33, 35, 33, 25, 1]}, null, null, 140, false, [], false, 0, [], null, 0, 1744313912.8444912, 0, {}]
[{"0": [2, 3, 2, 3, 3, 1, 3, 2, 38, 42, 36, 42, 27, 25, 2, 1]}, null, null, 141, false, [], false, 0, [], null, 0, 1744313913.055814, 0, {}]
[{"0": [1, 4, 3, 2, 31, 27, 37, 41, 3, 2, 2, 0, 0, 3, 1, 2]}, null, null, 142, false, [], false, 0, [], null, 0, 1744313913.2549655, 0, {}]
[{"0": [0, 2, 1, 0, 1, 1, 4, 5, 1, 29, 29, 42, 24, 31, 0, 2]}, null, null, 142, false, [], false, 0, [], null, 0, 1744313913.4501207, 0, {}]
[{"0": [5, 2, 2, 30, 35, 39, 27, 3, 0, 1, 1, 2, 1, 2, 2, 5]}, null, null, 143, false, [], false, 0, [], null, 0, 1744313913.6652923, 0, {}]
[{"0": [1, 0, 1, 2, 1, 8, 0, 2, 3, 1, 5, 2, 33, 35, 35, 30]}, null, null, 143, false, [], false, 0, [], null, 0, 1744313913.8670678, 0, {}]
[{"0": [3, 4, 1, 0, 1, 1, 3, 2, 5, 4, 5, 2, 2, 0, 1, 33]}, null, null, 144, false, [], false, 0, [], null, 0, 1744313914.063096, 0, {}]
[{"0": [1, 3, 0, 1, 1, 3, 3, 4, 3, 3, 1, 1, 3, 3, 2, 2]}, null, null, 145, false, [], false, 0, [], null, 0, 1744313914.2459228, 0, {}]
[{"0": [3, 3, 3, 6, 2, 1, 1, 5, 5, 1, 2, 5, 3, 0, 3, 0]}, null, null, 145, false, [], false, 0, [], null, 0, 1744313914.469095, 0, {}]
[{"0": [5, 1, 2, 0, 33, 44, 41, 40, 34, 35, 33, 0, 4, 2, 2, 3]}, null, null, 146, false, [], false, 0, [], null, 0, 1744313914.6663482, 0, {}]
[{"0": [2, 0, 1, 4, 4, 2, 2, 1, 0, 29, 28, 25, 3, 3, 3, 3]}, null, null, 146, false, [], false, 0, [], null, 0, 1744313914.8521469, 0, {}]
[{"0": [2, 1, 2, 5, 2, 0, 2, 35, 29, 28, 35, 33, 2, 4, 2, 6]}, null, null, 147, false, [], false, 0, [], null, 0, 1744313915.0475113, 0, {}]
[{"0": [1, 2, 2, 4, 0, 3, 3, 3, 2, 2, 1, 1, 5, 1, 3, 4]}, null, null, 148, false, [], false, 0, [], null, 0, 1744313915.249565, 0, {}]
[{"0": [1, 2, 3, 0, 2, 2, 3, 1, 0, 5, 26, 32, 39, 5, 0, 2]}, null, null, 148, false, [], false, 0, [], null, 0, 1744313915.4467437, 0, {}]
[{"0": [2, 3, 34, 42, 41, 36, 1, 5, 2, 2, 1, 3, 2, 2, 1, 3]}, null, null, 149, false, [], false, 0, [], null, 0, 1744313915.660409, 0, {}]
[{"0": [0, 2, 2, 3, 41, 40, 19, 40, 32, 27, 44, 30, 51, 40, 42, 39]}, null, null, 149, false, [], false, 0, [], null, 0, 1744313915.8419614, 0, {}]
[{"0": [0, 1, 0, 0, 2, 0, 1, 2, 2, 42, 33, 26, 2, 2, 3, 1]}, null, null, 150, true, [], false, 0, [], null, 0, 1744313916.0593603, 0, {}]
