[{"0": [4, 0, 1, 2, 3, 1, 36, 1, 1, 1, 3, 3, 1, 1, 2, 0]}, null, null, 0, false, [], false, 0, [], null, 0, 1744321615.387081, 0, {}]
[{"0": [2, 36, 30, 41, 28, 30, 36, 38, 27, 29, 27, 32, 34, 26, 40, 38]}, null, null, 1, false, [], false, 0, [], null, 0, 1744321615.6127818, 0, {}]
[{"0": [1, 27, 35, 30, 38, 37, 28, 33, 33, 53, 0, 3, 1, 1, 2, 1]}, null, null, 1, false, [], false, 0, [], null, 0, 1744321615.815009, 0, {}]
[{"0": [2, 35, 33, 31, 31, 33, 34, 34, 1, 0, 1, 1, 3, 3, 5, 3]}, null, null, 2, false, [], false, 0, [], null, 0, 1744321616.0255775, 0, {}]
[{"0": [4, 31, 3, 0, 4, 1, 3, 2, 3, 0, 0, 1, 3, 1, 4, 3]}, null, null, 2, false, [], false, 0, [], null, 0, 1744321616.2500465, 0, {}]
[{"0": [2, 26, 30, 42, 36, 31, 28, 28, 2, 1, 0, 0, 5, 3, 4, 2]}, null, null, 3, false, [], false, 0, [], null, 0, 1744321616.4173641, 0, {}]
[{"0": [38, 38, 2, 1, 3, 4, 0, 1, 0, 2, 2, 1, 2, 0, 2, 0]}, null, null, 4, false, [], false, 0, [], null, 0, 1744321616.6241405, 0, {}]
[{"0": [4, 33, 32, 31, 3, 3, 2, 0, 3, 1, 1, 3, 1, 0, 1, 5]}, null, null, 4, false, [], false, 0, [], null, 0, 1744321616.8242385, 0, {}]
[{"0": [2, 35, 27, 1, 0, 11, 2, 0, 0, 1, 1, 1, 1, 0, 1, 5]}, null, null, 5, false, [], false, 0, [], null, 0, 1744321617.0135982, 0, {}]
[{"0": [4, 40, 32, 1, 3, 1, 1, 1, 2, 2, 2, 2, 1, 3, 0, 2]}, null, null, 5, false, [], false, 0, [], null, 0, 1744321617.2220337, 0, {}]
[{"0": [0, 35, 33, 42, 35, 28, 25, 19, 0, 3, 1, 2, 1, 6, 1, 0]}, null, null, 6, false, [], false, 0, [], null, 0, 1744321617.4070218, 0, {}]
[{"0": [36, 1, 2, 0, 0, 3, 0, 0, 2, 0, 3, 3, 1, 4, 3, 3]}, null, null, 7, false, [], false, 0, [], null, 0, 1744321617.613627, 0, {}]
[{"0": [2, 37, 29, 26, 36, 42, 34, 30, 27, 33, 25, 23, 39, 27, 22, 2]}, null, null, 7, false, [], false, 0, [], null, 0, 1744321617.8238108, 0, {}]
[{"0": [27, 34, 32, 4, 2, 2, 3, 1, 0, 2, 1, 2, 2, 2, 1, 1]}, null, null, 8, false, [], false, 0, [], null, 0, 1744321618.010844, 0, {}]
[{"0": [3, 30, 29, 21, 38, 1, 4, 1, 1, 3, 1, 1, 3, 1, 3, 3]}, null, null, 8, false, [], false, 0, [], null, 0, 1744321618.2141376, 0, {}]
[{"0": [0, 36, 29, 21, 36, 35, 35, 30, 2, 3, 4, 2, 0, 3, 2, 5]}, null, null, 9, false, [], false, 0, [], null, 0, 1744321618.4174144, 0, {}]
[{"0": [4, 33, 30, 5, 3, 3, 1, 2, 2, 0, 0, 3, 3, 0, 1, 2]}, null, null, 10, false, [], false, 0, [], null, 0, 1744321618.623988, 0, {}]
[{"0": [0, 32, 32, 24, 28, 27, 22, 27, 37, 32, 29, 41, 2, 0, 2, 3]}, null, null, 10, false, [], false, 0, [], null, 0, 1744321618.8171334, 0, {}]
[{"0": [1, 3, 1, 3, 1, 0, 2, 1, 1, 3, 1, 2, 1, 2, 2, 2]}, null, null, 11, false, [], false, 0, [], null, 0, 1744321619.0163164, 0, {}]
[{"0": [3, 4, 2, 3, 0, 3, 2, 5, 24, 27, 41, 28, 30, 27, 33, 34]}, null, null, 11, false, [], false, 0, [], null, 0, 1744321619.227026, 0, {}]
[{"0": [2, 0, 1, 1, 0, 4, 1, 1, 2, 3, 2, 4, 3, 0, 3, 2]}, null, null, 12, false, [], false, 0, [], null, 0, 1744321619.4184868, 0, {}]
[{"0": [2, 32, 28, 24, 25, 0, 3, 1, 2, 1, 1, 2, 3, 1, 3, 4]}, null, null, 13, false, [], false, 0, [], null, 0, 1744321619.6182046, 0, {}]
[{"0": [1, 2, 4, 2, 1, 2, 5, 2, 3, 1, 4, 6, 0, 1, 1, 3]}, null, null, 13, false, [], false, 0, [], null, 0, 1744321619.824314, 0, {}]
[{"0": [0, 24, 2, 3, 1, 2, 1, 5, 3, 4, 2, 0, 2, 1, 1, 2]}, null, null, 14, false, [], false, 0, [], null, 0, 1744321620.0644798, 0, {}]
[{"0": [24, 31, 25, 41, 0, 1, 3, 2, 1, 3, 3, 3, 1, 2, 1, 2]}, null, null, 14, false, [], false, 0, [], null, 0, 1744321620.2103598, 0, {}]
[{"0": [0, 28, 27, 3, 0, 6, 1, 1, 3, 3, 3, 1, 1, 1, 1, 3]}, null, null, 15, false, [], false, 0, [], null, 0, 1744321620.4175785, 0, {}]
[{"0": [2, 31, 26, 25, 29, 22, 32, 40, 27, 30, 29, 31, 30, 25, 20, 41]}, null, null, 16, false, [], false, 0, [], null, 0, 1744321620.6198046, 0, {}]
[{"0": [1, 32, 28, 38, 3, 1, 1, 2, 2, 3, 0, 2, 1, 2, 1, 1]}, null, null, 16, false, [], false, 0, [], null, 0, 1744321620.8268301, 0, {}]
[{"0": [2, 29, 27, 1, 2, 4, 5, 1, 1, 2, 5, 1, 2, 4, 0, 0]}, null, null, 17, false, [], false, 0, [], null, 0, 1744321621.0292084, 0, {}]
[{"0": [1, 1, 1, 2, 2, 0, 0, 5, 2, 0, 5, 3, 3, 3, 1, 2]}, null, null, 17, false, [], false, 0, [], null, 0, 1744321621.2232928, 0, {}]
[{"0": [0, 26, 22, 1, 2, 3, 1, 1, 2, 1, 2, 1, 1, 0, 3, 2]}, null, null, 18, false, [], false, 0, [], null, 0, 1744321621.42346, 0, {}]
[{"0": [2, 21, 2, 1, 0, 1, 1, 2, 4, 3, 1, 0, 0, 3, 0, 2]}, null, null, 19, false, [], false, 0, [], null, 0, 1744321621.6230705, 0, {}]
[{"0": [1, 0, 3, 1, 3, 1, 1, 3, 2, 1, 2, 0, 1, 0, 1, 0]}, null, null, 19, false, [], false, 0, [], null, 0, 1744321621.8075871, 0, {}]
[{"0": [0, 6, 1, 2, 4, 2, 1, 4, 0, 1, 0, 1, 2, 3, 0, 2]}, null, null, 20, false, [], false, 0, [], null, 0, 1744321622.024, 0, {}]
[{"0": [2, 41, 37, 28, 5, 3, 4, 3, 1, 1, 2, 2, 1, 2, 4, 1]}, null, null, 20, false, [], false, 0, [], null, 0, 1744321622.2131164, 0, {}]
[{"0": [1, 41, 38, 28, 29, 33, 32, 1, 2, 0, 0, 2, 1, 0, 2, 1]}, null, null, 21, false, [], false, 0, [], null, 0, 1744321622.426311, 0, {}]
[{"0": [2, 30, 18, 35, 1, 0, 2, 3, 1, 1, 0, 3, 0, 0, 2, 0]}, null, null, 22, false, [], false, 0, [], null, 0, 1744321622.6209116, 0, {}]
[{"0": [1, 0, 0, 4, 1, 3, 2, 3, 3, 0, 3, 2, 1, 2, 3, 3]}, null, null, 22, false, [], false, 0, [], null, 0, 1744321622.8266752, 0, {}]
[{"0": [30, 25, 28, 26, 34, 32, 39, 4, 1, 1, 1, 0, 3, 1, 3, 2]}, null, null, 23, false, [], false, 0, [], null, 0, 1744321623.0278587, 0, {}]
[{"0": [2, 26, 25, 26, 30, 33, 28, 29, 28, 22, 45, 34, 22, 36, 36, 29]}, null, null, 23, false, [], false, 0, [], null, 0, 1744321623.2242157, 0, {}]
[{"0": [0, 31, 33, 4, 2, 2, 0, 1, 3, 1, 3, 1, 3, 2, 0, 3]}, null, null, 24, false, [], false, 0, [], null, 0, 1744321623.425554, 0, {}]
[{"0": [2, 32, 31, 25, 32, 4, 1, 0, 3, 2, 3, 1, 1, 0, 2, 2]}, null, null, 25, false, [], false, 0, [], null, 0, 1744321623.6212363, 0, {}]
[{"0": [2, 1, 2, 2, 0, 2, 1, 1, 5, 0, 2, 2, 3, 3, 0, 1]}, null, null, 25, false, [], false, 0, [], null, 0, 1744321623.8245394, 0, {}]
[{"0": [1, 30, 33, 38, 0, 1, 0, 4, 0, 1, 1, 1, 0, 0, 2, 3]}, null, null, 26, false, [], false, 0, [], null, 0, 1744321624.010875, 0, {}]
[{"0": [1, 29, 42, 36, 44, 27, 23, 20, 3, 0, 3, 2, 4, 1, 3, 1]}, null, null, 27, false, [], false, 0, [], null, 0, 1744321624.220502, 0, {}]
[{"0": [1, 33, 29, 27, 35, 35, 28, 25, 33, 27, 3, 2, 1, 1, 2, 2]}, null, null, 27, false, [], false, 0, [], null, 0, 1744321624.4233034, 0, {}]
[{"0": [2, 26, 0, 2, 3, 2, 2, 1, 3, 1, 0, 4, 2, 1, 2, 3]}, null, null, 28, false, [], false, 0, [], null, 0, 1744321624.6307564, 0, {}]
[{"0": [3, 38, 42, 0, 3, 2, 4, 1, 1, 3, 1, 0, 3, 1, 1, 1]}, null, null, 28, false, [], false, 0, [], null, 0, 1744321624.830085, 0, {}]
[{"0": [1, 27, 0, 0, 1, 1, 1, 6, 2, 3, 2, 1, 1, 1, 1, 1]}, null, null, 29, false, [], false, 0, [], null, 0, 1744321625.0224903, 0, {}]
[{"0": [3, 39, 32, 30, 4, 2, 1, 3, 2, 2, 0, 4, 3, 2, 0, 1]}, null, null, 30, false, [], false, 0, [], null, 0, 1744321625.216648, 0, {}]
[{"0": [1, 37, 38, 42, 30, 27, 2, 1, 4, 2, 2, 3, 0, 2, 3, 0]}, null, null, 30, false, [], false, 0, [], null, 0, 1744321625.4259267, 0, {}]
[{"0": [2, 1, 2, 2, 0, 0, 2, 2, 1, 1, 1, 2, 2, 0, 2, 2]}, null, null, 31, false, [], false, 0, [], null, 0, 1744321625.618769, 0, {}]
[{"0": [0, 2, 0, 3, 3, 2, 7, 0, 1, 3, 1, 2, 4, 0, 2, 2]}, null, null, 31, false, [], false, 0, [], null, 0, 1744321625.8224602, 0, {}]
[{"0": [2, 26, 30, 29, 3, 0, 5, 4, 2, 2, 1, 1, 2, 1, 1, 1]}, null, null, 32, false, [], false, 0, [], null, 0, 1744321626.027972, 0, {}]
[{"0": [34, 0, 0, 0, 1, 2, 2, 2, 2, 2, 1, 1, 2, 4, 0, 2]}, null, null, 33, false, [], false, 0, [], null, 0, 1744321626.2208714, 0, {}]
[{"0": [31, 21, 31, 43, 28, 2, 0, 3, 1, 1, 4, 1, 0, 2, 5, 2]}, null, null, 33, false, [], false, 0, [], null, 0, 1744321626.4228058, 0, {}]
[{"0": [3, 28, 30, 33, 0, 2, 2, 1, 2, 0, 0, 5, 0, 1, 3, 1]}, null, null, 34, false, [], false, 0, [], null, 0, 1744321626.6189709, 0, {}]
[{"0": [2, 24, 23, 31, 35, 1, 4, 2, 2, 3, 1, 0, 1, 0, 2, 1]}, null, null, 34, false, [], false, 0, [], null, 0, 1744321626.828322, 0, {}]
[{"0": [1, 3, 4, 0, 3, 3, 0, 1, 1, 1, 29, 26, 25, 35, 35, 19]}, null, null, 35, false, [], false, 0, [], null, 0, 1744321627.0246418, 0, {}]
[{"0": [2, 1, 0, 2, 3, 1, 2, 1, 1, 4, 3, 0, 0, 3, 3, 0]}, null, null, 36, false, [], false, 0, [], null, 0, 1744321627.2183769, 0, {}]
[{"0": [2, 4, 2, 2, 5, 3, 0, 2, 3, 1, 2, 3, 2, 3, 1, 4]}, null, null, 36, false, [], false, 0, [], null, 0, 1744321627.4169176, 0, {}]
[{"0": [0, 25, 3, 3, 2, 3, 1, 2, 1, 0, 4, 1, 1, 2, 1, 1]}, null, null, 37, false, [], false, 0, [], null, 0, 1744321627.6294618, 0, {}]
[{"0": [1, 3, 2, 4, 3, 0, 2, 1, 3, 0, 1, 1, 2, 2, 2, 0]}, null, null, 37, false, [], false, 0, [], null, 0, 1744321627.8282876, 0, {}]
[{"0": [6, 36, 32, 34, 36, 22, 0, 2, 3, 0, 0, 5, 2, 1, 1, 0]}, null, null, 38, false, [], false, 0, [], null, 0, 1744321628.020264, 0, {}]
[{"0": [4, 36, 39, 24, 3, 2, 2, 2, 3, 4, 3, 2, 3, 3, 0, 3]}, null, null, 39, false, [], false, 0, [], null, 0, 1744321628.2287169, 0, {}]
[{"0": [3, 45, 29, 31, 36, 29, 25, 32, 30, 3, 3, 3, 2, 7, 1, 0]}, null, null, 39, false, [], false, 0, [], null, 0, 1744321628.4215136, 0, {}]
[{"0": [6, 2, 1, 2, 1, 5, 3, 0, 2, 0, 22, 37, 35, 35, 37, 30]}, null, null, 40, false, [], false, 0, [], null, 0, 1744321628.6289647, 0, {}]
[{"0": [1, 29, 39, 33, 0, 3, 1, 2, 2, 3, 2, 3, 2, 0, 1, 2]}, null, null, 40, false, [], false, 0, [], null, 0, 1744321628.8156347, 0, {}]
[{"0": [42, 28, 31, 38, 32, 36, 1, 2, 3, 1, 2, 1, 1, 0, 4, 1]}, null, null, 41, false, [], false, 0, [], null, 0, 1744321629.0217829, 0, {}]
[{"0": [2, 33, 26, 43, 26, 19, 22, 27, 21, 27, 33, 31, 38, 1, 2, 1]}, null, null, 42, false, [], false, 0, [], null, 0, 1744321629.2089415, 0, {}]
[{"0": [1, 3, 3, 3, 28, 1, 0, 2, 1, 2, 0, 0, 0, 1, 2, 1]}, null, null, 42, false, [], false, 0, [], null, 0, 1744321629.4127023, 0, {}]
[{"0": [0, 34, 20, 23, 5, 0, 2, 2, 4, 3, 0, 2, 5, 3, 3, 1]}, null, null, 43, false, [], false, 0, [], null, 0, 1744321629.6245446, 0, {}]
[{"0": [3, 4, 2, 0, 1, 2, 2, 1, 1, 3, 6, 0, 1, 2, 2, 2]}, null, null, 43, false, [], false, 0, [], null, 0, 1744321629.8132803, 0, {}]
[{"0": [3, 1, 3, 1, 2, 1, 0, 0, 2, 3, 1, 3, 1, 1, 1, 2]}, null, null, 44, false, [], false, 0, [], null, 0, 1744321630.0204837, 0, {}]
[{"0": [1, 2, 1, 2, 3, 1, 2, 2, 2, 34, 36, 3, 2, 1, 2, 0]}, null, null, 45, false, [], false, 0, [], null, 0, 1744321630.2219238, 0, {}]
[{"0": [0, 31, 39, 25, 31, 35, 34, 22, 27, 41, 34, 27, 34, 2, 2, 0]}, null, null, 45, false, [], false, 0, [], null, 0, 1744321630.4193192, 0, {}]
[{"0": [2, 39, 29, 39, 1, 1, 2, 2, 2, 0, 4, 1, 3, 4, 2, 1]}, null, null, 46, false, [], false, 0, [], null, 0, 1744321630.627843, 0, {}]
[{"0": [21, 3, 2, 0, 2, 2, 2, 1, 3, 2, 1, 3, 2, 1, 2, 2]}, null, null, 46, false, [], false, 0, [], null, 0, 1744321630.8208692, 0, {}]
[{"0": [0, 39, 31, 47, 3, 3, 3, 2, 2, 2, 2, 2, 2, 2, 1, 0]}, null, null, 47, false, [], false, 0, [], null, 0, 1744321631.0334477, 0, {}]
[{"0": [0, 34, 35, 35, 29, 3, 1, 5, 3, 1, 0, 0, 3, 1, 0, 1]}, null, null, 48, false, [], false, 0, [], null, 0, 1744321631.2235131, 0, {}]
[{"0": [0, 21, 22, 27, 2, 2, 1, 1, 1, 0, 1, 6, 2, 2, 0, 1]}, null, null, 48, false, [], false, 0, [], null, 0, 1744321631.4260252, 0, {}]
[{"0": [36, 31, 5, 0, 1, 2, 3, 2, 2, 3, 3, 0, 2, 3, 1, 1]}, null, null, 49, false, [], false, 0, [], null, 0, 1744321631.6240733, 0, {}]
[{"0": [2, 28, 24, 26, 35, 29, 33, 28, 16, 25, 34, 2, 3, 1, 1, 5]}, null, null, 49, false, [], false, 0, [], null, 0, 1744321631.8162596, 0, {}]
[{"0": [2, 32, 27, 24, 39, 1, 5, 2, 0, 2, 1, 3, 1, 0, 0, 1]}, null, null, 50, false, [], false, 0, [], null, 0, 1744321632.028001, 0, {}]
[{"0": [1, 35, 22, 33, 40, 28, 32, 32, 28, 2, 1, 2, 3, 3, 3, 3]}, null, null, 51, false, [], false, 0, [], null, 0, 1744321632.2195833, 0, {}]
[{"0": [2, 23, 35, 28, 28, 35, 36, 33, 31, 28, 35, 30, 37, 2, 2, 1]}, null, null, 51, false, [], false, 0, [], null, 0, 1744321632.4269936, 0, {}]
[{"0": [1, 20, 2, 1, 1, 0, 4, 1, 2, 0, 4, 1, 5, 15, 11, 23]}, null, null, 52, false, [], false, 0, [], null, 0, 1744321632.6190398, 0, {}]
[{"0": [24, 26, 21, 29, 31, 31, 31, 40, 31, 28, 33, 31, 3, 5, 3, 1]}, null, null, 52, false, [], false, 0, [], null, 0, 1744321632.8324711, 0, {}]
[{"0": [2, 2, 1, 2, 4, 5, 2, 1, 1, 1, 2, 0, 1, 0, 5, 4]}, null, null, 53, false, [], false, 0, [], null, 0, 1744321633.0233335, 0, {}]
[{"0": [1, 32, 0, 2, 1, 1, 3, 1, 1, 2, 2, 1, 2, 2, 2, 2]}, null, null, 54, false, [], false, 0, [], null, 0, 1744321633.2313216, 0, {}]
[{"0": [23, 29, 31, 18, 35, 29, 28, 3, 4, 2, 2, 0, 2, 4, 1, 3]}, null, null, 54, false, [], false, 0, [], null, 0, 1744321633.4259372, 0, {}]
[{"0": [1, 31, 40, 45, 23, 1, 2, 3, 3, 2, 1, 5, 1, 3, 3, 0]}, null, null, 55, false, [], false, 0, [], null, 0, 1744321633.629137, 0, {}]
[{"0": [3, 25, 34, 44, 31, 35, 25, 24, 38, 35, 28, 41, 22, 36, 26, 40]}, null, null, 55, false, [], false, 0, [], null, 0, 1744321633.8188171, 0, {}]
[{"0": [1, 39, 2, 0, 0, 1, 2, 3, 2, 2, 0, 0, 4, 1, 1, 1]}, null, null, 56, false, [], false, 0, [], null, 0, 1744321634.0256343, 0, {}]
[{"0": [4, 29, 20, 31, 37, 20, 27, 33, 27, 36, 42, 31, 28, 32, 30, 27]}, null, null, 57, false, [], false, 0, [], null, 0, 1744321634.2138562, 0, {}]
[{"0": [4, 2, 3, 4, 3, 0, 1, 1, 1, 1, 31, 30, 31, 38, 2, 2]}, null, null, 57, false, [], false, 0, [], null, 0, 1744321634.4202626, 0, {}]
[{"0": [6, 30, 27, 40, 36, 4, 0, 0, 0, 2, 3, 1, 1, 1, 2, 1]}, null, null, 58, false, [], false, 0, [], null, 0, 1744321634.6101248, 0, {}]
[{"0": [29, 30, 32, 32, 34, 3, 0, 2, 1, 1, 0, 1, 1, 1, 3, 2]}, null, null, 58, false, [], false, 0, [], null, 0, 1744321634.810209, 0, {}]
[{"0": [1, 3, 2, 38, 23, 30, 31, 29, 14, 33, 37, 35, 33, 3, 2, 4]}, null, null, 59, false, [], false, 0, [], null, 0, 1744321635.0172343, 0, {}]
[{"0": [4, 31, 33, 32, 24, 38, 29, 22, 0, 1, 1, 2, 1, 1, 1, 1]}, null, null, 60, false, [], false, 0, [], null, 0, 1744321635.2162743, 0, {}]
[{"0": [1, 24, 30, 35, 33, 15, 33, 1, 0, 1, 0, 2, 1, 0, 0, 2]}, null, null, 60, false, [], false, 0, [], null, 0, 1744321635.4280462, 0, {}]
[{"0": [26, 29, 33, 33, 24, 1, 2, 2, 2, 2, 1, 3, 2, 1, 1, 0]}, null, null, 61, false, [], false, 0, [], null, 0, 1744321635.6202385, 0, {}]
[{"0": [0, 39, 28, 43, 38, 2, 2, 0, 3, 6, 1, 3, 3, 3, 4, 2]}, null, null, 61, false, [], false, 0, [], null, 0, 1744321635.8101351, 0, {}]
[{"0": [0, 26, 31, 37, 36, 3, 1, 1, 2, 2, 1, 0, 1, 2, 0, 0]}, null, null, 62, false, [], false, 0, [], null, 0, 1744321636.0210233, 0, {}]
[{"0": [8, 31, 30, 32, 29, 37, 29, 1, 2, 0, 0, 2, 2, 1, 0, 1]}, null, null, 63, false, [], false, 0, [], null, 0, 1744321636.228253, 0, {}]
[{"0": [0, 31, 38, 27, 28, 32, 34, 30, 3, 2, 0, 0, 3, 0, 1, 3]}, null, null, 63, false, [], false, 0, [], null, 0, 1744321636.424117, 0, {}]
[{"0": [38, 37, 25, 26, 35, 25, 30, 32, 1, 1, 0, 0, 1, 2, 2, 0]}, null, null, 64, false, [], false, 0, [], null, 0, 1744321636.6143892, 0, {}]
[{"0": [0, 27, 41, 28, 3, 3, 1, 2, 2, 5, 0, 0, 1, 6, 3, 6]}, null, null, 64, false, [], false, 0, [], null, 0, 1744321636.8272865, 0, {}]
[{"0": [1, 30, 24, 35, 4, 2, 0, 3, 0, 2, 1, 2, 0, 4, 3, 2]}, null, null, 65, false, [], false, 0, [], null, 0, 1744321637.0259442, 0, {}]
[{"0": [2, 1, 3, 2, 37, 1, 1, 3, 0, 3, 1, 1, 1, 4, 1, 2]}, null, null, 66, false, [], false, 0, [], null, 0, 1744321637.228546, 0, {}]
[{"0": [5, 30, 27, 19, 51, 29, 34, 1, 2, 0, 0, 2, 3, 4, 2, 2]}, null, null, 66, false, [], false, 0, [], null, 0, 1744321637.425014, 0, {}]
[{"0": [2, 25, 25, 30, 23, 24, 41, 27, 2, 3, 7, 1, 5, 2, 4, 0]}, null, null, 67, false, [], false, 0, [], null, 0, 1744321637.6228287, 0, {}]
[{"0": [0, 27, 22, 23, 23, 0, 2, 3, 4, 2, 3, 5, 0, 3, 3, 4]}, null, null, 67, false, [], false, 0, [], null, 0, 1744321637.8242736, 0, {}]
[{"0": [1, 2, 3, 4, 0, 4, 3, 2, 7, 1, 2, 4, 0, 0, 1, 2]}, null, null, 68, false, [], false, 0, [], null, 0, 1744321638.036424, 0, {}]
[{"0": [3, 28, 1, 1, 2, 1, 1, 2, 4, 1, 1, 0, 3, 3, 6, 3]}, null, null, 69, false, [], false, 0, [], null, 0, 1744321638.2305262, 0, {}]
[{"0": [3, 3, 0, 2, 2, 1, 1, 1, 1, 0, 1, 2, 1, 2, 1, 0]}, null, null, 69, false, [], false, 0, [], null, 0, 1744321638.4280498, 0, {}]
[{"0": [2, 1, 2, 1, 0, 1, 2, 1, 1, 0, 0, 2, 1, 2, 1, 1]}, null, null, 70, false, [], false, 0, [], null, 0, 1744321638.6217089, 0, {}]
[{"0": [1, 34, 28, 36, 24, 41, 31, 4, 1, 1, 3, 1, 1, 2, 2, 0]}, null, null, 70, false, [], false, 0, [], null, 0, 1744321638.8115485, 0, {}]
[{"0": [2, 0, 2, 1, 3, 2, 3, 4, 2, 4, 3, 2, 0, 4, 2, 1]}, null, null, 71, false, [], false, 0, [], null, 0, 1744321639.0280476, 0, {}]
[{"0": [0, 33, 27, 33, 30, 25, 26, 25, 32, 25, 24, 0, 2, 0, 1, 3]}, null, null, 72, false, [], false, 0, [], null, 0, 1744321639.228405, 0, {}]
[{"0": [1, 27, 28, 26, 3, 3, 4, 3, 3, 2, 3, 3, 0, 0, 2, 3]}, null, null, 72, false, [], false, 0, [], null, 0, 1744321639.428111, 0, {}]
[{"0": [2, 29, 28, 34, 29, 31, 36, 27, 3, 1, 2, 2, 2, 0, 2, 1]}, null, null, 73, false, [], false, 0, [], null, 0, 1744321639.6236668, 0, {}]
[{"0": [31, 0, 3, 2, 2, 2, 1, 0, 0, 2, 4, 3, 3, 3, 4, 3]}, null, null, 73, false, [], false, 0, [], null, 0, 1744321639.8258803, 0, {}]
[{"0": [2, 21, 28, 3, 2, 3, 1, 5, 1, 6, 1, 2, 3, 2, 3, 1]}, null, null, 74, false, [], false, 0, [], null, 0, 1744321640.0414228, 0, {}]
[{"0": [3, 28, 28, 31, 32, 3, 1, 0, 3, 3, 0, 2, 4, 1, 3, 3]}, null, null, 75, false, [], false, 0, [], null, 0, 1744321640.2248912, 0, {}]
[{"0": [0, 0, 0, 1, 3, 2, 1, 2, 3, 1, 2, 0, 3, 2, 2, 3]}, null, null, 75, false, [], false, 0, [], null, 0, 1744321640.4207187, 0, {}]
[{"0": [1, 35, 1, 2, 0, 1, 1, 2, 3, 0, 3, 2, 4, 2, 0, 3]}, null, null, 76, false, [], false, 0, [], null, 0, 1744321640.6131117, 0, {}]
[{"0": [0, 30, 41, 20, 32, 31, 31, 30, 2, 1, 1, 2, 3, 2, 2, 6]}, null, null, 77, false, [], false, 0, [], null, 0, 1744321640.8243487, 0, {}]
[{"0": [0, 42, 28, 2, 1, 3, 1, 3, 3, 1, 5, 2, 3, 2, 1, 2]}, null, null, 77, false, [], false, 0, [], null, 0, 1744321641.01451, 0, {}]
[{"0": [1, 4, 3, 1, 3, 4, 3, 4, 1, 2, 3, 5, 1, 2, 3, 1]}, null, null, 78, false, [], false, 0, [], null, 0, 1744321641.2248552, 0, {}]
[{"0": [3, 0, 1, 1, 3, 4, 3, 2, 1, 4, 0, 2, 2, 1, 1, 2]}, null, null, 78, false, [], false, 0, [], null, 0, 1744321641.424203, 0, {}]
[{"0": [1, 32, 29, 34, 38, 22, 24, 34, 0, 6, 0, 4, 1, 0, 1, 1]}, null, null, 79, false, [], false, 0, [], null, 0, 1744321641.6273746, 0, {}]
[{"0": [2, 2, 6, 1, 2, 1, 4, 2, 1, 1, 3, 2, 2, 0, 3, 0]}, null, null, 80, false, [], false, 0, [], null, 0, 1744321641.8288157, 0, {}]
[{"0": [0, 25, 3, 1, 3, 1, 0, 2, 2, 3, 1, 2, 2, 0, 3, 0]}, null, null, 80, false, [], false, 0, [], null, 0, 1744321642.0284941, 0, {}]
[{"0": [1, 36, 38, 33, 32, 36, 3, 1, 1, 2, 0, 0, 0, 1, 2, 3]}, null, null, 81, false, [], false, 0, [], null, 0, 1744321642.2287207, 0, {}]
[{"0": [1, 0, 2, 3, 1, 2, 4, 3, 1, 1, 1, 0, 0, 2, 1, 0]}, null, null, 81, false, [], false, 0, [], null, 0, 1744321642.4341314, 0, {}]
[{"0": [4, 34, 47, 29, 35, 1, 1, 1, 1, 2, 4, 0, 3, 1, 1, 3]}, null, null, 82, false, [], false, 0, [], null, 0, 1744321642.6292038, 0, {}]
[{"0": [2, 29, 35, 1, 3, 1, 2, 0, 1, 1, 1, 0, 2, 3, 1, 3]}, null, null, 83, false, [], false, 0, [], null, 0, 1744321642.8314784, 0, {}]
[{"0": [3, 30, 35, 41, 1, 3, 2, 3, 2, 3, 3, 1, 1, 2, 0, 2]}, null, null, 83, false, [], false, 0, [], null, 0, 1744321643.0196922, 0, {}]
[{"0": [1, 33, 0, 1, 3, 3, 2, 1, 1, 3, 3, 0, 1, 1, 1, 5]}, null, null, 84, false, [], false, 0, [], null, 0, 1744321643.2204282, 0, {}]
[{"0": [2, 30, 43, 34, 32, 2, 2, 2, 1, 3, 0, 0, 4, 2, 2, 0]}, null, null, 84, false, [], false, 0, [], null, 0, 1744321643.415901, 0, {}]
[{"0": [1, 34, 1, 2, 3, 1, 2, 0, 5, 3, 2, 1, 1, 1, 1, 2]}, null, null, 85, false, [], false, 0, [], null, 0, 1744321643.6308508, 0, {}]
[{"0": [3, 31, 29, 25, 39, 27, 34, 33, 1, 4, 2, 0, 0, 2, 5, 2]}, null, null, 86, false, [], false, 0, [], null, 0, 1744321643.8220704, 0, {}]
[{"0": [3, 2, 2, 1, 1, 3, 0, 0, 4, 3, 2, 1, 0, 1, 36, 1]}, null, null, 86, false, [], false, 0, [], null, 0, 1744321644.028261, 0, {}]
[{"0": [2, 41, 36, 37, 25, 38, 36, 2, 2, 2, 1, 1, 1, 0, 1, 1]}, null, null, 87, false, [], false, 0, [], null, 0, 1744321644.2211668, 0, {}]
[{"0": [0, 26, 31, 28, 1, 2, 3, 2, 1, 5, 0, 4, 1, 0, 2, 1]}, null, null, 87, false, [], false, 0, [], null, 0, 1744321644.4244635, 0, {}]
[{"0": [1, 35, 1, 4, 1, 2, 1, 1, 1, 3, 0, 0, 0, 0, 2, 1]}, null, null, 88, false, [], false, 0, [], null, 0, 1744321644.6174376, 0, {}]
[{"0": [5, 33, 27, 42, 32, 32, 26, 43, 33, 4, 0, 1, 2, 0, 1, 3]}, null, null, 89, false, [], false, 0, [], null, 0, 1744321644.8199995, 0, {}]
[{"0": [2, 1, 3, 0, 4, 1, 0, 1, 2, 2, 1, 0, 4, 2, 1, 1]}, null, null, 89, false, [], false, 0, [], null, 0, 1744321645.024812, 0, {}]
[{"0": [2, 28, 34, 34, 36, 31, 26, 22, 27, 31, 1, 1, 2, 3, 1, 0]}, null, null, 90, false, [], false, 0, [], null, 0, 1744321645.2190623, 0, {}]
[{"0": [3, 29, 26, 1, 3, 2, 1, 3, 1, 7, 2, 1, 2, 1, 4, 1]}, null, null, 90, false, [], false, 0, [], null, 0, 1744321645.4211304, 0, {}]
[{"0": [1, 41, 34, 31, 1, 3, 0, 1, 2, 0, 2, 1, 2, 1, 0, 1]}, null, null, 91, false, [], false, 0, [], null, 0, 1744321645.6298692, 0, {}]
[{"0": [6, 0, 3, 1, 2, 1, 1, 0, 2, 4, 0, 0, 3, 3, 2, 1]}, null, null, 92, false, [], false, 0, [], null, 0, 1744321645.8213768, 0, {}]
[{"0": [3, 40, 37, 34, 28, 31, 23, 46, 3, 0, 1, 1, 3, 3, 2, 2]}, null, null, 92, false, [], false, 0, [], null, 0, 1744321646.013221, 0, {}]
[{"0": [1, 19, 29, 35, 25, 16, 28, 28, 0, 3, 1, 3, 0, 1, 3, 1]}, null, null, 93, false, [], false, 0, [], null, 0, 1744321646.2221918, 0, {}]
[{"0": [0, 2, 4, 2, 3, 2, 2, 2, 0, 2, 4, 0, 4, 2, 0, 0]}, null, null, 93, false, [], false, 0, [], null, 0, 1744321646.4184747, 0, {}]
[{"0": [1, 26, 32, 18, 33, 2, 1, 1, 1, 1, 3, 2, 4, 1, 2, 2]}, null, null, 94, false, [], false, 0, [], null, 0, 1744321646.6202195, 0, {}]
[{"0": [0, 41, 35, 27, 27, 39, 31, 29, 22, 0, 1, 1, 0, 1, 3, 0]}, null, null, 95, false, [], false, 0, [], null, 0, 1744321646.825509, 0, {}]
[{"0": [2, 35, 28, 30, 36, 35, 2, 1, 1, 3, 2, 3, 1, 0, 1, 2]}, null, null, 95, false, [], false, 0, [], null, 0, 1744321647.0142498, 0, {}]
[{"0": [5, 34, 37, 29, 37, 0, 1, 2, 4, 2, 0, 1, 2, 2, 0, 4]}, null, null, 96, false, [], false, 0, [], null, 0, 1744321647.2236013, 0, {}]
[{"0": [0, 36, 2, 0, 1, 4, 1, 2, 0, 0, 3, 2, 2, 2, 1, 1]}, null, null, 96, false, [], false, 0, [], null, 0, 1744321647.417334, 0, {}]
[{"0": [0, 3, 2, 1, 1, 0, 42, 29, 39, 34, 28, 25, 22, 40, 37, 33]}, null, null, 97, false, [], false, 0, [], null, 0, 1744321647.6245394, 0, {}]
[{"0": [3, 26, 18, 24, 4, 0, 3, 1, 6, 2, 2, 1, 0, 2, 0, 3]}, null, null, 98, false, [], false, 0, [], null, 0, 1744321647.825401, 0, {}]
[{"0": [1, 40, 30, 25, 27, 38, 31, 16, 26, 29, 37, 23, 28, 29, 41, 1]}, null, null, 98, false, [], false, 0, [], null, 0, 1744321648.0232408, 0, {}]
[{"0": [1, 29, 33, 28, 27, 30, 1, 2, 3, 4, 2, 0, 5, 1, 1, 1]}, null, null, 99, false, [], false, 0, [], null, 0, 1744321648.2278008, 0, {}]
[{"0": [3, 4, 2, 2, 1, 0, 1, 3, 2, 2, 1, 2, 0, 7, 4, 1]}, null, null, 99, false, [], false, 0, [], null, 0, 1744321648.4313304, 0, {}]
[{"0": [1, 28, 32, 37, 28, 24, 2, 1, 2, 1, 3, 0, 1, 1, 2, 0]}, null, null, 100, false, [], false, 0, [], null, 0, 1744321648.6249526, 0, {}]
[{"0": [5, 38, 0, 3, 0, 2, 0, 4, 1, 2, 2, 2, 0, 1, 3, 2]}, null, null, 101, false, [], false, 0, [], null, 0, 1744321648.8291266, 0, {}]
[{"0": [24, 33, 28, 38, 1, 2, 1, 1, 0, 5, 0, 3, 0, 2, 2, 3]}, null, null, 101, false, [], false, 0, [], null, 0, 1744321649.0298593, 0, {}]
[{"0": [4, 39, 31, 27, 24, 20, 33, 22, 34, 3, 1, 1, 1, 0, 1, 3]}, null, null, 102, false, [], false, 0, [], null, 0, 1744321649.2181354, 0, {}]
[{"0": [1, 24, 29, 27, 30, 21, 27, 2, 2, 0, 0, 0, 2, 3, 0, 0]}, null, null, 102, false, [], false, 0, [], null, 0, 1744321649.4226608, 0, {}]
[{"0": [4, 1, 0, 2, 2, 1, 0, 1, 1, 2, 3, 4, 0, 2, 2, 1]}, null, null, 103, false, [], false, 0, [], null, 0, 1744321649.612867, 0, {}]
[{"0": [26, 32, 3, 1, 1, 1, 2, 5, 2, 0, 0, 4, 5, 1, 3, 0]}, null, null, 104, false, [], false, 0, [], null, 0, 1744321649.8151696, 0, {}]
[{"0": [2, 1, 2, 2, 2, 0, 3, 3, 3, 2, 1, 2, 2, 2, 2, 0]}, null, null, 104, false, [], false, 0, [], null, 0, 1744321650.019978, 0, {}]
[{"0": [0, 1, 6, 4, 2, 3, 1, 3, 2, 0, 2, 1, 40, 26, 28, 0]}, null, null, 105, false, [], false, 0, [], null, 0, 1744321650.2226062, 0, {}]
[{"0": [0, 29, 18, 28, 34, 36, 38, 36, 29, 34, 37, 40, 36, 35, 36, 41]}, null, null, 105, false, [], false, 0, [], null, 0, 1744321650.4165165, 0, {}]
[{"0": [2, 1, 2, 3, 1, 1, 1, 1, 6, 2, 1, 2, 0, 3, 4, 2]}, null, null, 106, false, [], false, 0, [], null, 0, 1744321650.6200511, 0, {}]
[{"0": [36, 23, 1, 1, 5, 3, 1, 3, 1, 1, 0, 0, 0, 4, 0, 0]}, null, null, 107, false, [], false, 0, [], null, 0, 1744321650.821885, 0, {}]
[{"0": [0, 29, 2, 3, 2, 6, 5, 2, 1, 3, 0, 2, 3, 4, 0, 2]}, null, null, 107, false, [], false, 0, [], null, 0, 1744321651.02093, 0, {}]
[{"0": [1, 4, 1, 2, 4, 4, 2, 1, 1, 1, 2, 2, 1, 3, 0, 1]}, null, null, 108, false, [], false, 0, [], null, 0, 1744321651.2259831, 0, {}]
[{"0": [3, 25, 25, 31, 32, 1, 1, 2, 2, 3, 3, 2, 2, 1, 3, 1]}, null, null, 108, false, [], false, 0, [], null, 0, 1744321651.4132535, 0, {}]
[{"0": [1, 4, 0, 1, 40, 30, 26, 31, 36, 29, 30, 1, 2, 3, 1, 2]}, null, null, 109, false, [], false, 0, [], null, 0, 1744321651.626475, 0, {}]
[{"0": [3, 29, 35, 36, 30, 22, 2, 1, 2, 2, 1, 0, 3, 1, 2, 2]}, null, null, 110, false, [], false, 0, [], null, 0, 1744321651.8257034, 0, {}]
[{"0": [1, 34, 4, 2, 2, 2, 0, 1, 2, 2, 4, 0, 5, 2, 1, 2]}, null, null, 110, false, [], false, 0, [], null, 0, 1744321652.0160618, 0, {}]
[{"0": [6, 1, 2, 0, 3, 0, 3, 1, 2, 4, 1, 0, 1, 4, 1, 1]}, null, null, 111, false, [], false, 0, [], null, 0, 1744321652.2252553, 0, {}]
[{"0": [38, 19, 28, 31, 29, 42, 31, 26, 26, 20, 2, 1, 0, 1, 0, 2]}, null, null, 111, false, [], false, 0, [], null, 0, 1744321652.4138799, 0, {}]
[{"0": [29, 36, 33, 2, 1, 1, 4, 2, 2, 1, 4, 1, 2, 2, 0, 1]}, null, null, 112, false, [], false, 0, [], null, 0, 1744321652.6156406, 0, {}]
[{"0": [1, 25, 32, 32, 1, 2, 7, 0, 2, 2, 0, 0, 1, 1, 4, 0]}, null, null, 113, false, [], false, 0, [], null, 0, 1744321652.8218877, 0, {}]
[{"0": [2, 1, 2, 3, 2, 1, 2, 0, 1, 2, 2, 2, 2, 2, 2, 3]}, null, null, 113, false, [], false, 0, [], null, 0, 1744321653.0229692, 0, {}]
[{"0": [2, 2, 4, 2, 2, 3, 2, 1, 3, 1, 2, 3, 4, 4, 3, 2]}, null, null, 114, false, [], false, 0, [], null, 0, 1744321653.2290623, 0, {}]
[{"0": [2, 24, 21, 34, 25, 31, 8, 2, 4, 3, 0, 4, 3, 1, 3, 2]}, null, null, 114, false, [], false, 0, [], null, 0, 1744321653.420207, 0, {}]
[{"0": [3, 44, 27, 3, 2, 1, 2, 3, 2, 0, 4, 4, 3, 3, 1, 4]}, null, null, 115, false, [], false, 0, [], null, 0, 1744321653.619623, 0, {}]
[{"0": [0, 30, 32, 47, 32, 35, 26, 5, 6, 0, 1, 1, 1, 2, 0, 4]}, null, null, 116, false, [], false, 0, [], null, 0, 1744321653.8201082, 0, {}]
[{"0": [1, 42, 34, 24, 32, 38, 29, 46, 33, 2, 1, 2, 2, 1, 4, 2]}, null, null, 116, false, [], false, 0, [], null, 0, 1744321654.0296717, 0, {}]
[{"0": [4, 34, 33, 28, 27, 29, 29, 34, 24, 28, 30, 0, 1, 2, 3, 1]}, null, null, 117, false, [], false, 0, [], null, 0, 1744321654.2275527, 0, {}]
[{"0": [4, 27, 23, 28, 27, 27, 34, 40, 1, 0, 1, 1, 3, 0, 0, 0]}, null, null, 117, false, [], false, 0, [], null, 0, 1744321654.425494, 0, {}]
[{"0": [0, 29, 0, 1, 3, 0, 6, 2, 1, 0, 2, 1, 4, 0, 4, 4]}, null, null, 118, false, [], false, 0, [], null, 0, 1744321654.62175, 0, {}]
[{"0": [2, 31, 2, 3, 5, 1, 1, 3, 1, 2, 2, 0, 3, 0, 3, 1]}, null, null, 119, false, [], false, 0, [], null, 0, 1744321654.8178751, 0, {}]
[{"0": [1, 43, 21, 31, 37, 38, 28, 43, 28, 38, 1, 2, 4, 4, 1, 3]}, null, null, 119, false, [], false, 0, [], null, 0, 1744321655.022857, 0, {}]
[{"0": [29, 4, 3, 2, 2, 1, 2, 4, 0, 4, 3, 1, 1, 2, 5, 1]}, null, null, 120, false, [], false, 0, [], null, 0, 1744321655.2225938, 0, {}]
[{"0": [2, 1, 2, 1, 3, 0, 3, 2, 0, 3, 4, 1, 3, 2, 2, 5]}, null, null, 120, false, [], false, 0, [], null, 0, 1744321655.4163787, 0, {}]
[{"0": [2, 29, 30, 43, 1, 3, 3, 0, 2, 0, 2, 1, 1, 2, 5, 1]}, null, null, 121, false, [], false, 0, [], null, 0, 1744321655.6268597, 0, {}]
[{"0": [34, 32, 27, 2, 1, 2, 1, 2, 1, 2, 1, 1, 2, 2, 2, 2]}, null, null, 122, false, [], false, 0, [], null, 0, 1744321655.831278, 0, {}]
[{"0": [0, 0, 1, 3, 1, 0, 3, 33, 38, 30, 34, 2, 0, 2, 3, 3]}, null, null, 122, false, [], false, 0, [], null, 0, 1744321656.0415, 0, {}]
[{"0": [6, 32, 24, 4, 2, 5, 4, 2, 1, 1, 1, 3, 3, 4, 3, 1]}, null, null, 123, false, [], false, 0, [], null, 0, 1744321656.2210414, 0, {}]
[{"0": [36, 1, 5, 1, 3, 0, 2, 1, 1, 2, 2, 1, 4, 4, 2, 2]}, null, null, 123, false, [], false, 0, [], null, 0, 1744321656.4346015, 0, {}]
[{"0": [1, 24, 28, 35, 26, 29, 28, 38, 40, 33, 32, 3, 4, 3, 2, 2]}, null, null, 124, false, [], false, 0, [], null, 0, 1744321656.6265764, 0, {}]
[{"0": [30, 30, 1, 5, 2, 0, 1, 1, 2, 2, 3, 2, 0, 1, 2, 0]}, null, null, 125, false, [], false, 0, [], null, 0, 1744321656.8260458, 0, {}]
[{"0": [25, 31, 26, 31, 30, 21, 33, 30, 36, 34, 37, 34, 49, 33, 39, 0]}, null, null, 125, false, [], false, 0, [], null, 0, 1744321657.035342, 0, {}]
[{"0": [3, 39, 26, 29, 28, 32, 28, 20, 33, 44, 2, 0, 0, 0, 1, 3]}, null, null, 126, false, [], false, 0, [], null, 0, 1744321657.214365, 0, {}]
[{"0": [1, 28, 28, 27, 4, 0, 2, 2, 2, 3, 0, 1, 3, 0, 3, 1]}, null, null, 127, false, [], false, 0, [], null, 0, 1744321657.4340405, 0, {}]
[{"0": [4, 1, 3, 1, 2, 1, 2, 1, 0, 2, 1, 4, 2, 2, 3, 2]}, null, null, 127, false, [], false, 0, [], null, 0, 1744321657.6363032, 0, {}]
[{"0": [3, 40, 33, 22, 43, 32, 0, 2, 2, 3, 2, 3, 3, 0, 3, 0]}, null, null, 128, false, [], false, 0, [], null, 0, 1744321657.8347285, 0, {}]
[{"0": [2, 28, 33, 41, 38, 36, 31, 6, 0, 2, 1, 1, 0, 0, 3, 1]}, null, null, 128, false, [], false, 0, [], null, 0, 1744321658.0457687, 0, {}]
[{"0": [2, 30, 40, 43, 19, 19, 33, 2, 1, 3, 0, 2, 2, 0, 0, 1]}, null, null, 129, false, [], false, 0, [], null, 0, 1744321658.2112324, 0, {}]
[{"0": [2, 1, 1, 2, 3, 2, 1, 0, 2, 1, 5, 3, 1, 1, 1, 3]}, null, null, 130, false, [], false, 0, [], null, 0, 1744321658.426398, 0, {}]
[{"0": [1, 24, 23, 26, 23, 29, 34, 35, 28, 23, 30, 1, 1, 1, 1, 1]}, null, null, 130, false, [], false, 0, [], null, 0, 1744321658.6146228, 0, {}]
[{"0": [0, 27, 23, 28, 31, 13, 26, 30, 38, 1, 2, 3, 5, 3, 1, 2]}, null, null, 131, false, [], false, 0, [], null, 0, 1744321658.8469427, 0, {}]
[{"0": [1, 30, 33, 29, 0, 1, 3, 4, 2, 4, 2, 2, 0, 5, 2, 0]}, null, null, 131, false, [], false, 0, [], null, 0, 1744321659.0235343, 0, {}]
[{"0": [28, 1, 2, 0, 0, 3, 4, 1, 2, 3, 5, 1, 0, 1, 3, 0]}, null, null, 132, false, [], false, 0, [], null, 0, 1744321659.2259433, 0, {}]
[{"0": [25, 36, 31, 39, 23, 30, 32, 22, 36, 28, 36, 31, 35, 38, 2, 0]}, null, null, 133, false, [], false, 0, [], null, 0, 1744321659.413526, 0, {}]
[{"0": [1, 40, 28, 35, 32, 2, 2, 2, 2, 4, 0, 1, 4, 1, 2, 3]}, null, null, 133, false, [], false, 0, [], null, 0, 1744321659.6299129, 0, {}]
[{"0": [2, 20, 25, 2, 0, 0, 1, 0, 3, 0, 2, 0, 2, 4, 0, 2]}, null, null, 134, false, [], false, 0, [], null, 0, 1744321659.8327236, 0, {}]
[{"0": [5, 37, 2, 1, 0, 1, 0, 1, 3, 1, 3, 1, 2, 7, 3, 5]}, null, null, 134, false, [], false, 0, [], null, 0, 1744321660.0165102, 0, {}]
[{"0": [0, 29, 40, 2, 0, 1, 1, 0, 1, 3, 3, 1, 2, 3, 3, 2]}, null, null, 135, false, [], false, 0, [], null, 0, 1744321660.2230685, 0, {}]
[{"0": [0, 2, 2, 4, 4, 0, 1, 1, 4, 0, 1, 3, 3, 5, 4, 2]}, null, null, 136, false, [], false, 0, [], null, 0, 1744321660.4196775, 0, {}]
[{"0": [1, 31, 33, 31, 29, 32, 33, 20, 38, 33, 37, 3, 1, 2, 1, 1]}, null, null, 136, false, [], false, 0, [], null, 0, 1744321660.6138783, 0, {}]
[{"0": [5, 37, 2, 2, 3, 4, 4, 2, 2, 0, 4, 1, 1, 1, 0, 4]}, null, null, 137, false, [], false, 0, [], null, 0, 1744321660.8243077, 0, {}]
[{"0": [2, 32, 33, 34, 0, 3, 3, 1, 0, 0, 2, 0, 1, 3, 1, 3]}, null, null, 137, false, [], false, 0, [], null, 0, 1744321661.0208356, 0, {}]
[{"0": [1, 0, 4, 2, 1, 3, 1, 2, 3, 2, 1, 0, 5, 2, 0, 3]}, null, null, 138, false, [], false, 0, [], null, 0, 1744321661.2224324, 0, {}]
[{"0": [1, 29, 34, 21, 1, 1, 1, 0, 1, 2, 0, 3, 2, 1, 1, 4]}, null, null, 139, false, [], false, 0, [], null, 0, 1744321661.4306228, 0, {}]
[{"0": [2, 37, 28, 28, 33, 25, 30, 25, 29, 24, 28, 21, 27, 32, 39, 38]}, null, null, 139, false, [], false, 0, [], null, 0, 1744321661.6212711, 0, {}]
[{"0": [1, 36, 27, 18, 31, 35, 33, 39, 41, 27, 1, 1, 1, 2, 4, 1]}, null, null, 140, false, [], false, 0, [], null, 0, 1744321661.8226154, 0, {}]
[{"0": [2, 41, 21, 29, 26, 1, 1, 4, 2, 2, 3, 0, 4, 5, 4, 1]}, null, null, 140, false, [], false, 0, [], null, 0, 1744321662.0257518, 0, {}]
[{"0": [1, 26, 31, 31, 26, 3, 4, 1, 2, 1, 0, 1, 3, 4, 2, 1]}, null, null, 141, false, [], false, 0, [], null, 0, 1744321662.2135231, 0, {}]
[{"0": [3, 28, 34, 48, 0, 3, 2, 2, 2, 1, 2, 1, 1, 0, 3, 0]}, null, null, 142, false, [], false, 0, [], null, 0, 1744321662.4247053, 0, {}]
[{"0": [2, 35, 25, 29, 0, 4, 2, 4, 1, 0, 0, 2, 1, 1, 2, 4]}, null, null, 142, false, [], false, 0, [], null, 0, 1744321662.619508, 0, {}]
[{"0": [27, 0, 3, 1, 0, 1, 1, 5, 1, 0, 4, 1, 2, 1, 2, 2]}, null, null, 143, false, [], false, 0, [], null, 0, 1744321662.82971, 0, {}]
[{"0": [0, 23, 2, 3, 2, 3, 3, 1, 2, 1, 4, 1, 4, 1, 1, 1]}, null, null, 143, false, [], false, 0, [], null, 0, 1744321663.0239077, 0, {}]
[{"0": [5, 23, 36, 0, 1, 2, 2, 5, 0, 3, 3, 1, 1, 1, 6, 3]}, null, null, 144, false, [], false, 0, [], null, 0, 1744321663.2261941, 0, {}]
[{"0": [0, 2, 0, 2, 0, 3, 3, 3, 2, 1, 1, 5, 1, 1, 1, 1]}, null, null, 145, false, [], false, 0, [], null, 0, 1744321663.4218469, 0, {}]
[{"0": [3, 36, 1, 4, 3, 1, 1, 1, 3, 4, 2, 2, 0, 4, 1, 2]}, null, null, 145, false, [], false, 0, [], null, 0, 1744321663.6278872, 0, {}]
[{"0": [2, 3, 2, 4, 3, 4, 2, 3, 2, 4, 3, 2, 2, 0, 0, 2]}, null, null, 146, false, [], false, 0, [], null, 0, 1744321663.8266225, 0, {}]
[{"0": [2, 27, 34, 2, 2, 2, 0, 2, 0, 0, 2, 3, 1, 2, 3, 2]}, null, null, 146, false, [], false, 0, [], null, 0, 1744321664.013479, 0, {}]
[{"0": [2, 31, 27, 20, 41, 30, 34, 40, 35, 25, 26, 28, 26, 31, 1, 3]}, null, null, 147, false, [], false, 0, [], null, 0, 1744321664.2258856, 0, {}]
[{"0": [1, 31, 35, 1, 3, 2, 0, 3, 3, 2, 2, 6, 3, 4, 1, 1]}, null, null, 148, false, [], false, 0, [], null, 0, 1744321664.4242682, 0, {}]
[{"0": [5, 26, 38, 30, 0, 2, 0, 1, 1, 2, 3, 2, 1, 2, 0, 2]}, null, null, 148, false, [], false, 0, [], null, 0, 1744321664.6181068, 0, {}]
[{"0": [2, 36, 31, 32, 3, 3, 0, 2, 2, 3, 1, 1, 1, 3, 0, 1]}, null, null, 149, false, [], false, 0, [], null, 0, 1744321664.826995, 0, {}]
[{"0": [1, 30, 30, 25, 0, 3, 1, 1, 1, 0, 1, 2, 2, 6, 2, 3]}, null, null, 149, false, [], false, 0, [], null, 0, 1744321665.02206, 0, {}]
[{"0": [3, 34, 19, 32, 26, 25, 22, 1, 2, 1, 2, 1, 1, 2, 1, 3]}, null, null, 150, true, [], false, 0, [], null, 0, 1744321665.2249663, 0, {}]
