[{"0": [3, 1, 0, 3, 0, 2, 2, 2, 0, 1, 1, 1, 1, 2, 1, 4, 41]}, null, null, 0, false, [], false, 0, [], null, 0, 1744324637.418131, 0, {}]
[{"0": [0, 3, 3, 44, 36, 40, 25, 26, 5, 3, 0, 3, 1, 0, 2, 3, 1]}, null, null, 1, false, [], false, 0, [], null, 0, 1744324637.6544025, 0, {}]
[{"0": [1, 3, 0, 1, 2, 1, 2, 1, 37, 38, 29, 33, 36, 30, 1, 1, 2]}, null, null, 1, false, [], false, 0, [], null, 0, 1744324637.8580241, 0, {}]
[{"0": [1, 0, 1, 2, 0, 5, 1, 3, 35, 38, 36, 33, 35, 42, 37, 34, 41]}, null, null, 2, false, [], false, 0, [], null, 0, 1744324638.0777116, 0, {}]
[{"0": [1, 2, 2, 2, 6, 1, 0, 7, 1, 2, 2, 2, 4, 31, 37, 32, 32]}, null, null, 2, false, [], false, 0, [], null, 0, 1744324638.2887487, 0, {}]
[{"0": [2, 7, 28, 0, 2, 2, 2, 1, 3, 1, 1, 1, 2, 3, 2, 6, 1]}, null, null, 3, false, [], false, 0, [], null, 0, 1744324638.505211, 0, {}]
[{"0": [1, 0, 1, 0, 2, 1, 2, 1, 1, 2, 5, 2, 4, 35, 38, 31, 27]}, null, null, 4, false, [], false, 0, [], null, 0, 1744324638.7219422, 0, {}]
[{"0": [30, 35, 29, 1, 4, 0, 2, 4, 1, 0, 0, 1, 4, 1, 2, 5, 2]}, null, null, 4, false, [], false, 0, [], null, 0, 1744324638.932763, 0, {}]
[{"0": [5, 2, 4, 1, 4, 4, 3, 2, 0, 1, 27, 47, 5, 1, 4, 2, 1]}, null, null, 5, false, [], false, 0, [], null, 0, 1744324639.1596074, 0, {}]
[{"0": [2, 1, 0, 0, 1, 2, 1, 3, 0, 1, 1, 2, 3, 3, 1, 2, 32]}, null, null, 5, false, [], false, 0, [], null, 0, 1744324639.373802, 0, {}]
[{"0": [3, 1, 0, 22, 31, 33, 30, 40, 1, 1, 2, 2, 1, 4, 1, 5, 1]}, null, null, 6, false, [], false, 0, [], null, 0, 1744324639.5984325, 0, {}]
[{"0": [2, 2, 5, 3, 0, 3, 2, 2, 2, 1, 1, 3, 34, 26, 28, 25, 33]}, null, null, 7, false, [], false, 0, [], null, 0, 1744324639.8157675, 0, {}]
[{"0": [4, 1, 2, 2, 1, 2, 2, 2, 29, 32, 33, 1, 1, 5, 4, 1, 0]}, null, null, 7, false, [], false, 0, [], null, 0, 1744324640.0244424, 0, {}]
[{"0": [2, 2, 1, 3, 6, 1, 28, 22, 2, 2, 2, 3, 4, 1, 1, 2, 0]}, null, null, 8, false, [], false, 0, [], null, 0, 1744324640.2463155, 0, {}]
[{"0": [3, 4, 4, 41, 30, 31, 0, 3, 4, 2, 3, 1, 2, 1, 3, 3, 3]}, null, null, 8, false, [], false, 0, [], null, 0, 1744324640.456928, 0, {}]
[{"0": [5, 1, 0, 0, 3, 2, 0, 2, 0, 3, 3, 33, 35, 34, 32, 38, 2]}, null, null, 9, false, [], false, 0, [], null, 0, 1744324640.670459, 0, {}]
[{"0": [1, 3, 4, 1, 0, 1, 1, 3, 3, 2, 2, 1, 2, 2, 2, 1, 1]}, null, null, 10, false, [], false, 0, [], null, 0, 1744324640.9076812, 0, {}]
[{"0": [1, 2, 1, 2, 1, 0, 1, 0, 0, 1, 23, 2, 1, 2, 1, 4, 6]}, null, null, 10, false, [], false, 0, [], null, 0, 1744324641.1136727, 0, {}]
[{"0": [1, 0, 0, 33, 40, 34, 28, 31, 33, 1, 2, 2, 2, 3, 1, 1, 0]}, null, null, 11, false, [], false, 0, [], null, 0, 1744324641.326801, 0, {}]
[{"0": [0, 4, 0, 2, 5, 1, 31, 37, 32, 32, 1, 1, 5, 1, 1, 1, 0]}, null, null, 11, false, [], false, 0, [], null, 0, 1744324641.5423694, 0, {}]
[{"0": [1, 1, 1, 0, 2, 6, 30, 4, 2, 2, 0, 1, 4, 2, 2, 1, 0]}, null, null, 12, false, [], false, 0, [], null, 0, 1744324641.7606068, 0, {}]
[{"0": [3, 5, 5, 1, 3, 1, 1, 1, 3, 27, 26, 29, 37, 2, 3, 5, 0]}, null, null, 13, false, [], false, 0, [], null, 0, 1744324641.9872177, 0, {}]
[{"0": [1, 0, 3, 38, 3, 0, 2, 1, 2, 2, 0, 2, 5, 3, 2, 2, 4]}, null, null, 13, false, [], false, 0, [], null, 0, 1744324642.1939945, 0, {}]
[{"0": [1, 1, 4, 5, 2, 7, 2, 4, 2, 2, 1, 27, 36, 35, 32, 36, 32]}, null, null, 14, false, [], false, 0, [], null, 0, 1744324642.4069724, 0, {}]
[{"0": [3, 0, 2, 4, 3, 1, 1, 2, 3, 3, 0, 1, 1, 3, 1, 2, 34]}, null, null, 14, false, [], false, 0, [], null, 0, 1744324642.6303236, 0, {}]
[{"0": [2, 3, 1, 2, 0, 2, 23, 44, 28, 23, 20, 29, 40, 27, 27, 32, 34]}, null, null, 15, false, [], false, 0, [], null, 0, 1744324642.8463283, 0, {}]
[{"0": [0, 2, 26, 34, 23, 47, 0, 1, 6, 1, 3, 2, 3, 1, 2, 2, 4]}, null, null, 16, false, [], false, 0, [], null, 0, 1744324643.0652416, 0, {}]
[{"0": [3, 0, 3, 0, 3, 3, 3, 1, 2, 1, 1, 2, 1, 39, 41, 3, 2]}, null, null, 16, false, [], false, 0, [], null, 0, 1744324643.2644618, 0, {}]
[{"0": [0, 5, 1, 3, 2, 2, 2, 3, 1, 1, 1, 3, 4, 2, 5, 2, 2]}, null, null, 17, false, [], false, 0, [], null, 0, 1744324643.49943, 0, {}]
[{"0": [1, 4, 46, 30, 27, 27, 24, 3, 5, 1, 1, 3, 1, 2, 0, 3, 0]}, null, null, 17, false, [], false, 0, [], null, 0, 1744324643.7039979, 0, {}]
[{"0": [4, 2, 1, 3, 2, 4, 38, 30, 1, 2, 0, 3, 2, 2, 2, 1, 3]}, null, null, 18, false, [], false, 0, [], null, 0, 1744324643.9193494, 0, {}]
[{"0": [1, 2, 2, 0, 2, 31, 38, 20, 29, 23, 32, 27, 36, 31, 33, 1, 1]}, null, null, 19, false, [], false, 0, [], null, 0, 1744324644.1470325, 0, {}]
[{"0": [4, 1, 3, 2, 1, 3, 0, 4, 6, 0, 5, 3, 1, 1, 1, 3, 1]}, null, null, 19, false, [], false, 0, [], null, 0, 1744324644.3622541, 0, {}]
[{"0": [4, 4, 3, 0, 1, 3, 1, 28, 31, 29, 29, 4, 3, 2, 0, 4, 1]}, null, null, 20, false, [], false, 0, [], null, 0, 1744324644.56873, 0, {}]
[{"0": [6, 3, 3, 26, 33, 25, 31, 25, 41, 44, 30, 1, 2, 0, 3, 3, 2]}, null, null, 20, false, [], false, 0, [], null, 0, 1744324644.8002915, 0, {}]
[{"0": [5, 1, 2, 2, 1, 2, 1, 2, 2, 2, 30, 35, 2, 2, 3, 3, 1]}, null, null, 21, false, [], false, 0, [], null, 0, 1744324645.0058043, 0, {}]
[{"0": [1, 2, 1, 1, 0, 5, 1, 1, 0, 5, 3, 1, 3, 4, 35, 31, 22]}, null, null, 22, false, [], false, 0, [], null, 0, 1744324645.2215185, 0, {}]
[{"0": [4, 2, 1, 0, 2, 1, 3, 30, 27, 35, 47, 3, 2, 3, 0, 0, 1]}, null, null, 22, false, [], false, 0, [], null, 0, 1744324645.4395063, 0, {}]
[{"0": [3, 0, 2, 1, 0, 2, 2, 1, 1, 4, 1, 26, 34, 40, 29, 30, 28]}, null, null, 23, false, [], false, 0, [], null, 0, 1744324645.650215, 0, {}]
[{"0": [3, 1, 3, 0, 0, 0, 3, 1, 2, 2, 3, 0, 3, 4, 3, 2, 35]}, null, null, 23, false, [], false, 0, [], null, 0, 1744324645.8754637, 0, {}]
[{"0": [3, 0, 1, 1, 4, 2, 3, 3, 2, 3, 2, 1, 3, 3, 4, 1, 3]}, null, null, 24, false, [], false, 0, [], null, 0, 1744324646.0936239, 0, {}]
[{"0": [1, 0, 1, 3, 2, 0, 1, 0, 2, 1, 33, 35, 37, 31, 39, 0, 0]}, null, null, 25, false, [], false, 0, [], null, 0, 1744324646.3160982, 0, {}]
[{"0": [1, 2, 2, 1, 0, 1, 1, 3, 3, 2, 3, 2, 1, 0, 2, 4, 1]}, null, null, 25, false, [], false, 0, [], null, 0, 1744324646.5269563, 0, {}]
[{"0": [2, 3, 2, 1, 2, 2, 0, 2, 1, 1, 2, 3, 38, 39, 33, 2, 0]}, null, null, 26, false, [], false, 0, [], null, 0, 1744324646.7450066, 0, {}]
[{"0": [2, 1, 3, 4, 2, 2, 0, 1, 4, 1, 3, 1, 1, 2, 4, 0, 30]}, null, null, 27, false, [], false, 0, [], null, 0, 1744324646.9662626, 0, {}]
[{"0": [0, 1, 2, 0, 4, 4, 35, 4, 1, 1, 0, 1, 1, 1, 1, 2, 2]}, null, null, 27, false, [], false, 0, [], null, 0, 1744324647.1870568, 0, {}]
[{"0": [1, 4, 1, 3, 3, 34, 0, 0, 1, 2, 2, 3, 2, 1, 5, 3, 2]}, null, null, 28, false, [], false, 0, [], null, 0, 1744324647.4170568, 0, {}]
[{"0": [2, 0, 2, 2, 3, 2, 3, 3, 2, 0, 1, 1, 0, 27, 29, 19, 33]}, null, null, 28, false, [], false, 0, [], null, 0, 1744324647.616555, 0, {}]
[{"0": [16, 40, 1, 4, 2, 1, 3, 5, 1, 4, 1, 0, 2, 0, 3, 3, 0]}, null, null, 29, false, [], false, 0, [], null, 0, 1744324647.8239114, 0, {}]
[{"0": [4, 3, 4, 36, 38, 48, 25, 34, 31, 3, 4, 1, 0, 1, 1, 2, 4]}, null, null, 30, false, [], false, 0, [], null, 0, 1744324648.0504756, 0, {}]
[{"0": [1, 3, 1, 3, 2, 2, 2, 1, 0, 2, 0, 4, 2, 4, 3, 0, 26]}, null, null, 30, false, [], false, 0, [], null, 0, 1744324648.2533984, 0, {}]
[{"0": [1, 3, 1, 2, 3, 2, 2, 2, 28, 1, 2, 3, 2, 2, 1, 1, 1]}, null, null, 31, false, [], false, 0, [], null, 0, 1744324648.4694226, 0, {}]
[{"0": [1, 3, 2, 2, 2, 0, 1, 2, 2, 1, 28, 2, 4, 2, 0, 2, 1]}, null, null, 31, false, [], false, 0, [], null, 0, 1744324648.6988914, 0, {}]
[{"0": [3, 1, 1, 2, 1, 1, 2, 4, 23, 27, 3, 0, 2, 4, 3, 2, 3]}, null, null, 32, false, [], false, 0, [], null, 0, 1744324648.909348, 0, {}]
[{"0": [4, 5, 3, 0, 3, 0, 32, 33, 34, 3, 1, 4, 0, 2, 1, 2, 1]}, null, null, 33, false, [], false, 0, [], null, 0, 1744324649.128289, 0, {}]
[{"0": [3, 0, 37, 25, 2, 1, 2, 2, 3, 3, 3, 4, 1, 1, 1, 2, 0]}, null, null, 33, false, [], false, 0, [], null, 0, 1744324649.3352394, 0, {}]
[{"0": [4, 3, 2, 0, 0, 1, 2, 1, 5, 2, 1, 1, 3, 0, 38, 32, 29]}, null, null, 34, false, [], false, 0, [], null, 0, 1744324649.5687673, 0, {}]
[{"0": [1, 44, 19, 1, 4, 0, 2, 3, 3, 2, 1, 1, 2, 3, 1, 3, 0]}, null, null, 34, false, [], false, 0, [], null, 0, 1744324649.7744799, 0, {}]
[{"0": [2, 3, 3, 2, 38, 34, 31, 23, 36, 31, 34, 1, 3, 1, 2, 1, 1]}, null, null, 35, false, [], false, 0, [], null, 0, 1744324650.0010803, 0, {}]
[{"0": [2, 1, 35, 2, 1, 5, 2, 1, 1, 1, 5, 1, 3, 0, 2, 1, 1]}, null, null, 36, false, [], false, 0, [], null, 0, 1744324650.1993372, 0, {}]
[{"0": [1, 1, 1, 3, 0, 1, 7, 0, 0, 1, 27, 1, 3, 4, 2, 1, 0]}, null, null, 36, false, [], false, 0, [], null, 0, 1744324650.4345467, 0, {}]
[{"0": [2, 5, 2, 0, 1, 3, 3, 3, 2, 4, 4, 2, 2, 1, 2, 4, 4]}, null, null, 37, false, [], false, 0, [], null, 0, 1744324650.6363494, 0, {}]
[{"0": [2, 2, 3, 4, 10, 1, 35, 26, 27, 2, 0, 1, 1, 3, 4, 2, 3]}, null, null, 37, false, [], false, 0, [], null, 0, 1744324650.8471751, 0, {}]
[{"0": [1, 3, 1, 6, 0, 3, 1, 3, 1, 31, 27, 1, 3, 2, 2, 2, 2]}, null, null, 38, false, [], false, 0, [], null, 0, 1744324651.0750031, 0, {}]
[{"0": [2, 3, 2, 33, 27, 3, 2, 2, 2, 2, 0, 0, 0, 1, 28, 26, 27]}, null, null, 39, false, [], false, 0, [], null, 0, 1744324651.285906, 0, {}]
[{"0": [2, 32, 25, 36, 37, 35, 32, 41, 29, 36, 39, 28, 34, 40, 28, 33, 26]}, null, null, 39, false, [], false, 0, [], null, 0, 1744324651.4971395, 0, {}]
[{"0": [1, 2, 2, 2, 1, 3, 3, 1, 30, 34, 27, 30, 46, 3, 1, 2, 2]}, null, null, 40, false, [], false, 0, [], null, 0, 1744324651.7169127, 0, {}]
[{"0": [31, 29, 31, 28, 29, 4, 2, 0, 1, 1, 3, 0, 1, 2, 1, 5, 4]}, null, null, 40, false, [], false, 0, [], null, 0, 1744324651.9330544, 0, {}]
[{"0": [3, 3, 3, 1, 0, 1, 0, 4, 2, 3, 23, 2, 3, 4, 0, 1, 2]}, null, null, 41, false, [], false, 0, [], null, 0, 1744324652.1611302, 0, {}]
[{"0": [0, 2, 1, 1, 3, 0, 2, 2, 1, 40, 27, 26, 3, 5, 2, 3, 1]}, null, null, 42, false, [], false, 0, [], null, 0, 1744324652.3760931, 0, {}]
[{"0": [1, 2, 6, 0, 2, 4, 1, 1, 2, 0, 2, 7, 1, 2, 4, 1, 0]}, null, null, 42, false, [], false, 0, [], null, 0, 1744324652.5920832, 0, {}]
[{"0": [2, 3, 2, 3, 1, 33, 0, 0, 2, 1, 5, 1, 2, 3, 1, 0, 2]}, null, null, 43, false, [], false, 0, [], null, 0, 1744324652.8016407, 0, {}]
[{"0": [2, 3, 4, 2, 38, 32, 3, 2, 2, 2, 3, 3, 0, 3, 1, 4, 2]}, null, null, 43, false, [], false, 0, [], null, 0, 1744324653.019786, 0, {}]
[{"0": [39, 42, 38, 24, 31, 33, 38, 29, 37, 3, 3, 3, 1, 0, 3, 1, 1]}, null, null, 44, false, [], false, 0, [], null, 0, 1744324653.240314, 0, {}]
[{"0": [24, 32, 40, 31, 32, 36, 4, 2, 2, 0, 2, 1, 0, 3, 4, 1, 2]}, null, null, 45, false, [], false, 0, [], null, 0, 1744324653.4485118, 0, {}]
[{"0": [1, 0, 4, 0, 2, 1, 2, 2, 3, 2, 0, 0, 29, 23, 31, 37, 20]}, null, null, 45, false, [], false, 0, [], null, 0, 1744324653.6738625, 0, {}]
[{"0": [2, 2, 1, 2, 35, 25, 24, 5, 1, 3, 2, 2, 1, 5, 1, 0, 3]}, null, null, 46, false, [], false, 0, [], null, 0, 1744324653.8817756, 0, {}]
[{"0": [2, 3, 2, 3, 0, 5, 33, 34, 38, 30, 34, 41, 18, 28, 36, 2, 1]}, null, null, 46, false, [], false, 0, [], null, 0, 1744324654.0998263, 0, {}]
[{"0": [3, 2, 1, 3, 0, 1, 1, 0, 1, 0, 1, 3, 3, 2, 0, 1, 1]}, null, null, 47, false, [], false, 0, [], null, 0, 1744324654.3153055, 0, {}]
[{"0": [38, 27, 27, 33, 32, 30, 31, 28, 0, 0, 1, 4, 0, 1, 2, 3, 3]}, null, null, 48, false, [], false, 0, [], null, 0, 1744324654.5382855, 0, {}]
[{"0": [1, 1, 0, 2, 2, 0, 3, 2, 2, 3, 3, 4, 4, 4, 0, 2, 1]}, null, null, 48, false, [], false, 0, [], null, 0, 1744324654.757058, 0, {}]
[{"0": [14, 35, 32, 35, 1, 2, 3, 0, 2, 1, 2, 0, 5, 3, 3, 3, 2]}, null, null, 49, false, [], false, 0, [], null, 0, 1744324654.9802105, 0, {}]
[{"0": [3, 2, 0, 35, 1, 5, 0, 0, 1, 2, 1, 1, 0, 2, 2, 1, 2]}, null, null, 49, false, [], false, 0, [], null, 0, 1744324655.1862612, 0, {}]
[{"0": [1, 1, 4, 3, 2, 0, 1, 0, 6, 0, 1, 1, 1, 3, 31, 29, 37]}, null, null, 50, false, [], false, 0, [], null, 0, 1744324655.4109929, 0, {}]
[{"0": [2, 1, 2, 3, 6, 1, 4, 1, 2, 1, 1, 1, 5, 2, 4, 2, 29]}, null, null, 51, false, [], false, 0, [], null, 0, 1744324655.6170032, 0, {}]
[{"0": [2, 3, 1, 0, 1, 2, 25, 37, 3, 1, 0, 2, 2, 1, 3, 1, 1]}, null, null, 51, false, [], false, 0, [], null, 0, 1744324655.8338954, 0, {}]
[{"0": [2, 1, 2, 5, 0, 1, 1, 2, 1, 1, 3, 3, 4, 2, 40, 26, 20]}, null, null, 52, false, [], false, 0, [], null, 0, 1744324656.0505292, 0, {}]
[{"0": [0, 2, 35, 29, 34, 34, 2, 0, 1, 2, 3, 2, 2, 4, 3, 0, 1]}, null, null, 52, false, [], false, 0, [], null, 0, 1744324656.2801435, 0, {}]
[{"0": [1, 5, 1, 4, 0, 1, 2, 2, 0, 2, 0, 2, 1, 2, 2, 3, 2]}, null, null, 53, false, [], false, 0, [], null, 0, 1744324656.4953897, 0, {}]
[{"0": [1, 3, 5, 2, 0, 0, 2, 2, 4, 3, 2, 1, 37, 35, 33, 3, 3]}, null, null, 54, false, [], false, 0, [], null, 0, 1744324656.7204754, 0, {}]
[{"0": [0, 4, 31, 26, 27, 38, 31, 0, 0, 1, 1, 3, 3, 0, 2, 5, 4]}, null, null, 54, false, [], false, 0, [], null, 0, 1744324656.9210565, 0, {}]
[{"0": [2, 0, 3, 29, 0, 0, 3, 3, 1, 0, 2, 5, 2, 1, 1, 3, 1]}, null, null, 55, false, [], false, 0, [], null, 0, 1744324657.1509707, 0, {}]
[{"0": [3, 2, 4, 3, 3, 2, 1, 1, 2, 34, 35, 30, 26, 30, 26, 38, 2]}, null, null, 55, false, [], false, 0, [], null, 0, 1744324657.3506541, 0, {}]
[{"0": [2, 3, 1, 1, 1, 0, 2, 2, 2, 0, 3, 1, 1, 1, 1, 29, 28]}, null, null, 56, false, [], false, 0, [], null, 0, 1744324657.5664284, 0, {}]
[{"0": [2, 2, 3, 3, 2, 2, 4, 1, 5, 1, 1, 2, 2, 2, 2, 3, 1]}, null, null, 57, false, [], false, 0, [], null, 0, 1744324657.7963288, 0, {}]
[{"0": [3, 4, 2, 0, 1, 0, 1, 1, 0, 0, 2, 3, 1, 23, 25, 0, 1]}, null, null, 57, false, [], false, 0, [], null, 0, 1744324658.0006847, 0, {}]
[{"0": [1, 3, 2, 4, 1, 1, 3, 4, 2, 2, 3, 36, 3, 2, 2, 0, 4]}, null, null, 58, false, [], false, 0, [], null, 0, 1744324658.2137887, 0, {}]
[{"0": [0, 1, 1, 1, 2, 1, 2, 0, 1, 2, 1, 2, 1, 0, 32, 32, 33]}, null, null, 58, false, [], false, 0, [], null, 0, 1744324658.4377272, 0, {}]
[{"0": [3, 3, 2, 3, 1, 1, 0, 2, 3, 1, 1, 3, 2, 2, 35, 2, 3]}, null, null, 59, false, [], false, 0, [], null, 0, 1744324658.650596, 0, {}]
[{"0": [1, 2, 1, 2, 2, 1, 1, 0, 2, 3, 32, 36, 23, 25, 38, 31, 35]}, null, null, 60, false, [], false, 0, [], null, 0, 1744324658.8818734, 0, {}]
[{"0": [0, 5, 0, 1, 1, 4, 3, 2, 1, 42, 1, 2, 0, 2, 2, 1, 2]}, null, null, 60, false, [], false, 0, [], null, 0, 1744324659.086852, 0, {}]
[{"0": [2, 0, 1, 4, 2, 0, 0, 2, 1, 0, 3, 3, 1, 4, 2, 1, 39]}, null, null, 61, false, [], false, 0, [], null, 0, 1744324659.3051453, 0, {}]
[{"0": [2, 2, 1, 1, 0, 4, 29, 31, 26, 2, 2, 2, 0, 5, 0, 2, 0]}, null, null, 61, false, [], false, 0, [], null, 0, 1744324659.520822, 0, {}]
[{"0": [2, 3, 2, 0, 2, 1, 1, 4, 1, 3, 1, 0, 2, 0, 0, 1, 1]}, null, null, 62, false, [], false, 0, [], null, 0, 1744324659.7337155, 0, {}]
[{"0": [29, 33, 20, 25, 26, 3, 4, 4, 1, 0, 1, 1, 3, 0, 1, 3, 3]}, null, null, 63, false, [], false, 0, [], null, 0, 1744324659.9610443, 0, {}]
[{"0": [1, 2, 1, 3, 4, 1, 2, 3, 32, 4, 3, 0, 1, 3, 1, 0, 3]}, null, null, 63, false, [], false, 0, [], null, 0, 1744324660.1744869, 0, {}]
[{"0": [1, 2, 2, 4, 1, 4, 0, 1, 1, 3, 3, 3, 27, 27, 30, 28, 26]}, null, null, 64, false, [], false, 0, [], null, 0, 1744324660.3834515, 0, {}]
[{"0": [2, 0, 2, 4, 1, 3, 4, 0, 3, 24, 30, 0, 1, 2, 3, 2, 2]}, null, null, 64, false, [], false, 0, [], null, 0, 1744324660.6161673, 0, {}]
[{"0": [2, 1, 0, 2, 0, 0, 0, 2, 2, 3, 1, 2, 4, 0, 24, 3, 5]}, null, null, 65, false, [], false, 0, [], null, 0, 1744324660.8262439, 0, {}]
[{"0": [1, 1, 0, 1, 4, 2, 0, 40, 31, 2, 1, 4, 2, 2, 4, 2, 1]}, null, null, 66, false, [], false, 0, [], null, 0, 1744324661.0339632, 0, {}]
[{"0": [1, 0, 3, 5, 1, 2, 41, 47, 37, 27, 40, 33, 30, 1, 4, 2, 3]}, null, null, 66, false, [], false, 0, [], null, 0, 1744324661.2601418, 0, {}]
[{"0": [1, 1, 4, 0, 1, 3, 2, 2, 2, 3, 0, 3, 1, 2, 3, 3, 18]}, null, null, 67, false, [], false, 0, [], null, 0, 1744324661.48411, 0, {}]
[{"0": [2, 3, 2, 1, 2, 2, 3, 0, 1, 1, 35, 39, 37, 35, 30, 39, 34]}, null, null, 67, false, [], false, 0, [], null, 0, 1744324661.6809356, 0, {}]
[{"0": [2, 2, 2, 27, 39, 36, 39, 32, 33, 29, 30, 1, 2, 1, 1, 1, 7]}, null, null, 68, false, [], false, 0, [], null, 0, 1744324661.9127665, 0, {}]
[{"0": [2, 3, 1, 2, 1, 4, 3, 1, 38, 29, 35, 35, 29, 3, 2, 1, 2]}, null, null, 69, false, [], false, 0, [], null, 0, 1744324662.1283891, 0, {}]
[{"0": [0, 1, 3, 0, 3, 1, 1, 0, 1, 1, 3, 1, 1, 1, 3, 1, 1]}, null, null, 69, false, [], false, 0, [], null, 0, 1744324662.3456612, 0, {}]
[{"0": [3, 0, 4, 2, 1, 2, 3, 0, 1, 30, 28, 36, 39, 33, 30, 30, 1]}, null, null, 70, false, [], false, 0, [], null, 0, 1744324662.5601082, 0, {}]
[{"0": [2, 2, 42, 31, 33, 32, 28, 3, 1, 2, 2, 2, 1, 1, 1, 4, 1]}, null, null, 70, false, [], false, 0, [], null, 0, 1744324662.7736, 0, {}]
[{"0": [5, 0, 1, 0, 2, 2, 1, 1, 1, 3, 1, 1, 1, 2, 32, 28, 41]}, null, null, 71, false, [], false, 0, [], null, 0, 1744324662.9869063, 0, {}]
[{"0": [4, 1, 2, 6, 4, 0, 1, 1, 0, 2, 1, 0, 2, 26, 31, 34, 22]}, null, null, 72, false, [], false, 0, [], null, 0, 1744324663.2182727, 0, {}]
[{"0": [1, 3, 0, 3, 0, 2, 1, 2, 3, 3, 2, 0, 0, 1, 1, 0, 24]}, null, null, 72, false, [], false, 0, [], null, 0, 1744324663.4298673, 0, {}]
[{"0": [1, 3, 1, 2, 1, 6, 1, 3, 1, 34, 26, 41, 30, 34, 32, 38, 34]}, null, null, 73, false, [], false, 0, [], null, 0, 1744324663.635378, 0, {}]
[{"0": [4, 4, 3, 2, 0, 28, 30, 37, 34, 29, 33, 35, 20, 42, 38, 23, 41]}, null, null, 73, false, [], false, 0, [], null, 0, 1744324663.8637254, 0, {}]
[{"0": [1, 4, 2, 2, 1, 0, 1, 5, 1, 1, 3, 3, 30, 28, 24, 0, 3]}, null, null, 74, false, [], false, 0, [], null, 0, 1744324664.0705261, 0, {}]
[{"0": [3, 4, 1, 1, 1, 3, 3, 1, 1, 0, 1, 1, 3, 3, 22, 30, 1]}, null, null, 75, false, [], false, 0, [], null, 0, 1744324664.2995222, 0, {}]
[{"0": [33, 34, 3, 0, 1, 2, 2, 3, 2, 4, 2, 3, 2, 1, 1, 1, 2]}, null, null, 75, false, [], false, 0, [], null, 0, 1744324664.499413, 0, {}]
[{"0": [0, 2, 2, 1, 1, 34, 29, 24, 28, 25, 22, 0, 4, 2, 5, 3, 3]}, null, null, 76, false, [], false, 0, [], null, 0, 1744324664.7239456, 0, {}]
[{"0": [2, 5, 1, 2, 3, 3, 2, 2, 1, 0, 1, 2, 1, 1, 32, 28, 33]}, null, null, 77, false, [], false, 0, [], null, 0, 1744324664.9443223, 0, {}]
[{"0": [2, 4, 3, 33, 3, 0, 1, 1, 2, 1, 2, 2, 3, 1, 6, 4, 1]}, null, null, 77, false, [], false, 0, [], null, 0, 1744324665.1554291, 0, {}]
[{"0": [1, 0, 29, 27, 33, 32, 30, 31, 2, 2, 4, 0, 0, 5, 4, 3, 2]}, null, null, 78, false, [], false, 0, [], null, 0, 1744324665.3728957, 0, {}]
[{"0": [1, 1, 1, 2, 2, 1, 1, 0, 1, 0, 0, 1, 1, 34, 28, 1, 1]}, null, null, 78, false, [], false, 0, [], null, 0, 1744324665.5850625, 0, {}]
[{"0": [1, 4, 1, 1, 1, 2, 0, 3, 0, 23, 31, 27, 23, 22, 27, 37, 33]}, null, null, 79, false, [], false, 0, [], null, 0, 1744324665.8077452, 0, {}]
[{"0": [0, 2, 4, 2, 4, 1, 0, 0, 1, 0, 2, 2, 3, 1, 0, 2, 2]}, null, null, 80, false, [], false, 0, [], null, 0, 1744324666.022485, 0, {}]
[{"0": [3, 1, 3, 1, 1, 1, 37, 29, 35, 28, 39, 25, 3, 4, 4, 2, 2]}, null, null, 80, false, [], false, 0, [], null, 0, 1744324666.2457595, 0, {}]
[{"0": [1, 1, 1, 1, 0, 2, 0, 2, 2, 0, 3, 2, 2, 0, 2, 2, 23]}, null, null, 81, false, [], false, 0, [], null, 0, 1744324666.454356, 0, {}]
[{"0": [2, 2, 3, 0, 3, 1, 2, 2, 2, 1, 2, 3, 1, 4, 0, 2, 25]}, null, null, 81, false, [], false, 0, [], null, 0, 1744324666.6714356, 0, {}]
[{"0": [21, 26, 1, 3, 0, 1, 1, 1, 3, 4, 1, 4, 0, 1, 1, 2, 4]}, null, null, 82, false, [], false, 0, [], null, 0, 1744324666.8791468, 0, {}]
[{"0": [3, 0, 1, 2, 2, 0, 1, 41, 32, 3, 1, 2, 2, 1, 4, 1, 4]}, null, null, 83, false, [], false, 0, [], null, 0, 1744324667.1008716, 0, {}]
[{"0": [2, 3, 3, 1, 3, 2, 4, 1, 2, 2, 1, 3, 1, 1, 1, 1, 31]}, null, null, 83, false, [], false, 0, [], null, 0, 1744324667.3316133, 0, {}]
[{"0": [1, 2, 28, 41, 30, 29, 26, 39, 21, 24, 30, 29, 34, 33, 28, 35, 25]}, null, null, 84, false, [], false, 0, [], null, 0, 1744324667.5378673, 0, {}]
[{"0": [4, 2, 28, 33, 0, 1, 1, 0, 1, 1, 3, 2, 1, 1, 0, 0, 2]}, null, null, 84, false, [], false, 0, [], null, 0, 1744324667.7689471, 0, {}]
[{"0": [1, 1, 0, 2, 3, 1, 2, 1, 35, 26, 2, 2, 1, 2, 4, 2, 3]}, null, null, 85, false, [], false, 0, [], null, 0, 1744324667.965947, 0, {}]
[{"0": [3, 2, 1, 3, 4, 5, 3, 3, 0, 3, 0, 0, 2, 2, 4, 1, 2]}, null, null, 86, false, [], false, 0, [], null, 0, 1744324668.1897955, 0, {}]
[{"0": [2, 4, 2, 1, 1, 5, 2, 8, 2, 32, 26, 2, 1, 3, 1, 1, 2]}, null, null, 86, false, [], false, 0, [], null, 0, 1744324668.4040387, 0, {}]
[{"0": [2, 2, 0, 4, 4, 1, 0, 2, 2, 0, 1, 0, 0, 2, 1, 0, 4]}, null, null, 87, false, [], false, 0, [], null, 0, 1744324668.6334655, 0, {}]
[{"0": [2, 1, 0, 30, 30, 31, 28, 37, 33, 23, 28, 30, 26, 27, 29, 21, 36]}, null, null, 87, false, [], false, 0, [], null, 0, 1744324668.8417172, 0, {}]
[{"0": [4, 4, 3, 1, 1, 31, 1, 3, 3, 4, 2, 5, 2, 3, 2, 1, 0]}, null, null, 88, false, [], false, 0, [], null, 0, 1744324669.056906, 0, {}]
[{"0": [4, 3, 2, 4, 1, 1, 0, 0, 2, 2, 1, 1, 3, 1, 2, 3, 0]}, null, null, 89, false, [], false, 0, [], null, 0, 1744324669.2696915, 0, {}]
[{"0": [2, 5, 2, 4, 2, 32, 35, 30, 27, 3, 3, 0, 1, 5, 4, 1, 2]}, null, null, 89, false, [], false, 0, [], null, 0, 1744324669.4859536, 0, {}]
[{"0": [0, 4, 36, 21, 43, 32, 27, 38, 1, 3, 2, 1, 4, 3, 1, 0, 1]}, null, null, 90, false, [], false, 0, [], null, 0, 1744324669.7208533, 0, {}]
[{"0": [4, 1, 4, 1, 3, 0, 4, 0, 5, 4, 27, 37, 31, 25, 38, 0, 1]}, null, null, 90, false, [], false, 0, [], null, 0, 1744324669.9273088, 0, {}]
[{"0": [2, 3, 3, 34, 23, 29, 36, 27, 5, 0, 3, 3, 2, 3, 1, 2, 1]}, null, null, 91, false, [], false, 0, [], null, 0, 1744324670.1355927, 0, {}]
[{"0": [2, 1, 1, 1, 1, 0, 2, 3, 3, 1, 2, 4, 2, 3, 3, 3, 3]}, null, null, 92, false, [], false, 0, [], null, 0, 1744324670.3562233, 0, {}]
[{"0": [1, 2, 2, 2, 1, 2, 1, 2, 5, 2, 4, 2, 5, 0, 27, 32, 38]}, null, null, 92, false, [], false, 0, [], null, 0, 1744324670.5733173, 0, {}]
[{"0": [7, 2, 3, 2, 3, 4, 1, 0, 1, 4, 3, 1, 2, 24, 28, 0, 6]}, null, null, 93, false, [], false, 0, [], null, 0, 1744324670.7865784, 0, {}]
[{"0": [1, 0, 1, 1, 1, 0, 2, 0, 36, 35, 32, 40, 1, 0, 5, 1, 2]}, null, null, 93, false, [], false, 0, [], null, 0, 1744324671.006186, 0, {}]
[{"0": [4, 1, 25, 35, 24, 29, 33, 31, 40, 38, 38, 33, 30, 28, 3, 2, 1]}, null, null, 94, false, [], false, 0, [], null, 0, 1744324671.2302163, 0, {}]
[{"0": [1, 2, 0, 3, 4, 0, 3, 3, 0, 3, 6, 1, 1, 2, 2, 2, 26]}, null, null, 95, false, [], false, 0, [], null, 0, 1744324671.4342153, 0, {}]
[{"0": [6, 1, 1, 0, 2, 0, 1, 0, 1, 0, 3, 5, 0, 2, 30, 38, 29]}, null, null, 95, false, [], false, 0, [], null, 0, 1744324671.6496315, 0, {}]
[{"0": [4, 1, 0, 4, 38, 34, 34, 0, 1, 0, 1, 2, 5, 2, 5, 0, 2]}, null, null, 96, false, [], false, 0, [], null, 0, 1744324671.8757875, 0, {}]
[{"0": [5, 3, 2, 1, 2, 2, 1, 2, 36, 34, 25, 24, 17, 28, 25, 29, 1]}, null, null, 96, false, [], false, 0, [], null, 0, 1744324672.0936668, 0, {}]
[{"0": [1, 1, 2, 0, 0, 3, 0, 2, 1, 2, 29, 31, 31, 26, 25, 32, 26]}, null, null, 97, false, [], false, 0, [], null, 0, 1744324672.308347, 0, {}]
[{"0": [2, 1, 0, 2, 2, 4, 1, 3, 1, 1, 29, 31, 40, 42, 2, 1, 3]}, null, null, 98, false, [], false, 0, [], null, 0, 1744324672.5261877, 0, {}]
[{"0": [3, 3, 1, 3, 4, 0, 3, 2, 0, 0, 1, 1, 4, 3, 41, 41, 4]}, null, null, 98, false, [], false, 0, [], null, 0, 1744324672.7395232, 0, {}]
[{"0": [2, 0, 4, 4, 0, 1, 1, 3, 1, 3, 4, 1, 2, 2, 0, 30, 30]}, null, null, 99, false, [], false, 0, [], null, 0, 1744324672.9616485, 0, {}]
[{"0": [1, 0, 0, 3, 5, 1, 0, 2, 4, 0, 2, 0, 4, 23, 31, 29, 33]}, null, null, 99, false, [], false, 0, [], null, 0, 1744324673.1684856, 0, {}]
[{"0": [29, 31, 22, 29, 35, 5, 1, 3, 3, 1, 4, 2, 3, 6, 1, 2, 3]}, null, null, 100, false, [], false, 0, [], null, 0, 1744324673.4018888, 0, {}]
[{"0": [2, 2, 1, 1, 1, 2, 2, 1, 2, 2, 2, 19, 1, 2, 4, 1, 3]}, null, null, 101, false, [], false, 0, [], null, 0, 1744324673.6039288, 0, {}]
[{"0": [5, 0, 2, 1, 3, 0, 0, 22, 28, 36, 33, 3, 1, 3, 0, 2, 1]}, null, null, 101, false, [], false, 0, [], null, 0, 1744324673.813239, 0, {}]
[{"0": [0, 3, 3, 3, 1, 33, 35, 33, 3, 2, 0, 3, 3, 3, 3, 1, 2]}, null, null, 102, false, [], false, 0, [], null, 0, 1744324674.0396156, 0, {}]
[{"0": [2, 2, 2, 1, 2, 3, 3, 2, 1, 3, 1, 5, 1, 4, 4, 1, 33]}, null, null, 102, false, [], false, 0, [], null, 0, 1744324674.2528648, 0, {}]
[{"0": [1, 1, 0, 34, 37, 0, 3, 2, 3, 2, 2, 3, 0, 2, 1, 0, 4]}, null, null, 103, false, [], false, 0, [], null, 0, 1744324674.4812078, 0, {}]
[{"0": [0, 3, 0, 1, 2, 1, 2, 3, 2, 1, 29, 37, 8, 1, 1, 2, 3]}, null, null, 104, false, [], false, 0, [], null, 0, 1744324674.6873431, 0, {}]
[{"0": [2, 5, 6, 2, 1, 3, 3, 1, 0, 1, 0, 2, 1, 2, 0, 32, 35]}, null, null, 104, false, [], false, 0, [], null, 0, 1744324674.9049509, 0, {}]
[{"0": [1, 4, 0, 0, 1, 4, 1, 1, 1, 35, 30, 29, 32, 28, 35, 31, 26]}, null, null, 105, false, [], false, 0, [], null, 0, 1744324675.1276958, 0, {}]
[{"0": [2, 0, 2, 0, 2, 2, 3, 0, 3, 1, 2, 29, 20, 30, 1, 1, 1]}, null, null, 105, false, [], false, 0, [], null, 0, 1744324675.3326592, 0, {}]
[{"0": [0, 3, 3, 2, 1, 22, 39, 1, 3, 3, 1, 2, 0, 4, 4, 0, 3]}, null, null, 106, false, [], false, 0, [], null, 0, 1744324675.5510354, 0, {}]
[{"0": [1, 0, 2, 24, 37, 36, 0, 1, 2, 1, 3, 3, 1, 2, 0, 1, 0]}, null, null, 107, false, [], false, 0, [], null, 0, 1744324675.776429, 0, {}]
[{"0": [1, 2, 1, 2, 4, 1, 2, 38, 32, 0, 4, 2, 0, 0, 1, 2, 2]}, null, null, 107, false, [], false, 0, [], null, 0, 1744324675.9826887, 0, {}]
[{"0": [2, 2, 0, 2, 2, 3, 1, 1, 0, 3, 1, 2, 16, 27, 25, 1, 3]}, null, null, 108, false, [], false, 0, [], null, 0, 1744324676.2030032, 0, {}]
[{"0": [1, 2, 30, 26, 3, 2, 4, 4, 1, 3, 3, 0, 2, 1, 2, 0, 3]}, null, null, 108, false, [], false, 0, [], null, 0, 1744324676.4297, 0, {}]
[{"0": [2, 4, 2, 2, 1, 2, 2, 3, 3, 1, 3, 0, 2, 0, 2, 3, 33]}, null, null, 109, false, [], false, 0, [], null, 0, 1744324676.6534672, 0, {}]
[{"0": [3, 2, 3, 4, 3, 2, 1, 2, 3, 2, 1, 31, 1, 0, 1, 1, 1]}, null, null, 110, false, [], false, 0, [], null, 0, 1744324676.856538, 0, {}]
[{"0": [0, 1, 2, 3, 3, 3, 1, 1, 1, 23, 29, 31, 28, 27, 2, 1, 0]}, null, null, 110, false, [], false, 0, [], null, 0, 1744324677.0701547, 0, {}]
[{"0": [0, 0, 2, 4, 4, 1, 3, 3, 3, 3, 1, 0, 2, 2, 2, 2, 29]}, null, null, 111, false, [], false, 0, [], null, 0, 1744324677.2953465, 0, {}]
[{"0": [3, 3, 3, 2, 4, 0, 1, 1, 1, 3, 0, 3, 3, 1, 39, 26, 25]}, null, null, 111, false, [], false, 0, [], null, 0, 1744324677.4979904, 0, {}]
[{"0": [1, 0, 1, 0, 4, 6, 1, 2, 2, 20, 26, 0, 2, 1, 0, 4, 3]}, null, null, 112, false, [], false, 0, [], null, 0, 1744324677.7360635, 0, {}]
[{"0": [2, 2, 32, 33, 1, 2, 2, 4, 3, 1, 2, 4, 2, 3, 3, 3, 3]}, null, null, 113, false, [], false, 0, [], null, 0, 1744324677.9361746, 0, {}]
[{"0": [1, 3, 3, 1, 3, 2, 1, 0, 31, 29, 36, 26, 5, 2, 1, 7, 1]}, null, null, 113, false, [], false, 0, [], null, 0, 1744324678.1526263, 0, {}]
[{"0": [42, 32, 33, 31, 1, 3, 0, 1, 1, 3, 4, 3, 4, 1, 2, 2, 1]}, null, null, 114, false, [], false, 0, [], null, 0, 1744324678.3812613, 0, {}]
[{"0": [2, 4, 2, 2, 2, 0, 2, 1, 0, 3, 3, 4, 26, 29, 32, 1, 2]}, null, null, 114, false, [], false, 0, [], null, 0, 1744324678.6034706, 0, {}]
[{"0": [2, 1, 0, 1, 1, 3, 27, 21, 32, 33, 36, 34, 33, 19, 30, 4, 1]}, null, null, 115, false, [], false, 0, [], null, 0, 1744324678.802123, 0, {}]
[{"0": [42, 4, 0, 3, 1, 4, 2, 4, 1, 0, 3, 2, 0, 1, 2, 2, 0]}, null, null, 116, false, [], false, 0, [], null, 0, 1744324679.0207963, 0, {}]
[{"0": [1, 6, 0, 38, 1, 1, 3, 1, 2, 2, 1, 2, 4, 2, 1, 1, 3]}, null, null, 116, false, [], false, 0, [], null, 0, 1744324679.2451458, 0, {}]
[{"0": [52, 33, 34, 35, 29, 26, 31, 20, 22, 1, 1, 3, 3, 3, 5, 3, 1]}, null, null, 117, false, [], false, 0, [], null, 0, 1744324679.460236, 0, {}]
[{"0": [34, 3, 2, 2, 3, 1, 1, 3, 2, 3, 0, 1, 2, 1, 0, 4, 4]}, null, null, 117, false, [], false, 0, [], null, 0, 1744324679.664946, 0, {}]
[{"0": [0, 1, 4, 4, 5, 1, 0, 1, 1, 2, 24, 30, 33, 45, 23, 33, 32]}, null, null, 118, false, [], false, 0, [], null, 0, 1744324679.884831, 0, {}]
[{"0": [1, 2, 0, 1, 2, 2, 6, 2, 38, 41, 36, 37, 35, 49, 35, 36, 33]}, null, null, 119, false, [], false, 0, [], null, 0, 1744324680.1175437, 0, {}]
[{"0": [2, 2, 2, 4, 1, 3, 4, 0, 3, 2, 0, 2, 4, 0, 1, 30, 1]}, null, null, 119, false, [], false, 0, [], null, 0, 1744324680.3203905, 0, {}]
[{"0": [0, 4, 2, 3, 1, 3, 2, 3, 5, 37, 2, 1, 3, 0, 2, 2, 1]}, null, null, 120, false, [], false, 0, [], null, 0, 1744324680.5352008, 0, {}]
[{"0": [1, 2, 35, 1, 1, 2, 1, 4, 2, 3, 1, 0, 1, 3, 1, 3, 1]}, null, null, 120, false, [], false, 0, [], null, 0, 1744324680.764394, 0, {}]
[{"0": [2, 1, 1, 3, 0, 1, 1, 4, 2, 0, 37, 29, 32, 34, 36, 36, 37]}, null, null, 121, false, [], false, 0, [], null, 0, 1744324680.9746692, 0, {}]
[{"0": [3, 1, 1, 3, 34, 21, 33, 1, 1, 3, 1, 3, 3, 3, 3, 2, 1]}, null, null, 122, false, [], false, 0, [], null, 0, 1744324681.1813538, 0, {}]
[{"0": [3, 0, 31, 26, 37, 38, 1, 1, 0, 0, 1, 1, 1, 1, 2, 1, 1]}, null, null, 122, false, [], false, 0, [], null, 0, 1744324681.3999367, 0, {}]
[{"0": [3, 3, 2, 2, 3, 0, 1, 0, 34, 34, 33, 1, 3, 2, 1, 0, 1]}, null, null, 123, false, [], false, 0, [], null, 0, 1744324681.6302016, 0, {}]
[{"0": [2, 1, 3, 2, 0, 1, 2, 1, 2, 3, 1, 1, 34, 31, 24, 37, 29]}, null, null, 123, false, [], false, 0, [], null, 0, 1744324681.8364527, 0, {}]
[{"0": [1, 1, 2, 4, 4, 0, 1, 1, 0, 1, 2, 2, 2, 3, 2, 2, 0]}, null, null, 124, false, [], false, 0, [], null, 0, 1744324682.0482578, 0, {}]
[{"0": [2, 3, 2, 1, 4, 3, 1, 0, 1, 2, 1, 1, 1, 0, 2, 1, 42]}, null, null, 125, false, [], false, 0, [], null, 0, 1744324682.2635727, 0, {}]
[{"0": [1, 2, 1, 1, 2, 1, 4, 0, 2, 2, 1, 2, 0, 3, 1, 1, 35]}, null, null, 125, false, [], false, 0, [], null, 0, 1744324682.487041, 0, {}]
[{"0": [1, 1, 4, 1, 3, 0, 0, 0, 32, 40, 1, 1, 3, 0, 2, 2, 4]}, null, null, 126, false, [], false, 0, [], null, 0, 1744324682.7133782, 0, {}]
[{"0": [1, 2, 26, 6, 2, 2, 0, 3, 3, 2, 3, 1, 3, 2, 2, 3, 0]}, null, null, 127, false, [], false, 0, [], null, 0, 1744324682.92853, 0, {}]
[{"0": [2, 3, 1, 1, 0, 3, 2, 2, 1, 0, 2, 2, 4, 0, 0, 2, 30]}, null, null, 127, false, [], false, 0, [], null, 0, 1744324683.145059, 0, {}]
[{"0": [3, 3, 3, 0, 2, 2, 1, 6, 1, 3, 1, 0, 3, 1, 0, 24, 28]}, null, null, 128, false, [], false, 0, [], null, 0, 1744324683.3580685, 0, {}]
[{"0": [2, 3, 3, 2, 1, 0, 0, 1, 2, 31, 5, 1, 5, 1, 1, 2, 2]}, null, null, 128, false, [], false, 0, [], null, 0, 1744324683.576761, 0, {}]
[{"0": [3, 1, 4, 0, 1, 2, 1, 2, 2, 29, 27, 31, 33, 41, 22, 24, 29]}, null, null, 129, false, [], false, 0, [], null, 0, 1744324683.7833848, 0, {}]
[{"0": [2, 0, 2, 1, 3, 4, 3, 3, 4, 0, 2, 2, 0, 2, 33, 25, 3]}, null, null, 130, false, [], false, 0, [], null, 0, 1744324684.0023205, 0, {}]
[{"0": [2, 1, 2, 1, 1, 2, 2, 2, 3, 3, 1, 4, 1, 1, 2, 3, 24]}, null, null, 130, false, [], false, 0, [], null, 0, 1744324684.2277846, 0, {}]
[{"0": [4, 2, 2, 26, 30, 26, 37, 43, 30, 25, 26, 39, 29, 29, 1, 7, 1]}, null, null, 131, false, [], false, 0, [], null, 0, 1744324684.4327488, 0, {}]
[{"0": [0, 3, 2, 3, 33, 33, 33, 1, 1, 2, 4, 3, 3, 2, 4, 4, 0]}, null, null, 131, false, [], false, 0, [], null, 0, 1744324684.6705108, 0, {}]
[{"0": [1, 0, 5, 1, 2, 2, 32, 24, 32, 22, 30, 38, 36, 33, 28, 40, 26]}, null, null, 132, false, [], false, 0, [], null, 0, 1744324684.8777144, 0, {}]
[{"0": [2, 1, 4, 1, 3, 1, 2, 4, 0, 5, 2, 3, 3, 2, 3, 0, 1]}, null, null, 133, false, [], false, 0, [], null, 0, 1744324685.0840826, 0, {}]
[{"0": [35, 30, 1, 3, 2, 2, 3, 1, 3, 4, 0, 1, 2, 1, 0, 1, 0]}, null, null, 133, false, [], false, 0, [], null, 0, 1744324685.3029962, 0, {}]
[{"0": [27, 38, 41, 29, 1, 3, 3, 1, 1, 1, 10, 4, 2, 1, 2, 2, 3]}, null, null, 134, false, [], false, 0, [], null, 0, 1744324685.5217412, 0, {}]
[{"0": [2, 1, 1, 2, 2, 26, 28, 43, 31, 29, 32, 3, 1, 0, 3, 1, 5]}, null, null, 134, false, [], false, 0, [], null, 0, 1744324685.7401388, 0, {}]
[{"0": [1, 4, 3, 1, 5, 1, 0, 3, 30, 26, 35, 30, 35, 24, 33, 31, 30]}, null, null, 135, false, [], false, 0, [], null, 0, 1744324685.9563787, 0, {}]
[{"0": [0, 1, 2, 27, 32, 38, 25, 3, 2, 3, 3, 1, 3, 1, 0, 0, 2]}, null, null, 136, false, [], false, 0, [], null, 0, 1744324686.1676173, 0, {}]
[{"0": [2, 2, 2, 2, 27, 2, 0, 1, 0, 1, 4, 3, 1, 1, 0, 0, 2]}, null, null, 136, false, [], false, 0, [], null, 0, 1744324686.4012973, 0, {}]
[{"0": [2, 2, 3, 0, 5, 1, 1, 1, 1, 2, 1, 1, 33, 31, 33, 39, 30]}, null, null, 137, false, [], false, 0, [], null, 0, 1744324686.6144724, 0, {}]
[{"0": [5, 3, 3, 3, 0, 2, 0, 0, 2, 0, 2, 0, 30, 31, 23, 32, 45]}, null, null, 137, false, [], false, 0, [], null, 0, 1744324686.8289425, 0, {}]
[{"0": [2, 2, 1, 1, 2, 4, 1, 1, 1, 1, 2, 0, 37, 24, 26, 1, 4]}, null, null, 138, false, [], false, 0, [], null, 0, 1744324687.039433, 0, {}]
[{"0": [2, 1, 1, 29, 41, 37, 34, 3, 0, 0, 2, 2, 2, 3, 5, 0, 1]}, null, null, 139, false, [], false, 0, [], null, 0, 1744324687.2582412, 0, {}]
[{"0": [30, 31, 2, 2, 5, 2, 2, 4, 1, 0, 1, 1, 0, 3, 2, 1, 4]}, null, null, 139, false, [], false, 0, [], null, 0, 1744324687.4871678, 0, {}]
[{"0": [35, 34, 28, 27, 43, 31, 39, 0, 0, 1, 3, 4, 2, 1, 4, 2, 0]}, null, null, 140, false, [], false, 0, [], null, 0, 1744324687.7036777, 0, {}]
[{"0": [3, 2, 1, 3, 1, 5, 1, 2, 2, 2, 5, 3, 1, 6, 37, 21, 29]}, null, null, 140, false, [], false, 0, [], null, 0, 1744324687.90271, 0, {}]
[{"0": [1, 3, 0, 2, 3, 2, 2, 1, 0, 2, 2, 4, 4, 1, 2, 0, 2]}, null, null, 141, false, [], false, 0, [], null, 0, 1744324688.1322746, 0, {}]
[{"0": [27, 29, 35, 24, 0, 5, 2, 1, 1, 7, 1, 0, 3, 2, 1, 3, 0]}, null, null, 142, false, [], false, 0, [], null, 0, 1744324688.3464963, 0, {}]
[{"0": [30, 25, 2, 0, 3, 3, 1, 2, 1, 2, 1, 6, 1, 2, 4, 0, 1]}, null, null, 142, false, [], false, 0, [], null, 0, 1744324688.56104, 0, {}]
[{"0": [2, 2, 1, 0, 3, 1, 0, 2, 24, 28, 32, 35, 35, 37, 0, 2, 3]}, null, null, 143, false, [], false, 0, [], null, 0, 1744324688.7732656, 0, {}]
[{"0": [0, 0, 2, 3, 0, 2, 2, 4, 3, 1, 1, 1, 1, 3, 1, 1, 28]}, null, null, 143, false, [], false, 0, [], null, 0, 1744324688.9991715, 0, {}]
[{"0": [0, 0, 3, 2, 1, 4, 2, 1, 1, 0, 2, 0, 4, 0, 21, 34, 33]}, null, null, 144, false, [], false, 0, [], null, 0, 1744324689.2115064, 0, {}]
[{"0": [0, 2, 0, 1, 3, 2, 2, 2, 40, 1, 3, 3, 2, 3, 2, 3, 1]}, null, null, 145, false, [], false, 0, [], null, 0, 1744324689.4335978, 0, {}]
[{"0": [0, 2, 2, 1, 2, 1, 1, 2, 3, 3, 0, 2, 1, 3, 4, 1, 38]}, null, null, 145, false, [], false, 0, [], null, 0, 1744324689.6535695, 0, {}]
[{"0": [3, 4, 1, 0, 1, 2, 1, 1, 0, 36, 36, 33, 1, 1, 3, 2, 2]}, null, null, 146, false, [], false, 0, [], null, 0, 1744324689.853074, 0, {}]
[{"0": [2, 1, 2, 4, 1, 2, 3, 2, 3, 1, 42, 4, 3, 3, 0, 4, 3]}, null, null, 146, false, [], false, 0, [], null, 0, 1744324690.0762024, 0, {}]
[{"0": [3, 0, 2, 1, 2, 2, 0, 3, 1, 0, 2, 4, 2, 2, 3, 3, 1]}, null, null, 147, false, [], false, 0, [], null, 0, 1744324690.3047876, 0, {}]
[{"0": [6, 4, 1, 2, 1, 0, 4, 0, 5, 4, 2, 3, 2, 0, 0, 33, 34]}, null, null, 148, false, [], false, 0, [], null, 0, 1744324690.5247633, 0, {}]
[{"0": [2, 0, 3, 1, 0, 2, 2, 0, 1, 34, 24, 35, 2, 1, 0, 1, 1]}, null, null, 148, false, [], false, 0, [], null, 0, 1744324690.7264283, 0, {}]
[{"0": [2, 0, 1, 3, 3, 5, 1, 1, 2, 0, 0, 0, 3, 3, 24, 28, 3]}, null, null, 149, false, [], false, 0, [], null, 0, 1744324690.938079, 0, {}]
[{"0": [2, 1, 2, 0, 1, 4, 4, 2, 3, 2, 0, 4, 0, 1, 2, 2, 5]}, null, null, 149, false, [], false, 0, [], null, 0, 1744324691.154464, 0, {}]
[{"0": [2, 1, 1, 2, 0, 0, 4, 2, 1, 0, 3, 2, 1, 31, 31, 37, 38]}, null, null, 150, true, [], false, 0, [], null, 0, 1744324691.3768837, 0, {}]
