[{"0": [2, 1, 3, 1, 2, 4, 1, 28, 30, 36, 25, 39, 0, 5, 1]}, null, null, 0, false, [], false, 0, [], null, 0, 1744312572.7452257, 0, {}]
[{"0": [39, 1, 0, 2, 3, 2, 3, 0, 3, 0, 1, 1, 3, 0, 0]}, null, null, 1, false, [], false, 0, [], null, 0, 1744312572.9659996, 0, {}]
[{"0": [3, 1, 0, 1, 4, 4, 0, 1, 2, 21, 36, 36, 2, 4, 2]}, null, null, 1, false, [], false, 0, [], null, 0, 1744312573.1509764, 0, {}]
[{"0": [1, 1, 2, 0, 2, 0, 2, 1, 1, 1, 3, 31, 33, 41, 37]}, null, null, 2, false, [], false, 0, [], null, 0, 1744312573.3619866, 0, {}]
[{"0": [3, 2, 0, 3, 2, 2, 0, 32, 37, 32, 35, 2, 0, 5, 2]}, null, null, 2, false, [], false, 0, [], null, 0, 1744312573.5879526, 0, {}]
[{"0": [1, 2, 2, 1, 2, 0, 2, 4, 4, 2, 2, 3, 2, 3, 31]}, null, null, 3, false, [], false, 0, [], null, 0, 1744312573.7556348, 0, {}]
[{"0": [1, 0, 2, 0, 2, 1, 1, 3, 2, 0, 1, 1, 3, 0, 36]}, null, null, 4, false, [], false, 0, [], null, 0, 1744312573.956273, 0, {}]
[{"0": [2, 4, 6, 1, 0, 2, 0, 2, 1, 0, 2, 0, 0, 1, 36]}, null, null, 4, false, [], false, 0, [], null, 0, 1744312574.1496348, 0, {}]
[{"0": [2, 0, 1, 4, 1, 4, 4, 1, 1, 3, 4, 32, 27, 35, 2]}, null, null, 5, false, [], false, 0, [], null, 0, 1744312574.349223, 0, {}]
[{"0": [3, 2, 0, 1, 1, 2, 0, 2, 1, 3, 21, 30, 32, 32, 30]}, null, null, 5, false, [], false, 0, [], null, 0, 1744312574.5689116, 0, {}]
[{"0": [2, 4, 0, 1, 3, 4, 39, 3, 2, 1, 1, 1, 3, 1, 3]}, null, null, 6, false, [], false, 0, [], null, 0, 1744312574.756073, 0, {}]
[{"0": [5, 1, 2, 2, 2, 40, 3, 5, 0, 0, 2, 3, 0, 1, 2]}, null, null, 7, false, [], false, 0, [], null, 0, 1744312574.9620512, 0, {}]
[{"0": [1, 1, 2, 1, 4, 4, 5, 4, 3, 1, 33, 4, 3, 4, 1]}, null, null, 7, false, [], false, 0, [], null, 0, 1744312575.158443, 0, {}]
[{"0": [3, 2, 2, 1, 2, 37, 34, 31, 33, 28, 28, 2, 2, 2, 0]}, null, null, 8, false, [], false, 0, [], null, 0, 1744312575.3610475, 0, {}]
[{"0": [3, 3, 3, 3, 1, 3, 1, 1, 2, 38, 29, 34, 3, 2, 1]}, null, null, 8, false, [], false, 0, [], null, 0, 1744312575.552041, 0, {}]
[{"0": [2, 2, 3, 0, 7, 1, 1, 3, 2, 2, 1, 26, 35, 26, 1]}, null, null, 9, false, [], false, 0, [], null, 0, 1744312575.7638614, 0, {}]
[{"0": [0, 2, 1, 4, 2, 1, 3, 2, 21, 36, 1, 1, 1, 2, 4]}, null, null, 10, false, [], false, 0, [], null, 0, 1744312575.9485023, 0, {}]
[{"0": [1, 0, 0, 3, 3, 2, 2, 1, 1, 4, 2, 1, 2, 3, 49]}, null, null, 10, false, [], false, 0, [], null, 0, 1744312576.1472425, 0, {}]
[{"0": [2, 5, 1, 1, 42, 0, 4, 1, 1, 2, 2, 2, 3, 2, 0]}, null, null, 11, false, [], false, 0, [], null, 0, 1744312576.3582594, 0, {}]
[{"0": [0, 2, 3, 3, 0, 1, 43, 33, 1, 2, 2, 0, 3, 2, 1]}, null, null, 11, false, [], false, 0, [], null, 0, 1744312576.5530715, 0, {}]
[{"0": [21, 2, 4, 2, 1, 0, 0, 2, 0, 4, 2, 3, 2, 2, 2]}, null, null, 12, false, [], false, 0, [], null, 0, 1744312576.7487755, 0, {}]
[{"0": [1, 1, 2, 5, 21, 1, 1, 2, 3, 2, 3, 2, 3, 7, 0]}, null, null, 13, false, [], false, 0, [], null, 0, 1744312576.9710739, 0, {}]
[{"0": [32, 4, 6, 2, 1, 4, 1, 1, 3, 3, 6, 0, 1, 0, 2]}, null, null, 13, false, [], false, 0, [], null, 0, 1744312577.156175, 0, {}]
[{"0": [1, 2, 3, 1, 3, 3, 2, 2, 2, 1, 5, 35, 2, 3, 6]}, null, null, 14, false, [], false, 0, [], null, 0, 1744312577.356816, 0, {}]
[{"0": [1, 0, 4, 1, 2, 1, 4, 29, 39, 35, 28, 1, 2, 7, 3]}, null, null, 14, false, [], false, 0, [], null, 0, 1744312577.5550442, 0, {}]
[{"0": [0, 2, 35, 40, 33, 37, 34, 35, 41, 2, 1, 0, 1, 4, 1]}, null, null, 15, false, [], false, 0, [], null, 0, 1744312577.7545092, 0, {}]
[{"0": [3, 2, 2, 4, 3, 2, 1, 1, 1, 0, 1, 2, 3, 2, 27]}, null, null, 16, false, [], false, 0, [], null, 0, 1744312577.9626248, 0, {}]
[{"0": [0, 2, 2, 2, 2, 4, 4, 0, 1, 1, 1, 1, 2, 1, 29]}, null, null, 16, false, [], false, 0, [], null, 0, 1744312578.1604166, 0, {}]
[{"0": [0, 1, 1, 1, 35, 3, 0, 2, 1, 0, 1, 2, 3, 0, 1]}, null, null, 17, false, [], false, 0, [], null, 0, 1744312578.3529727, 0, {}]
[{"0": [2, 1, 2, 1, 4, 32, 35, 22, 26, 34, 34, 30, 36, 1, 2]}, null, null, 17, false, [], false, 0, [], null, 0, 1744312578.550603, 0, {}]
[{"0": [2, 1, 1, 2, 1, 41, 24, 2, 1, 0, 3, 2, 2, 1, 3]}, null, null, 18, false, [], false, 0, [], null, 0, 1744312578.7513144, 0, {}]
[{"0": [2, 0, 2, 34, 34, 1, 0, 0, 2, 3, 4, 1, 4, 1, 1]}, null, null, 19, false, [], false, 0, [], null, 0, 1744312578.960101, 0, {}]
[{"0": [0, 1, 39, 33, 31, 2, 0, 8, 2, 1, 4, 4, 3, 1, 3]}, null, null, 19, false, [], false, 0, [], null, 0, 1744312579.1562788, 0, {}]
[{"0": [2, 2, 0, 2, 5, 5, 2, 1, 5, 35, 28, 1, 1, 1, 2]}, null, null, 20, false, [], false, 0, [], null, 0, 1744312579.3569512, 0, {}]
[{"0": [3, 2, 3, 1, 3, 4, 1, 2, 1, 2, 1, 0, 3, 31, 1]}, null, null, 20, false, [], false, 0, [], null, 0, 1744312579.5586848, 0, {}]
[{"0": [1, 3, 2, 1, 1, 2, 3, 0, 1, 1, 5, 4, 32, 25, 45]}, null, null, 21, false, [], false, 0, [], null, 0, 1744312579.7588632, 0, {}]
[{"0": [3, 1, 36, 36, 36, 36, 1, 1, 1, 1, 2, 1, 2, 2, 2]}, null, null, 22, false, [], false, 0, [], null, 0, 1744312579.9601462, 0, {}]
[{"0": [2, 1, 3, 1, 2, 32, 36, 45, 1, 1, 1, 2, 0, 2, 1]}, null, null, 22, false, [], false, 0, [], null, 0, 1744312580.1581008, 0, {}]
[{"0": [0, 2, 2, 2, 0, 3, 1, 2, 2, 0, 1, 32, 45, 29, 21]}, null, null, 23, false, [], false, 0, [], null, 0, 1744312580.353444, 0, {}]
[{"0": [1, 4, 3, 3, 1, 5, 1, 5, 1, 0, 1, 1, 1, 3, 36]}, null, null, 23, false, [], false, 0, [], null, 0, 1744312580.548956, 0, {}]
[{"0": [2, 0, 1, 3, 2, 4, 2, 2, 1, 0, 32, 35, 38, 39, 31]}, null, null, 24, false, [], false, 0, [], null, 0, 1744312580.7634425, 0, {}]
[{"0": [3, 2, 2, 1, 2, 27, 38, 34, 42, 31, 25, 40, 36, 30, 3]}, null, null, 25, false, [], false, 0, [], null, 0, 1744312580.9574885, 0, {}]
[{"0": [4, 0, 2, 1, 3, 1, 2, 2, 1, 30, 32, 38, 45, 37, 4]}, null, null, 25, false, [], false, 0, [], null, 0, 1744312581.156295, 0, {}]
[{"0": [1, 7, 1, 0, 2, 0, 1, 3, 1, 2, 1, 3, 8, 1, 24]}, null, null, 26, false, [], false, 0, [], null, 0, 1744312581.3585062, 0, {}]
[{"0": [2, 5, 2, 40, 24, 32, 51, 39, 36, 2, 2, 2, 1, 2, 0]}, null, null, 27, false, [], false, 0, [], null, 0, 1744312581.5543141, 0, {}]
[{"0": [3, 3, 34, 41, 1, 2, 3, 1, 1, 1, 0, 3, 0, 0, 0]}, null, null, 27, false, [], false, 0, [], null, 0, 1744312581.7520185, 0, {}]
[{"0": [2, 0, 1, 1, 1, 2, 4, 0, 3, 1, 0, 3, 2, 1, 42]}, null, null, 28, false, [], false, 0, [], null, 0, 1744312581.9489887, 0, {}]
[{"0": [1, 2, 1, 2, 1, 2, 1, 3, 1, 1, 25, 38, 44, 3, 2]}, null, null, 28, false, [], false, 0, [], null, 0, 1744312582.165145, 0, {}]
[{"0": [1, 1, 2, 0, 3, 1, 0, 41, 37, 32, 25, 22, 36, 34, 3]}, null, null, 29, false, [], false, 0, [], null, 0, 1744312582.34556, 0, {}]
[{"0": [1, 1, 0, 3, 5, 1, 0, 2, 3, 3, 28, 1, 1, 3, 1]}, null, null, 30, false, [], false, 0, [], null, 0, 1744312582.547122, 0, {}]
[{"0": [2, 1, 0, 2, 0, 2, 1, 3, 3, 2, 2, 0, 0, 30, 0]}, null, null, 30, false, [], false, 0, [], null, 0, 1744312582.750286, 0, {}]
[{"0": [2, 1, 0, 3, 3, 1, 0, 3, 1, 0, 2, 41, 32, 38, 29]}, null, null, 31, false, [], false, 0, [], null, 0, 1744312582.966969, 0, {}]
[{"0": [2, 2, 28, 29, 52, 1, 2, 0, 3, 1, 2, 1, 1, 0, 2]}, null, null, 31, false, [], false, 0, [], null, 0, 1744312583.1593466, 0, {}]
[{"0": [3, 3, 6, 1, 3, 0, 2, 1, 0, 1, 1, 4, 3, 1, 26]}, null, null, 32, false, [], false, 0, [], null, 0, 1744312583.3521032, 0, {}]
[{"0": [1, 1, 1, 1, 2, 2, 38, 29, 2, 5, 3, 0, 1, 1, 3]}, null, null, 33, false, [], false, 0, [], null, 0, 1744312583.5457666, 0, {}]
[{"0": [3, 4, 4, 1, 1, 1, 40, 34, 25, 1, 1, 4, 1, 0, 2]}, null, null, 33, false, [], false, 0, [], null, 0, 1744312583.7598584, 0, {}]
[{"0": [2, 2, 0, 1, 1, 8, 1, 1, 0, 4, 2, 3, 40, 30, 34]}, null, null, 34, false, [], false, 0, [], null, 0, 1744312583.9584143, 0, {}]
[{"0": [1, 7, 3, 1, 4, 3, 2, 5, 30, 1, 0, 2, 2, 1, 0]}, null, null, 34, false, [], false, 0, [], null, 0, 1744312584.154794, 0, {}]
[{"0": [3, 3, 3, 1, 2, 1, 2, 2, 4, 3, 2, 4, 0, 41, 33]}, null, null, 35, false, [], false, 0, [], null, 0, 1744312584.3510208, 0, {}]
[{"0": [1, 1, 0, 1, 2, 0, 2, 3, 4, 3, 1, 2, 1, 2, 35]}, null, null, 36, false, [], false, 0, [], null, 0, 1744312584.5651307, 0, {}]
[{"0": [4, 1, 4, 1, 2, 0, 1, 1, 3, 47, 1, 1, 3, 2, 0]}, null, null, 36, false, [], false, 0, [], null, 0, 1744312584.7502337, 0, {}]
[{"0": [2, 2, 1, 2, 4, 1, 3, 2, 2, 0, 1, 3, 1, 2, 28]}, null, null, 37, false, [], false, 0, [], null, 0, 1744312584.9631422, 0, {}]
[{"0": [3, 1, 0, 2, 3, 4, 6, 3, 3, 2, 2, 4, 2, 0, 1]}, null, null, 37, false, [], false, 0, [], null, 0, 1744312585.1503086, 0, {}]
[{"0": [2, 0, 3, 2, 3, 1, 2, 2, 0, 0, 6, 39, 1, 5, 0]}, null, null, 38, false, [], false, 0, [], null, 0, 1744312585.3595026, 0, {}]
[{"0": [1, 0, 38, 35, 38, 25, 36, 4, 0, 0, 2, 3, 1, 3, 2]}, null, null, 39, false, [], false, 0, [], null, 0, 1744312585.554406, 0, {}]
[{"0": [1, 3, 1, 1, 2, 4, 6, 5, 26, 29, 1, 0, 0, 1, 2]}, null, null, 39, false, [], false, 0, [], null, 0, 1744312585.7559876, 0, {}]
[{"0": [4, 1, 2, 2, 3, 0, 1, 3, 1, 2, 2, 1, 33, 32, 33]}, null, null, 40, false, [], false, 0, [], null, 0, 1744312585.9559913, 0, {}]
[{"0": [1, 1, 2, 1, 1, 4, 0, 0, 2, 2, 1, 3, 1, 2, 20]}, null, null, 40, false, [], false, 0, [], null, 0, 1744312586.1509497, 0, {}]
[{"0": [2, 2, 3, 1, 48, 27, 39, 30, 33, 28, 1, 0, 3, 1, 3]}, null, null, 41, false, [], false, 0, [], null, 0, 1744312586.3527694, 0, {}]
[{"0": [3, 2, 3, 3, 2, 2, 1, 5, 2, 1, 36, 42, 29, 28, 40]}, null, null, 42, false, [], false, 0, [], null, 0, 1744312586.5588083, 0, {}]
[{"0": [37, 33, 49, 43, 30, 34, 2, 3, 0, 2, 1, 0, 0, 2, 0]}, null, null, 42, false, [], false, 0, [], null, 0, 1744312586.7503493, 0, {}]
[{"0": [1, 3, 1, 1, 2, 2, 36, 32, 27, 36, 5, 1, 4, 3, 0]}, null, null, 43, false, [], false, 0, [], null, 0, 1744312586.955729, 0, {}]
[{"0": [2, 1, 1, 0, 1, 1, 0, 2, 40, 35, 35, 26, 33, 35, 39]}, null, null, 43, false, [], false, 0, [], null, 0, 1744312587.1546636, 0, {}]
[{"0": [2, 1, 3, 2, 1, 1, 0, 1, 3, 29, 1, 1, 1, 3, 2]}, null, null, 44, false, [], false, 0, [], null, 0, 1744312587.3494124, 0, {}]
[{"0": [4, 2, 0, 1, 0, 1, 3, 2, 0, 1, 1, 7, 1, 2, 42]}, null, null, 45, false, [], false, 0, [], null, 0, 1744312587.5536263, 0, {}]
[{"0": [2, 1, 5, 4, 1, 2, 5, 5, 2, 0, 2, 3, 0, 0, 28]}, null, null, 45, false, [], false, 0, [], null, 0, 1744312587.7558596, 0, {}]
[{"0": [1, 2, 1, 35, 42, 30, 33, 33, 4, 0, 1, 1, 2, 0, 1]}, null, null, 46, false, [], false, 0, [], null, 0, 1744312587.9572222, 0, {}]
[{"0": [1, 2, 36, 37, 24, 31, 38, 0, 2, 1, 2, 0, 1, 0, 0]}, null, null, 46, false, [], false, 0, [], null, 0, 1744312588.155274, 0, {}]
[{"0": [0, 0, 0, 3, 3, 2, 1, 1, 3, 1, 6, 33, 33, 26, 29]}, null, null, 47, false, [], false, 0, [], null, 0, 1744312588.346456, 0, {}]
[{"0": [1, 1, 2, 4, 1, 2, 37, 30, 42, 38, 34, 2, 2, 2, 1]}, null, null, 48, false, [], false, 0, [], null, 0, 1744312588.5648727, 0, {}]
[{"0": [2, 1, 0, 4, 1, 2, 1, 1, 30, 42, 33, 34, 32, 31, 29]}, null, null, 48, false, [], false, 0, [], null, 0, 1744312588.7662203, 0, {}]
[{"0": [1, 1, 0, 3, 3, 2, 1, 0, 0, 1, 5, 1, 2, 3, 33]}, null, null, 49, false, [], false, 0, [], null, 0, 1744312588.9462152, 0, {}]
[{"0": [1, 1, 31, 23, 37, 33, 40, 1, 1, 2, 2, 3, 2, 0, 0]}, null, null, 49, false, [], false, 0, [], null, 0, 1744312589.1549382, 0, {}]
[{"0": [4, 1, 3, 1, 2, 3, 2, 2, 1, 2, 0, 3, 1, 32, 21]}, null, null, 50, false, [], false, 0, [], null, 0, 1744312589.3480542, 0, {}]
[{"0": [28, 40, 39, 35, 29, 0, 2, 1, 0, 2, 1, 3, 2, 3, 0]}, null, null, 51, false, [], false, 0, [], null, 0, 1744312589.551672, 0, {}]
[{"0": [2, 4, 2, 1, 2, 34, 40, 36, 29, 28, 23, 42, 30, 2, 6]}, null, null, 51, false, [], false, 0, [], null, 0, 1744312589.7634134, 0, {}]
[{"0": [4, 2, 1, 1, 2, 1, 2, 3, 1, 4, 34, 34, 38, 30, 30]}, null, null, 52, false, [], false, 0, [], null, 0, 1744312589.9440715, 0, {}]
[{"0": [1, 1, 0, 0, 2, 32, 31, 32, 2, 3, 2, 5, 6, 1, 1]}, null, null, 52, false, [], false, 0, [], null, 0, 1744312590.1546445, 0, {}]
[{"0": [2, 1, 3, 41, 41, 25, 30, 25, 31, 2, 1, 1, 1, 3, 1]}, null, null, 53, false, [], false, 0, [], null, 0, 1744312590.345637, 0, {}]
[{"0": [0, 1, 39, 34, 36, 27, 41, 26, 2, 1, 2, 1, 0, 1, 4]}, null, null, 54, false, [], false, 0, [], null, 0, 1744312590.5577607, 0, {}]
[{"0": [2, 0, 0, 3, 3, 1, 5, 0, 4, 5, 30, 42, 36, 31, 41]}, null, null, 54, false, [], false, 0, [], null, 0, 1744312590.757843, 0, {}]
[{"0": [3, 1, 2, 3, 0, 38, 2, 0, 2, 4, 4, 3, 1, 1, 3]}, null, null, 55, false, [], false, 0, [], null, 0, 1744312590.9584603, 0, {}]
[{"0": [0, 1, 0, 1, 0, 1, 2, 45, 31, 30, 32, 2, 4, 1, 3]}, null, null, 55, false, [], false, 0, [], null, 0, 1744312591.1536884, 0, {}]
[{"0": [3, 2, 2, 0, 2, 1, 2, 3, 0, 2, 2, 35, 32, 3, 0]}, null, null, 56, false, [], false, 0, [], null, 0, 1744312591.3531868, 0, {}]
[{"0": [1, 4, 2, 2, 1, 2, 3, 3, 3, 1, 3, 2, 2, 43, 35]}, null, null, 57, false, [], false, 0, [], null, 0, 1744312591.5514705, 0, {}]
[{"0": [2, 0, 4, 3, 2, 1, 35, 30, 3, 2, 1, 2, 3, 2, 3]}, null, null, 57, false, [], false, 0, [], null, 0, 1744312591.7462423, 0, {}]
[{"0": [3, 2, 4, 0, 2, 3, 1, 31, 23, 34, 39, 3, 0, 2, 2]}, null, null, 58, false, [], false, 0, [], null, 0, 1744312591.9634542, 0, {}]
[{"0": [1, 2, 2, 0, 0, 1, 3, 1, 5, 35, 34, 31, 30, 38, 32]}, null, null, 58, false, [], false, 0, [], null, 0, 1744312592.1537037, 0, {}]
[{"0": [1, 2, 2, 1, 50, 40, 41, 30, 33, 29, 38, 27, 29, 35, 1]}, null, null, 59, false, [], false, 0, [], null, 0, 1744312592.3590627, 0, {}]
[{"0": [0, 4, 48, 28, 2, 2, 2, 1, 0, 0, 0, 1, 2, 0, 6]}, null, null, 60, false, [], false, 0, [], null, 0, 1744312592.5561244, 0, {}]
[{"0": [0, 2, 2, 2, 3, 2, 1, 0, 27, 34, 30, 37, 20, 27, 0]}, null, null, 60, false, [], false, 0, [], null, 0, 1744312592.7476523, 0, {}]
[{"0": [2, 3, 2, 4, 4, 3, 1, 1, 0, 30, 39, 39, 3, 0, 5]}, null, null, 61, false, [], false, 0, [], null, 0, 1744312592.9439104, 0, {}]
[{"0": [2, 1, 1, 36, 0, 2, 4, 3, 2, 1, 1, 3, 0, 3, 2]}, null, null, 61, false, [], false, 0, [], null, 0, 1744312593.1637084, 0, {}]
[{"0": [3, 3, 2, 1, 3, 0, 2, 3, 4, 4, 1, 2, 32, 28, 2]}, null, null, 62, false, [], false, 0, [], null, 0, 1744312593.365486, 0, {}]
[{"0": [1, 0, 1, 0, 3, 1, 39, 30, 38, 1, 3, 4, 0, 0, 4]}, null, null, 63, false, [], false, 0, [], null, 0, 1744312593.5634356, 0, {}]
[{"0": [2, 2, 1, 0, 27, 33, 36, 32, 35, 25, 3, 1, 6, 1, 0]}, null, null, 63, false, [], false, 0, [], null, 0, 1744312593.7617104, 0, {}]
[{"0": [1, 0, 2, 3, 3, 34, 30, 45, 25, 4, 1, 2, 2, 3, 4]}, null, null, 64, false, [], false, 0, [], null, 0, 1744312593.9480233, 0, {}]
[{"0": [2, 3, 1, 2, 32, 34, 1, 3, 3, 3, 2, 2, 2, 2, 2]}, null, null, 64, false, [], false, 0, [], null, 0, 1744312594.1513512, 0, {}]
[{"0": [3, 1, 3, 3, 0, 4, 3, 0, 3, 2, 1, 2, 31, 34, 0]}, null, null, 65, false, [], false, 0, [], null, 0, 1744312594.3550673, 0, {}]
[{"0": [2, 1, 1, 2, 1, 2, 1, 4, 1, 31, 41, 1, 7, 2, 2]}, null, null, 66, false, [], false, 0, [], null, 0, 1744312594.5495608, 0, {}]
[{"0": [3, 3, 1, 1, 2, 32, 30, 3, 1, 3, 2, 2, 3, 5, 1]}, null, null, 66, false, [], false, 0, [], null, 0, 1744312594.7642457, 0, {}]
[{"0": [2, 0, 0, 2, 2, 1, 3, 2, 2, 1, 1, 38, 30, 3, 2]}, null, null, 67, false, [], false, 0, [], null, 0, 1744312594.952055, 0, {}]
[{"0": [4, 1, 2, 4, 2, 2, 4, 5, 5, 2, 2, 27, 42, 19, 2]}, null, null, 67, false, [], false, 0, [], null, 0, 1744312595.1516008, 0, {}]
[{"0": [1, 1, 2, 3, 1, 3, 2, 3, 1, 1, 4, 31, 28, 41, 24]}, null, null, 68, false, [], false, 0, [], null, 0, 1744312595.3495483, 0, {}]
[{"0": [2, 4, 3, 5, 1, 0, 1, 4, 3, 0, 38, 28, 29, 37, 34]}, null, null, 69, false, [], false, 0, [], null, 0, 1744312595.5547361, 0, {}]
[{"0": [0, 2, 0, 5, 3, 2, 2, 4, 1, 0, 1, 0, 3, 1, 31]}, null, null, 69, false, [], false, 0, [], null, 0, 1744312595.75072, 0, {}]
[{"0": [1, 3, 2, 1, 2, 3, 1, 3, 3, 2, 3, 2, 28, 4, 3]}, null, null, 70, false, [], false, 0, [], null, 0, 1744312595.9531033, 0, {}]
[{"0": [1, 1, 1, 2, 3, 35, 24, 4, 2, 2, 3, 1, 0, 0, 0]}, null, null, 70, false, [], false, 0, [], null, 0, 1744312596.1486723, 0, {}]
[{"0": [0, 0, 23, 28, 28, 47, 36, 32, 28, 5, 1, 0, 0, 2, 5]}, null, null, 71, false, [], false, 0, [], null, 0, 1744312596.359647, 0, {}]
[{"0": [3, 0, 3, 4, 2, 4, 1, 30, 36, 31, 2, 3, 0, 1, 4]}, null, null, 72, false, [], false, 0, [], null, 0, 1744312596.5607285, 0, {}]
[{"0": [0, 0, 3, 0, 2, 2, 1, 3, 4, 29, 30, 40, 48, 3, 1]}, null, null, 72, false, [], false, 0, [], null, 0, 1744312596.7572145, 0, {}]
[{"0": [34, 30, 32, 31, 34, 31, 44, 29, 26, 42, 34, 28, 2, 4, 0]}, null, null, 73, false, [], false, 0, [], null, 0, 1744312596.96248, 0, {}]
[{"0": [0, 2, 2, 1, 4, 1, 2, 4, 0, 2, 3, 0, 0, 1, 30]}, null, null, 73, false, [], false, 0, [], null, 0, 1744312597.157174, 0, {}]
[{"0": [2, 0, 2, 0, 1, 1, 3, 37, 40, 31, 37, 42, 0, 1, 0]}, null, null, 74, false, [], false, 0, [], null, 0, 1744312597.3454556, 0, {}]
[{"0": [0, 2, 6, 0, 5, 21, 46, 32, 36, 3, 2, 0, 3, 2, 0]}, null, null, 75, false, [], false, 0, [], null, 0, 1744312597.5529168, 0, {}]
[{"0": [2, 1, 0, 2, 2, 3, 3, 2, 4, 35, 43, 1, 1, 1, 3]}, null, null, 75, false, [], false, 0, [], null, 0, 1744312597.7586079, 0, {}]
[{"0": [2, 3, 2, 1, 0, 1, 1, 1, 1, 0, 0, 1, 2, 2, 33]}, null, null, 76, false, [], false, 0, [], null, 0, 1744312597.9448485, 0, {}]
[{"0": [2, 1, 2, 1, 3, 2, 0, 0, 1, 1, 2, 2, 1, 1, 37]}, null, null, 77, false, [], false, 0, [], null, 0, 1744312598.142061, 0, {}]
[{"0": [2, 1, 0, 0, 2, 3, 1, 35, 29, 1, 2, 0, 2, 2, 1]}, null, null, 77, false, [], false, 0, [], null, 0, 1744312598.3577185, 0, {}]
[{"0": [2, 1, 1, 1, 3, 4, 3, 2, 2, 4, 3, 32, 26, 2, 0]}, null, null, 78, false, [], false, 0, [], null, 0, 1744312598.5586474, 0, {}]
[{"0": [4, 0, 1, 1, 0, 1, 3, 2, 1, 38, 40, 2, 3, 1, 3]}, null, null, 78, false, [], false, 0, [], null, 0, 1744312598.7475338, 0, {}]
[{"0": [1, 1, 2, 3, 0, 0, 2, 5, 1, 4, 2, 31, 35, 36, 25]}, null, null, 79, false, [], false, 0, [], null, 0, 1744312598.9581733, 0, {}]
[{"0": [30, 29, 32, 30, 27, 30, 29, 34, 27, 32, 36, 30, 0, 2, 4]}, null, null, 80, false, [], false, 0, [], null, 0, 1744312599.1577628, 0, {}]
[{"0": [0, 0, 0, 2, 1, 2, 2, 32, 0, 2, 2, 2, 4, 1, 1]}, null, null, 80, false, [], false, 0, [], null, 0, 1744312599.3574295, 0, {}]
[{"0": [2, 24, 35, 34, 42, 34, 32, 41, 35, 29, 32, 33, 36, 35, 0]}, null, null, 81, false, [], false, 0, [], null, 0, 1744312599.556292, 0, {}]
[{"0": [2, 1, 1, 1, 0, 1, 2, 31, 0, 2, 2, 3, 1, 1, 2]}, null, null, 81, false, [], false, 0, [], null, 0, 1744312599.764824, 0, {}]
[{"0": [2, 6, 4, 1, 4, 4, 3, 1, 1, 35, 35, 33, 43, 48, 3]}, null, null, 82, false, [], false, 0, [], null, 0, 1744312599.9467025, 0, {}]
[{"0": [4, 0, 1, 4, 1, 1, 0, 1, 3, 1, 2, 0, 4, 45, 39]}, null, null, 83, false, [], false, 0, [], null, 0, 1744312600.148955, 0, {}]
[{"0": [2, 2, 1, 2, 31, 2, 4, 7, 1, 2, 2, 2, 2, 0, 1]}, null, null, 83, false, [], false, 0, [], null, 0, 1744312600.3493204, 0, {}]
[{"0": [1, 0, 4, 1, 1, 2, 0, 6, 38, 44, 25, 1, 3, 2, 2]}, null, null, 84, false, [], false, 0, [], null, 0, 1744312600.5518777, 0, {}]
[{"0": [2, 2, 0, 1, 6, 3, 0, 3, 2, 3, 0, 35, 0, 2, 4]}, null, null, 84, false, [], false, 0, [], null, 0, 1744312600.7460508, 0, {}]
[{"0": [1, 1, 1, 3, 0, 30, 48, 34, 34, 36, 39, 27, 2, 1, 3]}, null, null, 85, false, [], false, 0, [], null, 0, 1744312600.9572065, 0, {}]
[{"0": [1, 3, 2, 1, 5, 3, 1, 2, 2, 2, 1, 4, 1, 2, 2]}, null, null, 86, false, [], false, 0, [], null, 0, 1744312601.1514072, 0, {}]
[{"0": [5, 3, 1, 3, 0, 4, 1, 0, 38, 31, 42, 35, 41, 33, 40]}, null, null, 86, false, [], false, 0, [], null, 0, 1744312601.3531563, 0, {}]
[{"0": [1, 2, 2, 2, 1, 0, 1, 1, 37, 33, 24, 34, 2, 2, 1]}, null, null, 87, false, [], false, 0, [], null, 0, 1744312601.55732, 0, {}]
[{"0": [1, 3, 1, 3, 1, 3, 4, 0, 2, 1, 2, 3, 29, 37, 0]}, null, null, 87, false, [], false, 0, [], null, 0, 1744312601.7689714, 0, {}]
[{"0": [2, 2, 2, 1, 1, 1, 2, 1, 1, 1, 3, 5, 0, 32, 40]}, null, null, 88, false, [], false, 0, [], null, 0, 1744312601.9525685, 0, {}]
[{"0": [1, 3, 30, 32, 31, 40, 37, 34, 30, 33, 27, 38, 24, 42, 25]}, null, null, 89, false, [], false, 0, [], null, 0, 1744312602.1510377, 0, {}]
[{"0": [2, 3, 0, 26, 29, 35, 32, 31, 3, 0, 2, 5, 3, 4, 3]}, null, null, 89, false, [], false, 0, [], null, 0, 1744312602.3521135, 0, {}]
[{"0": [4, 2, 0, 1, 2, 2, 2, 1, 2, 2, 4, 4, 2, 1, 26]}, null, null, 90, false, [], false, 0, [], null, 0, 1744312602.5394578, 0, {}]
[{"0": [3, 2, 3, 3, 0, 35, 37, 25, 34, 40, 31, 37, 48, 34, 3]}, null, null, 90, false, [], false, 0, [], null, 0, 1744312602.737718, 0, {}]
[{"0": [1, 3, 1, 2, 0, 2, 1, 3, 3, 2, 2, 1, 0, 5, 34]}, null, null, 91, false, [], false, 0, [], null, 0, 1744312602.9445221, 0, {}]
[{"0": [3, 1, 2, 0, 2, 1, 2, 2, 3, 2, 31, 35, 4, 2, 3]}, null, null, 92, false, [], false, 0, [], null, 0, 1744312603.1506648, 0, {}]
[{"0": [4, 1, 3, 1, 2, 2, 32, 6, 2, 1, 0, 0, 2, 1, 0]}, null, null, 92, false, [], false, 0, [], null, 0, 1744312603.3547008, 0, {}]
[{"0": [3, 1, 3, 2, 2, 2, 2, 3, 0, 1, 0, 2, 4, 7, 40]}, null, null, 93, false, [], false, 0, [], null, 0, 1744312603.5410435, 0, {}]
[{"0": [3, 3, 1, 4, 2, 2, 2, 2, 2, 3, 1, 1, 36, 22, 27]}, null, null, 93, false, [], false, 0, [], null, 0, 1744312603.7517052, 0, {}]
[{"0": [2, 2, 0, 3, 0, 1, 3, 4, 27, 2, 3, 1, 0, 1, 2]}, null, null, 94, false, [], false, 0, [], null, 0, 1744312603.9499843, 0, {}]
[{"0": [3, 1, 1, 2, 1, 1, 38, 38, 2, 1, 2, 3, 0, 3, 1]}, null, null, 95, false, [], false, 0, [], null, 0, 1744312604.1627023, 0, {}]
[{"0": [1, 1, 1, 0, 2, 6, 1, 2, 1, 39, 37, 1, 4, 2, 2]}, null, null, 95, false, [], false, 0, [], null, 0, 1744312604.3624883, 0, {}]
[{"0": [1, 3, 2, 3, 0, 3, 2, 2, 2, 1, 3, 41, 40, 35, 40]}, null, null, 96, false, [], false, 0, [], null, 0, 1744312604.5419679, 0, {}]
[{"0": [2, 0, 2, 1, 37, 43, 27, 26, 42, 26, 32, 2, 3, 0, 2]}, null, null, 96, false, [], false, 0, [], null, 0, 1744312604.754496, 0, {}]
[{"0": [0, 2, 2, 1, 6, 3, 2, 4, 2, 32, 37, 29, 35, 27, 38]}, null, null, 97, false, [], false, 0, [], null, 0, 1744312604.9450574, 0, {}]
[{"0": [1, 0, 31, 34, 39, 2, 4, 3, 3, 1, 3, 1, 2, 2, 2]}, null, null, 98, false, [], false, 0, [], null, 0, 1744312605.151385, 0, {}]
[{"0": [3, 2, 3, 1, 3, 5, 3, 2, 3, 2, 2, 44, 44, 1, 1]}, null, null, 98, false, [], false, 0, [], null, 0, 1744312605.3454294, 0, {}]
[{"0": [0, 1, 1, 1, 1, 0, 0, 4, 0, 0, 2, 5, 3, 1, 30]}, null, null, 99, false, [], false, 0, [], null, 0, 1744312605.5523572, 0, {}]
[{"0": [0, 1, 0, 4, 0, 0, 3, 0, 2, 5, 28, 34, 31, 35, 0]}, null, null, 99, false, [], false, 0, [], null, 0, 1744312605.7436335, 0, {}]
[{"0": [0, 1, 3, 31, 39, 2, 1, 0, 1, 2, 2, 2, 0, 0, 3]}, null, null, 100, false, [], false, 0, [], null, 0, 1744312605.9524715, 0, {}]
[{"0": [0, 0, 1, 1, 1, 32, 5, 3, 2, 1, 1, 2, 0, 1, 2]}, null, null, 101, false, [], false, 0, [], null, 0, 1744312606.1495366, 0, {}]
[{"0": [0, 0, 3, 0, 1, 1, 1, 2, 1, 2, 1, 25, 36, 37, 1]}, null, null, 101, false, [], false, 0, [], null, 0, 1744312606.3490415, 0, {}]
[{"0": [1, 3, 1, 2, 1, 1, 1, 2, 1, 4, 37, 5, 3, 1, 0]}, null, null, 102, false, [], false, 0, [], null, 0, 1744312606.5524454, 0, {}]
[{"0": [1, 2, 2, 2, 0, 1, 2, 2, 0, 4, 1, 4, 32, 34, 1]}, null, null, 102, false, [], false, 0, [], null, 0, 1744312606.7569764, 0, {}]
[{"0": [0, 38, 31, 28, 32, 30, 38, 29, 26, 28, 29, 50, 38, 24, 42]}, null, null, 103, false, [], false, 0, [], null, 0, 1744312606.9471412, 0, {}]
[{"0": [2, 2, 2, 0, 2, 33, 44, 36, 29, 35, 36, 29, 32, 0, 1]}, null, null, 104, false, [], false, 0, [], null, 0, 1744312607.153496, 0, {}]
[{"0": [1, 2, 1, 1, 5, 0, 2, 0, 5, 0, 24, 34, 3, 2, 2]}, null, null, 104, false, [], false, 0, [], null, 0, 1744312607.3471723, 0, {}]
[{"0": [4, 1, 1, 2, 33, 31, 30, 40, 41, 35, 33, 1, 1, 1, 2]}, null, null, 105, false, [], false, 0, [], null, 0, 1744312607.5434844, 0, {}]
[{"0": [3, 2, 4, 2, 3, 1, 1, 1, 2, 26, 38, 2, 1, 2, 0]}, null, null, 105, false, [], false, 0, [], null, 0, 1744312607.7485409, 0, {}]
[{"0": [4, 0, 3, 33, 33, 33, 46, 31, 31, 33, 1, 3, 2, 4, 0]}, null, null, 106, false, [], false, 0, [], null, 0, 1744312607.9573243, 0, {}]
[{"0": [3, 2, 2, 4, 0, 2, 4, 2, 3, 1, 2, 2, 39, 2, 0]}, null, null, 107, false, [], false, 0, [], null, 0, 1744312608.1569457, 0, {}]
[{"0": [0, 3, 2, 3, 2, 2, 2, 0, 3, 27, 4, 1, 2, 1, 4]}, null, null, 107, false, [], false, 0, [], null, 0, 1744312608.3535528, 0, {}]
[{"0": [1, 2, 6, 2, 2, 1, 4, 2, 2, 1, 0, 5, 30, 38, 36]}, null, null, 108, false, [], false, 0, [], null, 0, 1744312608.5532432, 0, {}]
[{"0": [3, 1, 1, 50, 34, 31, 44, 32, 43, 30, 30, 3, 0, 2, 1]}, null, null, 108, false, [], false, 0, [], null, 0, 1744312608.7433412, 0, {}]
[{"0": [1, 3, 3, 4, 1, 22, 27, 36, 23, 25, 42, 34, 38, 0, 6]}, null, null, 109, false, [], false, 0, [], null, 0, 1744312608.9534073, 0, {}]
[{"0": [1, 5, 2, 1, 4, 0, 0, 2, 2, 4, 24, 37, 33, 30, 32]}, null, null, 110, false, [], false, 0, [], null, 0, 1744312609.156703, 0, {}]
[{"0": [2, 1, 0, 0, 3, 2, 4, 3, 3, 1, 4, 1, 1, 2, 34]}, null, null, 110, false, [], false, 0, [], null, 0, 1744312609.3526027, 0, {}]
[{"0": [0, 2, 2, 1, 2, 1, 1, 2, 3, 5, 2, 0, 1, 3, 37]}, null, null, 111, false, [], false, 0, [], null, 0, 1744312609.5596976, 0, {}]
[{"0": [2, 0, 1, 4, 0, 4, 1, 1, 2, 4, 32, 36, 32, 26, 5]}, null, null, 111, false, [], false, 0, [], null, 0, 1744312609.7665253, 0, {}]
[{"0": [2, 1, 1, 2, 36, 31, 28, 0, 4, 0, 1, 1, 0, 1, 1]}, null, null, 112, false, [], false, 0, [], null, 0, 1744312609.955739, 0, {}]
[{"0": [1, 1, 1, 42, 40, 43, 43, 37, 31, 50, 41, 49, 1, 1, 2]}, null, null, 113, false, [], false, 0, [], null, 0, 1744312610.149365, 0, {}]
[{"0": [3, 4, 0, 28, 32, 28, 1, 1, 2, 0, 1, 4, 2, 3, 2]}, null, null, 113, false, [], false, 0, [], null, 0, 1744312610.348198, 0, {}]
[{"0": [1, 3, 37, 29, 3, 1, 1, 1, 4, 0, 0, 3, 2, 1, 1]}, null, null, 114, false, [], false, 0, [], null, 0, 1744312610.5607524, 0, {}]
[{"0": [2, 0, 1, 1, 3, 3, 3, 29, 43, 44, 32, 44, 1, 0, 2]}, null, null, 114, false, [], false, 0, [], null, 0, 1744312610.7622976, 0, {}]
[{"0": [3, 1, 4, 1, 4, 1, 1, 1, 23, 48, 37, 33, 40, 37, 1]}, null, null, 115, false, [], false, 0, [], null, 0, 1744312610.954289, 0, {}]
[{"0": [1, 2, 0, 28, 34, 37, 31, 34, 1, 2, 3, 3, 2, 2, 3]}, null, null, 116, false, [], false, 0, [], null, 0, 1744312611.1503477, 0, {}]
[{"0": [2, 0, 3, 5, 0, 2, 0, 0, 2, 2, 2, 1, 0, 0, 36]}, null, null, 116, false, [], false, 0, [], null, 0, 1744312611.3561687, 0, {}]
[{"0": [0, 3, 2, 6, 1, 0, 0, 2, 4, 4, 0, 45, 34, 38, 2]}, null, null, 117, false, [], false, 0, [], null, 0, 1744312611.547954, 0, {}]
[{"0": [1, 2, 29, 38, 48, 2, 2, 3, 1, 6, 2, 2, 0, 3, 1]}, null, null, 117, false, [], false, 0, [], null, 0, 1744312611.7569268, 0, {}]
[{"0": [3, 1, 34, 23, 37, 1, 1, 3, 3, 0, 3, 4, 2, 3, 1]}, null, null, 118, false, [], false, 0, [], null, 0, 1744312611.957832, 0, {}]
[{"0": [2, 2, 0, 4, 0, 4, 1, 2, 2, 4, 36, 31, 26, 41, 0]}, null, null, 119, false, [], false, 0, [], null, 0, 1744312612.1562982, 0, {}]
[{"0": [0, 1, 2, 3, 2, 28, 29, 1, 1, 4, 3, 4, 2, 0, 2]}, null, null, 119, false, [], false, 0, [], null, 0, 1744312612.3572514, 0, {}]
[{"0": [1, 0, 2, 3, 0, 40, 35, 30, 38, 36, 2, 3, 4, 0, 1]}, null, null, 120, false, [], false, 0, [], null, 0, 1744312612.5553792, 0, {}]
[{"0": [2, 2, 1, 4, 1, 1, 2, 40, 27, 23, 31, 38, 23, 38, 41]}, null, null, 120, false, [], false, 0, [], null, 0, 1744312612.7571747, 0, {}]
[{"0": [1, 3, 31, 28, 30, 4, 2, 2, 0, 3, 5, 0, 1, 3, 1]}, null, null, 121, false, [], false, 0, [], null, 0, 1744312612.9505286, 0, {}]
[{"0": [1, 3, 0, 2, 1, 1, 0, 3, 1, 1, 2, 3, 1, 4, 39]}, null, null, 122, false, [], false, 0, [], null, 0, 1744312613.1586366, 0, {}]
[{"0": [1, 3, 2, 3, 2, 7, 4, 1, 1, 4, 1, 0, 3, 39, 34]}, null, null, 122, false, [], false, 0, [], null, 0, 1744312613.3575923, 0, {}]
[{"0": [2, 1, 43, 42, 36, 32, 33, 38, 29, 43, 37, 1, 1, 1, 4]}, null, null, 123, false, [], false, 0, [], null, 0, 1744312613.5548778, 0, {}]
[{"0": [2, 2, 2, 1, 1, 4, 1, 2, 1, 26, 43, 36, 32, 32, 3]}, null, null, 123, false, [], false, 0, [], null, 0, 1744312613.7486372, 0, {}]
[{"0": [1, 3, 3, 3, 1, 5, 0, 1, 33, 32, 39, 33, 39, 20, 1]}, null, null, 124, false, [], false, 0, [], null, 0, 1744312613.9511027, 0, {}]
[{"0": [2, 2, 2, 1, 2, 5, 3, 0, 1, 2, 3, 0, 1, 32, 4]}, null, null, 125, false, [], false, 0, [], null, 0, 1744312614.1421988, 0, {}]
[{"0": [3, 0, 2, 1, 3, 3, 1, 1, 2, 3, 4, 2, 42, 33, 31]}, null, null, 125, false, [], false, 0, [], null, 0, 1744312614.3470736, 0, {}]
[{"0": [1, 3, 2, 1, 0, 1, 0, 5, 3, 36, 29, 46, 32, 2, 2]}, null, null, 126, false, [], false, 0, [], null, 0, 1744312614.5576642, 0, {}]
[{"0": [1, 2, 2, 0, 3, 1, 1, 1, 1, 1, 1, 1, 1, 6, 35]}, null, null, 127, false, [], false, 0, [], null, 0, 1744312614.752894, 0, {}]
[{"0": [3, 1, 0, 1, 0, 4, 0, 1, 3, 4, 2, 2, 27, 31, 0]}, null, null, 127, false, [], false, 0, [], null, 0, 1744312614.955982, 0, {}]
[{"0": [2, 3, 1, 2, 1, 2, 0, 1, 2, 38, 19, 28, 27, 27, 36]}, null, null, 128, false, [], false, 0, [], null, 0, 1744312615.15051, 0, {}]
[{"0": [2, 1, 2, 3, 3, 2, 8, 1, 5, 2, 1, 3, 1, 3, 48]}, null, null, 128, false, [], false, 0, [], null, 0, 1744312615.3500082, 0, {}]
[{"0": [3, 0, 36, 35, 39, 24, 35, 1, 2, 1, 1, 2, 1, 3, 2]}, null, null, 129, false, [], false, 0, [], null, 0, 1744312615.5462482, 0, {}]
[{"0": [1, 0, 0, 2, 2, 2, 39, 32, 27, 3, 2, 2, 3, 1, 4]}, null, null, 130, false, [], false, 0, [], null, 0, 1744312615.7535644, 0, {}]
[{"0": [2, 2, 2, 2, 32, 32, 33, 1, 4, 1, 2, 2, 0, 1, 3]}, null, null, 130, false, [], false, 0, [], null, 0, 1744312615.9486942, 0, {}]
[{"0": [3, 2, 3, 5, 0, 5, 1, 0, 38, 38, 0, 1, 1, 3, 1]}, null, null, 131, false, [], false, 0, [], null, 0, 1744312616.1531851, 0, {}]
[{"0": [2, 2, 2, 0, 1, 2, 4, 1, 0, 2, 0, 40, 3, 5, 5]}, null, null, 131, false, [], false, 0, [], null, 0, 1744312616.3546016, 0, {}]
[{"0": [0, 3, 2, 1, 38, 32, 1, 1, 0, 0, 1, 2, 0, 1, 3]}, null, null, 132, false, [], false, 0, [], null, 0, 1744312616.5564, 0, {}]
[{"0": [3, 4, 3, 3, 1, 4, 2, 1, 2, 1, 0, 0, 45, 50, 33]}, null, null, 133, false, [], false, 0, [], null, 0, 1744312616.740495, 0, {}]
[{"0": [3, 2, 2, 0, 1, 3, 36, 40, 1, 2, 2, 2, 5, 2, 1]}, null, null, 133, false, [], false, 0, [], null, 0, 1744312616.9465992, 0, {}]
[{"0": [2, 2, 4, 3, 1, 2, 0, 2, 1, 3, 3, 2, 21, 33, 27]}, null, null, 134, false, [], false, 0, [], null, 0, 1744312617.144171, 0, {}]
[{"0": [2, 2, 2, 2, 4, 6, 3, 5, 34, 31, 32, 38, 36, 27, 36]}, null, null, 134, false, [], false, 0, [], null, 0, 1744312617.3484423, 0, {}]
[{"0": [4, 2, 3, 34, 35, 38, 28, 24, 42, 29, 2, 2, 0, 0, 1]}, null, null, 135, false, [], false, 0, [], null, 0, 1744312617.558828, 0, {}]
[{"0": [3, 3, 0, 2, 3, 4, 1, 27, 1, 2, 1, 1, 3, 2, 3]}, null, null, 136, false, [], false, 0, [], null, 0, 1744312617.7448943, 0, {}]
[{"0": [2, 3, 2, 1, 1, 2, 41, 1, 1, 3, 2, 1, 1, 2, 2]}, null, null, 136, false, [], false, 0, [], null, 0, 1744312617.9515176, 0, {}]
[{"0": [1, 2, 1, 1, 0, 3, 3, 5, 2, 1, 3, 1, 2, 42, 39]}, null, null, 137, false, [], false, 0, [], null, 0, 1744312618.1498368, 0, {}]
[{"0": [33, 32, 26, 34, 40, 34, 38, 42, 38, 2, 2, 1, 3, 1, 2]}, null, null, 137, false, [], false, 0, [], null, 0, 1744312618.3426375, 0, {}]
[{"0": [4, 2, 4, 1, 0, 2, 2, 46, 3, 2, 3, 1, 1, 2, 0]}, null, null, 138, false, [], false, 0, [], null, 0, 1744312618.5459087, 0, {}]
[{"0": [1, 2, 3, 26, 31, 30, 31, 42, 37, 26, 25, 29, 2, 5, 1]}, null, null, 139, false, [], false, 0, [], null, 0, 1744312618.7520688, 0, {}]
[{"0": [5, 2, 3, 0, 2, 1, 6, 1, 33, 28, 30, 1, 1, 2, 0]}, null, null, 139, false, [], false, 0, [], null, 0, 1744312618.9505417, 0, {}]
[{"0": [1, 2, 1, 1, 1, 4, 3, 0, 3, 1, 4, 36, 32, 37, 25]}, null, null, 140, false, [], false, 0, [], null, 0, 1744312619.146155, 0, {}]
[{"0": [1, 0, 2, 2, 2, 41, 29, 43, 32, 32, 41, 1, 2, 3, 2]}, null, null, 140, false, [], false, 0, [], null, 0, 1744312619.348049, 0, {}]
[{"0": [1, 1, 0, 1, 2, 4, 3, 2, 1, 1, 2, 39, 28, 42, 4]}, null, null, 141, false, [], false, 0, [], null, 0, 1744312619.537194, 0, {}]
[{"0": [2, 3, 3, 2, 3, 3, 4, 0, 2, 3, 4, 6, 1, 1, 40]}, null, null, 142, false, [], false, 0, [], null, 0, 1744312619.7578864, 0, {}]
[{"0": [3, 1, 0, 0, 1, 6, 1, 3, 2, 3, 1, 2, 1, 4, 34]}, null, null, 142, false, [], false, 0, [], null, 0, 1744312619.9478354, 0, {}]
[{"0": [1, 0, 3, 2, 36, 32, 31, 32, 1, 1, 1, 4, 1, 2, 1]}, null, null, 143, false, [], false, 0, [], null, 0, 1744312620.1571953, 0, {}]
[{"0": [0, 2, 0, 5, 2, 2, 1, 0, 1, 0, 0, 42, 31, 30, 33]}, null, null, 143, false, [], false, 0, [], null, 0, 1744312620.3484733, 0, {}]
[{"0": [1, 2, 2, 1, 1, 0, 1, 1, 2, 2, 2, 1, 3, 1, 44]}, null, null, 144, false, [], false, 0, [], null, 0, 1744312620.550855, 0, {}]
[{"0": [2, 0, 0, 2, 0, 3, 3, 3, 3, 0, 0, 33, 40, 30, 34]}, null, null, 145, false, [], false, 0, [], null, 0, 1744312620.7496138, 0, {}]
[{"0": [0, 0, 2, 1, 2, 1, 3, 46, 28, 0, 3, 1, 2, 5, 3]}, null, null, 145, false, [], false, 0, [], null, 0, 1744312620.939587, 0, {}]
[{"0": [2, 1, 2, 2, 2, 2, 3, 2, 0, 0, 1, 0, 4, 2, 3]}, null, null, 146, false, [], false, 0, [], null, 0, 1744312621.14847, 0, {}]
[{"0": [3, 2, 0, 4, 2, 2, 2, 5, 1, 4, 28, 37, 4, 3, 0]}, null, null, 146, false, [], false, 0, [], null, 0, 1744312621.343787, 0, {}]
[{"0": [1, 3, 1, 0, 1, 27, 34, 36, 43, 34, 31, 38, 33, 40, 34]}, null, null, 147, false, [], false, 0, [], null, 0, 1744312621.5528593, 0, {}]
[{"0": [2, 2, 0, 27, 34, 37, 31, 35, 34, 36, 25, 38, 31, 45, 0]}, null, null, 148, false, [], false, 0, [], null, 0, 1744312621.7394493, 0, {}]
[{"0": [1, 5, 40, 36, 30, 1, 2, 1, 2, 2, 5, 2, 3, 1, 2]}, null, null, 148, false, [], false, 0, [], null, 0, 1744312621.9460552, 0, {}]
[{"0": [3, 0, 6, 1, 2, 1, 29, 5, 3, 2, 2, 5, 2, 2, 5]}, null, null, 149, false, [], false, 0, [], null, 0, 1744312622.1415076, 0, {}]
[{"0": [1, 1, 1, 1, 2, 1, 0, 49, 33, 3, 3, 1, 2, 3, 6]}, null, null, 149, false, [], false, 0, [], null, 0, 1744312622.3420231, 0, {}]
[{"0": [0, 1, 5, 33, 1, 2, 2, 0, 1, 0, 1, 4, 2, 1, 2]}, null, null, 150, true, [], false, 0, [], null, 0, 1744312622.5552812, 0, {}]
