[{"0": [3, 2, 1, 2, 2, 4, 2, 6, 3, 1, 3, 29, 28, 1, 2, 1]}, null, null, 0, false, [], false, 0, [], null, 0, 1744319286.6142073, 0, {}]
[{"0": [2, 0, 0, 2, 2, 4, 3, 6, 2, 2, 4, 2, 37, 44, 29, 49]}, null, null, 1, false, [], false, 0, [], null, 0, 1744319286.848956, 0, {}]
[{"0": [0, 3, 0, 3, 5, 3, 1, 2, 5, 32, 34, 29, 26, 34, 30, 1]}, null, null, 1, false, [], false, 0, [], null, 0, 1744319287.044828, 0, {}]
[{"0": [0, 2, 3, 2, 1, 1, 2, 0, 1, 2, 4, 3, 3, 1, 2, 1]}, null, null, 2, false, [], false, 0, [], null, 0, 1744319287.2571235, 0, {}]
[{"0": [26, 43, 27, 25, 4, 0, 2, 1, 1, 1, 0, 2, 3, 2, 1, 3]}, null, null, 2, false, [], false, 0, [], null, 0, 1744319287.441231, 0, {}]
[{"0": [1, 2, 2, 0, 2, 3, 2, 1, 2, 25, 5, 2, 1, 4, 0, 3]}, null, null, 3, false, [], false, 0, [], null, 0, 1744319287.639826, 0, {}]
[{"0": [4, 1, 4, 2, 31, 0, 1, 1, 2, 1, 5, 1, 2, 6, 1, 3]}, null, null, 4, false, [], false, 0, [], null, 0, 1744319287.8466773, 0, {}]
[{"0": [2, 2, 0, 1, 1, 3, 0, 1, 2, 4, 2, 2, 0, 31, 31, 34]}, null, null, 4, false, [], false, 0, [], null, 0, 1744319288.0398602, 0, {}]
[{"0": [4, 2, 29, 19, 23, 29, 44, 1, 2, 3, 2, 3, 2, 1, 2, 0]}, null, null, 5, false, [], false, 0, [], null, 0, 1744319288.237215, 0, {}]
[{"0": [0, 3, 4, 2, 3, 2, 0, 2, 2, 1, 1, 2, 3, 4, 2, 37]}, null, null, 5, false, [], false, 0, [], null, 0, 1744319288.435008, 0, {}]
[{"0": [1, 2, 3, 2, 0, 4, 1, 2, 33, 30, 29, 26, 26, 30, 26, 23]}, null, null, 6, false, [], false, 0, [], null, 0, 1744319288.6593587, 0, {}]
[{"0": [1, 2, 1, 1, 1, 1, 0, 1, 1, 3, 1, 7, 2, 1, 27, 29]}, null, null, 7, false, [], false, 0, [], null, 0, 1744319288.842603, 0, {}]
[{"0": [2, 1, 0, 2, 1, 0, 1, 3, 2, 1, 0, 28, 24, 28, 1, 3]}, null, null, 7, false, [], false, 0, [], null, 0, 1744319289.0573773, 0, {}]
[{"0": [0, 0, 3, 0, 1, 2, 0, 2, 0, 1, 3, 1, 2, 1, 1, 4]}, null, null, 8, false, [], false, 0, [], null, 0, 1744319289.2546246, 0, {}]
[{"0": [1, 3, 0, 1, 4, 3, 2, 5, 3, 1, 1, 0, 0, 3, 2, 5]}, null, null, 8, false, [], false, 0, [], null, 0, 1744319289.4457223, 0, {}]
[{"0": [1, 2, 0, 42, 2, 1, 0, 1, 4, 2, 2, 4, 0, 2, 5, 0]}, null, null, 9, false, [], false, 0, [], null, 0, 1744319289.6552267, 0, {}]
[{"0": [1, 26, 24, 30, 28, 25, 33, 25, 26, 34, 26, 26, 32, 18, 1, 3]}, null, null, 10, false, [], false, 0, [], null, 0, 1744319289.8494434, 0, {}]
[{"0": [2, 1, 1, 0, 2, 0, 4, 3, 1, 0, 0, 3, 2, 1, 2, 42]}, null, null, 10, false, [], false, 0, [], null, 0, 1744319290.0355062, 0, {}]
[{"0": [1, 4, 1, 2, 2, 2, 3, 0, 3, 31, 35, 35, 38, 1, 1, 1]}, null, null, 11, false, [], false, 0, [], null, 0, 1744319290.2381983, 0, {}]
[{"0": [2, 1, 3, 3, 3, 4, 0, 0, 2, 1, 2, 24, 37, 31, 26, 23]}, null, null, 11, false, [], false, 0, [], null, 0, 1744319290.4402797, 0, {}]
[{"0": [2, 3, 2, 5, 2, 4, 2, 1, 2, 2, 3, 0, 1, 1, 3, 33]}, null, null, 12, false, [], false, 0, [], null, 0, 1744319290.6410296, 0, {}]
[{"0": [27, 28, 32, 23, 37, 30, 1, 3, 1, 1, 2, 3, 0, 1, 3, 1]}, null, null, 13, false, [], false, 0, [], null, 0, 1744319290.844677, 0, {}]
[{"0": [1, 0, 4, 3, 2, 0, 2, 3, 3, 3, 1, 38, 31, 27, 20, 25]}, null, null, 13, false, [], false, 0, [], null, 0, 1744319291.0572357, 0, {}]
[{"0": [2, 3, 2, 49, 1, 4, 0, 2, 3, 1, 0, 1, 0, 1, 0, 2]}, null, null, 14, false, [], false, 0, [], null, 0, 1744319291.241862, 0, {}]
[{"0": [27, 0, 3, 1, 3, 1, 1, 3, 1, 2, 2, 2, 2, 2, 3, 0]}, null, null, 14, false, [], false, 0, [], null, 0, 1744319291.446589, 0, {}]
[{"0": [2, 0, 3, 0, 1, 2, 0, 2, 0, 41, 35, 2, 2, 0, 4, 2]}, null, null, 15, false, [], false, 0, [], null, 0, 1744319291.6439056, 0, {}]
[{"0": [0, 1, 0, 37, 25, 23, 33, 33, 34, 1, 2, 1, 2, 2, 0, 2]}, null, null, 16, false, [], false, 0, [], null, 0, 1744319291.8409395, 0, {}]
[{"0": [0, 3, 1, 21, 39, 41, 2, 0, 0, 2, 1, 2, 1, 1, 2, 1]}, null, null, 16, false, [], false, 0, [], null, 0, 1744319292.0440984, 0, {}]
[{"0": [4, 5, 0, 3, 2, 5, 35, 2, 1, 1, 2, 0, 0, 0, 3, 3]}, null, null, 17, false, [], false, 0, [], null, 0, 1744319292.2494776, 0, {}]
[{"0": [1, 5, 31, 32, 35, 26, 28, 26, 22, 29, 1, 2, 3, 1, 3, 5]}, null, null, 17, false, [], false, 0, [], null, 0, 1744319292.4413166, 0, {}]
[{"0": [0, 0, 3, 2, 4, 1, 2, 3, 2, 0, 2, 1, 0, 33, 39, 34]}, null, null, 18, false, [], false, 0, [], null, 0, 1744319292.6594212, 0, {}]
[{"0": [2, 1, 2, 1, 1, 3, 2, 3, 4, 35, 39, 0, 0, 1, 0, 1]}, null, null, 19, false, [], false, 0, [], null, 0, 1744319292.8478255, 0, {}]
[{"0": [1, 0, 1, 4, 2, 25, 3, 0, 1, 2, 2, 2, 2, 1, 0, 0]}, null, null, 19, false, [], false, 0, [], null, 0, 1744319293.0430567, 0, {}]
[{"0": [0, 1, 29, 29, 32, 3, 3, 0, 3, 1, 2, 2, 4, 3, 1, 0]}, null, null, 20, false, [], false, 0, [], null, 0, 1744319293.2585478, 0, {}]
[{"0": [3, 4, 0, 2, 1, 3, 32, 32, 3, 3, 1, 2, 2, 2, 0, 0]}, null, null, 20, false, [], false, 0, [], null, 0, 1744319293.4474518, 0, {}]
[{"0": [32, 3, 5, 5, 1, 1, 2, 1, 3, 2, 2, 0, 1, 2, 3, 1]}, null, null, 21, false, [], false, 0, [], null, 0, 1744319293.6376057, 0, {}]
[{"0": [29, 5, 2, 1, 1, 4, 2, 2, 1, 0, 1, 0, 1, 0, 0, 2]}, null, null, 22, false, [], false, 0, [], null, 0, 1744319293.8390877, 0, {}]
[{"0": [29, 33, 25, 29, 1, 1, 2, 1, 1, 2, 2, 0, 0, 2, 3, 1]}, null, null, 22, false, [], false, 0, [], null, 0, 1744319294.0412724, 0, {}]
[{"0": [2, 3, 2, 4, 23, 29, 27, 22, 28, 28, 30, 36, 35, 0, 2, 3]}, null, null, 23, false, [], false, 0, [], null, 0, 1744319294.249141, 0, {}]
[{"0": [31, 3, 1, 2, 1, 2, 2, 0, 1, 2, 2, 0, 0, 1, 3, 3]}, null, null, 23, false, [], false, 0, [], null, 0, 1744319294.4473155, 0, {}]
[{"0": [2, 1, 2, 1, 1, 2, 0, 27, 5, 1, 0, 2, 2, 3, 2, 1]}, null, null, 24, false, [], false, 0, [], null, 0, 1744319294.647535, 0, {}]
[{"0": [34, 2, 3, 4, 4, 1, 2, 4, 3, 2, 1, 3, 2, 2, 1, 2]}, null, null, 25, false, [], false, 0, [], null, 0, 1744319294.8418362, 0, {}]
[{"0": [3, 4, 4, 0, 1, 35, 32, 28, 4, 3, 0, 2, 1, 1, 0, 1]}, null, null, 25, false, [], false, 0, [], null, 0, 1744319295.0527968, 0, {}]
[{"0": [1, 0, 4, 3, 1, 3, 5, 3, 4, 1, 2, 2, 3, 3, 1, 0]}, null, null, 26, false, [], false, 0, [], null, 0, 1744319295.2412615, 0, {}]
[{"0": [2, 1, 2, 3, 31, 31, 31, 26, 45, 21, 27, 29, 34, 42, 28, 25]}, null, null, 27, false, [], false, 0, [], null, 0, 1744319295.4481387, 0, {}]
[{"0": [5, 0, 1, 1, 1, 2, 3, 3, 3, 1, 2, 4, 36, 18, 25, 28]}, null, null, 27, false, [], false, 0, [], null, 0, 1744319295.6422675, 0, {}]
[{"0": [3, 1, 2, 2, 1, 0, 0, 1, 3, 3, 1, 2, 1, 25, 40, 27]}, null, null, 28, false, [], false, 0, [], null, 0, 1744319295.84688, 0, {}]
[{"0": [27, 29, 31, 40, 30, 29, 29, 34, 2, 2, 4, 2, 1, 1, 1, 1]}, null, null, 28, false, [], false, 0, [], null, 0, 1744319296.0561686, 0, {}]
[{"0": [3, 1, 37, 31, 2, 1, 0, 1, 2, 1, 1, 1, 2, 3, 1, 1]}, null, null, 29, false, [], false, 0, [], null, 0, 1744319296.2452915, 0, {}]
[{"0": [37, 26, 34, 27, 4, 3, 3, 2, 4, 4, 2, 1, 0, 1, 3, 1]}, null, null, 30, false, [], false, 0, [], null, 0, 1744319296.4634864, 0, {}]
[{"0": [0, 1, 5, 2, 0, 2, 4, 2, 1, 2, 1, 2, 1, 2, 1, 0]}, null, null, 30, false, [], false, 0, [], null, 0, 1744319296.6539855, 0, {}]
[{"0": [2, 2, 21, 24, 35, 29, 26, 1, 1, 3, 1, 2, 1, 2, 1, 1]}, null, null, 31, false, [], false, 0, [], null, 0, 1744319296.8383365, 0, {}]
[{"0": [1, 2, 3, 0, 2, 2, 0, 1, 2, 1, 0, 3, 1, 1, 4, 31]}, null, null, 31, false, [], false, 0, [], null, 0, 1744319297.0483177, 0, {}]
[{"0": [0, 0, 1, 3, 1, 1, 2, 2, 4, 1, 4, 2, 3, 36, 1, 1]}, null, null, 32, false, [], false, 0, [], null, 0, 1744319297.2423053, 0, {}]
[{"0": [2, 1, 5, 2, 3, 2, 3, 1, 2, 2, 3, 2, 4, 2, 0, 0]}, null, null, 33, false, [], false, 0, [], null, 0, 1744319297.438529, 0, {}]
[{"0": [3, 0, 1, 0, 3, 2, 3, 3, 3, 3, 2, 1, 1, 0, 3, 0]}, null, null, 33, false, [], false, 0, [], null, 0, 1744319297.645384, 0, {}]
[{"0": [2, 1, 2, 4, 5, 1, 1, 2, 2, 0, 0, 3, 0, 2, 2, 31]}, null, null, 34, false, [], false, 0, [], null, 0, 1744319297.8395643, 0, {}]
[{"0": [3, 2, 2, 1, 29, 22, 0, 0, 1, 4, 1, 2, 1, 2, 2, 0]}, null, null, 34, false, [], false, 0, [], null, 0, 1744319298.037856, 0, {}]
[{"0": [29, 4, 1, 4, 5, 1, 3, 0, 3, 3, 0, 2, 1, 1, 2, 3]}, null, null, 35, false, [], false, 0, [], null, 0, 1744319298.25384, 0, {}]
[{"0": [4, 1, 5, 3, 2, 1, 23, 2, 3, 2, 3, 1, 3, 2, 1, 0]}, null, null, 36, false, [], false, 0, [], null, 0, 1744319298.4557922, 0, {}]
[{"0": [0, 2, 1, 1, 0, 0, 2, 3, 1, 1, 1, 0, 4, 2, 25, 33]}, null, null, 36, false, [], false, 0, [], null, 0, 1744319298.64283, 0, {}]
[{"0": [2, 7, 26, 33, 26, 28, 1, 4, 1, 2, 2, 0, 1, 0, 0, 4]}, null, null, 37, false, [], false, 0, [], null, 0, 1744319298.8600035, 0, {}]
[{"0": [28, 3, 3, 1, 0, 2, 0, 1, 0, 1, 1, 0, 2, 1, 0, 3]}, null, null, 37, false, [], false, 0, [], null, 0, 1744319299.0395346, 0, {}]
[{"0": [2, 0, 0, 1, 1, 1, 0, 0, 2, 30, 35, 26, 24, 33, 3, 2]}, null, null, 38, false, [], false, 0, [], null, 0, 1744319299.259987, 0, {}]
[{"0": [1, 2, 4, 1, 0, 1, 0, 1, 2, 0, 2, 1, 32, 24, 32, 33]}, null, null, 39, false, [], false, 0, [], null, 0, 1744319299.4610157, 0, {}]
[{"0": [3, 0, 3, 37, 38, 4, 1, 1, 1, 1, 1, 4, 3, 1, 3, 5]}, null, null, 39, false, [], false, 0, [], null, 0, 1744319299.656418, 0, {}]
[{"0": [25, 25, 19, 27, 36, 30, 3, 3, 1, 3, 2, 3, 2, 2, 0, 1]}, null, null, 40, false, [], false, 0, [], null, 0, 1744319299.8442855, 0, {}]
[{"0": [3, 0, 0, 2, 0, 3, 1, 2, 1, 5, 24, 5, 1, 2, 0, 2]}, null, null, 40, false, [], false, 0, [], null, 0, 1744319300.0551448, 0, {}]
[{"0": [2, 1, 0, 2, 1, 0, 1, 2, 0, 28, 31, 33, 21, 35, 36, 25]}, null, null, 41, false, [], false, 0, [], null, 0, 1744319300.2453172, 0, {}]
[{"0": [2, 4, 0, 0, 0, 2, 0, 37, 31, 23, 16, 34, 25, 33, 23, 16]}, null, null, 42, false, [], false, 0, [], null, 0, 1744319300.458434, 0, {}]
[{"0": [3, 3, 3, 0, 4, 2, 0, 0, 1, 0, 1, 2, 1, 0, 1, 2]}, null, null, 42, false, [], false, 0, [], null, 0, 1744319300.6588821, 0, {}]
[{"0": [0, 2, 1, 1, 0, 2, 0, 35, 40, 29, 22, 31, 2, 2, 2, 1]}, null, null, 43, false, [], false, 0, [], null, 0, 1744319300.8506243, 0, {}]
[{"0": [2, 0, 1, 1, 2, 1, 1, 4, 3, 1, 0, 27, 29, 30, 32, 24]}, null, null, 43, false, [], false, 0, [], null, 0, 1744319301.0444572, 0, {}]
[{"0": [0, 2, 1, 2, 1, 3, 1, 1, 1, 1, 1, 2, 3, 1, 3, 0]}, null, null, 44, false, [], false, 0, [], null, 0, 1744319301.2478886, 0, {}]
[{"0": [2, 2, 0, 2, 2, 3, 1, 0, 2, 1, 0, 4, 1, 1, 18, 28]}, null, null, 45, false, [], false, 0, [], null, 0, 1744319301.4381275, 0, {}]
[{"0": [1, 0, 2, 0, 3, 0, 24, 23, 4, 1, 3, 3, 1, 1, 1, 3]}, null, null, 45, false, [], false, 0, [], null, 0, 1744319301.66079, 0, {}]
[{"0": [0, 3, 2, 0, 2, 0, 0, 1, 3, 1, 2, 1, 4, 5, 1, 2]}, null, null, 46, false, [], false, 0, [], null, 0, 1744319301.8612134, 0, {}]
[{"0": [4, 1, 30, 33, 28, 33, 21, 3, 1, 1, 2, 3, 1, 1, 2, 1]}, null, null, 46, false, [], false, 0, [], null, 0, 1744319302.0414104, 0, {}]
[{"0": [1, 1, 29, 24, 26, 28, 32, 25, 28, 36, 32, 0, 2, 0, 1, 2]}, null, null, 47, false, [], false, 0, [], null, 0, 1744319302.2433915, 0, {}]
[{"0": [31, 31, 25, 26, 33, 31, 5, 2, 0, 0, 1, 4, 5, 1, 3, 2]}, null, null, 48, false, [], false, 0, [], null, 0, 1744319302.4639528, 0, {}]
[{"0": [39, 30, 19, 0, 1, 1, 2, 1, 1, 1, 2, 4, 0, 4, 3, 1]}, null, null, 48, false, [], false, 0, [], null, 0, 1744319302.6620758, 0, {}]
[{"0": [1, 3, 1, 0, 3, 0, 3, 5, 1, 1, 1, 31, 29, 4, 3, 0]}, null, null, 49, false, [], false, 0, [], null, 0, 1744319302.8441007, 0, {}]
[{"0": [2, 0, 2, 3, 1, 1, 0, 2, 3, 1, 1, 2, 2, 0, 1, 4]}, null, null, 49, false, [], false, 0, [], null, 0, 1744319303.0539992, 0, {}]
[{"0": [1, 2, 3, 3, 2, 2, 2, 2, 1, 5, 7, 1, 0, 1, 0, 3]}, null, null, 50, false, [], false, 0, [], null, 0, 1744319303.2435973, 0, {}]
[{"0": [0, 0, 27, 33, 24, 40, 18, 25, 29, 20, 34, 30, 27, 35, 1, 0]}, null, null, 51, false, [], false, 0, [], null, 0, 1744319303.4447672, 0, {}]
[{"0": [1, 1, 3, 1, 1, 1, 32, 31, 28, 3, 1, 1, 2, 1, 1, 1]}, null, null, 51, false, [], false, 0, [], null, 0, 1744319303.650284, 0, {}]
[{"0": [0, 3, 0, 0, 3, 3, 2, 1, 1, 1, 4, 29, 24, 24, 32, 38]}, null, null, 52, false, [], false, 0, [], null, 0, 1744319303.8440993, 0, {}]
[{"0": [2, 2, 0, 1, 3, 1, 3, 0, 0, 25, 1, 1, 0, 2, 0, 3]}, null, null, 52, false, [], false, 0, [], null, 0, 1744319304.038026, 0, {}]
[{"0": [0, 1, 3, 3, 1, 5, 5, 2, 5, 25, 32, 31, 24, 30, 25, 27]}, null, null, 53, false, [], false, 0, [], null, 0, 1744319304.2413614, 0, {}]
[{"0": [4, 4, 1, 4, 3, 1, 1, 0, 1, 0, 2, 4, 1, 2, 1, 28]}, null, null, 54, false, [], false, 0, [], null, 0, 1744319304.4661882, 0, {}]
[{"0": [2, 4, 30, 23, 23, 31, 37, 34, 28, 32, 32, 2, 1, 0, 1, 0]}, null, null, 54, false, [], false, 0, [], null, 0, 1744319304.6615908, 0, {}]
[{"0": [0, 2, 4, 3, 0, 2, 0, 6, 2, 1, 3, 2, 0, 2, 2, 31]}, null, null, 55, false, [], false, 0, [], null, 0, 1744319304.850081, 0, {}]
[{"0": [1, 4, 1, 1, 3, 2, 2, 1, 4, 2, 2, 2, 2, 2, 3, 0]}, null, null, 55, false, [], false, 0, [], null, 0, 1744319305.045279, 0, {}]
[{"0": [36, 20, 45, 23, 1, 3, 3, 2, 3, 0, 2, 1, 2, 1, 0, 0]}, null, null, 56, false, [], false, 0, [], null, 0, 1744319305.2543733, 0, {}]
[{"0": [2, 1, 2, 1, 3, 2, 2, 5, 2, 1, 1, 30, 2, 2, 2, 1]}, null, null, 57, false, [], false, 0, [], null, 0, 1744319305.4582553, 0, {}]
[{"0": [1, 0, 0, 2, 2, 5, 1, 0, 2, 1, 3, 1, 1, 0, 3, 22]}, null, null, 57, false, [], false, 0, [], null, 0, 1744319305.6457543, 0, {}]
[{"0": [41, 0, 2, 1, 3, 0, 23, 4, 3, 1, 2, 0, 2, 2, 2, 3]}, null, null, 58, false, [], false, 0, [], null, 0, 1744319305.8435626, 0, {}]
[{"0": [2, 4, 1, 0, 1, 5, 0, 2, 21, 0, 2, 5, 3, 4, 2, 0]}, null, null, 58, false, [], false, 0, [], null, 0, 1744319306.0615976, 0, {}]
[{"0": [0, 3, 2, 0, 1, 1, 1, 4, 1, 0, 2, 3, 3, 3, 0, 1]}, null, null, 59, false, [], false, 0, [], null, 0, 1744319306.25336, 0, {}]
[{"0": [1, 2, 2, 2, 1, 1, 2, 0, 1, 2, 1, 1, 5, 4, 2, 32]}, null, null, 60, false, [], false, 0, [], null, 0, 1744319306.4611518, 0, {}]
[{"0": [14, 34, 25, 34, 38, 34, 34, 27, 40, 28, 32, 25, 4, 1, 2, 1]}, null, null, 60, false, [], false, 0, [], null, 0, 1744319306.6643655, 0, {}]
[{"0": [2, 4, 1, 19, 32, 32, 20, 21, 1, 20, 25, 35, 1, 3, 0, 0]}, null, null, 61, false, [], false, 0, [], null, 0, 1744319306.8598814, 0, {}]
[{"0": [0, 4, 0, 1, 0, 0, 2, 2, 1, 1, 0, 2, 6, 1, 2, 1]}, null, null, 61, false, [], false, 0, [], null, 0, 1744319307.0576563, 0, {}]
[{"0": [3, 3, 23, 1, 4, 3, 2, 1, 1, 0, 1, 2, 2, 2, 2, 4]}, null, null, 62, false, [], false, 0, [], null, 0, 1744319307.2452796, 0, {}]
[{"0": [1, 2, 3, 26, 23, 2, 2, 4, 1, 1, 2, 2, 1, 0, 1, 3]}, null, null, 63, false, [], false, 0, [], null, 0, 1744319307.4549806, 0, {}]
[{"0": [2, 1, 2, 3, 2, 1, 1, 3, 1, 1, 0, 2, 1, 2, 0, 1]}, null, null, 63, false, [], false, 0, [], null, 0, 1744319307.6481757, 0, {}]
[{"0": [0, 2, 3, 1, 3, 2, 2, 0, 1, 0, 1, 2, 1, 17, 21, 3]}, null, null, 64, false, [], false, 0, [], null, 0, 1744319307.8624473, 0, {}]
[{"0": [34, 24, 31, 26, 4, 3, 1, 0, 0, 1, 1, 0, 1, 3, 1, 0]}, null, null, 64, false, [], false, 0, [], null, 0, 1744319308.0474186, 0, {}]
[{"0": [1, 0, 1, 3, 1, 1, 2, 1, 0, 1, 18, 0, 1, 1, 2, 3]}, null, null, 65, false, [], false, 0, [], null, 0, 1744319308.2463086, 0, {}]
[{"0": [4, 0, 30, 24, 36, 37, 41, 36, 30, 34, 24, 39, 21, 37, 2, 1]}, null, null, 66, false, [], false, 0, [], null, 0, 1744319308.4454734, 0, {}]
[{"0": [21, 21, 3, 2, 0, 5, 1, 2, 0, 3, 1, 1, 0, 3, 2, 0]}, null, null, 66, false, [], false, 0, [], null, 0, 1744319308.6605425, 0, {}]
[{"0": [29, 36, 38, 32, 38, 37, 23, 28, 30, 1, 1, 2, 3, 4, 2, 2]}, null, null, 67, false, [], false, 0, [], null, 0, 1744319308.8668578, 0, {}]
[{"0": [2, 1, 1, 1, 2, 3, 4, 2, 1, 2, 4, 0, 2, 1, 0, 4]}, null, null, 67, false, [], false, 0, [], null, 0, 1744319309.0579722, 0, {}]
[{"0": [4, 2, 2, 2, 1, 3, 3, 2, 4, 2, 0, 2, 1, 1, 1, 3]}, null, null, 68, false, [], false, 0, [], null, 0, 1744319309.2505383, 0, {}]
[{"0": [1, 4, 1, 0, 2, 1, 4, 0, 3, 0, 3, 2, 3, 2, 1, 1]}, null, null, 69, false, [], false, 0, [], null, 0, 1744319309.4445791, 0, {}]
[{"0": [2, 1, 2, 0, 0, 1, 2, 1, 1, 3, 1, 4, 0, 1, 1, 34]}, null, null, 69, false, [], false, 0, [], null, 0, 1744319309.6625245, 0, {}]
[{"0": [2, 4, 2, 29, 37, 25, 19, 31, 5, 2, 2, 2, 3, 0, 1, 3]}, null, null, 70, false, [], false, 0, [], null, 0, 1744319309.8685813, 0, {}]
[{"0": [0, 2, 2, 1, 4, 5, 30, 3, 2, 0, 2, 2, 15, 32, 0, 2]}, null, null, 70, false, [], false, 0, [], null, 0, 1744319310.0505705, 0, {}]
[{"0": [35, 33, 28, 30, 35, 32, 40, 3, 0, 2, 1, 1, 0, 4, 1, 5]}, null, null, 71, false, [], false, 0, [], null, 0, 1744319310.264843, 0, {}]
[{"0": [2, 1, 3, 0, 2, 2, 1, 37, 34, 30, 30, 39, 35, 33, 25, 28]}, null, null, 72, false, [], false, 0, [], null, 0, 1744319310.457799, 0, {}]
[{"0": [2, 2, 2, 0, 4, 3, 1, 1, 5, 2, 2, 29, 1, 2, 2, 5]}, null, null, 72, false, [], false, 0, [], null, 0, 1744319310.655964, 0, {}]
[{"0": [3, 2, 2, 4, 1, 3, 1, 0, 0, 0, 4, 3, 35, 28, 35, 26]}, null, null, 73, false, [], false, 0, [], null, 0, 1744319310.8552575, 0, {}]
[{"0": [2, 4, 2, 3, 1, 1, 0, 4, 31, 37, 22, 1, 1, 5, 0, 1]}, null, null, 73, false, [], false, 0, [], null, 0, 1744319311.0513215, 0, {}]
[{"0": [2, 3, 1, 2, 2, 1, 3, 4, 3, 5, 0, 0, 5, 2, 1, 30]}, null, null, 74, false, [], false, 0, [], null, 0, 1744319311.2600448, 0, {}]
[{"0": [28, 34, 27, 38, 32, 31, 32, 22, 31, 2, 2, 1, 1, 2, 2, 3]}, null, null, 75, false, [], false, 0, [], null, 0, 1744319311.4475987, 0, {}]
[{"0": [1, 0, 22, 30, 25, 29, 2, 1, 3, 3, 3, 1, 1, 2, 6, 6]}, null, null, 75, false, [], false, 0, [], null, 0, 1744319311.6694584, 0, {}]
[{"0": [0, 4, 3, 3, 1, 4, 1, 2, 0, 32, 30, 32, 36, 36, 21, 40]}, null, null, 76, false, [], false, 0, [], null, 0, 1744319311.8465993, 0, {}]
[{"0": [1, 0, 32, 20, 29, 0, 2, 1, 1, 2, 1, 1, 2, 2, 1, 2]}, null, null, 77, false, [], false, 0, [], null, 0, 1744319312.061716, 0, {}]
[{"0": [0, 3, 2, 2, 0, 3, 0, 3, 0, 3, 3, 0, 1, 1, 2, 2]}, null, null, 77, false, [], false, 0, [], null, 0, 1744319312.25347, 0, {}]
[{"0": [0, 1, 1, 0, 1, 2, 2, 3, 1, 3, 1, 2, 1, 0, 1, 28]}, null, null, 78, false, [], false, 0, [], null, 0, 1744319312.4707768, 0, {}]
[{"0": [38, 33, 25, 33, 37, 35, 34, 5, 3, 3, 3, 0, 0, 4, 2, 2]}, null, null, 78, false, [], false, 0, [], null, 0, 1744319312.647031, 0, {}]
[{"0": [3, 3, 2, 2, 6, 2, 3, 2, 2, 2, 1, 1, 1, 2, 21, 37]}, null, null, 79, false, [], false, 0, [], null, 0, 1744319312.8698192, 0, {}]
[{"0": [34, 1, 1, 1, 1, 1, 1, 1, 2, 2, 3, 2, 0, 2, 3, 4]}, null, null, 80, false, [], false, 0, [], null, 0, 1744319313.0669253, 0, {}]
[{"0": [1, 0, 29, 22, 29, 2, 5, 4, 1, 4, 3, 0, 3, 1, 0, 1]}, null, null, 80, false, [], false, 0, [], null, 0, 1744319313.2662902, 0, {}]
[{"0": [1, 2, 2, 4, 24, 28, 38, 25, 23, 38, 34, 39, 1, 3, 2, 1]}, null, null, 81, false, [], false, 0, [], null, 0, 1744319313.465009, 0, {}]
[{"0": [3, 1, 0, 46, 0, 2, 0, 2, 4, 1, 2, 4, 0, 2, 3, 4]}, null, null, 81, false, [], false, 0, [], null, 0, 1744319313.6673565, 0, {}]
[{"0": [33, 36, 33, 3, 1, 0, 3, 3, 0, 1, 2, 3, 1, 0, 2, 2]}, null, null, 82, false, [], false, 0, [], null, 0, 1744319313.8586822, 0, {}]
[{"0": [0, 1, 3, 2, 3, 0, 1, 6, 1, 2, 0, 1, 2, 2, 0, 3]}, null, null, 83, false, [], false, 0, [], null, 0, 1744319314.0511699, 0, {}]
[{"0": [2, 1, 1, 3, 2, 1, 1, 0, 3, 0, 3, 2, 1, 0, 1, 25]}, null, null, 83, false, [], false, 0, [], null, 0, 1744319314.255365, 0, {}]
[{"0": [18, 23, 34, 34, 3, 2, 4, 0, 3, 2, 1, 1, 4, 2, 5, 2]}, null, null, 84, false, [], false, 0, [], null, 0, 1744319314.4592507, 0, {}]
[{"0": [2, 2, 0, 2, 0, 3, 5, 5, 3, 2, 0, 8, 1, 2, 3, 2]}, null, null, 84, false, [], false, 0, [], null, 0, 1744319314.6625047, 0, {}]
[{"0": [1, 0, 4, 4, 2, 2, 2, 1, 5, 2, 34, 2, 1, 2, 3, 3]}, null, null, 85, false, [], false, 0, [], null, 0, 1744319314.8556778, 0, {}]
[{"0": [1, 1, 5, 5, 1, 2, 4, 3, 5, 4, 1, 1, 1, 1, 40, 42]}, null, null, 86, false, [], false, 0, [], null, 0, 1744319315.0454347, 0, {}]
[{"0": [2, 1, 0, 34, 32, 31, 36, 31, 25, 28, 30, 32, 0, 3, 1, 1]}, null, null, 86, false, [], false, 0, [], null, 0, 1744319315.2485828, 0, {}]
[{"0": [0, 0, 4, 5, 2, 0, 2, 2, 2, 0, 1, 1, 3, 3, 3, 30]}, null, null, 87, false, [], false, 0, [], null, 0, 1744319315.4560964, 0, {}]
[{"0": [0, 0, 4, 32, 37, 3, 1, 2, 4, 3, 1, 2, 0, 0, 2, 3]}, null, null, 87, false, [], false, 0, [], null, 0, 1744319315.6611884, 0, {}]
[{"0": [5, 1, 0, 2, 1, 39, 36, 22, 32, 0, 1, 1, 1, 1, 0, 1]}, null, null, 88, false, [], false, 0, [], null, 0, 1744319315.853268, 0, {}]
[{"0": [0, 1, 1, 32, 29, 2, 0, 3, 1, 1, 1, 3, 1, 3, 1, 2]}, null, null, 89, false, [], false, 0, [], null, 0, 1744319316.0547764, 0, {}]
[{"0": [3, 3, 2, 3, 3, 0, 1, 1, 0, 0, 2, 2, 1, 2, 2, 31]}, null, null, 89, false, [], false, 0, [], null, 0, 1744319316.2626593, 0, {}]
[{"0": [0, 4, 2, 0, 2, 3, 3, 2, 3, 1, 3, 0, 0, 25, 29, 5]}, null, null, 90, false, [], false, 0, [], null, 0, 1744319316.452563, 0, {}]
[{"0": [2, 1, 1, 3, 1, 0, 2, 1, 0, 0, 1, 27, 39, 21, 27, 40]}, null, null, 90, false, [], false, 0, [], null, 0, 1744319316.660937, 0, {}]
[{"0": [3, 3, 1, 0, 3, 2, 0, 2, 1, 2, 1, 40, 24, 29, 32, 23]}, null, null, 91, false, [], false, 0, [], null, 0, 1744319316.8757575, 0, {}]
[{"0": [3, 4, 1, 2, 1, 0, 0, 3, 26, 29, 37, 1, 1, 2, 3, 3]}, null, null, 92, false, [], false, 0, [], null, 0, 1744319317.0534067, 0, {}]
[{"0": [1, 2, 3, 3, 0, 2, 4, 3, 2, 2, 1, 1, 2, 24, 29, 36]}, null, null, 92, false, [], false, 0, [], null, 0, 1744319317.2550483, 0, {}]
[{"0": [6, 2, 2, 0, 1, 2, 0, 1, 3, 4, 23, 27, 32, 1, 2, 2]}, null, null, 93, false, [], false, 0, [], null, 0, 1744319317.4611297, 0, {}]
[{"0": [1, 0, 2, 2, 2, 48, 26, 31, 39, 23, 37, 25, 5, 1, 5, 2]}, null, null, 93, false, [], false, 0, [], null, 0, 1744319317.661729, 0, {}]
[{"0": [1, 0, 1, 2, 3, 1, 3, 3, 30, 37, 33, 32, 44, 21, 31, 37]}, null, null, 94, false, [], false, 0, [], null, 0, 1744319317.8556497, 0, {}]
[{"0": [1, 2, 31, 33, 2, 3, 1, 2, 2, 0, 2, 1, 2, 3, 1, 1]}, null, null, 95, false, [], false, 0, [], null, 0, 1744319318.0597293, 0, {}]
[{"0": [4, 1, 3, 0, 2, 2, 4, 0, 24, 23, 34, 42, 2, 1, 3, 0]}, null, null, 95, false, [], false, 0, [], null, 0, 1744319318.2535493, 0, {}]
[{"0": [0, 0, 2, 1, 2, 1, 1, 4, 2, 2, 1, 2, 2, 1, 2, 28]}, null, null, 96, false, [], false, 0, [], null, 0, 1744319318.4608307, 0, {}]
[{"0": [2, 2, 2, 3, 3, 2, 0, 0, 3, 0, 2, 1, 2, 2, 2, 2]}, null, null, 96, false, [], false, 0, [], null, 0, 1744319318.6536157, 0, {}]
[{"0": [2, 0, 2, 2, 4, 2, 1, 1, 0, 3, 1, 0, 2, 3, 2, 1]}, null, null, 97, false, [], false, 0, [], null, 0, 1744319318.8595805, 0, {}]
[{"0": [4, 5, 7, 5, 0, 30, 2, 0, 2, 2, 2, 1, 0, 2, 1, 1]}, null, null, 98, false, [], false, 0, [], null, 0, 1744319319.0646129, 0, {}]
[{"0": [3, 2, 38, 23, 24, 37, 37, 38, 32, 43, 36, 34, 2, 1, 3, 1]}, null, null, 98, false, [], false, 0, [], null, 0, 1744319319.2512357, 0, {}]
[{"0": [2, 0, 1, 0, 0, 0, 0, 4, 6, 1, 0, 2, 2, 3, 31, 29]}, null, null, 99, false, [], false, 0, [], null, 0, 1744319319.4622412, 0, {}]
[{"0": [3, 1, 1, 3, 3, 0, 3, 38, 34, 37, 25, 28, 26, 40, 28, 3]}, null, null, 99, false, [], false, 0, [], null, 0, 1744319319.6543844, 0, {}]
[{"0": [1, 1, 0, 1, 6, 0, 0, 2, 34, 28, 27, 0, 3, 2, 2, 0]}, null, null, 100, false, [], false, 0, [], null, 0, 1744319319.8592355, 0, {}]
[{"0": [3, 0, 1, 2, 0, 0, 2, 2, 2, 39, 27, 4, 1, 2, 2, 0]}, null, null, 101, false, [], false, 0, [], null, 0, 1744319320.0507123, 0, {}]
[{"0": [36, 33, 3, 1, 3, 1, 4, 1, 2, 2, 1, 0, 4, 2, 1, 1]}, null, null, 101, false, [], false, 0, [], null, 0, 1744319320.2534595, 0, {}]
[{"0": [1, 2, 2, 1, 3, 1, 2, 0, 1, 2, 6, 5, 0, 35, 35, 36]}, null, null, 102, false, [], false, 0, [], null, 0, 1744319320.4608696, 0, {}]
[{"0": [3, 2, 2, 1, 1, 3, 0, 3, 0, 4, 1, 5, 2, 1, 3, 1]}, null, null, 102, false, [], false, 0, [], null, 0, 1744319320.6552587, 0, {}]
[{"0": [0, 1, 1, 1, 3, 1, 0, 3, 1, 4, 1, 1, 2, 37, 31, 33]}, null, null, 103, false, [], false, 0, [], null, 0, 1744319320.8636093, 0, {}]
[{"0": [1, 2, 3, 0, 1, 2, 2, 2, 3, 1, 1, 3, 2, 2, 2, 5]}, null, null, 104, false, [], false, 0, [], null, 0, 1744319321.057937, 0, {}]
[{"0": [24, 33, 37, 26, 27, 24, 3, 1, 1, 1, 1, 1, 2, 2, 1, 0]}, null, null, 104, false, [], false, 0, [], null, 0, 1744319321.2597632, 0, {}]
[{"0": [3, 5, 3, 3, 30, 25, 32, 26, 31, 2, 2, 1, 0, 0, 2, 2]}, null, null, 105, false, [], false, 0, [], null, 0, 1744319321.452432, 0, {}]
[{"0": [6, 0, 1, 0, 20, 25, 25, 2, 3, 2, 4, 1, 3, 1, 1, 3]}, null, null, 105, false, [], false, 0, [], null, 0, 1744319321.6577094, 0, {}]
[{"0": [0, 2, 2, 2, 4, 28, 34, 0, 1, 3, 0, 2, 2, 1, 0, 2]}, null, null, 106, false, [], false, 0, [], null, 0, 1744319321.8620613, 0, {}]
[{"0": [35, 20, 0, 1, 2, 4, 2, 5, 3, 1, 2, 0, 3, 3, 2, 4]}, null, null, 107, false, [], false, 0, [], null, 0, 1744319322.054501, 0, {}]
[{"0": [1, 3, 1, 0, 2, 4, 1, 1, 0, 2, 3, 32, 32, 36, 2, 1]}, null, null, 107, false, [], false, 0, [], null, 0, 1744319322.254449, 0, {}]
[{"0": [0, 1, 2, 1, 1, 2, 0, 4, 2, 0, 3, 0, 4, 3, 0, 1]}, null, null, 108, false, [], false, 0, [], null, 0, 1744319322.4576862, 0, {}]
[{"0": [1, 4, 1, 4, 2, 0, 3, 0, 6, 39, 32, 31, 35, 26, 37, 33]}, null, null, 108, false, [], false, 0, [], null, 0, 1744319322.6609962, 0, {}]
[{"0": [32, 2, 4, 0, 5, 1, 2, 1, 2, 2, 2, 2, 4, 2, 0, 1]}, null, null, 109, false, [], false, 0, [], null, 0, 1744319322.8554044, 0, {}]
[{"0": [39, 31, 4, 3, 0, 0, 3, 0, 1, 6, 1, 1, 2, 4, 2, 3]}, null, null, 110, false, [], false, 0, [], null, 0, 1744319323.0602129, 0, {}]
[{"0": [33, 21, 29, 29, 38, 4, 2, 2, 2, 1, 4, 2, 0, 1, 0, 2]}, null, null, 110, false, [], false, 0, [], null, 0, 1744319323.2648401, 0, {}]
[{"0": [2, 6, 1, 4, 2, 1, 3, 1, 2, 22, 33, 26, 38, 29, 32, 28]}, null, null, 111, false, [], false, 0, [], null, 0, 1744319323.4568956, 0, {}]
[{"0": [3, 1, 1, 2, 1, 2, 3, 1, 1, 5, 1, 1, 3, 1, 2, 0]}, null, null, 111, false, [], false, 0, [], null, 0, 1744319323.6605327, 0, {}]
[{"0": [28, 29, 28, 33, 24, 5, 2, 1, 1, 2, 3, 2, 1, 3, 0, 2]}, null, null, 112, false, [], false, 0, [], null, 0, 1744319323.8531141, 0, {}]
[{"0": [1, 1, 0, 0, 2, 0, 25, 42, 0, 3, 2, 1, 2, 2, 2, 1]}, null, null, 113, false, [], false, 0, [], null, 0, 1744319324.0611224, 0, {}]
[{"0": [2, 2, 1, 3, 1, 2, 29, 33, 20, 39, 31, 30, 24, 3, 2, 2]}, null, null, 113, false, [], false, 0, [], null, 0, 1744319324.2476666, 0, {}]
[{"0": [0, 0, 1, 0, 0, 2, 1, 1, 0, 28, 32, 4, 0, 3, 1, 1]}, null, null, 114, false, [], false, 0, [], null, 0, 1744319324.4542537, 0, {}]
[{"0": [0, 0, 1, 0, 0, 0, 2, 2, 2, 0, 0, 2, 2, 32, 1, 1]}, null, null, 114, false, [], false, 0, [], null, 0, 1744319324.66297, 0, {}]
[{"0": [28, 42, 38, 32, 27, 3, 0, 3, 1, 0, 2, 1, 6, 1, 3, 0]}, null, null, 115, false, [], false, 0, [], null, 0, 1744319324.8551733, 0, {}]
[{"0": [1, 3, 4, 1, 3, 3, 5, 5, 3, 2, 3, 2, 1, 3, 3, 32]}, null, null, 116, false, [], false, 0, [], null, 0, 1744319325.0639315, 0, {}]
[{"0": [3, 0, 2, 29, 31, 36, 30, 3, 5, 2, 2, 5, 1, 0, 2, 1]}, null, null, 116, false, [], false, 0, [], null, 0, 1744319325.2583382, 0, {}]
[{"0": [4, 1, 1, 0, 1, 1, 1, 1, 2, 0, 0, 25, 30, 0, 0, 3]}, null, null, 117, false, [], false, 0, [], null, 0, 1744319325.4616807, 0, {}]
[{"0": [0, 2, 6, 2, 2, 2, 1, 1, 2, 1, 2, 1, 2, 1, 3, 3]}, null, null, 117, false, [], false, 0, [], null, 0, 1744319325.6557338, 0, {}]
[{"0": [0, 0, 35, 35, 26, 39, 32, 25, 25, 31, 25, 27, 22, 3, 1, 2]}, null, null, 118, false, [], false, 0, [], null, 0, 1744319325.858355, 0, {}]
[{"0": [40, 1, 3, 0, 1, 1, 5, 3, 7, 2, 3, 2, 1, 0, 1, 1]}, null, null, 119, false, [], false, 0, [], null, 0, 1744319326.0614731, 0, {}]
[{"0": [27, 22, 40, 31, 36, 26, 33, 32, 2, 1, 2, 1, 1, 3, 1, 3]}, null, null, 119, false, [], false, 0, [], null, 0, 1744319326.2616117, 0, {}]
[{"0": [0, 2, 2, 2, 2, 1, 1, 3, 24, 31, 30, 29, 30, 28, 34, 30]}, null, null, 120, false, [], false, 0, [], null, 0, 1744319326.465117, 0, {}]
[{"0": [2, 1, 3, 1, 0, 3, 2, 33, 20, 23, 30, 34, 20, 37, 39, 2]}, null, null, 120, false, [], false, 0, [], null, 0, 1744319326.6640801, 0, {}]
[{"0": [3, 2, 2, 1, 2, 4, 1, 1, 5, 1, 1, 1, 3, 0, 3, 4]}, null, null, 121, false, [], false, 0, [], null, 0, 1744319326.8583903, 0, {}]
[{"0": [1, 1, 1, 3, 6, 5, 2, 3, 2, 3, 2, 0, 0, 3, 3, 1]}, null, null, 122, false, [], false, 0, [], null, 0, 1744319327.0589027, 0, {}]
[{"0": [2, 2, 3, 4, 2, 1, 2, 2, 1, 2, 1, 2, 3, 31, 34, 26]}, null, null, 122, false, [], false, 0, [], null, 0, 1744319327.2494721, 0, {}]
[{"0": [1, 3, 1, 0, 1, 0, 2, 1, 0, 1, 2, 4, 1, 33, 2, 7]}, null, null, 123, false, [], false, 0, [], null, 0, 1744319327.455545, 0, {}]
[{"0": [5, 3, 4, 2, 1, 5, 1, 1, 1, 3, 0, 1, 0, 3, 2, 1]}, null, null, 123, false, [], false, 0, [], null, 0, 1744319327.6632884, 0, {}]
[{"0": [30, 19, 23, 20, 34, 2, 1, 2, 1, 1, 1, 5, 5, 0, 2, 2]}, null, null, 124, false, [], false, 0, [], null, 0, 1744319327.8532002, 0, {}]
[{"0": [26, 0, 1, 0, 5, 0, 3, 1, 3, 0, 5, 1, 1, 2, 4, 0]}, null, null, 125, false, [], false, 0, [], null, 0, 1744319328.0651324, 0, {}]
[{"0": [3, 2, 1, 3, 29, 21, 34, 35, 30, 35, 32, 35, 2, 2, 1, 1]}, null, null, 125, false, [], false, 0, [], null, 0, 1744319328.2595277, 0, {}]
[{"0": [2, 1, 4, 31, 33, 32, 38, 0, 3, 1, 2, 2, 1, 2, 2, 1]}, null, null, 126, false, [], false, 0, [], null, 0, 1744319328.4685206, 0, {}]
[{"0": [0, 0, 2, 2, 1, 2, 0, 0, 4, 1, 3, 3, 1, 4, 3, 1]}, null, null, 127, false, [], false, 0, [], null, 0, 1744319328.6662476, 0, {}]
[{"0": [25, 34, 40, 28, 37, 1, 1, 2, 1, 1, 1, 1, 3, 1, 1, 1]}, null, null, 127, false, [], false, 0, [], null, 0, 1744319328.8645773, 0, {}]
[{"0": [9, 2, 3, 1, 4, 0, 23, 35, 0, 1, 1, 2, 1, 3, 1, 0]}, null, null, 128, false, [], false, 0, [], null, 0, 1744319329.0542898, 0, {}]
[{"0": [2, 2, 2, 4, 3, 1, 0, 0, 1, 1, 2, 1, 0, 2, 2, 1]}, null, null, 128, false, [], false, 0, [], null, 0, 1744319329.251872, 0, {}]
[{"0": [2, 2, 32, 32, 30, 27, 3, 0, 2, 5, 3, 3, 2, 1, 20, 29]}, null, null, 129, false, [], false, 0, [], null, 0, 1744319329.4579422, 0, {}]
[{"0": [27, 29, 32, 1, 1, 1, 2, 1, 1, 1, 2, 1, 2, 1, 2, 1]}, null, null, 130, false, [], false, 0, [], null, 0, 1744319329.657122, 0, {}]
[{"0": [2, 0, 1, 1, 6, 1, 5, 1, 1, 0, 2, 3, 4, 1, 1, 2]}, null, null, 130, false, [], false, 0, [], null, 0, 1744319329.8585527, 0, {}]
[{"0": [4, 1, 0, 0, 1, 3, 2, 1, 2, 0, 1, 31, 27, 2, 1, 3]}, null, null, 131, false, [], false, 0, [], null, 0, 1744319330.0565999, 0, {}]
[{"0": [36, 32, 36, 19, 2, 1, 0, 3, 2, 2, 1, 1, 1, 2, 3, 3]}, null, null, 131, false, [], false, 0, [], null, 0, 1744319330.259957, 0, {}]
[{"0": [4, 2, 4, 3, 2, 2, 1, 3, 1, 0, 1, 3, 24, 2, 2, 1]}, null, null, 132, false, [], false, 0, [], null, 0, 1744319330.4494953, 0, {}]
[{"0": [2, 1, 3, 2, 2, 3, 2, 3, 2, 2, 2, 3, 4, 3, 3, 2]}, null, null, 133, false, [], false, 0, [], null, 0, 1744319330.6611004, 0, {}]
[{"0": [2, 0, 0, 1, 0, 2, 22, 25, 2, 2, 2, 3, 2, 1, 0, 1]}, null, null, 133, false, [], false, 0, [], null, 0, 1744319330.8508575, 0, {}]
[{"0": [0, 5, 1, 1, 1, 2, 6, 0, 30, 24, 24, 30, 33, 27, 27, 31]}, null, null, 134, false, [], false, 0, [], null, 0, 1744319331.060255, 0, {}]
[{"0": [4, 3, 1, 1, 1, 0, 4, 3, 1, 0, 2, 1, 2, 0, 3, 2]}, null, null, 134, false, [], false, 0, [], null, 0, 1744319331.2691183, 0, {}]
[{"0": [2, 0, 2, 2, 2, 2, 1, 4, 0, 1, 3, 1, 2, 2, 1, 0]}, null, null, 135, false, [], false, 0, [], null, 0, 1744319331.467984, 0, {}]
[{"0": [2, 2, 1, 3, 0, 1, 1, 2, 3, 2, 1, 29, 27, 2, 1, 1]}, null, null, 136, false, [], false, 0, [], null, 0, 1744319331.655196, 0, {}]
[{"0": [6, 5, 0, 3, 1, 3, 0, 2, 1, 2, 2, 3, 1, 3, 3, 2]}, null, null, 136, false, [], false, 0, [], null, 0, 1744319331.8628166, 0, {}]
[{"0": [1, 0, 0, 0, 3, 3, 2, 2, 3, 2, 2, 3, 2, 1, 1, 2]}, null, null, 137, false, [], false, 0, [], null, 0, 1744319332.0596962, 0, {}]
[{"0": [3, 0, 1, 0, 5, 2, 1, 2, 37, 3, 4, 2, 3, 4, 2, 1]}, null, null, 137, false, [], false, 0, [], null, 0, 1744319332.26885, 0, {}]
[{"0": [3, 2, 5, 2, 1, 0, 4, 0, 3, 4, 2, 3, 2, 1, 2, 26]}, null, null, 138, false, [], false, 0, [], null, 0, 1744319332.4616377, 0, {}]
[{"0": [28, 2, 2, 0, 5, 3, 1, 1, 24, 32, 30, 32, 28, 1, 1, 1]}, null, null, 139, false, [], false, 0, [], null, 0, 1744319332.6522539, 0, {}]
[{"0": [1, 2, 2, 2, 1, 1, 0, 3, 33, 25, 32, 26, 0, 5, 2, 1]}, null, null, 139, false, [], false, 0, [], null, 0, 1744319332.8567605, 0, {}]
[{"0": [2, 1, 1, 2, 4, 1, 2, 0, 33, 0, 0, 4, 0, 0, 1, 1]}, null, null, 140, false, [], false, 0, [], null, 0, 1744319333.062671, 0, {}]
[{"0": [3, 4, 3, 2, 4, 4, 3, 2, 3, 6, 1, 2, 1, 2, 2, 28]}, null, null, 140, false, [], false, 0, [], null, 0, 1744319333.2569773, 0, {}]
[{"0": [2, 2, 7, 1, 2, 2, 1, 2, 4, 4, 1, 0, 2, 6, 2, 31]}, null, null, 141, false, [], false, 0, [], null, 0, 1744319333.4765115, 0, {}]
[{"0": [2, 0, 0, 30, 25, 1, 5, 3, 3, 4, 2, 3, 1, 0, 5, 2]}, null, null, 142, false, [], false, 0, [], null, 0, 1744319333.6589942, 0, {}]
[{"0": [2, 2, 2, 4, 0, 2, 1, 4, 1, 0, 3, 1, 1, 2, 4, 3]}, null, null, 142, false, [], false, 0, [], null, 0, 1744319333.8612945, 0, {}]
[{"0": [2, 1, 2, 3, 2, 1, 1, 2, 3, 1, 5, 1, 1, 2, 3, 1]}, null, null, 143, false, [], false, 0, [], null, 0, 1744319334.058071, 0, {}]
[{"0": [6, 0, 0, 5, 21, 33, 34, 26, 32, 0, 2, 4, 1, 1, 4, 3]}, null, null, 143, false, [], false, 0, [], null, 0, 1744319334.2573075, 0, {}]
[{"0": [3, 1, 2, 3, 26, 1, 3, 1, 2, 1, 3, 0, 2, 0, 4, 1]}, null, null, 144, false, [], false, 0, [], null, 0, 1744319334.475339, 0, {}]
[{"0": [3, 0, 4, 1, 2, 1, 1, 2, 1, 37, 33, 32, 28, 28, 34, 3]}, null, null, 145, false, [], false, 0, [], null, 0, 1744319334.649412, 0, {}]
[{"0": [2, 3, 3, 1, 3, 4, 1, 1, 1, 1, 4, 2, 3, 2, 28, 36]}, null, null, 145, false, [], false, 0, [], null, 0, 1744319334.8596988, 0, {}]
[{"0": [33, 3, 4, 4, 1, 1, 2, 2, 0, 3, 6, 1, 0, 2, 3, 2]}, null, null, 146, false, [], false, 0, [], null, 0, 1744319335.0671513, 0, {}]
[{"0": [17, 3, 2, 4, 2, 0, 0, 3, 2, 4, 2, 1, 3, 1, 1, 4]}, null, null, 146, false, [], false, 0, [], null, 0, 1744319335.2622569, 0, {}]
[{"0": [0, 5, 1, 3, 3, 1, 0, 3, 3, 0, 3, 1, 5, 1, 4, 1]}, null, null, 147, false, [], false, 0, [], null, 0, 1744319335.454098, 0, {}]
[{"0": [24, 31, 24, 26, 0, 1, 2, 4, 1, 1, 1, 2, 1, 1, 2, 3]}, null, null, 148, false, [], false, 0, [], null, 0, 1744319335.6596248, 0, {}]
[{"0": [2, 2, 2, 4, 1, 0, 0, 0, 2, 1, 2, 1, 0, 1, 2, 33]}, null, null, 148, false, [], false, 0, [], null, 0, 1744319335.8568232, 0, {}]
[{"0": [1, 2, 2, 1, 0, 4, 3, 2, 0, 3, 5, 32, 38, 3, 0, 2]}, null, null, 149, false, [], false, 0, [], null, 0, 1744319336.0693195, 0, {}]
[{"0": [2, 4, 1, 3, 3, 2, 1, 2, 0, 3, 1, 1, 1, 4, 3, 21]}, null, null, 149, false, [], false, 0, [], null, 0, 1744319336.2666438, 0, {}]
[{"0": [2, 1, 2, 3, 1, 0, 3, 3, 1, 1, 4, 3, 4, 0, 0, 31]}, null, null, 150, true, [], false, 0, [], null, 0, 1744319336.4591908, 0, {}]
