[{"0": [5, 0, 2, 0, 0, 3, 4, 1, 3, 0, 1, 1, 34, 29, 43, 4]}, null, null, 0, false, [], false, 0, [], null, 0, 1744313785.9836886, 0, {}]
[{"0": [30, 28, 34, 37, 35, 40, 31, 1, 0, 1, 0, 0, 4, 2, 2, 1]}, null, null, 1, false, [], false, 0, [], null, 0, 1744313786.2165718, 0, {}]
[{"0": [0, 2, 2, 1, 2, 1, 1, 3, 0, 3, 1, 35, 43, 2, 4, 2]}, null, null, 1, false, [], false, 0, [], null, 0, 1744313786.4089406, 0, {}]
[{"0": [1, 4, 1, 1, 0, 0, 2, 43, 23, 44, 35, 38, 40, 2, 4, 4]}, null, null, 2, false, [], false, 0, [], null, 0, 1744313786.6013284, 0, {}]
[{"0": [1, 4, 1, 2, 0, 2, 1, 4, 1, 1, 2, 3, 33, 34, 43, 2]}, null, null, 2, false, [], false, 0, [], null, 0, 1744313786.8514087, 0, {}]
[{"0": [8, 3, 2, 4, 1, 1, 1, 42, 37, 0, 2, 2, 1, 4, 0, 4]}, null, null, 3, false, [], false, 0, [], null, 0, 1744313787.0156827, 0, {}]
[{"0": [3, 6, 1, 5, 3, 1, 2, 3, 4, 1, 1, 2, 2, 1, 1, 38]}, null, null, 4, false, [], false, 0, [], null, 0, 1744313787.2036424, 0, {}]
[{"0": [1, 36, 36, 27, 37, 34, 31, 1, 2, 0, 2, 4, 2, 2, 1, 0]}, null, null, 4, false, [], false, 0, [], null, 0, 1744313787.4160354, 0, {}]
[{"0": [3, 2, 2, 1, 7, 3, 1, 2, 3, 2, 2, 1, 2, 3, 2, 1]}, null, null, 5, false, [], false, 0, [], null, 0, 1744313787.6000268, 0, {}]
[{"0": [3, 1, 3, 37, 39, 42, 38, 37, 1, 1, 0, 2, 4, 4, 3, 2]}, null, null, 5, false, [], false, 0, [], null, 0, 1744313787.7984815, 0, {}]
[{"0": [0, 1, 1, 4, 1, 3, 0, 4, 0, 2, 0, 1, 2, 1, 29, 29]}, null, null, 6, false, [], false, 0, [], null, 0, 1744313788.0156324, 0, {}]
[{"0": [4, 2, 3, 0, 3, 3, 3, 6, 29, 37, 29, 35, 39, 31, 34, 33]}, null, null, 7, false, [], false, 0, [], null, 0, 1744313788.204075, 0, {}]
[{"0": [0, 3, 1, 2, 3, 0, 3, 2, 0, 0, 34, 34, 0, 0, 4, 3]}, null, null, 7, false, [], false, 0, [], null, 0, 1744313788.4087436, 0, {}]
[{"0": [1, 32, 32, 33, 30, 41, 33, 39, 33, 40, 1, 4, 3, 1, 0, 0]}, null, null, 8, false, [], false, 0, [], null, 0, 1744313788.6170008, 0, {}]
[{"0": [3, 4, 0, 1, 2, 2, 1, 36, 1, 1, 1, 0, 4, 3, 2, 0]}, null, null, 8, false, [], false, 0, [], null, 0, 1744313788.8138118, 0, {}]
[{"0": [0, 4, 1, 2, 0, 0, 3, 34, 1, 1, 1, 0, 0, 3, 2, 2]}, null, null, 9, false, [], false, 0, [], null, 0, 1744313789.0027852, 0, {}]
[{"0": [0, 1, 32, 30, 32, 36, 43, 2, 1, 3, 4, 1, 2, 3, 1, 3]}, null, null, 10, false, [], false, 0, [], null, 0, 1744313789.2092938, 0, {}]
[{"0": [1, 28, 38, 33, 30, 43, 1, 4, 1, 1, 2, 2, 0, 3, 3, 1]}, null, null, 10, false, [], false, 0, [], null, 0, 1744313789.403722, 0, {}]
[{"0": [28, 31, 51, 28, 17, 33, 44, 40, 28, 1, 6, 3, 1, 1, 2, 0]}, null, null, 11, false, [], false, 0, [], null, 0, 1744313789.6033056, 0, {}]
[{"0": [4, 2, 2, 2, 2, 43, 35, 2, 0, 4, 3, 6, 1, 3, 1, 4]}, null, null, 11, false, [], false, 0, [], null, 0, 1744313789.8071296, 0, {}]
[{"0": [1, 2, 27, 35, 3, 4, 1, 1, 1, 1, 2, 2, 5, 5, 2, 3]}, null, null, 12, false, [], false, 0, [], null, 0, 1744313790.0098414, 0, {}]
[{"0": [33, 27, 25, 29, 27, 32, 38, 26, 31, 41, 44, 34, 3, 2, 2, 3]}, null, null, 13, false, [], false, 0, [], null, 0, 1744313790.2035198, 0, {}]
[{"0": [2, 1, 3, 0, 1, 1, 2, 1, 1, 4, 2, 2, 1, 38, 35, 0]}, null, null, 13, false, [], false, 0, [], null, 0, 1744313790.4099567, 0, {}]
[{"0": [0, 3, 1, 1, 0, 2, 2, 0, 3, 1, 1, 1, 3, 1, 1, 4]}, null, null, 14, false, [], false, 0, [], null, 0, 1744313790.606754, 0, {}]
[{"0": [0, 3, 2, 1, 3, 3, 0, 3, 1, 40, 37, 43, 32, 36, 0, 5]}, null, null, 14, false, [], false, 0, [], null, 0, 1744313790.8136463, 0, {}]
[{"0": [3, 32, 31, 32, 36, 3, 1, 2, 3, 1, 0, 1, 3, 1, 3, 3]}, null, null, 15, false, [], false, 0, [], null, 0, 1744313790.9985144, 0, {}]
[{"0": [0, 1, 2, 4, 34, 34, 3, 0, 1, 0, 2, 2, 3, 0, 3, 0]}, null, null, 16, false, [], false, 0, [], null, 0, 1744313791.1979668, 0, {}]
[{"0": [2, 3, 3, 2, 5, 1, 2, 33, 21, 32, 25, 39, 31, 22, 28, 0]}, null, null, 16, false, [], false, 0, [], null, 0, 1744313791.4069812, 0, {}]
[{"0": [0, 1, 2, 1, 3, 1, 5, 2, 8, 2, 2, 2, 1, 22, 1, 4]}, null, null, 17, false, [], false, 0, [], null, 0, 1744313791.6205094, 0, {}]
[{"0": [3, 0, 2, 3, 2, 2, 2, 1, 2, 3, 0, 5, 1, 4, 1, 41]}, null, null, 17, false, [], false, 0, [], null, 0, 1744313791.804752, 0, {}]
[{"0": [1, 3, 2, 4, 4, 3, 1, 2, 1, 2, 9, 3, 41, 40, 2, 0]}, null, null, 18, false, [], false, 0, [], null, 0, 1744313791.9991055, 0, {}]
[{"0": [3, 36, 27, 4, 1, 3, 1, 2, 4, 3, 1, 2, 3, 0, 1, 1]}, null, null, 19, false, [], false, 0, [], null, 0, 1744313792.206465, 0, {}]
[{"0": [1, 6, 0, 3, 3, 2, 2, 2, 3, 4, 35, 3, 0, 1, 0, 0]}, null, null, 19, false, [], false, 0, [], null, 0, 1744313792.397664, 0, {}]
[{"0": [1, 42, 2, 2, 3, 0, 1, 4, 3, 0, 3, 3, 3, 1, 2, 1]}, null, null, 20, false, [], false, 0, [], null, 0, 1744313792.6083555, 0, {}]
[{"0": [2, 1, 3, 1, 1, 2, 0, 44, 39, 32, 25, 33, 35, 33, 43, 33]}, null, null, 20, false, [], false, 0, [], null, 0, 1744313792.803526, 0, {}]
[{"0": [0, 1, 3, 2, 3, 0, 3, 1, 33, 24, 34, 35, 22, 40, 40, 0]}, null, null, 21, false, [], false, 0, [], null, 0, 1744313792.9989226, 0, {}]
[{"0": [2, 4, 3, 3, 2, 4, 0, 30, 41, 31, 4, 0, 2, 0, 2, 4]}, null, null, 22, false, [], false, 0, [], null, 0, 1744313793.2131057, 0, {}]
[{"0": [2, 0, 0, 3, 1, 3, 0, 27, 3, 32, 36, 32, 7, 3, 2, 2]}, null, null, 22, false, [], false, 0, [], null, 0, 1744313793.4155617, 0, {}]
[{"0": [2, 43, 6, 0, 2, 2, 3, 2, 1, 4, 1, 5, 4, 3, 3, 1]}, null, null, 23, false, [], false, 0, [], null, 0, 1744313793.6044643, 0, {}]
[{"0": [1, 4, 6, 2, 1, 3, 4, 1, 44, 36, 33, 1, 0, 3, 2, 1]}, null, null, 23, false, [], false, 0, [], null, 0, 1744313793.8049774, 0, {}]
[{"0": [0, 2, 2, 0, 2, 0, 1, 2, 28, 38, 42, 28, 1, 1, 0, 0]}, null, null, 24, false, [], false, 0, [], null, 0, 1744313794.0045516, 0, {}]
[{"0": [35, 34, 31, 36, 40, 30, 34, 27, 2, 0, 3, 1, 3, 2, 3, 2]}, null, null, 25, false, [], false, 0, [], null, 0, 1744313794.2033474, 0, {}]
[{"0": [2, 3, 1, 1, 2, 1, 1, 0, 3, 4, 2, 1, 1, 0, 2, 30]}, null, null, 25, false, [], false, 0, [], null, 0, 1744313794.397863, 0, {}]
[{"0": [2, 0, 2, 1, 4, 0, 3, 20, 34, 38, 34, 2, 5, 2, 0, 0]}, null, null, 26, false, [], false, 0, [], null, 0, 1744313794.610904, 0, {}]
[{"0": [2, 34, 26, 31, 32, 37, 1, 2, 3, 0, 2, 0, 1, 1, 6, 3]}, null, null, 27, false, [], false, 0, [], null, 0, 1744313794.8007348, 0, {}]
[{"0": [0, 1, 1, 1, 2, 1, 1, 1, 0, 0, 1, 1, 4, 1, 32, 24]}, null, null, 27, false, [], false, 0, [], null, 0, 1744313794.9952846, 0, {}]
[{"0": [1, 28, 27, 28, 36, 34, 3, 1, 1, 4, 1, 4, 3, 0, 3, 4]}, null, null, 28, false, [], false, 0, [], null, 0, 1744313795.2168245, 0, {}]
[{"0": [3, 3, 0, 2, 0, 0, 2, 39, 1, 2, 3, 2, 2, 3, 3, 1]}, null, null, 28, false, [], false, 0, [], null, 0, 1744313795.3972044, 0, {}]
[{"0": [36, 1, 5, 1, 2, 3, 2, 4, 1, 2, 2, 3, 1, 3, 4, 0]}, null, null, 29, false, [], false, 0, [], null, 0, 1744313795.5949404, 0, {}]
[{"0": [2, 0, 0, 4, 4, 1, 39, 36, 37, 3, 1, 2, 2, 3, 0, 4]}, null, null, 30, false, [], false, 0, [], null, 0, 1744313795.811143, 0, {}]
[{"0": [2, 1, 1, 1, 1, 3, 1, 1, 2, 0, 1, 1, 38, 3, 0, 2]}, null, null, 30, false, [], false, 0, [], null, 0, 1744313795.9988072, 0, {}]
[{"0": [1, 7, 3, 2, 5, 4, 2, 1, 1, 1, 1, 2, 4, 1, 3, 33]}, null, null, 31, false, [], false, 0, [], null, 0, 1744313796.206762, 0, {}]
[{"0": [2, 2, 2, 0, 5, 3, 4, 1, 3, 3, 3, 1, 0, 0, 2, 0]}, null, null, 31, false, [], false, 0, [], null, 0, 1744313796.3963704, 0, {}]
[{"0": [1, 2, 0, 4, 1, 1, 3, 0, 1, 0, 3, 1, 1, 3, 3, 25]}, null, null, 32, false, [], false, 0, [], null, 0, 1744313796.6073494, 0, {}]
[{"0": [0, 2, 2, 2, 2, 1, 2, 3, 1, 1, 1, 2, 35, 29, 40, 28]}, null, null, 33, false, [], false, 0, [], null, 0, 1744313796.7993653, 0, {}]
[{"0": [2, 5, 3, 1, 34, 34, 33, 2, 0, 2, 3, 3, 3, 8, 2, 3]}, null, null, 33, false, [], false, 0, [], null, 0, 1744313797.0161335, 0, {}]
[{"0": [0, 2, 2, 2, 3, 0, 1, 0, 3, 3, 2, 2, 0, 3, 4, 36]}, null, null, 34, false, [], false, 0, [], null, 0, 1744313797.1973488, 0, {}]
[{"0": [1, 3, 3, 3, 4, 2, 5, 0, 40, 38, 27, 1, 4, 0, 1, 3]}, null, null, 34, false, [], false, 0, [], null, 0, 1744313797.4127219, 0, {}]
[{"0": [3, 0, 2, 3, 0, 2, 2, 1, 3, 1, 1, 1, 0, 2, 35, 37]}, null, null, 35, false, [], false, 0, [], null, 0, 1744313797.613798, 0, {}]
[{"0": [4, 2, 1, 2, 2, 3, 2, 0, 3, 4, 32, 34, 34, 27, 32, 39]}, null, null, 36, false, [], false, 0, [], null, 0, 1744313797.8125417, 0, {}]
[{"0": [1, 0, 1, 4, 3, 2, 7, 3, 3, 2, 1, 34, 3, 2, 2, 0]}, null, null, 36, false, [], false, 0, [], null, 0, 1744313798.0125024, 0, {}]
[{"0": [1, 3, 1, 3, 2, 5, 1, 1, 0, 0, 3, 30, 33, 30, 38, 0]}, null, null, 37, false, [], false, 0, [], null, 0, 1744313798.196845, 0, {}]
[{"0": [33, 32, 6, 3, 1, 1, 2, 4, 2, 2, 4, 1, 2, 4, 0, 1]}, null, null, 37, false, [], false, 0, [], null, 0, 1744313798.413116, 0, {}]
[{"0": [38, 45, 34, 29, 2, 2, 1, 1, 2, 0, 2, 2, 1, 0, 2, 2]}, null, null, 38, false, [], false, 0, [], null, 0, 1744313798.5955417, 0, {}]
[{"0": [2, 0, 1, 3, 2, 3, 2, 0, 0, 2, 4, 3, 4, 3, 1, 35]}, null, null, 39, false, [], false, 0, [], null, 0, 1744313798.8116996, 0, {}]
[{"0": [2, 1, 1, 1, 2, 3, 43, 40, 37, 30, 28, 29, 39, 36, 1, 1]}, null, null, 39, false, [], false, 0, [], null, 0, 1744313799.0104637, 0, {}]
[{"0": [2, 8, 0, 1, 3, 2, 1, 1, 1, 2, 1, 2, 1, 3, 33, 35]}, null, null, 40, false, [], false, 0, [], null, 0, 1744313799.2067246, 0, {}]
[{"0": [2, 4, 30, 5, 1, 1, 2, 2, 2, 1, 1, 2, 1, 2, 0, 0]}, null, null, 40, false, [], false, 0, [], null, 0, 1744313799.4038665, 0, {}]
[{"0": [27, 37, 33, 35, 38, 39, 33, 32, 23, 5, 4, 2, 2, 2, 2, 2]}, null, null, 41, false, [], false, 0, [], null, 0, 1744313799.6146958, 0, {}]
[{"0": [0, 30, 2, 2, 3, 3, 2, 2, 3, 1, 2, 4, 1, 0, 3, 5]}, null, null, 42, false, [], false, 0, [], null, 0, 1744313799.8106802, 0, {}]
[{"0": [0, 0, 5, 2, 0, 1, 20, 24, 39, 32, 33, 37, 32, 33, 28, 42]}, null, null, 42, false, [], false, 0, [], null, 0, 1744313800.0146308, 0, {}]
[{"0": [1, 1, 0, 1, 2, 1, 5, 1, 7, 3, 2, 35, 0, 4, 2, 5]}, null, null, 43, false, [], false, 0, [], null, 0, 1744313800.1985612, 0, {}]
[{"0": [2, 3, 5, 3, 3, 2, 5, 2, 1, 2, 1, 3, 0, 4, 3, 34]}, null, null, 43, false, [], false, 0, [], null, 0, 1744313800.411102, 0, {}]
[{"0": [4, 26, 30, 3, 2, 4, 1, 2, 0, 1, 1, 1, 1, 2, 0, 3]}, null, null, 44, false, [], false, 0, [], null, 0, 1744313800.6157615, 0, {}]
[{"0": [3, 3, 0, 3, 1, 3, 1, 0, 2, 0, 2, 5, 3, 4, 2, 2]}, null, null, 45, false, [], false, 0, [], null, 0, 1744313800.801122, 0, {}]
[{"0": [2, 1, 4, 2, 5, 5, 1, 3, 1, 2, 42, 43, 34, 37, 44, 0]}, null, null, 45, false, [], false, 0, [], null, 0, 1744313801.005477, 0, {}]
[{"0": [3, 0, 1, 3, 33, 46, 2, 2, 4, 0, 1, 2, 1, 2, 1, 3]}, null, null, 46, false, [], false, 0, [], null, 0, 1744313801.1975489, 0, {}]
[{"0": [2, 3, 2, 2, 3, 1, 28, 33, 29, 2, 0, 4, 4, 1, 2, 0]}, null, null, 46, false, [], false, 0, [], null, 0, 1744313801.3934546, 0, {}]
[{"0": [2, 1, 2, 2, 0, 0, 5, 3, 2, 35, 1, 2, 3, 7, 3, 4]}, null, null, 47, false, [], false, 0, [], null, 0, 1744313801.6126707, 0, {}]
[{"0": [45, 25, 35, 36, 24, 27, 23, 31, 42, 40, 24, 24, 1, 2, 3, 2]}, null, null, 48, false, [], false, 0, [], null, 0, 1744313801.7979512, 0, {}]
[{"0": [1, 0, 0, 3, 3, 2, 2, 1, 2, 2, 2, 4, 0, 35, 32, 2]}, null, null, 48, false, [], false, 0, [], null, 0, 1744313801.9938853, 0, {}]
[{"0": [2, 25, 0, 1, 1, 1, 4, 1, 2, 0, 0, 3, 2, 1, 0, 2]}, null, null, 49, false, [], false, 0, [], null, 0, 1744313802.1962614, 0, {}]
[{"0": [4, 31, 4, 4, 3, 1, 1, 2, 3, 1, 2, 5, 0, 3, 2, 4]}, null, null, 49, false, [], false, 0, [], null, 0, 1744313802.3947723, 0, {}]
[{"0": [2, 1, 4, 1, 2, 4, 1, 1, 2, 0, 3, 3, 3, 1, 2, 27]}, null, null, 50, false, [], false, 0, [], null, 0, 1744313802.6109505, 0, {}]
[{"0": [3, 0, 2, 46, 38, 36, 37, 4, 1, 5, 4, 2, 2, 3, 0, 1]}, null, null, 51, false, [], false, 0, [], null, 0, 1744313802.7999425, 0, {}]
[{"0": [2, 47, 37, 40, 31, 26, 30, 32, 28, 2, 2, 0, 2, 3, 1, 0]}, null, null, 51, false, [], false, 0, [], null, 0, 1744313803.0192988, 0, {}]
[{"0": [0, 0, 1, 2, 1, 4, 3, 1, 0, 1, 31, 39, 3, 3, 2, 1]}, null, null, 52, false, [], false, 0, [], null, 0, 1744313803.2012393, 0, {}]
[{"0": [2, 1, 1, 3, 1, 2, 1, 7, 48, 23, 36, 46, 3, 2, 5, 1]}, null, null, 52, false, [], false, 0, [], null, 0, 1744313803.407115, 0, {}]
[{"0": [2, 2, 2, 3, 2, 2, 2, 2, 1, 38, 36, 39, 0, 3, 1, 1]}, null, null, 53, false, [], false, 0, [], null, 0, 1744313803.6072032, 0, {}]
[{"0": [3, 0, 38, 27, 33, 34, 30, 35, 37, 29, 33, 29, 32, 41, 27, 38]}, null, null, 54, false, [], false, 0, [], null, 0, 1744313803.8139021, 0, {}]
[{"0": [3, 34, 34, 46, 45, 3, 2, 1, 2, 1, 2, 1, 2, 4, 2, 3]}, null, null, 54, false, [], false, 0, [], null, 0, 1744313803.995706, 0, {}]
[{"0": [1, 0, 1, 1, 0, 3, 4, 2, 1, 2, 3, 3, 0, 1, 2, 6]}, null, null, 55, false, [], false, 0, [], null, 0, 1744313804.2091827, 0, {}]
[{"0": [1, 43, 29, 38, 36, 31, 26, 36, 21, 34, 45, 33, 40, 30, 29, 27]}, null, null, 55, false, [], false, 0, [], null, 0, 1744313804.3983285, 0, {}]
[{"0": [3, 2, 2, 3, 1, 2, 4, 1, 46, 35, 32, 1, 5, 5, 1, 1]}, null, null, 56, false, [], false, 0, [], null, 0, 1744313804.6120784, 0, {}]
[{"0": [33, 3, 0, 1, 6, 1, 2, 0, 3, 4, 2, 0, 2, 0, 2, 3]}, null, null, 57, false, [], false, 0, [], null, 0, 1744313804.7920036, 0, {}]
[{"0": [2, 3, 4, 1, 2, 0, 5, 3, 1, 5, 0, 2, 0, 4, 1, 30]}, null, null, 57, false, [], false, 0, [], null, 0, 1744313805.008718, 0, {}]
[{"0": [2, 2, 7, 3, 0, 34, 32, 25, 22, 36, 35, 2, 4, 2, 0, 1]}, null, null, 58, false, [], false, 0, [], null, 0, 1744313805.2121716, 0, {}]
[{"0": [3, 2, 2, 4, 4, 1, 1, 2, 2, 4, 2, 3, 2, 2, 0, 1]}, null, null, 58, false, [], false, 0, [], null, 0, 1744313805.3966951, 0, {}]
[{"0": [2, 1, 1, 2, 1, 1, 1, 2, 0, 37, 32, 34, 39, 0, 4, 3]}, null, null, 59, false, [], false, 0, [], null, 0, 1744313805.5947766, 0, {}]
[{"0": [2, 3, 2, 3, 0, 1, 2, 0, 2, 1, 1, 2, 33, 37, 47, 30]}, null, null, 60, false, [], false, 0, [], null, 0, 1744313805.8042438, 0, {}]
[{"0": [0, 31, 0, 1, 2, 1, 4, 0, 4, 1, 1, 2, 2, 2, 1, 2]}, null, null, 60, false, [], false, 0, [], null, 0, 1744313806.0022893, 0, {}]
[{"0": [5, 2, 1, 2, 0, 2, 2, 0, 2, 34, 32, 33, 36, 27, 36, 1]}, null, null, 61, false, [], false, 0, [], null, 0, 1744313806.2108133, 0, {}]
[{"0": [0, 1, 4, 1, 0, 35, 30, 39, 28, 28, 37, 27, 27, 41, 33, 3]}, null, null, 61, false, [], false, 0, [], null, 0, 1744313806.3964305, 0, {}]
[{"0": [1, 1, 3, 2, 2, 2, 1, 4, 3, 2, 34, 27, 32, 37, 35, 3]}, null, null, 62, false, [], false, 0, [], null, 0, 1744313806.6112077, 0, {}]
[{"0": [3, 0, 4, 2, 1, 6, 3, 0, 1, 0, 30, 34, 36, 37, 2, 2]}, null, null, 63, false, [], false, 0, [], null, 0, 1744313806.822313, 0, {}]
[{"0": [0, 0, 0, 0, 3, 0, 3, 0, 40, 1, 1, 3, 0, 1, 4, 3]}, null, null, 63, false, [], false, 0, [], null, 0, 1744313807.0063398, 0, {}]
[{"0": [2, 2, 1, 2, 0, 2, 2, 4, 0, 0, 2, 0, 3, 2, 0, 24]}, null, null, 64, false, [], false, 0, [], null, 0, 1744313807.197067, 0, {}]
[{"0": [3, 2, 2, 43, 37, 42, 32, 26, 29, 45, 49, 36, 30, 35, 30, 33]}, null, null, 64, false, [], false, 0, [], null, 0, 1744313807.4055707, 0, {}]
[{"0": [1, 38, 41, 40, 1, 3, 2, 1, 1, 3, 4, 1, 1, 1, 2, 1]}, null, null, 65, false, [], false, 0, [], null, 0, 1744313807.6125717, 0, {}]
[{"0": [2, 3, 4, 2, 2, 1, 3, 0, 1, 1, 0, 4, 1, 1, 38, 33]}, null, null, 66, false, [], false, 0, [], null, 0, 1744313807.8033905, 0, {}]
[{"0": [2, 21, 30, 29, 40, 39, 30, 37, 2, 5, 2, 2, 1, 4, 1, 2]}, null, null, 66, false, [], false, 0, [], null, 0, 1744313807.999866, 0, {}]
[{"0": [3, 0, 0, 2, 1, 4, 4, 26, 34, 29, 32, 35, 36, 41, 2, 0]}, null, null, 67, false, [], false, 0, [], null, 0, 1744313808.2045765, 0, {}]
[{"0": [3, 2, 3, 1, 4, 4, 39, 0, 1, 2, 3, 3, 2, 1, 1, 2]}, null, null, 67, false, [], false, 0, [], null, 0, 1744313808.4052925, 0, {}]
[{"0": [4, 0, 2, 2, 1, 3, 2, 32, 37, 29, 35, 36, 35, 2, 0, 2]}, null, null, 68, false, [], false, 0, [], null, 0, 1744313808.5961132, 0, {}]
[{"0": [3, 46, 27, 33, 2, 3, 0, 3, 1, 7, 3, 2, 3, 2, 2, 2]}, null, null, 69, false, [], false, 0, [], null, 0, 1744313808.8073578, 0, {}]
[{"0": [4, 1, 1, 1, 2, 2, 3, 2, 20, 41, 28, 1, 1, 2, 3, 2]}, null, null, 69, false, [], false, 0, [], null, 0, 1744313809.0100703, 0, {}]
[{"0": [1, 36, 41, 34, 30, 25, 28, 39, 40, 35, 37, 32, 39, 32, 29, 39]}, null, null, 70, false, [], false, 0, [], null, 0, 1744313809.2106466, 0, {}]
[{"0": [31, 39, 32, 34, 36, 28, 38, 27, 4, 0, 1, 1, 5, 2, 2, 5]}, null, null, 70, false, [], false, 0, [], null, 0, 1744313809.3919704, 0, {}]
[{"0": [1, 0, 0, 3, 4, 3, 1, 1, 1, 0, 43, 35, 40, 28, 38, 1]}, null, null, 71, false, [], false, 0, [], null, 0, 1744313809.595344, 0, {}]
[{"0": [0, 32, 30, 31, 35, 40, 2, 2, 1, 1, 1, 3, 2, 3, 0, 4]}, null, null, 72, false, [], false, 0, [], null, 0, 1744313809.8092859, 0, {}]
[{"0": [2, 3, 2, 0, 1, 1, 0, 0, 2, 3, 2, 2, 1, 5, 38, 1]}, null, null, 72, false, [], false, 0, [], null, 0, 1744313810.0089822, 0, {}]
[{"0": [3, 3, 3, 2, 1, 2, 1, 2, 31, 36, 38, 3, 0, 4, 0, 0]}, null, null, 73, false, [], false, 0, [], null, 0, 1744313810.2069967, 0, {}]
[{"0": [2, 32, 26, 46, 3, 1, 0, 1, 0, 3, 1, 1, 4, 1, 4, 2]}, null, null, 73, false, [], false, 0, [], null, 0, 1744313810.407905, 0, {}]
[{"0": [3, 0, 23, 38, 28, 27, 35, 2, 3, 1, 1, 4, 0, 1, 2, 1]}, null, null, 74, false, [], false, 0, [], null, 0, 1744313810.5953314, 0, {}]
[{"0": [4, 0, 2, 2, 1, 5, 2, 38, 34, 37, 29, 30, 29, 32, 40, 32]}, null, null, 75, false, [], false, 0, [], null, 0, 1744313810.798622, 0, {}]
[{"0": [1, 2, 2, 2, 2, 1, 1, 30, 1, 0, 0, 1, 2, 3, 3, 2]}, null, null, 75, false, [], false, 0, [], null, 0, 1744313810.997497, 0, {}]
[{"0": [3, 0, 4, 1, 3, 1, 3, 1, 1, 0, 0, 29, 3, 3, 2, 3]}, null, null, 76, false, [], false, 0, [], null, 0, 1744313811.2015862, 0, {}]
[{"0": [3, 1, 0, 26, 27, 31, 41, 32, 30, 38, 28, 31, 32, 37, 28, 30]}, null, null, 77, false, [], false, 0, [], null, 0, 1744313811.398278, 0, {}]
[{"0": [35, 25, 2, 2, 0, 1, 1, 5, 3, 4, 3, 2, 2, 1, 2, 1]}, null, null, 77, false, [], false, 0, [], null, 0, 1744313811.5905292, 0, {}]
[{"0": [1, 1, 0, 0, 0, 2, 1, 3, 1, 1, 2, 41, 30, 26, 40, 4]}, null, null, 78, false, [], false, 0, [], null, 0, 1744313811.7948294, 0, {}]
[{"0": [0, 1, 23, 22, 41, 3, 3, 1, 3, 2, 3, 4, 1, 3, 2, 3]}, null, null, 78, false, [], false, 0, [], null, 0, 1744313811.9919, 0, {}]
[{"0": [1, 3, 4, 30, 42, 1, 4, 0, 3, 2, 1, 0, 4, 2, 1, 4]}, null, null, 79, false, [], false, 0, [], null, 0, 1744313812.210817, 0, {}]
[{"0": [3, 28, 30, 44, 36, 40, 45, 2, 3, 0, 3, 5, 2, 2, 0, 2]}, null, null, 80, false, [], false, 0, [], null, 0, 1744313812.38846, 0, {}]
[{"0": [2, 2, 40, 32, 43, 1, 2, 2, 3, 0, 2, 4, 3, 0, 1, 4]}, null, null, 80, false, [], false, 0, [], null, 0, 1744313812.6076107, 0, {}]
[{"0": [2, 1, 0, 0, 2, 23, 38, 2, 0, 2, 2, 2, 7, 0, 2, 4]}, null, null, 81, false, [], false, 0, [], null, 0, 1744313812.8113081, 0, {}]
[{"0": [42, 37, 29, 45, 31, 41, 1, 0, 2, 0, 2, 2, 1, 2, 1, 3]}, null, null, 81, false, [], false, 0, [], null, 0, 1744313812.9895885, 0, {}]
[{"0": [34, 34, 44, 2, 1, 3, 2, 3, 1, 2, 3, 1, 2, 3, 4, 1]}, null, null, 82, false, [], false, 0, [], null, 0, 1744313813.1946821, 0, {}]
[{"0": [1, 29, 33, 29, 37, 27, 36, 1, 1, 3, 1, 4, 1, 4, 1, 2]}, null, null, 83, false, [], false, 0, [], null, 0, 1744313813.4020464, 0, {}]
[{"0": [1, 1, 33, 34, 28, 38, 27, 2, 0, 2, 1, 1, 0, 1, 2, 2]}, null, null, 83, false, [], false, 0, [], null, 0, 1744313813.591111, 0, {}]
[{"0": [1, 1, 0, 1, 1, 2, 1, 0, 1, 0, 2, 1, 2, 2, 1, 29]}, null, null, 84, false, [], false, 0, [], null, 0, 1744313813.798531, 0, {}]
[{"0": [2, 43, 33, 35, 28, 31, 29, 1, 3, 2, 2, 3, 1, 2, 2, 0]}, null, null, 84, false, [], false, 0, [], null, 0, 1744313813.9880192, 0, {}]
[{"0": [4, 2, 3, 4, 2, 0, 3, 1, 2, 2, 34, 31, 1, 1, 1, 1]}, null, null, 85, false, [], false, 0, [], null, 0, 1744313814.2072587, 0, {}]
[{"0": [3, 1, 1, 1, 2, 1, 39, 32, 36, 36, 34, 27, 41, 40, 26, 32]}, null, null, 86, false, [], false, 0, [], null, 0, 1744313814.4085093, 0, {}]
[{"0": [1, 1, 3, 1, 2, 0, 4, 1, 36, 5, 0, 1, 3, 1, 1, 3]}, null, null, 86, false, [], false, 0, [], null, 0, 1744313814.6078033, 0, {}]
[{"0": [1, 1, 1, 1, 1, 1, 1, 2, 7, 1, 3, 2, 3, 3, 0, 3]}, null, null, 87, false, [], false, 0, [], null, 0, 1744313814.8109322, 0, {}]
[{"0": [4, 1, 4, 1, 2, 2, 1, 2, 2, 2, 0, 2, 5, 42, 4, 2]}, null, null, 87, false, [], false, 0, [], null, 0, 1744313814.9919865, 0, {}]
[{"0": [1, 3, 4, 0, 0, 39, 35, 36, 43, 26, 29, 2, 2, 3, 1, 4]}, null, null, 88, false, [], false, 0, [], null, 0, 1744313815.2084742, 0, {}]
[{"0": [0, 3, 3, 1, 4, 1, 2, 25, 35, 3, 2, 0, 0, 1, 1, 3]}, null, null, 89, false, [], false, 0, [], null, 0, 1744313815.4059236, 0, {}]
[{"0": [1, 0, 2, 2, 2, 1, 4, 3, 2, 30, 3, 1, 3, 2, 1, 3]}, null, null, 89, false, [], false, 0, [], null, 0, 1744313815.5971997, 0, {}]
[{"0": [3, 3, 2, 2, 2, 2, 1, 1, 1, 3, 2, 41, 0, 3, 3, 2]}, null, null, 90, false, [], false, 0, [], null, 0, 1744313815.7906933, 0, {}]
[{"0": [0, 5, 4, 2, 1, 0, 3, 4, 6, 1, 5, 0, 0, 1, 2, 24]}, null, null, 90, false, [], false, 0, [], null, 0, 1744313815.997238, 0, {}]
[{"0": [2, 2, 3, 1, 1, 1, 1, 1, 2, 1, 1, 35, 2, 5, 3, 1]}, null, null, 91, false, [], false, 0, [], null, 0, 1744313816.1943555, 0, {}]
[{"0": [2, 2, 3, 6, 2, 1, 3, 31, 1, 5, 2, 2, 4, 1, 1, 3]}, null, null, 92, false, [], false, 0, [], null, 0, 1744313816.3881283, 0, {}]
[{"0": [2, 26, 34, 37, 33, 31, 1, 1, 2, 2, 1, 0, 0, 4, 1, 1]}, null, null, 92, false, [], false, 0, [], null, 0, 1744313816.6031978, 0, {}]
[{"0": [0, 31, 36, 39, 2, 1, 2, 1, 1, 5, 0, 2, 0, 4, 3, 1]}, null, null, 93, false, [], false, 0, [], null, 0, 1744313816.7931137, 0, {}]
[{"0": [4, 1, 7, 1, 3, 1, 4, 2, 3, 47, 22, 40, 32, 41, 38, 0]}, null, null, 93, false, [], false, 0, [], null, 0, 1744313816.9944274, 0, {}]
[{"0": [2, 4, 0, 39, 31, 31, 1, 2, 5, 3, 3, 1, 7, 0, 1, 1]}, null, null, 94, false, [], false, 0, [], null, 0, 1744313817.1887455, 0, {}]
[{"0": [2, 5, 0, 5, 1, 2, 3, 1, 2, 1, 0, 5, 2, 1, 0, 35]}, null, null, 95, false, [], false, 0, [], null, 0, 1744313817.4035404, 0, {}]
[{"0": [4, 33, 29, 41, 4, 1, 1, 3, 1, 1, 2, 3, 2, 1, 2, 2]}, null, null, 95, false, [], false, 0, [], null, 0, 1744313817.5998127, 0, {}]
[{"0": [5, 1, 1, 0, 1, 32, 36, 27, 33, 44, 31, 25, 28, 30, 25, 3]}, null, null, 96, false, [], false, 0, [], null, 0, 1744313817.7874465, 0, {}]
[{"0": [0, 1, 0, 2, 0, 4, 1, 1, 0, 0, 0, 1, 42, 41, 33, 35]}, null, null, 96, false, [], false, 0, [], null, 0, 1744313818.0073924, 0, {}]
[{"0": [1, 1, 1, 3, 2, 2, 31, 26, 42, 37, 37, 37, 48, 32, 33, 29]}, null, null, 97, false, [], false, 0, [], null, 0, 1744313818.1903162, 0, {}]
[{"0": [2, 3, 5, 1, 2, 2, 0, 2, 2, 2, 0, 32, 35, 27, 39, 34]}, null, null, 98, false, [], false, 0, [], null, 0, 1744313818.4050043, 0, {}]
[{"0": [1, 3, 2, 1, 2, 1, 2, 42, 1, 1, 4, 3, 2, 4, 2, 3]}, null, null, 98, false, [], false, 0, [], null, 0, 1744313818.591359, 0, {}]
[{"0": [3, 1, 0, 0, 0, 2, 6, 0, 2, 0, 1, 5, 1, 1, 35, 28]}, null, null, 99, false, [], false, 0, [], null, 0, 1744313818.7887506, 0, {}]
[{"0": [1, 2, 2, 5, 29, 25, 25, 31, 41, 0, 2, 4, 1, 3, 2, 1]}, null, null, 99, false, [], false, 0, [], null, 0, 1744313819.007424, 0, {}]
[{"0": [3, 0, 1, 1, 0, 0, 45, 35, 36, 43, 28, 0, 3, 3, 2, 0]}, null, null, 100, false, [], false, 0, [], null, 0, 1744313819.2067585, 0, {}]
[{"0": [2, 4, 4, 3, 2, 3, 1, 3, 1, 3, 3, 4, 26, 1, 1, 1]}, null, null, 101, false, [], false, 0, [], null, 0, 1744313819.3862042, 0, {}]
[{"0": [2, 1, 3, 3, 2, 2, 1, 35, 33, 30, 46, 30, 29, 34, 34, 35]}, null, null, 101, false, [], false, 0, [], null, 0, 1744313819.5924208, 0, {}]
[{"0": [1, 4, 1, 2, 0, 3, 0, 3, 6, 1, 4, 4, 4, 1, 39, 6]}, null, null, 102, false, [], false, 0, [], null, 0, 1744313819.807579, 0, {}]
[{"0": [0, 1, 1, 3, 1, 1, 2, 0, 0, 1, 27, 48, 42, 36, 36, 36]}, null, null, 102, false, [], false, 0, [], null, 0, 1744313820.00801, 0, {}]
[{"0": [2, 37, 36, 33, 33, 3, 1, 2, 0, 1, 1, 2, 0, 1, 2, 2]}, null, null, 103, false, [], false, 0, [], null, 0, 1744313820.18958, 0, {}]
[{"0": [3, 1, 1, 2, 1, 2, 0, 1, 25, 34, 0, 2, 0, 2, 3, 4]}, null, null, 104, false, [], false, 0, [], null, 0, 1744313820.3924341, 0, {}]
[{"0": [2, 3, 3, 0, 3, 1, 2, 3, 3, 7, 2, 2, 4, 4, 2, 2]}, null, null, 104, false, [], false, 0, [], null, 0, 1744313820.5882654, 0, {}]
[{"0": [3, 2, 1, 0, 2, 2, 2, 32, 0, 3, 2, 2, 3, 2, 2, 6]}, null, null, 105, false, [], false, 0, [], null, 0, 1744313820.7984362, 0, {}]
[{"0": [2, 1, 2, 2, 1, 3, 40, 41, 35, 35, 35, 40, 22, 28, 33, 35]}, null, null, 105, false, [], false, 0, [], null, 0, 1744313820.992352, 0, {}]
[{"0": [6, 1, 4, 0, 0, 4, 2, 0, 1, 30, 32, 38, 1, 1, 6, 2]}, null, null, 106, false, [], false, 0, [], null, 0, 1744313821.2058342, 0, {}]
[{"0": [5, 1, 33, 29, 23, 35, 42, 41, 43, 28, 6, 2, 4, 3, 5, 2]}, null, null, 107, false, [], false, 0, [], null, 0, 1744313821.4081297, 0, {}]
[{"0": [2, 2, 41, 32, 4, 6, 1, 3, 3, 1, 5, 3, 2, 3, 2, 1]}, null, null, 107, false, [], false, 0, [], null, 0, 1744313821.5863755, 0, {}]
[{"0": [3, 6, 0, 2, 2, 4, 3, 2, 41, 2, 2, 2, 2, 1, 3, 5]}, null, null, 108, false, [], false, 0, [], null, 0, 1744313821.8091414, 0, {}]
[{"0": [3, 2, 2, 3, 2, 4, 9, 3, 3, 1, 4, 2, 51, 34, 2, 1]}, null, null, 108, false, [], false, 0, [], null, 0, 1744313821.9866798, 0, {}]
[{"0": [1, 1, 2, 3, 5, 1, 3, 3, 2, 1, 0, 2, 2, 0, 0, 37]}, null, null, 109, false, [], false, 0, [], null, 0, 1744313822.20513, 0, {}]
[{"0": [34, 39, 28, 33, 2, 2, 4, 1, 2, 0, 0, 4, 2, 0, 3, 2]}, null, null, 110, false, [], false, 0, [], null, 0, 1744313822.4010289, 0, {}]
[{"0": [0, 3, 1, 4, 3, 1, 0, 2, 1, 3, 3, 3, 4, 0, 0, 3]}, null, null, 110, false, [], false, 0, [], null, 0, 1744313822.5914016, 0, {}]
[{"0": [0, 4, 1, 5, 2, 1, 1, 2, 5, 0, 1, 1, 36, 43, 2, 3]}, null, null, 111, false, [], false, 0, [], null, 0, 1744313822.8046284, 0, {}]
[{"0": [46, 1, 3, 2, 1, 2, 2, 1, 2, 0, 5, 3, 0, 1, 1, 3]}, null, null, 111, false, [], false, 0, [], null, 0, 1744313823.004956, 0, {}]
[{"0": [3, 3, 4, 0, 2, 0, 1, 2, 1, 1, 33, 1, 0, 1, 3, 1]}, null, null, 112, false, [], false, 0, [], null, 0, 1744313823.2044184, 0, {}]
[{"0": [2, 1, 1, 1, 2, 2, 0, 3, 1, 1, 36, 35, 33, 29, 29, 1]}, null, null, 113, false, [], false, 0, [], null, 0, 1744313823.404514, 0, {}]
[{"0": [1, 2, 37, 33, 27, 2, 1, 3, 2, 2, 3, 1, 2, 0, 0, 6]}, null, null, 113, false, [], false, 0, [], null, 0, 1744313823.6048803, 0, {}]
[{"0": [2, 44, 32, 29, 2, 0, 1, 1, 1, 3, 2, 4, 3, 5, 0, 4]}, null, null, 114, false, [], false, 0, [], null, 0, 1744313823.7885919, 0, {}]
[{"0": [1, 1, 2, 1, 2, 1, 4, 1, 3, 0, 4, 2, 2, 2, 0, 31]}, null, null, 114, false, [], false, 0, [], null, 0, 1744313824.0023532, 0, {}]
[{"0": [2, 3, 2, 1, 2, 3, 1, 3, 37, 37, 33, 35, 43, 27, 36, 39]}, null, null, 115, false, [], false, 0, [], null, 0, 1744313824.2014542, 0, {}]
[{"0": [4, 1, 2, 2, 0, 2, 0, 6, 2, 1, 4, 41, 29, 29, 28, 35]}, null, null, 116, false, [], false, 0, [], null, 0, 1744313824.4006968, 0, {}]
[{"0": [1, 2, 1, 3, 0, 4, 1, 2, 0, 1, 2, 1, 2, 0, 1, 2]}, null, null, 116, false, [], false, 0, [], null, 0, 1744313824.5973663, 0, {}]
[{"0": [2, 3, 4, 3, 4, 2, 2, 3, 1, 0, 2, 0, 1, 4, 2, 0]}, null, null, 117, false, [], false, 0, [], null, 0, 1744313824.7907052, 0, {}]
[{"0": [1, 3, 27, 4, 2, 1, 3, 1, 3, 1, 2, 1, 2, 1, 2, 2]}, null, null, 117, false, [], false, 0, [], null, 0, 1744313824.987437, 0, {}]
[{"0": [37, 35, 31, 30, 37, 40, 2, 1, 0, 4, 1, 2, 1, 2, 2, 1]}, null, null, 118, false, [], false, 0, [], null, 0, 1744313825.1861198, 0, {}]
[{"0": [1, 0, 2, 3, 4, 1, 1, 35, 41, 0, 3, 3, 1, 0, 2, 2]}, null, null, 119, false, [], false, 0, [], null, 0, 1744313825.401932, 0, {}]
[{"0": [0, 2, 31, 27, 34, 27, 46, 22, 42, 1, 0, 3, 1, 3, 2, 6]}, null, null, 119, false, [], false, 0, [], null, 0, 1744313825.608999, 0, {}]
[{"0": [3, 2, 1, 0, 2, 1, 0, 2, 26, 34, 30, 43, 45, 36, 38, 4]}, null, null, 120, false, [], false, 0, [], null, 0, 1744313825.7929401, 0, {}]
[{"0": [4, 4, 1, 2, 2, 1, 3, 0, 4, 2, 2, 2, 1, 1, 39, 34]}, null, null, 120, false, [], false, 0, [], null, 0, 1744313825.9985318, 0, {}]
[{"0": [2, 1, 0, 1, 5, 1, 46, 29, 50, 35, 30, 31, 46, 28, 38, 34]}, null, null, 121, false, [], false, 0, [], null, 0, 1744313826.1888793, 0, {}]
[{"0": [1, 28, 28, 32, 42, 25, 41, 38, 36, 49, 3, 2, 0, 4, 1, 3]}, null, null, 122, false, [], false, 0, [], null, 0, 1744313826.4065166, 0, {}]
[{"0": [1, 4, 1, 0, 3, 2, 2, 1, 1, 3, 2, 0, 4, 2, 2, 1]}, null, null, 122, false, [], false, 0, [], null, 0, 1744313826.5938315, 0, {}]
[{"0": [1, 3, 38, 21, 29, 31, 34, 29, 32, 33, 37, 37, 36, 23, 31, 34]}, null, null, 123, false, [], false, 0, [], null, 0, 1744313826.7890549, 0, {}]
[{"0": [0, 33, 34, 32, 32, 34, 25, 8, 2, 1, 4, 3, 3, 2, 1, 1]}, null, null, 123, false, [], false, 0, [], null, 0, 1744313827.0033092, 0, {}]
[{"0": [1, 2, 3, 3, 3, 0, 2, 33, 41, 42, 37, 32, 34, 29, 4, 3]}, null, null, 124, false, [], false, 0, [], null, 0, 1744313827.18679, 0, {}]
[{"0": [2, 0, 3, 2, 0, 3, 2, 2, 33, 6, 0, 3, 0, 0, 1, 5]}, null, null, 125, false, [], false, 0, [], null, 0, 1744313827.4016168, 0, {}]
[{"0": [5, 0, 2, 6, 3, 0, 1, 1, 2, 3, 3, 1, 2, 2, 1, 42]}, null, null, 125, false, [], false, 0, [], null, 0, 1744313827.6033945, 0, {}]
[{"0": [38, 37, 37, 1, 1, 4, 6, 4, 6, 3, 3, 3, 0, 2, 3, 3]}, null, null, 126, false, [], false, 0, [], null, 0, 1744313827.7980769, 0, {}]
[{"0": [2, 2, 1, 0, 40, 31, 2, 3, 2, 1, 2, 1, 3, 2, 2, 3]}, null, null, 127, false, [], false, 0, [], null, 0, 1744313828.0007617, 0, {}]
[{"0": [2, 2, 2, 2, 2, 1, 0, 1, 3, 0, 0, 1, 0, 4, 1, 32]}, null, null, 127, false, [], false, 0, [], null, 0, 1744313828.2021546, 0, {}]
[{"0": [1, 2, 3, 3, 2, 3, 5, 2, 0, 3, 4, 0, 3, 27, 36, 35]}, null, null, 128, false, [], false, 0, [], null, 0, 1744313828.402774, 0, {}]
[{"0": [0, 1, 3, 4, 2, 22, 34, 37, 41, 48, 32, 47, 33, 33, 1, 2]}, null, null, 128, false, [], false, 0, [], null, 0, 1744313828.5921047, 0, {}]
[{"0": [1, 33, 42, 26, 2, 1, 2, 2, 2, 0, 2, 5, 1, 1, 5, 2]}, null, null, 129, false, [], false, 0, [], null, 0, 1744313828.79864, 0, {}]
[{"0": [2, 5, 0, 1, 2, 1, 1, 0, 2, 3, 3, 5, 0, 4, 4, 3]}, null, null, 130, false, [], false, 0, [], null, 0, 1744313828.9867904, 0, {}]
[{"0": [1, 1, 2, 1, 0, 4, 0, 1, 1, 1, 0, 38, 31, 34, 34, 35]}, null, null, 130, false, [], false, 0, [], null, 0, 1744313829.1904464, 0, {}]
[{"0": [1, 2, 4, 3, 1, 34, 33, 44, 28, 31, 36, 32, 45, 40, 34, 45]}, null, null, 131, false, [], false, 0, [], null, 0, 1744313829.4111407, 0, {}]
[{"0": [3, 3, 2, 2, 2, 0, 3, 2, 2, 9, 1, 5, 37, 26, 1, 2]}, null, null, 131, false, [], false, 0, [], null, 0, 1744313829.5849552, 0, {}]
[{"0": [1, 3, 4, 3, 3, 3, 1, 0, 4, 1, 3, 0, 28, 36, 34, 1]}, null, null, 132, false, [], false, 0, [], null, 0, 1744313829.7896624, 0, {}]
[{"0": [0, 1, 3, 2, 2, 2, 2, 0, 3, 36, 46, 33, 40, 1, 1, 2]}, null, null, 133, false, [], false, 0, [], null, 0, 1744313829.9849105, 0, {}]
[{"0": [3, 1, 4, 2, 4, 2, 5, 3, 1, 2, 0, 3, 1, 3, 3, 33]}, null, null, 133, false, [], false, 0, [], null, 0, 1744313830.183735, 0, {}]
[{"0": [2, 0, 1, 1, 1, 3, 2, 34, 42, 25, 31, 41, 35, 1, 1, 2]}, null, null, 134, false, [], false, 0, [], null, 0, 1744313830.4050338, 0, {}]
[{"0": [3, 1, 1, 0, 2, 1, 2, 1, 6, 2, 35, 31, 34, 2, 1, 4]}, null, null, 134, false, [], false, 0, [], null, 0, 1744313830.593147, 0, {}]
[{"0": [36, 40, 30, 45, 33, 32, 36, 38, 43, 27, 33, 51, 50, 34, 1, 3]}, null, null, 135, false, [], false, 0, [], null, 0, 1744313830.7962646, 0, {}]
[{"0": [2, 1, 1, 3, 2, 0, 1, 2, 2, 1, 4, 2, 3, 5, 3, 6]}, null, null, 136, false, [], false, 0, [], null, 0, 1744313830.986705, 0, {}]
[{"0": [2, 2, 2, 3, 0, 0, 4, 28, 1, 4, 3, 2, 3, 1, 4, 1]}, null, null, 136, false, [], false, 0, [], null, 0, 1744313831.2054152, 0, {}]
[{"0": [2, 2, 41, 31, 33, 35, 41, 49, 33, 31, 30, 32, 35, 43, 30, 36]}, null, null, 137, false, [], false, 0, [], null, 0, 1744313831.391672, 0, {}]
[{"0": [4, 2, 3, 2, 61, 3, 0, 4, 0, 1, 3, 1, 1, 1, 1, 5]}, null, null, 137, false, [], false, 0, [], null, 0, 1744313831.6052108, 0, {}]
[{"0": [1, 1, 4, 2, 29, 1, 0, 2, 1, 1, 2, 1, 2, 2, 3, 2]}, null, null, 138, false, [], false, 0, [], null, 0, 1744313831.7978776, 0, {}]
[{"0": [1, 0, 5, 2, 0, 2, 3, 2, 5, 3, 2, 1, 3, 0, 2, 2]}, null, null, 139, false, [], false, 0, [], null, 0, 1744313831.9847965, 0, {}]
[{"0": [2, 4, 1, 1, 2, 2, 5, 3, 2, 1, 1, 0, 3, 2, 2, 0]}, null, null, 139, false, [], false, 0, [], null, 0, 1744313832.1882207, 0, {}]
[{"0": [4, 5, 30, 38, 29, 35, 42, 0, 0, 4, 2, 4, 3, 0, 1, 0]}, null, null, 140, false, [], false, 0, [], null, 0, 1744313832.38838, 0, {}]
[{"0": [31, 32, 38, 35, 46, 42, 29, 28, 32, 3, 0, 0, 0, 2, 2, 8]}, null, null, 140, false, [], false, 0, [], null, 0, 1744313832.5913627, 0, {}]
[{"0": [26, 50, 38, 2, 0, 1, 3, 1, 1, 0, 2, 2, 1, 2, 0, 1]}, null, null, 141, false, [], false, 0, [], null, 0, 1744313832.7920184, 0, {}]
[{"0": [2, 2, 2, 1, 6, 1, 35, 39, 36, 40, 37, 1, 2, 2, 0, 1]}, null, null, 142, false, [], false, 0, [], null, 0, 1744313832.9897647, 0, {}]
[{"0": [4, 1, 0, 1, 2, 41, 25, 21, 40, 32, 38, 31, 29, 37, 41, 40]}, null, null, 142, false, [], false, 0, [], null, 0, 1744313833.2023907, 0, {}]
[{"0": [2, 4, 1, 2, 0, 2, 1, 2, 2, 2, 1, 2, 3, 2, 3, 25]}, null, null, 143, false, [], false, 0, [], null, 0, 1744313833.3889234, 0, {}]
[{"0": [1, 3, 1, 0, 0, 0, 4, 1, 1, 2, 44, 3, 3, 2, 4, 1]}, null, null, 143, false, [], false, 0, [], null, 0, 1744313833.5853982, 0, {}]
[{"0": [4, 2, 1, 0, 28, 33, 40, 41, 28, 41, 36, 50, 28, 42, 27, 29]}, null, null, 144, false, [], false, 0, [], null, 0, 1744313833.803308, 0, {}]
[{"0": [4, 2, 5, 7, 2, 2, 0, 4, 3, 2, 4, 1, 1, 3, 5, 38]}, null, null, 145, false, [], false, 0, [], null, 0, 1744313834.000808, 0, {}]
[{"0": [6, 3, 3, 2, 5, 3, 4, 0, 2, 0, 2, 1, 5, 2, 1, 33]}, null, null, 145, false, [], false, 0, [], null, 0, 1744313834.186198, 0, {}]
[{"0": [4, 1, 3, 2, 0, 3, 3, 5, 2, 1, 39, 34, 40, 26, 1, 3]}, null, null, 146, false, [], false, 0, [], null, 0, 1744313834.3848262, 0, {}]
[{"0": [47, 31, 0, 1, 1, 3, 1, 2, 1, 4, 3, 5, 2, 1, 3, 0]}, null, null, 146, false, [], false, 0, [], null, 0, 1744313834.5908244, 0, {}]
[{"0": [2, 28, 28, 28, 38, 25, 1, 4, 2, 1, 1, 2, 7, 1, 0, 2]}, null, null, 147, false, [], false, 0, [], null, 0, 1744313834.7846117, 0, {}]
[{"0": [2, 1, 5, 3, 4, 1, 1, 2, 0, 4, 1, 2, 37, 32, 35, 32]}, null, null, 148, false, [], false, 0, [], null, 0, 1744313834.984889, 0, {}]
[{"0": [1, 34, 25, 33, 25, 1, 1, 2, 2, 1, 3, 4, 2, 2, 2, 4]}, null, null, 148, false, [], false, 0, [], null, 0, 1744313835.187068, 0, {}]
[{"0": [1, 0, 0, 3, 3, 2, 2, 1, 7, 3, 2, 5, 0, 4, 41, 41]}, null, null, 149, false, [], false, 0, [], null, 0, 1744313835.3832061, 0, {}]
[{"0": [1, 2, 4, 2, 4, 3, 1, 4, 3, 3, 1, 1, 4, 37, 4, 1]}, null, null, 149, false, [], false, 0, [], null, 0, 1744313835.587896, 0, {}]
[{"0": [2, 3, 3, 4, 3, 0, 38, 35, 38, 4, 1, 4, 2, 1, 4, 2]}, null, null, 150, true, [], false, 0, [], null, 0, 1744313835.7922707, 0, {}]
