Initial State Final State                                Path  Effective Pi-Time
       [1, 1]      [4, 2]                 [[1, 1], 1, [4, 2]]         263.977926
      [4, -2]          -2          [[4, -2], -1, [3, -2], -2]         186.698870
       [2, 1]     [3, -3]               [[2, 1], -1, [3, -3]]         224.533187
      [2, -2]      [4, 4]     [[2, -2], 0, [2, 0], 2, [4, 4]]         325.124768
       [1, 1]     [4, -2]                [[1, 1], 0, [4, -2]]         203.364287
      [4, -2]          -1                       [[4, -2], -1]          76.469458
       [1, 1]     [4, -1]                [[1, 1], 0, [4, -1]]         226.849227
       [2, 1]     [3, -2]               [[2, 1], -1, [3, -2]]         173.690805
      [2, -2]     [3, -3]              [[2, -2], -2, [3, -3]]         138.087000
       [1, 1]     [3, -1]               [[1, 1], -1, [3, -1]]         297.319050
      [4, -2]           0                        [[4, -2], 0]          29.895196
       [2, 1]     [3, -1]               [[2, 1], -1, [3, -1]]         156.935657
      [2, -2]     [3, -2]              [[2, -2], -2, [3, -2]]         144.912707
      [4, -2]           1           [[4, -2], -1, [4, -1], 1]         299.696347
       [1, 1]     [1, -1]                [[1, 1], 0, [1, -1]]         407.433091
       [2, 1]      [3, 0]                [[2, 1], -1, [3, 0]]         158.832043
       [1, 1]      [4, 0]                 [[1, 1], 0, [4, 0]]         242.217091
      [2, -2]     [3, -1]              [[2, -2], -1, [3, -1]]         149.749263
      [4, -2]           2             [[4, -2], 0, [2, 0], 2]         223.610153
       [2, 1]      [3, 1]                [[2, 1], -1, [3, 1]]         204.731375
      [2, -2]      [3, 0]                [[2, -2], 0, [3, 0]]         149.780546
       [1, 1]      [3, 1]                 [[1, 1], 0, [3, 1]]         218.156679
      [4, -2]     [4, -4] [[4, -2], -1, [3, -2], -2, [4, -4]]         208.595870
       [2, 1]      [3, 2]                 [[2, 1], 1, [3, 2]]         236.547413
      [2, -2]      [3, 1]                [[2, -2], 0, [3, 1]]         132.867399
      [4, -2]     [4, -3]              [[4, -2], -1, [4, -3]]         101.549250
       [2, 1]      [3, 3]                 [[2, 1], 1, [3, 3]]         225.330217
      [2, -2]      [3, 2]                [[2, -2], 0, [3, 2]]         150.115099
      [4, -1]          -2           [[4, -1], 0, [2, -2], -2]         238.615947
       [2, 1]     [2, -2]               [[2, 1], -1, [2, -2]]         215.449804
      [2, -2]      [3, 3]   [[2, -2], -2, [2, -1], 1, [3, 3]]         296.550788
      [4, -1]          -1                       [[4, -1], -1]         180.854772
       [2, 1]     [2, -1]                [[2, 1], 1, [2, -1]]         242.036712
      [2, -1]          -2                       [[2, -1], -2]          82.036113
      [4, -1]           0                        [[4, -1], 0]          53.380136
       [2, 1]      [2, 0]                 [[2, 1], 2, [2, 0]]         189.108258
      [2, -1]          -1          [[2, -1], -2, [3, -2], -1]         192.265526
       [1, 1]     [4, -3]               [[1, 1], -1, [4, -3]]         276.781284
      [4, -1]           1                        [[4, -1], 1]          42.372117
       [2, 2]          -2            [[2, 2], 1, [2, -1], -2]         239.041413
      [2, -1]           0                        [[2, -1], 0]         191.240139
       [1, 0]     [2, -2]               [[1, 0], -2, [2, -2]]         285.247155
      [4, -1]           2             [[4, -1], 0, [2, 0], 2]         247.095093
       [2, 2]          -1            [[2, 2], 0, [4, -2], -1]         234.839667
      [2, -1]           1                        [[2, -1], 1]          67.082585
       [1, 1]      [3, 2]                 [[1, 1], 0, [3, 2]]         235.404379
      [4, -1]     [4, -4]  [[4, -1], 0, [2, -2], -2, [4, -4]]         260.512947
       [2, 2]           0                         [[2, 2], 0]         128.475014
      [2, -1]           2            [[2, -1], -2, [2, 0], 2]         304.691754
       [1, 1]          -1                        [[1, 1], -1]         251.701492
      [4, -1]     [4, -3]              [[4, -1], -1, [4, -3]]         205.934565
       [2, 2]           1                         [[2, 2], 1]          89.922714
      [2, -1]     [4, -4]              [[2, -1], -2, [4, -4]]         103.933113
       [1, 1]     [3, -3]               [[1, 1], -1, [3, -3]]         364.916580
      [4, -1]     [4, -2]               [[4, -1], 0, [4, -2]]          83.275332
       [2, 2]           2                         [[2, 2], 2]         130.948571
      [2, -1]     [4, -3] [[2, -1], -2, [3, -2], -1, [4, -3]]         217.345318
       [1, 1]      [4, 3]                 [[1, 1], 2, [4, 3]]         358.072375
       [4, 0]          -2            [[4, 0], 0, [2, -2], -2]         253.983811
       [2, 2]     [4, -4]   [[2, 2], 1, [2, -1], -2, [4, -4]]         260.938413
       [1, 1]     [3, -2]               [[1, 1], -1, [3, -2]]         314.074198
      [2, -1]     [4, -2]               [[2, -1], 0, [4, -2]]         221.135335
       [1, 1]      [4, 1]                 [[1, 1], 1, [4, 1]]         253.720790
       [4, 0]          -1             [[4, 0], 0, [3, 1], -1]         206.848864
       [2, 2]     [4, -3]    [[2, 2], 0, [3, 0], -1, [4, -3]]         262.669485
      [1, -1]      [2, 0]               [[1, -1], -2, [2, 0]]         325.655320
       [1, 1]      [2, 1]                [[1, 1], -1, [2, 1]]         363.019591
       [3, 3]     [3, -1]                [[3, 3], 1, [3, -1]]         234.423182
       [3, 0]           1            [[3, 0], -1, [4, -1], 1]         270.740833
      [1, -1]     [3, -1]              [[1, -1], -1, [3, -1]]         224.960167
       [1, 0]          -2                        [[1, 0], -2]         188.191155
       [3, 3]      [3, 0]      [[3, 3], 1, [2, 2], 0, [3, 0]]         330.374553
       [1, 0]      [2, 0]                 [[1, 0], 2, [2, 0]]         205.191068
       [3, 0]           2                         [[3, 0], 2]         199.939738
      [1, -1]     [2, -1]              [[1, -1], -2, [2, -1]]         262.051208
      [1, -1]     [3, -2]              [[1, -1], -2, [3, -2]]         227.871801
       [3, 3]      [3, 1]                 [[3, 3], 1, [3, 1]]         204.245358
       [3, 0]     [4, -4]  [[3, 0], -1, [3, -2], -2, [4, -4]]         179.640357
       [1, 0]      [2, 1]                 [[1, 0], 2, [2, 1]]         240.268498
       [1, 1]      [4, 4]      [[1, 1], 0, [4, 0], 2, [4, 4]]         363.893393
       [3, 3]      [3, 2]                 [[3, 3], 1, [3, 2]]         111.969376
       [3, 0]     [4, -3]               [[3, 0], -1, [4, -3]]          72.593737
       [1, 0]      [3, 3]                 [[1, 0], 1, [3, 3]]         377.647161
       [1, 0]      [2, 2]                 [[1, 0], 2, [2, 2]]         259.124225
       [1, 1]      [2, 0]                 [[1, 1], 0, [2, 0]]         290.168634
      [2, -2]          -2                       [[2, -2], -2]          97.056000
       [3, 0]     [4, -2]                [[3, 0], 0, [4, -2]]          91.495931
       [1, 1]     [2, -1]                [[1, 1], 1, [2, -1]]         273.723972
       [1, 0]     [1, -1]               [[1, 0], -2, [1, -1]]         368.206250
      [2, -2]          -1                       [[2, -2], -1]         104.131705
       [1, 1]     [2, -2]                [[1, 1], 0, [2, -2]]         261.648902
       [3, 0]     [4, -1]                [[3, 0], 0, [4, -1]]         114.980871
      [1, -1]      [2, 1]               [[1, -1], -1, [2, 1]]         290.660708
      [2, -2]           0                        [[2, -2], 0]          88.179811
       [3, 0]      [4, 0]                 [[3, 0], 0, [4, 0]]         130.348735
      [2, -2]           1           [[2, -2], -2, [2, -1], 1]         246.174699
       [3, 0]      [4, 1]                 [[3, 0], 0, [4, 1]]         202.113254
       [1, 0]      [3, 2]                 [[1, 0], 2, [3, 2]]         386.601870
       [1, 1]      [3, 3]                 [[1, 1], 1, [3, 3]]         257.017477
      [2, -2]           2             [[2, -2], 0, [2, 0], 2]         281.894768
       [1, 1]      [3, 0]                 [[1, 1], 0, [3, 0]]         235.069826
       [3, 0]      [4, 2]                 [[3, 0], 2, [4, 2]]         245.771738
      [2, -2]     [4, -4]              [[2, -2], -2, [4, -4]]         118.953000
       [1, 0]      [4, 3]                 [[1, 0], 2, [4, 3]]         163.775654
       [1, 1]      [2, 2]                 [[1, 1], 1, [2, 2]]         296.564102
       [3, 0]      [4, 3]                 [[3, 0], 2, [4, 3]]         235.539738
       [1, 0]           1                         [[1, 0], 1]         327.271071
       [1, 1]     [4, -4]   [[1, 1], 0, [2, -2], -2, [4, -4]]         380.601902
       [1, 1]           0                         [[1, 1], 0]         173.469091
      [2, -2]     [4, -3]              [[2, -2], -1, [4, -3]]         129.211497
       [3, 0]      [4, 4]                 [[3, 0], 2, [4, 4]]         243.169738
       [1, 1]           2              [[1, 1], 0, [4, 0], 2]         320.663393
      [2, -2]     [4, -2]               [[2, -2], 0, [4, -2]]         118.075007
       [3, 0]     [3, -3]               [[3, 0], -1, [3, -3]]         160.729033
      [1, -1]      [3, 0]               [[1, -1], -1, [3, 0]]         226.856553
       [1, 1]          -2            [[1, 1], 0, [2, -2], -2]         358.704902
      [2, -2]     [4, -1]               [[2, -2], 0, [4, -1]]         141.559947
       [3, 0]     [3, -2]               [[3, 0], -1, [3, -2]]         109.886650
       [1, 0]          -1           [[1, 0], -2, [3, -2], -1]         298.420568
      [2, -2]      [4, 0]                [[2, -2], 0, [4, 0]]         156.927811
       [1, 1]      [1, 0]                 [[1, 1], 2, [1, 0]]         450.648029
       [3, 0]     [3, -1]               [[3, 0], -1, [3, -1]]          93.131503
       [1, 0]     [2, -1]               [[1, 0], -2, [2, -1]]         270.227269
      [1, -1]     [3, -3]              [[1, -1], -2, [3, -3]]         221.046094
      [2, -2]      [4, 1]                [[2, -2], 0, [4, 1]]         228.692329
       [3, 1]          -2           [[3, 1], -1, [3, -2], -2]         203.642689
       [1, 1]           1                         [[1, 1], 1]         206.641387
       [1, 0]           2                         [[1, 0], 2]         128.175654
      [2, -2]      [4, 2]   [[2, -2], -2, [2, -1], 1, [4, 2]]         303.511237
       [3, 1]          -1                        [[3, 1], -1]          93.413276
       [1, 0]           0            [[1, 0], -2, [2, -2], 0]         373.426966
      [1, -1]      [2, 2]                [[1, -1], 1, [2, 2]]         292.115295
      [1, -1]      [3, 1]               [[1, -1], -1, [3, 1]]         272.755885
      [2, -2]      [4, 3]    [[2, -2], -2, [2, 0], 2, [4, 3]]         355.311640
       [3, 2]      [3, 1]                 [[3, 2], 0, [3, 1]]         106.622876
       [3, 3]          -2            [[3, 3], 1, [2, -1], -2]         199.494788
       [3, 3]          -1            [[3, 3], 1, [4, -1], -1]         273.602979
       [3, 3]           0             [[3, 3], 1, [4, -1], 0]         146.128342
       [3, 3]           1                         [[3, 3], 1]          50.376090
       [3, 3]           2              [[3, 3], 1, [4, 2], 2]         153.544628
       [3, 3]     [4, -4]   [[3, 3], 1, [2, -1], -2, [4, -4]]         221.391788
       [3, 3]     [4, -3]   [[3, 3], 1, [4, -1], -1, [4, -3]]         298.682771
       [3, 3]     [4, -2]     [[3, 3], 1, [3, 2], 0, [4, -2]]         203.799860
       [3, 3]     [4, -1]                [[3, 3], 1, [4, -1]]          92.748206
       [3, 3]      [4, 0]                 [[3, 3], 1, [4, 0]]         103.319315
       [3, 3]      [4, 1]                 [[3, 3], 1, [4, 1]]          97.455493
       [3, 3]      [4, 2]                 [[3, 3], 1, [4, 2]]         107.712628
       [3, 3]      [4, 3]      [[3, 3], 1, [4, 2], 2, [4, 3]]         189.144628
       [3, 3]      [4, 4]      [[3, 3], 1, [4, 2], 2, [4, 4]]         196.774628
       [3, 3]     [3, -3]   [[3, 3], 1, [2, -1], -2, [3, -3]]         240.525788
       [3, 3]     [3, -2]   [[3, 3], 1, [2, -1], -2, [3, -2]]         247.351495
      [3, -2]          -2                       [[3, -2], -2]          47.856707
      [3, -2]          -1                       [[3, -2], -1]          62.372706
      [3, -2]           0            [[3, -2], -1, [3, 0], 0]         171.487385
      [3, -2]           1           [[3, -2], -2, [2, -1], 1]         196.975405
      [3, -2]           2            [[3, -2], -2, [2, 0], 2]         270.512347
      [3, -2]     [4, -4]              [[3, -2], -2, [4, -4]]          69.753707
      [3, -2]     [4, -3]              [[3, -2], -1, [4, -3]]          87.452498
      [3, -2]     [4, -2]              [[3, -2], -1, [4, -2]]         138.842163
      [3, -2]     [4, -1]  [[3, -2], -2, [2, -1], 1, [4, -1]]         239.347522
      [3, -2]      [4, 0]   [[3, -2], -2, [2, -1], 1, [4, 0]]         249.918631
      [3, -2]      [4, 1]   [[3, -2], -2, [2, -1], 1, [4, 1]]         244.054808
      [3, -2]      [4, 2]   [[3, -2], -2, [2, -1], 1, [4, 2]]         254.311944
      [3, -2]      [4, 3]    [[3, -2], -2, [2, 0], 2, [4, 3]]         306.112347
           -1          -2                   [-1, [3, -2], -2]         110.229412
      [3, -2]      [4, 4]    [[3, -2], -2, [2, 0], 2, [4, 4]]         313.742347
            0          -2                    [0, [2, -2], -2]         185.235811
      [3, -2]     [3, -3]              [[3, -2], -2, [3, -3]]          88.887707
            0          -1                    [0, [4, -2], -1]         106.364654
      [3, -1]          -2                       [[3, -1], -2]          69.793709
            1          -2                    [1, [2, -1], -2]         149.118699
      [3, -1]          -1                       [[3, -1], -1]          45.617558
       [4, 3]     [4, -4]    [[4, 3], 2, [2, 0], -2, [4, -4]]         280.152640
            1          -1                    [1, [4, -1], -1]         223.226889
       [2, 0]           1            [[2, 0], -2, [2, -1], 1]         294.758925
       [2, 0]      [3, 3]    [[2, 0], -2, [2, -1], 1, [3, 3]]         345.135014
       [1, 0]     [3, -1]               [[1, 0], -2, [3, -1]]         257.984864
       [4, 2]          -2            [[4, 2], 1, [2, -1], -2]         206.455237
       [4, 3]     [4, -3]   [[4, 3], 1, [4, -1], -1, [4, -3]]         419.451537
       [1, 0]     [3, -2]               [[1, 0], -2, [3, -2]]         236.047862
            1           0                     [1, [4, -1], 0]          95.752253
       [2, 0]           2                         [[2, 0], 2]          77.015414
       [2, 0]     [2, -2]                [[2, 0], 0, [2, -2]]         204.879354
       [4, 2]          -1             [[4, 2], 1, [2, 1], -1]         343.608765
       [1, 0]      [4, 2]                 [[1, 0], 2, [4, 2]]         174.007654
       [4, 3]     [4, -2]     [[4, 3], 1, [3, 2], 0, [4, -2]]         324.568626
            2          -2                     [2, [2, 0], -2]         222.655640
       [2, 0]     [4, -4]               [[2, 0], -2, [4, -4]]         167.537226
       [1, 0]     [3, -3]               [[1, 0], -2, [3, -3]]         229.222155
       [2, 0]     [2, -1]               [[2, 0], -2, [2, -1]]         227.676340
       [4, 2]           0             [[4, 2], 1, [4, -1], 0]         153.088791
       [4, 3]     [4, -1]                [[4, 3], 1, [4, -1]]         213.516972
      [1, -1]     [2, -2]              [[1, -1], -2, [2, -2]]         277.071094
            2          -1                     [2, [2, 1], -1]         223.410943
       [2, 0]     [4, -3]               [[2, 0], -1, [4, -3]]         175.328611
       [2, 1]          -2           [[2, 1], -1, [3, -2], -2]         221.547511
       [4, 2]           1                         [[4, 2], 1]          57.336538
       [4, 3]      [4, 0]                 [[4, 3], 2, [4, 0]]         114.046302
            2           0                      [2, [4, 0], 0]         147.194302
       [2, 0]     [4, -2]                [[2, 0], 0, [4, -2]]         146.594739
       [2, 1]          -1                        [[2, 1], -1]         111.318099
       [1, 0]     [4, -1]                [[1, 0], 1, [4, -1]]         369.643188
       [4, 2]           2                         [[4, 2], 2]          45.832000
       [4, 3]      [4, 1]                 [[4, 3], 2, [4, 1]]         107.801628
            2           1                      [2, [4, 2], 1]         103.168538
       [2, 0]     [4, -1]                [[2, 0], 0, [4, -1]]         170.079679
       [2, 1]           0            [[2, 1], -1, [4, -2], 0]         217.682753
       [4, 2]     [4, -4]   [[4, 2], 1, [2, -1], -2, [4, -4]]         228.352237
       [4, 3]      [4, 2]                 [[4, 3], 2, [4, 2]]          81.432000
       [1, 0]      [4, 4]                 [[1, 0], 2, [4, 4]]         171.405654
      [4, -4]          -2                       [[4, -4], -2]          21.897000
       [2, 0]      [4, 0]                 [[2, 0], 2, [4, 0]]         155.461716
       [2, 1]           1                         [[2, 1], 1]         174.954127
       [4, 2]     [4, -3]    [[4, 2], 0, [3, 0], -1, [4, -3]]        7592.507103
       [4, 4]          -2             [[4, 4], 2, [2, 0], -2]         265.885640
      [4, -4]          -1          [[4, -4], -2, [3, -2], -1]         132.126412
       [2, 0]      [4, 1]                 [[2, 0], 2, [4, 1]]         149.217043
      [1, -1]      [3, 3]                [[1, -1], 1, [3, 3]]         252.568670
       [2, 1]           2                         [[2, 1], 2]         112.092844
       [4, 2]     [4, -2]                [[4, 2], 0, [4, -2]]        7488.207828
       [4, 4]          -1             [[4, 4], 2, [2, 1], -1]         266.640943
      [4, -4]           0           [[4, -4], -2, [2, -2], 0]         207.132811
       [2, 0]      [4, 2]                 [[2, 0], 2, [4, 2]]         122.847414
       [2, 1]     [4, -4]  [[2, 1], -1, [3, -2], -2, [4, -4]]         243.444511
       [4, 2]     [4, -1]                [[4, 2], 1, [4, -1]]          99.708655
       [4, 4]           0              [[4, 4], 2, [4, 0], 0]         190.424302
      [4, -4]           1           [[4, -4], -2, [2, -1], 1]         171.015699
       [2, 0]      [4, 3]                 [[2, 0], 2, [4, 3]]         112.615414
       [2, 1]     [4, -3]               [[2, 1], -1, [4, -3]]         136.397891
       [4, 2]      [4, 0]                 [[4, 2], 1, [4, 0]]         110.279764
       [4, 4]           1              [[4, 4], 2, [4, 2], 1]         146.398538
      [4, -4]           2            [[4, -4], -2, [2, 0], 2]         244.552640
       [2, 0]      [4, 4]                 [[2, 0], 2, [4, 4]]         120.245414
       [2, 1]     [4, -2]               [[2, 1], -1, [4, -2]]         187.787557
       [4, 2]      [4, 1]                 [[4, 2], 1, [4, 1]]         104.415941
       [4, 4]           2                         [[4, 4], 2]          43.230000
      [4, -3]          -2          [[4, -3], -1, [3, -2], -2]         135.309205
       [2, 0]     [3, -3]               [[2, 0], -2, [3, -3]]         186.671226
       [2, 1]     [4, -1]                [[2, 1], 1, [4, -1]]         217.326244
       [4, 3]          -2             [[4, 3], 2, [2, 0], -2]         258.255640
       [1, 0]      [4, 0]                 [[1, 0], 2, [4, 0]]         206.621955
       [4, 4]     [4, -4]    [[4, 4], 2, [2, 0], -2, [4, -4]]         287.782640
      [4, -3]          -1                       [[4, -3], -1]          25.079792
       [2, 0]     [3, -2]               [[2, 0], -2, [3, -2]]         193.496933
       [2, 1]      [4, 0]                 [[2, 1], 2, [4, 0]]         190.539146
       [1, 0]     [4, -4]               [[1, 0], -2, [4, -4]]         210.088155
       [4, 3]          -1             [[4, 3], 2, [2, 1], -1]         259.010943
       [1, 0]      [3, 1]                 [[1, 0], 2, [3, 1]]         374.729645
       [4, 4]     [4, -3]    [[4, 4], 2, [2, 1], -1, [4, -3]]         291.720735
      [4, -3]           0            [[4, -3], -1, [3, 0], 0]         134.194472
       [2, 0]     [3, -1]               [[2, 0], -1, [3, -1]]         195.866377
       [2, 1]      [4, 1]                 [[2, 1], 2, [4, 1]]         184.294472
       [4, 3]           0              [[4, 3], 2, [2, 0], 0]         229.314957
       [4, 4]     [4, -2]     [[4, 4], 2, [2, 0], 0, [4, -2]]         266.840153
       [1, 0]      [4, 1]                 [[1, 0], 2, [4, 1]]         200.377282
      [4, -3]           1           [[4, -3], -1, [4, -1], 1]         248.306682
       [2, 0]      [3, 0]                 [[2, 0], 0, [3, 0]]         178.300278
       [2, 1]      [4, 2]                 [[2, 1], 2, [4, 2]]         157.924844
       [1, 0]      [3, 0]                 [[1, 0], 2, [3, 0]]         328.115392
      [1, -1]      [3, 2]                [[1, -1], 1, [3, 2]]         263.785866
       [4, 3]           1              [[4, 3], 2, [4, 2], 1]         138.768538
       [4, 4]     [4, -1]     [[4, 4], 2, [2, 0], 0, [4, -1]]         290.325093
       [1, 0]     [4, -3]  [[1, 0], -2, [3, -2], -1, [4, -3]]         323.500360
      [4, -3]           2            [[4, -3], -1, [2, 1], 2]         248.490735
       [2, 0]      [3, 1]                 [[2, 0], 0, [3, 1]]         161.387131
       [2, 1]      [4, 3]                 [[2, 1], 2, [4, 3]]         147.692844
       [4, 3]           2                         [[4, 3], 2]          35.600000
       [1, 0]     [4, -2]  [[1, 0], -2, [3, -2], -1, [4, -2]]         374.890025
       [4, 4]      [4, 0]                 [[4, 4], 2, [4, 0]]         121.676302
       [2, 0]      [3, 2]                 [[2, 0], 0, [3, 2]]         178.634831
       [2, 1]      [4, 4]                 [[2, 1], 2, [4, 4]]         155.322844
       [2, 2]      [2, 0]                 [[2, 2], 2, [2, 0]]         207.963986
       [4, 0]           0                         [[4, 0], 0]          68.748000
       [2, 2]      [2, 1]                 [[2, 2], 2, [2, 1]]         243.041415
       [4, 0]           1                         [[4, 0], 1]          52.943226
      [1, -1]          -2                       [[1, -1], -2]         180.015094
       [4, 0]           2                         [[4, 0], 2]          78.446302
      [1, -1]          -1                       [[1, -1], -1]         179.342609
       [4, 0]     [4, -4]   [[4, 0], 0, [2, -2], -2, [4, -4]]         275.880811
      [1, -1]           0                        [[1, -1], 0]         233.964000
       [4, 0]     [4, -3]  [[4, 0], -2, [3, -2], -1, [4, -3]]         746.119291
      [1, -1]           1                        [[1, -1], 1]         202.192580
       [4, 0]     [4, -2]                [[4, 0], 0, [4, -2]]          98.643196
       [4, 0]     [4, -1]                [[4, 0], 1, [4, -1]]          95.315343
      [1, -1]     [4, -2]              [[1, -1], -1, [4, -2]]         255.812066
       [4, 1]          -2            [[4, 1], 0, [2, -2], -2]         325.748329
      [1, -1]      [4, 4]    [[1, -1], -2, [2, 0], 2, [4, 4]]         445.900735
       [4, 1]          -1            [[4, 1], 0, [4, -2], -1]         246.877172
      [1, -1]     [4, -1]               [[1, -1], 1, [4, -1]]         244.564697
       [4, 1]           0                         [[4, 1], 0]         140.512518
      [1, -1]      [4, 0]                [[1, -1], 1, [4, 0]]         255.135806
       [4, 1]           1                         [[4, 1], 1]          47.079403
      [1, -1]      [4, 1]                [[1, -1], 1, [4, 1]]         249.271983
       [4, 1]           2                         [[4, 1], 2]          72.201628
      [1, -1]      [4, 2]                [[1, -1], 1, [4, 2]]         259.529119
       [4, 1]     [4, -4]   [[4, 1], 0, [2, -2], -2, [4, -4]]         347.645329
      [1, -1]      [4, 3]                [[1, -1], 1, [4, 3]]         373.337435
      [1, -1]           2            [[1, -1], -2, [2, 0], 2]         402.670735
       [4, 1]     [4, -3]    [[4, 1], 0, [2, 0], -1, [4, -3]]         432.540673
      [1, -1]     [4, -4]              [[1, -1], -2, [4, -4]]         201.912094
       [4, 1]     [4, -2]                [[4, 1], 0, [4, -2]]         170.407715
      [1, -1]     [4, -3]              [[1, -1], -1, [4, -3]]         204.422401
       [4, 1]     [4, -1]                [[4, 1], 1, [4, -1]]          89.451520
       [4, 1]      [4, 0]                 [[4, 1], 1, [4, 0]]         100.022629
       [3, 2]          -1            [[3, 2], 0, [4, -2], -1]         168.299942
       [3, 2]           0                         [[3, 2], 0]          61.935288
       [3, 2]           1                         [[3, 2], 1]          61.593286
       [3, 2]           2              [[3, 2], 1, [4, 2], 2]         164.761824
       [3, 2]     [4, -4]   [[3, 2], 1, [2, -1], -2, [4, -4]]         232.608985
       [3, 2]     [4, -3]    [[3, 2], 0, [3, 0], -1, [4, -3]]         196.129760
       [3, 2]     [4, -2]                [[3, 2], 0, [4, -2]]          91.830485
       [3, 2]     [4, -1]                [[3, 2], 1, [4, -1]]         103.965403
       [3, 2]      [4, 0]                 [[3, 2], 1, [4, 0]]         114.536512
       [3, 2]      [4, 1]                 [[3, 2], 1, [4, 1]]         108.672689
       [3, 2]      [4, 2]                 [[3, 2], 1, [4, 2]]         118.929824
       [3, 2]      [4, 3]                 [[3, 2], 1, [4, 3]]         232.738141
       [3, 2]      [4, 4]      [[3, 2], 1, [4, 2], 2, [4, 4]]         207.991824
       [3, 2]     [3, -3]    [[3, 2], 0, [3, 0], -1, [3, -3]]         284.265056
       [3, 2]     [3, -2]    [[3, 2], 0, [3, 0], -1, [3, -2]]         233.422674
       [3, 2]     [3, -1]                [[3, 2], 0, [3, -1]]         204.190243
       [3, 2]      [3, 0]                 [[3, 2], 0, [3, 0]]         123.536024
       [3, 1]           0                         [[3, 1], 0]          44.687588
      [2, -1]     [4, -1]               [[2, -1], 1, [4, -1]]         109.454702
       [4, 4]      [4, 1]                 [[4, 4], 2, [4, 1]]         115.431628
      [3, -1]           0                        [[3, -1], 0]         142.254955
       [2, 2]     [4, -2]                [[2, 2], 0, [4, -2]]         158.370210
       [3, 1]           1                         [[3, 1], 1]         153.869268
      [2, -1]      [4, 0]                [[2, -1], 1, [4, 0]]         120.025811
       [4, 4]      [4, 2]                 [[4, 4], 2, [4, 2]]          89.062000
      [3, -1]           1                        [[3, -1], 1]         184.047092
       [2, 2]     [4, -1]                [[2, 2], 1, [4, -1]]         132.294831
       [3, 1]           2              [[3, 1], 0, [4, 0], 2]         191.881889
      [2, -1]      [4, 1]                [[2, -1], 1, [4, 1]]         114.161988
       [4, 4]      [4, 3]                 [[4, 4], 2, [4, 3]]          78.830000
      [3, -1]           2            [[3, -1], -1, [2, 1], 2]         269.028502
       [2, 2]      [4, 0]                 [[2, 2], 1, [4, 0]]         142.865940
       [3, 1]     [4, -4]  [[3, 1], -1, [3, -2], -2, [4, -4]]         225.539689
      [2, -1]      [4, 2]                [[2, -1], 1, [4, 2]]         124.419124
      [3, -3]          -2                       [[3, -3], -2]          41.031000
      [3, -1]     [4, -4]              [[3, -1], -2, [4, -4]]          91.690709
       [2, 2]      [4, 1]                 [[2, 2], 1, [4, 1]]         137.002117
       [3, 1]     [4, -3]               [[3, 1], -1, [4, -3]]         118.493069
      [2, -1]      [4, 3]                [[2, -1], 1, [4, 3]]         238.227440
      [3, -3]          -1                       [[3, -3], -1]         113.215088
      [3, -1]     [4, -3]              [[3, -1], -1, [4, -3]]          70.697351
       [2, 2]      [4, 2]                 [[2, 2], 1, [4, 2]]         147.259253
       [3, 1]     [4, -2]                [[3, 1], 0, [4, -2]]          74.582784
      [2, -1]      [4, 4]    [[2, -1], -2, [2, 0], 2, [4, 4]]         347.921754
      [3, -3]           0            [[3, -3], -1, [3, 0], 0]         222.329768
      [3, -1]     [4, -2]              [[3, -1], -1, [4, -2]]         122.087016
       [2, 2]      [4, 3]                 [[2, 2], 2, [4, 3]]         166.548571
       [3, 1]     [4, -1]                [[3, 1], 0, [4, -1]]          98.067724
      [2, -1]     [3, -3]              [[2, -1], -2, [3, -3]]         123.067113
      [3, -3]           1           [[3, -3], -2, [2, -1], 1]         190.149699
      [3, -1]     [4, -1]               [[3, -1], 0, [4, -1]]         195.635091
       [2, 2]      [4, 4]                 [[2, 2], 2, [4, 4]]         174.178571
       [3, 1]      [4, 0]                 [[3, 1], 0, [4, 0]]         113.435588
      [2, -1]     [3, -2]              [[2, -1], -2, [3, -2]]         129.892820
      [3, -3]           2            [[3, -3], -2, [2, 0], 2]         263.686640
      [3, -1]      [4, 0]                [[3, -1], 0, [4, 0]]         211.002955
       [2, 2]     [3, -3]    [[2, 2], 0, [3, 0], -1, [3, -3]]         350.804781
       [3, 1]      [4, 1]                 [[3, 1], 0, [4, 1]]         185.200106
      [2, -1]     [3, -1]              [[2, -1], -2, [3, -1]]         151.829822
      [3, -3]     [4, -4]              [[3, -3], -2, [4, -4]]          62.928000
      [3, -1]      [4, 1]                [[3, -1], 1, [4, 1]]         231.126495
       [2, 2]     [3, -2]    [[2, 2], 0, [3, 0], -1, [3, -2]]         299.962399
       [3, 1]      [4, 2]                 [[3, 1], 1, [4, 2]]         211.205807
      [2, -1]      [3, 0]  [[2, -1], -2, [3, -2], -1, [3, 0]]         239.779470
      [3, -3]     [4, -3]              [[3, -3], -1, [4, -3]]         138.294881
      [3, -1]      [4, 2]                [[3, -1], 1, [4, 2]]         241.383631
       [2, 2]     [3, -1]                [[2, 2], 0, [3, -1]]         270.729968
       [3, 1]      [4, 3]                 [[3, 1], 2, [4, 3]]         282.153991
      [2, -1]      [3, 1]                [[2, -1], 1, [3, 1]]         220.951853
      [3, -3]     [4, -2]              [[3, -3], -1, [4, -2]]         189.684546
      [3, -1]      [4, 3]    [[3, -1], -1, [2, 1], 2, [4, 3]]         304.628502
       [2, 2]      [3, 0]                 [[2, 2], 0, [3, 0]]         190.075749
       [3, 1]      [4, 4]      [[3, 1], 0, [4, 0], 2, [4, 4]]         235.111889
      [2, -1]      [3, 2]                [[2, -1], 1, [3, 2]]         128.675871
      [3, -3]     [4, -1]  [[3, -3], -2, [2, -1], 1, [4, -1]]         232.521815
      [3, -1]      [4, 4]    [[3, -1], -1, [2, 1], 2, [4, 4]]         312.258502
       [2, 2]      [3, 1]                 [[2, 2], 0, [3, 1]]         173.162601
       [3, 1]     [3, -3]               [[3, 1], -1, [3, -3]]         206.628365
      [2, -1]      [3, 3]                [[2, -1], 1, [3, 3]]         117.458675
      [3, -3]      [4, 0]   [[3, -3], -2, [2, -1], 1, [4, 0]]         243.092924
      [3, -1]     [3, -3]              [[3, -1], -2, [3, -3]]         110.824709
       [2, 2]      [3, 2]                 [[2, 2], 1, [3, 2]]         151.516000
      [2, -1]     [2, -2]              [[2, -1], -2, [2, -2]]         179.092113
       [3, 1]     [3, -2]               [[3, 1], -1, [3, -2]]         155.785982
      [3, -3]      [4, 1]   [[3, -3], -2, [2, -1], 1, [4, 1]]         237.229102
      [3, -1]     [3, -2]              [[3, -1], -1, [3, -2]]         107.990264
       [2, 2]      [3, 3]                 [[2, 2], 1, [3, 3]]         140.298804
       [3, 1]     [3, -1]               [[3, 1], -1, [3, -1]]         139.030835
       [2, 0]          -2                        [[2, 0], -2]         145.640226
      [3, -3]      [4, 2]   [[3, -3], -2, [2, -1], 1, [4, 2]]         247.486237
       [3, 0]          -2           [[3, 0], -1, [3, -2], -2]         157.743357
       [2, 2]     [2, -2]                [[2, 2], 0, [2, -2]]         216.654824
       [2, 0]          -1                        [[2, 0], -1]         150.248819
       [3, 1]      [3, 0]                 [[3, 1], 0, [3, 0]]         106.288323
      [3, -3]      [4, 3]    [[3, -3], -2, [2, 0], 2, [4, 3]]         299.286640
       [3, 0]          -1                        [[3, 0], -1]          47.513944
       [2, 2]     [2, -1]                [[2, 2], 1, [2, -1]]         157.005299
       [2, 0]           0                         [[2, 0], 0]         116.699543
       [3, 2]          -2            [[3, 2], 1, [2, -1], -2]         210.711985
       [3, 0]           0                         [[3, 0], 0]          61.600735
      [3, -3]      [4, 4]    [[3, -3], -2, [2, 0], 2, [4, 4]]         306.916640
      [4, -3]     [4, -4] [[4, -3], -1, [3, -2], -2, [4, -4]]         157.206205