Total number of initial group guesses: 500. 

1 Objective = 0.6732319349407784
1 Group Members: 
[[ 0  2  0]
 [ 2  3  0]
 [ 0  4  1]
 [ 0  1  0]
 [ 0  3 -1]
 [ 2  4  2]
 [ 1  1  0]
 [ 1  3  0]
 [ 2  2  1]] 

2 Objective = 0.6732319349407784
2 Group Members: 
[[ 0  3 -1]
 [ 0  1  0]
 [ 0  4  1]
 [ 0  2  0]
 [ 1  1  0]
 [ 2  4  2]
 [ 1  3  0]
 [ 2  2  1]
 [ 2  3  0]] 

3 Objective = 0.6732319349407785
3 Group Members: 
[[ 1  1  0]
 [ 1  3  0]
 [ 2  2  1]
 [ 2  3  0]
 [ 0  3 -1]
 [ 0  1  0]
 [ 0  2  0]
 [ 2  4  2]
 [ 0  4  1]] 

4 Objective = 0.8866908234925887
4 Group Members: 
[[-1  3 -1]
 [-2  4  0]
 [-2  3 -2]
 [ 0  2  0]
 [ 0  3 -1]
 [ 0  1  0]
 [-1  3 -2]
 [-2  2 -1]
 [ 0  4  1]] 

5 Objective = 1.1167615238528465
5 Group Members: 
[[-2  2 -1]
 [-2  3 -2]
 [ 0  1  0]
 [-1  2 -1]
 [ 0  3 -1]
 [-1  4  1]
 [-2  4  0]
 [ 0  2  0]
 [ 0  4  1]] 

6 Objective = 1.1303399819466426
6 Group Members: 
[[ 2  2  1]
 [ 1  1  0]
 [ 0  1  0]
 [ 2  4  2]
 [ 1  4  2]
 [ 0  4  1]
 [ 0  2  0]
 [ 2  3  1]
 [ 0  3 -1]] 

7 Objective = 1.1410218967413688
7 Group Members: 
[[ 0  4  1]
 [ 0  3 -1]
 [ 1  4  2]
 [ 1  1  0]
 [-1  3 -2]
 [ 0  2  0]
 [-1  4  1]
 [ 1  3  0]
 [ 0  1  0]] 

8 Objective = 1.1474110424529804
8 Group Members: 
[[-2  2 -1]
 [ 0  2  0]
 [ 0  4  1]
 [-2  3 -2]
 [-2  4  0]
 [ 1  2  0]
 [-1  4  1]
 [-1  3 -2]
 [ 0  3 -1]] 

9 Objective = 1.1818169924751982
9 Group Members: 
[[ 2  4  2]
 [ 0  3 -1]
 [ 2  3  0]
 [ 0  1  0]
 [ 1  3 -1]
 [ 1  3  0]
 [ 0  4  1]
 [ 0  2  0]
 [ 2  2  1]] 

10 Objective = 1.1885399411254163
10 Group Members: 
[[ 0  2  0]
 [ 0  1  0]
 [ 1  4  2]
 [ 1  3  0]
 [ 0  4  1]
 [ 1  1  0]
 [ 1  2  0]
 [ 0  3 -1]
 [ 2  4  2]
 [ 2  2  1]] 

