Total number of initial group guesses: 5000. 

1 Objective = 0.9022809791258053
1 Group Members: 
[[ 0  1  0]
 [ 0  3 -1]
 [ 0  4  1]
 [ 0  2  0]
 [ 1  1  0]
 [-1  3 -2]
 [-2  2 -1]
 [-1  4  1]
 [-2  4  0]
 [-2  3 -2]] 

2 Objective = 0.92575516433922
2 Group Members: 
[[ 0  1  0]
 [ 0  4  1]
 [ 2  2  1]
 [-1  4  1]
 [ 1  1  0]
 [ 2  4  2]
 [ 0  2  0]
 [ 1  3  0]
 [ 2  3  0]
 [ 0  3 -1]] 

3 Objective = 0.92575516433922
3 Group Members: 
[[ 2  3  0]
 [ 0  3 -1]
 [ 1  1  0]
 [ 0  4  1]
 [-1  4  1]
 [ 0  1  0]
 [ 2  4  2]
 [ 2  2  1]
 [ 0  2  0]
 [ 1  3  0]] 

4 Objective = 0.92575516433922
4 Group Members: 
[[ 0  2  0]
 [ 2  2  1]
 [ 2  3  0]
 [ 1  1  0]
 [ 2  4  2]
 [ 0  3 -1]
 [ 0  4  1]
 [-1  4  1]
 [ 1  3  0]
 [ 0  1  0]] 

5 Objective = 0.9257551643392201
5 Group Members: 
[[ 2  3  0]
 [ 0  3 -1]
 [ 1  1  0]
 [-1  4  1]
 [ 0  1  0]
 [ 2  2  1]
 [ 1  3  0]
 [ 0  4  1]
 [ 2  4  2]
 [ 0  2  0]] 

6 Objective = 0.9700873338297786
6 Group Members: 
[[ 0  4  1]
 [ 0  2  0]
 [ 0  1  0]
 [ 2  4  2]
 [ 1  4  2]
 [ 1  1  0]
 [ 2  2  1]
 [ 0  3 -1]
 [-1  4  1]
 [ 2  3  0]] 

7 Objective = 0.9700873338297786
7 Group Members: 
[[ 0  1  0]
 [ 2  4  2]
 [ 0  4  1]
 [ 2  3  0]
 [ 1  4  2]
 [ 2  2  1]
 [-1  4  1]
 [ 0  2  0]
 [ 1  1  0]
 [ 0  3 -1]] 

8 Objective = 0.9908835617252827
8 Group Members: 
[[ 0  3 -1]
 [ 1  1  0]
 [ 0  1  0]
 [ 0  4  1]
 [ 1  3  0]
 [ 2  2  1]
 [-1  4  1]
 [ 0  2  0]
 [ 2  3  0]
 [ 1  4  2]] 

9 Objective = 1.0146899336052697
9 Group Members: 
[[ 0  1  0]
 [-2  2 -1]
 [-1  3 -1]
 [ 0  3 -1]
 [ 0  4  1]
 [ 0  2  0]
 [ 1  1  0]
 [-1  3 -2]
 [-2  4  0]
 [-2  3 -2]] 

10 Objective = 1.0481848629250294
10 Group Members: 
[[-2  3 -2]
 [ 0  3 -1]
 [-2  2 -1]
 [ 0  1  0]
 [-1  4  0]
 [-2  4  0]
 [-1  4  1]
 [ 1  1  0]
 [ 0  2  0]
 [ 0  4  1]] 

