Total number of initial group guesses: N/A. 

1 Objective = 40.63098366056948
1 Group Members: 
[[ 3 -3]
 [ 4 -1]
 [ 1 -1]
 [ 2 -2]
 [ 4 -4]
 [ 3 -2]
 [ 2 -1]
 [ 4 -2]
 [ 4 -3]
 [ 3 -1]
 [ 4  0]] 

1 Group Paths: 
Initial State Final State                               Path  Total Pi Time
      [3, -3]     [4, -1] [[3, -3], -2, [2, -1], 1, [4, -1]]     232.521815
      [3, -3]     [1, -1]             [[3, -3], -2, [1, -1]]     221.046094
      [3, -3]     [2, -2]             [[3, -3], -2, [2, -2]]     138.087000
      [3, -3]     [4, -4]             [[3, -3], -2, [4, -4]]      62.928000
      [3, -3]     [3, -2]             [[3, -3], -2, [3, -2]]      88.887707
      [3, -3]     [2, -1]             [[3, -3], -2, [2, -1]]     123.067113
      [3, -3]     [4, -2]             [[3, -3], -1, [4, -2]]     189.684546
      [3, -3]     [4, -3]             [[3, -3], -1, [4, -3]]     138.294881
      [3, -3]     [3, -1]             [[3, -3], -2, [3, -1]]     110.824709
      [3, -3]      [4, 0]  [[3, -3], -2, [2, -1], 1, [4, 0]]     243.092924 

######################################################################## 

