Total number of initial group guesses: 500. 

1 Objective = 1.082790455874604
1 Group Members: 
[[ 1  4  2]
 [ 2  2  1]
 [ 0  4  1]
 [ 0  3 -1]
 [ 0  2  0]
 [ 1  3  0]
 [ 2  3  0]
 [ 0  1  0]
 [ 1  1  0]
 [-1  4  1]
 [ 2  4  2]] 

2 Objective = 1.2183039997531588
2 Group Members: 
[[ 1  1  0]
 [ 0  2  0]
 [ 1  3  0]
 [ 2  4  2]
 [ 0  3 -1]
 [ 0  4  1]
 [ 2  3  1]
 [ 2  2  1]
 [ 2  3  0]
 [ 0  1  0]] 

3 Objective = 1.2183039997531588
3 Group Members: 
[[ 0  4  1]
 [ 0  1  0]
 [ 0  3 -1]
 [ 1  1  0]
 [ 2  3  0]
 [ 2  3  1]
 [ 2  4  2]
 [ 0  2  0]
 [ 1  3  0]
 [ 2  2  1]] 

4 Objective = 1.218303999753159
4 Group Members: 
[[ 0  4  1]
 [ 0  2  0]
 [ 2  3  0]
 [ 2  4  2]
 [ 2  2  1]
 [ 0  3 -1]
 [ 1  1  0]
 [ 1  3  0]
 [ 2  3  1]
 [ 0  1  0]] 

5 Objective = 1.2430431039914676
5 Group Members: 
[[ 1  4  2]
 [ 2  3  1]
 [ 2  4  2]
 [ 0  4  1]
 [ 1  3  0]
 [ 0  1  0]
 [ 1  1  0]
 [ 0  2  0]
 [ 0  3 -1]
 [ 2  2  1]] 

6 Objective = 1.2430431039914678
6 Group Members: 
[[ 0  4  1]
 [ 1  1  0]
 [ 2  4  2]
 [ 2  2  1]
 [ 1  3  0]
 [ 1  4  2]
 [ 0  1  0]
 [ 0  2  0]
 [ 2  3  1]
 [ 0  3 -1]] 

7 Objective = 1.2430431039914678
7 Group Members: 
[[ 2  4  2]
 [ 0  2  0]
 [ 1  4  2]
 [ 1  1  0]
 [ 2  2  1]
 [ 1  3  0]
 [ 0  3 -1]
 [ 0  1  0]
 [ 0  4  1]
 [ 2  3  1]] 

8 Objective = 1.3725231189772702
8 Group Members: 
[[-2  2 -1]
 [ 1  3  0]
 [-2  4  0]
 [ 0  2  0]
 [ 1  2  0]
 [-1  3 -1]
 [ 0  4  1]
 [-2  3 -2]
 [ 0  3 -1]
 [-1  3 -2]] 

9 Objective = 1.3753392912885425
9 Group Members: 
[[ 2  3  0]
 [ 1  4  2]
 [ 2  3  1]
 [ 2  4  2]
 [ 1  3  0]
 [ 1  1  0]
 [ 0  4  1]
 [ 0  1  0]
 [ 2  2  1]
 [ 0  3 -1]
 [ 0  2  0]] 

10 Objective = 1.375339291288543
10 Group Members: 
[[ 0  3 -1]
 [ 2  4  2]
 [ 2  3  0]
 [ 1  1  0]
 [ 0  2  0]
 [ 0  1  0]
 [ 1  4  2]
 [ 2  2  1]
 [ 1  3  0]
 [ 0  4  1]
 [ 2  3  1]] 

