Total number of initial group guesses: 100. 

1 Cost = 0.7050471761206795
1 Group Members: 
[[ 0  0]
 [ 3 -1]
 [ 3  2]
 [ 3  0]
 [ 4  1]
 [ 3  1]
 [ 2 -2]
 [ 4  0]
 [ 4 -1]
 [ 4 -2]
 [ 2  0]] 

1 Group Paths: 
 Initial State Final State    Pi-Time
             0     [3, -1] 142.328654
             0      [3, 2]  61.930637
             0      [3, 0]  61.608457
             0      [4, 1] 140.514950
             0      [3, 1]  44.696568
             0     [2, -2]  88.199919
             0      [4, 0]  68.735099
             0     [4, -1]  53.387071
             0     [4, -2]  29.888505
             0      [2, 0] 116.688679 

######################################################################## 

2 Cost = 0.7050471761206795
2 Group Members: 
[[ 0  0]
 [ 3  1]
 [ 4  0]
 [ 4  1]
 [ 2 -2]
 [ 3  2]
 [ 2  0]
 [ 3 -1]
 [ 4 -1]
 [ 4 -2]
 [ 3  0]] 

2 Group Paths: 
 Initial State Final State    Pi-Time
             0      [3, 1]  44.696568
             0      [4, 0]  68.735099
             0      [4, 1] 140.514950
             0     [2, -2]  88.199919
             0      [3, 2]  61.930637
             0      [2, 0] 116.688679
             0     [3, -1] 142.328654
             0     [4, -1]  53.387071
             0     [4, -2]  29.888505
             0      [3, 0]  61.608457 

######################################################################## 

3 Cost = 0.7050471761206798
3 Group Members: 
[[ 0  0]
 [ 3  2]
 [ 2  0]
 [ 2 -2]
 [ 4 -2]
 [ 3  1]
 [ 4  0]
 [ 4  1]
 [ 3 -1]
 [ 3  0]
 [ 4 -1]] 

3 Group Paths: 
 Initial State Final State    Pi-Time
             0      [3, 2]  61.930637
             0      [2, 0] 116.688679
             0     [2, -2]  88.199919
             0     [4, -2]  29.888505
             0      [3, 1]  44.696568
             0      [4, 0]  68.735099
             0      [4, 1] 140.514950
             0     [3, -1] 142.328654
             0      [3, 0]  61.608457
             0     [4, -1]  53.387071 

######################################################################## 

