Total number of initial group guesses: 5000. 

1 Objective = 1.0149841011706304
1 Group Members: 
[[-2  2 -1]
 [-1  3 -2]
 [-2  3 -2]
 [ 0  1  0]
 [-1  4  1]
 [-2  4  0]
 [ 0  4  1]
 [ 0  2  0]
 [ 1  1  0]
 [ 0  3 -1]
 [ 1  3  0]] 

2 Objective = 1.0149841011706304
2 Group Members: 
[[ 0  4  1]
 [ 0  1  0]
 [-1  4  1]
 [ 1  3  0]
 [-2  3 -2]
 [ 1  1  0]
 [-2  2 -1]
 [-2  4  0]
 [ 0  2  0]
 [ 0  3 -1]
 [-1  3 -2]] 

3 Objective = 1.1342833668793222
3 Group Members: 
[[ 0  2  0]
 [-2  3 -2]
 [ 0  4  1]
 [-1  3 -2]
 [ 1  1  0]
 [-1  4  1]
 [ 0  1  0]
 [ 2  3  0]
 [ 1  3  0]
 [-2  4  0]
 [ 0  3 -1]] 

4 Objective = 1.1625330589110858
4 Group Members: 
[[-1  4  1]
 [ 1  1  0]
 [ 1  4  2]
 [-1  3 -2]
 [ 0  4  1]
 [-2  3 -2]
 [ 0  2  0]
 [ 1  3  0]
 [-2  4  0]
 [-2  2 -1]
 [ 0  1  0]] 

5 Objective = 1.2499983605630756
5 Group Members: 
[[ 0  1  0]
 [ 0  4  1]
 [ 0  3 -1]
 [ 1  1  0]
 [-1  4  1]
 [ 2  4  2]
 [ 1  3  0]
 [ 2  3  0]
 [ 0  2  0]
 [ 2  2  1]
 [-1  3 -2]] 

6 Objective = 1.2499983605630758
6 Group Members: 
[[ 1  3  0]
 [ 0  4  1]
 [ 2  2  1]
 [ 0  1  0]
 [-1  4  1]
 [ 2  4  2]
 [ 0  3 -1]
 [ 2  3  0]
 [ 1  1  0]
 [ 0  2  0]
 [-1  3 -2]] 

7 Objective = 1.254636331545096
7 Group Members: 
[[-2  2 -1]
 [-1  3 -2]
 [ 0  4  1]
 [-2  4  0]
 [ 0  3 -1]
 [ 1  3  0]
 [ 0  1  0]
 [-1  2  0]
 [ 0  2  0]
 [-2  3 -2]
 [ 1  1  0]] 

8 Objective = 1.2546363315450961
8 Group Members: 
[[ 0  1  0]
 [ 0  4  1]
 [-2  2 -1]
 [-1  2  0]
 [ 1  1  0]
 [ 1  3  0]
 [-1  3 -2]
 [-2  3 -2]
 [-2  4  0]
 [ 0  3 -1]
 [ 0  2  0]] 

9 Objective = 1.2732969394493192
9 Group Members: 
[[ 0  3 -1]
 [ 1  3  0]
 [ 1  1  0]
 [-1  3 -1]
 [ 0  2  0]
 [-2  4  0]
 [ 0  4  1]
 [ 0  1  0]
 [-1  4  0]
 [-2  2 -1]
 [-2  3 -2]] 

10 Objective = 1.298968501035655
10 Group Members: 
[[-1  2  0]
 [ 0  1  0]
 [ 1  4  2]
 [ 1  1  0]
 [ 0  2  0]
 [-2  2 -1]
 [ 0  4  1]
 [ 0  3 -1]
 [-1  3 -2]
 [-2  3 -2]
 [-2  4  0]] 

