Total number of initial group guesses: 50. 

1 Objective = 1.6627765588028156
1 Group Members: 
[[ 0  3 -1]
 [ 1  4  2]
 [ 0  4  1]
 [ 0  1  0]
 [ 0  2  0]
 [ 1  3  0]
 [-1  4  1]
 [ 1  2  0]
 [-1  4  0]
 [-2  4  0]
 [-2  2 -1]] 

2 Objective = 1.965275503913331
2 Group Members: 
[[-1  4  0]
 [ 0  4  1]
 [-1  4  1]
 [ 2  2  1]
 [ 1  2  0]
 [ 0  3 -1]
 [-1  3 -2]
 [ 2  3  0]
 [ 2  4  2]
 [ 1  3  0]
 [ 0  2  0]] 

3 Objective = 2.680257054898454
3 Group Members: 
[[ 0  1  0]
 [-2  3 -2]
 [ 0  2  0]
 [-2  2 -1]
 [ 0  4  1]
 [-2  4  0]
 [ 1  4  2]
 [ 0  3 -2]
 [ 2  4  2]
 [ 0  3 -1]
 [ 1  2  0]
 [ 1  1  0]] 

4 Objective = 2.837270267929122
4 Group Members: 
[[-1  2  0]
 [-2  3 -2]
 [ 0  3 -1]
 [ 0  1  0]
 [-2  4  0]
 [ 1  1  0]
 [ 1  3  0]
 [ 0  2  0]
 [ 0  4  1]
 [-1  3 -1]
 [-1  3 -2]
 [ 1  4  2]
 [ 0  3  0]] 

5 Objective = 3.110613321160254
5 Group Members: 
[[-2  4  0]
 [ 0  3 -1]
 [ 0  2  0]
 [ 0  1  0]
 [-2  3 -2]
 [ 2  4  2]
 [ 0  3 -2]
 [ 0  3  0]
 [ 2  3  0]
 [ 0  4  1]
 [-2  2 -1]] 

6 Objective = 3.135238476201957
6 Group Members: 
[[-1  2  0]
 [ 0  4  1]
 [ 2  3  0]
 [ 0  2  0]
 [ 2  2  1]
 [ 0  3 -1]
 [ 0  1  0]
 [-1  2 -1]
 [ 2  4  2]
 [-1  4  0]
 [ 0  3  0]] 

7 Objective = 3.300173656204983
7 Group Members: 
[[-1  3 -1]
 [-1  4  0]
 [ 0  1  0]
 [ 2  2  1]
 [-1  3 -2]
 [ 2  3  0]
 [ 2  3  1]
 [ 2  4  2]
 [ 0  2  0]
 [ 0  4  2]
 [ 0  3 -1]] 

8 Objective = 3.325104683424831
8 Group Members: 
[[-2  3 -2]
 [ 0  1  0]
 [ 1  2  1]
 [-2  4  0]
 [-2  2 -1]
 [ 1  3  0]
 [ 0  3 -1]
 [ 0  2  0]
 [ 0  4  1]
 [ 1  2  0]
 [-2  3 -1]] 

9 Objective = 3.4471736355702114
9 Group Members: 
[[-1  3 -2]
 [ 0  2  0]
 [-2  2 -1]
 [-1  4  1]
 [-1  4  0]
 [ 0  4  1]
 [-2  4  0]
 [ 0  3 -1]
 [ 0  1  0]
 [-2  4 -1]
 [ 0  3  0]
 [-2  3 -2]] 

10 Objective = 3.4484251241158104
10 Group Members: 
[[ 0  1  0]
 [ 0  4  1]
 [ 0  4  0]
 [ 2  2  1]
 [ 0  3 -1]
 [ 0  2  0]
 [-2  3 -2]
 [ 2  4  2]
 [-2  4  0]
 [ 0  3  0]
 [ 2  3  0]] 

