Total number of initial group guesses: 5000. 

1 Objective = 1.1472802884677056
1 Group Members: 
[[-1  4  1]
 [ 2  3  0]
 [ 0  2  0]
 [-2  3 -2]
 [ 1  3  0]
 [ 0  4  1]
 [-1  3 -2]
 [ 1  1  0]
 [-2  4  0]
 [ 0  3 -1]
 [ 0  1  0]
 [-2  2 -1]] 

2 Objective = 1.3179232765052384
2 Group Members: 
[[-1  4  1]
 [ 1  4  2]
 [ 1  3  0]
 [ 0  1  0]
 [-1  4  0]
 [ 1  1  0]
 [ 0  2  0]
 [-2  3 -2]
 [-2  4  0]
 [ 0  4  1]
 [ 0  3 -1]
 [-2  2 -1]] 

3 Objective = 1.3179232765052387
3 Group Members: 
[[-2  4  0]
 [ 0  4  1]
 [-1  4  1]
 [-2  3 -2]
 [ 0  3 -1]
 [-2  2 -1]
 [-1  4  0]
 [ 0  2  0]
 [ 0  1  0]
 [ 1  3  0]
 [ 1  4  2]
 [ 1  1  0]] 

4 Objective = 1.3921136611184886
4 Group Members: 
[[ 1  3  0]
 [ 0  4  1]
 [ 1  1  0]
 [ 0  3 -1]
 [-2  4  0]
 [-1  4  1]
 [ 0  1  0]
 [ 1  4  2]
 [ 0  2  0]
 [-2  2 -1]
 [-1  4  0]
 [ 2  4  2]] 

5 Objective = 1.5369515765839206
5 Group Members: 
[[-2  2 -1]
 [-1  4  1]
 [ 1  3  0]
 [ 1  1  0]
 [ 0  1  0]
 [-2  3 -2]
 [ 0  4  1]
 [ 1  4  2]
 [-2  4  0]
 [ 0  2  0]
 [-1  3 -1]
 [-1  3 -2]
 [ 0  3 -1]] 

6 Objective = 1.5369515765839206
6 Group Members: 
[[-1  3 -1]
 [-2  2 -1]
 [-1  3 -2]
 [ 0  2  0]
 [ 1  1  0]
 [ 0  3 -1]
 [-1  4  1]
 [ 0  4  1]
 [ 1  4  2]
 [-2  4  0]
 [ 0  1  0]
 [-2  3 -2]
 [ 1  3  0]] 

7 Objective = 1.5451485661458706
7 Group Members: 
[[-2  4  0]
 [ 0  3 -1]
 [ 1  3  0]
 [ 1  1  0]
 [ 1  4  2]
 [ 0  4  1]
 [-2  2 -1]
 [-2  3 -2]
 [ 0  2  0]
 [ 1  2  0]
 [-1  4  1]
 [-1  3 -2]] 

8 Objective = 1.636818802895028
8 Group Members: 
[[ 0  1  0]
 [ 1  3  0]
 [-2  4  0]
 [ 2  4  2]
 [-1  4  0]
 [ 0  3 -1]
 [ 2  3  0]
 [ 0  4  1]
 [-1  3 -1]
 [ 1  1  0]
 [ 1  4  2]
 [-2  2 -1]
 [ 0  2  0]] 

9 Objective = 1.6417920667568395
9 Group Members: 
[[ 1  1  0]
 [-2  3 -2]
 [-2  2 -1]
 [ 1  4  2]
 [-2  4  0]
 [ 1  2  0]
 [ 0  1  0]
 [ 2  4  2]
 [ 0  3 -1]
 [ 0  2  0]
 [ 0  4  1]
 [-1  4  1]
 [-1  3 -2]] 

10 Objective = 1.6806044502404345
10 Group Members: 
[[ 0  2  0]
 [-2  3 -2]
 [-2  2 -1]
 [-2  4  0]
 [ 0  4  1]
 [ 0  3 -1]
 [ 1  3  0]
 [ 1  4  2]
 [ 1  3 -1]
 [ 0  1  0]
 [-1  3 -2]
 [-1  4  1]] 

