Total number of initial group guesses: 50. 

1 Objective = 1.813914468833542
1 Group Members: 
[[ 0  2  0]
 [ 2  4  2]
 [ 0  3 -1]
 [ 1  2  0]
 [ 0  4  1]
 [-1  4  0]
 [ 1  4  2]
 [-1  3 -1]
 [-2  4  0]
 [ 0  1  0]
 [ 2  2  1]
 [-2  2 -1]
 [-2  3 -2]] 

2 Objective = 2.2663540515721325
2 Group Members: 
[[-1  2  0]
 [ 1  3  0]
 [-1  4  1]
 [-2  3 -2]
 [ 0  1  0]
 [ 0  4  1]
 [ 1  4  2]
 [-2  2 -1]
 [-1  3 -2]
 [ 2  3  0]
 [ 1  1  0]
 [ 0  3 -1]
 [-1  4  0]] 

3 Objective = 2.82375631732688
3 Group Members: 
[[-2  2 -1]
 [ 0  3  0]
 [-1  2  0]
 [-2  3 -2]
 [ 2  4  2]
 [ 0  3 -1]
 [-2  4  0]
 [-1  4  0]
 [ 0  2  0]
 [ 0  4  1]
 [ 2  2  1]
 [ 0  1  0]
 [-1  3 -2]
 [ 2  3  0]] 

4 Objective = 3.034472485131447
4 Group Members: 
[[ 0  4  1]
 [ 1  1  0]
 [ 2  4  2]
 [-1  4  1]
 [ 0  3 -1]
 [ 1  4  2]
 [-1  2 -1]
 [ 1  3  0]
 [ 0  1  0]
 [ 2  3  0]
 [ 0  2  0]
 [ 2  2  1]
 [-1  3 -2]
 [-1  4  0]
 [ 1  2  0]] 

5 Objective = 3.2995202937997945
5 Group Members: 
[[ 2  2  1]
 [-2  3 -2]
 [ 2  4  2]
 [-2  2 -1]
 [-1  2 -1]
 [-1  4  1]
 [ 1  3  0]
 [-1  3 -1]
 [ 1  4  2]
 [-2  4  0]
 [-1  2  0]
 [ 1  1  0]
 [ 1  2  0]
 [-1  4  0]] 

6 Objective = 3.5852743239734552
6 Group Members: 
[[ 2  3  0]
 [ 0  3 -1]
 [ 2  4  2]
 [-2  3 -2]
 [ 1  2  1]
 [ 0  3 -2]
 [-2  4  0]
 [ 1  2  0]
 [ 1  3  0]
 [ 0  4  1]
 [-2  2 -1]
 [ 0  2  0]
 [ 0  1  0]
 [ 1  1  0]] 

7 Objective = 3.874890248719028
7 Group Members: 
[[ 1  2  1]
 [ 0  3 -1]
 [-1  1  0]
 [-2  3 -2]
 [-1  3 -1]
 [ 1  3  0]
 [-2  2 -1]
 [-1  3 -2]
 [ 1  4  2]
 [-1  4  0]
 [ 0  1  0]
 [ 1  1  0]
 [-1  4  1]
 [-2  4  0]
 [ 0  2  0]] 

8 Objective = 4.05281173289651
8 Group Members: 
[[ 1  3  0]
 [-2  2 -1]
 [-2  4  0]
 [ 1  1  0]
 [ 1  4  2]
 [-2  3 -2]
 [ 0  3 -1]
 [ 0  2  0]
 [-1  4  1]
 [-1  4  0]
 [-1  3 -1]
 [-1  3 -2]
 [-2  4 -1]
 [ 0  3  0]] 

9 Objective = 4.160801909834007
9 Group Members: 
[[ 0  4  1]
 [ 2  2  1]
 [ 2  1  0]
 [-2  4  0]
 [ 0  1  0]
 [ 2  3  0]
 [ 2  4  2]
 [-2  2 -1]
 [ 2  3  1]
 [ 1  1  0]
 [ 0  4  0]
 [ 0  2  0]
 [ 0  3 -1]] 

10 Objective = 4.442307958829689
10 Group Members: 
[[ 1  4  2]
 [ 0  4  1]
 [ 1  3  0]
 [-1  4  0]
 [-1  4  1]
 [ 2  2  1]
 [ 2  3  0]
 [-1  2 -1]
 [ 2  4  2]
 [ 2  1  0]
 [ 1  2  0]
 [ 0  2  0]
 [ 2  3  1]
 [-1  3 -2]] 

