Total number of initial group guesses: 500. 

1 Objective = 1.1890889623784002
1 Group Members: 
[[ 0  3 -1]
 [ 1  3  0]
 [ 0  2  0]
 [ 0  1  0]
 [ 2  3  0]
 [-2  2 -1]
 [-1  3 -2]
 [ 1  1  0]
 [ 2  2  1]
 [ 0  4  1]
 [-2  3 -2]
 [-1  4  1]
 [-2  4  0]] 

2 Objective = 1.761154658030317
2 Group Members: 
[[ 1  4  2]
 [ 0  3 -1]
 [ 1  1  0]
 [-2  4  0]
 [-1  4  1]
 [ 2  4  2]
 [ 2  3  0]
 [ 0  1  0]
 [ 1  3  0]
 [-1  3 -2]
 [-2  3 -2]
 [-1  3 -1]
 [-2  2 -1]
 [ 0  4  1]
 [ 0  2  0]] 

3 Objective = 2.234029467335537
3 Group Members: 
[[ 0  4  1]
 [ 1  1  0]
 [-2  3 -2]
 [ 1  4  2]
 [ 0  1  0]
 [ 1  3  0]
 [ 0  2  0]
 [-2  4  0]
 [-1  3 -2]
 [-2  2 -1]
 [ 0  3 -1]
 [ 2  4  2]
 [-1  1  0]
 [ 2  3  0]] 

4 Objective = 2.4592197239975793
4 Group Members: 
[[ 0  2  0]
 [-1  3 -2]
 [-1  4  1]
 [ 1  3  0]
 [ 0  4  1]
 [ 0  1  0]
 [-1  4  0]
 [ 1  4  2]
 [ 0  3 -1]
 [-2  4  0]
 [ 1  1  0]
 [-2  2 -1]
 [-2  3 -2]
 [ 1  2  1]] 

5 Objective = 2.630149689276442
5 Group Members: 
[[ 1  1  0]
 [-1  4  1]
 [ 2  2  1]
 [ 2  3  1]
 [ 0  2  0]
 [ 2  3  0]
 [ 0  4  1]
 [-1  3 -2]
 [ 0  1  0]
 [-1  3 -1]
 [-1  4  0]
 [ 0  3 -1]
 [ 2  4  2]
 [ 1  3  0]] 

6 Objective = 2.6365669556670337
6 Group Members: 
[[ 0  4  1]
 [ 1  1  0]
 [-2  4  0]
 [ 2  3  1]
 [-1  2  0]
 [ 1  3  0]
 [ 0  3 -1]
 [-2  3 -2]
 [ 2  3  0]
 [ 2  4  2]
 [-1  4  1]
 [-1  3 -2]
 [ 1  2  0]] 

7 Objective = 2.6442540304320934
7 Group Members: 
[[-2  3 -2]
 [ 0  2  0]
 [ 0  4  1]
 [-2  4  0]
 [-2  2 -1]
 [ 0  1  0]
 [ 0  3 -1]
 [-1  3 -2]
 [ 1  1  0]
 [-1  4  1]
 [ 2  2  1]
 [ 2  1  0]
 [ 2  4  2]
 [ 1  2  0]] 

8 Objective = 2.645531486049711
8 Group Members: 
[[ 2  3  1]
 [ 0  3 -1]
 [-1  2  0]
 [ 1  4  2]
 [ 1  3  0]
 [ 0  1  0]
 [-1  4  0]
 [ 1  2  0]
 [-2  4  0]
 [ 1  1  0]
 [ 2  4  2]
 [-2  2 -1]
 [-2  3 -2]
 [ 0  2  0]] 

9 Objective = 2.6703811269127518
9 Group Members: 
[[-1  3 -1]
 [ 2  3  0]
 [-1  2 -1]
 [-2  3 -2]
 [ 1  4  2]
 [ 1  3  0]
 [ 0  3 -1]
 [ 0  2  0]
 [ 2  2  1]
 [-2  4  0]
 [-2  2 -1]
 [ 0  1  0]
 [ 1  1  0]
 [ 2  4  2]
 [ 1  2  1]] 

10 Objective = 2.739560942026096
10 Group Members: 
[[-1  4  0]
 [ 1  2  1]
 [ 0  4  1]
 [ 0  2  0]
 [ 1  1  0]
 [ 1  3  0]
 [-2  2 -1]
 [-1  3 -1]
 [-2  3 -2]
 [ 1  4  2]
 [-1  2  0]
 [-2  4  0]
 [ 0  3 -1]
 [ 0  1  0]] 

