Total number of initial group guesses: N/A. 

1 Objective = 60.73897003408056
1 Group Members: 
[[ 4  2]
 [ 3  0]
 [ 2  1]
 [ 4  3]
 [ 1  0]
 [ 2  0]
 [ 4  1]
 [ 3  1]
 [ 3  2]
 [ 4  0]
 [ 4  4]
 [ 3 -1]
 [ 2  2]
 [ 2 -1]
 [ 3  3]] 

1 Group Paths: 
Initial State Final State                            Path  Total Pi Time
       [4, 2]      [3, 0] [[4, 2], 1, [4, -1], 0, [3, 0]]     214.689526
       [4, 2]      [2, 1]             [[4, 2], 2, [2, 1]]     157.924844
       [4, 2]      [4, 3]             [[4, 2], 2, [4, 3]]      81.432000
       [4, 2]      [1, 0]             [[4, 2], 2, [1, 0]]     174.007654
       [4, 2]      [2, 0]             [[4, 2], 2, [2, 0]]     122.847414
       [4, 2]      [4, 1]             [[4, 2], 1, [4, 1]]     104.415941
       [4, 2]      [3, 1] [[4, 2], 1, [4, -1], 0, [3, 1]]     197.776379
       [4, 2]      [3, 2]             [[4, 2], 1, [3, 2]]     118.929824
       [4, 2]      [4, 0]             [[4, 2], 1, [4, 0]]     110.279764
       [4, 2]      [4, 4]             [[4, 2], 2, [4, 4]]      89.062000
       [4, 2]     [3, -1]            [[4, 2], 1, [3, -1]]     241.383631
       [4, 2]      [2, 2]             [[4, 2], 1, [2, 2]]     147.259253
       [4, 2]     [2, -1]            [[4, 2], 1, [2, -1]]     124.419124
       [4, 2]      [3, 3]             [[4, 2], 1, [3, 3]]     107.712628 

######################################################################## 

