Total number of initial group guesses: 500. 

1 Objective = 4.952060008582704
1 Group Members: 
[[-2  3 -2]
 [ 0  3 -1]
 [-2  4  0]
 [-1  4  1]
 [ 1  4  2]
 [ 2  4  2]
 [-1  2 -1]
 [ 2  2  1]
 [ 1  1  0]
 [ 1  3  0]
 [ 0  2  0]
 [-2  2 -1]
 [ 0  4  1]
 [ 2  4  3]
 [-2  4 -1]
 [ 1  2  0]
 [ 2  3  1]] 

2 Objective = 5.119235665651795
2 Group Members: 
[[-1  3 -1]
 [-2  4 -1]
 [ 0  2  0]
 [ 0  1  0]
 [-1  2  0]
 [ 2  3  0]
 [-2  4  0]
 [-2  3 -2]
 [ 1  4  2]
 [ 2  2  1]
 [ 2  3  1]
 [ 0  3 -1]
 [ 2  4  2]
 [-2  2 -1]
 [ 1  3  0]
 [ 1  1  0]
 [ 2  4  3]
 [-1  4  0]
 [ 0  4  1]] 

3 Objective = 5.486989715005868
3 Group Members: 
[[-1  3 -1]
 [-1  3 -2]
 [ 0  3 -1]
 [-2  4 -1]
 [ 0  2  0]
 [ 1  4  2]
 [ 0  1  0]
 [ 1  3  0]
 [ 1  2  1]
 [ 0  4  1]
 [-2  3 -2]
 [-2  4  0]
 [-2  2 -1]
 [-2  3 -3]
 [ 2  4  2]
 [ 1  2  0]
 [ 2  3  1]] 

4 Objective = 5.522847036369885
4 Group Members: 
[[-1  4  0]
 [ 1  2  1]
 [ 1  4  2]
 [ 0  1  0]
 [ 0  2  0]
 [ 0  3 -1]
 [ 2  4  2]
 [ 0  4  1]
 [-2  4  0]
 [-2  2 -1]
 [ 1  1  0]
 [-2  4 -1]
 [-2  3 -3]
 [ 1  3  0]
 [-1  4  1]
 [ 2  3  1]
 [-2  3 -2]
 [-1  3 -1]] 

5 Objective = 5.52676127742542
5 Group Members: 
[[ 1  4  2]
 [-2  4 -1]
 [-1  2 -1]
 [-1  4  1]
 [ 1  3 -1]
 [ 1  3  0]
 [-2  4  0]
 [-2  3 -2]
 [ 2  3  1]
 [ 2  4  2]
 [ 2  4  3]
 [ 0  1  0]
 [ 0  3 -1]
 [ 0  2  0]
 [ 1  1  0]
 [ 2  2  1]
 [ 0  4  1]
 [-1  3 -2]] 

6 Objective = 5.550732802746592
6 Group Members: 
[[ 0  3 -1]
 [ 2  3  0]
 [-2  2 -1]
 [-1  4  1]
 [ 1  4  2]
 [ 1  2  1]
 [ 0  1  0]
 [ 2  2  1]
 [-1  3 -1]
 [ 2  4  2]
 [-2  4  0]
 [ 1  3  0]
 [ 0  4  1]
 [ 1  1  0]
 [ 2  3  1]
 [-2  3 -2]
 [-2  4 -1]
 [ 0  2  0]
 [ 2  4  3]
 [-1  3 -2]] 

7 Objective = 5.573282275247033
7 Group Members: 
[[ 0  3 -1]
 [-2  1 -1]
 [-1  3 -2]
 [ 1  3  0]
 [-2  2 -1]
 [-2  4  0]
 [ 0  4  1]
 [-1  3 -1]
 [-2  4 -1]
 [-2  3 -2]
 [ 2  2  1]
 [ 1  1  0]
 [ 2  3  1]
 [ 0  2  0]
 [ 2  3  0]
 [ 1  2  0]
 [ 0  1  0]
 [-1  4  0]
 [ 2  4  2]] 

8 Objective = 5.59531065499686
8 Group Members: 
[[ 2  3  0]
 [-1  3 -1]
 [ 2  4  2]
 [-2  4 -1]
 [ 1  2  0]
 [-2  3 -2]
 [-2  2 -1]
 [ 2  3  1]
 [-2  4  0]
 [ 1  3  0]
 [ 2  2  1]
 [ 0  2  0]
 [-2  1 -1]
 [ 0  1  0]
 [-1  2  0]
 [ 1  1  0]
 [-1  3 -2]
 [ 0  3 -1]
 [ 0  4  1]] 

9 Objective = 5.840410799148286
9 Group Members: 
[[-1  3 -1]
 [ 1  3  0]
 [-1  4  1]
 [-1  3 -2]
 [-2  3 -2]
 [-2  2 -1]
 [-2  4 -1]
 [ 0  2  0]
 [ 1  4  2]
 [ 0  4  1]
 [ 2  3  0]
 [ 0  1  0]
 [ 2  4  2]
 [ 1  1  0]
 [ 1  3 -1]
 [ 2  2  1]
 [-1  4  0]
 [-2  4  0]
 [ 2  3  1]
 [ 0  3 -1]
 [ 2  4  3]] 

10 Objective = 5.857560842677417
10 Group Members: 
[[-1  3 -2]
 [-2  3 -2]
 [ 0  4  1]
 [ 1  1  0]
 [-2  4 -1]
 [-1  2  0]
 [-2  4  0]
 [ 2  3  1]
 [ 1  2  0]
 [ 2  2  1]
 [ 1  4  2]
 [ 2  4  2]
 [ 1  3  0]
 [-2  2 -1]
 [-1  4  0]
 [ 0  1  0]
 [ 0  2  0]
 [ 2  3  0]
 [ 0  3 -1]
 [-2  1 -1]] 

