Total number of initial group guesses: 5000. 

1 Objective = 5.9591590397928105
1 Group Members: 
[[ 0  4  1]
 [ 2  2  1]
 [-2  2 -1]
 [ 0  2  0]
 [ 2  3  1]
 [-2  4 -1]
 [-2  4  0]
 [ 1  3  0]
 [ 2  3  0]
 [ 2  4  3]
 [-2  3 -3]
 [ 1  2  0]
 [ 0  1  0]
 [ 2  4  2]
 [ 0  3 -1]
 [-1  4  1]
 [-1  3 -2]
 [ 1  1  0]
 [-2  3 -2]] 

2 Objective = 5.99668763095429
2 Group Members: 
[[ 2  4  2]
 [-2  2 -1]
 [ 2  3  0]
 [ 0  4  1]
 [-1  3 -2]
 [ 0  3 -1]
 [ 1  3  0]
 [ 2  2  1]
 [ 0  2  0]
 [-2  3 -2]
 [ 1  1  0]
 [-2  1 -1]
 [-2  4 -1]
 [ 0  1  0]
 [-2  4  0]
 [ 2  3  1]
 [-2  3 -3]
 [-1  2  0]] 

3 Objective = 6.030420831153986
3 Group Members: 
[[-1  4  0]
 [-2  3 -2]
 [-2  4  0]
 [ 2  3  0]
 [ 0  2  0]
 [ 1  3  0]
 [-2  3 -3]
 [ 0  3 -1]
 [-2  2 -1]
 [ 2  3  1]
 [ 1  1  0]
 [ 0  1  0]
 [ 2  2  1]
 [ 2  4  3]
 [ 0  4  1]
 [-1  4  1]
 [-2  1 -1]
 [ 2  4  2]] 

4 Objective = 6.136461497058994
4 Group Members: 
[[ 2  2  1]
 [ 0  4  1]
 [ 2  4  2]
 [ 2  4  3]
 [-1  4  1]
 [ 0  2  0]
 [-2  2 -1]
 [ 0  3 -1]
 [-2  4 -1]
 [ 1  3  0]
 [ 2  3  1]
 [-2  4  0]
 [-2  3 -3]
 [ 1  1  0]
 [-1  3 -1]
 [-1  4  0]
 [ 1  4  2]
 [ 0  1  0]
 [-2  3 -2]
 [ 2  3  0]] 

5 Objective = 6.1364614970589955
5 Group Members: 
[[ 2  3  1]
 [ 0  2  0]
 [-2  3 -2]
 [ 1  1  0]
 [-1  4  1]
 [ 0  4  1]
 [ 2  3  0]
 [-1  3 -1]
 [ 0  3 -1]
 [-2  3 -3]
 [ 2  4  2]
 [ 2  4  3]
 [-2  4 -1]
 [-2  4  0]
 [ 1  4  2]
 [ 0  1  0]
 [-1  4  0]
 [-2  2 -1]
 [ 1  3  0]
 [ 2  2  1]] 

6 Objective = 6.1364614970589955
6 Group Members: 
[[-1  4  1]
 [ 0  3 -1]
 [ 0  1  0]
 [ 2  3  1]
 [ 1  4  2]
 [ 2  4  3]
 [-2  4  0]
 [ 1  1  0]
 [-1  3 -1]
 [ 2  4  2]
 [-2  4 -1]
 [-1  4  0]
 [ 0  2  0]
 [-2  3 -2]
 [ 0  4  1]
 [-2  3 -3]
 [ 2  2  1]
 [ 1  3  0]
 [ 2  3  0]
 [-2  2 -1]] 

7 Objective = 6.228603285807658
7 Group Members: 
[[ 0  3 -1]
 [ 2  3  1]
 [ 0  4  1]
 [ 0  2  0]
 [ 0  1  0]
 [-1  3 -2]
 [-1  3 -1]
 [-2  4  0]
 [-2  2 -1]
 [ 1  2  0]
 [ 2  3  0]
 [ 1  3  0]
 [ 1  4  2]
 [-2  3 -3]
 [ 2  4  2]
 [ 2  2  1]
 [ 1  1  0]
 [ 2  4  3]
 [-2  3 -2]
 [-2  4 -1]] 

8 Objective = 6.256235135923092
8 Group Members: 
[[-2  3 -2]
 [ 1  4  2]
 [-2  2 -1]
 [-1  2 -1]
 [-2  4  0]
 [ 2  3  1]
 [ 0  4  1]
 [-2  4 -1]
 [ 1  1  0]
 [ 2  4  3]
 [ 0  3 -1]
 [ 1  3  0]
 [ 0  1  0]
 [-1  4  1]
 [ 2  3  0]
 [ 2  2  1]
 [ 0  2  0]
 [-2  1 -1]
 [ 2  4  2]] 

9 Objective = 6.257646120794618
9 Group Members: 
[[ 2  2  1]
 [-2  3 -2]
 [ 2  3  1]
 [ 2  3  0]
 [-1  4  1]
 [ 1  2  0]
 [ 2  4  3]
 [-2  4  0]
 [ 2  4  2]
 [ 0  4  1]
 [-2  3 -3]
 [ 0  2  0]
 [-2  2 -1]
 [-1  3 -2]
 [-2  1 -1]
 [ 0  3 -1]
 [ 1  3  0]
 [ 1  1  0]] 

10 Objective = 6.278687664961275
10 Group Members: 
[[-2  4  0]
 [ 2  2  1]
 [ 2  4  3]
 [ 2  4  2]
 [-2  1 -1]
 [ 0  1  0]
 [ 2  3  0]
 [ 0  3 -1]
 [ 1  3  0]
 [-1  3 -1]
 [-1  4  1]
 [ 0  4  1]
 [ 1  1  0]
 [-2  4 -1]
 [-1  3 -2]
 [-2  2 -1]
 [ 2  3  1]
 [-2  3 -2]
 [ 0  2  0]
 [ 1  4  2]] 

