Total number of initial group guesses: 50. 

1 Objective = 8.148347130557262
1 Group Members: 
[[-1  2  0]
 [ 0  3 -1]
 [-2  4 -1]
 [ 1  3  0]
 [-1  3 -2]
 [ 1  4  2]
 [ 0  2  0]
 [-2  2 -1]
 [-2  4  0]
 [-2  3 -2]
 [ 2  3  0]
 [ 0  4  1]
 [ 2  4  3]
 [-2  1 -1]
 [ 2  4  2]
 [-2  3 -3]
 [ 1  1  0]
 [ 2  2  1]
 [ 2  3  1]
 [ 1  2  0]
 [-1  3 -1]] 

2 Objective = 8.357262572765055
2 Group Members: 
[[-1  3 -1]
 [ 2  4  3]
 [-2  2 -1]
 [ 0  1  0]
 [-2  3 -2]
 [ 0  3 -1]
 [-2  4  0]
 [-1  3 -2]
 [-1  4  0]
 [ 2  3  1]
 [ 2  2  1]
 [ 1  3  0]
 [ 2  4  2]
 [-2  4 -1]
 [ 0  4  1]
 [ 1  3 -1]
 [-2  3 -3]
 [ 2  3  0]
 [ 0  2  0]
 [-2  1 -1]
 [-1  4  1]] 

3 Objective = 9.398521106044887
3 Group Members: 
[[-1  3 -2]
 [ 0  2  0]
 [ 0  4  1]
 [-2  3 -2]
 [ 2  3  1]
 [ 1  4  2]
 [-2  2 -1]
 [ 0  3 -1]
 [-2  2 -2]
 [ 0  3  0]
 [ 2  4  3]
 [-2  4  0]
 [ 2  4  2]
 [ 1  3  0]
 [ 2  2  1]
 [ 1  1  0]
 [-2  3 -3]
 [-1  3 -1]
 [-1  4  1]
 [-2  1 -1]] 

4 Objective = 10.582742247826175
4 Group Members: 
[[-2  4  0]
 [-2  3 -2]
 [ 0  2  0]
 [ 0  4  1]
 [ 2  4  2]
 [ 0  1  0]
 [ 0  3 -1]
 [ 2  3  0]
 [ 1  3  0]
 [ 1  2  0]
 [-2  2 -2]
 [ 2  4  3]
 [ 0  3 -2]
 [-2  2 -1]
 [-2  4 -1]
 [-2  3 -3]
 [ 2  3  1]
 [ 2  2  1]
 [-2  1 -1]] 

5 Objective = 10.85865410749317
5 Group Members: 
[[ 1  3 -1]
 [-2  4  0]
 [ 2  3  0]
 [ 2  3  1]
 [-2  4 -1]
 [-2  1 -1]
 [-1  1  0]
 [ 0  3 -1]
 [-1  4  1]
 [-2  2 -1]
 [-1  4  0]
 [ 2  4  2]
 [-1  3 -1]
 [ 1  4  2]
 [-2  3 -2]
 [ 0  4  1]
 [-2  2 -2]
 [ 1  3  0]
 [ 2  2  1]
 [-1  2 -1]
 [ 0  1  0]
 [ 0  2  0]
 [-2  3 -3]] 

6 Objective = 11.462698711662043
6 Group Members: 
[[-2  4  0]
 [ 0  1  0]
 [-1  4  0]
 [-2  3 -2]
 [ 0  2  0]
 [-1  4  1]
 [ 1  3 -1]
 [ 2  3  0]
 [ 2  4  2]
 [-1  2  0]
 [-2  3 -3]
 [-2  2 -1]
 [ 1  4  1]
 [ 2  1  1]
 [ 1  3  0]
 [-1  3 -1]
 [ 2  2  1]
 [ 1  1  0]
 [ 0  3 -1]
 [-2  1 -1]
 [ 2  4  3]
 [ 2  3  1]
 [ 0  4  1]] 

7 Objective = 12.052761101711774
7 Group Members: 
[[-2  2 -2]
 [-2  1 -1]
 [ 0  2  0]
 [-2  3 -3]
 [ 2  4  2]
 [-2  3 -2]
 [ 1  3  1]
 [ 1  3  0]
 [-2  4  0]
 [ 2  3  0]
 [-2  4 -1]
 [ 0  3 -1]
 [-1  3 -1]
 [-1  4  1]
 [-1  2  0]
 [ 1  1  0]
 [ 1  4  2]
 [ 2  2  1]
 [ 1  3 -1]
 [ 0  1  0]
 [ 0  4  1]
 [ 1  4  1]
 [-2  2 -1]
 [-1  4  0]] 

8 Objective = 12.931240347860777
8 Group Members: 
[[ 1  3 -1]
 [ 2  1  1]
 [-2  3 -1]
 [ 1  2  0]
 [-2  2 -2]
 [ 2  4  2]
 [-2  4 -1]
 [ 1  4  2]
 [-2  3 -3]
 [ 2  2  1]
 [ 0  4  1]
 [ 0  3 -1]
 [ 1  3  0]
 [ 1  1  0]
 [ 2  4  3]
 [ 2  3  1]
 [-2  4  0]
 [-2  2 -1]
 [-2  3 -2]] 

9 Objective = 13.775871412748819
9 Group Members: 
[[-2  1 -1]
 [ 1  3  0]
 [-2  4  0]
 [-2  4 -1]
 [-2  2 -1]
 [ 1  4  2]
 [ 1  1  0]
 [ 2  4  3]
 [ 1  4  1]
 [ 0  2  0]
 [ 2  3  1]
 [ 1  2  0]
 [ 2  3  0]
 [ 0  1  0]
 [ 0  3 -1]
 [ 1  2  1]
 [-2  3 -2]
 [ 0  4  1]
 [ 2  2  1]
 [ 2  2  2]
 [ 2  4  2]
 [ 0  3 -2]
 [-2  3 -3]] 

10 Objective = 14.246770348326322
10 Group Members: 
[[-1  2  0]
 [-2  4 -1]
 [ 1  3  1]
 [-2  3 -2]
 [ 1  2  0]
 [-1  2 -1]
 [ 1  3  0]
 [-1  4  1]
 [ 2  4  3]
 [ 2  1  1]
 [ 1  4  2]
 [-1  3 -3]
 [ 0  1  0]
 [ 0  3 -1]
 [ 2  2  1]
 [-2  4  0]
 [ 2  3  0]
 [-2  2 -1]
 [-1  4  0]
 [-1  3 -1]] 

