Total number of initial group guesses: N/A. 

1 Objective = 95.01038383582672
1 Group Members: 
[[ 4  1]
 [ 3 -1]
 [ 2  0]
 [ 1  0]
 [ 4  0]
 [ 4  2]
 [ 2 -1]
 [ 4 -1]
 [ 3  0]
 [ 3 -2]
 [ 4  3]
 [ 2  1]
 [ 3  2]
 [ 3  3]
 [ 3  1]
 [ 2  2]
 [ 4  4]
 [ 4 -2]
 [ 3 -3]
 [ 1 -1]
 [ 2 -2]] 

1 Group Paths: 
Initial State Final State                              Path  Total Pi Time
       [4, 1]     [3, -1]              [[4, 1], 1, [3, -1]]     231.126495
       [4, 1]      [2, 0]               [[4, 1], 2, [2, 0]]     149.217043
       [4, 1]      [1, 0]               [[4, 1], 2, [1, 0]]     200.377282
       [4, 1]      [4, 0]               [[4, 1], 1, [4, 0]]     100.022629
       [4, 1]      [4, 2]               [[4, 1], 1, [4, 2]]     104.415941
       [4, 1]     [2, -1]              [[4, 1], 1, [2, -1]]     114.161988
       [4, 1]     [4, -1]              [[4, 1], 1, [4, -1]]      89.451520
       [4, 1]      [3, 0]               [[4, 1], 0, [3, 0]]     202.113254
       [4, 1]     [3, -2] [[4, 1], 1, [2, -1], -2, [3, -2]]     244.054808
       [4, 1]      [4, 3]               [[4, 1], 2, [4, 3]]     107.801628
       [4, 1]      [2, 1]               [[4, 1], 2, [2, 1]]     184.294472
       [4, 1]      [3, 2]               [[4, 1], 1, [3, 2]]     108.672689
       [4, 1]      [3, 3]               [[4, 1], 1, [3, 3]]      97.455493
       [4, 1]      [3, 1]               [[4, 1], 0, [3, 1]]     185.200106
       [4, 1]      [2, 2]               [[4, 1], 1, [2, 2]]     137.002117
       [4, 1]      [4, 4]               [[4, 1], 2, [4, 4]]     115.431628
       [4, 1]     [4, -2]              [[4, 1], 0, [4, -2]]     170.407715
       [4, 1]     [3, -3] [[4, 1], 1, [2, -1], -2, [3, -3]]     237.229102
       [4, 1]     [1, -1]              [[4, 1], 1, [1, -1]]     249.271983
       [4, 1]     [2, -2]              [[4, 1], 0, [2, -2]]     228.692329 

######################################################################## 

