Total number of initial group guesses: 5000. 

1 Objective = 9.451151713865764
1 Group Members: 
[[ 2  3  1]
 [-1  3 -1]
 [ 0  2  0]
 [ 2  2  1]
 [ 0  1  0]
 [ 0  3 -1]
 [ 1  1  0]
 [ 2  4  3]
 [-2  3 -3]
 [-2  4  0]
 [-2  3 -2]
 [ 2  4  2]
 [ 0  4  1]
 [-2  2 -2]
 [-2  4 -1]
 [ 1  4  2]
 [-1  3 -2]
 [-2  1 -1]
 [ 2  3  0]
 [ 1  3  0]
 [-2  2 -1]] 

2 Objective = 9.673882924237066
2 Group Members: 
[[ 0  3 -1]
 [-2  3 -2]
 [-1  3 -2]
 [ 2  3  1]
 [-2  2 -1]
 [-2  4  0]
 [-1  4  1]
 [ 0  1  0]
 [-2  1 -1]
 [ 2  2  1]
 [ 0  4  1]
 [-2  2 -2]
 [-2  4 -1]
 [ 1  1  0]
 [-1  2  0]
 [ 2  3  0]
 [ 2  4  2]
 [-2  3 -3]
 [ 1  3  0]
 [ 2  4  3]] 

3 Objective = 9.97682210295843
3 Group Members: 
[[ 0  4  1]
 [-2  4 -1]
 [-2  3 -2]
 [ 2  2  1]
 [-1  4  1]
 [ 1  4  2]
 [-2  3 -3]
 [ 2  4  3]
 [-2  1 -1]
 [-1  4  0]
 [ 0  2  0]
 [-2  4  0]
 [ 0  1  0]
 [-2  2 -2]
 [ 0  3 -1]
 [-2  2 -1]
 [ 1  3  0]
 [ 2  4  2]
 [-1  2  0]
 [ 1  1  0]
 [ 2  3  0]
 [ 2  3  1]] 

4 Objective = 10.102855929007928
4 Group Members: 
[[ 0  4  1]
 [-1  4  1]
 [-2  3 -2]
 [ 0  1  0]
 [-2  2 -1]
 [ 1  3  0]
 [ 2  4  2]
 [ 0  3 -1]
 [ 2  3  1]
 [-1  4  0]
 [-2  2 -2]
 [ 1  2  1]
 [ 2  4  3]
 [ 1  1  0]
 [-2  1 -1]
 [ 2  3  0]
 [ 0  2  0]
 [-2  4 -1]
 [-2  3 -3]
 [-2  4  0]] 

5 Objective = 10.136606408457824
5 Group Members: 
[[-2  4  0]
 [-1  4  0]
 [ 2  3  0]
 [-1  4  1]
 [ 0  2  0]
 [-2  2 -1]
 [ 2  2  1]
 [ 2  4  2]
 [ 2  3  1]
 [-2  1 -1]
 [ 1  4  1]
 [ 2  4  3]
 [-2  3 -2]
 [ 0  3 -1]
 [ 0  4  1]
 [ 0  1  0]
 [ 1  1  0]
 [-2  4 -1]
 [ 1  3  0]
 [-2  2 -2]
 [-2  3 -3]] 

6 Objective = 10.142667728365211
6 Group Members: 
[[ 0  3 -1]
 [-2  1 -1]
 [-2  4 -1]
 [-2  2 -2]
 [ 2  4  2]
 [-2  3 -3]
 [-2  2 -1]
 [ 0  2  0]
 [ 2  4  3]
 [ 0  3  0]
 [-1  3 -2]
 [ 1  1  0]
 [ 0  1  0]
 [ 2  3  1]
 [-2  4  0]
 [-2  3 -2]
 [-1  4  1]
 [ 2  3  0]
 [ 0  4  1]
 [ 2  2  1]] 

7 Objective = 10.194243845210531
7 Group Members: 
[[-2  2 -1]
 [ 2  4  3]
 [-2  4  0]
 [ 0  2  0]
 [-2  3 -2]
 [ 1  1  0]
 [ 0  1  0]
 [ 2  2  1]
 [ 0  4  1]
 [-1  3 -1]
 [ 2  3  0]
 [-1  3 -2]
 [ 1  4  2]
 [ 0  3 -1]
 [ 2  4  2]
 [ 2  3  1]
 [ 1  3  0]
 [ 1  2  0]
 [-2  1 -1]
 [-2  4 -1]
 [-1  4  1]
 [-2  2 -2]
 [-2  3 -3]] 

8 Objective = 10.255370850410035
8 Group Members: 
[[-2  3 -3]
 [ 0  3 -1]
 [-2  4 -1]
 [ 0  2  0]
 [-1  4  1]
 [ 2  4  2]
 [ 2  3  1]
 [-2  4  0]
 [ 0  3  0]
 [ 2  2  1]
 [ 1  3  0]
 [-2  3 -2]
 [ 0  1  0]
 [ 0  4  1]
 [ 2  4  3]
 [-2  2 -2]
 [-2  1 -1]
 [-2  2 -1]
 [ 1  1  0]
 [-1  3 -2]
 [ 2  3  0]] 

9 Objective = 10.269950318061976
9 Group Members: 
[[-1  3 -2]
 [ 1  4  2]
 [ 1  3  0]
 [ 1  4  1]
 [ 0  4  1]
 [ 2  4  2]
 [ 2  4  3]
 [ 0  3 -1]
 [ 1  1  0]
 [ 0  2  0]
 [ 2  3  0]
 [-2  2 -2]
 [-2  1 -1]
 [-1  2  0]
 [-2  4 -1]
 [ 2  3  1]
 [-2  4  0]
 [ 2  2  1]
 [-2  3 -3]
 [-2  3 -2]
 [-2  2 -1]] 

10 Objective = 10.301065299182286
10 Group Members: 
[[-2  4  0]
 [-1  3 -2]
 [ 1  4  2]
 [ 0  1  0]
 [ 0  2  0]
 [-2  2 -1]
 [-1  2  0]
 [-2  2 -2]
 [ 2  4  2]
 [ 1  1  0]
 [-1  4  0]
 [-1  4  1]
 [ 2  4  3]
 [ 2  3  1]
 [-2  3 -2]
 [ 2  3  0]
 [-2  3 -3]
 [ 0  3 -1]
 [-2  1 -1]
 [ 0  4  1]
 [ 2  2  1]
 [ 1  3  0]
 [-2  4 -1]] 

