Total number of initial group guesses: 500. 

1 Objective = 10.194243845210536
1 Group Members: 
[[-2  2 -2]
 [-1  4  1]
 [-2  4 -1]
 [-1  3 -1]
 [ 2  3  0]
 [-2  1 -1]
 [ 1  3  0]
 [ 2  4  2]
 [ 2  2  1]
 [ 0  3 -1]
 [-1  3 -2]
 [-2  4  0]
 [ 2  4  3]
 [ 1  1  0]
 [ 1  2  0]
 [ 0  1  0]
 [-2  2 -1]
 [ 0  4  1]
 [-2  3 -2]
 [ 1  4  2]
 [ 0  2  0]
 [ 2  3  1]
 [-2  3 -3]] 

2 Objective = 10.550442578453954
2 Group Members: 
[[ 1  3 -1]
 [-2  2 -2]
 [ 0  3 -1]
 [-1  4  1]
 [-1  3 -1]
 [ 2  3  1]
 [ 0  4  1]
 [-2  3 -3]
 [ 1  1  0]
 [-2  3 -2]
 [ 2  2  1]
 [-2  1 -1]
 [ 0  1  0]
 [ 1  3  0]
 [-2  4 -1]
 [ 0  2  0]
 [-1  2 -1]
 [ 1  4  2]
 [ 2  4  3]
 [ 2  4  2]
 [-2  4  0]
 [-2  2 -1]] 

3 Objective = 10.646696832592506
3 Group Members: 
[[ 1  1  0]
 [ 2  3  1]
 [-2  3 -2]
 [ 1  3  0]
 [-2  4 -1]
 [ 0  1  0]
 [-2  2 -1]
 [-1  1  0]
 [ 2  2  1]
 [-2  3 -3]
 [-2  4  0]
 [-2  2 -2]
 [-2  1 -1]
 [ 0  3 -1]
 [ 2  4  3]
 [-1  3 -2]
 [ 2  4  2]
 [ 2  3  0]
 [ 0  2  0]
 [ 1  4  2]
 [ 0  4  1]
 [-1  4  0]] 

4 Objective = 11.280059194818762
4 Group Members: 
[[-1  2 -1]
 [ 0  3 -1]
 [-2  4  0]
 [ 0  4  1]
 [ 2  4  2]
 [ 2  4  3]
 [ 0  1  0]
 [-1  4  0]
 [ 2  2  1]
 [ 1  3  0]
 [ 2  3  1]
 [-1  3 -2]
 [-2  2 -1]
 [-2  3 -3]
 [-2  4 -1]
 [-1  4  1]
 [ 1  1  0]
 [ 2  3  0]
 [ 2  1  1]
 [-2  3 -2]
 [ 0  2  0]
 [-2  1 -1]] 

5 Objective = 11.485531078394292
5 Group Members: 
[[-2  4 -1]
 [ 0  1  0]
 [ 0  4  1]
 [-2  3 -3]
 [ 2  3  1]
 [ 0  2  0]
 [-2  4  0]
 [ 2  4  2]
 [-2  2 -2]
 [-1  4  0]
 [ 1  3  0]
 [-2  3 -2]
 [-2  2 -1]
 [ 2  2  1]
 [ 0  3  0]
 [-1  3 -2]
 [ 1  2  0]
 [ 0  3 -1]
 [-2  1 -1]
 [ 2  3  0]
 [ 1  1  0]
 [-1  3 -1]
 [ 1  4  2]
 [ 2  4  3]] 

6 Objective = 11.750057705491784
6 Group Members: 
[[ 0  3 -1]
 [ 2  4  3]
 [-2  3 -3]
 [ 2  4  2]
 [-1  4  1]
 [ 2  2  1]
 [-2  3 -2]
 [ 1  2  0]
 [ 2  3  2]
 [-2  4 -1]
 [ 2  3  0]
 [ 0  1  0]
 [ 1  3  0]
 [ 0  2  0]
 [ 0  4  1]
 [ 1  3 -1]
 [-1  3 -2]
 [ 2  3  1]
 [-2  2 -1]
 [-1  2  0]
 [-2  4  0]
 [-2  1 -1]] 

7 Objective = 11.832691032158738
7 Group Members: 
[[ 1  1  0]
 [ 0  3 -1]
 [ 0  4  1]
 [-1  3 -2]
 [ 2  4  3]
 [-2  3 -3]
 [-2  4  0]
 [-2  1 -1]
 [ 2  3  1]
 [-2  2 -2]
 [ 1  2  0]
 [ 2  3  0]
 [-1  2  0]
 [-2  4 -1]
 [ 1  3  0]
 [-2  3 -2]
 [-1  3 -1]
 [ 2  4  2]
 [ 0  2  0]
 [ 1  3 -1]
 [ 0  1  0]
 [-1  4  1]
 [-1  2 -1]
 [ 2  2  1]
 [-2  2 -1]] 

8 Objective = 12.163834796225908
8 Group Members: 
[[ 0  3 -1]
 [-1  4  1]
 [-2  3 -3]
 [-1  4  0]
 [ 2  4  2]
 [-2  4 -1]
 [ 0  1  0]
 [ 2  4  3]
 [-2  2 -2]
 [ 2  3  1]
 [ 1  3  0]
 [ 2  2  1]
 [-2  4  0]
 [ 1  1  0]
 [ 2  3  2]
 [ 1  4  2]
 [ 2  3  0]
 [-2  3 -2]
 [ 0  2  0]
 [-1  3 -1]
 [-1  2 -1]] 

9 Objective = 12.183723738549094
9 Group Members: 
[[ 1  4  1]
 [-2  4 -1]
 [-2  1 -1]
 [-2  4  0]
 [ 0  3  0]
 [-1  4  1]
 [ 2  4  2]
 [ 2  3  0]
 [-2  2 -2]
 [ 2  4  3]
 [-1  4  0]
 [ 2  3  1]
 [-1  2  0]
 [-2  3 -2]
 [ 0  1  0]
 [ 0  4  1]
 [-2  2 -1]
 [-1  3 -2]
 [ 1  1  0]
 [ 0  2  0]
 [ 2  2  1]
 [ 0  3 -1]
 [-2  3 -3]
 [ 1  4  2]
 [ 1  3  0]] 

10 Objective = 12.230229767565643
10 Group Members: 
[[ 2  4  2]
 [-2  4 -1]
 [ 1  4  2]
 [-1  4  1]
 [-2  3 -3]
 [-1  4  0]
 [ 0  3  0]
 [-1  2  0]
 [-1  3 -1]
 [-2  4  0]
 [-2  1 -1]
 [ 2  4  3]
 [ 0  4  1]
 [ 1  1  0]
 [ 1  2  0]
 [-2  3 -2]
 [ 0  3 -1]
 [-1  3 -2]
 [-2  2 -1]
 [ 2  3  0]
 [ 0  1  0]
 [ 2  2  1]
 [-2  2 -2]
 [ 2  3  1]
 [ 1  3  0]
 [ 0  2  0]] 

