Total number of initial group guesses: 500. 

1 Objective = 12.94880497817268
1 Group Members: 
[[-2  3 -2]
 [ 2  3  0]
 [ 0  4  1]
 [ 0  3 -1]
 [ 0  1  0]
 [-2  4  0]
 [-1  3 -1]
 [ 2  3  2]
 [-2  1 -1]
 [ 2  4  3]
 [ 1  4  2]
 [ 2  4  2]
 [ 2  3  1]
 [ 1  1  0]
 [-2  3 -3]
 [-2  2 -2]
 [ 0  2  0]
 [-1  4  1]
 [-1  3 -2]
 [ 1  3  0]
 [-2  4 -1]
 [ 2  2  1]
 [-2  2 -1]] 

2 Objective = 13.514261902361666
2 Group Members: 
[[-2  4  0]
 [ 0  4  1]
 [ 0  1  0]
 [ 2  2  1]
 [-2  2 -1]
 [-1  4  1]
 [-2  1 -1]
 [ 2  1  1]
 [-2  3 -3]
 [ 0  2  0]
 [-2  2 -2]
 [-1  3 -1]
 [ 0  3 -1]
 [ 2  4  3]
 [-2  3 -2]
 [ 2  3  1]
 [-1  3 -2]
 [-2  4 -1]
 [ 1  3  0]
 [ 2  3  0]
 [ 1  4  2]
 [ 2  4  2]
 [ 1  4  1]] 

3 Objective = 14.089774780121203
3 Group Members: 
[[ 2  2  2]
 [-1  3 -1]
 [ 0  2  0]
 [-2  4 -1]
 [ 0  4  1]
 [ 0  1  0]
 [-2  3 -3]
 [ 2  2  1]
 [ 2  4  3]
 [ 2  3  1]
 [ 1  4  2]
 [-2  2 -2]
 [-1  2  0]
 [ 2  4  2]
 [-2  3 -2]
 [-2  1 -1]
 [-1  3 -2]
 [ 2  3  0]
 [ 0  3 -1]
 [-2  2 -1]
 [-2  4  0]
 [ 1  1  0]
 [ 1  4  1]] 

4 Objective = 14.096852504312174
4 Group Members: 
[[-2  4 -1]
 [ 2  2  2]
 [ 0  1  0]
 [ 1  3  0]
 [-2  3 -2]
 [ 2  4  3]
 [ 1  1  0]
 [-2  4  0]
 [-2  2 -1]
 [ 2  2  1]
 [-1  3 -2]
 [-2  2 -2]
 [ 2  3  0]
 [-2  1 -1]
 [ 2  4  2]
 [-1  4  0]
 [-2  3 -3]
 [ 2  3  1]
 [ 1  4  2]
 [ 0  2  0]
 [ 0  3 -1]
 [ 0  4  1]
 [-1  1  0]] 

5 Objective = 14.835095095594601
5 Group Members: 
[[ 2  3  2]
 [ 0  4  1]
 [ 0  2  0]
 [ 1  1  0]
 [ 0  3 -1]
 [ 2  3  0]
 [-1  4  0]
 [ 2  4  2]
 [-2  3 -2]
 [ 1  3  0]
 [-1  3 -1]
 [-2  1 -1]
 [-2  2 -2]
 [-1  2 -1]
 [ 1  4  2]
 [-2  4  0]
 [ 0  3  0]
 [ 2  2  1]
 [-2  3 -3]
 [ 2  3  1]
 [ 2  4  3]
 [-1  4  1]
 [-2  4 -1]
 [-2  2 -1]
 [ 0  1  0]] 

6 Objective = 14.97247642305696
6 Group Members: 
[[ 1  1  0]
 [ 0  3 -1]
 [-2  4  0]
 [-1  4  0]
 [-2  4 -1]
 [-2  3 -2]
 [ 0  1  0]
 [-2  3 -3]
 [ 2  3  0]
 [-2  2 -1]
 [ 2  2  1]
 [ 2  4  3]
 [ 1  3  0]
 [-1  4  1]
 [ 0  4  1]
 [ 2  3  2]
 [ 2  1  0]
 [ 2  3  1]
 [-2  1 -1]
 [ 2  2  2]
 [ 0  2  0]
 [ 2  4  2]] 

7 Objective = 15.0121963804688
7 Group Members: 
[[ 1  4  1]
 [ 1  3 -1]
 [ 2  4  3]
 [ 2  3  0]
 [-2  3 -3]
 [ 2  3  2]
 [ 0  3 -1]
 [-2  1 -1]
 [ 0  2  0]
 [ 0  1  0]
 [ 1  1  0]
 [-2  3 -2]
 [-1  2  0]
 [-2  4  0]
 [ 1  4  2]
 [ 0  4  1]
 [-2  4 -1]
 [ 1  3  0]
 [-1  4  1]
 [-2  2 -2]
 [-1  3 -2]
 [ 2  3  1]
 [ 2  2  1]
 [-2  2 -1]
 [ 2  4  2]
 [ 1  2  0]] 

8 Objective = 15.12929335454361
8 Group Members: 
[[-2  4 -1]
 [-2  3 -3]
 [ 2  1  1]
 [ 2  2  1]
 [-1  3 -1]
 [ 1  3 -1]
 [-1  2  0]
 [ 1  2  0]
 [ 1  4  2]
 [ 0  1  0]
 [ 0  2  0]
 [-2  2 -2]
 [ 1  3  0]
 [ 2  4  3]
 [ 1  1  0]
 [ 0  4  1]
 [-2  4  0]
 [-1  4  1]
 [-2  2 -1]
 [ 2  3  1]
 [-2  3 -2]
 [-1  3 -2]
 [ 2  4  2]
 [-2  1 -1]
 [ 1  4  1]
 [ 0  3 -1]] 

9 Objective = 15.174916597864032
9 Group Members: 
[[-2  2 -2]
 [ 0  2  0]
 [-2  4 -1]
 [-2  3 -3]
 [-1  4  1]
 [ 2  3  2]
 [-1  3 -1]
 [-2  4  0]
 [ 2  3  0]
 [-1  3 -2]
 [ 0  4  1]
 [-2  2 -1]
 [ 1  4  2]
 [ 2  1  1]
 [ 2  2  1]
 [-2  1 -1]
 [-2  3 -2]
 [ 1  2  0]
 [ 0  1  0]
 [ 2  4  2]
 [ 1  3  0]
 [ 2  3  1]] 

10 Objective = 15.187358766015345
10 Group Members: 
[[ 2  2  1]
 [-1  3 -2]
 [-2  3 -2]
 [ 0  3 -1]
 [ 0  2  0]
 [ 2  4  3]
 [ 1  2  0]
 [ 2  3  0]
 [ 0  4  1]
 [ 2  2  2]
 [ 1  4  2]
 [-2  3 -3]
 [-1  3 -1]
 [ 0  1  0]
 [-2  1 -1]
 [-2  2 -1]
 [-2  4  0]
 [-1  2 -1]
 [-1  2  0]
 [ 2  3  1]
 [-2  2 -2]
 [-2  4 -1]
 [ 1  3 -1]
 [ 1  3  0]
 [ 1  1  0]
 [ 2  4  2]] 

