Total number of initial group guesses: 5000. 

1 Objective = 130.420435072506
1 Group Members: 
[[-1  1  1]
 [ 0  1  1]
 [-1  4  0]
 [ 1  1  1]
 [ 1  3  0]
 [-1  2 -2]
 [-2  4  0]
 [ 0  2 -2]
 [-1  4 -1]
 [ 1  1  0]
 [-1  2  0]
 [ 2  3  0]
 [ 0  1 -1]
 [-1  2  1]
 [-1  3  0]
 [-1  3 -2]
 [ 1  2 -1]
 [ 0  4 -2]
 [-1  3 -1]
 [-1  3  1]
 [-2  1 -1]
 [ 0  3 -1]
 [ 0  4  1]
 [-2  1  0]
 [ 0  3  0]
 [ 0  2  0]
 [-1  4 -3]
 [-2  3  0]
 [ 0  4 -1]
 [ 0  2  2]
 [ 2  2  0]
 [-1  3 -3]
 [-2  3 -2]
 [-2  3 -1]
 [ 1  2  2]
 [-1  1 -1]
 [-1  4 -2]
 [ 0  4  2]
 [-2  2 -2]
 [-1  2 -1]
 [ 1  4 -1]
 [ 1  3 -1]
 [-1  4  1]
 [ 2  1  1]
 [-1  1  0]
 [ 1  1 -1]
 [-2  4 -3]
 [ 1  3  3]
 [ 1  4  1]
 [-2  4 -4]
 [-2  2 -1]
 [ 1  3  2]
 [-2  3 -3]
 [-2  2  0]
 [ 2  4  1]
 [ 2  3  1]
 [ 0  4  0]
 [-2  4 -1]
 [ 1  4  0]
 [ 0  2 -1]
 [ 1  4  3]
 [-2  4 -2]
 [ 1  4  2]
 [ 2  1  0]
 [ 0  1  0]
 [ 1  2  1]
 [ 1  2  0]
 [ 2  3  2]
 [ 1  3  1]
 [ 0  2  1]
 [ 0  3  2]
 [ 2  2  1]
 [ 0  3  1]
 [ 2  4  0]
 [ 0  3 -2]
 [ 2  4  2]
 [ 2  4  3]
 [ 2  3  3]
 [ 2  2  2]
 [ 2  4  4]] 

2 Objective = 130.420435072506
2 Group Members: 
[[-2  3  0]
 [-2  4 -4]
 [-2  3 -2]
 [-2  4  0]
 [-2  2 -1]
 [-2  1  0]
 [-2  1 -1]
 [-2  4 -3]
 [-2  4 -2]
 [-2  3 -1]
 [-2  4 -1]
 [-2  2 -2]
 [-2  2  0]
 [ 0  3 -1]
 [-2  3 -3]
 [-1  2  0]
 [ 0  3 -2]
 [-1  3 -3]
 [-1  3 -2]
 [ 0  4  2]
 [ 1  4  0]
 [-1  2 -1]
 [-1  1  0]
 [ 1  2 -1]
 [ 0  4 -2]
 [ 0  2 -2]
 [ 0  4 -1]
 [ 0  3  0]
 [ 0  2 -1]
 [ 0  3  1]
 [ 0  1  1]
 [-1  2 -2]
 [ 0  1 -1]
 [-1  4 -1]
 [ 0  4  1]
 [-1  3  1]
 [-1  3 -1]
 [ 0  1  0]
 [-1  1 -1]
 [ 1  3  0]
 [-1  4 -2]
 [ 1  4 -1]
 [-1  4 -3]
 [ 1  1 -1]
 [ 0  3  2]
 [-1  1  1]
 [-1  4  0]
 [-1  4  1]
 [ 1  3  2]
 [-1  3  0]
 [ 1  3  1]
 [ 1  4  1]
 [ 0  4  0]
 [ 1  3 -1]
 [-1  2  1]
 [ 1  2  1]
 [ 2  3  0]
 [ 1  2  2]
 [ 0  2  2]
 [ 1  3  3]
 [ 1  1  1]
 [ 0  2  1]
 [ 1  2  0]
 [ 2  1  0]
 [ 2  2  1]
 [ 0  2  0]
 [ 2  4  1]
 [ 2  3  2]
 [ 1  4  2]
 [ 2  3  3]
 [ 1  4  3]
 [ 1  1  0]
 [ 2  3  1]
 [ 2  2  2]
 [ 2  4  0]
 [ 2  1  1]
 [ 2  2  0]
 [ 2  4  2]
 [ 2  4  3]
 [ 2  4  4]] 

3 Objective = 130.420435072506
3 Group Members: 
[[-1  3 -3]
 [-1  4  0]
 [-1  3 -1]
 [-1  4 -1]
 [ 0  4 -1]
 [-1  4  1]
 [-1  3 -2]
 [-1  2  1]
 [-1  1 -1]
 [-2  3 -1]
 [-2  4  0]
 [-1  2 -1]
 [-1  2 -2]
 [-1  4 -3]
 [-2  4 -1]
 [-2  2 -1]
 [-1  4 -2]
 [-1  1  1]
 [-1  1  0]
 [-1  2  0]
 [-1  3  0]
 [ 2  1  0]
 [ 1  4 -1]
 [-2  4 -2]
 [-2  1 -1]
 [-2  2  0]
 [-1  3  1]
 [ 0  1  1]
 [ 2  1  1]
 [ 1  3  1]
 [ 1  3  0]
 [ 2  3  1]
 [ 1  4  0]
 [ 1  1  1]
 [ 1  1 -1]
 [-2  4 -3]
 [ 0  1 -1]
 [ 2  4  0]
 [-2  2 -2]
 [-2  4 -4]
 [ 0  3  1]
 [ 0  4  2]
 [ 0  4 -2]
 [ 1  2  1]
 [ 0  2 -2]
 [ 0  4  0]
 [ 0  3  0]
 [ 1  2 -1]
 [-2  3 -2]
 [ 2  2  0]
 [ 1  3 -1]
 [ 0  2  0]
 [ 1  4  3]
 [-2  3 -3]
 [-2  1  0]
 [ 1  2  0]
 [ 2  4  2]
 [ 0  2 -1]
 [ 0  1  0]
 [-2  3  0]
 [ 1  4  2]
 [ 0  3  2]
 [ 1  1  0]
 [ 0  3 -2]
 [ 2  2  1]
 [ 0  4  1]
 [ 0  3 -1]
 [ 2  4  1]
 [ 1  4  1]
 [ 2  4  4]
 [ 0  2  1]
 [ 2  2  2]
 [ 1  2  2]
 [ 0  2  2]
 [ 1  3  2]
 [ 2  3  0]
 [ 1  3  3]] 

4 Objective = 130.420435072506
4 Group Members: 
[[ 0  3 -2]
 [ 0  3  2]
 [ 0  2  0]
 [ 0  4  1]
 [ 2  4  1]
 [ 0  2  2]
 [ 0  2 -2]
 [ 0  1  0]
 [-2  1  0]
 [ 0  3  0]
 [ 0  4  0]
 [ 0  4 -2]
 [ 1  1  0]
 [ 0  3 -1]
 [ 0  3  1]
 [ 1  3  0]
 [-2  3  0]
 [ 0  4  2]
 [ 0  2 -1]
 [ 1  2 -1]
 [ 1  2  0]
 [-1  2 -1]
 [ 0  4 -1]
 [ 1  2  1]
 [ 1  2  2]
 [-1  3  1]
 [-1  4 -2]
 [-1  3  0]
 [ 2  3  0]
 [-2  4 -4]
 [ 2  4  0]
 [ 1  4  0]
 [ 2  2  2]
 [ 0  2  1]
 [-2  1 -1]
 [ 2  4  4]
 [ 2  4  3]
 [ 2  2  1]
 [ 1  3 -1]
 [-1  4  1]
 [ 2  3  3]
 [ 1  4 -1]
 [ 0  1  1]
 [ 2  3  2]
 [ 1  1  1]
 [ 2  2  0]
 [-1  2 -2]
 [-2  4 -1]
 [ 1  4  3]
 [ 0  1 -1]
 [ 1  1 -1]
 [-1  1  0]
 [ 1  3  2]
 [-1  1  1]
 [-2  4  0]
 [ 2  1  1]
 [-2  2 -2]
 [ 1  4  2]
 [-1  2  1]
 [ 2  3  1]
 [ 2  1  0]
 [ 1  3  1]
 [ 1  3  3]
 [-1  4  0]
 [-1  3 -1]
 [-2  2 -1]
 [ 1  4  1]
 [-1  2  0]
 [ 2  4  2]
 [-1  1 -1]
 [-1  4 -1]
 [-1  3 -2]
 [-2  4 -2]
 [-1  3 -3]
 [-2  2  0]
 [-1  4 -3]] 

5 Objective = 130.420435072506
5 Group Members: 
[[-1  3  0]
 [-1  3 -2]
 [-1  4  0]
 [-1  4  1]
 [-1  3 -3]
 [-1  1  1]
 [-1  1 -1]
 [-1  2  0]
 [-1  4 -2]
 [-1  4 -3]
 [-1  2  1]
 [-1  3 -1]
 [-1  2 -1]
 [-1  4 -1]
 [-1  2 -2]
 [ 0  2 -2]
 [ 0  2  0]
 [-2  2 -2]
 [ 0  3  0]
 [ 0  3  2]
 [ 2  2  0]
 [ 0  2 -1]
 [ 0  3 -1]
 [-1  3  1]
 [ 1  4  1]
 [ 0  2  1]
 [-2  2  0]
 [ 0  1  1]
 [ 0  2  2]
 [ 0  3  1]
 [ 2  4  1]
 [ 0  1  0]
 [ 1  3 -1]
 [-2  3  0]
 [ 1  4 -1]
 [ 2  3  0]
 [ 0  4  1]
 [ 0  4  0]
 [ 2  1  0]
 [-2  4 -2]
 [-2  1  0]
 [-2  4 -3]
 [ 1  1  1]
 [ 2  3  1]
 [ 1  3  0]
 [ 0  4  2]
 [ 2  1  1]
 [ 2  4  2]
 [-2  2 -1]
 [ 2  4  0]
 [ 0  4 -2]
 [ 1  3  1]
 [ 0  1 -1]
 [ 0  3 -2]
 [ 1  2  1]
 [ 0  4 -1]
 [-2  4  0]
 [-2  4 -4]
 [ 1  1 -1]
 [-2  3 -3]
 [-2  3 -2]
 [ 2  3  2]
 [ 1  1  0]
 [ 1  4  3]
 [ 1  2  0]
 [-1  1  0]
 [ 1  3  2]
 [-2  4 -1]
 [ 1  4  2]
 [ 1  2 -1]
 [-2  1 -1]
 [ 2  4  3]
 [ 2  4  4]
 [ 2  2  1]
 [ 1  4  0]
 [-2  3 -1]
 [ 1  2  2]
 [ 1  3  3]] 

6 Objective = 130.420435072506
6 Group Members: 
[[ 1  4  3]
 [ 1  4  2]
 [ 1  2 -1]
 [ 1  3  2]
 [ 1  3  1]
 [ 1  1  0]
 [ 1  3  3]
 [ 1  3  0]
 [ 1  2  2]
 [ 1  4  1]
 [ 0  3  0]
 [ 1  1 -1]
 [ 1  4  0]
 [ 1  3 -1]
 [ 1  1  1]
 [ 1  4 -1]
 [ 2  1  1]
 [ 0  4  2]
 [ 2  1  0]
 [ 2  4  2]
 [ 1  2  1]
 [ 1  2  0]
 [ 2  2  2]
 [ 0  3  1]
 [ 0  2  0]
 [ 0  3  2]
 [ 0  3 -1]
 [ 0  2  2]
 [ 2  4  3]
 [ 0  3 -2]
 [ 2  3  1]
 [ 2  3  3]
 [ 2  4  0]
 [ 2  4  4]
 [-2  4 -1]
 [ 0  4  0]
 [ 2  4  1]
 [-2  1  0]
 [-1  3  1]
 [ 0  1  0]
 [ 0  4 -2]
 [-1  4 -3]
 [ 2  3  0]
 [ 0  2 -1]
 [ 2  3  2]
 [-1  4 -1]
 [-1  1  1]
 [ 0  4  1]
 [-1  2  0]
 [ 0  2 -2]
 [-2  4  0]
 [ 0  4 -1]
 [-1  3 -1]
 [-1  2 -2]
 [-2  4 -2]
 [ 0  1  1]
 [ 2  2  1]
 [-2  2 -2]
 [-1  1  0]
 [-2  3 -1]
 [-1  4  0]
 [-1  3 -2]
 [-1  4  1]
 [ 2  2  0]
 [ 0  1 -1]
 [-1  2 -1]
 [-1  2  1]
 [ 0  2  1]
 [-2  2  0]
 [-1  4 -2]
 [-1  3  0]
 [-1  3 -3]
 [-1  1 -1]
 [-2  1 -1]
 [-2  2 -1]
 [-2  4 -3]
 [-2  4 -4]] 

7 Objective = 130.420435072506
7 Group Members: 
[[ 0  2 -2]
 [ 0  1  1]
 [ 0  3 -1]
 [ 0  3 -2]
 [ 0  3  0]
 [ 0  4 -1]
 [ 0  3  2]
 [ 0  2 -1]
 [ 0  2  2]
 [ 1  3  0]
 [ 0  4  0]
 [ 0  1  0]
 [ 0  1 -1]
 [ 0  4 -2]
 [ 2  1  1]
 [ 1  1  1]
 [ 0  4  2]
 [ 2  3  1]
 [ 2  1  0]
 [-1  1  0]
 [-2  1 -1]
 [ 0  4  1]
 [ 0  2  1]
 [ 0  2  0]
 [ 0  3  1]
 [ 2  4  4]
 [ 2  3  2]
 [ 2  3  0]
 [ 1  1 -1]
 [ 2  2  1]
 [ 1  4  1]
 [ 2  2  0]
 [ 2  4  0]
 [ 1  3 -1]
 [-1  2  1]
 [-2  2  0]
 [-1  3 -1]
 [ 2  4  2]
 [-1  3  1]
 [-1  2  0]
 [-1  4  0]
 [-2  3  0]
 [ 1  2  0]
 [ 2  4  1]
 [ 2  4  3]
 [ 1  4  2]
 [-2  4 -2]
 [-1  2 -1]
 [-2  2 -2]
 [-2  3 -2]
 [-1  2 -2]
 [ 1  3  1]
 [ 1  4  0]
 [-1  3  0]
 [ 2  3  3]
 [ 1  3  3]
 [-2  4 -1]
 [ 1  3  2]
 [ 1  1  0]
 [ 1  4  3]
 [-1  4 -2]
 [-2  4 -4]
 [ 2  2  2]
 [ 1  2  1]
 [-1  1  1]
 [ 1  2  2]
 [ 1  4 -1]
 [ 1  2 -1]
 [-1  4  1]
 [-1  1 -1]
 [-1  3 -2]
 [-2  3 -1]
 [-2  4  0]
 [-2  1  0]
 [-1  4 -1]
 [-1  4 -3]
 [-2  4 -3]
 [-2  3 -3]] 

8 Objective = 130.420435072506
8 Group Members: 
[[-1  1  0]
 [-1  1  1]
 [-1  4  1]
 [-1  2  1]
 [-1  4 -2]
 [-1  3 -1]
 [-1  2 -2]
 [-1  3 -2]
 [-1  1 -1]
 [-1  4 -3]
 [-1  2 -1]
 [-1  3  0]
 [-1  4  0]
 [-2  4  0]
 [-1  2  0]
 [-2  1  0]
 [-1  4 -1]
 [-1  3  1]
 [ 1  4  0]
 [ 2  2  1]
 [ 0  3  0]
 [-2  4 -1]
 [ 0  2  1]
 [ 1  2  1]
 [-1  3 -3]
 [ 2  4  4]
 [-2  4 -3]
 [ 1  1  0]
 [ 0  4  1]
 [ 2  4  3]
 [-2  3  0]
 [ 2  3  1]
 [-2  2 -1]
 [ 0  4  0]
 [ 0  3  1]
 [-2  4 -2]
 [ 1  3  0]
 [-2  3 -2]
 [ 0  1  0]
 [ 0  2 -1]
 [ 2  4  0]
 [-2  4 -4]
 [ 1  3  1]
 [-2  1 -1]
 [ 2  1  0]
 [-2  2 -2]
 [ 2  3  0]
 [-2  3 -1]
 [ 0  4 -2]
 [-2  2  0]
 [ 2  3  2]
 [ 2  2  0]
 [-2  3 -3]
 [ 2  3  3]
 [ 0  2  0]
 [ 0  4 -1]
 [ 0  3 -2]
 [ 1  4 -1]
 [ 1  4  1]
 [ 2  1  1]
 [ 0  1  1]
 [ 0  3 -1]
 [ 1  1 -1]
 [ 2  4  1]
 [ 1  2  0]
 [ 0  3  2]
 [ 2  2  2]
 [ 1  3  2]
 [ 1  3  3]
 [ 0  1 -1]
 [ 0  2 -2]
 [ 1  2 -1]
 [ 2  4  2]] 

9 Objective = 130.420435072506
9 Group Members: 
[[ 0  2  2]
 [ 0  4  0]
 [ 0  1  1]
 [ 0  2 -2]
 [ 2  1  1]
 [ 0  4  2]
 [ 0  1 -1]
 [ 1  1 -1]
 [ 1  2 -1]
 [ 0  4 -2]
 [ 2  2  1]
 [ 2  4  0]
 [ 0  2  1]
 [ 2  1  0]
 [ 0  3  0]
 [ 0  3 -1]
 [ 2  3  1]
 [ 0  1  0]
 [-2  2 -2]
 [ 1  1  0]
 [ 2  4  1]
 [ 0  4 -1]
 [-1  2 -1]
 [ 0  3 -2]
 [ 0  4  1]
 [ 0  2 -1]
 [-2  1  0]
 [ 1  1  1]
 [ 0  3  1]
 [ 0  3  2]
 [-1  2 -2]
 [ 2  3  2]
 [-1  3 -2]
 [ 1  4  2]
 [ 0  2  0]
 [ 2  4  2]
 [ 2  4  4]
 [ 1  3  2]
 [-1  1  1]
 [ 1  4  0]
 [ 1  4  1]
 [-1  3 -1]
 [-1  2  1]
 [ 1  2  0]
 [ 2  4  3]
 [ 1  2  1]
 [-2  1 -1]
 [-1  3  1]
 [-1  4  0]
 [ 1  3  1]
 [-2  3  0]
 [ 2  3  3]
 [ 2  3  0]
 [ 2  2  0]
 [ 2  2  2]
 [-2  4 -2]
 [-1  3  0]
 [-1  4 -2]
 [-1  4  1]
 [-1  1 -1]
 [ 1  3 -1]
 [ 1  3  3]
 [-2  2  0]
 [-1  2  0]
 [-1  3 -3]
 [-2  4 -4]
 [-2  3 -2]
 [-2  2 -1]
 [ 1  3  0]
 [-2  4  0]
 [ 1  2  2]
 [-1  4 -1]
 [ 1  4 -1]
 [-2  3 -3]
 [-2  4 -1]
 [-2  4 -3]] 

10 Objective = 130.420435072506
10 Group Members: 
[[ 0  3 -2]
 [ 0  4 -1]
 [ 0  2  0]
 [-1  2  0]
 [ 0  3  1]
 [ 0  2 -2]
 [ 0  3 -1]
 [ 0  2  1]
 [ 0  3  2]
 [ 0  1  1]
 [-2  2 -2]
 [ 0  2 -1]
 [-2  4 -4]
 [ 0  4  0]
 [-2  4 -3]
 [ 0  3  0]
 [ 1  3  2]
 [-2  3  0]
 [-2  2 -1]
 [ 0  4 -2]
 [ 0  1 -1]
 [-2  2  0]
 [-2  1 -1]
 [-2  1  0]
 [ 0  4  2]
 [ 0  4  1]
 [ 2  3  0]
 [ 1  1  0]
 [ 0  2  2]
 [ 0  1  0]
 [ 2  2  2]
 [ 1  3  0]
 [-1  1  0]
 [-1  1 -1]
 [-2  3 -2]
 [-2  4 -1]
 [-2  4 -2]
 [-2  3 -3]
 [ 1  2  0]
 [-2  3 -1]
 [-2  4  0]
 [ 1  1 -1]
 [-1  3 -2]
 [-1  2 -1]
 [ 2  1  0]
 [ 1  4 -1]
 [ 1  2 -1]
 [ 1  3  3]
 [ 1  4  2]
 [-1  3 -1]
 [ 1  4  1]
 [ 2  2  0]
 [-1  4  0]
 [-1  4 -2]
 [ 1  2  2]
 [ 1  2  1]
 [ 2  4  0]
 [ 1  3 -1]
 [ 2  1  1]
 [ 2  4  2]
 [ 2  3  3]
 [ 2  3  2]
 [ 1  3  1]
 [-1  3  0]
 [-1  4 -1]
 [ 2  4  4]
 [-1  2 -2]
 [ 1  4  0]
 [-1  4 -3]
 [ 1  1  1]
 [ 1  4  3]] 

