Total number of initial group guesses: 100. 

1 Cost = 0.1349855450163415
1 Group Members: 
[[ 0 -2]
 [ 3 -2]
 [ 3 -1]
 [ 3 -3]
 [ 4 -4]
 [ 2 -1]] 

1 Group Paths: 
 Initial State Final State   Pi-Time
            -2     [3, -2] 47.860736
            -2     [3, -1] 69.821534
            -2     [3, -3] 41.031000
            -2     [4, -4] 21.897000
            -2     [2, -1] 82.060083 

######################################################################## 

2 Cost = 0.1349855450163415
2 Group Members: 
[[ 0 -2]
 [ 4 -4]
 [ 2 -1]
 [ 3 -3]
 [ 3 -2]
 [ 3 -1]] 

2 Group Paths: 
 Initial State Final State   Pi-Time
            -2     [4, -4] 21.897000
            -2     [2, -1] 82.060083
            -2     [3, -3] 41.031000
            -2     [3, -2] 47.860736
            -2     [3, -1] 69.821534 

######################################################################## 

3 Cost = 0.1349855450163415
3 Group Members: 
[[ 0 -2]
 [ 3 -2]
 [ 3 -3]
 [ 4 -4]
 [ 3 -1]
 [ 2 -1]] 

3 Group Paths: 
 Initial State Final State   Pi-Time
            -2     [3, -2] 47.860736
            -2     [3, -3] 41.031000
            -2     [4, -4] 21.897000
            -2     [3, -1] 69.821534
            -2     [2, -1] 82.060083 

######################################################################## 

