Total number of initial group guesses: 100. 

1 Cost = 0.19107179112674574
1 Group Members: 
[[ 0  1]
 [ 3  2]
 [ 4  1]
 [ 4 -1]
 [ 4  2]
 [ 4  0]
 [ 3  3]] 

1 Group Paths: 
 Initial State Final State   Pi-Time
             1      [3, 2] 61.584070
             1      [4, 1] 47.082480
             1     [4, -1] 42.365134
             1      [4, 2] 57.352278
             1      [4, 0] 52.954293
             1      [3, 3] 50.366466 

######################################################################## 

2 Cost = 0.19107179112674574
2 Group Members: 
[[ 0  1]
 [ 3  3]
 [ 4  0]
 [ 4 -1]
 [ 4  1]
 [ 4  2]
 [ 3  2]] 

2 Group Paths: 
 Initial State Final State   Pi-Time
             1      [3, 3] 50.366466
             1      [4, 0] 52.954293
             1     [4, -1] 42.365134
             1      [4, 1] 47.082480
             1      [4, 2] 57.352278
             1      [3, 2] 61.584070 

######################################################################## 

3 Cost = 0.19107179112674574
3 Group Members: 
[[ 0  1]
 [ 4  1]
 [ 4  0]
 [ 4  2]
 [ 4 -1]
 [ 3  3]
 [ 3  2]] 

3 Group Paths: 
 Initial State Final State   Pi-Time
             1      [4, 1] 47.082480
             1      [4, 0] 52.954293
             1      [4, 2] 57.352278
             1     [4, -1] 42.365134
             1      [3, 3] 50.366466
             1      [3, 2] 61.584070 

######################################################################## 

