Total number of initial group guesses: 50. 

1 Objective = 0.40722017958368734
1 Group Members: 
[[ 1  3  0]
 [ 0  3 -1]
 [ 0  1  0]
 [ 0  4  1]
 [ 1  1  0]
 [ 0  2  0]] 

2 Objective = 0.40722017958368734
2 Group Members: 
[[ 0  2  0]
 [ 0  1  0]
 [ 1  3  0]
 [ 0  3 -1]
 [ 1  1  0]
 [ 0  4  1]] 

3 Objective = 0.4072201795836874
3 Group Members: 
[[ 1  3  0]
 [ 0  4  1]
 [ 1  1  0]
 [ 0  3 -1]
 [ 0  2  0]
 [ 0  1  0]] 

4 Objective = 0.5470402869373037
4 Group Members: 
[[ 0  2  0]
 [-1  4  1]
 [ 0  1  0]
 [ 0  4  1]
 [ 1  1  0]
 [ 0  3 -1]] 

5 Objective = 0.5547691373241426
5 Group Members: 
[[1 3 0]
 [0 1 0]
 [0 2 0]
 [1 4 2]
 [0 4 1]
 [1 1 0]] 

6 Objective = 0.9726961054648492
6 Group Members: 
[[-1  4  1]
 [-2  4  0]
 [-2  3 -2]
 [-2  2 -1]
 [-1  3 -2]
 [-1  3 -1]] 

7 Objective = 1.0438043472307883
7 Group Members: 
[[ 1  3 -1]
 [ 0  1  0]
 [ 0  2  0]
 [ 0  3 -1]
 [ 1  3  0]
 [ 1  1  0]
 [ 0  4  1]] 

8 Objective = 1.0517860523269777
8 Group Members: 
[[2 2 1]
 [1 1 0]
 [2 3 1]
 [1 3 0]
 [2 4 2]
 [2 3 0]] 

9 Objective = 1.0857640278882008
9 Group Members: 
[[-1  4  1]
 [ 0  3 -1]
 [ 0  4  1]
 [ 0  2  0]
 [ 0  1  0]
 [-1  2 -1]] 

10 Objective = 1.1185999892640737
10 Group Members: 
[[-2  3 -2]
 [-1  3 -1]
 [-1  4  1]
 [-1  4  0]
 [-2  4  0]
 [-2  2 -1]] 

