Total number of initial group guesses: 5000. 

1 Objective = 0.40722017958368734
1 Group Members: 
[[ 1  3  0]
 [ 1  1  0]
 [ 0  3 -1]
 [ 0  4  1]
 [ 0  1  0]
 [ 0  2  0]] 

2 Objective = 0.40722017958368734
2 Group Members: 
[[ 0  2  0]
 [ 0  3 -1]
 [ 1  3  0]
 [ 0  1  0]
 [ 1  1  0]
 [ 0  4  1]] 

3 Objective = 0.40722017958368734
3 Group Members: 
[[ 0  3 -1]
 [ 1  3  0]
 [ 0  1  0]
 [ 0  4  1]
 [ 0  2  0]
 [ 1  1  0]] 

4 Objective = 0.40722017958368734
4 Group Members: 
[[ 1  3  0]
 [ 1  1  0]
 [ 0  2  0]
 [ 0  3 -1]
 [ 0  4  1]
 [ 0  1  0]] 

5 Objective = 0.40722017958368734
5 Group Members: 
[[ 1  1  0]
 [ 1  3  0]
 [ 0  1  0]
 [ 0  2  0]
 [ 0  4  1]
 [ 0  3 -1]] 

6 Objective = 0.40722017958368734
6 Group Members: 
[[ 0  3 -1]
 [ 0  2  0]
 [ 1  3  0]
 [ 1  1  0]
 [ 0  4  1]
 [ 0  1  0]] 

7 Objective = 0.40722017958368734
7 Group Members: 
[[ 0  3 -1]
 [ 1  1  0]
 [ 1  3  0]
 [ 0  1  0]
 [ 0  4  1]
 [ 0  2  0]] 

8 Objective = 0.40722017958368734
8 Group Members: 
[[ 1  3  0]
 [ 0  3 -1]
 [ 1  1  0]
 [ 0  4  1]
 [ 0  2  0]
 [ 0  1  0]] 

9 Objective = 0.40722017958368734
9 Group Members: 
[[ 1  1  0]
 [ 1  3  0]
 [ 0  1  0]
 [ 0  2  0]
 [ 0  3 -1]
 [ 0  4  1]] 

10 Objective = 0.40722017958368734
10 Group Members: 
[[ 1  3  0]
 [ 0  4  1]
 [ 0  3 -1]
 [ 1  1  0]
 [ 0  2  0]
 [ 0  1  0]] 

