Total number of initial group guesses: 50. 

1 Objective = 0.5434592432235674
1 Group Members: 
[[ 1  4  2]
 [ 0  1  0]
 [ 2  4  2]
 [ 0  3 -1]
 [ 0  4  1]
 [ 0  2  0]
 [ 1  1  0]] 

2 Objective = 0.6597434089821291
2 Group Members: 
[[ 0  2  0]
 [ 1  1  0]
 [ 0  1  0]
 [-1  4  1]
 [ 1  3  0]
 [ 0  4  1]
 [ 0  3 -1]] 

3 Objective = 0.8264551041186323
3 Group Members: 
[[ 0  3 -1]
 [ 0  2  0]
 [ 0  4  1]
 [ 2  2  1]
 [ 1  3  0]
 [ 2  3  0]
 [ 1  2  0]] 

4 Objective = 0.8264551041186323
4 Group Members: 
[[ 1  3  0]
 [ 0  4  1]
 [ 2  3  0]
 [ 2  2  1]
 [ 1  2  0]
 [ 0  2  0]
 [ 0  3 -1]] 

5 Objective = 0.9268252629527197
5 Group Members: 
[[ 0  3 -1]
 [ 0  1  0]
 [ 0  4  1]
 [ 1  2  0]
 [ 1  4  2]
 [ 0  2  0]
 [ 1  3  0]] 

6 Objective = 0.9544011711257065
6 Group Members: 
[[ 1  3  0]
 [ 2  3  0]
 [ 0  1  0]
 [ 2  4  2]
 [ 0  2  0]
 [ 0  3 -1]
 [ 1  2  0]] 

7 Objective = 1.0028063729423158
7 Group Members: 
[[-2  2 -1]
 [ 0  3 -1]
 [ 0  2  0]
 [-2  4  0]
 [-2  3 -2]
 [-1  4  0]
 [-1  2  0]] 

8 Objective = 1.0246755928600353
8 Group Members: 
[[-1  4  1]
 [ 1  3  0]
 [ 0  3 -1]
 [ 1  1  0]
 [ 0  2  0]
 [-1  3 -1]
 [ 0  4  1]
 [ 0  1  0]] 

9 Objective = 1.0728405286534914
9 Group Members: 
[[ 1  3  0]
 [ 0  3 -1]
 [ 0  1  0]
 [ 0  2  0]
 [ 0  4  1]
 [ 1  4  2]
 [ 1  3 -1]] 

10 Objective = 1.3887533568359183
10 Group Members: 
[[ 2  4  2]
 [ 2  3  0]
 [ 0  4  1]
 [ 0  3  0]
 [ 0  2  0]
 [ 0  3 -1]
 [ 2  2  1]] 

