Total number of initial group guesses: 5000. 

1 Objective = 0.5395163668807624
1 Group Members: 
[[ 1  1  0]
 [ 0  1  0]
 [ 0  4  1]
 [ 0  3 -1]
 [ 0  2  0]
 [ 2  3  0]
 [ 1  3  0]] 

2 Objective = 0.5395163668807624
2 Group Members: 
[[ 0  3 -1]
 [ 1  1  0]
 [ 2  3  0]
 [ 0  1  0]
 [ 1  3  0]
 [ 0  2  0]
 [ 0  4  1]] 

3 Objective = 0.5395163668807624
3 Group Members: 
[[ 0  4  1]
 [ 1  3  0]
 [ 0  3 -1]
 [ 1  1  0]
 [ 0  2  0]
 [ 0  1  0]
 [ 2  3  0]] 

4 Objective = 0.5395163668807624
4 Group Members: 
[[ 0  1  0]
 [ 0  3 -1]
 [ 1  3  0]
 [ 2  3  0]
 [ 0  2  0]
 [ 1  1  0]
 [ 0  4  1]] 

5 Objective = 0.5395163668807624
5 Group Members: 
[[ 0  4  1]
 [ 1  3  0]
 [ 0  3 -1]
 [ 0  1  0]
 [ 0  2  0]
 [ 1  1  0]
 [ 2  3  0]] 

6 Objective = 0.5395163668807624
6 Group Members: 
[[ 1  1  0]
 [ 0  3 -1]
 [ 2  3  0]
 [ 0  4  1]
 [ 0  1  0]
 [ 0  2  0]
 [ 1  3  0]] 

7 Objective = 0.5395163668807625
7 Group Members: 
[[ 0  2  0]
 [ 0  4  1]
 [ 0  3 -1]
 [ 0  1  0]
 [ 1  1  0]
 [ 2  3  0]
 [ 1  3  0]] 

8 Objective = 0.5395163668807625
8 Group Members: 
[[ 0  2  0]
 [ 0  4  1]
 [ 2  3  0]
 [ 1  1  0]
 [ 0  3 -1]
 [ 1  3  0]
 [ 0  1  0]] 

9 Objective = 0.5395163668807625
9 Group Members: 
[[ 0  3 -1]
 [ 0  4  1]
 [ 0  2  0]
 [ 2  3  0]
 [ 1  1  0]
 [ 1  3  0]
 [ 0  1  0]] 

10 Objective = 0.5395163668807625
10 Group Members: 
[[ 2  3  0]
 [ 1  3  0]
 [ 0  2  0]
 [ 0  3 -1]
 [ 0  4  1]
 [ 1  1  0]
 [ 0  1  0]] 

