[{"0": [1, 29, 40, 37, 36, 26, 45, 25, 43, 38, 32, 29, 0, 0]}, null, null, 0, false, [], false, 0, [], null, 0, 1744254663.6365159, 0, {}]
[{"0": [1, 3, 2, 2, 3, 2, 31, 5, 1, 0, 0, 3, 4, 1]}, null, null, 1, false, [], false, 0, [], null, 0, 1744254663.8505628, 0, {}]
[{"0": [1, 49, 29, 41, 4, 1, 1, 0, 3, 0, 2, 4, 2, 1]}, null, null, 1, false, [], false, 0, [], null, 0, 1744254664.0281048, 0, {}]
[{"0": [0, 1, 51, 51, 25, 2, 4, 2, 2, 1, 3, 2, 1, 5]}, null, null, 2, false, [], false, 0, [], null, 0, 1744254664.2098155, 0, {}]
[{"0": [2, 27, 32, 42, 0, 5, 2, 1, 2, 3, 4, 4, 1, 1]}, null, null, 2, false, [], false, 0, [], null, 0, 1744254664.3956726, 0, {}]
[{"0": [1, 38, 30, 1, 0, 1, 2, 2, 2, 3, 1, 2, 4, 4]}, null, null, 3, false, [], false, 0, [], null, 0, 1744254664.5850024, 0, {}]
[{"0": [1, 35, 37, 40, 34, 42, 27, 43, 37, 0, 3, 3, 2, 6]}, null, null, 4, false, [], false, 0, [], null, 0, 1744254664.7653713, 0, {}]
[{"0": [2, 29, 25, 44, 47, 32, 38, 32, 36, 1, 3, 1, 1, 2]}, null, null, 4, false, [], false, 0, [], null, 0, 1744254664.9464254, 0, {}]
[{"0": [2, 32, 27, 39, 4, 1, 3, 5, 2, 3, 1, 0, 5, 3]}, null, null, 5, false, [], false, 0, [], null, 0, 1744254665.12498, 0, {}]
[{"0": [2, 31, 37, 43, 3, 1, 2, 6, 1, 0, 1, 1, 6, 2]}, null, null, 5, false, [], false, 0, [], null, 0, 1744254665.3208675, 0, {}]
[{"0": [2, 45, 37, 34, 31, 39, 2, 3, 2, 1, 1, 0, 1, 1]}, null, null, 6, false, [], false, 0, [], null, 0, 1744254665.5135055, 0, {}]
[{"0": [39, 32, 1, 2, 2, 1, 0, 5, 2, 2, 1, 3, 3, 0]}, null, null, 7, false, [], false, 0, [], null, 0, 1744254665.6922333, 0, {}]
[{"0": [1, 30, 36, 32, 25, 29, 31, 37, 27, 37, 31, 0, 1, 1]}, null, null, 7, false, [], false, 0, [], null, 0, 1744254665.873783, 0, {}]
[{"0": [2, 34, 47, 4, 2, 2, 1, 2, 1, 3, 0, 4, 9, 6]}, null, null, 8, false, [], false, 0, [], null, 0, 1744254666.060345, 0, {}]
[{"0": [1, 26, 42, 0, 4, 4, 3, 2, 4, 1, 4, 1, 2, 2]}, null, null, 8, false, [], false, 0, [], null, 0, 1744254666.2472126, 0, {}]
[{"0": [0, 25, 2, 1, 2, 2, 2, 3, 2, 2, 1, 2, 1, 4]}, null, null, 9, false, [], false, 0, [], null, 0, 1744254666.4225464, 0, {}]
[{"0": [2, 42, 46, 40, 31, 49, 37, 0, 0, 0, 0, 2, 3, 8]}, null, null, 10, false, [], false, 0, [], null, 0, 1744254666.6171124, 0, {}]
[{"0": [4, 30, 35, 36, 36, 30, 31, 3, 3, 4, 3, 5, 1, 2]}, null, null, 10, false, [], false, 0, [], null, 0, 1744254666.7778776, 0, {}]
[{"0": [1, 47, 33, 36, 2, 0, 2, 2, 1, 1, 2, 1, 5, 2]}, null, null, 11, false, [], false, 0, [], null, 0, 1744254666.9784038, 0, {}]
[{"0": [1, 46, 30, 32, 41, 37, 37, 43, 34, 31, 39, 31, 35, 32]}, null, null, 11, false, [], false, 0, [], null, 0, 1744254667.1649108, 0, {}]
[{"0": [1, 31, 34, 40, 29, 33, 39, 37, 48, 36, 45, 36, 39, 1]}, null, null, 12, false, [], false, 0, [], null, 0, 1744254667.347255, 0, {}]
[{"0": [2, 29, 38, 29, 34, 0, 1, 3, 0, 2, 1, 1, 0, 1]}, null, null, 13, false, [], false, 0, [], null, 0, 1744254667.5311742, 0, {}]
[{"0": [2, 32, 38, 39, 37, 2, 3, 0, 1, 3, 1, 2, 0, 3]}, null, null, 13, false, [], false, 0, [], null, 0, 1744254667.7079074, 0, {}]
[{"0": [1, 1, 4, 1, 1, 29, 6, 2, 1, 1, 0, 1, 3, 1]}, null, null, 14, false, [], false, 0, [], null, 0, 1744254667.8968108, 0, {}]
[{"0": [0, 43, 3, 1, 2, 1, 4, 2, 1, 0, 1, 6, 2, 2]}, null, null, 14, false, [], false, 0, [], null, 0, 1744254668.0638041, 0, {}]
[{"0": [1, 38, 41, 35, 40, 34, 38, 3, 3, 1, 0, 2, 2, 1]}, null, null, 15, false, [], false, 0, [], null, 0, 1744254668.2394423, 0, {}]
[{"0": [3, 34, 42, 2, 1, 5, 3, 3, 4, 2, 0, 0, 1, 0]}, null, null, 16, false, [], false, 0, [], null, 0, 1744254668.4364438, 0, {}]
[{"0": [1, 37, 37, 36, 34, 3, 2, 1, 0, 4, 2, 0, 3, 0]}, null, null, 16, false, [], false, 0, [], null, 0, 1744254668.6259694, 0, {}]
[{"0": [3, 43, 37, 36, 41, 35, 35, 35, 37, 0, 4, 2, 2, 1]}, null, null, 17, false, [], false, 0, [], null, 0, 1744254668.810679, 0, {}]
[{"0": [4, 39, 29, 35, 32, 33, 38, 2, 3, 1, 3, 1, 2, 1]}, null, null, 17, false, [], false, 0, [], null, 0, 1744254668.993796, 0, {}]
[{"0": [43, 36, 3, 3, 1, 3, 1, 2, 0, 3, 5, 3, 2, 2]}, null, null, 18, false, [], false, 0, [], null, 0, 1744254669.1783319, 0, {}]
[{"0": [1, 37, 45, 33, 2, 1, 3, 1, 1, 1, 3, 1, 3, 39]}, null, null, 19, false, [], false, 0, [], null, 0, 1744254669.356086, 0, {}]
[{"0": [0, 28, 34, 1, 3, 6, 3, 2, 2, 1, 4, 7, 0, 3]}, null, null, 19, false, [], false, 0, [], null, 0, 1744254669.5334158, 0, {}]
[{"0": [1, 47, 36, 1, 1, 3, 2, 2, 1, 3, 0, 2, 3, 0]}, null, null, 20, false, [], false, 0, [], null, 0, 1744254669.7137184, 0, {}]
[{"0": [2, 38, 26, 41, 34, 2, 3, 1, 5, 2, 3, 1, 3, 3]}, null, null, 20, false, [], false, 0, [], null, 0, 1744254669.9067056, 0, {}]
[{"0": [1, 35, 49, 38, 37, 44, 37, 37, 35, 29, 33, 3, 7, 1]}, null, null, 21, false, [], false, 0, [], null, 0, 1744254670.0810163, 0, {}]
[{"0": [2, 41, 23, 42, 41, 36, 39, 47, 38, 42, 23, 29, 0, 3]}, null, null, 22, false, [], false, 0, [], null, 0, 1744254670.2836795, 0, {}]
[{"0": [2, 1, 2, 1, 3, 4, 2, 40, 32, 31, 25, 6, 2, 1]}, null, null, 22, false, [], false, 0, [], null, 0, 1744254670.467923, 0, {}]
[{"0": [1, 45, 40, 31, 37, 30, 43, 38, 41, 0, 4, 0, 0, 3]}, null, null, 23, false, [], false, 0, [], null, 0, 1744254670.6301236, 0, {}]
[{"0": [36, 29, 35, 27, 3, 1, 0, 2, 1, 0, 1, 2, 2, 3]}, null, null, 23, false, [], false, 0, [], null, 0, 1744254670.8149292, 0, {}]
[{"0": [40, 30, 37, 48, 39, 30, 30, 31, 48, 32, 44, 37, 28, 1]}, null, null, 24, false, [], false, 0, [], null, 0, 1744254671.0171294, 0, {}]
[{"0": [1, 36, 1, 3, 0, 3, 3, 1, 6, 2, 2, 1, 4, 2]}, null, null, 25, false, [], false, 0, [], null, 0, 1744254671.182856, 0, {}]
[{"0": [2, 35, 39, 39, 41, 3, 0, 4, 2, 2, 2, 4, 1, 1]}, null, null, 25, false, [], false, 0, [], null, 0, 1744254671.3644097, 0, {}]
[{"0": [2, 33, 33, 40, 43, 31, 44, 29, 32, 29, 29, 0, 0, 2]}, null, null, 26, false, [], false, 0, [], null, 0, 1744254671.5518506, 0, {}]
[{"0": [4, 36, 36, 34, 38, 33, 42, 2, 2, 4, 1, 1, 1, 2]}, null, null, 27, false, [], false, 0, [], null, 0, 1744254671.7486813, 0, {}]
[{"0": [2, 27, 36, 32, 30, 42, 28, 40, 33, 37, 36, 39, 4, 0]}, null, null, 27, false, [], false, 0, [], null, 0, 1744254671.9267535, 0, {}]
[{"0": [1, 1, 2, 36, 37, 38, 2, 2, 4, 2, 4, 2, 3, 2]}, null, null, 28, false, [], false, 0, [], null, 0, 1744254672.1110356, 0, {}]
[{"0": [6, 39, 34, 40, 29, 1, 2, 4, 1, 1, 3, 3, 2, 1]}, null, null, 28, false, [], false, 0, [], null, 0, 1744254672.2900114, 0, {}]
[{"0": [3, 36, 38, 30, 0, 2, 3, 0, 0, 0, 2, 2, 1, 2]}, null, null, 29, false, [], false, 0, [], null, 0, 1744254672.4666648, 0, {}]
[{"0": [2, 27, 1, 1, 2, 1, 3, 5, 1, 2, 1, 2, 0, 2]}, null, null, 30, false, [], false, 0, [], null, 0, 1744254672.6688612, 0, {}]
[{"0": [2, 25, 3, 2, 3, 1, 3, 0, 1, 3, 3, 2, 1, 0]}, null, null, 30, false, [], false, 0, [], null, 0, 1744254672.8339562, 0, {}]
[{"0": [2, 30, 2, 1, 3, 1, 1, 3, 2, 3, 1, 4, 2, 4]}, null, null, 31, false, [], false, 0, [], null, 0, 1744254673.0213468, 0, {}]
[{"0": [5, 36, 31, 33, 38, 48, 35, 24, 44, 48, 33, 34, 40, 37]}, null, null, 31, false, [], false, 0, [], null, 0, 1744254673.2185564, 0, {}]
[{"0": [4, 34, 40, 40, 44, 37, 29, 38, 35, 39, 40, 36, 4, 1]}, null, null, 32, false, [], false, 0, [], null, 0, 1744254673.3946736, 0, {}]
[{"0": [2, 49, 34, 32, 32, 36, 39, 28, 1, 1, 2, 2, 6, 0]}, null, null, 33, false, [], false, 0, [], null, 0, 1744254673.5855305, 0, {}]
[{"0": [1, 44, 32, 41, 33, 38, 42, 30, 33, 38, 29, 37, 5, 0]}, null, null, 33, false, [], false, 0, [], null, 0, 1744254673.7681215, 0, {}]
[{"0": [3, 1, 3, 44, 4, 0, 0, 3, 1, 2, 2, 2, 5, 2]}, null, null, 34, false, [], false, 0, [], null, 0, 1744254673.9513714, 0, {}]
[{"0": [7, 30, 47, 4, 3, 1, 4, 2, 2, 1, 3, 0, 2, 4]}, null, null, 34, false, [], false, 0, [], null, 0, 1744254674.1322072, 0, {}]
[{"0": [3, 40, 29, 37, 49, 32, 30, 1, 2, 4, 1, 5, 1, 2]}, null, null, 35, false, [], false, 0, [], null, 0, 1744254674.2967086, 0, {}]
[{"0": [1, 33, 0, 5, 2, 2, 3, 0, 1, 3, 2, 3, 3, 0]}, null, null, 36, false, [], false, 0, [], null, 0, 1744254674.4843378, 0, {}]
[{"0": [1, 48, 41, 35, 3, 0, 0, 5, 1, 2, 4, 2, 2, 0]}, null, null, 36, false, [], false, 0, [], null, 0, 1744254674.6689827, 0, {}]
[{"0": [0, 27, 33, 2, 3, 0, 1, 0, 1, 3, 3, 3, 1, 5]}, null, null, 37, false, [], false, 0, [], null, 0, 1744254674.8505685, 0, {}]
[{"0": [3, 0, 2, 0, 2, 33, 39, 24, 33, 32, 39, 35, 35, 38]}, null, null, 37, false, [], false, 0, [], null, 0, 1744254675.0476544, 0, {}]
[{"0": [3, 48, 29, 2, 2, 1, 4, 3, 4, 5, 5, 1, 2, 1]}, null, null, 38, false, [], false, 0, [], null, 0, 1744254675.2282982, 0, {}]
[{"0": [2, 35, 39, 1, 3, 0, 3, 1, 2, 3, 2, 2, 0, 4]}, null, null, 39, false, [], false, 0, [], null, 0, 1744254675.421469, 0, {}]
[{"0": [1, 29, 31, 0, 2, 1, 2, 5, 4, 3, 2, 2, 0, 4]}, null, null, 39, false, [], false, 0, [], null, 0, 1744254675.5898788, 0, {}]
[{"0": [2, 22, 1, 3, 0, 3, 2, 0, 7, 3, 3, 3, 3, 3]}, null, null, 40, false, [], false, 0, [], null, 0, 1744254675.7812865, 0, {}]
[{"0": [2, 42, 36, 32, 38, 35, 42, 1, 2, 0, 2, 1, 2, 2]}, null, null, 40, false, [], false, 0, [], null, 0, 1744254675.9663966, 0, {}]
[{"0": [1, 40, 40, 37, 2, 0, 1, 2, 3, 5, 4, 1, 0, 2]}, null, null, 41, false, [], false, 0, [], null, 0, 1744254676.1482537, 0, {}]
[{"0": [3, 36, 38, 39, 1, 1, 2, 3, 1, 0, 4, 1, 1, 4]}, null, null, 42, false, [], false, 0, [], null, 0, 1744254676.3257692, 0, {}]
[{"0": [0, 1, 35, 2, 1, 0, 5, 2, 1, 0, 3, 4, 1, 3]}, null, null, 42, false, [], false, 0, [], null, 0, 1744254676.5140743, 0, {}]
[{"0": [0, 40, 42, 36, 40, 51, 31, 29, 42, 49, 34, 3, 2, 1]}, null, null, 43, false, [], false, 0, [], null, 0, 1744254676.697402, 0, {}]
[{"0": [0, 45, 2, 3, 3, 2, 2, 2, 1, 2, 2, 3, 2, 0]}, null, null, 43, false, [], false, 0, [], null, 0, 1744254676.8694024, 0, {}]
[{"0": [2, 38, 29, 45, 39, 40, 26, 32, 1, 1, 2, 4, 2, 3]}, null, null, 44, false, [], false, 0, [], null, 0, 1744254677.0672588, 0, {}]
[{"0": [3, 32, 43, 32, 37, 38, 26, 35, 2, 1, 3, 1, 3, 1]}, null, null, 45, false, [], false, 0, [], null, 0, 1744254677.2504725, 0, {}]
[{"0": [1, 44, 42, 39, 2, 3, 2, 4, 2, 2, 2, 3, 2, 1]}, null, null, 45, false, [], false, 0, [], null, 0, 1744254677.4245582, 0, {}]
[{"0": [1, 36, 44, 1, 1, 2, 3, 2, 2, 0, 4, 5, 2, 1]}, null, null, 46, false, [], false, 0, [], null, 0, 1744254677.618965, 0, {}]
[{"0": [2, 40, 39, 36, 36, 40, 34, 37, 35, 28, 45, 37, 29, 41]}, null, null, 46, false, [], false, 0, [], null, 0, 1744254677.7885294, 0, {}]
[{"0": [4, 39, 2, 0, 2, 1, 2, 3, 1, 1, 3, 1, 3, 1]}, null, null, 47, false, [], false, 0, [], null, 0, 1744254677.969311, 0, {}]
[{"0": [2, 43, 28, 1, 1, 2, 1, 2, 2, 4, 1, 1, 3, 5]}, null, null, 48, false, [], false, 0, [], null, 0, 1744254678.1683476, 0, {}]
[{"0": [1, 1, 34, 3, 1, 2, 1, 5, 3, 2, 4, 1, 1, 0]}, null, null, 48, false, [], false, 0, [], null, 0, 1744254678.3535156, 0, {}]
[{"0": [3, 45, 36, 1, 1, 0, 1, 5, 1, 4, 0, 1, 1, 4]}, null, null, 49, false, [], false, 0, [], null, 0, 1744254678.5330346, 0, {}]
[{"0": [2, 0, 1, 2, 1, 2, 5, 0, 1, 2, 1, 3, 1, 2]}, null, null, 49, false, [], false, 0, [], null, 0, 1744254678.7008598, 0, {}]
[{"0": [5, 27, 36, 3, 3, 2, 1, 3, 3, 2, 3, 0, 3, 0]}, null, null, 50, false, [], false, 0, [], null, 0, 1744254678.8878708, 0, {}]
[{"0": [2, 32, 28, 44, 0, 1, 2, 4, 5, 1, 2, 1, 4, 2]}, null, null, 51, false, [], false, 0, [], null, 0, 1744254679.0686529, 0, {}]
[{"0": [2, 40, 45, 49, 32, 40, 40, 36, 27, 35, 2, 1, 0, 4]}, null, null, 51, false, [], false, 0, [], null, 0, 1744254679.2630432, 0, {}]
[{"0": [6, 39, 44, 38, 40, 1, 2, 1, 2, 2, 1, 4, 2, 2]}, null, null, 52, false, [], false, 0, [], null, 0, 1744254679.440416, 0, {}]
[{"0": [2, 27, 31, 3, 4, 2, 1, 1, 1, 2, 0, 1, 4, 1]}, null, null, 52, false, [], false, 0, [], null, 0, 1744254679.6382208, 0, {}]
[{"0": [3, 36, 35, 43, 34, 28, 28, 38, 28, 3, 3, 2, 2, 2]}, null, null, 53, false, [], false, 0, [], null, 0, 1744254679.8042705, 0, {}]
[{"0": [0, 40, 47, 47, 32, 35, 29, 38, 44, 26, 4, 1, 5, 2]}, null, null, 54, false, [], false, 0, [], null, 0, 1744254680.0055566, 0, {}]
[{"0": [1, 33, 28, 36, 39, 33, 1, 2, 5, 1, 1, 1, 1, 0]}, null, null, 54, false, [], false, 0, [], null, 0, 1744254680.1888673, 0, {}]
[{"0": [4, 29, 34, 30, 38, 4, 1, 0, 4, 2, 4, 1, 1, 1]}, null, null, 55, false, [], false, 0, [], null, 0, 1744254680.3719013, 0, {}]
[{"0": [2, 33, 0, 2, 2, 4, 2, 2, 1, 2, 5, 1, 3, 3]}, null, null, 55, false, [], false, 0, [], null, 0, 1744254680.5541773, 0, {}]
[{"0": [4, 29, 44, 31, 32, 39, 2, 1, 3, 4, 0, 2, 1, 0]}, null, null, 56, false, [], false, 0, [], null, 0, 1744254680.7275681, 0, {}]
[{"0": [1, 35, 45, 2, 2, 0, 0, 5, 2, 0, 1, 1, 4, 5]}, null, null, 57, false, [], false, 0, [], null, 0, 1744254680.9036806, 0, {}]
[{"0": [2, 36, 36, 3, 2, 2, 0, 1, 1, 1, 1, 3, 2, 1]}, null, null, 57, false, [], false, 0, [], null, 0, 1744254681.1002874, 0, {}]
[{"0": [4, 31, 41, 43, 41, 42, 4, 1, 6, 2, 2, 2, 1, 2]}, null, null, 58, false, [], false, 0, [], null, 0, 1744254681.2801235, 0, {}]
[{"0": [3, 34, 44, 39, 34, 43, 25, 1, 4, 2, 2, 1, 3, 1]}, null, null, 58, false, [], false, 0, [], null, 0, 1744254681.468318, 0, {}]
[{"0": [2, 47, 35, 39, 2, 2, 3, 2, 1, 1, 0, 2, 3, 2]}, null, null, 59, false, [], false, 0, [], null, 0, 1744254681.6536822, 0, {}]
[{"0": [1, 49, 40, 42, 27, 40, 26, 42, 25, 43, 28, 36, 37, 31]}, null, null, 60, false, [], false, 0, [], null, 0, 1744254681.8256505, 0, {}]
[{"0": [0, 35, 31, 44, 52, 27, 27, 41, 37, 49, 30, 33, 30, 42]}, null, null, 60, false, [], false, 0, [], null, 0, 1744254682.0189457, 0, {}]
[{"0": [5, 40, 32, 27, 40, 32, 40, 42, 42, 42, 44, 32, 43, 33]}, null, null, 61, false, [], false, 0, [], null, 0, 1744254682.1967115, 0, {}]
[{"0": [2, 41, 42, 1, 1, 4, 1, 1, 1, 0, 1, 3, 3, 1]}, null, null, 61, false, [], false, 0, [], null, 0, 1744254682.3703825, 0, {}]
[{"0": [1, 38, 36, 55, 45, 42, 35, 1, 3, 1, 0, 0, 4, 4]}, null, null, 62, false, [], false, 0, [], null, 0, 1744254682.5711942, 0, {}]
[{"0": [4, 36, 31, 46, 37, 1, 0, 3, 2, 1, 2, 5, 2, 4]}, null, null, 63, false, [], false, 0, [], null, 0, 1744254682.7507215, 0, {}]
[{"0": [1, 1, 2, 0, 5, 35, 1, 3, 3, 4, 3, 1, 4, 1]}, null, null, 63, false, [], false, 0, [], null, 0, 1744254682.9221234, 0, {}]
[{"0": [0, 40, 43, 47, 40, 45, 30, 29, 35, 26, 37, 30, 42, 28]}, null, null, 64, false, [], false, 0, [], null, 0, 1744254683.1235456, 0, {}]
[{"0": [2, 27, 32, 43, 1, 2, 1, 5, 2, 3, 1, 4, 3, 2]}, null, null, 64, false, [], false, 0, [], null, 0, 1744254683.3007252, 0, {}]
[{"0": [2, 39, 43, 32, 38, 2, 3, 2, 1, 1, 1, 3, 0, 0]}, null, null, 65, false, [], false, 0, [], null, 0, 1744254683.4872196, 0, {}]
[{"0": [2, 39, 0, 0, 2, 1, 1, 2, 1, 4, 2, 0, 0, 4]}, null, null, 66, false, [], false, 0, [], null, 0, 1744254683.668681, 0, {}]
[{"0": [3, 41, 3, 2, 2, 2, 2, 0, 2, 1, 1, 4, 2, 3]}, null, null, 66, false, [], false, 0, [], null, 0, 1744254683.8560503, 0, {}]
[{"0": [8, 38, 31, 27, 35, 27, 46, 24, 2, 2, 3, 4, 1, 2]}, null, null, 67, false, [], false, 0, [], null, 0, 1744254684.0255103, 0, {}]
[{"0": [2, 35, 39, 41, 41, 29, 2, 1, 4, 3, 2, 1, 2, 2]}, null, null, 67, false, [], false, 0, [], null, 0, 1744254684.2174942, 0, {}]
[{"0": [3, 43, 34, 31, 42, 32, 3, 0, 2, 2, 3, 3, 3, 3]}, null, null, 68, false, [], false, 0, [], null, 0, 1744254684.391714, 0, {}]
[{"0": [2, 35, 40, 4, 5, 2, 5, 2, 1, 3, 2, 2, 1, 1]}, null, null, 69, false, [], false, 0, [], null, 0, 1744254684.573119, 0, {}]
[{"0": [0, 30, 6, 1, 1, 0, 2, 2, 0, 4, 0, 0, 3, 1]}, null, null, 69, false, [], false, 0, [], null, 0, 1744254684.7744646, 0, {}]
[{"0": [1, 46, 38, 2, 4, 3, 1, 1, 2, 0, 0, 2, 0, 2]}, null, null, 70, false, [], false, 0, [], null, 0, 1744254684.954666, 0, {}]
[{"0": [4, 30, 2, 3, 3, 4, 1, 3, 0, 2, 0, 1, 4, 3]}, null, null, 70, false, [], false, 0, [], null, 0, 1744254685.1281793, 0, {}]
[{"0": [1, 30, 34, 46, 1, 3, 1, 3, 2, 2, 1, 1, 0, 1]}, null, null, 71, false, [], false, 0, [], null, 0, 1744254685.3220596, 0, {}]
[{"0": [2, 43, 29, 2, 0, 4, 4, 3, 2, 3, 5, 2, 3, 3]}, null, null, 72, false, [], false, 0, [], null, 0, 1744254685.5074944, 0, {}]
[{"0": [4, 40, 33, 0, 3, 0, 5, 2, 3, 2, 6, 1, 1, 3]}, null, null, 72, false, [], false, 0, [], null, 0, 1744254685.6918724, 0, {}]
[{"0": [4, 39, 1, 2, 3, 1, 6, 2, 1, 1, 1, 4, 3, 5]}, null, null, 73, false, [], false, 0, [], null, 0, 1744254685.8553493, 0, {}]
[{"0": [1, 45, 43, 39, 33, 36, 30, 0, 3, 2, 1, 2, 1, 0]}, null, null, 73, false, [], false, 0, [], null, 0, 1744254686.0504627, 0, {}]
[{"0": [3, 39, 36, 45, 0, 2, 0, 3, 0, 5, 5, 1, 0, 4]}, null, null, 74, false, [], false, 0, [], null, 0, 1744254686.2219336, 0, {}]
[{"0": [5, 36, 27, 1, 5, 2, 2, 2, 3, 0, 1, 2, 1, 4]}, null, null, 75, false, [], false, 0, [], null, 0, 1744254686.4144926, 0, {}]
[{"0": [1, 42, 38, 38, 38, 0, 0, 1, 1, 2, 4, 4, 1, 0]}, null, null, 75, false, [], false, 0, [], null, 0, 1744254686.590006, 0, {}]
[{"0": [1, 40, 30, 3, 3, 2, 1, 1, 4, 2, 2, 1, 3, 1]}, null, null, 76, false, [], false, 0, [], null, 0, 1744254686.7838676, 0, {}]
[{"0": [4, 22, 35, 36, 2, 2, 2, 1, 1, 1, 0, 3, 3, 3]}, null, null, 77, false, [], false, 0, [], null, 0, 1744254686.966678, 0, {}]
[{"0": [4, 34, 3, 1, 3, 0, 2, 1, 1, 2, 3, 2, 0, 2]}, null, null, 77, false, [], false, 0, [], null, 0, 1744254687.1569483, 0, {}]
[{"0": [1, 23, 41, 40, 1, 1, 1, 2, 1, 3, 1, 1, 1, 2]}, null, null, 78, false, [], false, 0, [], null, 0, 1744254687.3286235, 0, {}]
[{"0": [1, 47, 37, 41, 31, 41, 2, 0, 3, 2, 2, 3, 4, 3]}, null, null, 78, false, [], false, 0, [], null, 0, 1744254687.5081816, 0, {}]
[{"0": [1, 40, 42, 23, 3, 3, 2, 4, 2, 0, 2, 1, 5, 4]}, null, null, 79, false, [], false, 0, [], null, 0, 1744254687.7083526, 0, {}]
[{"0": [0, 49, 44, 30, 41, 42, 4, 2, 5, 1, 3, 1, 0, 2]}, null, null, 80, false, [], false, 0, [], null, 0, 1744254687.8710904, 0, {}]
[{"0": [1, 1, 40, 3, 2, 4, 1, 3, 2, 2, 0, 2, 1, 3]}, null, null, 80, false, [], false, 0, [], null, 0, 1744254688.0758421, 0, {}]
[{"0": [3, 1, 0, 3, 0, 2, 2, 1, 0, 2, 1, 2, 4, 4]}, null, null, 81, false, [], false, 0, [], null, 0, 1744254688.259129, 0, {}]
[{"0": [0, 33, 4, 1, 1, 3, 1, 6, 1, 1, 2, 2, 3, 3]}, null, null, 81, false, [], false, 0, [], null, 0, 1744254688.4354365, 0, {}]
[{"0": [1, 33, 37, 30, 27, 32, 0, 3, 2, 0, 3, 3, 0, 1]}, null, null, 82, false, [], false, 0, [], null, 0, 1744254688.6088436, 0, {}]
[{"0": [5, 0, 22, 3, 0, 3, 3, 0, 2, 1, 3, 1, 2, 0]}, null, null, 83, false, [], false, 0, [], null, 0, 1744254688.790414, 0, {}]
[{"0": [4, 38, 43, 34, 27, 45, 39, 4, 0, 3, 2, 1, 3, 3]}, null, null, 83, false, [], false, 0, [], null, 0, 1744254688.9959223, 0, {}]
[{"0": [1, 29, 48, 3, 4, 3, 3, 5, 0, 4, 3, 1, 2, 1]}, null, null, 84, false, [], false, 0, [], null, 0, 1744254689.1580942, 0, {}]
[{"0": [4, 29, 2, 0, 2, 1, 4, 2, 2, 4, 1, 0, 2, 4]}, null, null, 84, false, [], false, 0, [], null, 0, 1744254689.341037, 0, {}]
[{"0": [0, 44, 46, 43, 3, 3, 1, 5, 2, 1, 1, 0, 4, 1]}, null, null, 85, false, [], false, 0, [], null, 0, 1744254689.5310364, 0, {}]
[{"0": [1, 31, 33, 3, 2, 5, 2, 1, 1, 2, 2, 0, 3, 0]}, null, null, 86, false, [], false, 0, [], null, 0, 1744254689.7241626, 0, {}]
[{"0": [3, 37, 39, 37, 35, 1, 3, 0, 1, 3, 2, 1, 2, 2]}, null, null, 86, false, [], false, 0, [], null, 0, 1744254689.8904138, 0, {}]
[{"0": [1, 43, 31, 45, 29, 23, 27, 44, 38, 42, 35, 2, 0, 0]}, null, null, 87, false, [], false, 0, [], null, 0, 1744254690.0877066, 0, {}]
[{"0": [4, 40, 34, 28, 22, 42, 24, 38, 35, 39, 30, 49, 26, 4]}, null, null, 87, false, [], false, 0, [], null, 0, 1744254690.259008, 0, {}]
[{"0": [2, 43, 35, 30, 33, 35, 41, 2, 4, 6, 0, 2, 4, 0]}, null, null, 88, false, [], false, 0, [], null, 0, 1744254690.4582405, 0, {}]
[{"0": [1, 2, 41, 45, 25, 3, 2, 4, 4, 2, 3, 2, 2, 2]}, null, null, 89, false, [], false, 0, [], null, 0, 1744254690.6248646, 0, {}]
[{"0": [3, 41, 46, 33, 31, 24, 30, 2, 6, 2, 4, 1, 2, 5]}, null, null, 89, false, [], false, 0, [], null, 0, 1744254690.8190143, 0, {}]
[{"0": [1, 37, 0, 2, 5, 1, 3, 3, 0, 0, 1, 3, 2, 1]}, null, null, 90, false, [], false, 0, [], null, 0, 1744254690.9952328, 0, {}]
[{"0": [4, 1, 36, 36, 49, 45, 1, 2, 6, 3, 4, 0, 3, 1]}, null, null, 90, false, [], false, 0, [], null, 0, 1744254691.1759007, 0, {}]
[{"0": [1, 30, 2, 2, 2, 2, 2, 1, 4, 1, 1, 1, 1, 1]}, null, null, 91, false, [], false, 0, [], null, 0, 1744254691.3722343, 0, {}]
[{"0": [0, 35, 32, 6, 4, 5, 2, 2, 2, 7, 2, 1, 3, 2]}, null, null, 92, false, [], false, 0, [], null, 0, 1744254691.5554724, 0, {}]
[{"0": [32, 37, 28, 32, 32, 2, 2, 0, 1, 0, 4, 1, 2, 0]}, null, null, 92, false, [], false, 0, [], null, 0, 1744254691.7277133, 0, {}]
[{"0": [1, 37, 39, 1, 0, 5, 1, 2, 0, 2, 1, 2, 3, 3]}, null, null, 93, false, [], false, 0, [], null, 0, 1744254691.9135616, 0, {}]
[{"0": [3, 47, 32, 37, 41, 37, 34, 23, 1, 0, 2, 4, 2, 1]}, null, null, 93, false, [], false, 0, [], null, 0, 1744254692.0951035, 0, {}]
[{"0": [1, 27, 37, 34, 25, 32, 26, 34, 28, 5, 1, 4, 2, 0]}, null, null, 94, false, [], false, 0, [], null, 0, 1744254692.2939832, 0, {}]
[{"0": [2, 28, 32, 44, 34, 38, 43, 28, 1, 1, 0, 2, 1, 1]}, null, null, 95, false, [], false, 0, [], null, 0, 1744254692.475109, 0, {}]
[{"0": [1, 40, 39, 39, 42, 38, 39, 35, 1, 4, 3, 1, 1, 1]}, null, null, 95, false, [], false, 0, [], null, 0, 1744254692.663981, 0, {}]
[{"0": [5, 34, 31, 39, 37, 7, 1, 8, 4, 3, 1, 2, 3, 2]}, null, null, 96, false, [], false, 0, [], null, 0, 1744254692.8462346, 0, {}]
[{"0": [5, 39, 43, 34, 29, 41, 42, 36, 43, 32, 33, 34, 35, 42]}, null, null, 96, false, [], false, 0, [], null, 0, 1744254693.0217092, 0, {}]
[{"0": [3, 40, 38, 31, 0, 2, 1, 1, 2, 2, 0, 2, 2, 3]}, null, null, 97, false, [], false, 0, [], null, 0, 1744254693.2121844, 0, {}]
[{"0": [0, 28, 40, 37, 37, 37, 44, 30, 31, 30, 36, 47, 45, 26]}, null, null, 98, false, [], false, 0, [], null, 0, 1744254693.3868003, 0, {}]
[{"0": [2, 32, 40, 30, 2, 1, 2, 3, 0, 0, 1, 2, 0, 0]}, null, null, 98, false, [], false, 0, [], null, 0, 1744254693.5766542, 0, {}]
[{"0": [2, 39, 43, 36, 38, 2, 4, 1, 2, 3, 0, 2, 2, 7]}, null, null, 99, false, [], false, 0, [], null, 0, 1744254693.743925, 0, {}]
[{"0": [6, 33, 39, 51, 43, 33, 45, 35, 31, 33, 5, 1, 3, 5]}, null, null, 99, false, [], false, 0, [], null, 0, 1744254693.9294562, 0, {}]
[{"0": [1, 33, 31, 46, 40, 37, 41, 37, 34, 31, 29, 31, 34, 32]}, null, null, 100, false, [], false, 0, [], null, 0, 1744254694.1313882, 0, {}]
[{"0": [2, 40, 40, 4, 2, 2, 1, 4, 3, 2, 2, 1, 1, 2]}, null, null, 101, false, [], false, 0, [], null, 0, 1744254694.299808, 0, {}]
[{"0": [4, 40, 39, 39, 30, 31, 3, 1, 4, 2, 1, 2, 2, 0]}, null, null, 101, false, [], false, 0, [], null, 0, 1744254694.4946456, 0, {}]
[{"0": [2, 41, 28, 23, 45, 43, 29, 34, 2, 3, 1, 0, 0, 1]}, null, null, 102, false, [], false, 0, [], null, 0, 1744254694.658903, 0, {}]
[{"0": [0, 32, 45, 47, 2, 2, 0, 1, 1, 1, 4, 1, 2, 3]}, null, null, 102, false, [], false, 0, [], null, 0, 1744254694.8580277, 0, {}]
[{"0": [3, 36, 38, 31, 5, 2, 1, 2, 5, 2, 2, 6, 1, 1]}, null, null, 103, false, [], false, 0, [], null, 0, 1744254695.0340147, 0, {}]
[{"0": [1, 35, 33, 28, 2, 1, 1, 1, 2, 3, 4, 2, 1, 0]}, null, null, 104, false, [], false, 0, [], null, 0, 1744254695.2194004, 0, {}]
[{"0": [2, 33, 34, 5, 1, 1, 1, 0, 4, 3, 1, 3, 1, 0]}, null, null, 104, false, [], false, 0, [], null, 0, 1744254695.4157643, 0, {}]
[{"0": [4, 33, 51, 34, 29, 38, 35, 26, 35, 29, 27, 36, 32, 40]}, null, null, 105, false, [], false, 0, [], null, 0, 1744254695.5957417, 0, {}]
[{"0": [2, 32, 36, 39, 41, 36, 51, 32, 40, 3, 1, 2, 2, 1]}, null, null, 105, false, [], false, 0, [], null, 0, 1744254695.759758, 0, {}]
[{"0": [4, 27, 0, 1, 1, 1, 1, 1, 1, 4, 2, 3, 2, 4]}, null, null, 106, false, [], false, 0, [], null, 0, 1744254695.9559736, 0, {}]
[{"0": [2, 43, 33, 30, 32, 32, 33, 0, 2, 1, 2, 2, 3, 1]}, null, null, 107, false, [], false, 0, [], null, 0, 1744254696.13255, 0, {}]
[{"0": [1, 36, 26, 27, 42, 7, 1, 1, 2, 4, 3, 3, 2, 6]}, null, null, 107, false, [], false, 0, [], null, 0, 1744254696.3277051, 0, {}]
[{"0": [0, 39, 25, 46, 28, 39, 25, 23, 33, 35, 34, 27, 37, 29]}, null, null, 108, false, [], false, 0, [], null, 0, 1744254696.5117416, 0, {}]
[{"0": [3, 40, 33, 3, 2, 1, 0, 0, 3, 2, 4, 3, 1, 1]}, null, null, 108, false, [], false, 0, [], null, 0, 1744254696.6926477, 0, {}]
[{"0": [0, 28, 32, 2, 0, 1, 4, 1, 3, 0, 1, 2, 1, 3]}, null, null, 109, false, [], false, 0, [], null, 0, 1744254696.8737369, 0, {}]
[{"0": [1, 43, 29, 31, 0, 2, 0, 4, 6, 0, 2, 2, 0, 4]}, null, null, 110, false, [], false, 0, [], null, 0, 1744254697.052303, 0, {}]
[{"0": [0, 43, 28, 30, 29, 38, 36, 31, 34, 5, 1, 0, 2, 2]}, null, null, 110, false, [], false, 0, [], null, 0, 1744254697.2291238, 0, {}]
[{"0": [0, 43, 35, 2, 0, 0, 1, 1, 2, 1, 2, 1, 1, 2]}, null, null, 111, false, [], false, 0, [], null, 0, 1744254697.4330068, 0, {}]
[{"0": [41, 2, 6, 4, 0, 1, 0, 1, 0, 1, 2, 6, 2, 0]}, null, null, 111, false, [], false, 0, [], null, 0, 1744254697.5960562, 0, {}]
[{"0": [1, 37, 38, 31, 33, 39, 28, 35, 34, 2, 1, 6, 2, 2]}, null, null, 112, false, [], false, 0, [], null, 0, 1744254697.7987707, 0, {}]
[{"0": [3, 37, 31, 28, 34, 37, 21, 2, 3, 3, 1, 4, 1, 1]}, null, null, 113, false, [], false, 0, [], null, 0, 1744254697.9775016, 0, {}]
[{"0": [1, 27, 35, 38, 2, 1, 0, 3, 1, 0, 1, 1, 3, 0]}, null, null, 113, false, [], false, 0, [], null, 0, 1744254698.150313, 0, {}]
[{"0": [2, 40, 33, 39, 38, 1, 2, 3, 0, 1, 2, 1, 4, 1]}, null, null, 114, false, [], false, 0, [], null, 0, 1744254698.3383222, 0, {}]
[{"0": [33, 34, 33, 41, 52, 41, 2, 4, 1, 0, 3, 0, 2, 1]}, null, null, 114, false, [], false, 0, [], null, 0, 1744254698.529969, 0, {}]
[{"0": [0, 34, 4, 2, 1, 4, 4, 1, 2, 4, 2, 4, 1, 3]}, null, null, 115, false, [], false, 0, [], null, 0, 1744254698.7033443, 0, {}]
[{"0": [5, 39, 24, 28, 4, 1, 0, 1, 0, 3, 4, 1, 2, 0]}, null, null, 116, false, [], false, 0, [], null, 0, 1744254698.8906465, 0, {}]
[{"0": [2, 1, 37, 1, 1, 2, 5, 2, 1, 3, 1, 4, 1, 1]}, null, null, 116, false, [], false, 0, [], null, 0, 1744254699.0728416, 0, {}]
[{"0": [2, 36, 33, 2, 3, 0, 1, 3, 4, 1, 3, 1, 2, 1]}, null, null, 117, false, [], false, 0, [], null, 0, 1744254699.2614903, 0, {}]
[{"0": [2, 30, 41, 44, 47, 36, 34, 43, 26, 28, 37, 34, 35, 36]}, null, null, 117, false, [], false, 0, [], null, 0, 1744254699.4363892, 0, {}]
[{"0": [2, 33, 35, 32, 28, 4, 0, 2, 1, 1, 2, 1, 1, 0]}, null, null, 118, false, [], false, 0, [], null, 0, 1744254699.6203606, 0, {}]
[{"0": [0, 45, 31, 3, 1, 4, 0, 2, 2, 0, 3, 1, 4, 1]}, null, null, 119, false, [], false, 0, [], null, 0, 1744254699.8143396, 0, {}]
[{"0": [1, 30, 36, 35, 31, 32, 27, 1, 2, 4, 1, 5, 1, 1]}, null, null, 119, false, [], false, 0, [], null, 0, 1744254699.9932752, 0, {}]
[{"0": [2, 34, 37, 37, 36, 23, 1, 1, 2, 2, 0, 1, 0, 0]}, null, null, 120, false, [], false, 0, [], null, 0, 1744254700.1747568, 0, {}]
[{"0": [2, 37, 40, 33, 36, 0, 2, 1, 2, 1, 1, 0, 2, 4]}, null, null, 120, false, [], false, 0, [], null, 0, 1744254700.3646648, 0, {}]
[{"0": [2, 37, 35, 23, 36, 37, 2, 1, 1, 1, 1, 2, 1, 1]}, null, null, 121, false, [], false, 0, [], null, 0, 1744254700.546203, 0, {}]
[{"0": [0, 35, 4, 1, 1, 2, 1, 2, 1, 3, 2, 0, 0, 2]}, null, null, 122, false, [], false, 0, [], null, 0, 1744254700.7178252, 0, {}]
[{"0": [1, 37, 39, 37, 44, 34, 25, 32, 35, 40, 35, 38, 33, 4]}, null, null, 122, false, [], false, 0, [], null, 0, 1744254700.909538, 0, {}]
[{"0": [0, 31, 30, 1, 2, 3, 1, 0, 2, 1, 0, 1, 0, 2]}, null, null, 123, false, [], false, 0, [], null, 0, 1744254701.0957553, 0, {}]
[{"0": [29, 0, 3, 0, 0, 2, 3, 0, 3, 1, 1, 3, 0, 1]}, null, null, 123, false, [], false, 0, [], null, 0, 1744254701.2745385, 0, {}]
[{"0": [2, 42, 24, 29, 1, 1, 3, 0, 2, 4, 1, 1, 0, 3]}, null, null, 124, false, [], false, 0, [], null, 0, 1744254701.4634347, 0, {}]
[{"0": [2, 30, 31, 0, 3, 0, 2, 2, 1, 2, 1, 3, 1, 1]}, null, null, 125, false, [], false, 0, [], null, 0, 1744254701.6390736, 0, {}]
[{"0": [0, 42, 28, 33, 33, 32, 42, 37, 31, 5, 5, 6, 3, 3]}, null, null, 125, false, [], false, 0, [], null, 0, 1744254701.8205225, 0, {}]
[{"0": [0, 38, 32, 5, 3, 4, 1, 0, 1, 5, 1, 2, 5, 0]}, null, null, 126, false, [], false, 0, [], null, 0, 1744254702.0092654, 0, {}]
[{"0": [42, 39, 2, 4, 2, 2, 1, 1, 0, 2, 2, 5, 3, 0]}, null, null, 127, false, [], false, 0, [], null, 0, 1744254702.197536, 0, {}]
[{"0": [2, 38, 0, 1, 1, 1, 2, 2, 2, 1, 4, 2, 2, 2]}, null, null, 127, false, [], false, 0, [], null, 0, 1744254702.3756099, 0, {}]
[{"0": [3, 30, 35, 47, 29, 41, 32, 1, 0, 1, 3, 2, 3, 0]}, null, null, 128, false, [], false, 0, [], null, 0, 1744254702.5627859, 0, {}]
[{"0": [2, 22, 23, 33, 28, 34, 37, 37, 43, 34, 32, 39, 33, 36]}, null, null, 128, false, [], false, 0, [], null, 0, 1744254702.7373626, 0, {}]
[{"0": [1, 42, 26, 38, 26, 36, 3, 2, 0, 5, 3, 2, 4, 0]}, null, null, 129, false, [], false, 0, [], null, 0, 1744254702.9190886, 0, {}]
[{"0": [3, 28, 27, 0, 2, 5, 3, 3, 3, 4, 1, 0, 0, 3]}, null, null, 130, false, [], false, 0, [], null, 0, 1744254703.1137164, 0, {}]
[{"0": [3, 43, 33, 40, 3, 3, 3, 2, 2, 0, 2, 3, 3, 2]}, null, null, 130, false, [], false, 0, [], null, 0, 1744254703.2906923, 0, {}]
[{"0": [1, 28, 32, 42, 29, 0, 1, 0, 0, 2, 1, 3, 5, 1]}, null, null, 131, false, [], false, 0, [], null, 0, 1744254703.47441, 0, {}]
[{"0": [4, 31, 39, 35, 2, 4, 2, 8, 1, 4, 1, 4, 1, 1]}, null, null, 131, false, [], false, 0, [], null, 0, 1744254703.6681228, 0, {}]
[{"0": [2, 29, 37, 28, 38, 28, 39, 2, 1, 2, 0, 1, 2, 2]}, null, null, 132, false, [], false, 0, [], null, 0, 1744254703.8424466, 0, {}]
[{"0": [1, 34, 28, 45, 37, 39, 4, 2, 2, 3, 0, 2, 2, 3]}, null, null, 133, false, [], false, 0, [], null, 0, 1744254704.0263176, 0, {}]
[{"0": [4, 36, 35, 38, 36, 25, 36, 38, 3, 0, 0, 2, 3, 1]}, null, null, 133, false, [], false, 0, [], null, 0, 1744254704.2178423, 0, {}]
[{"0": [5, 44, 25, 1, 1, 2, 3, 3, 1, 3, 3, 1, 1, 1]}, null, null, 134, false, [], false, 0, [], null, 0, 1744254704.38825, 0, {}]
[{"0": [1, 36, 28, 1, 4, 1, 1, 0, 4, 2, 2, 2, 8, 3]}, null, null, 134, false, [], false, 0, [], null, 0, 1744254704.573965, 0, {}]
[{"0": [4, 40, 38, 26, 36, 38, 36, 2, 3, 1, 1, 1, 1, 3]}, null, null, 135, false, [], false, 0, [], null, 0, 1744254704.7684216, 0, {}]
[{"0": [4, 32, 34, 2, 1, 1, 4, 3, 1, 2, 1, 1, 2, 2]}, null, null, 136, false, [], false, 0, [], null, 0, 1744254704.9458222, 0, {}]
[{"0": [4, 23, 26, 0, 1, 0, 1, 1, 4, 0, 2, 2, 2, 2]}, null, null, 136, false, [], false, 0, [], null, 0, 1744254705.1292212, 0, {}]
[{"0": [5, 40, 32, 31, 31, 29, 3, 3, 1, 3, 1, 1, 2, 0]}, null, null, 137, false, [], false, 0, [], null, 0, 1744254705.3136747, 0, {}]
[{"0": [2, 28, 3, 5, 1, 0, 5, 0, 4, 1, 1, 3, 0, 2]}, null, null, 137, false, [], false, 0, [], null, 0, 1744254705.4821775, 0, {}]
[{"0": [2, 42, 25, 36, 1, 1, 3, 0, 0, 1, 1, 2, 0, 4]}, null, null, 138, false, [], false, 0, [], null, 0, 1744254705.669887, 0, {}]
[{"0": [0, 31, 31, 42, 37, 35, 37, 31, 1, 3, 1, 3, 2, 4]}, null, null, 139, false, [], false, 0, [], null, 0, 1744254705.864406, 0, {}]
[{"0": [3, 34, 4, 3, 4, 3, 1, 5, 2, 3, 2, 3, 3, 1]}, null, null, 139, false, [], false, 0, [], null, 0, 1744254706.0449524, 0, {}]
[{"0": [2, 37, 42, 1, 5, 0, 5, 4, 2, 2, 1, 1, 1, 2]}, null, null, 140, false, [], false, 0, [], null, 0, 1744254706.2299798, 0, {}]
[{"0": [3, 27, 41, 3, 3, 3, 2, 3, 1, 3, 0, 4, 1, 0]}, null, null, 140, false, [], false, 0, [], null, 0, 1744254706.4167094, 0, {}]
[{"0": [3, 32, 47, 43, 41, 31, 35, 43, 2, 1, 2, 2, 1, 0]}, null, null, 141, false, [], false, 0, [], null, 0, 1744254706.5946665, 0, {}]
[{"0": [5, 39, 31, 32, 32, 2, 5, 2, 1, 3, 3, 5, 2, 0]}, null, null, 142, false, [], false, 0, [], null, 0, 1744254706.7826025, 0, {}]
[{"0": [3, 38, 36, 34, 35, 40, 29, 48, 49, 28, 33, 32, 33, 41]}, null, null, 142, false, [], false, 0, [], null, 0, 1744254706.9705467, 0, {}]
[{"0": [2, 36, 30, 25, 36, 34, 0, 0, 4, 2, 5, 4, 5, 1]}, null, null, 143, false, [], false, 0, [], null, 0, 1744254707.1446764, 0, {}]
[{"0": [1, 33, 41, 2, 2, 2, 0, 2, 0, 2, 3, 6, 3, 4]}, null, null, 143, false, [], false, 0, [], null, 0, 1744254707.327733, 0, {}]
[{"0": [2, 38, 36, 29, 48, 26, 36, 35, 25, 39, 41, 35, 40, 38]}, null, null, 144, false, [], false, 0, [], null, 0, 1744254707.508978, 0, {}]
[{"0": [4, 40, 39, 25, 36, 1, 1, 2, 2, 1, 1, 2, 5, 1]}, null, null, 145, false, [], false, 0, [], null, 0, 1744254707.6962743, 0, {}]
[{"0": [1, 40, 21, 28, 34, 32, 45, 26, 30, 2, 1, 2, 3, 2]}, null, null, 145, false, [], false, 0, [], null, 0, 1744254707.8731196, 0, {}]
[{"0": [0, 35, 31, 32, 30, 40, 2, 1, 2, 4, 2, 0, 3, 3]}, null, null, 146, false, [], false, 0, [], null, 0, 1744254708.0670033, 0, {}]
[{"0": [1, 41, 40, 2, 1, 4, 3, 1, 2, 0, 3, 2, 0, 3]}, null, null, 146, false, [], false, 0, [], null, 0, 1744254708.2461026, 0, {}]
[{"0": [1, 42, 38, 34, 30, 38, 1, 0, 0, 3, 3, 4, 2, 4]}, null, null, 147, false, [], false, 0, [], null, 0, 1744254708.4293451, 0, {}]
[{"0": [3, 36, 44, 35, 2, 1, 1, 4, 2, 3, 0, 3, 0, 2]}, null, null, 148, false, [], false, 0, [], null, 0, 1744254708.6062825, 0, {}]
[{"0": [2, 32, 35, 48, 30, 41, 32, 24, 36, 0, 2, 2, 2, 1]}, null, null, 148, false, [], false, 0, [], null, 0, 1744254708.793264, 0, {}]
[{"0": [4, 41, 28, 21, 28, 47, 31, 32, 25, 40, 2, 3, 3, 4]}, null, null, 149, false, [], false, 0, [], null, 0, 1744254708.984513, 0, {}]
[{"0": [2, 30, 32, 32, 48, 31, 42, 39, 1, 1, 2, 3, 3, 1]}, null, null, 149, false, [], false, 0, [], null, 0, 1744254709.1582136, 0, {}]
[{"0": [0, 31, 43, 4, 1, 4, 1, 2, 0, 3, 4, 0, 0, 2]}, null, null, 150, true, [], false, 0, [], null, 0, 1744254709.3535447, 0, {}]
