[{"0": [1, 3, 2, 1, 43, 36, 29, 2, 3, 4, 3, 3, 3, 2]}, null, null, 0, false, [], false, 0, [], null, 0, 1744250888.9681678, 0, {}]
[{"0": [2, 3, 0, 2, 4, 5, 27, 35, 40, 2, 2, 0, 3, 1]}, null, null, 1, false, [], false, 0, [], null, 0, 1744250889.1702898, 0, {}]
[{"0": [4, 30, 48, 36, 3, 0, 1, 2, 5, 5, 3, 4, 4, 3]}, null, null, 1, false, [], false, 0, [], null, 0, 1744250889.3607526, 0, {}]
[{"0": [1, 0, 0, 0, 0, 2, 1, 1, 39, 35, 25, 1, 5, 3]}, null, null, 2, false, [], false, 0, [], null, 0, 1744250889.548929, 0, {}]
[{"0": [3, 34, 30, 39, 37, 43, 36, 38, 29, 4, 2, 3, 2, 2]}, null, null, 2, false, [], false, 0, [], null, 0, 1744250889.7212343, 0, {}]
[{"0": [2, 1, 2, 2, 3, 1, 3, 1, 1, 1, 1, 45, 35, 34]}, null, null, 3, false, [], false, 0, [], null, 0, 1744250889.914587, 0, {}]
[{"0": [3, 38, 3, 2, 0, 0, 3, 1, 1, 1, 0, 3, 2, 1]}, null, null, 4, false, [], false, 0, [], null, 0, 1744250890.085926, 0, {}]
[{"0": [3, 35, 48, 39, 1, 2, 1, 2, 2, 2, 0, 3, 3, 3]}, null, null, 4, false, [], false, 0, [], null, 0, 1744250890.2813292, 0, {}]
[{"0": [2, 39, 50, 3, 3, 0, 0, 4, 2, 4, 2, 0, 3, 2]}, null, null, 5, false, [], false, 0, [], null, 0, 1744250890.4663906, 0, {}]
[{"0": [2, 1, 0, 4, 31, 47, 0, 4, 4, 5, 4, 1, 2, 4]}, null, null, 5, false, [], false, 0, [], null, 0, 1744250890.6506257, 0, {}]
[{"0": [3, 3, 5, 0, 2, 0, 4, 1, 1, 2, 2, 1, 44, 42]}, null, null, 6, false, [], false, 0, [], null, 0, 1744250890.8288088, 0, {}]
[{"0": [1, 2, 1, 2, 1, 4, 42, 52, 46, 44, 37, 44, 46, 3]}, null, null, 7, false, [], false, 0, [], null, 0, 1744250891.019282, 0, {}]
[{"0": [0, 3, 2, 0, 1, 2, 1, 43, 32, 40, 3, 1, 0, 3]}, null, null, 7, false, [], false, 0, [], null, 0, 1744250891.1972878, 0, {}]
[{"0": [1, 1, 6, 3, 0, 3, 1, 3, 0, 3, 1, 1, 1, 37]}, null, null, 8, false, [], false, 0, [], null, 0, 1744250891.385153, 0, {}]
[{"0": [1, 32, 46, 1, 2, 7, 1, 3, 4, 1, 0, 3, 3, 5]}, null, null, 8, false, [], false, 0, [], null, 0, 1744250891.5749283, 0, {}]
[{"0": [2, 2, 1, 2, 1, 2, 51, 45, 40, 34, 34, 41, 42, 39]}, null, null, 9, false, [], false, 0, [], null, 0, 1744250891.7342296, 0, {}]
[{"0": [2, 0, 2, 2, 4, 3, 40, 38, 53, 3, 2, 1, 1, 2]}, null, null, 10, false, [], false, 0, [], null, 0, 1744250891.9352665, 0, {}]
[{"0": [2, 1, 1, 4, 3, 0, 1, 42, 44, 40, 2, 2, 2, 3]}, null, null, 10, false, [], false, 0, [], null, 0, 1744250892.1032202, 0, {}]
[{"0": [4, 2, 1, 2, 3, 3, 3, 2, 2, 2, 4, 4, 4, 35]}, null, null, 11, false, [], false, 0, [], null, 0, 1744250892.2892513, 0, {}]
[{"0": [2, 1, 0, 2, 2, 1, 37, 29, 33, 41, 45, 50, 2, 2]}, null, null, 11, false, [], false, 0, [], null, 0, 1744250892.486459, 0, {}]
[{"0": [2, 2, 1, 5, 2, 5, 41, 47, 46, 33, 30, 35, 35, 37]}, null, null, 12, false, [], false, 0, [], null, 0, 1744250892.6519, 0, {}]
[{"0": [2, 2, 3, 2, 1, 1, 3, 2, 3, 1, 39, 42, 2, 1]}, null, null, 13, false, [], false, 0, [], null, 0, 1744250892.8480887, 0, {}]
[{"0": [4, 3, 34, 2, 1, 1, 3, 5, 3, 0, 2, 1, 2, 2]}, null, null, 13, false, [], false, 0, [], null, 0, 1744250893.0286086, 0, {}]
[{"0": [3, 2, 45, 43, 37, 28, 35, 45, 3, 1, 1, 2, 2, 2]}, null, null, 14, false, [], false, 0, [], null, 0, 1744250893.2216926, 0, {}]
[{"0": [6, 3, 1, 3, 3, 1, 3, 3, 1, 3, 5, 3, 42, 3]}, null, null, 14, false, [], false, 0, [], null, 0, 1744250893.4007852, 0, {}]
[{"0": [1, 5, 2, 3, 0, 3, 2, 3, 3, 4, 3, 7, 2, 46]}, null, null, 15, false, [], false, 0, [], null, 0, 1744250893.58821, 0, {}]
[{"0": [0, 1, 0, 4, 2, 0, 1, 1, 0, 28, 31, 31, 36, 40]}, null, null, 16, false, [], false, 0, [], null, 0, 1744250893.7556887, 0, {}]
[{"0": [1, 0, 1, 6, 2, 5, 3, 5, 3, 3, 40, 38, 36, 44]}, null, null, 16, false, [], false, 0, [], null, 0, 1744250893.9365418, 0, {}]
[{"0": [2, 2, 0, 0, 1, 3, 4, 1, 2, 3, 2, 0, 1, 44]}, null, null, 17, false, [], false, 0, [], null, 0, 1744250894.124405, 0, {}]
[{"0": [1, 2, 34, 3, 2, 0, 1, 3, 0, 0, 2, 0, 3, 1]}, null, null, 17, false, [], false, 0, [], null, 0, 1744250894.321987, 0, {}]
[{"0": [1, 0, 5, 2, 33, 2, 2, 2, 0, 0, 3, 2, 3, 2]}, null, null, 18, false, [], false, 0, [], null, 0, 1744250894.495562, 0, {}]
[{"0": [1, 2, 0, 41, 1, 3, 1, 3, 3, 4, 3, 3, 4, 3]}, null, null, 19, false, [], false, 0, [], null, 0, 1744250894.6825094, 0, {}]
[{"0": [2, 38, 39, 39, 4, 1, 1, 3, 0, 2, 3, 0, 1, 1]}, null, null, 19, false, [], false, 0, [], null, 0, 1744250894.8657594, 0, {}]
[{"0": [6, 4, 0, 1, 3, 2, 2, 2, 5, 3, 4, 3, 44, 41]}, null, null, 20, false, [], false, 0, [], null, 0, 1744250895.0536668, 0, {}]
[{"0": [2, 46, 46, 41, 39, 38, 31, 1, 3, 0, 1, 2, 2, 5]}, null, null, 20, false, [], false, 0, [], null, 0, 1744250895.2314594, 0, {}]
[{"0": [1, 38, 36, 40, 39, 34, 35, 42, 38, 41, 44, 0, 2, 1]}, null, null, 21, false, [], false, 0, [], null, 0, 1744250895.4051945, 0, {}]
[{"0": [2, 31, 42, 32, 48, 0, 5, 2, 0, 3, 0, 1, 2, 2]}, null, null, 22, false, [], false, 0, [], null, 0, 1744250895.6019073, 0, {}]
[{"0": [4, 4, 3, 1, 1, 1, 31, 37, 30, 48, 33, 39, 36, 0]}, null, null, 22, false, [], false, 0, [], null, 0, 1744250895.7857397, 0, {}]
[{"0": [2, 1, 0, 3, 7, 3, 5, 3, 1, 1, 0, 1, 23, 40]}, null, null, 23, false, [], false, 0, [], null, 0, 1744250895.9709787, 0, {}]
[{"0": [1, 0, 4, 1, 40, 2, 3, 2, 1, 3, 1, 3, 2, 5]}, null, null, 23, false, [], false, 0, [], null, 0, 1744250896.1472952, 0, {}]
[{"0": [0, 1, 3, 4, 2, 0, 1, 2, 1, 1, 1, 2, 4, 34]}, null, null, 24, false, [], false, 0, [], null, 0, 1744250896.341195, 0, {}]
[{"0": [1, 40, 40, 45, 3, 5, 0, 2, 4, 2, 1, 3, 2, 1]}, null, null, 25, false, [], false, 0, [], null, 0, 1744250896.5237498, 0, {}]
[{"0": [2, 36, 45, 37, 36, 3, 4, 3, 0, 2, 2, 1, 1, 5]}, null, null, 25, false, [], false, 0, [], null, 0, 1744250896.6864855, 0, {}]
[{"0": [0, 0, 1, 2, 29, 34, 39, 36, 1, 1, 1, 5, 2, 2]}, null, null, 26, false, [], false, 0, [], null, 0, 1744250896.8893983, 0, {}]
[{"0": [4, 1, 1, 0, 3, 3, 40, 37, 44, 40, 38, 43, 42, 1]}, null, null, 27, false, [], false, 0, [], null, 0, 1744250897.0743032, 0, {}]
[{"0": [3, 2, 3, 1, 28, 35, 35, 28, 47, 41, 1, 1, 0, 1]}, null, null, 27, false, [], false, 0, [], null, 0, 1744250897.2579563, 0, {}]
[{"0": [4, 0, 1, 3, 2, 3, 3, 1, 2, 2, 3, 3, 36, 37]}, null, null, 28, false, [], false, 0, [], null, 0, 1744250897.4383428, 0, {}]
[{"0": [0, 0, 38, 50, 42, 1, 0, 3, 0, 1, 1, 2, 1, 0]}, null, null, 28, false, [], false, 0, [], null, 0, 1744250897.62818, 0, {}]
[{"0": [2, 2, 1, 0, 5, 1, 31, 39, 47, 36, 30, 3, 4, 4]}, null, null, 29, false, [], false, 0, [], null, 0, 1744250897.8069022, 0, {}]
[{"0": [1, 2, 1, 2, 1, 44, 36, 36, 34, 43, 38, 52, 37, 37]}, null, null, 30, false, [], false, 0, [], null, 0, 1744250897.984106, 0, {}]
[{"0": [1, 36, 31, 37, 39, 39, 1, 2, 3, 2, 1, 4, 5, 4]}, null, null, 30, false, [], false, 0, [], null, 0, 1744250898.1704013, 0, {}]
[{"0": [0, 0, 2, 5, 2, 2, 4, 4, 0, 2, 0, 2, 1, 38]}, null, null, 31, false, [], false, 0, [], null, 0, 1744250898.355395, 0, {}]
[{"0": [2, 1, 2, 2, 2, 1, 53, 34, 43, 49, 46, 30, 1, 5]}, null, null, 31, false, [], false, 0, [], null, 0, 1744250898.5320666, 0, {}]
[{"0": [1, 3, 2, 3, 42, 46, 42, 33, 34, 28, 38, 34, 37, 1]}, null, null, 32, false, [], false, 0, [], null, 0, 1744250898.7035356, 0, {}]
[{"0": [4, 5, 39, 2, 2, 3, 2, 4, 1, 2, 0, 2, 5, 2]}, null, null, 33, false, [], false, 0, [], null, 0, 1744250898.906296, 0, {}]
[{"0": [5, 3, 34, 34, 38, 3, 0, 1, 1, 2, 1, 3, 2, 0]}, null, null, 33, false, [], false, 0, [], null, 0, 1744250899.079272, 0, {}]
[{"0": [4, 2, 2, 1, 0, 2, 25, 29, 36, 3, 1, 4, 5, 1]}, null, null, 34, false, [], false, 0, [], null, 0, 1744250899.2719796, 0, {}]
[{"0": [3, 42, 44, 7, 3, 0, 4, 4, 0, 1, 1, 0, 1, 4]}, null, null, 34, false, [], false, 0, [], null, 0, 1744250899.437841, 0, {}]
[{"0": [1, 2, 5, 2, 44, 34, 44, 29, 38, 38, 42, 35, 34, 36]}, null, null, 35, false, [], false, 0, [], null, 0, 1744250899.631547, 0, {}]
[{"0": [0, 1, 2, 3, 1, 1, 2, 1, 3, 3, 42, 30, 2, 1]}, null, null, 36, false, [], false, 0, [], null, 0, 1744250899.8036304, 0, {}]
[{"0": [6, 7, 0, 2, 4, 1, 0, 43, 27, 1, 2, 2, 2, 3]}, null, null, 36, false, [], false, 0, [], null, 0, 1744250900.002237, 0, {}]
[{"0": [1, 1, 2, 4, 5, 2, 35, 3, 1, 2, 1, 2, 3, 2]}, null, null, 37, false, [], false, 0, [], null, 0, 1744250900.1806843, 0, {}]
[{"0": [30, 41, 43, 1, 1, 1, 2, 3, 1, 4, 1, 1, 3, 1]}, null, null, 37, false, [], false, 0, [], null, 0, 1744250900.355618, 0, {}]
[{"0": [3, 0, 1, 1, 2, 3, 6, 4, 2, 3, 1, 3, 42, 36]}, null, null, 38, false, [], false, 0, [], null, 0, 1744250900.547171, 0, {}]
[{"0": [1, 45, 38, 42, 49, 38, 27, 29, 38, 1, 4, 2, 1, 1]}, null, null, 39, false, [], false, 0, [], null, 0, 1744250900.7403398, 0, {}]
[{"0": [0, 0, 4, 0, 3, 5, 1, 36, 44, 30, 41, 2, 2, 1]}, null, null, 39, false, [], false, 0, [], null, 0, 1744250900.9186084, 0, {}]
[{"0": [1, 3, 2, 3, 6, 1, 39, 3, 1, 1, 2, 2, 2, 1]}, null, null, 40, false, [], false, 0, [], null, 0, 1744250901.1069622, 0, {}]
[{"0": [3, 0, 2, 2, 0, 3, 31, 0, 4, 3, 1, 4, 1, 2]}, null, null, 40, false, [], false, 0, [], null, 0, 1744250901.2856205, 0, {}]
[{"0": [3, 1, 43, 38, 33, 49, 36, 29, 41, 51, 35, 26, 4, 2]}, null, null, 41, false, [], false, 0, [], null, 0, 1744250901.4757428, 0, {}]
[{"0": [2, 6, 2, 1, 34, 48, 42, 41, 38, 43, 31, 31, 35, 36]}, null, null, 42, false, [], false, 0, [], null, 0, 1744250901.640087, 0, {}]
[{"0": [5, 2, 5, 0, 2, 0, 2, 2, 5, 0, 1, 2, 35, 1]}, null, null, 42, false, [], false, 0, [], null, 0, 1744250901.8416839, 0, {}]
[{"0": [3, 1, 1, 5, 4, 2, 2, 2, 43, 41, 38, 50, 27, 41]}, null, null, 43, false, [], false, 0, [], null, 0, 1744250902.0073695, 0, {}]
[{"0": [2, 1, 0, 0, 0, 1, 33, 36, 39, 27, 28, 30, 25, 1]}, null, null, 43, false, [], false, 0, [], null, 0, 1744250902.20723, 0, {}]
[{"0": [2, 3, 0, 2, 2, 1, 0, 1, 4, 1, 3, 31, 26, 30]}, null, null, 44, false, [], false, 0, [], null, 0, 1744250902.383761, 0, {}]
[{"0": [0, 4, 0, 1, 0, 1, 3, 2, 3, 1, 3, 4, 2, 41]}, null, null, 45, false, [], false, 0, [], null, 0, 1744250902.5722635, 0, {}]
[{"0": [1, 4, 3, 1, 48, 40, 42, 2, 0, 3, 4, 2, 2, 1]}, null, null, 45, false, [], false, 0, [], null, 0, 1744250902.755783, 0, {}]
[{"0": [3, 1, 3, 48, 32, 44, 41, 36, 3, 1, 2, 0, 1, 1]}, null, null, 46, false, [], false, 0, [], null, 0, 1744250902.9403806, 0, {}]
[{"0": [4, 1, 2, 1, 3, 2, 3, 1, 0, 2, 1, 1, 2, 41]}, null, null, 46, false, [], false, 0, [], null, 0, 1744250903.1048179, 0, {}]
[{"0": [1, 1, 1, 2, 3, 1, 1, 2, 1, 2, 2, 3, 39, 40]}, null, null, 47, false, [], false, 0, [], null, 0, 1744250903.3027303, 0, {}]
[{"0": [3, 3, 2, 2, 1, 0, 6, 1, 5, 3, 1, 1, 1, 59]}, null, null, 48, false, [], false, 0, [], null, 0, 1744250903.4761083, 0, {}]
[{"0": [1, 35, 44, 2, 1, 2, 3, 3, 2, 2, 3, 0, 4, 4]}, null, null, 48, false, [], false, 0, [], null, 0, 1744250903.6640134, 0, {}]
[{"0": [32, 1, 2, 1, 3, 3, 4, 1, 2, 1, 2, 2, 0, 5]}, null, null, 49, false, [], false, 0, [], null, 0, 1744250903.8590817, 0, {}]
[{"0": [3, 0, 44, 43, 36, 50, 40, 40, 41, 49, 41, 39, 2, 6]}, null, null, 49, false, [], false, 0, [], null, 0, 1744250904.0387821, 0, {}]
[{"0": [2, 3, 1, 1, 45, 39, 31, 0, 2, 3, 1, 3, 2, 2]}, null, null, 50, false, [], false, 0, [], null, 0, 1744250904.2158074, 0, {}]
[{"0": [3, 37, 3, 1, 4, 2, 2, 6, 1, 1, 1, 2, 2, 2]}, null, null, 51, false, [], false, 0, [], null, 0, 1744250904.4104369, 0, {}]
[{"0": [1, 44, 32, 45, 39, 36, 31, 28, 38, 34, 42, 48, 38, 4]}, null, null, 51, false, [], false, 0, [], null, 0, 1744250904.579704, 0, {}]
[{"0": [2, 0, 2, 4, 1, 2, 41, 44, 39, 27, 42, 31, 35, 34]}, null, null, 52, false, [], false, 0, [], null, 0, 1744250904.7528486, 0, {}]
[{"0": [1, 3, 1, 2, 1, 2, 35, 0, 0, 0, 2, 2, 2, 0]}, null, null, 52, false, [], false, 0, [], null, 0, 1744250904.9399195, 0, {}]
[{"0": [1, 2, 3, 1, 31, 27, 43, 36, 37, 40, 1, 3, 3, 4]}, null, null, 53, false, [], false, 0, [], null, 0, 1744250905.1412187, 0, {}]
[{"0": [5, 3, 0, 1, 2, 2, 4, 5, 2, 3, 2, 1, 42, 50]}, null, null, 54, false, [], false, 0, [], null, 0, 1744250905.320194, 0, {}]
[{"0": [1, 2, 1, 2, 2, 0, 1, 1, 2, 2, 1, 31, 31, 39]}, null, null, 54, false, [], false, 0, [], null, 0, 1744250905.5010428, 0, {}]
[{"0": [0, 5, 33, 3, 3, 1, 3, 1, 3, 2, 1, 2, 3, 1]}, null, null, 55, false, [], false, 0, [], null, 0, 1744250905.692536, 0, {}]
[{"0": [1, 2, 1, 2, 3, 1, 40, 39, 25, 38, 37, 1, 4, 3]}, null, null, 55, false, [], false, 0, [], null, 0, 1744250905.8632517, 0, {}]
[{"0": [3, 47, 30, 39, 36, 1, 3, 3, 4, 3, 4, 4, 0, 1]}, null, null, 56, false, [], false, 0, [], null, 0, 1744250906.04165, 0, {}]
[{"0": [1, 46, 33, 49, 3, 3, 1, 1, 2, 2, 1, 4, 2, 2]}, null, null, 57, false, [], false, 0, [], null, 0, 1744250906.2363112, 0, {}]
[{"0": [0, 2, 3, 3, 4, 1, 3, 2, 4, 0, 2, 1, 1, 39]}, null, null, 57, false, [], false, 0, [], null, 0, 1744250906.4056945, 0, {}]
[{"0": [2, 25, 31, 25, 30, 34, 39, 46, 36, 29, 38, 31, 1, 1]}, null, null, 58, false, [], false, 0, [], null, 0, 1744250906.599851, 0, {}]
[{"0": [4, 2, 37, 40, 30, 34, 2, 4, 1, 2, 1, 0, 1, 0]}, null, null, 58, false, [], false, 0, [], null, 0, 1744250906.7840776, 0, {}]
[{"0": [1, 5, 3, 1, 4, 1, 0, 34, 40, 36, 8, 1, 4, 4]}, null, null, 59, false, [], false, 0, [], null, 0, 1744250906.9654508, 0, {}]
[{"0": [2, 2, 0, 1, 36, 1, 1, 2, 0, 3, 3, 2, 0, 5]}, null, null, 60, false, [], false, 0, [], null, 0, 1744250907.1438615, 0, {}]
[{"0": [1, 2, 1, 47, 29, 34, 28, 36, 34, 0, 3, 0, 1, 2]}, null, null, 60, false, [], false, 0, [], null, 0, 1744250907.331346, 0, {}]
[{"0": [2, 1, 2, 3, 45, 33, 35, 36, 39, 38, 41, 2, 2, 3]}, null, null, 61, false, [], false, 0, [], null, 0, 1744250907.521907, 0, {}]
[{"0": [2, 6, 1, 4, 25, 33, 43, 24, 4, 0, 1, 1, 3, 1]}, null, null, 61, false, [], false, 0, [], null, 0, 1744250907.6977208, 0, {}]
[{"0": [36, 47, 47, 29, 39, 49, 2, 5, 2, 0, 5, 2, 1, 1]}, null, null, 62, false, [], false, 0, [], null, 0, 1744250907.8822134, 0, {}]
[{"0": [1, 1, 1, 1, 2, 2, 2, 2, 4, 42, 35, 1, 1, 1]}, null, null, 63, false, [], false, 0, [], null, 0, 1744250908.0723379, 0, {}]
[{"0": [0, 1, 3, 34, 32, 28, 40, 34, 35, 37, 40, 39, 1, 1]}, null, null, 63, false, [], false, 0, [], null, 0, 1744250908.248554, 0, {}]
[{"0": [0, 1, 0, 0, 2, 2, 2, 0, 2, 1, 0, 40, 32, 38]}, null, null, 64, false, [], false, 0, [], null, 0, 1744250908.438704, 0, {}]
[{"0": [1, 2, 4, 1, 47, 41, 35, 1, 1, 0, 3, 2, 5, 1]}, null, null, 64, false, [], false, 0, [], null, 0, 1744250908.6206615, 0, {}]
[{"0": [4, 4, 2, 3, 2, 0, 0, 32, 37, 38, 39, 26, 38, 2]}, null, null, 65, false, [], false, 0, [], null, 0, 1744250908.7989984, 0, {}]
[{"0": [0, 1, 32, 1, 0, 4, 1, 1, 2, 0, 0, 3, 5, 2]}, null, null, 66, false, [], false, 0, [], null, 0, 1744250908.9768205, 0, {}]
[{"0": [4, 3, 46, 43, 35, 50, 2, 2, 2, 1, 3, 3, 2, 3]}, null, null, 66, false, [], false, 0, [], null, 0, 1744250909.1603546, 0, {}]
[{"0": [2, 1, 1, 4, 1, 3, 1, 4, 48, 33, 27, 38, 32, 32]}, null, null, 67, false, [], false, 0, [], null, 0, 1744250909.3519552, 0, {}]
[{"0": [3, 0, 1, 4, 3, 2, 1, 3, 0, 3, 1, 41, 35, 34]}, null, null, 67, false, [], false, 0, [], null, 0, 1744250909.541283, 0, {}]
[{"0": [2, 0, 3, 3, 41, 37, 27, 37, 48, 29, 1, 1, 1, 2]}, null, null, 68, false, [], false, 0, [], null, 0, 1744250909.7213147, 0, {}]
[{"0": [3, 2, 1, 4, 2, 0, 2, 4, 3, 0, 4, 3, 2, 2]}, null, null, 69, false, [], false, 0, [], null, 0, 1744250909.8961835, 0, {}]
[{"0": [0, 49, 33, 31, 34, 2, 2, 6, 1, 3, 4, 0, 0, 3]}, null, null, 69, false, [], false, 0, [], null, 0, 1744250910.0801852, 0, {}]
[{"0": [2, 1, 0, 0, 39, 48, 2, 2, 3, 1, 2, 2, 0, 2]}, null, null, 70, false, [], false, 0, [], null, 0, 1744250910.2763374, 0, {}]
[{"0": [6, 3, 4, 3, 1, 1, 1, 3, 3, 2, 1, 2, 34, 26]}, null, null, 70, false, [], false, 0, [], null, 0, 1744250910.457824, 0, {}]
[{"0": [4, 1, 3, 3, 4, 4, 0, 3, 1, 4, 51, 28, 41, 33]}, null, null, 71, false, [], false, 0, [], null, 0, 1744250910.6330693, 0, {}]
[{"0": [1, 2, 3, 3, 2, 1, 3, 2, 45, 3, 2, 2, 2, 2]}, null, null, 72, false, [], false, 0, [], null, 0, 1744250910.8068454, 0, {}]
[{"0": [1, 32, 0, 1, 1, 5, 1, 3, 1, 3, 2, 2, 3, 2]}, null, null, 72, false, [], false, 0, [], null, 0, 1744250910.9901922, 0, {}]
[{"0": [0, 4, 2, 1, 1, 1, 0, 2, 4, 40, 40, 39, 37, 34]}, null, null, 73, false, [], false, 0, [], null, 0, 1744250911.1745737, 0, {}]
[{"0": [1, 2, 1, 0, 40, 36, 43, 44, 33, 0, 2, 0, 1, 2]}, null, null, 73, false, [], false, 0, [], null, 0, 1744250911.3744113, 0, {}]
[{"0": [2, 1, 3, 2, 1, 4, 1, 2, 2, 2, 3, 1, 1, 25]}, null, null, 74, false, [], false, 0, [], null, 0, 1744250911.5552862, 0, {}]
[{"0": [5, 34, 26, 2, 2, 3, 1, 1, 2, 3, 2, 1, 1, 0]}, null, null, 75, false, [], false, 0, [], null, 0, 1744250911.745722, 0, {}]
[{"0": [1, 1, 2, 44, 30, 35, 1, 4, 3, 0, 0, 4, 2, 3]}, null, null, 75, false, [], false, 0, [], null, 0, 1744250911.908017, 0, {}]
[{"0": [3, 1, 1, 5, 2, 2, 2, 1, 39, 31, 4, 5, 3, 1]}, null, null, 76, false, [], false, 0, [], null, 0, 1744250912.1082518, 0, {}]
[{"0": [3, 1, 0, 3, 4, 2, 1, 1, 5, 1, 1, 4, 1, 41]}, null, null, 77, false, [], false, 0, [], null, 0, 1744250912.2799857, 0, {}]
[{"0": [1, 32, 43, 1, 3, 1, 4, 0, 4, 2, 1, 0, 2, 1]}, null, null, 77, false, [], false, 0, [], null, 0, 1744250912.477877, 0, {}]
[{"0": [1, 3, 24, 0, 2, 1, 2, 1, 1, 0, 1, 6, 3, 2]}, null, null, 78, false, [], false, 0, [], null, 0, 1744250912.6558213, 0, {}]
[{"0": [2, 2, 2, 1, 28, 1, 1, 4, 3, 0, 4, 4, 2, 2]}, null, null, 78, false, [], false, 0, [], null, 0, 1744250912.8338218, 0, {}]
[{"0": [1, 41, 44, 1, 3, 2, 1, 2, 3, 1, 2, 4, 3, 3]}, null, null, 79, false, [], false, 0, [], null, 0, 1744250913.0291305, 0, {}]
[{"0": [46, 38, 35, 3, 4, 0, 3, 3, 0, 1, 4, 0, 1, 3]}, null, null, 80, false, [], false, 0, [], null, 0, 1744250913.190937, 0, {}]
[{"0": [0, 2, 1, 0, 41, 40, 38, 35, 25, 44, 24, 23, 40, 40]}, null, null, 80, false, [], false, 0, [], null, 0, 1744250913.3824353, 0, {}]
[{"0": [3, 24, 3, 2, 0, 4, 2, 1, 1, 1, 0, 3, 2, 2]}, null, null, 81, false, [], false, 0, [], null, 0, 1744250913.5564013, 0, {}]
[{"0": [4, 2, 0, 4, 1, 0, 1, 3, 1, 0, 1, 3, 0, 26]}, null, null, 81, false, [], false, 0, [], null, 0, 1744250913.746914, 0, {}]
[{"0": [6, 0, 3, 4, 39, 38, 0, 2, 2, 0, 5, 2, 0, 1]}, null, null, 82, false, [], false, 0, [], null, 0, 1744250913.944632, 0, {}]
[{"0": [1, 51, 33, 43, 0, 0, 2, 2, 2, 2, 1, 0, 0, 2]}, null, null, 83, false, [], false, 0, [], null, 0, 1744250914.1239052, 0, {}]
[{"0": [3, 2, 1, 2, 1, 4, 33, 2, 3, 1, 3, 5, 2, 3]}, null, null, 83, false, [], false, 0, [], null, 0, 1744250914.3111305, 0, {}]
[{"0": [3, 3, 1, 41, 40, 39, 28, 36, 32, 2, 2, 3, 4, 4]}, null, null, 84, false, [], false, 0, [], null, 0, 1744250914.4804382, 0, {}]
[{"0": [4, 2, 2, 1, 1, 6, 2, 0, 1, 4, 3, 3, 6, 42]}, null, null, 84, false, [], false, 0, [], null, 0, 1744250914.6751585, 0, {}]
[{"0": [1, 1, 0, 0, 0, 3, 1, 0, 32, 37, 2, 4, 0, 1]}, null, null, 85, false, [], false, 0, [], null, 0, 1744250914.8445811, 0, {}]
[{"0": [1, 1, 3, 1, 2, 2, 1, 3, 1, 4, 4, 1, 1, 1]}, null, null, 86, false, [], false, 0, [], null, 0, 1744250915.0241523, 0, {}]
[{"0": [4, 2, 4, 1, 3, 2, 3, 2, 1, 5, 3, 29, 4, 1]}, null, null, 86, false, [], false, 0, [], null, 0, 1744250915.220523, 0, {}]
[{"0": [3, 3, 42, 38, 3, 4, 0, 5, 1, 2, 3, 3, 4, 3]}, null, null, 87, false, [], false, 0, [], null, 0, 1744250915.4122539, 0, {}]
[{"0": [2, 34, 35, 44, 39, 36, 0, 0, 2, 0, 2, 4, 4, 0]}, null, null, 87, false, [], false, 0, [], null, 0, 1744250915.5810754, 0, {}]
[{"0": [7, 5, 3, 3, 3, 1, 3, 3, 2, 0, 45, 40, 32, 44]}, null, null, 88, false, [], false, 0, [], null, 0, 1744250915.769983, 0, {}]
[{"0": [3, 2, 1, 2, 1, 1, 43, 49, 33, 43, 36, 3, 1, 3]}, null, null, 89, false, [], false, 0, [], null, 0, 1744250915.9567, 0, {}]
[{"0": [2, 45, 1, 4, 3, 4, 3, 2, 3, 5, 4, 2, 3, 5]}, null, null, 89, false, [], false, 0, [], null, 0, 1744250916.1217933, 0, {}]
[{"0": [3, 0, 1, 1, 0, 6, 2, 3, 2, 0, 0, 0, 1, 50]}, null, null, 90, false, [], false, 0, [], null, 0, 1744250916.3280847, 0, {}]
[{"0": [0, 0, 1, 2, 0, 2, 39, 4, 2, 0, 3, 1, 2, 1]}, null, null, 90, false, [], false, 0, [], null, 0, 1744250916.5082428, 0, {}]
[{"0": [1, 1, 3, 1, 2, 1, 1, 4, 0, 2, 1, 3, 1, 42]}, null, null, 91, false, [], false, 0, [], null, 0, 1744250916.6742709, 0, {}]
[{"0": [1, 38, 39, 48, 38, 39, 33, 0, 2, 2, 2, 1, 5, 4]}, null, null, 92, false, [], false, 0, [], null, 0, 1744250916.860875, 0, {}]
[{"0": [24, 47, 1, 1, 0, 1, 1, 3, 0, 4, 3, 3, 2, 4]}, null, null, 92, false, [], false, 0, [], null, 0, 1744250917.0505545, 0, {}]
[{"0": [4, 2, 0, 2, 1, 3, 4, 1, 0, 1, 6, 3, 2, 33]}, null, null, 93, false, [], false, 0, [], null, 0, 1744250917.2313793, 0, {}]
[{"0": [3, 6, 1, 2, 31, 38, 33, 1, 5, 2, 1, 1, 0, 3]}, null, null, 93, false, [], false, 0, [], null, 0, 1744250917.4244027, 0, {}]
[{"0": [2, 28, 37, 33, 41, 33, 31, 48, 27, 42, 4, 2, 5, 5]}, null, null, 94, false, [], false, 0, [], null, 0, 1744250917.609189, 0, {}]
[{"0": [5, 1, 2, 1, 47, 3, 1, 1, 2, 1, 1, 2, 1, 4]}, null, null, 95, false, [], false, 0, [], null, 0, 1744250917.7730682, 0, {}]
[{"0": [41, 44, 34, 39, 2, 0, 2, 0, 1, 4, 1, 3, 2, 3]}, null, null, 95, false, [], false, 0, [], null, 0, 1744250917.9730916, 0, {}]
[{"0": [0, 2, 33, 32, 3, 3, 1, 5, 0, 1, 2, 1, 3, 4]}, null, null, 96, false, [], false, 0, [], null, 0, 1744250918.1499066, 0, {}]
[{"0": [1, 0, 33, 30, 31, 41, 38, 36, 44, 40, 42, 34, 29, 32]}, null, null, 96, false, [], false, 0, [], null, 0, 1744250918.3225472, 0, {}]
[{"0": [3, 3, 31, 35, 38, 39, 29, 43, 43, 38, 32, 39, 40, 36]}, null, null, 97, false, [], false, 0, [], null, 0, 1744250918.5257964, 0, {}]
[{"0": [0, 32, 29, 36, 35, 24, 48, 39, 34, 57, 32, 3, 0, 0]}, null, null, 98, false, [], false, 0, [], null, 0, 1744250918.703232, 0, {}]
[{"0": [1, 1, 0, 1, 28, 34, 33, 23, 42, 28, 48, 1, 2, 1]}, null, null, 98, false, [], false, 0, [], null, 0, 1744250918.8858259, 0, {}]
[{"0": [2, 2, 1, 1, 2, 3, 43, 34, 40, 37, 2, 4, 2, 4]}, null, null, 99, false, [], false, 0, [], null, 0, 1744250919.0783727, 0, {}]
[{"0": [1, 3, 3, 2, 1, 1, 1, 3, 1, 6, 35, 38, 3, 4]}, null, null, 99, false, [], false, 0, [], null, 0, 1744250919.2409549, 0, {}]
[{"0": [1, 3, 3, 4, 37, 40, 39, 2, 5, 0, 2, 2, 3, 2]}, null, null, 100, false, [], false, 0, [], null, 0, 1744250919.4344225, 0, {}]
[{"0": [1, 0, 0, 6, 0, 2, 3, 1, 2, 1, 1, 0, 1, 24]}, null, null, 101, false, [], false, 0, [], null, 0, 1744250919.6224165, 0, {}]
[{"0": [1, 1, 2, 2, 6, 1, 1, 4, 5, 1, 40, 45, 36, 47]}, null, null, 101, false, [], false, 0, [], null, 0, 1744250919.8014693, 0, {}]
[{"0": [2, 2, 0, 3, 3, 3, 29, 1, 1, 3, 2, 2, 4, 2]}, null, null, 102, false, [], false, 0, [], null, 0, 1744250919.9818602, 0, {}]
[{"0": [4, 42, 48, 29, 30, 45, 35, 3, 0, 0, 0, 0, 4, 2]}, null, null, 102, false, [], false, 0, [], null, 0, 1744250920.1794088, 0, {}]
[{"0": [2, 35, 26, 36, 2, 1, 0, 1, 4, 1, 2, 3, 2, 1]}, null, null, 103, false, [], false, 0, [], null, 0, 1744250920.3610067, 0, {}]
[{"0": [2, 1, 5, 6, 3, 2, 1, 1, 1, 40, 0, 2, 3, 2]}, null, null, 104, false, [], false, 0, [], null, 0, 1744250920.5509279, 0, {}]
[{"0": [1, 1, 1, 1, 1, 3, 2, 3, 3, 0, 1, 6, 33, 37]}, null, null, 104, false, [], false, 0, [], null, 0, 1744250920.7252777, 0, {}]
[{"0": [2, 34, 26, 36, 37, 38, 29, 35, 39, 37, 48, 36, 3, 2]}, null, null, 105, false, [], false, 0, [], null, 0, 1744250920.9082837, 0, {}]
[{"0": [1, 2, 4, 1, 2, 1, 2, 6, 1, 4, 4, 1, 3, 35]}, null, null, 105, false, [], false, 0, [], null, 0, 1744250921.0877216, 0, {}]
[{"0": [2, 30, 38, 1, 1, 2, 2, 1, 2, 0, 2, 1, 4, 1]}, null, null, 106, false, [], false, 0, [], null, 0, 1744250921.2758071, 0, {}]
[{"0": [0, 1, 6, 1, 0, 2, 5, 1, 1, 4, 1, 3, 42, 37]}, null, null, 107, false, [], false, 0, [], null, 0, 1744250921.4555936, 0, {}]
[{"0": [1, 2, 2, 3, 3, 3, 2, 5, 2, 2, 4, 3, 8, 50]}, null, null, 107, false, [], false, 0, [], null, 0, 1744250921.6391752, 0, {}]
[{"0": [1, 1, 2, 2, 4, 0, 1, 5, 33, 35, 34, 40, 41, 28]}, null, null, 108, false, [], false, 0, [], null, 0, 1744250921.8215163, 0, {}]
[{"0": [1, 0, 1, 3, 1, 2, 2, 1, 2, 1, 2, 1, 35, 34]}, null, null, 108, false, [], false, 0, [], null, 0, 1744250922.0073607, 0, {}]
[{"0": [2, 2, 1, 1, 2, 1, 29, 36, 39, 3, 2, 1, 4, 0]}, null, null, 109, false, [], false, 0, [], null, 0, 1744250922.181322, 0, {}]
[{"0": [2, 40, 34, 32, 33, 43, 38, 41, 37, 33, 35, 36, 43, 42]}, null, null, 110, false, [], false, 0, [], null, 0, 1744250922.3746834, 0, {}]
[{"0": [2, 4, 1, 2, 3, 0, 2, 2, 1, 1, 4, 3, 3, 52]}, null, null, 110, false, [], false, 0, [], null, 0, 1744250922.553331, 0, {}]
[{"0": [3, 3, 4, 0, 3, 1, 3, 2, 2, 4, 3, 4, 1, 43]}, null, null, 111, false, [], false, 0, [], null, 0, 1744250922.740463, 0, {}]
[{"0": [38, 50, 42, 36, 31, 36, 45, 45, 39, 38, 37, 2, 0, 2]}, null, null, 111, false, [], false, 0, [], null, 0, 1744250922.925545, 0, {}]
[{"0": [1, 3, 2, 0, 1, 4, 0, 2, 40, 31, 2, 2, 1, 4]}, null, null, 112, false, [], false, 0, [], null, 0, 1744250923.0994828, 0, {}]
[{"0": [5, 3, 2, 0, 0, 0, 3, 1, 0, 1, 4, 2, 2, 36]}, null, null, 113, false, [], false, 0, [], null, 0, 1744250923.282477, 0, {}]
[{"0": [1, 0, 4, 1, 50, 4, 0, 4, 1, 2, 2, 1, 2, 2]}, null, null, 113, false, [], false, 0, [], null, 0, 1744250923.4705145, 0, {}]
[{"0": [41, 34, 36, 1, 3, 3, 2, 0, 2, 3, 5, 4, 2, 0]}, null, null, 114, false, [], false, 0, [], null, 0, 1744250923.6568975, 0, {}]
[{"0": [2, 0, 1, 1, 2, 1, 3, 1, 0, 2, 2, 2, 1, 45]}, null, null, 114, false, [], false, 0, [], null, 0, 1744250923.83091, 0, {}]
[{"0": [3, 39, 37, 5, 3, 2, 3, 3, 1, 2, 1, 1, 4, 2]}, null, null, 115, false, [], false, 0, [], null, 0, 1744250924.0219395, 0, {}]
[{"0": [1, 1, 4, 0, 28, 5, 1, 0, 2, 1, 3, 0, 2, 1]}, null, null, 116, false, [], false, 0, [], null, 0, 1744250924.212756, 0, {}]
[{"0": [0, 1, 3, 3, 1, 5, 40, 35, 33, 44, 43, 1, 1, 2]}, null, null, 116, false, [], false, 0, [], null, 0, 1744250924.3792677, 0, {}]
[{"0": [1, 3, 3, 1, 1, 0, 2, 2, 2, 0, 0, 2, 1, 41]}, null, null, 117, false, [], false, 0, [], null, 0, 1744250924.569152, 0, {}]
[{"0": [0, 21, 35, 7, 1, 2, 1, 1, 2, 2, 0, 1, 3, 2]}, null, null, 117, false, [], false, 0, [], null, 0, 1744250924.7601733, 0, {}]
[{"0": [2, 3, 1, 1, 5, 3, 37, 45, 39, 2, 1, 2, 3, 2]}, null, null, 118, false, [], false, 0, [], null, 0, 1744250924.9352627, 0, {}]
[{"0": [1, 1, 1, 1, 3, 5, 28, 35, 27, 39, 48, 35, 2, 1]}, null, null, 119, false, [], false, 0, [], null, 0, 1744250925.1235385, 0, {}]
[{"0": [6, 3, 2, 0, 0, 0, 41, 38, 42, 2, 0, 1, 1, 2]}, null, null, 119, false, [], false, 0, [], null, 0, 1744250925.293833, 0, {}]
[{"0": [4, 1, 1, 0, 48, 2, 0, 2, 2, 0, 2, 2, 1, 6]}, null, null, 120, false, [], false, 0, [], null, 0, 1744250925.4845383, 0, {}]
[{"0": [3, 1, 3, 2, 32, 30, 4, 0, 1, 1, 2, 1, 1, 2]}, null, null, 120, false, [], false, 0, [], null, 0, 1744250925.6760986, 0, {}]
[{"0": [0, 1, 1, 0, 3, 3, 42, 38, 38, 30, 1, 2, 3, 2]}, null, null, 121, false, [], false, 0, [], null, 0, 1744250925.8608873, 0, {}]
[{"0": [1, 34, 38, 36, 31, 50, 36, 1, 4, 0, 7, 3, 2, 0]}, null, null, 122, false, [], false, 0, [], null, 0, 1744250926.0415938, 0, {}]
[{"0": [2, 45, 41, 39, 2, 4, 2, 4, 2, 3, 3, 0, 4, 2]}, null, null, 122, false, [], false, 0, [], null, 0, 1744250926.2087727, 0, {}]
[{"0": [35, 43, 35, 46, 29, 38, 45, 31, 47, 44, 42, 42, 2, 2]}, null, null, 123, false, [], false, 0, [], null, 0, 1744250926.3924947, 0, {}]
[{"0": [0, 2, 1, 2, 40, 44, 42, 4, 3, 1, 1, 1, 2, 4]}, null, null, 123, false, [], false, 0, [], null, 0, 1744250926.5739977, 0, {}]
[{"0": [2, 2, 0, 1, 1, 2, 37, 30, 36, 30, 36, 25, 2, 6]}, null, null, 124, false, [], false, 0, [], null, 0, 1744250926.7793715, 0, {}]
[{"0": [4, 29, 39, 50, 1, 2, 5, 2, 0, 1, 4, 3, 2, 2]}, null, null, 125, false, [], false, 0, [], null, 0, 1744250926.9567018, 0, {}]
[{"0": [2, 45, 28, 42, 51, 39, 39, 33, 33, 40, 39, 6, 1, 1]}, null, null, 125, false, [], false, 0, [], null, 0, 1744250927.1343873, 0, {}]
[{"0": [1, 1, 0, 1, 28, 41, 50, 1, 3, 3, 0, 5, 4, 1]}, null, null, 126, false, [], false, 0, [], null, 0, 1744250927.3271792, 0, {}]
[{"0": [0, 3, 0, 2, 4, 39, 39, 40, 42, 38, 26, 35, 38, 35]}, null, null, 127, false, [], false, 0, [], null, 0, 1744250927.505931, 0, {}]
[{"0": [3, 4, 3, 2, 2, 2, 2, 2, 1, 1, 1, 2, 3, 29]}, null, null, 127, false, [], false, 0, [], null, 0, 1744250927.674606, 0, {}]
[{"0": [2, 1, 3, 2, 0, 40, 35, 36, 48, 46, 1, 1, 1, 0]}, null, null, 128, false, [], false, 0, [], null, 0, 1744250927.8588128, 0, {}]
[{"0": [2, 2, 41, 30, 33, 37, 2, 1, 0, 2, 5, 5, 2, 1]}, null, null, 128, false, [], false, 0, [], null, 0, 1744250928.046801, 0, {}]
[{"0": [2, 3, 0, 2, 37, 47, 47, 52, 2, 2, 1, 1, 0, 4]}, null, null, 129, false, [], false, 0, [], null, 0, 1744250928.2387335, 0, {}]
[{"0": [45, 40, 31, 34, 38, 0, 1, 0, 4, 2, 0, 3, 2, 1]}, null, null, 130, false, [], false, 0, [], null, 0, 1744250928.4091487, 0, {}]
[{"0": [0, 1, 2, 4, 40, 34, 37, 36, 41, 3, 1, 2, 3, 2]}, null, null, 130, false, [], false, 0, [], null, 0, 1744250928.6130989, 0, {}]
[{"0": [1, 4, 3, 1, 3, 1, 42, 32, 35, 0, 4, 1, 1, 3]}, null, null, 131, false, [], false, 0, [], null, 0, 1744250928.7967765, 0, {}]
[{"0": [2, 1, 1, 3, 0, 1, 3, 2, 3, 2, 0, 0, 35, 35]}, null, null, 131, false, [], false, 0, [], null, 0, 1744250928.9765947, 0, {}]
[{"0": [44, 36, 46, 30, 39, 1, 3, 0, 4, 0, 0, 4, 3, 3]}, null, null, 132, false, [], false, 0, [], null, 0, 1744250929.1552522, 0, {}]
[{"0": [0, 0, 0, 2, 5, 2, 0, 3, 44, 42, 31, 38, 40, 31]}, null, null, 133, false, [], false, 0, [], null, 0, 1744250929.3412037, 0, {}]
[{"0": [2, 2, 3, 1, 1, 0, 2, 0, 1, 1, 3, 44, 31, 2]}, null, null, 133, false, [], false, 0, [], null, 0, 1744250929.5272872, 0, {}]
[{"0": [0, 2, 0, 1, 1, 2, 1, 9, 1, 1, 4, 1, 3, 47]}, null, null, 134, false, [], false, 0, [], null, 0, 1744250929.702576, 0, {}]
[{"0": [2, 1, 1, 2, 0, 2, 2, 3, 3, 0, 3, 3, 3, 42]}, null, null, 134, false, [], false, 0, [], null, 16, 1744250929.8794057, 0, {}]
[{"0": [2, 0, 6, 1, 3, 1, 1, 1, 3, 1, 2, 1, 44, 3]}, null, null, 135, false, [], false, 0, [], null, 0, 1744250930.07055, 0, {}]
[{"0": [3, 3, 2, 5, 37, 30, 27, 39, 42, 35, 33, 30, 31, 3]}, null, null, 136, false, [], false, 0, [], null, 0, 1744250930.2622335, 0, {}]
[{"0": [5, 2, 2, 4, 36, 39, 1, 0, 2, 3, 4, 2, 5, 2]}, null, null, 136, false, [], false, 0, [], null, 0, 1744250930.44418, 0, {}]
[{"0": [1, 1, 2, 2, 5, 2, 42, 41, 1, 0, 1, 3, 0, 4]}, null, null, 137, false, [], false, 0, [], null, 0, 1744250930.6190603, 0, {}]
[{"0": [3, 4, 3, 1, 1, 2, 3, 0, 2, 2, 3, 3, 48, 38]}, null, null, 137, false, [], false, 0, [], null, 0, 1744250930.8107793, 0, {}]
[{"0": [3, 2, 3, 0, 47, 39, 41, 31, 37, 38, 1, 2, 3, 1]}, null, null, 138, false, [], false, 0, [], null, 0, 1744250930.98092, 0, {}]
[{"0": [3, 3, 0, 2, 0, 2, 1, 2, 1, 3, 43, 47, 2, 1]}, null, null, 139, false, [], false, 0, [], null, 0, 1744250931.177086, 0, {}]
[{"0": [0, 2, 1, 1, 3, 2, 2, 0, 6, 2, 2, 32, 30, 37]}, null, null, 139, false, [], false, 0, [], null, 0, 1744250931.357649, 0, {}]
[{"0": [1, 3, 0, 0, 2, 2, 38, 32, 45, 3, 0, 1, 1, 2]}, null, null, 140, false, [], false, 0, [], null, 0, 1744250931.5420504, 0, {}]
[{"0": [1, 31, 2, 2, 2, 4, 2, 2, 3, 0, 3, 1, 4, 0]}, null, null, 140, false, [], false, 0, [], null, 0, 1744250931.7234359, 0, {}]
[{"0": [4, 2, 8, 3, 0, 35, 32, 28, 1, 3, 2, 4, 0, 4]}, null, null, 141, false, [], false, 0, [], null, 0, 1744250931.906166, 0, {}]
[{"0": [1, 1, 1, 2, 2, 0, 4, 0, 26, 39, 46, 3, 1, 1]}, null, null, 142, false, [], false, 0, [], null, 0, 1744250932.0803208, 0, {}]
[{"0": [0, 2, 45, 40, 37, 28, 36, 36, 29, 34, 32, 41, 39, 32]}, null, null, 142, false, [], false, 0, [], null, 0, 1744250932.2717884, 0, {}]
[{"0": [29, 3, 1, 2, 2, 2, 2, 0, 3, 1, 1, 3, 1, 3]}, null, null, 143, false, [], false, 0, [], null, 0, 1744250932.4490826, 0, {}]
[{"0": [2, 5, 1, 0, 2, 0, 34, 33, 34, 38, 6, 0, 3, 2]}, null, null, 143, false, [], false, 0, [], null, 0, 1744250932.6406288, 0, {}]
[{"0": [3, 1, 1, 2, 4, 4, 35, 37, 38, 36, 2, 0, 3, 2]}, null, null, 144, false, [], false, 0, [], null, 0, 1744250932.8100474, 0, {}]
[{"0": [2, 1, 27, 2, 2, 4, 3, 2, 4, 2, 1, 1, 0, 2]}, null, null, 145, false, [], false, 0, [], null, 0, 1744250932.996014, 0, {}]
[{"0": [0, 6, 3, 1, 50, 34, 28, 44, 34, 28, 35, 37, 4, 3]}, null, null, 145, false, [], false, 0, [], null, 0, 1744250933.1804032, 0, {}]
[{"0": [35, 3, 1, 2, 2, 1, 1, 2, 2, 4, 2, 3, 6, 1]}, null, null, 146, false, [], false, 0, [], null, 0, 1744250933.3754442, 0, {}]
[{"0": [0, 3, 4, 2, 3, 0, 4, 3, 0, 5, 1, 2, 4, 41]}, null, null, 146, false, [], false, 0, [], null, 0, 1744250933.5537438, 0, {}]
[{"0": [3, 40, 37, 2, 3, 1, 2, 1, 3, 2, 1, 1, 1, 2]}, null, null, 147, false, [], false, 0, [], null, 0, 1744250933.747618, 0, {}]
[{"0": [33, 34, 36, 42, 33, 39, 43, 39, 38, 34, 56, 44, 36, 3]}, null, null, 148, false, [], false, 0, [], null, 0, 1744250933.925287, 0, {}]
[{"0": [1, 6, 2, 4, 1, 6, 1, 1, 1, 1, 41, 26, 39, 46]}, null, null, 148, false, [], false, 0, [], null, 0, 1744250934.1072466, 0, {}]
[{"0": [3, 1, 4, 2, 31, 32, 2, 2, 2, 3, 3, 1, 1, 1]}, null, null, 149, false, [], false, 0, [], null, 0, 1744250934.2987208, 0, {}]
[{"0": [3, 2, 1, 1, 1, 2, 36, 1, 1, 1, 2, 1, 3, 5]}, null, null, 149, false, [], false, 0, [], null, 0, 1744250934.472283, 0, {}]
[{"0": [2, 2, 3, 3, 1, 3, 29, 40, 36, 33, 3, 4, 0, 2]}, null, null, 150, true, [], false, 0, [], null, 0, 1744250934.66472, 0, {}]
