[{"0": [4, 44, 32, 40, 41, 37, 32, 44, 46, 2, 2, 1, 2, 0]}, null, null, 0, false, [], false, 0, [], null, 0, 1744252498.3639164, 0, {}]
[{"0": [1, 32, 39, 1, 0, 4, 2, 2, 1, 3, 3, 2, 2, 0]}, null, null, 1, false, [], false, 0, [], null, 0, 1744252498.584164, 0, {}]
[{"0": [2, 43, 37, 40, 42, 39, 42, 36, 32, 44, 43, 0, 3, 3]}, null, null, 1, false, [], false, 0, [], null, 0, 1744252498.7513943, 0, {}]
[{"0": [2, 37, 32, 42, 44, 36, 42, 44, 33, 32, 3, 4, 2, 7]}, null, null, 2, false, [], false, 0, [], null, 0, 1744252498.9342277, 0, {}]
[{"0": [0, 43, 40, 26, 45, 33, 34, 2, 2, 2, 0, 1, 1, 7]}, null, null, 2, false, [], false, 0, [], null, 0, 1744252499.139485, 0, {}]
[{"0": [4, 47, 43, 28, 37, 40, 33, 39, 41, 41, 37, 42, 36, 2]}, null, null, 3, false, [], false, 0, [], null, 0, 1744252499.3146245, 0, {}]
[{"0": [4, 28, 28, 37, 32, 0, 0, 1, 2, 4, 1, 0, 0, 2]}, null, null, 4, false, [], false, 0, [], null, 0, 1744252499.506358, 0, {}]
[{"0": [0, 41, 40, 40, 33, 1, 4, 1, 4, 3, 3, 2, 1, 1]}, null, null, 4, false, [], false, 0, [], null, 0, 1744252499.675759, 0, {}]
[{"0": [42, 33, 47, 1, 4, 3, 1, 3, 2, 2, 1, 1, 2, 0]}, null, null, 5, false, [], false, 0, [], null, 0, 1744252499.8625722, 0, {}]
[{"0": [2, 31, 26, 42, 24, 33, 28, 31, 43, 1, 2, 4, 3, 4]}, null, null, 5, false, [], false, 0, [], null, 0, 1744252500.0474641, 0, {}]
[{"0": [4, 37, 0, 1, 3, 1, 4, 4, 1, 3, 2, 2, 2, 0]}, null, null, 6, false, [], false, 0, [], null, 0, 1744252500.236774, 0, {}]
[{"0": [3, 47, 45, 2, 5, 3, 3, 1, 2, 2, 5, 6, 1, 1]}, null, null, 7, false, [], false, 0, [], null, 0, 1744252500.4169111, 0, {}]
[{"0": [4, 31, 37, 22, 36, 2, 3, 4, 1, 2, 0, 1, 8, 6]}, null, null, 7, false, [], false, 0, [], null, 0, 1744252500.5885847, 0, {}]
[{"0": [0, 3, 2, 7, 31, 38, 27, 34, 41, 29, 43, 34, 41, 1]}, null, null, 8, false, [], false, 0, [], null, 0, 1744252500.7823336, 0, {}]
[{"0": [2, 51, 48, 36, 36, 34, 1, 2, 5, 0, 5, 2, 1, 4]}, null, null, 8, false, [], false, 0, [], null, 0, 1744252500.9536002, 0, {}]
[{"0": [1, 40, 43, 48, 5, 3, 2, 3, 2, 2, 1, 2, 2, 1]}, null, null, 9, false, [], false, 0, [], null, 0, 1744252501.1398544, 0, {}]
[{"0": [2, 26, 29, 35, 33, 43, 4, 1, 1, 1, 2, 3, 2, 1]}, null, null, 10, false, [], false, 0, [], null, 0, 1744252501.3344712, 0, {}]
[{"0": [2, 37, 33, 3, 3, 0, 1, 1, 2, 2, 1, 4, 1, 1]}, null, null, 10, false, [], false, 0, [], null, 0, 1744252501.5116394, 0, {}]
[{"0": [1, 36, 1, 3, 1, 2, 4, 0, 5, 4, 2, 0, 2, 1]}, null, null, 11, false, [], false, 0, [], null, 0, 1744252501.7072713, 0, {}]
[{"0": [1, 45, 40, 45, 31, 36, 37, 31, 5, 2, 3, 2, 2, 5]}, null, null, 11, false, [], false, 0, [], null, 0, 1744252501.8913577, 0, {}]
[{"0": [2, 31, 32, 40, 2, 1, 1, 1, 1, 1, 1, 0, 1, 4]}, null, null, 12, false, [], false, 0, [], null, 0, 1744252502.0558982, 0, {}]
[{"0": [3, 30, 35, 42, 44, 34, 38, 38, 32, 26, 37, 41, 34, 34]}, null, null, 13, false, [], false, 0, [], null, 0, 1744252502.2497416, 0, {}]
[{"0": [3, 34, 24, 34, 43, 41, 42, 36, 43, 38, 31, 32, 40, 1]}, null, null, 13, false, [], false, 0, [], null, 0, 1744252502.436694, 0, {}]
[{"0": [0, 26, 1, 6, 1, 2, 0, 1, 2, 2, 2, 3, 3, 1]}, null, null, 14, false, [], false, 0, [], null, 0, 1744252502.6120288, 0, {}]
[{"0": [2, 40, 2, 2, 4, 2, 1, 1, 3, 0, 2, 1, 2, 1]}, null, null, 14, false, [], false, 0, [], null, 0, 1744252502.7893531, 0, {}]
[{"0": [4, 27, 0, 1, 2, 3, 1, 1, 5, 1, 1, 3, 2, 2]}, null, null, 15, false, [], false, 0, [], null, 0, 1744252502.9781706, 0, {}]
[{"0": [3, 39, 29, 37, 32, 39, 30, 33, 39, 29, 4, 3, 2, 2]}, null, null, 16, false, [], false, 0, [], null, 0, 1744252503.1599102, 0, {}]
[{"0": [1, 28, 42, 28, 2, 1, 1, 2, 0, 2, 1, 3, 3, 1]}, null, null, 16, false, [], false, 0, [], null, 0, 1744252503.353095, 0, {}]
[{"0": [3, 36, 37, 37, 3, 1, 0, 3, 3, 2, 1, 2, 4, 1]}, null, null, 17, false, [], false, 0, [], null, 0, 1744252503.5297003, 0, {}]
[{"0": [0, 32, 4, 3, 1, 3, 1, 1, 2, 2, 1, 6, 4, 2]}, null, null, 17, false, [], false, 0, [], null, 0, 1744252503.717411, 0, {}]
[{"0": [0, 38, 41, 52, 41, 45, 40, 39, 31, 32, 25, 35, 41, 42]}, null, null, 18, false, [], false, 0, [], null, 0, 1744252503.8947616, 0, {}]
[{"0": [3, 49, 38, 32, 34, 41, 34, 30, 42, 31, 27, 34, 31, 35]}, null, null, 19, false, [], false, 0, [], null, 0, 1744252504.0842154, 0, {}]
[{"0": [4, 33, 36, 2, 2, 3, 1, 2, 2, 3, 1, 6, 3, 2]}, null, null, 19, false, [], false, 0, [], null, 0, 1744252504.267006, 0, {}]
[{"0": [3, 40, 5, 2, 3, 2, 2, 0, 1, 1, 0, 4, 3, 1]}, null, null, 20, false, [], false, 0, [], null, 0, 1744252504.4562802, 0, {}]
[{"0": [2, 38, 31, 39, 33, 43, 1, 2, 1, 1, 2, 1, 0, 3]}, null, null, 20, false, [], false, 0, [], null, 0, 1744252504.6314824, 0, {}]
[{"0": [2, 3, 2, 1, 1, 5, 1, 0, 43, 42, 40, 36, 3, 1]}, null, null, 21, false, [], false, 0, [], null, 0, 1744252504.8232408, 0, {}]
[{"0": [1, 52, 38, 36, 28, 53, 29, 29, 32, 35, 30, 52, 36, 36]}, null, null, 22, false, [], false, 0, [], null, 0, 1744252505.0034473, 0, {}]
[{"0": [1, 28, 26, 1, 3, 2, 3, 2, 0, 0, 4, 2, 1, 7]}, null, null, 22, false, [], false, 0, [], null, 0, 1744252505.1694052, 0, {}]
[{"0": [4, 31, 44, 29, 2, 1, 0, 2, 2, 3, 4, 2, 4, 3]}, null, null, 23, false, [], false, 0, [], null, 0, 1744252505.3632574, 0, {}]
[{"0": [0, 37, 24, 23, 40, 42, 43, 35, 34, 40, 2, 3, 2, 0]}, null, null, 23, false, [], false, 0, [], null, 0, 1744252505.5454779, 0, {}]
[{"0": [2, 36, 40, 36, 47, 52, 34, 38, 41, 3, 2, 2, 2, 1]}, null, null, 24, false, [], false, 0, [], null, 0, 1744252505.7414267, 0, {}]
[{"0": [2, 33, 35, 2, 2, 1, 2, 1, 3, 5, 0, 3, 2, 2]}, null, null, 25, false, [], false, 0, [], null, 0, 1744252505.9191163, 0, {}]
[{"0": [5, 41, 37, 5, 1, 0, 1, 4, 1, 1, 0, 1, 4, 4]}, null, null, 25, false, [], false, 0, [], null, 0, 1744252506.0980775, 0, {}]
[{"0": [0, 36, 6, 3, 2, 0, 2, 2, 3, 0, 0, 1, 0, 4]}, null, null, 26, false, [], false, 0, [], null, 0, 1744252506.2920136, 0, {}]
[{"0": [2, 28, 28, 26, 2, 3, 5, 1, 0, 1, 2, 1, 1, 0]}, null, null, 27, false, [], false, 0, [], null, 0, 1744252506.4612489, 0, {}]
[{"0": [3, 31, 29, 32, 45, 1, 1, 3, 1, 1, 2, 2, 3, 2]}, null, null, 27, false, [], false, 0, [], null, 0, 1744252506.6472378, 0, {}]
[{"0": [3, 36, 1, 1, 2, 4, 4, 3, 1, 2, 2, 2, 3, 3]}, null, null, 28, false, [], false, 0, [], null, 0, 1744252506.8395905, 0, {}]
[{"0": [1, 28, 43, 46, 2, 4, 2, 2, 6, 6, 0, 1, 3, 1]}, null, null, 28, false, [], false, 0, [], null, 0, 1744252507.0246356, 0, {}]
[{"0": [3, 41, 44, 31, 41, 1, 0, 2, 2, 5, 3, 1, 2, 3]}, null, null, 29, false, [], false, 0, [], null, 0, 1744252507.2058578, 0, {}]
[{"0": [1, 34, 46, 34, 30, 0, 3, 2, 2, 2, 2, 1, 2, 1]}, null, null, 30, false, [], false, 0, [], null, 0, 1744252507.3842938, 0, {}]
[{"0": [4, 36, 31, 36, 36, 31, 2, 2, 2, 3, 1, 2, 5, 3]}, null, null, 30, false, [], false, 0, [], null, 0, 1744252507.5737724, 0, {}]
[{"0": [3, 40, 43, 28, 32, 46, 0, 1, 1, 2, 1, 1, 2, 2]}, null, null, 31, false, [], false, 0, [], null, 0, 1744252507.7482924, 0, {}]
[{"0": [3, 28, 34, 44, 30, 3, 2, 4, 2, 3, 4, 0, 2, 3]}, null, null, 31, false, [], false, 0, [], null, 0, 1744252507.9383738, 0, {}]
[{"0": [4, 44, 47, 39, 34, 2, 2, 4, 4, 1, 1, 0, 2, 0]}, null, null, 32, false, [], false, 0, [], null, 0, 1744252508.1158512, 0, {}]
[{"0": [2, 39, 0, 0, 1, 3, 3, 3, 2, 2, 1, 2, 1, 2]}, null, null, 33, false, [], false, 0, [], null, 0, 1744252508.3063383, 0, {}]
[{"0": [0, 36, 26, 35, 45, 30, 49, 43, 40, 39, 25, 39, 38, 29]}, null, null, 33, false, [], false, 0, [], null, 0, 1744252508.4804442, 0, {}]
[{"0": [1, 31, 42, 41, 4, 2, 4, 2, 1, 3, 2, 3, 1, 2]}, null, null, 34, false, [], false, 0, [], null, 0, 1744252508.6672153, 0, {}]
[{"0": [1, 39, 34, 30, 4, 0, 2, 2, 1, 1, 2, 2, 2, 0]}, null, null, 34, false, [], false, 0, [], null, 0, 1744252508.8478994, 0, {}]
[{"0": [5, 32, 31, 31, 32, 34, 34, 2, 3, 3, 3, 2, 0, 4]}, null, null, 35, false, [], false, 0, [], null, 0, 1744252509.0386183, 0, {}]
[{"0": [0, 37, 36, 1, 2, 0, 0, 5, 1, 0, 1, 1, 1, 3]}, null, null, 36, false, [], false, 0, [], null, 0, 1744252509.2074292, 0, {}]
[{"0": [6, 41, 38, 45, 39, 37, 24, 1, 4, 2, 1, 3, 6, 1]}, null, null, 36, false, [], false, 0, [], null, 0, 1744252509.4008346, 0, {}]
[{"0": [1, 33, 36, 2, 0, 2, 1, 1, 1, 2, 2, 0, 4, 3]}, null, null, 37, false, [], false, 0, [], null, 0, 1744252509.5941489, 0, {}]
[{"0": [2, 36, 33, 32, 4, 1, 2, 5, 3, 4, 1, 2, 3, 0]}, null, null, 37, false, [], false, 0, [], null, 0, 1744252509.7633119, 0, {}]
[{"0": [5, 42, 33, 47, 2, 2, 0, 2, 0, 6, 5, 1, 3, 1]}, null, null, 38, false, [], false, 0, [], null, 0, 1744252509.940896, 0, {}]
[{"0": [1, 38, 46, 2, 0, 4, 3, 1, 3, 3, 2, 2, 0, 4]}, null, null, 39, false, [], false, 0, [], null, 0, 1744252510.127637, 0, {}]
[{"0": [2, 25, 37, 1, 3, 2, 1, 2, 1, 2, 1, 1, 1, 2]}, null, null, 39, false, [], false, 0, [], null, 0, 1744252510.3180575, 0, {}]
[{"0": [1, 37, 36, 41, 29, 40, 2, 0, 1, 2, 0, 3, 2, 0]}, null, null, 40, false, [], false, 0, [], null, 0, 1744252510.5093176, 0, {}]
[{"0": [4, 39, 39, 43, 3, 0, 1, 2, 4, 2, 4, 1, 3, 1]}, null, null, 40, false, [], false, 0, [], null, 0, 1744252510.6721323, 0, {}]
[{"0": [0, 3, 4, 2, 2, 2, 2, 2, 4, 5, 0, 2, 31, 0]}, null, null, 41, false, [], false, 0, [], null, 0, 1744252510.8558154, 0, {}]
[{"0": [2, 39, 1, 2, 1, 4, 3, 1, 5, 3, 2, 2, 1, 3]}, null, null, 42, false, [], false, 0, [], null, 0, 1744252511.0513365, 0, {}]
[{"0": [2, 41, 43, 40, 33, 24, 38, 37, 25, 0, 1, 3, 4, 3]}, null, null, 42, false, [], false, 0, [], null, 0, 1744252511.2371008, 0, {}]
[{"0": [1, 2, 31, 36, 31, 40, 41, 39, 35, 2, 2, 1, 2, 2]}, null, null, 43, false, [], false, 0, [], null, 0, 1744252511.41472, 0, {}]
[{"0": [1, 49, 38, 36, 46, 45, 37, 4, 3, 1, 3, 0, 1, 1]}, null, null, 43, false, [], false, 0, [], null, 0, 1744252511.6107724, 0, {}]
[{"0": [1, 1, 29, 5, 5, 2, 2, 3, 2, 2, 1, 1, 0, 1]}, null, null, 44, false, [], false, 0, [], null, 0, 1744252511.7815492, 0, {}]
[{"0": [2, 44, 1, 2, 0, 4, 6, 2, 1, 0, 0, 3, 2, 4]}, null, null, 45, false, [], false, 0, [], null, 0, 1744252511.9662426, 0, {}]
[{"0": [2, 44, 28, 38, 3, 5, 3, 2, 3, 0, 0, 5, 0, 1]}, null, null, 45, false, [], false, 0, [], null, 0, 1744252512.1505487, 0, {}]
[{"0": [3, 28, 35, 42, 25, 35, 45, 40, 32, 32, 36, 3, 2, 0]}, null, null, 46, false, [], false, 0, [], null, 0, 1744252512.343551, 0, {}]
[{"0": [2, 46, 32, 35, 1, 1, 4, 1, 0, 4, 0, 0, 4, 2]}, null, null, 46, false, [], false, 0, [], null, 0, 1744252512.518867, 0, {}]
[{"0": [2, 34, 39, 34, 38, 34, 43, 48, 34, 30, 32, 1, 4, 6]}, null, null, 47, false, [], false, 0, [], null, 0, 1744252512.711741, 0, {}]
[{"0": [2, 37, 39, 34, 40, 42, 23, 28, 1, 3, 1, 0, 3, 3]}, null, null, 48, false, [], false, 0, [], null, 0, 1744252512.8874938, 0, {}]
[{"0": [4, 33, 37, 30, 1, 5, 2, 3, 1, 1, 1, 5, 1, 1]}, null, null, 48, false, [], false, 0, [], null, 0, 1744252513.0551307, 0, {}]
[{"0": [2, 30, 42, 32, 40, 0, 4, 1, 4, 3, 2, 1, 2, 1]}, null, null, 49, false, [], false, 0, [], null, 0, 1744252513.255621, 0, {}]
[{"0": [2, 47, 40, 45, 47, 26, 35, 42, 22, 40, 40, 35, 36, 32]}, null, null, 49, false, [], false, 0, [], null, 0, 1744252513.438524, 0, {}]
[{"0": [2, 33, 2, 3, 6, 5, 0, 4, 2, 1, 2, 1, 3, 3]}, null, null, 50, false, [], false, 0, [], null, 0, 1744252513.6209843, 0, {}]
[{"0": [2, 1, 5, 3, 3, 2, 1, 1, 3, 0, 2, 42, 30, 37]}, null, null, 51, false, [], false, 0, [], null, 0, 1744252513.803203, 0, {}]
[{"0": [1, 34, 50, 40, 38, 29, 34, 0, 3, 2, 1, 3, 4, 1]}, null, null, 51, false, [], false, 0, [], null, 0, 1744252513.9735777, 0, {}]
[{"0": [5, 29, 48, 40, 36, 1, 2, 1, 1, 1, 0, 1, 2, 2]}, null, null, 52, false, [], false, 0, [], null, 0, 1744252514.156868, 0, {}]
[{"0": [3, 30, 0, 2, 1, 1, 0, 2, 3, 3, 2, 3, 1, 3]}, null, null, 52, false, [], false, 0, [], null, 0, 1744252514.3493588, 0, {}]
[{"0": [3, 32, 40, 2, 2, 1, 0, 4, 4, 2, 1, 2, 5, 2]}, null, null, 53, false, [], false, 0, [], null, 0, 1744252514.5411646, 0, {}]
[{"0": [1, 30, 34, 43, 44, 46, 34, 51, 38, 38, 39, 34, 0, 1]}, null, null, 54, false, [], false, 0, [], null, 0, 1744252514.716562, 0, {}]
[{"0": [3, 32, 3, 2, 0, 1, 2, 0, 5, 2, 3, 2, 1, 1]}, null, null, 54, false, [], false, 0, [], null, 0, 1744252514.90731, 0, {}]
[{"0": [1, 33, 37, 4, 5, 2, 3, 1, 4, 1, 1, 4, 2, 2]}, null, null, 55, false, [], false, 0, [], null, 0, 1744252515.087723, 0, {}]
[{"0": [1, 31, 3, 3, 0, 3, 3, 2, 1, 2, 1, 2, 1, 2]}, null, null, 55, false, [], false, 0, [], null, 0, 1744252515.2708597, 0, {}]
[{"0": [3, 36, 36, 41, 35, 41, 9, 1, 4, 2, 4, 3, 0, 2]}, null, null, 56, false, [], false, 0, [], null, 0, 1744252515.4591322, 0, {}]
[{"0": [3, 35, 32, 37, 40, 42, 38, 33, 29, 28, 38, 39, 36, 2]}, null, null, 57, false, [], false, 0, [], null, 0, 1744252515.640485, 0, {}]
[{"0": [4, 43, 39, 28, 41, 3, 0, 4, 4, 0, 3, 1, 1, 5]}, null, null, 57, false, [], false, 0, [], null, 0, 1744252515.8125045, 0, {}]
[{"0": [0, 41, 26, 41, 28, 2, 2, 2, 0, 1, 3, 2, 2, 1]}, null, null, 58, false, [], false, 0, [], null, 0, 1744252516.0054817, 0, {}]
[{"0": [3, 25, 47, 39, 35, 32, 39, 5, 2, 4, 1, 1, 0, 1]}, null, null, 58, false, [], false, 0, [], null, 0, 1744252516.1776063, 0, {}]
[{"0": [2, 32, 40, 41, 22, 25, 29, 38, 4, 2, 5, 2, 0, 0]}, null, null, 59, false, [], false, 0, [], null, 0, 1744252516.362971, 0, {}]
[{"0": [1, 34, 46, 1, 1, 0, 2, 2, 2, 2, 0, 5, 1, 4]}, null, null, 60, false, [], false, 0, [], null, 0, 1744252516.541258, 0, {}]
[{"0": [4, 40, 31, 49, 41, 38, 43, 30, 5, 1, 1, 3, 3, 1]}, null, null, 60, false, [], false, 0, [], null, 0, 1744252516.7411335, 0, {}]
[{"0": [2, 2, 1, 1, 5, 0, 3, 2, 5, 32, 48, 29, 3, 1]}, null, null, 61, false, [], false, 0, [], null, 0, 1744252516.9189916, 0, {}]
[{"0": [1, 27, 1, 3, 3, 6, 2, 0, 6, 2, 2, 1, 2, 0]}, null, null, 61, false, [], false, 0, [], null, 0, 1744252517.109807, 0, {}]
[{"0": [3, 43, 35, 35, 36, 33, 33, 35, 33, 0, 2, 1, 1, 1]}, null, null, 62, false, [], false, 0, [], null, 0, 1744252517.2937598, 0, {}]
[{"0": [2, 35, 1, 2, 5, 2, 1, 2, 3, 0, 2, 1, 1, 2]}, null, null, 63, false, [], false, 0, [], null, 0, 1744252517.4658039, 0, {}]
[{"0": [1, 35, 28, 33, 31, 2, 1, 0, 0, 1, 1, 1, 2, 0]}, null, null, 63, false, [], false, 0, [], null, 0, 1744252517.6442504, 0, {}]
[{"0": [2, 32, 35, 33, 46, 28, 2, 2, 2, 3, 0, 1, 4, 3]}, null, null, 64, false, [], false, 0, [], null, 0, 1744252517.8352191, 0, {}]
[{"0": [2, 43, 47, 1, 3, 2, 4, 2, 2, 2, 2, 2, 2, 3]}, null, null, 64, false, [], false, 0, [], null, 0, 1744252518.0266306, 0, {}]
[{"0": [0, 19, 46, 3, 3, 5, 3, 1, 0, 5, 4, 4, 3, 0]}, null, null, 65, false, [], false, 0, [], null, 0, 1744252518.2036238, 0, {}]
[{"0": [2, 40, 33, 38, 3, 2, 4, 0, 2, 2, 1, 3, 3, 3]}, null, null, 66, false, [], false, 0, [], null, 0, 1744252518.3744953, 0, {}]
[{"0": [1, 30, 34, 42, 3, 2, 1, 1, 3, 2, 6, 0, 2, 0]}, null, null, 66, false, [], false, 0, [], null, 0, 1744252518.5579982, 0, {}]
[{"0": [2, 3, 2, 1, 1, 2, 51, 0, 2, 4, 2, 0, 3, 3]}, null, null, 67, false, [], false, 0, [], null, 0, 1744252518.7615905, 0, {}]
[{"0": [2, 40, 54, 36, 40, 45, 33, 36, 38, 44, 37, 1, 3, 2]}, null, null, 67, false, [], false, 0, [], null, 0, 1744252518.9395995, 0, {}]
[{"0": [2, 41, 33, 3, 1, 1, 3, 1, 0, 1, 1, 1, 1, 1]}, null, null, 68, false, [], false, 0, [], null, 0, 1744252519.119584, 0, {}]
[{"0": [3, 39, 45, 38, 26, 43, 31, 41, 1, 1, 2, 0, 3, 0]}, null, null, 69, false, [], false, 0, [], null, 0, 1744252519.3061807, 0, {}]
[{"0": [1, 33, 34, 31, 37, 1, 5, 0, 1, 1, 1, 5, 3, 0]}, null, null, 69, false, [], false, 0, [], null, 0, 1744252519.4965386, 0, {}]
[{"0": [1, 3, 42, 34, 34, 38, 32, 34, 28, 29, 42, 0, 2, 1]}, null, null, 70, false, [], false, 0, [], null, 0, 1744252519.6684196, 0, {}]
[{"0": [4, 38, 44, 33, 38, 44, 36, 44, 33, 1, 0, 1, 2, 3]}, null, null, 70, false, [], false, 0, [], null, 0, 1744252519.8562555, 0, {}]
[{"0": [0, 40, 38, 31, 37, 40, 47, 25, 0, 2, 3, 3, 2, 1]}, null, null, 71, false, [], false, 0, [], null, 0, 1744252520.035167, 0, {}]
[{"0": [1, 28, 33, 2, 0, 0, 2, 2, 1, 3, 1, 0, 3, 0]}, null, null, 72, false, [], false, 0, [], null, 0, 1744252520.2260466, 0, {}]
[{"0": [3, 33, 40, 40, 37, 30, 1, 2, 3, 1, 0, 2, 2, 2]}, null, null, 72, false, [], false, 0, [], null, 0, 1744252520.403215, 0, {}]
[{"0": [1, 32, 33, 39, 39, 0, 3, 3, 4, 2, 2, 2, 3, 5]}, null, null, 73, false, [], false, 0, [], null, 0, 1744252520.5956874, 0, {}]
[{"0": [0, 30, 34, 33, 25, 0, 0, 3, 1, 2, 5, 4, 1, 4]}, null, null, 73, false, [], false, 0, [], null, 0, 1744252520.7692645, 0, {}]
[{"0": [2, 45, 35, 33, 41, 2, 2, 2, 1, 1, 2, 3, 2, 2]}, null, null, 74, false, [], false, 0, [], null, 0, 1744252520.9526408, 0, {}]
[{"0": [2, 41, 32, 2, 2, 0, 4, 2, 3, 1, 1, 3, 0, 4]}, null, null, 75, false, [], false, 0, [], null, 0, 1744252521.1316564, 0, {}]
[{"0": [3, 43, 52, 25, 1, 2, 3, 0, 3, 6, 1, 1, 2, 2]}, null, null, 75, false, [], false, 0, [], null, 0, 1744252521.319537, 0, {}]
[{"0": [4, 40, 38, 34, 35, 37, 0, 0, 2, 3, 4, 2, 3, 1]}, null, null, 76, false, [], false, 0, [], null, 0, 1744252521.5074666, 0, {}]
[{"0": [0, 26, 35, 32, 36, 37, 29, 32, 29, 38, 36, 38, 0, 1]}, null, null, 77, false, [], false, 0, [], null, 0, 1744252521.681194, 0, {}]
[{"0": [3, 30, 32, 39, 41, 35, 2, 1, 0, 2, 2, 0, 2, 0]}, null, null, 77, false, [], false, 0, [], null, 0, 1744252521.860719, 0, {}]
[{"0": [2, 47, 37, 49, 34, 1, 1, 1, 3, 5, 5, 1, 1, 4]}, null, null, 78, false, [], false, 0, [], null, 0, 1744252522.0549917, 0, {}]
[{"0": [1, 35, 38, 37, 32, 37, 1, 2, 0, 2, 1, 1, 2, 4]}, null, null, 78, false, [], false, 0, [], null, 0, 1744252522.2277632, 0, {}]
[{"0": [1, 38, 37, 2, 0, 2, 0, 1, 4, 2, 1, 1, 2, 4]}, null, null, 79, false, [], false, 0, [], null, 0, 1744252522.420285, 0, {}]
[{"0": [2, 38, 3, 2, 0, 2, 4, 3, 2, 4, 6, 0, 5, 4]}, null, null, 80, false, [], false, 0, [], null, 0, 1744252522.6114006, 0, {}]
[{"0": [0, 28, 30, 3, 1, 3, 1, 2, 2, 1, 5, 2, 1, 3]}, null, null, 80, false, [], false, 0, [], null, 0, 1744252522.787673, 0, {}]
[{"0": [2, 42, 26, 3, 3, 2, 1, 3, 1, 1, 3, 1, 2, 2]}, null, null, 81, false, [], false, 0, [], null, 0, 1744252522.978106, 0, {}]
[{"0": [4, 2, 5, 4, 1, 0, 2, 0, 0, 2, 1, 0, 1, 1]}, null, null, 81, false, [], false, 0, [], null, 0, 1744252523.1627681, 0, {}]
[{"0": [2, 29, 39, 23, 3, 0, 2, 0, 1, 1, 1, 4, 2, 2]}, null, null, 82, false, [], false, 0, [], null, 0, 1744252523.3409536, 0, {}]
[{"0": [1, 30, 44, 34, 27, 37, 4, 1, 1, 1, 3, 1, 1, 2]}, null, null, 83, false, [], false, 0, [], null, 0, 1744252523.5188153, 0, {}]
[{"0": [4, 27, 26, 35, 3, 0, 1, 3, 0, 4, 2, 1, 5, 4]}, null, null, 83, false, [], false, 0, [], null, 0, 1744252523.7103121, 0, {}]
[{"0": [1, 33, 37, 43, 34, 39, 3, 2, 3, 5, 3, 0, 2, 2]}, null, null, 84, false, [], false, 0, [], null, 0, 1744252523.8837643, 0, {}]
[{"0": [1, 34, 25, 30, 34, 3, 3, 0, 4, 1, 1, 0, 3, 1]}, null, null, 84, false, [], false, 0, [], null, 0, 1744252524.0739903, 0, {}]
[{"0": [4, 38, 39, 0, 1, 1, 2, 0, 1, 1, 2, 4, 4, 3]}, null, null, 85, false, [], false, 0, [], null, 0, 1744252524.2611723, 0, {}]
[{"0": [0, 37, 34, 4, 1, 1, 4, 1, 0, 1, 1, 1, 0, 0]}, null, null, 86, false, [], false, 0, [], null, 0, 1744252524.4386299, 0, {}]
[{"0": [3, 42, 35, 40, 33, 45, 42, 29, 36, 42, 32, 40, 4, 3]}, null, null, 86, false, [], false, 0, [], null, 0, 1744252524.6161318, 0, {}]
[{"0": [1, 41, 27, 2, 4, 2, 1, 1, 2, 1, 2, 0, 0, 2]}, null, null, 87, false, [], false, 0, [], null, 0, 1744252524.804326, 0, {}]
[{"0": [2, 46, 3, 2, 1, 1, 1, 0, 4, 2, 2, 2, 1, 0]}, null, null, 87, false, [], false, 0, [], null, 0, 1744252524.9774015, 0, {}]
[{"0": [0, 47, 36, 38, 3, 3, 0, 2, 2, 2, 0, 1, 1, 3]}, null, null, 88, false, [], false, 0, [], null, 0, 1744252525.1613076, 0, {}]
[{"0": [2, 33, 51, 31, 27, 31, 3, 2, 2, 3, 0, 2, 1, 3]}, null, null, 89, false, [], false, 0, [], null, 0, 1744252525.3563852, 0, {}]
[{"0": [1, 29, 38, 2, 1, 2, 2, 2, 0, 1, 1, 0, 1, 3]}, null, null, 89, false, [], false, 0, [], null, 0, 1744252525.5323265, 0, {}]
[{"0": [2, 1, 41, 34, 33, 30, 42, 31, 42, 1, 3, 2, 3, 2]}, null, null, 90, false, [], false, 0, [], null, 0, 1744252525.721138, 0, {}]
[{"0": [0, 46, 40, 41, 39, 3, 0, 2, 0, 2, 3, 4, 4, 0]}, null, null, 90, false, [], false, 0, [], null, 0, 1744252525.890379, 0, {}]
[{"0": [1, 30, 36, 1, 3, 2, 1, 1, 4, 1, 0, 2, 4, 2]}, null, null, 91, false, [], false, 0, [], null, 0, 1744252526.0846922, 0, {}]
[{"0": [2, 40, 38, 28, 37, 40, 47, 38, 46, 24, 42, 3, 5, 2]}, null, null, 92, false, [], false, 0, [], null, 0, 1744252526.2783508, 0, {}]
[{"0": [4, 38, 4, 4, 1, 1, 2, 2, 2, 1, 1, 2, 1, 2]}, null, null, 92, false, [], false, 0, [], null, 0, 1744252526.4610224, 0, {}]
[{"0": [1, 37, 28, 27, 34, 5, 2, 4, 1, 3, 1, 5, 0, 1]}, null, null, 93, false, [], false, 0, [], null, 0, 1744252526.6376157, 0, {}]
[{"0": [5, 30, 31, 1, 1, 4, 4, 0, 2, 1, 1, 1, 0, 1]}, null, null, 93, false, [], false, 0, [], null, 0, 1744252526.8188074, 0, {}]
[{"0": [2, 49, 34, 39, 2, 1, 1, 0, 3, 1, 1, 3, 1, 1]}, null, null, 94, false, [], false, 0, [], null, 0, 1744252526.9908297, 0, {}]
[{"0": [3, 26, 1, 2, 3, 2, 3, 0, 1, 2, 0, 3, 5, 2]}, null, null, 95, false, [], false, 0, [], null, 0, 1744252527.1913266, 0, {}]
[{"0": [0, 35, 30, 22, 4, 1, 3, 2, 0, 2, 2, 6, 1, 4]}, null, null, 95, false, [], false, 0, [], null, 0, 1744252527.3659673, 0, {}]
[{"0": [1, 38, 37, 36, 3, 3, 2, 1, 1, 4, 3, 4, 5, 3]}, null, null, 96, false, [], false, 0, [], null, 0, 1744252527.549611, 0, {}]
[{"0": [3, 24, 0, 1, 1, 7, 3, 4, 1, 0, 2, 2, 3, 2]}, null, null, 96, false, [], false, 0, [], null, 0, 1744252527.743602, 0, {}]
[{"0": [0, 36, 2, 1, 0, 1, 1, 2, 0, 1, 3, 1, 0, 2]}, null, null, 97, false, [], false, 0, [], null, 0, 1744252527.9273956, 0, {}]
[{"0": [1, 39, 39, 34, 38, 27, 33, 1, 1, 2, 3, 0, 2, 2]}, null, null, 98, false, [], false, 0, [], null, 0, 1744252528.1097908, 0, {}]
[{"0": [5, 40, 37, 48, 34, 41, 40, 39, 39, 30, 38, 0, 2, 1]}, null, null, 98, false, [], false, 0, [], null, 0, 1744252528.2827806, 0, {}]
[{"0": [1, 38, 41, 43, 40, 0, 3, 0, 4, 5, 2, 3, 2, 1]}, null, null, 99, false, [], false, 0, [], null, 0, 1744252528.4607599, 0, {}]
[{"0": [0, 37, 5, 2, 1, 2, 3, 2, 0, 5, 1, 2, 3, 2]}, null, null, 99, false, [], false, 0, [], null, 0, 1744252528.652097, 0, {}]
[{"0": [2, 35, 38, 33, 1, 1, 1, 2, 3, 1, 1, 1, 3, 3]}, null, null, 100, false, [], false, 0, [], null, 0, 1744252528.8418698, 0, {}]
[{"0": [1, 29, 1, 3, 0, 1, 4, 2, 2, 2, 1, 2, 1, 1]}, null, null, 101, false, [], false, 0, [], null, 0, 1744252529.0207388, 0, {}]
[{"0": [3, 39, 36, 44, 50, 42, 37, 31, 30, 44, 33, 28, 36, 41]}, null, null, 101, false, [], false, 0, [], null, 0, 1744252529.1932306, 0, {}]
[{"0": [1, 37, 32, 33, 36, 44, 0, 2, 5, 2, 0, 0, 1, 0]}, null, null, 102, false, [], false, 0, [], null, 0, 1744252529.3952842, 0, {}]
[{"0": [1, 34, 33, 46, 1, 3, 0, 2, 2, 1, 2, 3, 2, 3]}, null, null, 102, false, [], false, 0, [], null, 0, 1744252529.5594902, 0, {}]
[{"0": [4, 46, 40, 34, 24, 40, 46, 42, 46, 45, 0, 1, 1, 1]}, null, null, 103, false, [], false, 0, [], null, 0, 1744252529.7515538, 0, {}]
[{"0": [3, 36, 32, 1, 3, 1, 3, 2, 2, 3, 2, 1, 0, 0]}, null, null, 104, false, [], false, 0, [], null, 0, 1744252529.9255068, 0, {}]
[{"0": [2, 34, 31, 39, 5, 1, 5, 0, 1, 0, 3, 3, 0, 0]}, null, null, 104, false, [], false, 0, [], null, 0, 1744252530.118754, 0, {}]
[{"0": [1, 43, 41, 39, 35, 48, 33, 32, 4, 2, 4, 6, 3, 2]}, null, null, 105, false, [], false, 0, [], null, 0, 1744252530.2910085, 0, {}]
[{"0": [0, 48, 37, 44, 3, 0, 2, 3, 1, 2, 1, 0, 2, 2]}, null, null, 105, false, [], false, 0, [], null, 0, 1744252530.4852967, 0, {}]
[{"0": [0, 48, 38, 45, 2, 5, 3, 4, 2, 5, 3, 4, 1, 0]}, null, null, 106, false, [], false, 0, [], null, 0, 1744252530.6826742, 0, {}]
[{"0": [3, 1, 3, 0, 26, 42, 51, 1, 0, 2, 0, 5, 0, 2]}, null, null, 107, false, [], false, 0, [], null, 0, 1744252530.8554723, 0, {}]
[{"0": [1, 34, 43, 3, 2, 1, 3, 1, 1, 0, 0, 2, 1, 3]}, null, null, 107, false, [], false, 0, [], null, 0, 1744252531.0351634, 0, {}]
[{"0": [2, 37, 33, 33, 43, 4, 0, 0, 2, 0, 0, 6, 2, 2]}, null, null, 108, false, [], false, 0, [], null, 0, 1744252531.2284462, 0, {}]
[{"0": [1, 34, 37, 1, 3, 3, 2, 3, 0, 3, 2, 2, 2, 2]}, null, null, 108, false, [], false, 0, [], null, 0, 1744252531.3934128, 0, {}]
[{"0": [4, 26, 35, 43, 30, 51, 31, 39, 30, 36, 34, 28, 35, 34]}, null, null, 109, false, [], false, 0, [], null, 0, 1744252531.5921319, 0, {}]
[{"0": [0, 32, 41, 3, 2, 1, 5, 4, 2, 1, 1, 3, 0, 1]}, null, null, 110, false, [], false, 0, [], null, 0, 1744252531.7646077, 0, {}]
[{"0": [1, 41, 31, 37, 44, 36, 32, 32, 43, 31, 0, 4, 1, 2]}, null, null, 110, false, [], false, 0, [], null, 0, 1744252531.9594169, 0, {}]
[{"0": [0, 42, 31, 39, 35, 39, 27, 26, 38, 42, 40, 0, 1, 2]}, null, null, 111, false, [], false, 0, [], null, 0, 1744252532.1375508, 0, {}]
[{"0": [2, 41, 2, 2, 1, 1, 4, 2, 4, 1, 1, 1, 0, 1]}, null, null, 111, false, [], false, 0, [], null, 0, 1744252532.3196492, 0, {}]
[{"0": [1, 49, 30, 34, 1, 1, 2, 0, 2, 2, 2, 1, 1, 3]}, null, null, 112, false, [], false, 0, [], null, 0, 1744252532.5126967, 0, {}]
[{"0": [0, 28, 36, 46, 27, 32, 46, 41, 39, 32, 37, 31, 34, 33]}, null, null, 113, false, [], false, 0, [], null, 0, 1744252532.6909053, 0, {}]
[{"0": [2, 37, 34, 40, 37, 1, 4, 0, 1, 3, 2, 1, 1, 3]}, null, null, 113, false, [], false, 0, [], null, 0, 1744252532.8613029, 0, {}]
[{"0": [3, 25, 2, 1, 3, 1, 0, 1, 3, 1, 3, 4, 2, 1]}, null, null, 114, false, [], false, 0, [], null, 0, 1744252533.053721, 0, {}]
[{"0": [1, 34, 49, 47, 2, 0, 2, 2, 1, 0, 3, 2, 2, 4]}, null, null, 114, false, [], false, 0, [], null, 0, 1744252533.2425532, 0, {}]
[{"0": [1, 28, 2, 4, 1, 1, 1, 2, 1, 2, 1, 2, 1, 0]}, null, null, 115, false, [], false, 0, [], null, 0, 1744252533.424147, 0, {}]
[{"0": [1, 34, 26, 4, 4, 2, 2, 0, 0, 1, 1, 1, 1, 1]}, null, null, 116, false, [], false, 0, [], null, 0, 1744252533.6029003, 0, {}]
[{"0": [2, 36, 44, 38, 1, 1, 0, 1, 2, 5, 4, 1, 4, 1]}, null, null, 116, false, [], false, 0, [], null, 0, 1744252533.785814, 0, {}]
[{"0": [1, 28, 50, 34, 35, 27, 32, 42, 33, 1, 2, 3, 2, 3]}, null, null, 117, false, [], false, 0, [], null, 0, 1744252533.9778378, 0, {}]
[{"0": [2, 33, 2, 3, 3, 1, 4, 1, 1, 0, 1, 2, 4, 6]}, null, null, 117, false, [], false, 0, [], null, 0, 1744252534.1408334, 0, {}]
[{"0": [3, 37, 45, 30, 36, 46, 0, 0, 1, 0, 0, 0, 1, 3]}, null, null, 118, false, [], false, 0, [], null, 0, 1744252534.3357053, 0, {}]
[{"0": [2, 34, 29, 35, 34, 2, 2, 2, 1, 2, 6, 1, 3, 0]}, null, null, 119, false, [], false, 0, [], null, 0, 1744252534.5088382, 0, {}]
[{"0": [1, 38, 1, 5, 3, 2, 0, 3, 1, 0, 1, 1, 0, 3]}, null, null, 119, false, [], false, 0, [], null, 0, 1744252534.693168, 0, {}]
[{"0": [2, 23, 3, 2, 2, 3, 2, 0, 5, 1, 1, 0, 1, 0]}, null, null, 120, false, [], false, 0, [], null, 0, 1744252534.8853745, 0, {}]
[{"0": [0, 38, 1, 2, 1, 2, 4, 2, 2, 1, 0, 3, 0, 2]}, null, null, 120, false, [], false, 0, [], null, 0, 1744252535.0632927, 0, {}]
[{"0": [0, 36, 36, 38, 36, 31, 37, 24, 35, 41, 33, 33, 38, 32]}, null, null, 121, false, [], false, 0, [], null, 0, 1744252535.2419991, 0, {}]
[{"0": [0, 36, 46, 30, 31, 36, 40, 40, 49, 2, 2, 1, 3, 2]}, null, null, 122, false, [], false, 0, [], null, 0, 1744252535.438091, 0, {}]
[{"0": [4, 28, 4, 1, 1, 2, 1, 0, 4, 2, 1, 2, 1, 0]}, null, null, 122, false, [], false, 0, [], null, 0, 1744252535.6317353, 0, {}]
[{"0": [2, 30, 29, 27, 29, 36, 33, 33, 46, 41, 31, 47, 33, 35]}, null, null, 123, false, [], false, 0, [], null, 0, 1744252535.814, 0, {}]
[{"0": [34, 1, 0, 2, 3, 3, 2, 4, 3, 2, 0, 3, 1, 3]}, null, null, 123, false, [], false, 0, [], null, 0, 1744252535.9766488, 0, {}]
[{"0": [5, 35, 33, 0, 2, 1, 3, 1, 1, 1, 1, 2, 1, 0]}, null, null, 124, false, [], false, 0, [], null, 0, 1744252536.1734185, 0, {}]
[{"0": [2, 42, 5, 2, 0, 2, 0, 4, 5, 2, 0, 2, 1, 3]}, null, null, 125, false, [], false, 0, [], null, 0, 1744252536.3438015, 0, {}]
[{"0": [0, 27, 25, 31, 0, 3, 8, 0, 0, 3, 3, 2, 2, 1]}, null, null, 125, false, [], false, 0, [], null, 0, 1744252536.539191, 0, {}]
[{"0": [4, 45, 24, 32, 47, 1, 2, 3, 2, 1, 5, 1, 0, 1]}, null, null, 126, false, [], false, 0, [], null, 0, 1744252536.7127206, 0, {}]
[{"0": [2, 38, 3, 3, 3, 3, 4, 0, 2, 2, 2, 4, 2, 2]}, null, null, 127, false, [], false, 0, [], null, 0, 1744252536.9085886, 0, {}]
[{"0": [4, 28, 37, 42, 2, 1, 2, 2, 0, 3, 2, 4, 3, 3]}, null, null, 127, false, [], false, 0, [], null, 0, 1744252537.080771, 0, {}]
[{"0": [4, 41, 43, 26, 1, 1, 6, 2, 2, 2, 2, 3, 2, 2]}, null, null, 128, false, [], false, 0, [], null, 0, 1744252537.2571964, 0, {}]
[{"0": [4, 38, 49, 41, 1, 1, 1, 1, 5, 2, 1, 1, 1, 1]}, null, null, 128, false, [], false, 0, [], null, 0, 1744252537.4619176, 0, {}]
[{"0": [1, 32, 35, 31, 38, 42, 30, 3, 6, 2, 0, 2, 1, 1]}, null, null, 129, false, [], false, 0, [], null, 0, 1744252537.633182, 0, {}]
[{"0": [3, 34, 38, 29, 1, 2, 1, 1, 2, 1, 1, 3, 0, 1]}, null, null, 130, false, [], false, 0, [], null, 0, 1744252537.8260357, 0, {}]
[{"0": [3, 36, 36, 45, 34, 27, 38, 35, 2, 1, 1, 4, 2, 3]}, null, null, 130, false, [], false, 0, [], null, 0, 1744252538.0075781, 0, {}]
[{"0": [1, 38, 36, 42, 45, 45, 34, 41, 27, 2, 3, 2, 1, 1]}, null, null, 131, false, [], false, 0, [], null, 0, 1744252538.1902359, 0, {}]
[{"0": [5, 29, 32, 38, 34, 0, 0, 2, 1, 2, 1, 3, 4, 3]}, null, null, 131, false, [], false, 0, [], null, 0, 1744252538.3666356, 0, {}]
[{"0": [2, 42, 31, 2, 2, 3, 2, 1, 3, 0, 1, 1, 3, 1]}, null, null, 132, false, [], false, 0, [], null, 0, 1744252538.554023, 0, {}]
[{"0": [4, 32, 30, 34, 43, 36, 35, 39, 43, 3, 0, 0, 0, 1]}, null, null, 133, false, [], false, 0, [], null, 0, 1744252538.735784, 0, {}]
[{"0": [1, 26, 0, 1, 1, 0, 1, 1, 1, 2, 1, 1, 2, 1]}, null, null, 133, false, [], false, 0, [], null, 0, 1744252538.9261568, 0, {}]
[{"0": [3, 39, 1, 2, 1, 1, 3, 1, 0, 2, 0, 1, 2, 5]}, null, null, 134, false, [], false, 0, [], null, 0, 1744252539.115881, 0, {}]
[{"0": [0, 41, 2, 2, 1, 2, 3, 1, 5, 1, 1, 1, 1, 1]}, null, null, 134, false, [], false, 0, [], null, 0, 1744252539.2855604, 0, {}]
[{"0": [0, 30, 1, 4, 3, 2, 3, 2, 3, 3, 0, 1, 4, 1]}, null, null, 135, false, [], false, 0, [], null, 0, 1744252539.46367, 0, {}]
[{"0": [2, 38, 0, 3, 3, 3, 3, 3, 2, 4, 1, 2, 1, 3]}, null, null, 136, false, [], false, 0, [], null, 0, 1744252539.6461074, 0, {}]
[{"0": [0, 40, 1, 0, 1, 1, 4, 3, 0, 0, 1, 1, 3, 3]}, null, null, 136, false, [], false, 0, [], null, 0, 1744252539.845921, 0, {}]
[{"0": [0, 38, 41, 2, 2, 3, 3, 1, 4, 3, 2, 2, 0, 1]}, null, null, 137, false, [], false, 0, [], null, 0, 1744252540.027023, 0, {}]
[{"0": [3, 43, 29, 29, 40, 34, 39, 39, 2, 4, 0, 3, 3, 2]}, null, null, 137, false, [], false, 0, [], null, 0, 1744252540.2104409, 0, {}]
[{"0": [0, 40, 26, 41, 27, 35, 4, 1, 3, 1, 1, 1, 3, 2]}, null, null, 138, false, [], false, 0, [], null, 0, 1744252540.3944254, 0, {}]
[{"0": [3, 27, 0, 3, 2, 2, 1, 1, 5, 1, 1, 1, 3, 2]}, null, null, 139, false, [], false, 0, [], null, 0, 1744252540.5697713, 0, {}]
[{"0": [3, 31, 1, 2, 0, 2, 3, 1, 1, 3, 0, 1, 2, 0]}, null, null, 139, false, [], false, 0, [], null, 0, 1744252540.7592244, 0, {}]
[{"0": [0, 36, 39, 33, 0, 3, 0, 2, 4, 1, 2, 2, 6, 1]}, null, null, 140, false, [], false, 0, [], null, 0, 1744252540.9383142, 0, {}]
[{"0": [2, 32, 2, 3, 2, 1, 0, 1, 1, 1, 3, 3, 1, 1]}, null, null, 140, false, [], false, 0, [], null, 0, 1744252541.1185012, 0, {}]
[{"0": [4, 45, 33, 37, 34, 35, 28, 41, 42, 4, 0, 0, 0, 2]}, null, null, 141, false, [], false, 0, [], null, 0, 1744252541.309806, 0, {}]
[{"0": [2, 26, 34, 27, 39, 1, 0, 2, 3, 1, 4, 4, 1, 1]}, null, null, 142, false, [], false, 0, [], null, 0, 1744252541.477715, 0, {}]
[{"0": [5, 41, 29, 29, 47, 31, 43, 1, 2, 0, 2, 3, 1, 2]}, null, null, 142, false, [], false, 0, [], null, 0, 1744252541.6703336, 0, {}]
[{"0": [2, 41, 31, 36, 32, 40, 38, 29, 33, 0, 0, 1, 7, 3]}, null, null, 143, false, [], false, 0, [], null, 0, 1744252541.8557148, 0, {}]
[{"0": [1, 39, 43, 35, 36, 29, 49, 35, 1, 1, 1, 2, 0, 3]}, null, null, 143, false, [], false, 0, [], null, 0, 1744252542.0437627, 0, {}]
[{"0": [3, 36, 35, 36, 22, 42, 42, 36, 41, 35, 34, 32, 32, 31]}, null, null, 144, false, [], false, 0, [], null, 0, 1744252542.2256846, 0, {}]
[{"0": [1, 38, 37, 2, 0, 3, 1, 0, 1, 2, 2, 1, 4, 1]}, null, null, 145, false, [], false, 0, [], null, 0, 1744252542.4139042, 0, {}]
[{"0": [2, 37, 27, 41, 1, 2, 1, 3, 2, 1, 4, 3, 1, 2]}, null, null, 145, false, [], false, 0, [], null, 0, 1744252542.597994, 0, {}]
[{"0": [1, 29, 28, 29, 32, 42, 26, 31, 32, 42, 37, 26, 1, 3]}, null, null, 146, false, [], false, 0, [], null, 0, 1744252542.760638, 0, {}]
[{"0": [1, 38, 27, 35, 41, 36, 35, 2, 3, 3, 3, 4, 0, 1]}, null, null, 146, false, [], false, 0, [], null, 0, 1744252542.9586334, 0, {}]
[{"0": [2, 35, 37, 1, 1, 8, 0, 3, 3, 1, 3, 2, 1, 1]}, null, null, 147, false, [], false, 0, [], null, 0, 1744252543.1438239, 0, {}]
[{"0": [4, 31, 29, 45, 1, 2, 0, 1, 2, 1, 1, 3, 0, 1]}, null, null, 148, false, [], false, 0, [], null, 0, 1744252543.325765, 0, {}]
[{"0": [2, 1, 3, 0, 0, 36, 3, 2, 1, 2, 1, 0, 0, 1]}, null, null, 148, false, [], false, 0, [], null, 0, 1744252543.5120327, 0, {}]
[{"0": [1, 29, 33, 4, 3, 3, 3, 4, 0, 1, 3, 3, 2, 3]}, null, null, 149, false, [], false, 0, [], null, 0, 1744252543.6736245, 0, {}]
[{"0": [3, 36, 2, 1, 1, 1, 5, 0, 1, 1, 1, 0, 1, 0]}, null, null, 149, false, [], false, 0, [], null, 0, 1744252543.865424, 0, {}]
[{"0": [1, 44, 32, 36, 32, 40, 46, 36, 3, 1, 0, 0, 1, 0]}, null, null, 150, true, [], false, 0, [], null, 0, 1744252544.05739, 0, {}]
