[{"0": [1, 2, 1, 2, 4, 2, 1, 37, 29, 35, 3, 1, 6, 1]}, null, null, 0, false, [], false, 0, [], null, 0, 1744252891.6974797, 0, {}]
[{"0": [47, 49, 36, 33, 36, 31, 36, 41, 30, 32, 35, 3, 3, 4]}, null, null, 1, false, [], false, 0, [], null, 0, 1744252891.9118254, 0, {}]
[{"0": [4, 0, 42, 34, 23, 33, 3, 2, 1, 0, 2, 3, 0, 2]}, null, null, 1, false, [], false, 0, [], null, 0, 1744252892.1035647, 0, {}]
[{"0": [2, 3, 1, 1, 1, 2, 1, 1, 1, 0, 3, 35, 37, 39]}, null, null, 2, false, [], false, 0, [], null, 0, 1744252892.2845392, 0, {}]
[{"0": [1, 5, 1, 1, 2, 3, 5, 2, 0, 3, 2, 2, 2, 38]}, null, null, 2, false, [], false, 0, [], null, 0, 1744252892.4706564, 0, {}]
[{"0": [2, 3, 1, 2, 4, 2, 2, 0, 4, 3, 3, 0, 3, 6]}, null, null, 3, false, [], false, 0, [], null, 0, 1744252892.6509118, 0, {}]
[{"0": [3, 3, 0, 3, 2, 1, 3, 1, 4, 1, 3, 4, 3, 2]}, null, null, 4, false, [], false, 0, [], null, 0, 1744252892.8315942, 0, {}]
[{"0": [3, 3, 1, 2, 0, 2, 5, 0, 42, 33, 1, 2, 0, 1]}, null, null, 4, false, [], false, 0, [], null, 0, 1744252893.0042548, 0, {}]
[{"0": [0, 3, 0, 1, 2, 1, 2, 2, 2, 3, 5, 36, 38, 30]}, null, null, 5, false, [], false, 0, [], null, 0, 1744252893.1961033, 0, {}]
[{"0": [0, 2, 1, 1, 3, 5, 0, 1, 1, 1, 0, 32, 1, 3]}, null, null, 5, false, [], false, 0, [], null, 0, 1744252893.3872929, 0, {}]
[{"0": [2, 1, 0, 3, 2, 55, 42, 29, 32, 34, 38, 24, 1, 0]}, null, null, 6, false, [], false, 0, [], null, 0, 1744252893.5628912, 0, {}]
[{"0": [2, 5, 4, 0, 0, 1, 3, 36, 40, 32, 42, 3, 2, 3]}, null, null, 7, false, [], false, 0, [], null, 0, 1744252893.7498355, 0, {}]
[{"0": [0, 1, 0, 2, 2, 5, 5, 3, 5, 0, 1, 35, 29, 42]}, null, null, 7, false, [], false, 0, [], null, 0, 1744252893.9398224, 0, {}]
[{"0": [2, 3, 35, 32, 4, 4, 4, 1, 4, 4, 2, 1, 0, 2]}, null, null, 8, false, [], false, 0, [], null, 0, 1744252894.1200385, 0, {}]
[{"0": [4, 2, 2, 37, 1, 2, 0, 5, 2, 0, 1, 2, 4, 2]}, null, null, 8, false, [], false, 0, [], null, 0, 1744252894.2948055, 0, {}]
[{"0": [0, 0, 1, 37, 1, 5, 5, 1, 2, 1, 1, 2, 4, 1]}, null, null, 9, false, [], false, 0, [], null, 0, 1744252894.484292, 0, {}]
[{"0": [4, 2, 2, 0, 0, 3, 0, 0, 5, 1, 43, 39, 43, 4]}, null, null, 10, false, [], false, 0, [], null, 0, 1744252894.6606238, 0, {}]
[{"0": [0, 1, 1, 0, 2, 3, 2, 4, 3, 2, 0, 1, 2, 34]}, null, null, 10, false, [], false, 0, [], null, 0, 1744252894.842078, 0, {}]
[{"0": [0, 3, 2, 49, 43, 44, 42, 27, 46, 47, 4, 3, 1, 2]}, null, null, 11, false, [], false, 0, [], null, 0, 1744252895.0309043, 0, {}]
[{"0": [0, 1, 2, 0, 1, 3, 34, 35, 0, 2, 5, 5, 1, 1]}, null, null, 11, false, [], false, 0, [], null, 0, 1744252895.2189043, 0, {}]
[{"0": [2, 0, 1, 4, 1, 2, 3, 2, 6, 50, 26, 0, 0, 4]}, null, null, 12, false, [], false, 0, [], null, 0, 1744252895.3936753, 0, {}]
[{"0": [2, 0, 5, 5, 1, 4, 0, 3, 32, 27, 36, 0, 2, 2]}, null, null, 13, false, [], false, 0, [], null, 0, 1744252895.5842402, 0, {}]
[{"0": [4, 0, 4, 3, 1, 0, 41, 35, 32, 28, 38, 38, 40, 4]}, null, null, 13, false, [], false, 0, [], null, 0, 1744252895.751818, 0, {}]
[{"0": [1, 3, 2, 3, 1, 32, 40, 2, 1, 6, 0, 2, 3, 0]}, null, null, 14, false, [], false, 0, [], null, 0, 1744252895.9514928, 0, {}]
[{"0": [1, 1, 2, 0, 1, 0, 2, 4, 1, 5, 0, 6, 3, 29]}, null, null, 14, false, [], false, 0, [], null, 0, 1744252896.123027, 0, {}]
[{"0": [5, 4, 4, 0, 2, 3, 3, 1, 2, 1, 2, 22, 1, 3]}, null, null, 15, false, [], false, 0, [], null, 0, 1744252896.3091636, 0, {}]
[{"0": [3, 4, 3, 2, 2, 4, 3, 3, 3, 44, 31, 2, 7, 2]}, null, null, 16, false, [], false, 0, [], null, 0, 1744252896.4998827, 0, {}]
[{"0": [0, 3, 2, 3, 2, 4, 36, 32, 36, 42, 41, 37, 4, 4]}, null, null, 16, false, [], false, 0, [], null, 0, 1744252896.6693733, 0, {}]
[{"0": [4, 2, 0, 1, 5, 2, 4, 4, 5, 32, 39, 35, 38, 3]}, null, null, 17, false, [], false, 0, [], null, 0, 1744252896.864498, 0, {}]
[{"0": [2, 33, 38, 32, 47, 27, 40, 39, 37, 36, 35, 45, 39, 40]}, null, null, 17, false, [], false, 0, [], null, 0, 1744252897.0490687, 0, {}]
[{"0": [0, 3, 0, 4, 3, 1, 1, 36, 28, 28, 38, 27, 40, 38]}, null, null, 18, false, [], false, 0, [], null, 0, 1744252897.2404513, 0, {}]
[{"0": [6, 1, 2, 2, 0, 42, 28, 43, 2, 2, 1, 2, 2, 2]}, null, null, 19, false, [], false, 0, [], null, 0, 1744252897.4205544, 0, {}]
[{"0": [1, 1, 1, 3, 0, 2, 4, 48, 37, 40, 22, 37, 47, 26]}, null, null, 19, false, [], false, 0, [], null, 0, 1744252897.6003013, 0, {}]
[{"0": [0, 0, 2, 39, 38, 30, 36, 32, 30, 34, 45, 46, 0, 1]}, null, null, 20, false, [], false, 0, [], null, 0, 1744252897.7814586, 0, {}]
[{"0": [0, 3, 3, 40, 39, 3, 0, 3, 1, 1, 2, 1, 1, 2]}, null, null, 20, false, [], false, 0, [], null, 0, 1744252897.9674304, 0, {}]
[{"0": [0, 2, 1, 2, 3, 2, 1, 2, 2, 4, 1, 1, 3, 44]}, null, null, 21, false, [], false, 0, [], null, 0, 1744252898.15341, 0, {}]
[{"0": [37, 44, 1, 3, 2, 1, 1, 3, 2, 0, 2, 2, 3, 1]}, null, null, 22, false, [], false, 0, [], null, 0, 1744252898.3357186, 0, {}]
[{"0": [0, 3, 3, 2, 1, 3, 2, 1, 2, 28, 38, 1, 2, 2]}, null, null, 22, false, [], false, 0, [], null, 0, 1744252898.5173879, 0, {}]
[{"0": [2, 3, 33, 2, 2, 2, 0, 1, 0, 3, 0, 0, 2, 1]}, null, null, 23, false, [], false, 0, [], null, 0, 1744252898.6957352, 0, {}]
[{"0": [2, 3, 2, 3, 1, 2, 4, 3, 0, 4, 2, 1, 28, 37]}, null, null, 23, false, [], false, 0, [], null, 0, 1744252898.8805847, 0, {}]
[{"0": [23, 29, 35, 2, 2, 6, 0, 2, 2, 0, 2, 1, 1, 2]}, null, null, 24, false, [], false, 0, [], null, 0, 1744252899.0539904, 0, {}]
[{"0": [1, 2, 2, 3, 1, 2, 1, 3, 4, 1, 24, 33, 25, 43]}, null, null, 25, false, [], false, 0, [], null, 0, 1744252899.2367432, 0, {}]
[{"0": [3, 2, 3, 3, 1, 2, 1, 2, 40, 39, 39, 38, 2, 2]}, null, null, 25, false, [], false, 0, [], null, 0, 1744252899.4245389, 0, {}]
[{"0": [1, 2, 1, 3, 5, 1, 4, 0, 1, 1, 2, 2, 5, 33]}, null, null, 26, false, [], false, 0, [], null, 0, 1744252899.6155462, 0, {}]
[{"0": [1, 2, 0, 1, 1, 3, 3, 1, 2, 2, 1, 41, 38, 36]}, null, null, 27, false, [], false, 0, [], null, 0, 1744252899.798421, 0, {}]
[{"0": [1, 0, 4, 1, 2, 2, 40, 42, 2, 1, 1, 2, 5, 4]}, null, null, 27, false, [], false, 0, [], null, 0, 1744252899.9880672, 0, {}]
[{"0": [2, 3, 2, 42, 1, 1, 4, 1, 2, 1, 0, 4, 3, 0]}, null, null, 28, false, [], false, 0, [], null, 0, 1744252900.1685503, 0, {}]
[{"0": [4, 1, 4, 1, 3, 2, 0, 1, 35, 36, 41, 44, 51, 28]}, null, null, 28, false, [], false, 0, [], null, 0, 1744252900.3537822, 0, {}]
[{"0": [3, 1, 3, 1, 3, 3, 2, 0, 4, 3, 0, 4, 36, 41]}, null, null, 29, false, [], false, 0, [], null, 0, 1744252900.5389738, 0, {}]
[{"0": [0, 4, 1, 3, 1, 4, 1, 3, 2, 1, 1, 2, 46, 51]}, null, null, 30, false, [], false, 0, [], null, 0, 1744252900.7237856, 0, {}]
[{"0": [2, 2, 2, 3, 1, 5, 4, 6, 3, 3, 0, 32, 3, 2]}, null, null, 30, false, [], false, 0, [], null, 0, 1744252900.8994677, 0, {}]
[{"0": [3, 2, 2, 2, 2, 3, 2, 0, 2, 41, 31, 40, 35, 48]}, null, null, 31, false, [], false, 0, [], null, 0, 1744252901.0848963, 0, {}]
[{"0": [2, 4, 2, 0, 0, 1, 4, 29, 29, 36, 1, 5, 2, 2]}, null, null, 31, false, [], false, 0, [], null, 0, 1744252901.2657857, 0, {}]
[{"0": [1, 2, 5, 5, 0, 34, 34, 37, 35, 39, 35, 38, 35, 2]}, null, null, 32, false, [], false, 0, [], null, 0, 1744252901.451277, 0, {}]
[{"0": [2, 1, 1, 1, 2, 1, 4, 1, 1, 0, 5, 0, 31, 8]}, null, null, 33, false, [], false, 0, [], null, 0, 1744252901.6335921, 0, {}]
[{"0": [1, 4, 3, 2, 2, 1, 2, 2, 2, 1, 2, 35, 35, 47]}, null, null, 33, false, [], false, 0, [], null, 0, 1744252901.8111825, 0, {}]
[{"0": [1, 1, 34, 39, 30, 1, 3, 0, 0, 0, 3, 3, 1, 0]}, null, null, 34, false, [], false, 0, [], null, 0, 1744252901.9876616, 0, {}]
[{"0": [0, 2, 3, 3, 2, 0, 1, 0, 2, 1, 0, 33, 42, 40]}, null, null, 34, false, [], false, 0, [], null, 0, 1744252902.1817398, 0, {}]
[{"0": [0, 0, 2, 4, 4, 0, 1, 0, 1, 4, 6, 1, 3, 34]}, null, null, 35, false, [], false, 0, [], null, 0, 1744252902.3556666, 0, {}]
[{"0": [1, 2, 2, 0, 1, 3, 0, 3, 4, 3, 2, 2, 3, 46]}, null, null, 36, false, [], false, 0, [], null, 0, 1744252902.5373397, 0, {}]
[{"0": [2, 2, 3, 3, 2, 1, 2, 2, 0, 3, 39, 25, 2, 0]}, null, null, 36, false, [], false, 0, [], null, 0, 1744252902.7362955, 0, {}]
[{"0": [3, 5, 3, 6, 1, 1, 5, 2, 0, 26, 29, 5, 1, 3]}, null, null, 37, false, [], false, 0, [], null, 0, 1744252902.9113755, 0, {}]
[{"0": [2, 3, 2, 4, 4, 4, 4, 4, 2, 2, 36, 1, 2, 0]}, null, null, 37, false, [], false, 0, [], null, 0, 1744252903.1014135, 0, {}]
[{"0": [0, 1, 2, 1, 2, 1, 1, 1, 2, 2, 0, 30, 40, 40]}, null, null, 38, false, [], false, 0, [], null, 0, 1744252903.2810779, 0, {}]
[{"0": [1, 2, 2, 3, 1, 1, 0, 41, 37, 37, 36, 42, 36, 2]}, null, null, 39, false, [], false, 0, [], null, 0, 1744252903.4673736, 0, {}]
[{"0": [0, 4, 3, 5, 4, 30, 33, 38, 32, 39, 37, 37, 40, 37]}, null, null, 39, false, [], false, 0, [], null, 0, 1744252903.649177, 0, {}]
[{"0": [2, 0, 0, 5, 1, 4, 3, 2, 2, 1, 1, 2, 35, 40]}, null, null, 40, false, [], false, 0, [], null, 0, 1744252903.8350925, 0, {}]
[{"0": [1, 1, 1, 3, 2, 4, 4, 1, 4, 1, 3, 0, 2, 37]}, null, null, 40, false, [], false, 0, [], null, 0, 1744252904.0108635, 0, {}]
[{"0": [3, 1, 4, 39, 28, 43, 30, 33, 1, 2, 2, 1, 3, 3]}, null, null, 41, false, [], false, 0, [], null, 0, 1744252904.2037022, 0, {}]
[{"0": [2, 3, 3, 3, 45, 41, 32, 29, 30, 0, 2, 3, 2, 0]}, null, null, 42, false, [], false, 0, [], null, 0, 1744252904.3785427, 0, {}]
[{"0": [2, 1, 4, 5, 5, 5, 3, 1, 2, 2, 1, 31, 4, 4]}, null, null, 42, false, [], false, 0, [], null, 0, 1744252904.5717702, 0, {}]
[{"0": [1, 1, 0, 3, 3, 1, 3, 3, 5, 30, 34, 37, 31, 46]}, null, null, 43, false, [], false, 0, [], null, 0, 1744252904.7377253, 0, {}]
[{"0": [3, 2, 1, 3, 1, 1, 2, 2, 0, 2, 32, 45, 39, 38]}, null, null, 43, false, [], false, 0, [], null, 0, 1744252904.9316247, 0, {}]
[{"0": [5, 1, 1, 5, 4, 0, 4, 1, 0, 35, 51, 5, 2, 1]}, null, null, 44, false, [], false, 0, [], null, 0, 1744252905.1103797, 0, {}]
[{"0": [3, 0, 4, 2, 3, 31, 44, 38, 30, 2, 1, 1, 5, 3]}, null, null, 45, false, [], false, 0, [], null, 0, 1744252905.3012104, 0, {}]
[{"0": [1, 5, 1, 1, 5, 1, 3, 2, 3, 3, 4, 1, 0, 30]}, null, null, 45, false, [], false, 0, [], null, 0, 1744252905.4734805, 0, {}]
[{"0": [1, 1, 0, 1, 0, 6, 4, 1, 0, 1, 5, 2, 3, 27]}, null, null, 46, false, [], false, 0, [], null, 0, 1744252905.6702209, 0, {}]
[{"0": [1, 2, 3, 44, 2, 2, 5, 1, 2, 4, 2, 1, 3, 2]}, null, null, 46, false, [], false, 0, [], null, 0, 1744252905.8538404, 0, {}]
[{"0": [3, 1, 1, 2, 4, 0, 0, 1, 3, 2, 2, 32, 1, 1]}, null, null, 47, false, [], false, 0, [], null, 0, 1744252906.0310876, 0, {}]
[{"0": [1, 4, 3, 1, 1, 2, 2, 2, 3, 2, 1, 29, 38, 2]}, null, null, 48, false, [], false, 0, [], null, 0, 1744252906.2221127, 0, {}]
[{"0": [4, 1, 4, 2, 0, 38, 37, 32, 1, 0, 4, 3, 1, 0]}, null, null, 48, false, [], false, 0, [], null, 0, 1744252906.3952892, 0, {}]
[{"0": [4, 1, 2, 2, 1, 2, 0, 2, 2, 4, 1, 48, 29, 1]}, null, null, 49, false, [], false, 0, [], null, 0, 1744252906.5873694, 0, {}]
[{"0": [1, 2, 1, 1, 0, 2, 2, 31, 47, 37, 47, 35, 2, 5]}, null, null, 49, false, [], false, 0, [], null, 0, 1744252906.7581997, 0, {}]
[{"0": [1, 1, 0, 1, 40, 43, 39, 38, 38, 35, 36, 2, 2, 1]}, null, null, 50, false, [], false, 0, [], null, 0, 1744252906.9401503, 0, {}]
[{"0": [1, 0, 39, 39, 34, 37, 23, 45, 33, 35, 37, 3, 3, 1]}, null, null, 51, false, [], false, 0, [], null, 0, 1744252907.1397793, 0, {}]
[{"0": [1, 4, 1, 44, 28, 3, 2, 1, 1, 1, 2, 2, 3, 0]}, null, null, 51, false, [], false, 0, [], null, 0, 1744252907.311542, 0, {}]
[{"0": [1, 5, 4, 4, 0, 2, 0, 4, 4, 34, 47, 39, 32, 39]}, null, null, 52, false, [], false, 0, [], null, 0, 1744252907.487351, 0, {}]
[{"0": [0, 3, 3, 4, 1, 1, 5, 42, 49, 26, 21, 47, 55, 42]}, null, null, 52, false, [], false, 0, [], null, 0, 1744252907.6761627, 0, {}]
[{"0": [3, 2, 3, 0, 1, 1, 1, 3, 42, 47, 37, 35, 35, 41]}, null, null, 53, false, [], false, 0, [], null, 0, 1744252907.861815, 0, {}]
[{"0": [2, 0, 0, 3, 1, 32, 26, 37, 31, 3, 1, 2, 2, 4]}, null, null, 54, false, [], false, 0, [], null, 0, 1744252908.0463927, 0, {}]
[{"0": [2, 3, 1, 0, 1, 2, 1, 2, 30, 33, 30, 33, 34, 1]}, null, null, 54, false, [], false, 0, [], null, 0, 1744252908.2392929, 0, {}]
[{"0": [2, 1, 1, 0, 0, 1, 27, 33, 42, 29, 0, 2, 2, 3]}, null, null, 55, false, [], false, 0, [], null, 0, 1744252908.4187129, 0, {}]
[{"0": [2, 3, 37, 33, 3, 3, 2, 2, 4, 0, 1, 0, 0, 2]}, null, null, 55, false, [], false, 0, [], null, 0, 1744252908.5864174, 0, {}]
[{"0": [1, 3, 3, 40, 39, 34, 31, 29, 37, 40, 34, 47, 43, 38]}, null, null, 56, false, [], false, 0, [], null, 0, 1744252908.7711508, 0, {}]
[{"0": [1, 1, 2, 1, 24, 33, 28, 36, 45, 26, 42, 3, 1, 1]}, null, null, 57, false, [], false, 0, [], null, 0, 1744252908.967951, 0, {}]
[{"0": [0, 0, 5, 2, 3, 0, 5, 35, 2, 1, 3, 1, 1, 2]}, null, null, 57, false, [], false, 0, [], null, 0, 1744252909.148806, 0, {}]
[{"0": [0, 1, 3, 33, 37, 36, 30, 47, 31, 31, 31, 1, 3, 3]}, null, null, 58, false, [], false, 0, [], null, 0, 1744252909.3354664, 0, {}]
[{"0": [1, 2, 0, 1, 3, 1, 2, 3, 2, 32, 32, 3, 3, 2]}, null, null, 58, false, [], false, 0, [], null, 0, 1744252909.502354, 0, {}]
[{"0": [1, 2, 4, 34, 44, 39, 38, 36, 38, 40, 41, 52, 31, 34]}, null, null, 59, false, [], false, 0, [], null, 0, 1744252909.694733, 0, {}]
[{"0": [1, 3, 1, 3, 1, 39, 36, 35, 40, 33, 34, 2, 3, 0]}, null, null, 60, false, [], false, 0, [], null, 0, 1744252909.8696444, 0, {}]
[{"0": [1, 1, 1, 4, 1, 0, 5, 0, 1, 1, 2, 4, 2, 5]}, null, null, 60, false, [], false, 0, [], null, 0, 1744252910.0556264, 0, {}]
[{"0": [1, 3, 47, 3, 2, 4, 2, 2, 1, 2, 2, 1, 1, 1]}, null, null, 61, false, [], false, 0, [], null, 0, 1744252910.2511458, 0, {}]
[{"0": [1, 1, 2, 0, 2, 4, 2, 3, 4, 56, 43, 43, 2, 1]}, null, null, 61, false, [], false, 0, [], null, 0, 1744252910.4396598, 0, {}]
[{"0": [2, 5, 1, 1, 0, 2, 2, 1, 0, 45, 33, 36, 40, 37]}, null, null, 62, false, [], false, 0, [], null, 0, 1744252910.6193576, 0, {}]
[{"0": [1, 4, 1, 2, 2, 3, 3, 2, 2, 35, 43, 3, 4, 2]}, null, null, 63, false, [], false, 0, [], null, 0, 1744252910.7952302, 0, {}]
[{"0": [3, 3, 5, 36, 26, 30, 43, 36, 27, 38, 33, 38, 39, 3]}, null, null, 63, false, [], false, 0, [], null, 0, 1744252910.986884, 0, {}]
[{"0": [0, 1, 1, 5, 38, 37, 36, 40, 26, 40, 31, 45, 2, 1]}, null, null, 64, false, [], false, 0, [], null, 0, 1744252911.1632273, 0, {}]
[{"0": [0, 2, 3, 1, 4, 2, 1, 3, 3, 7, 0, 33, 0, 3]}, null, null, 64, false, [], false, 0, [], null, 0, 1744252911.3505073, 0, {}]
[{"0": [2, 2, 0, 1, 3, 3, 5, 5, 2, 1, 36, 32, 35, 2]}, null, null, 65, false, [], false, 0, [], null, 0, 1744252911.5356643, 0, {}]
[{"0": [0, 3, 38, 33, 36, 48, 44, 46, 42, 28, 44, 40, 25, 43]}, null, null, 66, false, [], false, 0, [], null, 0, 1744252911.7240229, 0, {}]
[{"0": [0, 1, 1, 46, 44, 2, 4, 2, 1, 2, 3, 1, 0, 1]}, null, null, 66, false, [], false, 0, [], null, 0, 1744252911.9049761, 0, {}]
[{"0": [2, 2, 3, 1, 31, 37, 36, 33, 1, 1, 1, 1, 1, 6]}, null, null, 67, false, [], false, 0, [], null, 0, 1744252912.076, 0, {}]
[{"0": [4, 3, 1, 0, 2, 3, 34, 30, 3, 0, 6, 4, 0, 3]}, null, null, 67, false, [], false, 0, [], null, 0, 1744252912.2615237, 0, {}]
[{"0": [0, 1, 0, 0, 3, 3, 0, 1, 25, 3, 0, 2, 0, 3]}, null, null, 68, false, [], false, 0, [], null, 0, 1744252912.4452188, 0, {}]
[{"0": [2, 0, 1, 39, 41, 30, 2, 3, 2, 0, 2, 1, 2, 4]}, null, null, 69, false, [], false, 0, [], null, 0, 1744252912.6331918, 0, {}]
[{"0": [2, 0, 3, 33, 40, 4, 2, 2, 0, 2, 3, 1, 2, 2]}, null, null, 69, false, [], false, 0, [], null, 0, 1744252912.8111072, 0, {}]
[{"0": [1, 2, 1, 4, 3, 1, 5, 33, 30, 35, 3, 0, 1, 1]}, null, null, 70, false, [], false, 0, [], null, 0, 1744252912.9955637, 0, {}]
[{"0": [2, 1, 0, 5, 0, 2, 5, 36, 35, 45, 0, 1, 3, 3]}, null, null, 70, false, [], false, 0, [], null, 0, 1744252913.1866713, 0, {}]
[{"0": [1, 5, 1, 36, 30, 36, 39, 45, 28, 38, 29, 46, 28, 40]}, null, null, 71, false, [], false, 0, [], null, 0, 1744252913.3631518, 0, {}]
[{"0": [3, 1, 44, 49, 34, 2, 1, 0, 3, 1, 2, 3, 1, 3]}, null, null, 72, false, [], false, 0, [], null, 0, 1744252913.5571747, 0, {}]
[{"0": [3, 5, 35, 39, 30, 36, 4, 2, 3, 2, 3, 1, 2, 2]}, null, null, 72, false, [], false, 0, [], null, 0, 1744252913.7192936, 0, {}]
[{"0": [3, 1, 3, 0, 2, 2, 1, 1, 5, 2, 3, 3, 33, 31]}, null, null, 73, false, [], false, 0, [], null, 0, 1744252913.9051833, 0, {}]
[{"0": [5, 4, 2, 3, 2, 2, 2, 1, 2, 0, 2, 2, 1, 36]}, null, null, 73, false, [], false, 0, [], null, 0, 1744252914.0978496, 0, {}]
[{"0": [2, 0, 5, 1, 32, 42, 30, 33, 41, 37, 39, 41, 56, 42]}, null, null, 74, false, [], false, 0, [], null, 0, 1744252914.284249, 0, {}]
[{"0": [0, 1, 3, 4, 3, 3, 1, 3, 1, 27, 35, 36, 1, 1]}, null, null, 75, false, [], false, 0, [], null, 0, 1744252914.4640992, 0, {}]
[{"0": [3, 2, 1, 0, 40, 37, 31, 52, 37, 52, 43, 3, 5, 1]}, null, null, 75, false, [], false, 0, [], null, 0, 1744252914.6421945, 0, {}]
[{"0": [3, 2, 2, 0, 0, 6, 1, 8, 1, 2, 2, 54, 42, 1]}, null, null, 76, false, [], false, 0, [], null, 0, 1744252914.8314402, 0, {}]
[{"0": [3, 2, 3, 1, 2, 1, 0, 45, 47, 38, 40, 1, 0, 3]}, null, null, 77, false, [], false, 0, [], null, 0, 1744252915.0190194, 0, {}]
[{"0": [2, 2, 1, 2, 0, 3, 2, 2, 1, 37, 35, 32, 1, 3]}, null, null, 77, false, [], false, 0, [], null, 0, 1744252915.205415, 0, {}]
[{"0": [2, 0, 2, 2, 1, 27, 27, 1, 4, 3, 1, 0, 5, 0]}, null, null, 78, false, [], false, 0, [], null, 0, 1744252915.3771267, 0, {}]
[{"0": [2, 0, 0, 4, 3, 0, 1, 32, 44, 34, 46, 47, 1, 1]}, null, null, 78, false, [], false, 0, [], null, 0, 1744252915.5639699, 0, {}]
[{"0": [0, 3, 2, 28, 1, 2, 1, 1, 3, 2, 2, 1, 2, 3]}, null, null, 79, false, [], false, 0, [], null, 0, 1744252915.749353, 0, {}]
[{"0": [1, 3, 2, 2, 2, 2, 3, 5, 1, 3, 0, 37, 36, 41]}, null, null, 80, false, [], false, 0, [], null, 0, 1744252915.9355404, 0, {}]
[{"0": [3, 0, 2, 2, 3, 0, 2, 38, 37, 45, 39, 42, 43, 1]}, null, null, 80, false, [], false, 0, [], null, 0, 1744252916.1150625, 0, {}]
[{"0": [3, 0, 2, 5, 1, 3, 0, 3, 43, 0, 2, 0, 1, 2]}, null, null, 81, false, [], false, 0, [], null, 0, 1744252916.2908988, 0, {}]
[{"0": [0, 3, 0, 1, 1, 0, 28, 36, 43, 43, 44, 2, 1, 4]}, null, null, 81, false, [], false, 0, [], null, 0, 1744252916.4769955, 0, {}]
[{"0": [1, 2, 1, 2, 2, 2, 1, 0, 2, 1, 1, 3, 0, 38]}, null, null, 82, false, [], false, 0, [], null, 0, 1744252916.6692195, 0, {}]
[{"0": [2, 5, 1, 1, 1, 1, 0, 2, 3, 34, 1, 5, 1, 4]}, null, null, 83, false, [], false, 0, [], null, 0, 1744252916.8412764, 0, {}]
[{"0": [4, 3, 47, 28, 3, 1, 2, 1, 2, 2, 2, 1, 0, 1]}, null, null, 83, false, [], false, 0, [], null, 0, 1744252917.0376098, 0, {}]
[{"0": [1, 0, 1, 2, 3, 49, 43, 2, 1, 1, 2, 3, 5, 2]}, null, null, 84, false, [], false, 0, [], null, 0, 1744252917.2162292, 0, {}]
[{"0": [37, 41, 1, 2, 3, 2, 4, 5, 8, 1, 1, 0, 2, 2]}, null, null, 84, false, [], false, 0, [], null, 0, 1744252917.39979, 0, {}]
[{"0": [1, 3, 2, 2, 4, 0, 4, 3, 1, 34, 3, 3, 5, 1]}, null, null, 85, false, [], false, 0, [], null, 0, 1744252917.56806, 0, {}]
[{"0": [2, 0, 2, 0, 41, 36, 28, 34, 35, 41, 30, 41, 41, 29]}, null, null, 86, false, [], false, 0, [], null, 0, 1744252917.7710965, 0, {}]
[{"0": [2, 3, 0, 5, 30, 36, 32, 40, 38, 1, 2, 2, 2, 4]}, null, null, 86, false, [], false, 0, [], null, 0, 1744252917.9513066, 0, {}]
[{"0": [2, 3, 1, 0, 2, 3, 1, 2, 2, 2, 2, 1, 6, 41]}, null, null, 87, false, [], false, 0, [], null, 0, 1744252918.133905, 0, {}]
[{"0": [6, 5, 1, 3, 2, 37, 46, 2, 2, 2, 0, 1, 2, 2]}, null, null, 87, false, [], false, 0, [], null, 0, 1744252918.310561, 0, {}]
[{"0": [30, 2, 2, 1, 4, 1, 1, 0, 1, 1, 1, 0, 1, 2]}, null, null, 88, false, [], false, 0, [], null, 0, 1744252918.4961386, 0, {}]
[{"0": [2, 1, 2, 3, 1, 1, 2, 0, 1, 4, 1, 1, 1, 41]}, null, null, 89, false, [], false, 0, [], null, 0, 1744252918.684316, 0, {}]
[{"0": [2, 2, 3, 2, 3, 2, 31, 36, 37, 53, 2, 2, 3, 4]}, null, null, 89, false, [], false, 0, [], null, 0, 1744252918.8529167, 0, {}]
[{"0": [1, 3, 0, 1, 2, 3, 33, 32, 28, 40, 34, 1, 5, 1]}, null, null, 90, false, [], false, 0, [], null, 0, 1744252919.0506065, 0, {}]
[{"0": [3, 3, 2, 2, 4, 5, 4, 2, 3, 34, 41, 1, 0, 1]}, null, null, 90, false, [], false, 0, [], null, 0, 1744252919.2296672, 0, {}]
[{"0": [1, 1, 40, 37, 45, 2, 2, 2, 0, 2, 3, 1, 3, 4]}, null, null, 91, false, [], false, 0, [], null, 0, 1744252919.4020436, 0, {}]
[{"0": [6, 0, 1, 2, 4, 0, 2, 4, 4, 3, 26, 39, 34, 31]}, null, null, 92, false, [], false, 0, [], null, 0, 1744252919.583988, 0, {}]
[{"0": [1, 2, 1, 0, 1, 30, 39, 33, 39, 35, 39, 41, 36, 2]}, null, null, 92, false, [], false, 0, [], null, 0, 1744252919.7875876, 0, {}]
[{"0": [4, 5, 1, 1, 0, 5, 1, 0, 3, 3, 39, 35, 34, 0]}, null, null, 93, false, [], false, 0, [], null, 0, 1744252919.9671512, 0, {}]
[{"0": [1, 1, 1, 3, 2, 35, 39, 32, 46, 39, 56, 1, 3, 1]}, null, null, 93, false, [], false, 0, [], null, 0, 1744252920.1474528, 0, {}]
[{"0": [6, 2, 4, 3, 1, 3, 2, 2, 2, 35, 29, 33, 45, 36]}, null, null, 94, false, [], false, 0, [], null, 0, 1744252920.3172328, 0, {}]
[{"0": [3, 0, 3, 2, 1, 1, 4, 4, 6, 2, 34, 2, 3, 1]}, null, null, 95, false, [], false, 0, [], null, 0, 1744252920.5098767, 0, {}]
[{"0": [2, 3, 4, 1, 2, 1, 3, 2, 0, 3, 1, 3, 2, 46]}, null, null, 95, false, [], false, 0, [], null, 0, 1744252920.6985493, 0, {}]
[{"0": [2, 2, 0, 5, 39, 39, 35, 33, 42, 31, 42, 34, 47, 41]}, null, null, 96, false, [], false, 0, [], null, 0, 1744252920.8826063, 0, {}]
[{"0": [1, 5, 0, 3, 42, 1, 1, 1, 2, 1, 3, 0, 0, 2]}, null, null, 96, false, [], false, 0, [], null, 0, 1744252921.0618834, 0, {}]
[{"0": [3, 1, 2, 1, 2, 3, 0, 2, 29, 48, 40, 32, 32, 26]}, null, null, 97, false, [], false, 0, [], null, 0, 1744252921.2444155, 0, {}]
[{"0": [1, 3, 3, 1, 2, 49, 36, 44, 37, 2, 1, 0, 2, 5]}, null, null, 98, false, [], false, 0, [], null, 0, 1744252921.4350946, 0, {}]
[{"0": [3, 0, 2, 4, 1, 0, 4, 22, 32, 1, 1, 1, 2, 4]}, null, null, 98, false, [], false, 0, [], null, 0, 1744252921.6067672, 0, {}]
[{"0": [0, 2, 4, 1, 41, 50, 0, 1, 0, 1, 1, 0, 1, 3]}, null, null, 99, false, [], false, 0, [], null, 0, 1744252921.798, 0, {}]
[{"0": [4, 1, 3, 6, 1, 3, 38, 32, 32, 31, 37, 1, 1, 2]}, null, null, 99, false, [], false, 0, [], null, 0, 1744252921.9736104, 0, {}]
[{"0": [0, 5, 1, 1, 5, 1, 1, 2, 38, 33, 35, 31, 38, 43]}, null, null, 100, false, [], false, 0, [], null, 0, 1744252922.16677, 0, {}]
[{"0": [0, 4, 3, 3, 2, 3, 2, 0, 3, 2, 37, 37, 25, 28]}, null, null, 101, false, [], false, 0, [], null, 0, 1744252922.3474698, 0, {}]
[{"0": [1, 2, 1, 2, 2, 2, 3, 1, 30, 38, 30, 35, 31, 45]}, null, null, 101, false, [], false, 0, [], null, 0, 1744252922.534176, 0, {}]
[{"0": [1, 4, 2, 1, 1, 1, 1, 1, 2, 0, 2, 35, 43, 47]}, null, null, 102, false, [], false, 0, [], null, 0, 1744252922.7110302, 0, {}]
[{"0": [2, 2, 0, 2, 7, 3, 1, 2, 2, 1, 0, 1, 2, 40]}, null, null, 102, false, [], false, 0, [], null, 0, 1744252922.904636, 0, {}]
[{"0": [3, 2, 2, 5, 3, 2, 2, 1, 0, 0, 1, 34, 1, 1]}, null, null, 103, false, [], false, 0, [], null, 0, 1744252923.0803587, 0, {}]
[{"0": [1, 2, 1, 3, 5, 2, 1, 1, 2, 1, 1, 3, 2, 1]}, null, null, 104, false, [], false, 0, [], null, 0, 1744252923.2501385, 0, {}]
[{"0": [1, 0, 4, 4, 3, 42, 1, 3, 3, 4, 1, 2, 0, 3]}, null, null, 104, false, [], false, 0, [], null, 0, 1744252923.4478836, 0, {}]
[{"0": [1, 5, 0, 1, 0, 2, 0, 2, 3, 2, 0, 0, 0, 36]}, null, null, 105, false, [], false, 0, [], null, 0, 1744252923.6389682, 0, {}]
[{"0": [0, 0, 0, 0, 3, 2, 2, 1, 30, 43, 35, 2, 0, 0]}, null, null, 105, false, [], false, 0, [], null, 0, 1744252923.8181312, 0, {}]
[{"0": [2, 2, 2, 3, 3, 3, 41, 29, 32, 34, 6, 2, 4, 2]}, null, null, 106, false, [], false, 0, [], null, 0, 1744252923.9994032, 0, {}]
[{"0": [2, 3, 5, 4, 3, 2, 1, 2, 1, 37, 43, 1, 3, 2]}, null, null, 107, false, [], false, 0, [], null, 0, 1744252924.1757138, 0, {}]
[{"0": [1, 4, 2, 3, 2, 0, 4, 1, 54, 45, 44, 38, 0, 1]}, null, null, 107, false, [], false, 0, [], null, 0, 1744252924.367004, 0, {}]
[{"0": [0, 3, 2, 1, 0, 1, 1, 0, 3, 29, 36, 48, 4, 0]}, null, null, 108, false, [], false, 0, [], null, 0, 1744252924.5439155, 0, {}]
[{"0": [3, 2, 1, 43, 0, 1, 0, 0, 5, 3, 2, 1, 3, 1]}, null, null, 108, false, [], false, 0, [], null, 0, 1744252924.7196805, 0, {}]
[{"0": [4, 2, 2, 2, 3, 0, 1, 2, 5, 3, 4, 28, 39, 35]}, null, null, 109, false, [], false, 0, [], null, 0, 1744252924.9141273, 0, {}]
[{"0": [0, 4, 2, 0, 46, 32, 31, 4, 2, 0, 2, 1, 2, 3]}, null, null, 110, false, [], false, 0, [], null, 0, 1744252925.1031668, 0, {}]
[{"0": [2, 2, 5, 1, 1, 2, 45, 43, 39, 28, 31, 38, 41, 1]}, null, null, 110, false, [], false, 0, [], null, 0, 1744252925.2785547, 0, {}]
[{"0": [2, 0, 4, 2, 0, 2, 3, 2, 2, 37, 38, 32, 36, 27]}, null, null, 111, false, [], false, 0, [], null, 0, 1744252925.465618, 0, {}]
[{"0": [1, 1, 3, 0, 2, 1, 2, 3, 0, 1, 3, 5, 0, 33]}, null, null, 111, false, [], false, 0, [], null, 0, 1744252925.6451032, 0, {}]
[{"0": [0, 2, 4, 1, 1, 0, 2, 4, 5, 2, 33, 30, 36, 39]}, null, null, 112, false, [], false, 0, [], null, 0, 1744252925.8371048, 0, {}]
[{"0": [1, 2, 2, 4, 2, 1, 44, 32, 37, 36, 41, 2, 1, 1]}, null, null, 113, false, [], false, 0, [], null, 0, 1744252926.014407, 0, {}]
[{"0": [2, 2, 0, 0, 2, 1, 2, 34, 3, 3, 1, 3, 2, 0]}, null, null, 113, false, [], false, 0, [], null, 0, 1744252926.2021189, 0, {}]
[{"0": [0, 2, 3, 4, 4, 0, 1, 0, 1, 2, 0, 2, 0, 44]}, null, null, 114, false, [], false, 0, [], null, 0, 1744252926.3787365, 0, {}]
[{"0": [1, 2, 2, 0, 4, 2, 1, 3, 1, 36, 36, 1, 4, 1]}, null, null, 114, false, [], false, 0, [], null, 0, 1744252926.5697093, 0, {}]
[{"0": [1, 0, 0, 2, 1, 1, 3, 28, 36, 1, 5, 2, 1, 3]}, null, null, 115, false, [], false, 0, [], null, 0, 1744252926.7389984, 0, {}]
[{"0": [5, 3, 4, 2, 0, 2, 1, 1, 2, 2, 2, 1, 2, 42]}, null, null, 116, false, [], false, 0, [], null, 0, 1744252926.9301896, 0, {}]
[{"0": [1, 1, 1, 1, 0, 2, 2, 37, 26, 37, 44, 42, 33, 32]}, null, null, 116, false, [], false, 0, [], null, 0, 1744252927.120065, 0, {}]
[{"0": [1, 1, 1, 3, 3, 1, 2, 2, 1, 1, 2, 1, 2, 2]}, null, null, 117, false, [], false, 0, [], null, 0, 1744252927.2906132, 0, {}]
[{"0": [1, 3, 4, 2, 3, 1, 1, 0, 4, 0, 1, 2, 1, 31]}, null, null, 117, false, [], false, 0, [], null, 0, 1744252927.4792762, 0, {}]
[{"0": [1, 2, 3, 4, 2, 1, 47, 35, 24, 3, 2, 1, 1, 1]}, null, null, 118, false, [], false, 0, [], null, 0, 1744252927.6715465, 0, {}]
[{"0": [3, 2, 28, 29, 32, 41, 38, 52, 37, 2, 2, 2, 3, 3]}, null, null, 119, false, [], false, 0, [], null, 0, 1744252927.852441, 0, {}]
[{"0": [0, 0, 3, 3, 1, 0, 27, 1, 2, 1, 5, 3, 0, 3]}, null, null, 119, false, [], false, 0, [], null, 0, 1744252928.0260165, 0, {}]
[{"0": [0, 0, 4, 1, 3, 0, 1, 4, 3, 2, 1, 33, 40, 36]}, null, null, 120, false, [], false, 0, [], null, 0, 1744252928.212883, 0, {}]
[{"0": [0, 4, 1, 4, 1, 0, 0, 0, 3, 38, 36, 1, 2, 2]}, null, null, 120, false, [], false, 0, [], null, 0, 1744252928.4031255, 0, {}]
[{"0": [3, 2, 3, 1, 3, 3, 1, 4, 1, 2, 2, 2, 3, 1]}, null, null, 121, false, [], false, 0, [], null, 0, 1744252928.5783827, 0, {}]
[{"0": [0, 3, 1, 2, 2, 2, 0, 2, 2, 3, 38, 3, 3, 1]}, null, null, 122, false, [], false, 0, [], null, 0, 1744252928.7493696, 0, {}]
[{"0": [3, 1, 1, 1, 1, 1, 3, 2, 1, 0, 34, 29, 43, 36]}, null, null, 122, false, [], false, 0, [], null, 0, 1744252928.9483166, 0, {}]
[{"0": [2, 4, 2, 3, 1, 3, 3, 0, 3, 38, 33, 38, 30, 2]}, null, null, 123, false, [], false, 0, [], null, 0, 1744252929.1190188, 0, {}]
[{"0": [1, 2, 5, 2, 1, 5, 2, 32, 0, 0, 3, 3, 1, 1]}, null, null, 123, false, [], false, 0, [], null, 0, 1744252929.3121297, 0, {}]
[{"0": [1, 3, 1, 0, 0, 0, 2, 1, 3, 40, 36, 1, 3, 0]}, null, null, 124, false, [], false, 0, [], null, 0, 1744252929.5023167, 0, {}]
[{"0": [3, 2, 1, 4, 1, 4, 2, 1, 3, 33, 34, 25, 38, 35]}, null, null, 125, false, [], false, 0, [], null, 0, 1744252929.6794183, 0, {}]
[{"0": [5, 0, 2, 2, 40, 36, 42, 30, 30, 26, 42, 47, 36, 40]}, null, null, 125, false, [], false, 0, [], null, 0, 1744252929.8684902, 0, {}]
[{"0": [4, 1, 4, 0, 1, 1, 1, 2, 3, 1, 0, 0, 2, 41]}, null, null, 126, false, [], false, 0, [], null, 0, 1744252930.0467582, 0, {}]
[{"0": [1, 3, 1, 5, 3, 3, 1, 40, 33, 42, 30, 41, 38, 26]}, null, null, 127, false, [], false, 0, [], null, 0, 1744252930.2174218, 0, {}]
[{"0": [4, 1, 29, 27, 26, 32, 41, 44, 25, 39, 1, 2, 2, 0]}, null, null, 127, false, [], false, 0, [], null, 0, 1744252930.4090934, 0, {}]
[{"0": [0, 2, 0, 1, 0, 0, 1, 4, 0, 29, 34, 3, 4, 3]}, null, null, 128, false, [], false, 0, [], null, 0, 1744252930.5979424, 0, {}]
[{"0": [7, 0, 2, 1, 1, 0, 1, 35, 32, 25, 29, 34, 35, 39]}, null, null, 128, false, [], false, 0, [], null, 0, 1744252930.7771127, 0, {}]
[{"0": [0, 1, 4, 1, 0, 2, 4, 34, 33, 43, 38, 42, 45, 36]}, null, null, 129, false, [], false, 0, [], null, 0, 1744252930.9704406, 0, {}]
[{"0": [0, 1, 4, 4, 1, 4, 2, 3, 26, 26, 33, 34, 2, 3]}, null, null, 130, false, [], false, 0, [], null, 0, 1744252931.1515064, 0, {}]
[{"0": [3, 2, 3, 0, 1, 3, 1, 32, 34, 0, 0, 1, 0, 0]}, null, null, 130, false, [], false, 0, [], null, 0, 1744252931.331308, 0, {}]
[{"0": [1, 3, 3, 2, 48, 46, 48, 28, 31, 2, 3, 0, 2, 3]}, null, null, 131, false, [], false, 0, [], null, 0, 1744252931.5205963, 0, {}]
[{"0": [2, 2, 2, 0, 3, 3, 2, 1, 2, 2, 2, 2, 36, 37]}, null, null, 131, false, [], false, 0, [], null, 0, 1744252931.6985323, 0, {}]
[{"0": [2, 2, 0, 0, 0, 0, 2, 3, 0, 2, 1, 2, 3, 40]}, null, null, 132, false, [], false, 0, [], null, 0, 1744252931.8709254, 0, {}]
[{"0": [3, 5, 3, 1, 4, 2, 1, 2, 2, 30, 2, 1, 2, 1]}, null, null, 133, false, [], false, 0, [], null, 0, 1744252932.0479774, 0, {}]
[{"0": [5, 3, 4, 2, 0, 3, 0, 4, 1, 1, 5, 2, 2, 44]}, null, null, 133, false, [], false, 0, [], null, 0, 1744252932.2515538, 0, {}]
[{"0": [1, 1, 0, 2, 3, 3, 3, 1, 47, 39, 33, 32, 38, 34]}, null, null, 134, false, [], false, 0, [], null, 0, 1744252932.4369318, 0, {}]
[{"0": [1, 0, 3, 3, 2, 2, 1, 0, 4, 1, 2, 0, 3, 1]}, null, null, 134, false, [], false, 0, [], null, 0, 1744252932.6135538, 0, {}]
[{"0": [1, 0, 26, 44, 2, 2, 3, 0, 3, 5, 2, 1, 1, 3]}, null, null, 135, false, [], false, 0, [], null, 0, 1744252932.7950385, 0, {}]
[{"0": [2, 3, 1, 5, 3, 4, 1, 2, 32, 32, 34, 5, 1, 1]}, null, null, 136, false, [], false, 0, [], null, 0, 1744252932.9825692, 0, {}]
[{"0": [0, 2, 3, 0, 1, 1, 4, 3, 2, 35, 31, 2, 3, 2]}, null, null, 136, false, [], false, 0, [], null, 0, 1744252933.149979, 0, {}]
[{"0": [5, 3, 1, 0, 1, 1, 25, 3, 2, 4, 2, 1, 2, 4]}, null, null, 137, false, [], false, 0, [], null, 0, 1744252933.3468654, 0, {}]
[{"0": [3, 36, 0, 2, 5, 4, 1, 1, 1, 2, 5, 1, 2, 2]}, null, null, 137, false, [], false, 0, [], null, 0, 1744252933.5150068, 0, {}]
[{"0": [4, 1, 1, 2, 0, 4, 1, 1, 3, 3, 2, 25, 27, 1]}, null, null, 138, false, [], false, 0, [], null, 0, 1744252933.711958, 0, {}]
[{"0": [1, 1, 1, 3, 1, 1, 39, 4, 0, 0, 2, 1, 1, 3]}, null, null, 139, false, [], false, 0, [], null, 0, 1744252933.9011986, 0, {}]
[{"0": [1, 4, 3, 2, 3, 1, 2, 2, 41, 1, 0, 3, 2, 6]}, null, null, 139, false, [], false, 0, [], null, 0, 1744252934.0742068, 0, {}]
[{"0": [3, 3, 0, 1, 4, 2, 1, 2, 1, 4, 26, 29, 32, 40]}, null, null, 140, false, [], false, 0, [], null, 0, 1744252934.2686756, 0, {}]
[{"0": [4, 0, 3, 1, 2, 2, 3, 4, 2, 1, 32, 40, 1, 0]}, null, null, 140, false, [], false, 0, [], null, 0, 1744252934.4507327, 0, {}]
[{"0": [3, 2, 0, 4, 3, 2, 1, 1, 26, 31, 1, 1, 4, 1]}, null, null, 141, false, [], false, 0, [], null, 0, 1744252934.626333, 0, {}]
[{"0": [1, 1, 1, 5, 3, 7, 1, 42, 39, 30, 40, 30, 44, 32]}, null, null, 142, false, [], false, 0, [], null, 0, 1744252934.7985096, 0, {}]
[{"0": [0, 2, 4, 0, 2, 2, 3, 1, 1, 1, 2, 32, 31, 1]}, null, null, 142, false, [], false, 0, [], null, 0, 1744252934.982437, 0, {}]
[{"0": [0, 0, 2, 33, 40, 1, 3, 1, 1, 2, 2, 4, 0, 0]}, null, null, 143, false, [], false, 0, [], null, 0, 1744252935.18704, 0, {}]
[{"0": [4, 3, 2, 4, 2, 2, 1, 1, 1, 1, 3, 0, 29, 35]}, null, null, 143, false, [], false, 0, [], null, 0, 1744252935.3693435, 0, {}]
[{"0": [2, 0, 0, 1, 21, 38, 30, 36, 35, 1, 2, 1, 0, 5]}, null, null, 144, false, [], false, 0, [], null, 0, 1744252935.5409377, 0, {}]
[{"0": [4, 2, 1, 0, 2, 3, 0, 1, 2, 2, 5, 4, 1, 29]}, null, null, 145, false, [], false, 0, [], null, 0, 1744252935.7301986, 0, {}]
[{"0": [2, 0, 1, 1, 3, 0, 1, 2, 45, 39, 46, 50, 41, 43]}, null, null, 145, false, [], false, 0, [], null, 0, 1744252935.9187076, 0, {}]
[{"0": [6, 1, 2, 2, 0, 0, 1, 2, 31, 38, 33, 27, 3, 0]}, null, null, 146, false, [], false, 0, [], null, 0, 1744252936.0950496, 0, {}]
[{"0": [3, 5, 34, 46, 2, 2, 3, 0, 2, 1, 1, 2, 7, 4]}, null, null, 146, false, [], false, 0, [], null, 0, 1744252936.2853324, 0, {}]
[{"0": [2, 1, 0, 3, 2, 2, 2, 5, 2, 2, 2, 1, 35, 36]}, null, null, 147, false, [], false, 0, [], null, 0, 1744252936.4631653, 0, {}]
[{"0": [6, 2, 1, 0, 4, 33, 42, 40, 32, 32, 49, 33, 39, 36]}, null, null, 148, false, [], false, 0, [], null, 0, 1744252936.6471612, 0, {}]
[{"0": [1, 3, 1, 2, 2, 5, 2, 2, 3, 2, 1, 35, 34, 25]}, null, null, 148, false, [], false, 0, [], null, 0, 1744252936.8139417, 0, {}]
[{"0": [1, 1, 1, 45, 35, 31, 31, 36, 29, 41, 31, 4, 3, 3]}, null, null, 149, false, [], false, 0, [], null, 0, 1744252936.9977887, 0, {}]
[{"0": [2, 3, 1, 3, 1, 1, 1, 4, 1, 29, 1, 1, 1, 1]}, null, null, 149, false, [], false, 0, [], null, 0, 1744252937.1981032, 0, {}]
[{"0": [2, 0, 3, 4, 1, 2, 3, 2, 2, 1, 1, 0, 2, 35]}, null, null, 150, true, [], false, 0, [], null, 0, 1744252937.373947, 0, {}]
