[{"0": [2, 0, 6, 33, 2, 2, 1, 2, 2, 2, 2, 4, 2, 3]}, null, null, 0, false, [], false, 0, [], null, 0, 1744252111.5739362, 0, {}]
[{"0": [3, 3, 1, 1, 1, 6, 40, 32, 37, 38, 2, 2, 1, 0]}, null, null, 1, false, [], false, 0, [], null, 0, 1744252111.7813234, 0, {}]
[{"0": [0, 1, 2, 31, 50, 45, 41, 54, 8, 0, 2, 1, 0, 3]}, null, null, 1, false, [], false, 0, [], null, 0, 1744252111.9655883, 0, {}]
[{"0": [3, 1, 42, 38, 0, 3, 1, 2, 0, 0, 2, 2, 4, 0]}, null, null, 2, false, [], false, 0, [], null, 0, 1744252112.1553328, 0, {}]
[{"0": [3, 2, 3, 4, 3, 5, 1, 3, 1, 5, 1, 30, 29, 38]}, null, null, 2, false, [], false, 0, [], null, 0, 1744252112.3480492, 0, {}]
[{"0": [2, 1, 4, 1, 2, 46, 28, 30, 2, 2, 5, 1, 1, 0]}, null, null, 3, false, [], false, 0, [], null, 0, 1744252112.532557, 0, {}]
[{"0": [3, 0, 2, 1, 1, 2, 4, 3, 31, 39, 47, 0, 0, 2]}, null, null, 4, false, [], false, 0, [], null, 0, 1744252112.7108028, 0, {}]
[{"0": [1, 3, 1, 2, 27, 36, 28, 47, 0, 2, 4, 3, 2, 4]}, null, null, 4, false, [], false, 0, [], null, 0, 1744252112.8865654, 0, {}]
[{"0": [2, 2, 36, 1, 2, 1, 3, 3, 3, 3, 1, 1, 1, 2]}, null, null, 5, false, [], false, 0, [], null, 0, 1744252113.0806787, 0, {}]
[{"0": [1, 2, 6, 2, 6, 4, 1, 2, 3, 4, 2, 1, 33, 39]}, null, null, 5, false, [], false, 0, [], null, 0, 1744252113.261172, 0, {}]
[{"0": [5, 1, 2, 1, 4, 4, 1, 1, 40, 36, 0, 1, 1, 1]}, null, null, 6, false, [], false, 0, [], null, 0, 1744252113.4483285, 0, {}]
[{"0": [3, 2, 1, 3, 4, 1, 0, 0, 34, 50, 33, 39, 6, 2]}, null, null, 7, false, [], false, 0, [], null, 0, 1744252113.625479, 0, {}]
[{"0": [0, 2, 34, 35, 0, 2, 2, 1, 4, 2, 1, 3, 2, 4]}, null, null, 7, false, [], false, 0, [], null, 0, 1744252113.8093872, 0, {}]
[{"0": [1, 4, 2, 1, 5, 1, 0, 4, 2, 0, 4, 5, 5, 2]}, null, null, 8, false, [], false, 0, [], null, 0, 1744252113.9787402, 0, {}]
[{"0": [0, 0, 34, 1, 4, 3, 0, 1, 2, 3, 3, 1, 1, 1]}, null, null, 8, false, [], false, 0, [], null, 0, 1744252114.1816819, 0, {}]
[{"0": [1, 1, 3, 1, 4, 3, 3, 2, 1, 2, 2, 2, 33, 1]}, null, null, 9, false, [], false, 0, [], null, 0, 1744252114.3633618, 0, {}]
[{"0": [3, 1, 1, 3, 1, 1, 0, 4, 1, 2, 4, 2, 3, 38]}, null, null, 10, false, [], false, 0, [], null, 0, 1744252114.5381382, 0, {}]
[{"0": [2, 2, 2, 3, 2, 5, 2, 1, 45, 3, 2, 2, 2, 2]}, null, null, 10, false, [], false, 0, [], null, 0, 1744252114.7231615, 0, {}]
[{"0": [2, 2, 4, 1, 0, 1, 2, 1, 43, 31, 42, 41, 43, 40]}, null, null, 11, false, [], false, 0, [], null, 0, 1744252114.910284, 0, {}]
[{"0": [2, 2, 4, 2, 2, 0, 1, 1, 2, 1, 1, 44, 31, 52]}, null, null, 11, false, [], false, 0, [], null, 0, 1744252115.0965486, 0, {}]
[{"0": [2, 1, 2, 27, 5, 2, 3, 2, 1, 1, 1, 4, 1, 1]}, null, null, 12, false, [], false, 0, [], null, 0, 1744252115.2685323, 0, {}]
[{"0": [4, 1, 2, 4, 2, 0, 3, 4, 3, 3, 1, 3, 1, 41]}, null, null, 13, false, [], false, 0, [], null, 0, 1744252115.46416, 0, {}]
[{"0": [2, 3, 2, 1, 3, 4, 2, 2, 1, 4, 1, 36, 3, 2]}, null, null, 13, false, [], false, 0, [], null, 0, 1744252115.640942, 0, {}]
[{"0": [3, 6, 1, 1, 30, 32, 42, 41, 41, 2, 2, 1, 2, 2]}, null, null, 14, false, [], false, 0, [], null, 0, 1744252115.8312285, 0, {}]
[{"0": [2, 2, 1, 1, 39, 39, 32, 33, 0, 2, 0, 3, 0, 1]}, null, null, 14, false, [], false, 0, [], null, 0, 1744252116.0133002, 0, {}]
[{"0": [3, 3, 0, 2, 48, 37, 35, 38, 27, 38, 27, 47, 48, 5]}, null, null, 15, false, [], false, 0, [], null, 0, 1744252116.1888459, 0, {}]
[{"0": [0, 3, 1, 0, 2, 1, 5, 4, 3, 2, 3, 3, 3, 36]}, null, null, 16, false, [], false, 0, [], null, 0, 1744252116.3689587, 0, {}]
[{"0": [1, 2, 4, 3, 2, 54, 40, 39, 40, 4, 3, 2, 5, 0]}, null, null, 16, false, [], false, 0, [], null, 0, 1744252116.5451393, 0, {}]
[{"0": [2, 1, 3, 2, 4, 0, 2, 2, 3, 0, 2, 39, 3, 1]}, null, null, 17, false, [], false, 0, [], null, 0, 1744252116.7353594, 0, {}]
[{"0": [4, 0, 3, 2, 1, 4, 3, 1, 1, 1, 3, 39, 37, 30]}, null, null, 17, false, [], false, 0, [], null, 0, 1744252116.9253206, 0, {}]
[{"0": [1, 2, 2, 1, 3, 1, 2, 2, 0, 1, 2, 3, 4, 35]}, null, null, 18, false, [], false, 0, [], null, 0, 1744252117.105955, 0, {}]
[{"0": [4, 2, 0, 5, 1, 3, 5, 2, 42, 4, 4, 1, 2, 4]}, null, null, 19, false, [], false, 0, [], null, 0, 1744252117.2961628, 0, {}]
[{"0": [3, 3, 6, 2, 4, 1, 2, 1, 2, 3, 0, 3, 31, 2]}, null, null, 19, false, [], false, 0, [], null, 0, 1744252117.4652514, 0, {}]
[{"0": [2, 3, 1, 1, 2, 4, 39, 33, 30, 43, 32, 1, 1, 3]}, null, null, 20, false, [], false, 0, [], null, 0, 1744252117.6551182, 0, {}]
[{"0": [3, 0, 3, 0, 0, 0, 2, 4, 2, 2, 2, 2, 1, 45]}, null, null, 20, false, [], false, 0, [], null, 0, 1744252117.849969, 0, {}]
[{"0": [3, 2, 1, 2, 0, 3, 3, 39, 36, 31, 35, 33, 2, 2]}, null, null, 21, false, [], false, 0, [], null, 0, 1744252118.0197418, 0, {}]
[{"0": [35, 2, 3, 0, 2, 2, 0, 1, 0, 1, 0, 4, 2, 3]}, null, null, 22, false, [], false, 0, [], null, 0, 1744252118.2115033, 0, {}]
[{"0": [4, 2, 2, 4, 1, 3, 2, 4, 4, 3, 1, 30, 40, 34]}, null, null, 22, false, [], false, 0, [], null, 0, 1744252118.3885865, 0, {}]
[{"0": [2, 3, 2, 4, 4, 2, 4, 32, 36, 39, 32, 1, 1, 3]}, null, null, 23, false, [], false, 0, [], null, 0, 1744252118.570959, 0, {}]
[{"0": [5, 0, 41, 35, 0, 1, 2, 3, 2, 2, 0, 1, 2, 2]}, null, null, 23, false, [], false, 0, [], null, 0, 1744252118.755404, 0, {}]
[{"0": [1, 2, 2, 3, 36, 44, 32, 29, 47, 2, 3, 1, 1, 1]}, null, null, 24, false, [], false, 0, [], null, 0, 1744252118.9321404, 0, {}]
[{"0": [3, 1, 0, 4, 1, 1, 2, 50, 4, 2, 1, 3, 2, 2]}, null, null, 25, false, [], false, 0, [], null, 0, 1744252119.1285946, 0, {}]
[{"0": [1, 3, 2, 0, 2, 2, 1, 2, 1, 2, 6, 26, 34, 37]}, null, null, 25, false, [], false, 0, [], null, 0, 1744252119.3027415, 0, {}]
[{"0": [2, 4, 0, 1, 4, 4, 43, 38, 36, 44, 4, 0, 1, 1]}, null, null, 26, false, [], false, 0, [], null, 0, 1744252119.4986863, 0, {}]
[{"0": [0, 1, 2, 42, 46, 3, 0, 2, 1, 1, 3, 1, 1, 1]}, null, null, 27, false, [], false, 0, [], null, 0, 1744252119.6683955, 0, {}]
[{"0": [2, 1, 3, 2, 2, 1, 2, 2, 5, 5, 0, 0, 2, 39]}, null, null, 27, false, [], false, 0, [], null, 0, 1744252119.8584402, 0, {}]
[{"0": [1, 2, 1, 40, 27, 1, 3, 2, 3, 1, 0, 0, 1, 0]}, null, null, 28, false, [], false, 0, [], null, 0, 1744252120.0423946, 0, {}]
[{"0": [2, 1, 5, 3, 2, 0, 3, 0, 2, 38, 39, 5, 3, 2]}, null, null, 28, false, [], false, 0, [], null, 0, 1744252120.2256134, 0, {}]
[{"0": [0, 2, 2, 3, 1, 2, 6, 1, 43, 31, 27, 26, 39, 0]}, null, null, 29, false, [], false, 0, [], null, 0, 1744252120.4045553, 0, {}]
[{"0": [2, 2, 5, 1, 3, 1, 1, 0, 2, 3, 47, 37, 26, 32]}, null, null, 30, false, [], false, 0, [], null, 0, 1744252120.5975785, 0, {}]
[{"0": [2, 1, 3, 0, 1, 2, 1, 3, 1, 29, 3, 2, 2, 2]}, null, null, 30, false, [], false, 0, [], null, 0, 1744252120.78245, 0, {}]
[{"0": [2, 1, 3, 1, 2, 0, 48, 37, 50, 24, 43, 32, 33, 52]}, null, null, 31, false, [], false, 0, [], null, 0, 1744252120.9527204, 0, {}]
[{"0": [3, 3, 20, 35, 29, 33, 46, 37, 49, 32, 42, 34, 30, 34]}, null, null, 31, false, [], false, 0, [], null, 0, 1744252121.1454542, 0, {}]
[{"0": [1, 3, 29, 26, 45, 4, 1, 3, 0, 1, 0, 1, 2, 1]}, null, null, 32, false, [], false, 0, [], null, 0, 1744252121.3173764, 0, {}]
[{"0": [2, 2, 1, 1, 1, 6, 2, 1, 4, 1, 55, 39, 39, 52]}, null, null, 33, false, [], false, 0, [], null, 0, 1744252121.5105653, 0, {}]
[{"0": [0, 1, 4, 1, 3, 45, 0, 7, 1, 0, 0, 2, 2, 2]}, null, null, 33, false, [], false, 0, [], null, 0, 1744252121.6932755, 0, {}]
[{"0": [0, 1, 1, 3, 2, 3, 1, 0, 31, 1, 2, 4, 0, 1]}, null, null, 34, false, [], false, 0, [], null, 0, 1744252121.8623173, 0, {}]
[{"0": [2, 1, 2, 3, 1, 1, 1, 1, 1, 2, 46, 39, 39, 44]}, null, null, 34, false, [], false, 0, [], null, 0, 1744252122.0431406, 0, {}]
[{"0": [3, 3, 2, 5, 0, 1, 2, 0, 2, 3, 1, 1, 1, 3]}, null, null, 35, false, [], false, 0, [], null, 0, 1744252122.2291224, 0, {}]
[{"0": [0, 2, 49, 40, 3, 2, 3, 1, 4, 3, 5, 2, 2, 4]}, null, null, 36, false, [], false, 0, [], null, 0, 1744252122.4196444, 0, {}]
[{"0": [1, 0, 1, 3, 1, 1, 1, 2, 4, 1, 1, 8, 1, 44]}, null, null, 36, false, [], false, 0, [], null, 0, 1744252122.5980833, 0, {}]
[{"0": [3, 2, 5, 2, 3, 2, 3, 6, 31, 32, 35, 2, 2, 3]}, null, null, 37, false, [], false, 0, [], null, 0, 1744252122.787267, 0, {}]
[{"0": [2, 1, 3, 2, 1, 2, 3, 1, 44, 35, 35, 33, 41, 30]}, null, null, 37, false, [], false, 0, [], null, 0, 1744252122.9788873, 0, {}]
[{"0": [2, 6, 40, 51, 42, 33, 41, 2, 3, 2, 0, 1, 4, 2]}, null, null, 38, false, [], false, 0, [], null, 0, 1744252123.1554632, 0, {}]
[{"0": [6, 0, 44, 49, 2, 0, 2, 3, 0, 4, 4, 1, 3, 0]}, null, null, 39, false, [], false, 0, [], null, 0, 1744252123.327776, 0, {}]
[{"0": [3, 0, 36, 1, 3, 1, 4, 3, 3, 5, 2, 3, 1, 3]}, null, null, 39, false, [], false, 0, [], null, 0, 1744252123.5308855, 0, {}]
[{"0": [1, 1, 3, 2, 1, 3, 0, 0, 2, 5, 2, 2, 3, 40]}, null, null, 40, false, [], false, 0, [], null, 0, 1744252123.707748, 0, {}]
[{"0": [1, 46, 3, 0, 2, 1, 2, 4, 1, 1, 37, 37, 32, 41]}, null, null, 40, false, [], false, 0, [], null, 0, 1744252123.8842356, 0, {}]
[{"0": [1, 4, 0, 2, 1, 26, 4, 2, 0, 2, 1, 3, 1, 0]}, null, null, 41, false, [], false, 0, [], null, 0, 1744252124.064258, 0, {}]
[{"0": [3, 2, 4, 1, 1, 0, 5, 0, 4, 2, 2, 40, 41, 31]}, null, null, 42, false, [], false, 0, [], null, 0, 1744252124.2591598, 0, {}]
[{"0": [34, 26, 38, 0, 3, 5, 2, 1, 2, 2, 1, 2, 5, 0]}, null, null, 42, false, [], false, 0, [], null, 0, 1744252124.447821, 0, {}]
[{"0": [3, 0, 2, 2, 0, 1, 3, 1, 2, 1, 1, 2, 2, 46]}, null, null, 43, false, [], false, 0, [], null, 0, 1744252124.6334085, 0, {}]
[{"0": [2, 3, 3, 2, 3, 43, 46, 42, 31, 2, 1, 3, 1, 1]}, null, null, 43, false, [], false, 0, [], null, 0, 1744252124.8117952, 0, {}]
[{"0": [2, 4, 1, 2, 2, 0, 3, 3, 43, 35, 36, 26, 39, 33]}, null, null, 44, false, [], false, 0, [], null, 0, 1744252124.989835, 0, {}]
[{"0": [3, 2, 2, 2, 2, 3, 39, 47, 30, 34, 39, 36, 34, 33]}, null, null, 45, false, [], false, 0, [], null, 0, 1744252125.1643, 0, {}]
[{"0": [2, 3, 3, 3, 1, 3, 1, 1, 39, 36, 35, 31, 48, 1]}, null, null, 45, false, [], false, 0, [], null, 0, 1744252125.36177, 0, {}]
[{"0": [2, 2, 3, 3, 41, 39, 38, 44, 1, 3, 3, 2, 3, 2]}, null, null, 46, false, [], false, 0, [], null, 0, 1744252125.5503309, 0, {}]
[{"0": [2, 6, 1, 4, 1, 31, 2, 0, 1, 1, 1, 2, 6, 4]}, null, null, 46, false, [], false, 0, [], null, 0, 1744252125.7306838, 0, {}]
[{"0": [1, 1, 0, 2, 2, 0, 3, 44, 37, 2, 1, 0, 0, 3]}, null, null, 47, false, [], false, 0, [], null, 0, 1744252125.9092278, 0, {}]
[{"0": [0, 3, 1, 2, 2, 40, 1, 1, 3, 3, 3, 3, 1, 1]}, null, null, 48, false, [], false, 0, [], null, 0, 1744252126.0921152, 0, {}]
[{"0": [2, 0, 2, 8, 5, 0, 2, 1, 2, 0, 4, 40, 47, 1]}, null, null, 48, false, [], false, 0, [], null, 0, 1744252126.262605, 0, {}]
[{"0": [48, 33, 39, 34, 0, 1, 4, 0, 1, 4, 5, 1, 4, 2]}, null, null, 49, false, [], false, 0, [], null, 0, 1744252126.4600344, 0, {}]
[{"0": [3, 1, 0, 2, 1, 5, 0, 3, 1, 2, 2, 53, 30, 47]}, null, null, 49, false, [], false, 0, [], null, 0, 1744252126.6407757, 0, {}]
[{"0": [5, 0, 1, 1, 2, 3, 5, 0, 34, 30, 37, 1, 3, 2]}, null, null, 50, false, [], false, 0, [], null, 0, 1744252126.8232405, 0, {}]
[{"0": [0, 4, 0, 2, 2, 1, 45, 2, 2, 2, 1, 0, 2, 3]}, null, null, 51, false, [], false, 0, [], null, 0, 1744252126.99528, 0, {}]
[{"0": [3, 2, 2, 1, 0, 4, 3, 1, 2, 2, 4, 2, 1, 38]}, null, null, 51, false, [], false, 0, [], null, 0, 1744252127.195872, 0, {}]
[{"0": [4, 1, 0, 3, 1, 1, 0, 3, 0, 4, 1, 4, 39, 37]}, null, null, 52, false, [], false, 0, [], null, 0, 1744252127.367209, 0, {}]
[{"0": [0, 1, 3, 0, 3, 33, 53, 45, 24, 35, 2, 1, 1, 1]}, null, null, 52, false, [], false, 0, [], null, 0, 1744252127.5608506, 0, {}]
[{"0": [1, 1, 46, 33, 46, 3, 1, 1, 2, 2, 2, 0, 3, 1]}, null, null, 53, false, [], false, 0, [], null, 0, 1744252127.7352211, 0, {}]
[{"0": [2, 0, 2, 0, 3, 3, 2, 34, 31, 5, 0, 5, 4, 4]}, null, null, 54, false, [], false, 0, [], null, 0, 1744252127.9311728, 0, {}]
[{"0": [34, 2, 2, 5, 4, 2, 2, 3, 3, 1, 4, 4, 3, 2]}, null, null, 54, false, [], false, 0, [], null, 0, 1744252128.114203, 0, {}]
[{"0": [1, 2, 2, 3, 2, 3, 4, 1, 38, 37, 42, 2, 3, 4]}, null, null, 55, false, [], false, 0, [], null, 0, 1744252128.2918618, 0, {}]
[{"0": [3, 2, 2, 1, 4, 1, 2, 3, 3, 2, 0, 1, 3, 43]}, null, null, 55, false, [], false, 0, [], null, 0, 1744252128.46103, 0, {}]
[{"0": [2, 2, 1, 0, 2, 4, 0, 2, 1, 2, 3, 3, 0, 41]}, null, null, 56, false, [], false, 0, [], null, 0, 1744252128.661387, 0, {}]
[{"0": [4, 0, 4, 1, 1, 1, 2, 2, 3, 3, 2, 32, 1, 2]}, null, null, 57, false, [], false, 0, [], null, 0, 1744252128.8429854, 0, {}]
[{"0": [2, 2, 1, 1, 1, 0, 2, 4, 1, 1, 2, 0, 4, 44]}, null, null, 57, false, [], false, 0, [], null, 0, 1744252129.028625, 0, {}]
[{"0": [2, 1, 1, 4, 0, 2, 3, 1, 33, 37, 47, 33, 42, 30]}, null, null, 58, false, [], false, 0, [], null, 0, 1744252129.211612, 0, {}]
[{"0": [1, 0, 0, 2, 3, 1, 3, 3, 41, 41, 40, 34, 43, 0]}, null, null, 58, false, [], false, 0, [], null, 0, 1744252129.3944674, 0, {}]
[{"0": [2, 1, 5, 4, 33, 33, 34, 32, 35, 38, 2, 2, 2, 0]}, null, null, 59, false, [], false, 0, [], null, 0, 1744252129.5693612, 0, {}]
[{"0": [4, 3, 3, 4, 1, 2, 2, 2, 3, 4, 4, 39, 34, 43]}, null, null, 60, false, [], false, 0, [], null, 0, 1744252129.7459612, 0, {}]
[{"0": [1, 3, 41, 42, 3, 2, 1, 2, 2, 2, 3, 2, 2, 2]}, null, null, 60, false, [], false, 0, [], null, 0, 1744252129.9409397, 0, {}]
[{"0": [1, 2, 1, 1, 42, 38, 32, 36, 44, 36, 1, 3, 3, 0]}, null, null, 61, false, [], false, 0, [], null, 0, 1744252130.126203, 0, {}]
[{"0": [2, 1, 1, 39, 39, 4, 1, 1, 2, 0, 3, 2, 1, 2]}, null, null, 61, false, [], false, 0, [], null, 0, 1744252130.30645, 0, {}]
[{"0": [1, 1, 1, 1, 1, 2, 2, 5, 0, 35, 49, 3, 0, 3]}, null, null, 62, false, [], false, 0, [], null, 0, 1744252130.480677, 0, {}]
[{"0": [2, 1, 27, 35, 39, 47, 7, 2, 1, 1, 3, 3, 5, 3]}, null, null, 63, false, [], false, 0, [], null, 0, 1744252130.665511, 0, {}]
[{"0": [1, 1, 1, 2, 1, 1, 2, 4, 4, 1, 2, 37, 28, 39]}, null, null, 63, false, [], false, 0, [], null, 0, 1744252130.8633595, 0, {}]
[{"0": [2, 3, 1, 1, 1, 4, 2, 0, 3, 2, 0, 44, 5, 3]}, null, null, 64, false, [], false, 0, [], null, 0, 1744252131.0375552, 0, {}]
[{"0": [0, 1, 2, 4, 2, 1, 36, 35, 2, 1, 1, 1, 5, 1]}, null, null, 64, false, [], false, 0, [], null, 0, 1744252131.232202, 0, {}]
[{"0": [2, 2, 4, 40, 50, 2, 3, 1, 2, 0, 2, 4, 1, 0]}, null, null, 65, false, [], false, 0, [], null, 0, 1744252131.4130352, 0, {}]
[{"0": [0, 2, 0, 2, 2, 4, 37, 45, 38, 33, 37, 45, 37, 40]}, null, null, 66, false, [], false, 0, [], null, 0, 1744252131.5964084, 0, {}]
[{"0": [3, 2, 2, 5, 2, 1, 33, 36, 33, 36, 2, 1, 1, 1]}, null, null, 66, false, [], false, 0, [], null, 0, 1744252131.7703388, 0, {}]
[{"0": [2, 1, 1, 3, 4, 1, 50, 45, 36, 51, 34, 44, 19, 35]}, null, null, 67, false, [], false, 0, [], null, 0, 1744252131.9585745, 0, {}]
[{"0": [3, 2, 1, 2, 4, 3, 4, 36, 28, 2, 2, 4, 3, 2]}, null, null, 67, false, [], false, 0, [], null, 0, 1744252132.1540554, 0, {}]
[{"0": [2, 2, 2, 5, 1, 1, 1, 3, 2, 1, 2, 2, 4, 1]}, null, null, 68, false, [], false, 0, [], null, 0, 1744252132.3235867, 0, {}]
[{"0": [3, 0, 49, 33, 48, 38, 0, 0, 1, 2, 4, 4, 0, 3]}, null, null, 69, false, [], false, 0, [], null, 0, 1744252132.5021658, 0, {}]
[{"0": [1, 3, 41, 39, 34, 33, 32, 41, 50, 3, 1, 2, 3, 2]}, null, null, 69, false, [], false, 0, [], null, 0, 1744252132.6800902, 0, {}]
[{"0": [0, 3, 6, 4, 0, 0, 1, 3, 3, 1, 2, 0, 5, 39]}, null, null, 70, false, [], false, 0, [], null, 0, 1744252132.8650422, 0, {}]
[{"0": [2, 3, 46, 37, 2, 1, 3, 0, 1, 3, 6, 3, 0, 2]}, null, null, 70, false, [], false, 0, [], null, 0, 1744252133.0602217, 0, {}]
[{"0": [1, 2, 3, 1, 3, 4, 4, 2, 33, 36, 34, 23, 35, 0]}, null, null, 71, false, [], false, 0, [], null, 0, 1744252133.2475939, 0, {}]
[{"0": [2, 1, 4, 1, 2, 1, 33, 36, 1, 3, 0, 2, 0, 0]}, null, null, 72, false, [], false, 0, [], null, 0, 1744252133.4315488, 0, {}]
[{"0": [2, 3, 1, 2, 4, 40, 37, 36, 45, 3, 3, 4, 4, 2]}, null, null, 72, false, [], false, 0, [], null, 0, 1744252133.621464, 0, {}]
[{"0": [6, 4, 41, 35, 42, 37, 1, 0, 0, 4, 1, 2, 0, 0]}, null, null, 73, false, [], false, 0, [], null, 0, 1744252133.7759175, 0, {}]
[{"0": [2, 4, 3, 1, 2, 0, 3, 0, 3, 2, 1, 34, 36, 26]}, null, null, 73, false, [], false, 0, [], null, 0, 1744252133.9723823, 0, {}]
[{"0": [1, 2, 5, 2, 1, 3, 6, 6, 1, 43, 36, 43, 36, 36]}, null, null, 74, false, [], false, 0, [], null, 0, 1744252134.1631572, 0, {}]
[{"0": [1, 1, 52, 45, 33, 26, 33, 30, 45, 39, 1, 1, 1, 2]}, null, null, 75, false, [], false, 0, [], null, 0, 1744252134.345111, 0, {}]
[{"0": [4, 2, 2, 5, 4, 5, 2, 39, 40, 34, 34, 4, 3, 1]}, null, null, 75, false, [], false, 0, [], null, 0, 1744252134.5189934, 0, {}]
[{"0": [2, 2, 4, 2, 2, 3, 45, 37, 1, 4, 1, 0, 2, 3]}, null, null, 76, false, [], false, 0, [], null, 0, 1744252134.702347, 0, {}]
[{"0": [4, 3, 1, 1, 1, 2, 35, 3, 0, 3, 2, 4, 3, 2]}, null, null, 77, false, [], false, 0, [], null, 0, 1744252134.8790352, 0, {}]
[{"0": [1, 0, 2, 3, 4, 4, 1, 3, 0, 0, 1, 32, 39, 40]}, null, null, 77, false, [], false, 0, [], null, 0, 1744252135.068051, 0, {}]
[{"0": [8, 2, 2, 0, 0, 3, 0, 2, 1, 1, 4, 2, 3, 43]}, null, null, 78, false, [], false, 0, [], null, 0, 1744252135.2435143, 0, {}]
[{"0": [1, 2, 2, 2, 4, 37, 31, 4, 2, 2, 2, 2, 1, 2]}, null, null, 78, false, [], false, 0, [], null, 0, 1744252135.444281, 0, {}]
[{"0": [1, 1, 33, 1, 1, 4, 0, 0, 0, 0, 1, 2, 2, 3]}, null, null, 79, false, [], false, 0, [], null, 0, 1744252135.622042, 0, {}]
[{"0": [6, 1, 3, 1, 2, 1, 4, 0, 2, 1, 32, 28, 30, 35]}, null, null, 80, false, [], false, 0, [], null, 0, 1744252135.7928607, 0, {}]
[{"0": [2, 2, 2, 2, 0, 1, 0, 2, 1, 4, 0, 1, 2, 35]}, null, null, 80, false, [], false, 0, [], null, 0, 1744252135.9919474, 0, {}]
[{"0": [0, 1, 0, 1, 43, 37, 41, 49, 40, 37, 34, 35, 33, 38]}, null, null, 81, false, [], false, 0, [], null, 0, 1744252136.163751, 0, {}]
[{"0": [3, 3, 0, 0, 2, 0, 1, 4, 48, 41, 35, 37, 38, 39]}, null, null, 81, false, [], false, 0, [], null, 0, 1744252136.368303, 0, {}]
[{"0": [0, 2, 2, 4, 1, 39, 33, 43, 33, 43, 41, 5, 2, 1]}, null, null, 82, false, [], false, 0, [], null, 0, 1744252136.5316017, 0, {}]
[{"0": [4, 2, 0, 3, 1, 1, 0, 1, 1, 1, 3, 37, 37, 33]}, null, null, 83, false, [], false, 0, [], null, 0, 1744252136.724512, 0, {}]
[{"0": [3, 1, 1, 4, 2, 4, 2, 3, 1, 0, 4, 46, 40, 43]}, null, null, 83, false, [], false, 0, [], null, 0, 1744252136.9102535, 0, {}]
[{"0": [4, 0, 1, 0, 2, 0, 1, 2, 2, 1, 2, 2, 35, 35]}, null, null, 84, false, [], false, 0, [], null, 0, 1744252137.0977566, 0, {}]
[{"0": [0, 8, 39, 39, 38, 46, 32, 3, 5, 2, 0, 3, 2, 1]}, null, null, 84, false, [], false, 0, [], null, 0, 1744252137.2766042, 0, {}]
[{"0": [2, 3, 4, 1, 0, 2, 2, 45, 45, 30, 40, 31, 1, 0]}, null, null, 85, false, [], false, 0, [], null, 0, 1744252137.4446783, 0, {}]
[{"0": [2, 1, 5, 2, 0, 1, 1, 2, 2, 2, 2, 3, 0, 46]}, null, null, 86, false, [], false, 0, [], null, 0, 1744252137.643098, 0, {}]
[{"0": [1, 2, 4, 2, 35, 49, 37, 3, 1, 3, 1, 3, 2, 3]}, null, null, 86, false, [], false, 0, [], null, 0, 1744252137.8294535, 0, {}]
[{"0": [1, 2, 3, 2, 3, 5, 2, 49, 35, 30, 25, 46, 36, 5]}, null, null, 87, false, [], false, 0, [], null, 0, 1744252138.0047724, 0, {}]
[{"0": [1, 4, 0, 3, 4, 2, 48, 39, 34, 37, 36, 39, 4, 0]}, null, null, 87, false, [], false, 0, [], null, 0, 1744252138.1773503, 0, {}]
[{"0": [3, 1, 34, 44, 40, 43, 31, 28, 43, 1, 2, 2, 1, 3]}, null, null, 88, false, [], false, 0, [], null, 0, 1744252138.3787515, 0, {}]
[{"0": [2, 0, 2, 2, 2, 2, 1, 2, 0, 3, 36, 1, 3, 1]}, null, null, 89, false, [], false, 0, [], null, 0, 1744252138.540596, 0, {}]
[{"0": [1, 1, 33, 43, 40, 45, 2, 4, 1, 3, 3, 3, 4, 2]}, null, null, 89, false, [], false, 0, [], null, 0, 1744252138.7381651, 0, {}]
[{"0": [4, 3, 31, 2, 2, 1, 0, 1, 3, 0, 2, 3, 3, 1]}, null, null, 90, false, [], false, 0, [], null, 0, 1744252138.9272594, 0, {}]
[{"0": [6, 1, 3, 4, 3, 45, 4, 1, 0, 2, 0, 1, 0, 4]}, null, null, 90, false, [], false, 0, [], null, 0, 1744252139.1016338, 0, {}]
[{"0": [2, 1, 3, 3, 1, 5, 2, 2, 3, 1, 4, 39, 1, 1]}, null, null, 91, false, [], false, 0, [], null, 0, 1744252139.2946503, 0, {}]
[{"0": [2, 1, 1, 1, 2, 4, 2, 5, 3, 3, 1, 28, 35, 23]}, null, null, 92, false, [], false, 0, [], null, 0, 1744252139.4662323, 0, {}]
[{"0": [2, 2, 3, 3, 1, 4, 2, 4, 37, 38, 31, 39, 36, 45]}, null, null, 92, false, [], false, 0, [], null, 0, 1744252139.6539645, 0, {}]
[{"0": [1, 0, 1, 2, 42, 39, 38, 41, 2, 3, 3, 4, 3, 1]}, null, null, 93, false, [], false, 0, [], null, 0, 1744252139.8475747, 0, {}]
[{"0": [4, 2, 0, 6, 3, 1, 4, 4, 2, 49, 41, 4, 0, 2]}, null, null, 93, false, [], false, 0, [], null, 0, 1744252140.0255132, 0, {}]
[{"0": [4, 4, 1, 4, 3, 1, 2, 3, 3, 2, 1, 5, 39, 43]}, null, null, 94, false, [], false, 0, [], null, 0, 1744252140.2073588, 0, {}]
[{"0": [2, 2, 2, 1, 1, 3, 2, 1, 1, 3, 2, 33, 35, 1]}, null, null, 95, false, [], false, 0, [], null, 0, 1744252140.3964872, 0, {}]
[{"0": [1, 42, 39, 47, 43, 3, 3, 2, 2, 2, 2, 2, 1, 2]}, null, null, 95, false, [], false, 0, [], null, 0, 1744252140.5588489, 0, {}]
[{"0": [3, 2, 7, 1, 2, 3, 1, 4, 3, 1, 39, 43, 41, 51]}, null, null, 96, false, [], false, 0, [], null, 0, 1744252140.7413125, 0, {}]
[{"0": [3, 3, 1, 1, 5, 2, 3, 1, 2, 0, 3, 1, 3, 1]}, null, null, 96, false, [], false, 0, [], null, 0, 1744252140.9242713, 0, {}]
[{"0": [6, 2, 1, 2, 3, 2, 4, 3, 0, 2, 0, 40, 35, 1]}, null, null, 97, false, [], false, 0, [], null, 0, 1744252141.1274824, 0, {}]
[{"0": [1, 0, 1, 37, 0, 3, 5, 3, 1, 2, 0, 3, 1, 4]}, null, null, 98, false, [], false, 0, [], null, 0, 1744252141.3039143, 0, {}]
[{"0": [1, 44, 49, 36, 48, 2, 2, 0, 2, 3, 2, 3, 4, 2]}, null, null, 98, false, [], false, 0, [], null, 0, 1744252141.477831, 0, {}]
[{"0": [1, 2, 3, 3, 2, 1, 1, 43, 38, 3, 4, 5, 4, 4]}, null, null, 99, false, [], false, 0, [], null, 0, 1744252141.6573775, 0, {}]
[{"0": [2, 1, 2, 1, 36, 35, 1, 6, 2, 3, 3, 1, 2, 0]}, null, null, 99, false, [], false, 0, [], null, 0, 1744252141.8419464, 0, {}]
[{"0": [2, 1, 4, 1, 3, 3, 0, 3, 2, 2, 4, 2, 37, 2]}, null, null, 100, false, [], false, 0, [], null, 0, 1744252142.0445716, 0, {}]
[{"0": [5, 3, 2, 1, 0, 34, 42, 1, 4, 1, 0, 0, 4, 3]}, null, null, 101, false, [], false, 0, [], null, 0, 1744252142.2209594, 0, {}]
[{"0": [0, 2, 4, 1, 4, 3, 4, 1, 3, 3, 2, 2, 3, 0]}, null, null, 101, false, [], false, 0, [], null, 0, 1744252142.40758, 0, {}]
[{"0": [2, 3, 1, 3, 2, 2, 1, 2, 4, 1, 36, 37, 44, 47]}, null, null, 102, false, [], false, 0, [], null, 0, 1744252142.5848525, 0, {}]
[{"0": [3, 2, 3, 1, 2, 3, 2, 29, 37, 34, 40, 28, 32, 41]}, null, null, 102, false, [], false, 0, [], null, 0, 1744252142.7657304, 0, {}]
[{"0": [2, 2, 3, 3, 2, 0, 1, 3, 1, 1, 2, 38, 37, 43]}, null, null, 103, false, [], false, 0, [], null, 0, 1744252142.942174, 0, {}]
[{"0": [1, 0, 33, 45, 46, 2, 0, 0, 3, 1, 3, 4, 3, 1]}, null, null, 104, false, [], false, 0, [], null, 0, 1744252143.1454635, 0, {}]
[{"0": [0, 2, 1, 2, 1, 1, 1, 3, 3, 2, 32, 1, 2, 3]}, null, null, 104, false, [], false, 0, [], null, 0, 1744252143.3237758, 0, {}]
[{"0": [4, 2, 0, 0, 42, 0, 1, 2, 0, 2, 3, 1, 4, 3]}, null, null, 105, false, [], false, 0, [], null, 0, 1744252143.5033503, 0, {}]
[{"0": [4, 1, 1, 1, 3, 1, 1, 4, 3, 4, 5, 40, 0, 1]}, null, null, 105, false, [], false, 0, [], null, 0, 1744252143.689179, 0, {}]
[{"0": [6, 1, 1, 2, 1, 2, 3, 3, 7, 39, 40, 42, 1, 6]}, null, null, 106, false, [], false, 0, [], null, 0, 1744252143.8638847, 0, {}]
[{"0": [5, 1, 3, 1, 1, 4, 2, 2, 0, 1, 3, 3, 1, 3]}, null, null, 107, false, [], false, 0, [], null, 0, 1744252144.0590613, 0, {}]
[{"0": [0, 2, 37, 41, 1, 2, 2, 2, 0, 0, 1, 2, 3, 6]}, null, null, 107, false, [], false, 0, [], null, 0, 1744252144.2318041, 0, {}]
[{"0": [1, 2, 1, 1, 4, 2, 1, 49, 40, 42, 39, 2, 2, 5]}, null, null, 108, false, [], false, 0, [], null, 0, 1744252144.4219322, 0, {}]
[{"0": [6, 2, 1, 1, 3, 4, 4, 1, 2, 2, 2, 37, 36, 45]}, null, null, 108, false, [], false, 0, [], null, 0, 1744252144.6113808, 0, {}]
[{"0": [2, 0, 2, 4, 2, 2, 0, 3, 5, 40, 32, 46, 32, 38]}, null, null, 109, false, [], false, 0, [], null, 0, 1744252144.788963, 0, {}]
[{"0": [0, 3, 28, 3, 0, 2, 3, 1, 0, 2, 2, 1, 2, 1]}, null, null, 110, false, [], false, 0, [], null, 0, 1744252144.9703827, 0, {}]
[{"0": [1, 1, 35, 0, 2, 2, 1, 2, 2, 2, 4, 2, 1, 4]}, null, null, 110, false, [], false, 0, [], null, 0, 1744252145.1579382, 0, {}]
[{"0": [1, 1, 0, 2, 2, 1, 0, 1, 3, 4, 40, 34, 4, 1]}, null, null, 111, false, [], false, 0, [], null, 0, 1744252145.3345804, 0, {}]
[{"0": [2, 1, 2, 4, 3, 2, 3, 2, 2, 2, 1, 33, 36, 48]}, null, null, 111, false, [], false, 0, [], null, 0, 1744252145.5086005, 0, {}]
[{"0": [3, 50, 1, 1, 0, 4, 1, 2, 3, 1, 1, 6, 0, 2]}, null, null, 112, false, [], false, 0, [], null, 0, 1744252145.703784, 0, {}]
[{"0": [5, 0, 2, 1, 0, 0, 37, 39, 29, 44, 40, 48, 31, 29]}, null, null, 113, false, [], false, 0, [], null, 0, 1744252145.893915, 0, {}]
[{"0": [1, 2, 3, 3, 0, 3, 0, 5, 3, 1, 1, 35, 41, 32]}, null, null, 113, false, [], false, 0, [], null, 0, 1744252146.0624652, 0, {}]
[{"0": [1, 0, 2, 1, 2, 1, 3, 3, 2, 2, 0, 2, 2, 34]}, null, null, 114, false, [], false, 0, [], null, 0, 1744252146.260591, 0, {}]
[{"0": [1, 0, 1, 3, 4, 1, 0, 0, 2, 2, 1, 28, 29, 30]}, null, null, 114, false, [], false, 0, [], null, 0, 1744252146.437691, 0, {}]
[{"0": [1, 0, 2, 34, 39, 41, 26, 49, 29, 34, 53, 35, 32, 34]}, null, null, 115, false, [], false, 0, [], null, 0, 1744252146.6202407, 0, {}]
[{"0": [2, 2, 1, 2, 1, 3, 2, 5, 3, 1, 1, 1, 0, 28]}, null, null, 116, false, [], false, 0, [], null, 0, 1744252146.8132892, 0, {}]
[{"0": [4, 2, 2, 2, 1, 1, 0, 32, 42, 41, 0, 2, 3, 3]}, null, null, 116, false, [], false, 0, [], null, 0, 1744252146.98575, 0, {}]
[{"0": [3, 2, 1, 4, 1, 2, 2, 38, 34, 3, 1, 2, 1, 3]}, null, null, 117, false, [], false, 0, [], null, 0, 1744252147.160518, 0, {}]
[{"0": [1, 4, 2, 4, 5, 0, 2, 1, 1, 2, 1, 3, 4, 40]}, null, null, 117, false, [], false, 0, [], null, 0, 1744252147.3503892, 0, {}]
[{"0": [3, 0, 5, 1, 0, 1, 3, 1, 34, 38, 0, 1, 1, 2]}, null, null, 118, false, [], false, 0, [], null, 0, 1744252147.5416877, 0, {}]
[{"0": [3, 3, 1, 2, 2, 5, 2, 1, 3, 2, 4, 2, 3, 29]}, null, null, 119, false, [], false, 0, [], null, 0, 1744252147.7161932, 0, {}]
[{"0": [1, 1, 1, 3, 2, 33, 29, 40, 35, 34, 43, 52, 30, 37]}, null, null, 119, false, [], false, 0, [], null, 0, 1744252147.9081733, 0, {}]
[{"0": [1, 2, 6, 5, 1, 1, 0, 1, 2, 47, 35, 2, 2, 2]}, null, null, 120, false, [], false, 0, [], null, 0, 1744252148.0843642, 0, {}]
[{"0": [2, 3, 1, 2, 32, 1, 1, 1, 1, 0, 2, 1, 1, 3]}, null, null, 120, false, [], false, 0, [], null, 0, 1744252148.2718399, 0, {}]
[{"0": [4, 1, 1, 0, 3, 41, 42, 22, 0, 2, 3, 1, 0, 2]}, null, null, 121, false, [], false, 0, [], null, 0, 1744252148.4549437, 0, {}]
[{"0": [3, 3, 2, 49, 40, 39, 1, 3, 0, 2, 2, 1, 1, 2]}, null, null, 122, false, [], false, 0, [], null, 0, 1744252148.643479, 0, {}]
[{"0": [0, 3, 1, 5, 1, 0, 1, 1, 2, 2, 3, 3, 2, 38]}, null, null, 122, false, [], false, 0, [], null, 0, 1744252148.8214622, 0, {}]
[{"0": [2, 2, 4, 4, 1, 2, 0, 0, 1, 3, 0, 39, 42, 37]}, null, null, 123, false, [], false, 0, [], null, 0, 1744252149.008354, 0, {}]
[{"0": [40, 41, 3, 1, 2, 0, 1, 0, 1, 2, 1, 2, 2, 1]}, null, null, 123, false, [], false, 0, [], null, 0, 1744252149.1921072, 0, {}]
[{"0": [1, 1, 1, 2, 1, 2, 1, 2, 1, 1, 2, 4, 0, 44]}, null, null, 124, false, [], false, 0, [], null, 0, 1744252149.3578289, 0, {}]
[{"0": [3, 4, 1, 3, 1, 1, 3, 2, 0, 1, 2, 3, 25, 5]}, null, null, 125, false, [], false, 0, [], null, 0, 1744252149.5607357, 0, {}]
[{"0": [3, 1, 1, 3, 4, 1, 46, 2, 3, 1, 0, 4, 2, 4]}, null, null, 125, false, [], false, 0, [], null, 0, 1744252149.7361436, 0, {}]
[{"0": [1, 3, 2, 0, 28, 37, 35, 58, 38, 31, 33, 2, 4, 1]}, null, null, 126, false, [], false, 0, [], null, 0, 1744252149.9244206, 0, {}]
[{"0": [3, 1, 3, 3, 2, 1, 0, 2, 1, 0, 0, 3, 1, 36]}, null, null, 127, false, [], false, 0, [], null, 0, 1744252150.1046863, 0, {}]
[{"0": [3, 1, 1, 2, 3, 2, 4, 5, 2, 1, 3, 2, 2, 41]}, null, null, 127, false, [], false, 0, [], null, 0, 1744252150.2847106, 0, {}]
[{"0": [2, 7, 1, 0, 1, 34, 28, 33, 26, 28, 3, 5, 4, 2]}, null, null, 128, false, [], false, 0, [], null, 0, 1744252150.467655, 0, {}]
[{"0": [2, 1, 1, 2, 4, 4, 4, 2, 4, 2, 0, 2, 2, 35]}, null, null, 128, false, [], false, 0, [], null, 0, 1744252150.6521804, 0, {}]
[{"0": [2, 2, 5, 2, 4, 4, 1, 1, 2, 3, 2, 41, 1, 1]}, null, null, 129, false, [], false, 0, [], null, 0, 1744252150.8468156, 0, {}]
[{"0": [2, 1, 0, 4, 2, 0, 3, 2, 26, 29, 42, 39, 36, 42]}, null, null, 130, false, [], false, 0, [], null, 0, 1744252151.0223918, 0, {}]
[{"0": [3, 2, 3, 2, 2, 0, 2, 1, 0, 3, 5, 1, 1, 40]}, null, null, 130, false, [], false, 0, [], null, 0, 1744252151.192565, 0, {}]
[{"0": [1, 1, 3, 3, 3, 1, 36, 42, 27, 33, 29, 32, 43, 35]}, null, null, 131, false, [], false, 0, [], null, 0, 1744252151.3820345, 0, {}]
[{"0": [3, 3, 3, 4, 5, 1, 27, 44, 39, 37, 35, 34, 4, 1]}, null, null, 131, false, [], false, 0, [], null, 0, 1744252151.5666463, 0, {}]
[{"0": [4, 0, 3, 2, 1, 0, 34, 43, 43, 45, 41, 37, 34, 41]}, null, null, 132, false, [], false, 0, [], null, 0, 1744252151.761167, 0, {}]
[{"0": [3, 3, 0, 4, 1, 2, 0, 3, 0, 2, 1, 2, 33, 39]}, null, null, 133, false, [], false, 0, [], null, 0, 1744252151.9433692, 0, {}]
[{"0": [1, 1, 1, 4, 3, 4, 41, 38, 29, 31, 39, 3, 4, 3]}, null, null, 133, false, [], false, 0, [], null, 0, 1744252152.1180449, 0, {}]
[{"0": [2, 4, 0, 3, 6, 2, 1, 2, 1, 2, 3, 2, 2, 37]}, null, null, 134, false, [], false, 0, [], null, 0, 1744252152.3131251, 0, {}]
[{"0": [2, 2, 33, 38, 30, 3, 2, 0, 2, 1, 1, 2, 2, 4]}, null, null, 134, false, [], false, 0, [], null, 0, 1744252152.492137, 0, {}]
[{"0": [2, 1, 2, 37, 46, 40, 31, 31, 39, 36, 38, 44, 32, 1]}, null, null, 135, false, [], false, 0, [], null, 0, 1744252152.6615837, 0, {}]
[{"0": [3, 3, 2, 6, 2, 4, 3, 4, 1, 3, 3, 39, 36, 4]}, null, null, 136, false, [], false, 0, [], null, 0, 1744252152.8527453, 0, {}]
[{"0": [1, 3, 0, 1, 2, 2, 1, 38, 43, 5, 2, 2, 1, 0]}, null, null, 136, false, [], false, 0, [], null, 0, 1744252153.0415926, 0, {}]
[{"0": [4, 1, 1, 0, 1, 2, 2, 2, 2, 1, 5, 27, 38, 34]}, null, null, 137, false, [], false, 0, [], null, 0, 1744252153.2189581, 0, {}]
[{"0": [2, 1, 3, 2, 3, 3, 1, 1, 2, 2, 0, 4, 38, 33]}, null, null, 137, false, [], false, 0, [], null, 0, 1744252153.3924918, 0, {}]
[{"0": [1, 0, 1, 3, 1, 41, 28, 2, 2, 1, 4, 0, 3, 3]}, null, null, 138, false, [], false, 0, [], null, 0, 1744252153.5843265, 0, {}]
[{"0": [2, 6, 36, 29, 42, 36, 28, 2, 0, 2, 1, 3, 1, 1]}, null, null, 139, false, [], false, 0, [], null, 0, 1744252153.7674396, 0, {}]
[{"0": [2, 1, 2, 1, 1, 5, 2, 2, 37, 34, 1, 0, 1, 0]}, null, null, 139, false, [], false, 0, [], null, 0, 1744252153.9454536, 0, {}]
[{"0": [0, 5, 2, 2, 1, 2, 2, 3, 40, 3, 1, 3, 2, 2]}, null, null, 140, false, [], false, 0, [], null, 0, 1744252154.136671, 0, {}]
[{"0": [2, 0, 2, 2, 1, 0, 6, 3, 42, 34, 28, 33, 38, 3]}, null, null, 140, false, [], false, 0, [], null, 0, 1744252154.3294067, 0, {}]
[{"0": [0, 0, 2, 28, 31, 33, 0, 3, 6, 2, 1, 2, 2, 1]}, null, null, 141, false, [], false, 0, [], null, 0, 1744252154.4939318, 0, {}]
[{"0": [5, 3, 2, 1, 2, 2, 1, 2, 1, 1, 1, 2, 1, 36]}, null, null, 142, false, [], false, 0, [], null, 0, 1744252154.6802535, 0, {}]
[{"0": [3, 2, 30, 46, 36, 34, 3, 0, 1, 1, 0, 1, 2, 4]}, null, null, 142, false, [], false, 0, [], null, 0, 1744252154.8715036, 0, {}]
[{"0": [0, 0, 33, 36, 41, 36, 1, 1, 2, 1, 1, 1, 1, 2]}, null, null, 143, false, [], false, 0, [], null, 0, 1744252155.0620592, 0, {}]
[{"0": [2, 2, 2, 3, 2, 1, 33, 41, 32, 47, 39, 2, 2, 0]}, null, null, 143, false, [], false, 0, [], null, 0, 1744252155.239286, 0, {}]
[{"0": [0, 0, 0, 5, 1, 3, 2, 29, 2, 2, 2, 3, 1, 2]}, null, null, 144, false, [], false, 0, [], null, 0, 1744252155.4115314, 0, {}]
[{"0": [2, 2, 2, 1, 36, 23, 5, 1, 1, 1, 3, 1, 1, 3]}, null, null, 145, false, [], false, 0, [], null, 0, 1744252155.599849, 0, {}]
[{"0": [4, 3, 1, 6, 1, 6, 5, 0, 3, 0, 0, 38, 41, 39]}, null, null, 145, false, [], false, 0, [], null, 0, 1744252155.797319, 0, {}]
[{"0": [2, 0, 5, 1, 4, 3, 0, 4, 1, 36, 2, 0, 1, 3]}, null, null, 146, false, [], false, 0, [], null, 0, 1744252155.960364, 0, {}]
[{"0": [1, 2, 3, 35, 1, 1, 2, 0, 0, 4, 2, 1, 3, 3]}, null, null, 146, false, [], false, 0, [], null, 0, 1744252156.1438391, 0, {}]
[{"0": [4, 1, 2, 2, 38, 30, 32, 3, 3, 3, 1, 4, 2, 0]}, null, null, 147, false, [], false, 0, [], null, 0, 1744252156.3475077, 0, {}]
[{"0": [1, 2, 0, 2, 0, 3, 1, 26, 40, 38, 32, 4, 1, 4]}, null, null, 148, false, [], false, 0, [], null, 0, 1744252156.5287623, 0, {}]
[{"0": [3, 5, 3, 1, 1, 1, 3, 0, 2, 28, 30, 36, 38, 3]}, null, null, 148, false, [], false, 0, [], null, 0, 1744252156.7074013, 0, {}]
[{"0": [2, 0, 1, 1, 2, 0, 4, 2, 3, 1, 0, 2, 1, 31]}, null, null, 149, false, [], false, 0, [], null, 0, 1744252156.886594, 0, {}]
[{"0": [0, 0, 47, 31, 42, 34, 42, 31, 21, 25, 4, 3, 0, 2]}, null, null, 149, false, [], false, 0, [], null, 0, 1744252157.0604446, 0, {}]
[{"0": [3, 4, 6, 1, 2, 1, 1, 1, 4, 3, 4, 3, 3, 30]}, null, null, 150, true, [], false, 0, [], null, 0, 1744252157.2584202, 0, {}]
