0,0.01646090534979424
12.5,0.9917355371900827
25.0,0.9876543209876543
37.5,1.0
50.0,0.9918032786885246
62.5,0.9957983193277311
75.0,0.9917355371900827
87.5,0.9959183673469387
100.0,0.049586776859504134
[[1, 2, -1], [1, 3, 2], [1, 4, 2], [1, 3, 3], [1, 4, 0], [1, 4, 1], [1, 4, -1], [1, 4, -1], [1, 4, 1], [1, 4, 0], [1, 3, 3], [1, 4, 2], [1, 3, 2], [1, 2, -1]]
[545.8348960121871, 623.6392202404629]
[61.02884687267055, 55.24427581825623, 51.426328854259665, 49.45164783579248, 45.80324266324042, 43.413152995213984, 38.54833347760956, 38.54833347760956, 43.413152995213984, 45.80324266324042, 49.45164783579248, 51.426328854259665, 55.24427581825623, 61.02884687267055]
[14.039897148676914, 13.631619770534975, 13.767881075293936, 14.596506172762947, 15.267747554413475, 17.01042605089193, 19.274166738804784, 19.274166738804784, 17.01042605089193, 15.267747554413475, 14.596506172762947, 13.767881075293936, 13.631619770534975, 14.039897148676914]
[0.125, 0.14285714285714285, 0.16666666666666666, 0.2, 0.25, 0.3333333333333333, 0.5]
[0.5, 0.3333333333333333, 0.25, 0.2, 0.16666666666666666, 0.14285714285714285, 0.125]
[[1, 2, -1], [1, 3, 2], [2, 4, 2], [1, 3, 3], [1, 4, 0], [1, 4, 1], [1, 4, -1]]
[0.0, 0.0, 0.0, 0.0, 0.0, 0.0, 0.0, 47.12388980384691, 40.840704496667314, 34.55751918948773, 28.274333882308138, 21.991148575128552, 15.707963267948966, 9.42477796076938]
['Z:\\Lab Data\\Qudit_Ramsey_raw_data\\Raw_data_copied\\2025\\2025_04\\2025_04_04\\qudit_ramsey_scan_unbused_059', 'Z:\\Lab Data\\Qudit_Ramsey_raw_data\\Raw_data_copied\\2025\\2025_04\\2025_04_04\\qudit_ramsey_scan_unbused_060', 'Z:\\Lab Data\\Qudit_Ramsey_raw_data\\Raw_data_copied\\2025\\2025_04\\2025_04_04\\qudit_ramsey_scan_unbused_061', 'Z:\\Lab Data\\Qudit_Ramsey_raw_data\\Raw_data_copied\\2025\\2025_04\\2025_04_04\\qudit_ramsey_scan_unbused_062', 'Z:\\Lab Data\\Qudit_Ramsey_raw_data\\Raw_data_copied\\2025\\2025_04\\2025_04_04\\qudit_ramsey_scan_unbused_063', 'Z:\\Lab Data\\Qudit_Ramsey_raw_data\\Raw_data_copied\\2025\\2025_04\\2025_04_04\\qudit_ramsey_scan_unbused_064', 'Z:\\Lab Data\\Qudit_Ramsey_raw_data\\Raw_data_copied\\2025\\2025_04\\2025_04_04\\qudit_ramsey_scan_unbused_065', 'Z:\\Lab Data\\Qudit_Ramsey_raw_data\\Raw_data_copied\\2025\\2025_04\\2025_04_04\\qudit_ramsey_scan_unbused_066', 'Z:\\Lab Data\\Qudit_Ramsey_raw_data\\Raw_data_copied\\2025\\2025_04\\2025_04_04\\qudit_ramsey_scan_unbused_067']
