0,0.11983471074380166
1.0,0.1078838174273859
2.0,0.17467248908296942
3.0,0.31932773109243695
4.0,0.5126050420168067
5.0,0.6182572614107884
6.0,0.7148936170212766
7.0,0.885593220338983
8.0,0.9743589743589743
9.0,1.0
[[1, 2, -1], [1, 2, 2], [1, 3, 2], [1, 4, 2], [1, 3, 1], [1, 4, 0], [1, 4, 1], [1, 3, 3], [1, 4, -1], [1, 4, -1], [1, 3, 3], [1, 4, 1], [1, 4, 0], [1, 3, 1], [1, 4, 2], [1, 3, 2], [1, 2, 2], [1, 2, -1]]
[545.8499311812635, 623.6501527409492]
[60.124043339810925, 78.6631086250221, 53.880912278408275, 50.15718774036785, 137.24226948870935, 43.99035513224734, 41.99204774670409, 48.73973147846453, 37.97682229718102, 37.97682229718102, 48.73973147846453, 41.99204774670409, 43.99035513224734, 137.24226948870935, 50.15718774036785, 53.880912278408275, 78.6631086250221, 60.124043339810925]
[12.315374022183994, 17.018519375919034, 12.395490090842552, 12.376372065865457, 36.74256527583109, 12.984511504288733, 13.997349248901365, 19.09752093210441, 18.988411148590515, 18.988411148590515, 19.09752093210441, 13.997349248901365, 12.984511504288733, 36.74256527583109, 12.376372065865457, 12.395490090842552, 17.018519375919034, 12.315374022183994]
[0.1, 0.1111111111111111, 0.125, 0.14285714285714285, 0.16666666666666666, 0.2, 0.25, 0.3333333333333333, 0.5]
[0.5, 0.3333333333333333, 0.25, 0.2, 0.16666666666666666, 0.14285714285714285, 0.125, 0.1111111111111111, 0.1]
[[1, 2, -1], [1, 2, 2], [1, 3, 2], [2, 4, 2], [0, 3, 1], [1, 4, 0], [1, 4, 1], [1, 3, 3], [1, 4, -1]]
[0.0, 0.0, 0.0, 0.0, 0.0, 0.0, 0.0, 0.0, 0.0, 8.230972752405258, 7.665486074759095, 7.099999397112933, 6.53451271946677, 5.969026041820607, 5.403539364174444, 4.838052686528282, 4.2725660088821185, 3.707079331235956]
['Z:\\Lab Data\\Qudit_Ramsey_raw_data\\Raw_data_copied\\2025\\2025_04\\2025_04_09\\qudit_ramsey_scan_unbused_006', 'Z:\\Lab Data\\Qudit_Ramsey_raw_data\\Raw_data_copied\\2025\\2025_04\\2025_04_09\\qudit_ramsey_scan_unbused_007', 'Z:\\Lab Data\\Qudit_Ramsey_raw_data\\Raw_data_copied\\2025\\2025_04\\2025_04_09\\qudit_ramsey_scan_unbused_008', 'Z:\\Lab Data\\Qudit_Ramsey_raw_data\\Raw_data_copied\\2025\\2025_04\\2025_04_09\\qudit_ramsey_scan_unbused_009', 'Z:\\Lab Data\\Qudit_Ramsey_raw_data\\Raw_data_copied\\2025\\2025_04\\2025_04_09\\qudit_ramsey_scan_unbused_010', 'Z:\\Lab Data\\Qudit_Ramsey_raw_data\\Raw_data_copied\\2025\\2025_04\\2025_04_09\\qudit_ramsey_scan_unbused_011', 'Z:\\Lab Data\\Qudit_Ramsey_raw_data\\Raw_data_copied\\2025\\2025_04\\2025_04_09\\qudit_ramsey_scan_unbused_012', 'Z:\\Lab Data\\Qudit_Ramsey_raw_data\\Raw_data_copied\\2025\\2025_04\\2025_04_09\\qudit_ramsey_scan_unbused_013', 'Z:\\Lab Data\\Qudit_Ramsey_raw_data\\Raw_data_copied\\2025\\2025_04\\2025_04_09\\qudit_ramsey_scan_unbused_014', 'Z:\\Lab Data\\Qudit_Ramsey_raw_data\\Raw_data_copied\\2025\\2025_04\\2025_04_09\\qudit_ramsey_scan_unbused_015']
