0,0.056451612903225805
16.666666666666664,0.9919354838709677
33.33333333333333,1.0
49.99999999999999,0.9959677419354839
66.66666666666666,1.0
83.33333333333331,1.0
99.99999999999997,0.03305785123966942
[[1, 2, -1], [1, 4, 2], [1, 4, 0], [1, 4, 1], [1, 4, -1], [1, 4, -1], [1, 4, 1], [1, 4, 0], [1, 4, 2], [1, 2, -1]]
[545.8335935109911, 623.6350085550051]
[58.88335281311218, 48.91042061037283, 43.31659716167321, 42.35867552382359, 37.193151056177925, 37.193151056177925, 42.35867552382359, 43.31659716167321, 48.91042061037283, 58.88335281311218]
[15.76427905524803, 14.43675362896627, 14.43886572055774, 16.597253779083076, 18.596575528088966, 18.596575528088966, 16.597253779083076, 14.43886572055774, 14.43675362896627, 15.76427905524803]
[0.16666666666666666, 0.2, 0.25, 0.3333333333333333, 0.5]
[0.5, 0.3333333333333333, 0.25, 0.2, 0.16666666666666666]
[[1, 2, -1], [2, 4, 2], [1, 4, 0], [1, 4, 1], [1, 4, -1]]
[0.0, 0.0, 0.0, 0.0, 0.0, 34.557519189487714, 28.27433388230813, 21.99114857512855, 15.707963267948962, 9.424777960769378]
['Z:\\Lab Data\\Qudit_Ramsey_raw_data\\Raw_data_copied\\2025\\2025_04\\2025_04_04\\qudit_ramsey_scan_unbused_001', 'Z:\\Lab Data\\Qudit_Ramsey_raw_data\\Raw_data_copied\\2025\\2025_04\\2025_04_04\\qudit_ramsey_scan_unbused_002', 'Z:\\Lab Data\\Qudit_Ramsey_raw_data\\Raw_data_copied\\2025\\2025_04\\2025_04_04\\qudit_ramsey_scan_unbused_003', 'Z:\\Lab Data\\Qudit_Ramsey_raw_data\\Raw_data_copied\\2025\\2025_04\\2025_04_04\\qudit_ramsey_scan_unbused_004', 'Z:\\Lab Data\\Qudit_Ramsey_raw_data\\Raw_data_copied\\2025\\2025_04\\2025_04_04\\qudit_ramsey_scan_unbused_005', 'Z:\\Lab Data\\Qudit_Ramsey_raw_data\\Raw_data_copied\\2025\\2025_04\\2025_04_04\\qudit_ramsey_scan_unbused_006', 'Z:\\Lab Data\\Qudit_Ramsey_raw_data\\Raw_data_copied\\2025\\2025_04\\2025_04_04\\qudit_ramsey_scan_unbused_007']
