0,0.05371900826446281
0.9090909090909092,0.0778688524590164
1.8181818181818183,0.16597510373443983
2.7272727272727275,0.2222222222222222
3.6363636363636367,0.46530612244897956
4.545454545454546,0.5274261603375527
5.454545454545455,0.636734693877551
6.363636363636364,0.7673469387755102
7.272727272727273,0.9256198347107438
8.181818181818183,0.9626556016597511
9.090909090909093,0.9918032786885246
[[1, 3, 1], [1, 4, 3], [1, 4, 0], [1, 4, 1], [1, 2, -1], [1, 3, 3], [1, 4, 2], [1, 2, 2], [1, 4, -1], [1, 3, 2], [1, 3, 2], [1, 4, -1], [1, 2, 2], [1, 4, 2], [1, 3, 3], [1, 2, -1], [1, 4, 1], [1, 4, 0], [1, 4, 3], [1, 3, 1]]
[545.8501390030825, 623.6502574028414]
[137.24226948870935, 165.5855693622934, 43.99035513224734, 41.99204774670409, 60.124043339810925, 48.73973147846453, 50.15718774036785, 78.6631086250221, 37.97682229718102, 53.880912278408275, 53.880912278408275, 37.97682229718102, 78.6631086250221, 50.15718774036785, 48.73973147846453, 60.124043339810925, 41.99204774670409, 43.99035513224734, 165.5855693622934, 137.24226948870935]
[26.759803623710173, 33.917349966758685, 9.517176784106532, 9.660415715474864, 14.835710772492817, 13.048623955619517, 14.804758435790896, 26.221036208340706, 14.880327337783529, 26.94045613920414, 26.94045613920414, 14.880327337783529, 26.221036208340706, 14.804758435790896, 13.048623955619517, 14.835710772492817, 9.660415715474864, 9.517176784106532, 33.917349966758685, 26.759803623710173]
[0.09090909090909091, 0.1, 0.1111111111111111, 0.125, 0.14285714285714285, 0.16666666666666666, 0.2, 0.25, 0.3333333333333333, 0.5]
[0.5, 0.3333333333333333, 0.25, 0.2, 0.16666666666666666, 0.14285714285714285, 0.125, 0.1111111111111111, 0.1, 0.09090909090909091]
[[0, 3, 1], [2, 4, 3], [1, 4, 0], [1, 4, 1], [1, 2, -1], [1, 3, 3], [2, 4, 2], [1, 2, 2], [1, 4, -1], [1, 3, 2]]
[0.0, 0.0, 0.0, 0.0, 0.0, 0.0, 0.0, 0.0, 0.0, 0.0, 8.853579296480326, 8.282380632191273, 7.71118196790222, 7.1399833036131675, 6.5687846393241145, 5.99758597503506, 5.426387310746007, 4.855188646456954, 4.2839899821679, 3.7127913178788465]
['Z:\\Lab Data\\Qudit_Ramsey_raw_data\\Raw_data_copied\\2025\\2025_04\\2025_04_09\\qudit_ramsey_scan_unbused_037', 'Z:\\Lab Data\\Qudit_Ramsey_raw_data\\Raw_data_copied\\2025\\2025_04\\2025_04_09\\qudit_ramsey_scan_unbused_038', 'Z:\\Lab Data\\Qudit_Ramsey_raw_data\\Raw_data_copied\\2025\\2025_04\\2025_04_09\\qudit_ramsey_scan_unbused_039', 'Z:\\Lab Data\\Qudit_Ramsey_raw_data\\Raw_data_copied\\2025\\2025_04\\2025_04_09\\qudit_ramsey_scan_unbused_040', 'Z:\\Lab Data\\Qudit_Ramsey_raw_data\\Raw_data_copied\\2025\\2025_04\\2025_04_09\\qudit_ramsey_scan_unbused_041', 'Z:\\Lab Data\\Qudit_Ramsey_raw_data\\Raw_data_copied\\2025\\2025_04\\2025_04_09\\qudit_ramsey_scan_unbused_042', 'Z:\\Lab Data\\Qudit_Ramsey_raw_data\\Raw_data_copied\\2025\\2025_04\\2025_04_09\\qudit_ramsey_scan_unbused_043', 'Z:\\Lab Data\\Qudit_Ramsey_raw_data\\Raw_data_copied\\2025\\2025_04\\2025_04_09\\qudit_ramsey_scan_unbused_044', 'Z:\\Lab Data\\Qudit_Ramsey_raw_data\\Raw_data_copied\\2025\\2025_04\\2025_04_09\\qudit_ramsey_scan_unbused_045', 'Z:\\Lab Data\\Qudit_Ramsey_raw_data\\Raw_data_copied\\2025\\2025_04\\2025_04_09\\qudit_ramsey_scan_unbused_046', 'Z:\\Lab Data\\Qudit_Ramsey_raw_data\\Raw_data_copied\\2025\\2025_04\\2025_04_09\\qudit_ramsey_scan_unbused_047']
