[{"0": [3, 1, 3, 6, 2, 3, 30, 27, 13, 4, 2, 3, 2, 1, 5, 6, 6]}, null, null, 0, false, [], false, 0, [], null, 0, 1749051654.0268776, 0, {}]
[{"0": [2, 2, 5, 1, 3, 1, 18, 27, 20, 25, 19, 1, 1, 0, 3, 2, 3]}, null, null, 2, false, [], false, 0, [], null, 0, 1749051654.3397417, 0, {}]
[{"0": [2, 1, 3, 1, 2, 7, 23, 4, 1, 1, 4, 0, 1, 5, 4, 3, 3]}, null, null, 3, false, [], false, 0, [], null, 0, 1749051654.6167855, 0, {}]
[{"0": [1, 3, 1, 3, 3, 5, 22, 21, 4, 2, 6, 3, 1, 0, 1, 5, 4]}, null, null, 5, false, [], false, 0, [], null, 0, 1749051654.9128077, 0, {}]
[{"0": [4, 3, 1, 7, 4, 2, 23, 3, 2, 2, 2, 2, 4, 3, 1, 2, 4]}, null, null, 6, false, [], false, 0, [], null, 0, 1749051655.184708, 0, {}]
[{"0": [3, 1, 1, 2, 2, 0, 19, 21, 0, 1, 0, 0, 2, 4, 5, 4, 9]}, null, null, 8, false, [], false, 0, [], null, 0, 1749051655.4684975, 0, {}]
[{"0": [2, 2, 1, 1, 0, 3, 18, 1, 3, 1, 3, 3, 4, 3, 2, 1, 2]}, null, null, 9, false, [], false, 0, [], null, 0, 1749051655.7457693, 0, {}]
[{"0": [5, 4, 3, 3, 3, 3, 24, 19, 23, 24, 20, 2, 2, 0, 5, 3, 1]}, null, null, 11, false, [], false, 0, [], null, 0, 1749051656.0417309, 0, {}]
[{"0": [3, 7, 1, 3, 2, 5, 20, 21, 25, 1, 6, 2, 2, 2, 2, 3, 4]}, null, null, 12, false, [], false, 0, [], null, 0, 1749051656.308704, 0, {}]
[{"0": [2, 1, 3, 5, 5, 1, 26, 22, 24, 25, 12, 22, 21, 19, 3, 3, 2]}, null, null, 14, false, [], false, 0, [], null, 0, 1749051656.6117604, 0, {}]
[{"0": [3, 0, 2, 3, 0, 0, 14, 1, 6, 4, 4, 2, 1, 2, 2, 4, 3]}, null, null, 15, false, [], false, 0, [], null, 0, 1749051656.8962085, 0, {}]
[{"0": [3, 0, 2, 2, 0, 4, 22, 23, 17, 23, 14, 26, 2, 4, 3, 2, 4]}, null, null, 17, false, [], false, 0, [], null, 0, 1749051657.1764534, 0, {}]
[{"0": [2, 4, 7, 2, 1, 2, 25, 22, 17, 23, 24, 20, 28, 17, 27, 15, 15]}, null, null, 18, false, [], false, 0, [], null, 0, 1749051657.4463785, 0, {}]
[{"0": [1, 3, 0, 1, 9, 3, 18, 18, 22, 17, 21, 18, 20, 17, 20, 24, 15]}, null, null, 20, false, [], false, 0, [], null, 0, 1749051657.7306209, 0, {}]
[{"0": [1, 1, 3, 3, 3, 4, 25, 1, 1, 1, 3, 2, 0, 2, 5, 4, 4]}, null, null, 21, false, [], false, 0, [], null, 0, 1749051658.0044649, 0, {}]
[{"0": [2, 1, 3, 3, 4, 2, 15, 18, 2, 1, 3, 2, 2, 0, 0, 5, 2]}, null, null, 23, false, [], false, 0, [], null, 0, 1749051658.287893, 0, {}]
[{"0": [1, 5, 3, 1, 5, 4, 19, 17, 2, 2, 4, 4, 1, 1, 4, 0, 2]}, null, null, 24, false, [], false, 0, [], null, 0, 1749051658.5866277, 0, {}]
[{"0": [4, 2, 5, 4, 3, 5, 17, 3, 1, 2, 1, 1, 2, 3, 0, 2, 2]}, null, null, 26, false, [], false, 0, [], null, 0, 1749051658.856711, 0, {}]
[{"0": [6, 3, 8, 0, 2, 2, 16, 22, 23, 26, 23, 23, 2, 4, 2, 1, 1]}, null, null, 27, false, [], false, 0, [], null, 0, 1749051659.1386237, 0, {}]
[{"0": [3, 2, 4, 5, 0, 2, 17, 19, 19, 18, 1, 2, 0, 2, 2, 3, 4]}, null, null, 29, false, [], false, 0, [], null, 0, 1749051659.438016, 0, {}]
[{"0": [1, 2, 2, 2, 2, 1, 19, 19, 19, 22, 5, 4, 3, 2, 3, 2, 3]}, null, null, 30, false, [], false, 0, [], null, 0, 1749051659.7047954, 0, {}]
[{"0": [3, 2, 0, 6, 1, 3, 20, 15, 24, 11, 25, 27, 19, 2, 1, 1, 1]}, null, null, 32, false, [], false, 0, [], null, 0, 1749051659.9871094, 0, {}]
[{"0": [2, 3, 3, 4, 2, 2, 21, 14, 5, 4, 4, 4, 5, 2, 3, 1, 2]}, null, null, 33, false, [], false, 0, [], null, 0, 1749051660.2765977, 0, {}]
[{"0": [2, 3, 3, 2, 3, 3, 15, 1, 3, 1, 1, 1, 3, 2, 0, 1, 3]}, null, null, 35, false, [], false, 0, [], null, 0, 1749051660.576671, 0, {}]
[{"0": [2, 4, 4, 0, 1, 0, 19, 19, 1, 4, 1, 0, 4, 5, 2, 4, 2]}, null, null, 36, false, [], false, 0, [], null, 0, 1749051660.8411665, 0, {}]
[{"0": [3, 3, 4, 4, 2, 4, 28, 1, 2, 4, 3, 4, 4, 4, 2, 0, 5]}, null, null, 38, false, [], false, 0, [], null, 0, 1749051661.1457043, 0, {}]
[{"0": [3, 5, 4, 0, 0, 3, 30, 21, 1, 2, 3, 3, 3, 0, 0, 0, 4]}, null, null, 39, false, [], false, 0, [], null, 0, 1749051661.4163725, 0, {}]
[{"0": [3, 4, 2, 3, 1, 2, 17, 24, 28, 3, 2, 4, 2, 1, 1, 2, 2]}, null, null, 41, false, [], false, 0, [], null, 0, 1749051661.7073333, 0, {}]
[{"0": [4, 3, 0, 4, 1, 1, 24, 2, 4, 1, 5, 2, 2, 5, 1, 4, 2]}, null, null, 42, false, [], false, 0, [], null, 0, 1749051661.9811177, 0, {}]
[{"0": [2, 2, 2, 3, 2, 2, 21, 21, 18, 2, 4, 3, 1, 1, 1, 2, 4]}, null, null, 44, false, [], false, 0, [], null, 0, 1749051662.2672842, 0, {}]
[{"0": [3, 1, 1, 0, 2, 1, 18, 21, 21, 23, 24, 24, 30, 24, 3, 1, 2]}, null, null, 45, false, [], false, 0, [], null, 0, 1749051662.5493078, 0, {}]
[{"0": [3, 0, 1, 4, 1, 3, 22, 7, 24, 22, 17, 3, 4, 4, 3, 6, 4]}, null, null, 47, false, [], false, 0, [], null, 0, 1749051662.825992, 0, {}]
[{"0": [2, 0, 0, 0, 3, 2, 32, 12, 16, 1, 3, 2, 6, 2, 2, 5, 1]}, null, null, 48, false, [], false, 0, [], null, 0, 1749051663.1044064, 0, {}]
[{"0": [3, 1, 2, 2, 2, 2, 15, 22, 21, 1, 2, 2, 2, 1, 4, 5, 1]}, null, null, 50, false, [], false, 0, [], null, 0, 1749051663.3945692, 0, {}]
[{"0": [2, 2, 2, 5, 4, 0, 20, 18, 25, 22, 5, 3, 0, 0, 5, 1, 3]}, null, null, 52, false, [], false, 0, [], null, 0, 1749051663.6878405, 0, {}]
[{"0": [3, 0, 0, 3, 1, 1, 23, 7, 1, 2, 2, 3, 3, 3, 5, 3, 5]}, null, null, 53, false, [], false, 0, [], null, 0, 1749051663.9702632, 0, {}]
[{"0": [3, 2, 0, 2, 2, 3, 13, 16, 1, 0, 1, 4, 2, 0, 3, 0, 5]}, null, null, 55, false, [], false, 0, [], null, 0, 1749051664.2561007, 0, {}]
[{"0": [4, 2, 2, 4, 3, 1, 13, 16, 3, 1, 0, 3, 3, 2, 1, 0, 2]}, null, null, 56, false, [], false, 0, [], null, 0, 1749051664.5205383, 0, {}]
[{"0": [4, 2, 1, 0, 4, 4, 16, 22, 20, 23, 12, 20, 1, 1, 8, 2, 1]}, null, null, 58, false, [], false, 0, [], null, 0, 1749051664.8174999, 0, {}]
[{"0": [6, 1, 1, 4, 2, 3, 21, 26, 17, 21, 24, 25, 25, 2, 4, 4, 3]}, null, null, 59, false, [], false, 0, [], null, 0, 1749051665.09247, 0, {}]
[{"0": [1, 1, 1, 0, 2, 1, 21, 14, 24, 26, 28, 30, 17, 15, 0, 2, 2]}, null, null, 61, false, [], false, 0, [], null, 0, 1749051665.382317, 0, {}]
[{"0": [4, 2, 0, 2, 2, 2, 24, 22, 23, 16, 23, 23, 26, 21, 23, 26, 21]}, null, null, 62, false, [], false, 0, [], null, 0, 1749051665.671849, 0, {}]
[{"0": [2, 5, 5, 2, 5, 0, 25, 16, 24, 16, 21, 22, 21, 19, 28, 27, 28]}, null, null, 64, false, [], false, 0, [], null, 0, 1749051665.9358087, 0, {}]
[{"0": [2, 3, 1, 2, 2, 0, 18, 24, 17, 22, 23, 22, 27, 21, 23, 20, 19]}, null, null, 65, false, [], false, 0, [], null, 0, 1749051666.2305639, 0, {}]
[{"0": [1, 1, 3, 1, 0, 6, 17, 5, 2, 2, 2, 2, 2, 1, 1, 2, 0]}, null, null, 67, false, [], false, 0, [], null, 0, 1749051666.5265527, 0, {}]
[{"0": [1, 2, 6, 3, 3, 3, 24, 17, 21, 17, 5, 2, 4, 1, 2, 3, 4]}, null, null, 68, false, [], false, 0, [], null, 0, 1749051666.820927, 0, {}]
[{"0": [4, 2, 2, 1, 3, 2, 26, 20, 25, 21, 23, 20, 25, 9, 15, 16, 23]}, null, null, 70, false, [], false, 0, [], null, 0, 1749051667.0894449, 0, {}]
[{"0": [3, 3, 4, 1, 2, 7, 18, 2, 7, 2, 3, 1, 5, 1, 3, 3, 1]}, null, null, 71, false, [], false, 0, [], null, 0, 1749051667.371392, 0, {}]
[{"0": [1, 2, 2, 3, 3, 6, 18, 20, 27, 23, 22, 25, 26, 28, 28, 18, 16]}, null, null, 73, false, [], false, 0, [], null, 0, 1749051667.6420379, 0, {}]
[{"0": [0, 2, 3, 5, 3, 1, 19, 23, 19, 21, 26, 30, 20, 22, 21, 29, 24]}, null, null, 74, false, [], false, 0, [], null, 0, 1749051667.945989, 0, {}]
[{"0": [0, 2, 3, 1, 2, 3, 19, 0, 2, 4, 2, 0, 1, 4, 3, 0, 2]}, null, null, 76, false, [], false, 0, [], null, 0, 1749051668.2232535, 0, {}]
[{"0": [2, 4, 1, 1, 2, 4, 30, 15, 3, 2, 1, 4, 3, 4, 1, 1, 5]}, null, null, 77, false, [], false, 0, [], null, 0, 1749051668.528546, 0, {}]
[{"0": [2, 3, 1, 4, 2, 6, 30, 3, 3, 2, 5, 3, 2, 6, 2, 6, 0]}, null, null, 79, false, [], false, 0, [], null, 0, 1749051668.7841055, 0, {}]
[{"0": [3, 3, 1, 1, 8, 2, 20, 18, 14, 18, 23, 31, 20, 26, 24, 23, 19]}, null, null, 80, false, [], false, 0, [], null, 0, 1749051669.0722692, 0, {}]
[{"0": [2, 3, 3, 3, 1, 2, 19, 24, 19, 27, 16, 24, 1, 4, 4, 3, 3]}, null, null, 82, false, [], false, 0, [], null, 0, 1749051669.3435493, 0, {}]
[{"0": [3, 1, 5, 5, 0, 3, 19, 32, 30, 17, 29, 34, 0, 9, 1, 2, 0]}, null, null, 83, false, [], false, 0, [], null, 0, 1749051669.633019, 0, {}]
[{"0": [0, 2, 0, 4, 2, 3, 13, 26, 18, 23, 37, 27, 26, 29, 20, 25, 19]}, null, null, 85, false, [], false, 0, [], null, 0, 1749051669.9080236, 0, {}]
[{"0": [5, 2, 1, 2, 4, 2, 18, 23, 32, 16, 19, 21, 23, 19, 24, 26, 12]}, null, null, 86, false, [], false, 0, [], null, 0, 1749051670.1974916, 0, {}]
[{"0": [2, 2, 0, 6, 3, 4, 20, 4, 1, 1, 1, 2, 3, 2, 2, 3, 2]}, null, null, 88, false, [], false, 0, [], null, 0, 1749051670.481756, 0, {}]
[{"0": [6, 4, 1, 1, 4, 1, 35, 20, 2, 3, 2, 1, 3, 3, 2, 3, 5]}, null, null, 89, false, [], false, 0, [], null, 0, 1749051670.774213, 0, {}]
[{"0": [1, 1, 6, 5, 2, 3, 21, 1, 2, 3, 0, 4, 1, 4, 1, 2, 3]}, null, null, 91, false, [], false, 0, [], null, 0, 1749051671.0499148, 0, {}]
[{"0": [5, 4, 6, 1, 1, 3, 20, 5, 4, 2, 3, 0, 5, 1, 2, 3, 0]}, null, null, 92, false, [], false, 0, [], null, 0, 1749051671.3329728, 0, {}]
[{"0": [0, 1, 1, 5, 0, 4, 26, 21, 27, 15, 19, 22, 4, 1, 5, 1, 2]}, null, null, 94, false, [], false, 0, [], null, 0, 1749051671.6175983, 0, {}]
[{"0": [0, 5, 5, 3, 3, 3, 32, 28, 17, 24, 3, 3, 2, 2, 0, 3, 0]}, null, null, 95, false, [], false, 0, [], null, 0, 1749051671.8963177, 0, {}]
[{"0": [2, 3, 1, 2, 3, 4, 17, 2, 2, 1, 3, 1, 5, 4, 4, 2, 1]}, null, null, 97, false, [], false, 0, [], null, 0, 1749051672.2068818, 0, {}]
[{"0": [2, 1, 3, 9, 1, 2, 19, 1, 3, 2, 1, 5, 2, 5, 2, 4, 4]}, null, null, 98, false, [], false, 0, [], null, 0, 1749051672.4683926, 0, {}]
[{"0": [3, 1, 3, 3, 3, 3, 23, 24, 25, 22, 19, 2, 1, 6, 2, 6, 4]}, null, null, 100, false, [], false, 0, [], null, 0, 1749051672.7479348, 0, {}]
[{"0": [1, 0, 1, 3, 9, 4, 22, 14, 2, 2, 0, 2, 6, 2, 3, 1, 1]}, null, null, 102, false, [], false, 0, [], null, 0, 1749051673.0290508, 0, {}]
[{"0": [2, 3, 0, 2, 5, 3, 26, 18, 18, 1, 0, 3, 2, 2, 2, 4, 6]}, null, null, 103, false, [], false, 0, [], null, 0, 1749051673.3001313, 0, {}]
[{"0": [1, 1, 1, 2, 2, 3, 19, 7, 2, 1, 1, 3, 0, 1, 1, 2, 0]}, null, null, 105, false, [], false, 0, [], null, 0, 1749051673.604428, 0, {}]
[{"0": [2, 6, 3, 3, 1, 3, 21, 21, 16, 5, 4, 6, 5, 2, 0, 2, 1]}, null, null, 106, false, [], false, 0, [], null, 0, 1749051673.8836784, 0, {}]
[{"0": [0, 0, 2, 1, 1, 0, 20, 2, 1, 5, 2, 0, 7, 4, 4, 2, 2]}, null, null, 108, false, [], false, 0, [], null, 0, 1749051674.1556468, 0, {}]
[{"0": [4, 3, 3, 2, 1, 3, 20, 25, 18, 1, 4, 1, 3, 2, 2, 2, 3]}, null, null, 109, false, [], false, 0, [], null, 0, 1749051674.4789672, 0, {}]
[{"0": [3, 22, 21, 25, 17, 22, 24, 26, 24, 2, 3, 4, 0, 2, 5, 3, 5]}, null, null, 111, false, [], false, 0, [], null, 0, 1749051674.7304037, 0, {}]
[{"0": [2, 0, 3, 1, 2, 1, 24, 4, 2, 4, 3, 2, 1, 3, 3, 1, 2]}, null, null, 112, false, [], false, 0, [], null, 0, 1749051675.0092473, 0, {}]
[{"0": [0, 4, 2, 6, 2, 4, 27, 24, 22, 28, 21, 27, 2, 0, 3, 2, 0]}, null, null, 114, false, [], false, 0, [], null, 0, 1749051675.2980838, 0, {}]
[{"0": [2, 1, 2, 4, 5, 3, 24, 3, 4, 4, 2, 3, 1, 4, 3, 2, 4]}, null, null, 115, false, [], false, 0, [], null, 0, 1749051675.5800521, 0, {}]
[{"0": [0, 2, 1, 0, 2, 5, 22, 3, 3, 2, 3, 2, 1, 0, 1, 2, 2]}, null, null, 117, false, [], false, 0, [], null, 0, 1749051675.8738358, 0, {}]
[{"0": [3, 2, 4, 5, 1, 2, 21, 3, 5, 1, 1, 1, 4, 1, 3, 1, 8]}, null, null, 118, false, [], false, 0, [], null, 0, 1749051676.150785, 0, {}]
[{"0": [2, 2, 3, 5, 3, 1, 23, 27, 22, 3, 1, 2, 3, 3, 0, 3, 3]}, null, null, 120, false, [], false, 0, [], null, 0, 1749051676.4388201, 0, {}]
[{"0": [3, 5, 4, 2, 5, 5, 18, 20, 16, 30, 22, 17, 28, 20, 21, 25, 27]}, null, null, 121, false, [], false, 0, [], null, 0, 1749051676.7150497, 0, {}]
[{"0": [1, 1, 2, 0, 2, 0, 15, 17, 31, 27, 13, 18, 21, 27, 21, 12, 26]}, null, null, 123, false, [], false, 0, [], null, 0, 1749051676.9883645, 0, {}]
[{"0": [0, 3, 3, 1, 2, 0, 24, 19, 14, 20, 3, 2, 1, 5, 4, 3, 3]}, null, null, 124, false, [], false, 0, [], null, 0, 1749051677.2771847, 0, {}]
[{"0": [1, 2, 2, 3, 1, 6, 21, 2, 2, 1, 4, 3, 6, 1, 7, 1, 2]}, null, null, 126, false, [], false, 0, [], null, 0, 1749051677.560205, 0, {}]
[{"0": [3, 0, 0, 0, 1, 4, 22, 23, 26, 11, 3, 5, 0, 3, 2, 2, 1]}, null, null, 127, false, [], false, 0, [], null, 0, 1749051677.8483827, 0, {}]
[{"0": [3, 1, 2, 1, 3, 3, 22, 22, 23, 4, 10, 3, 2, 3, 0, 2, 4]}, null, null, 129, false, [], false, 0, [], null, 0, 1749051678.1422927, 0, {}]
[{"0": [4, 2, 3, 1, 4, 2, 24, 7, 4, 5, 2, 4, 2, 4, 2, 0, 2]}, null, null, 130, false, [], false, 0, [], null, 0, 1749051678.4176586, 0, {}]
[{"0": [4, 0, 1, 5, 0, 3, 18, 17, 33, 1, 1, 4, 4, 4, 2, 6, 4]}, null, null, 132, false, [], false, 0, [], null, 0, 1749051678.6870208, 0, {}]
[{"0": [3, 2, 2, 2, 1, 4, 20, 23, 34, 22, 0, 4, 3, 1, 1, 1, 0]}, null, null, 133, false, [], false, 0, [], null, 0, 1749051678.975361, 0, {}]
[{"0": [4, 2, 4, 5, 4, 7, 20, 2, 3, 2, 0, 2, 0, 1, 5, 1, 3]}, null, null, 135, false, [], false, 0, [], null, 0, 1749051679.2489352, 0, {}]
[{"0": [3, 6, 1, 2, 2, 1, 22, 17, 25, 18, 30, 14, 17, 20, 18, 24, 20]}, null, null, 136, false, [], false, 0, [], null, 0, 1749051679.5484293, 0, {}]
[{"0": [0, 0, 2, 3, 3, 3, 19, 18, 18, 19, 35, 25, 2, 1, 1, 1, 6]}, null, null, 138, false, [], false, 0, [], null, 0, 1749051679.8173249, 0, {}]
[{"0": [4, 2, 0, 3, 3, 2, 21, 10, 1, 3, 4, 2, 3, 4, 3, 2, 3]}, null, null, 139, false, [], false, 0, [], null, 0, 1749051680.1030738, 0, {}]
[{"0": [6, 4, 4, 2, 5, 6, 23, 2, 4, 1, 0, 2, 4, 0, 4, 3, 1]}, null, null, 141, false, [], false, 0, [], null, 0, 1749051680.4015658, 0, {}]
[{"0": [2, 3, 1, 2, 0, 0, 14, 31, 0, 3, 2, 4, 3, 3, 3, 3, 4]}, null, null, 142, false, [], false, 0, [], null, 0, 1749051680.6785529, 0, {}]
[{"0": [4, 4, 2, 5, 1, 1, 25, 19, 19, 21, 24, 18, 20, 17, 32, 27, 18]}, null, null, 144, false, [], false, 0, [], null, 0, 1749051680.950839, 0, {}]
[{"0": [2, 2, 2, 2, 1, 5, 23, 6, 3, 2, 3, 4, 2, 4, 0, 4, 5]}, null, null, 145, false, [], false, 0, [], null, 0, 1749051681.2373831, 0, {}]
[{"0": [3, 1, 0, 4, 3, 2, 20, 26, 21, 3, 2, 1, 1, 2, 2, 2, 2]}, null, null, 147, false, [], false, 0, [], null, 0, 1749051681.5364454, 0, {}]
[{"0": [1, 3, 3, 1, 0, 1, 22, 16, 13, 2, 1, 5, 2, 1, 1, 2, 2]}, null, null, 148, false, [], false, 0, [], null, 0, 1749051681.7965221, 0, {}]
[{"0": [2, 2, 4, 0, 2, 1, 25, 20, 1, 2, 5, 0, 3, 1, 2, 0, 1]}, null, null, 150, true, [], false, 0, [], null, 0, 1749051682.0807605, 0, {}]
