[{"0": [2, 3, 1, 2, 23, 24, 2, 0, 5, 2, 2, 5, 1, 4, 5, 2, 4]}, null, null, 0, false, [], false, 0, [], null, 0, 1749051506.9445457, 0, {}]
[{"0": [4, 4, 2, 6, 29, 27, 29, 17, 23, 28, 21, 17, 22, 24, 4, 2, 4]}, null, null, 2, false, [], false, 0, [], null, 0, 1749051507.260806, 0, {}]
[{"0": [2, 4, 3, 1, 19, 17, 16, 19, 22, 18, 23, 34, 26, 25, 16, 23, 22]}, null, null, 3, false, [], false, 0, [], null, 0, 1749051507.5224843, 0, {}]
[{"0": [2, 2, 3, 2, 21, 3, 4, 3, 6, 4, 2, 3, 2, 4, 1, 2, 5]}, null, null, 5, false, [], false, 0, [], null, 0, 1749051507.8080223, 0, {}]
[{"0": [0, 3, 2, 1, 27, 29, 1, 4, 2, 1, 5, 5, 3, 6, 2, 1, 1]}, null, null, 6, false, [], false, 0, [], null, 0, 1749051508.1013238, 0, {}]
[{"0": [2, 3, 2, 1, 23, 29, 26, 25, 15, 20, 14, 15, 2, 1, 2, 5, 4]}, null, null, 8, false, [], false, 0, [], null, 0, 1749051508.388833, 0, {}]
[{"0": [1, 2, 4, 2, 20, 16, 21, 24, 24, 23, 23, 15, 24, 17, 23, 16, 21]}, null, null, 9, false, [], false, 0, [], null, 0, 1749051508.6613965, 0, {}]
[{"0": [3, 0, 3, 1, 23, 25, 18, 16, 2, 1, 1, 4, 1, 4, 4, 4, 0]}, null, null, 11, false, [], false, 0, [], null, 0, 1749051508.9440448, 0, {}]
[{"0": [4, 3, 3, 5, 24, 20, 21, 18, 26, 2, 3, 0, 1, 2, 1, 1, 4]}, null, null, 12, false, [], false, 0, [], null, 0, 1749051509.2342522, 0, {}]
[{"0": [2, 3, 3, 0, 20, 18, 24, 26, 27, 17, 22, 2, 2, 1, 3, 4, 5]}, null, null, 14, false, [], false, 0, [], null, 0, 1749051509.5241306, 0, {}]
[{"0": [1, 4, 2, 3, 28, 32, 27, 22, 5, 3, 5, 3, 4, 2, 2, 4, 5]}, null, null, 15, false, [], false, 0, [], null, 0, 1749051509.8087, 0, {}]
[{"0": [1, 4, 4, 2, 35, 14, 3, 6, 1, 2, 1, 0, 2, 1, 2, 3, 2]}, null, null, 17, false, [], false, 0, [], null, 0, 1749051510.0906625, 0, {}]
[{"0": [3, 1, 1, 3, 14, 24, 14, 22, 26, 19, 21, 0, 2, 1, 4, 2, 3]}, null, null, 18, false, [], false, 0, [], null, 0, 1749051510.3662949, 0, {}]
[{"0": [2, 2, 3, 1, 18, 29, 26, 16, 23, 19, 18, 2, 3, 0, 1, 1, 3]}, null, null, 20, false, [], false, 0, [], null, 0, 1749051510.651724, 0, {}]
[{"0": [14, 23, 18, 26, 19, 24, 25, 23, 21, 2, 2, 1, 3, 1, 2, 3, 3]}, null, null, 21, false, [], false, 0, [], null, 0, 1749051510.9276218, 0, {}]
[{"0": [3, 2, 4, 2, 18, 11, 2, 1, 3, 7, 1, 2, 3, 3, 0, 2, 5]}, null, null, 23, false, [], false, 0, [], null, 0, 1749051511.2179255, 0, {}]
[{"0": [3, 3, 2, 6, 20, 23, 25, 5, 2, 1, 4, 4, 5, 3, 2, 3, 4]}, null, null, 24, false, [], false, 0, [], null, 0, 1749051511.4914758, 0, {}]
[{"0": [1, 2, 9, 5, 28, 28, 21, 22, 19, 3, 2, 3, 1, 3, 3, 2, 1]}, null, null, 26, false, [], false, 0, [], null, 0, 1749051511.7770364, 0, {}]
[{"0": [20, 21, 27, 23, 30, 25, 22, 0, 1, 4, 3, 4, 1, 1, 2, 2, 0]}, null, null, 27, false, [], false, 0, [], null, 0, 1749051512.0684602, 0, {}]
[{"0": [5, 6, 0, 5, 25, 22, 28, 16, 17, 25, 13, 25, 1, 6, 3, 2, 3]}, null, null, 29, false, [], false, 0, [], null, 0, 1749051512.3517377, 0, {}]
[{"0": [5, 3, 1, 2, 24, 3, 2, 6, 1, 3, 3, 4, 5, 2, 0, 0, 3]}, null, null, 30, false, [], false, 0, [], null, 0, 1749051512.6375546, 0, {}]
[{"0": [3, 1, 0, 2, 21, 18, 20, 23, 13, 17, 29, 19, 21, 23, 13, 18, 23]}, null, null, 32, false, [], false, 0, [], null, 0, 1749051512.909868, 0, {}]
[{"0": [2, 6, 2, 3, 18, 19, 0, 4, 4, 2, 3, 2, 3, 5, 4, 5, 1]}, null, null, 33, false, [], false, 0, [], null, 0, 1749051513.2012932, 0, {}]
[{"0": [3, 4, 4, 4, 17, 0, 2, 4, 4, 2, 3, 5, 0, 2, 4, 8, 1]}, null, null, 35, false, [], false, 0, [], null, 0, 1749051513.4955542, 0, {}]
[{"0": [1, 2, 5, 4, 20, 3, 4, 3, 2, 3, 5, 3, 1, 2, 1, 1, 2]}, null, null, 36, false, [], false, 0, [], null, 0, 1749051513.771701, 0, {}]
[{"0": [3, 6, 2, 4, 19, 22, 23, 32, 23, 21, 2, 4, 4, 7, 3, 4, 3]}, null, null, 38, false, [], false, 0, [], null, 0, 1749051514.0614126, 0, {}]
[{"0": [30, 29, 19, 21, 28, 24, 19, 12, 22, 19, 30, 23, 28, 26, 12, 22, 24]}, null, null, 39, false, [], false, 0, [], null, 0, 1749051514.3398533, 0, {}]
[{"0": [0, 0, 2, 5, 28, 25, 14, 18, 29, 23, 21, 29, 14, 15, 24, 16, 26]}, null, null, 41, false, [], false, 0, [], null, 0, 1749051514.6194441, 0, {}]
[{"0": [5, 2, 1, 4, 22, 18, 18, 18, 24, 24, 28, 4, 2, 0, 1, 2, 1]}, null, null, 42, false, [], false, 0, [], null, 0, 1749051514.9119337, 0, {}]
[{"0": [3, 1, 2, 3, 22, 12, 29, 14, 20, 23, 2, 8, 3, 2, 4, 2, 3]}, null, null, 44, false, [], false, 0, [], null, 0, 1749051515.1958961, 0, {}]
[{"0": [4, 4, 4, 5, 25, 4, 3, 0, 2, 4, 4, 2, 2, 2, 1, 1, 3]}, null, null, 45, false, [], false, 0, [], null, 0, 1749051515.4691644, 0, {}]
[{"0": [1, 2, 3, 1, 22, 15, 30, 20, 23, 30, 22, 27, 14, 17, 26, 22, 19]}, null, null, 47, false, [], false, 0, [], null, 0, 1749051515.755074, 0, {}]
[{"0": [4, 3, 3, 5, 16, 29, 21, 15, 4, 5, 2, 0, 3, 2, 4, 1, 3]}, null, null, 48, false, [], false, 0, [], null, 0, 1749051516.0438507, 0, {}]
[{"0": [2, 2, 2, 1, 14, 25, 15, 17, 24, 4, 2, 3, 1, 1, 5, 3, 3]}, null, null, 50, false, [], false, 0, [], null, 0, 1749051516.3208156, 0, {}]
[{"0": [4, 3, 5, 3, 21, 28, 18, 25, 23, 15, 21, 19, 22, 28, 30, 3, 6]}, null, null, 52, false, [], false, 0, [], null, 0, 1749051516.5937614, 0, {}]
[{"0": [1, 3, 4, 1, 19, 23, 11, 18, 4, 3, 2, 3, 1, 1, 1, 3, 4]}, null, null, 53, false, [], false, 0, [], null, 0, 1749051516.890758, 0, {}]
[{"0": [2, 4, 2, 4, 26, 18, 16, 25, 20, 22, 2, 4, 1, 6, 6, 2, 2]}, null, null, 55, false, [], false, 0, [], null, 0, 1749051517.1635416, 0, {}]
[{"0": [1, 4, 1, 3, 17, 24, 24, 19, 20, 25, 19, 21, 17, 25, 22, 27, 16]}, null, null, 56, false, [], false, 0, [], null, 0, 1749051517.442951, 0, {}]
[{"0": [3, 0, 3, 3, 25, 24, 4, 1, 2, 0, 2, 2, 3, 4, 1, 3, 1]}, null, null, 58, false, [], false, 0, [], null, 0, 1749051517.7376988, 0, {}]
[{"0": [3, 3, 2, 2, 19, 26, 2, 4, 4, 1, 1, 3, 4, 2, 2, 1, 2]}, null, null, 59, false, [], false, 0, [], null, 0, 1749051518.0108929, 0, {}]
[{"0": [19, 17, 22, 2, 0, 4, 4, 3, 3, 3, 1, 4, 3, 3, 1, 2, 6]}, null, null, 61, false, [], false, 0, [], null, 0, 1749051518.2990093, 0, {}]
[{"0": [3, 2, 1, 1, 25, 3, 2, 3, 5, 4, 3, 0, 5, 1, 3, 2, 2]}, null, null, 62, false, [], false, 0, [], null, 0, 1749051518.5907087, 0, {}]
[{"0": [4, 3, 3, 1, 28, 15, 30, 21, 20, 25, 22, 24, 2, 2, 2, 2, 5]}, null, null, 64, false, [], false, 0, [], null, 0, 1749051518.8672187, 0, {}]
[{"0": [2, 3, 2, 3, 20, 25, 22, 2, 4, 3, 5, 1, 1, 1, 1, 1, 5]}, null, null, 65, false, [], false, 0, [], null, 0, 1749051519.1531389, 0, {}]
[{"0": [5, 2, 2, 3, 18, 29, 20, 16, 19, 2, 5, 4, 2, 3, 4, 1, 0]}, null, null, 67, false, [], false, 0, [], null, 0, 1749051519.4256375, 0, {}]
[{"0": [2, 1, 3, 3, 27, 21, 30, 13, 19, 28, 23, 2, 1, 3, 3, 1, 3]}, null, null, 68, false, [], false, 0, [], null, 0, 1749051519.7120366, 0, {}]
[{"0": [5, 4, 2, 6, 24, 3, 3, 2, 5, 1, 0, 2, 5, 4, 4, 3, 3]}, null, null, 70, false, [], false, 0, [], null, 0, 1749051519.9921026, 0, {}]
[{"0": [2, 0, 4, 7, 19, 18, 2, 0, 1, 3, 2, 7, 1, 4, 1, 3, 3]}, null, null, 71, false, [], false, 0, [], null, 0, 1749051520.2751882, 0, {}]
[{"0": [3, 2, 3, 7, 22, 12, 19, 16, 2, 3, 1, 0, 2, 2, 1, 1, 1]}, null, null, 73, false, [], false, 0, [], null, 0, 1749051520.5626175, 0, {}]
[{"0": [2, 2, 4, 3, 28, 25, 18, 2, 3, 2, 2, 2, 2, 2, 4, 1, 1]}, null, null, 74, false, [], false, 0, [], null, 0, 1749051520.8419633, 0, {}]
[{"0": [2, 2, 1, 5, 22, 5, 2, 2, 1, 5, 4, 3, 2, 2, 2, 1, 1]}, null, null, 76, false, [], false, 0, [], null, 0, 1749051521.1384947, 0, {}]
[{"0": [6, 6, 3, 3, 18, 2, 5, 2, 2, 3, 5, 2, 1, 7, 1, 5, 2]}, null, null, 77, false, [], false, 0, [], null, 0, 1749051521.421769, 0, {}]
[{"0": [2, 6, 1, 1, 18, 2, 2, 2, 5, 1, 2, 3, 3, 6, 5, 2, 2]}, null, null, 79, false, [], false, 0, [], null, 0, 1749051521.6916168, 0, {}]
[{"0": [6, 4, 4, 5, 20, 1, 2, 4, 1, 2, 5, 1, 4, 3, 2, 1, 4]}, null, null, 80, false, [], false, 0, [], null, 0, 1749051521.9750996, 0, {}]
[{"0": [4, 2, 0, 3, 23, 16, 19, 20, 30, 18, 5, 3, 0, 4, 3, 3, 4]}, null, null, 82, false, [], false, 0, [], null, 0, 1749051522.263704, 0, {}]
[{"0": [3, 2, 0, 2, 32, 21, 23, 22, 22, 25, 22, 16, 18, 27, 21, 32, 19]}, null, null, 83, false, [], false, 0, [], null, 0, 1749051522.546651, 0, {}]
[{"0": [5, 5, 2, 2, 18, 22, 4, 3, 1, 6, 2, 1, 4, 4, 1, 2, 4]}, null, null, 85, false, [], false, 0, [], null, 0, 1749051522.8425539, 0, {}]
[{"0": [4, 1, 2, 1, 14, 19, 29, 16, 16, 22, 21, 16, 16, 15, 18, 23, 18]}, null, null, 86, false, [], false, 0, [], null, 0, 1749051523.1267042, 0, {}]
[{"0": [1, 1, 0, 3, 15, 26, 16, 1, 2, 2, 6, 8, 0, 2, 2, 0, 2]}, null, null, 88, false, [], false, 0, [], null, 0, 1749051523.4062262, 0, {}]
[{"0": [1, 2, 4, 4, 18, 30, 20, 2, 4, 5, 2, 3, 4, 0, 6, 3, 3]}, null, null, 89, false, [], false, 0, [], null, 0, 1749051523.695478, 0, {}]
[{"0": [2, 0, 1, 0, 15, 22, 17, 2, 3, 3, 1, 1, 4, 3, 2, 3, 4]}, null, null, 91, false, [], false, 0, [], null, 0, 1749051523.9698646, 0, {}]
[{"0": [2, 4, 3, 2, 20, 25, 15, 15, 23, 0, 0, 2, 0, 2, 1, 1, 0]}, null, null, 92, false, [], false, 0, [], null, 0, 1749051524.2653828, 0, {}]
[{"0": [5, 8, 5, 3, 13, 23, 23, 17, 20, 25, 4, 3, 2, 1, 3, 2, 4]}, null, null, 94, false, [], false, 0, [], null, 0, 1749051524.5402951, 0, {}]
[{"0": [0, 1, 1, 2, 20, 25, 16, 22, 32, 23, 17, 25, 16, 14, 16, 34, 20]}, null, null, 95, false, [], false, 0, [], null, 0, 1749051524.825409, 0, {}]
[{"0": [1, 3, 3, 1, 21, 12, 3, 2, 2, 7, 0, 3, 3, 2, 2, 6, 0]}, null, null, 97, false, [], false, 0, [], null, 0, 1749051525.1023295, 0, {}]
[{"0": [3, 1, 2, 2, 15, 2, 2, 4, 2, 3, 3, 1, 4, 4, 2, 0, 1]}, null, null, 98, false, [], false, 0, [], null, 0, 1749051525.3766057, 0, {}]
[{"0": [3, 4, 1, 3, 16, 2, 3, 2, 1, 5, 3, 3, 2, 3, 2, 4, 1]}, null, null, 100, false, [], false, 0, [], null, 0, 1749051525.6618278, 0, {}]
[{"0": [3, 1, 1, 5, 22, 4, 1, 1, 2, 2, 2, 1, 3, 4, 3, 2, 4]}, null, null, 102, false, [], false, 0, [], null, 0, 1749051525.942476, 0, {}]
[{"0": [4, 1, 2, 3, 28, 27, 4, 1, 3, 3, 6, 0, 1, 0, 1, 3, 5]}, null, null, 103, false, [], false, 0, [], null, 0, 1749051526.2390113, 0, {}]
[{"0": [7, 1, 3, 3, 22, 16, 24, 20, 17, 16, 19, 20, 23, 29, 24, 17, 17]}, null, null, 105, false, [], false, 0, [], null, 0, 1749051526.5075984, 0, {}]
[{"0": [1, 2, 3, 3, 21, 15, 14, 3, 7, 0, 2, 1, 3, 1, 3, 1, 3]}, null, null, 106, false, [], false, 0, [], null, 0, 1749051526.7932305, 0, {}]
[{"0": [1, 4, 0, 2, 13, 19, 26, 17, 21, 21, 31, 0, 1, 0, 2, 1, 2]}, null, null, 108, false, [], false, 0, [], null, 0, 1749051527.0754054, 0, {}]
[{"0": [1, 1, 2, 4, 19, 4, 3, 3, 2, 1, 2, 1, 0, 3, 2, 4, 2]}, null, null, 109, false, [], false, 0, [], null, 0, 1749051527.372998, 0, {}]
[{"0": [2, 2, 0, 3, 27, 24, 27, 20, 23, 19, 30, 3, 2, 2, 6, 3, 1]}, null, null, 111, false, [], false, 0, [], null, 0, 1749051527.6392593, 0, {}]
[{"0": [1, 3, 0, 3, 18, 3, 5, 1, 1, 4, 2, 3, 3, 3, 6, 1, 0]}, null, null, 112, false, [], false, 0, [], null, 0, 1749051527.9267426, 0, {}]
[{"0": [4, 3, 5, 2, 21, 2, 1, 4, 3, 2, 1, 2, 1, 1, 2, 2, 4]}, null, null, 114, false, [], false, 0, [], null, 0, 1749051528.2214892, 0, {}]
[{"0": [4, 1, 2, 1, 13, 22, 22, 8, 24, 2, 3, 0, 1, 0, 5, 1, 1]}, null, null, 115, false, [], false, 0, [], null, 0, 1749051528.4943173, 0, {}]
[{"0": [2, 1, 1, 3, 25, 18, 21, 19, 24, 3, 3, 2, 2, 2, 1, 1, 2]}, null, null, 117, false, [], false, 0, [], null, 0, 1749051528.793986, 0, {}]
[{"0": [2, 9, 2, 2, 12, 20, 20, 20, 19, 22, 26, 15, 24, 17, 3, 2, 0]}, null, null, 118, false, [], false, 0, [], null, 0, 1749051529.07155, 0, {}]
[{"0": [4, 2, 1, 1, 22, 1, 4, 2, 2, 4, 2, 2, 4, 2, 4, 3, 1]}, null, null, 120, false, [], false, 0, [], null, 0, 1749051529.3590477, 0, {}]
[{"0": [2, 7, 4, 2, 16, 14, 21, 28, 16, 30, 17, 19, 1, 2, 4, 2, 2]}, null, null, 121, false, [], false, 0, [], null, 0, 1749051529.6268647, 0, {}]
[{"0": [1, 0, 1, 3, 24, 22, 18, 2, 1, 0, 1, 3, 1, 3, 2, 3, 4]}, null, null, 123, false, [], false, 0, [], null, 0, 1749051529.9240863, 0, {}]
[{"0": [1, 1, 5, 0, 28, 16, 4, 2, 3, 3, 0, 2, 2, 0, 2, 4, 2]}, null, null, 124, false, [], false, 0, [], null, 0, 1749051530.1975837, 0, {}]
[{"0": [2, 3, 4, 2, 22, 19, 12, 20, 25, 16, 25, 12, 26, 21, 23, 25, 19]}, null, null, 126, false, [], false, 0, [], null, 0, 1749051530.490784, 0, {}]
[{"0": [0, 2, 2, 5, 15, 0, 4, 3, 2, 4, 0, 1, 0, 4, 2, 5, 7]}, null, null, 127, false, [], false, 0, [], null, 0, 1749051530.7757125, 0, {}]
[{"0": [2, 0, 2, 2, 14, 16, 5, 3, 3, 2, 3, 2, 5, 1, 5, 6, 1]}, null, null, 129, false, [], false, 0, [], null, 0, 1749051531.0607824, 0, {}]
[{"0": [5, 1, 1, 0, 24, 22, 2, 1, 1, 4, 3, 4, 4, 3, 3, 1, 3]}, null, null, 130, false, [], false, 0, [], null, 0, 1749051531.3446102, 0, {}]
[{"0": [5, 1, 2, 0, 18, 22, 18, 28, 20, 26, 24, 30, 16, 18, 14, 22, 20]}, null, null, 132, false, [], false, 0, [], null, 0, 1749051531.626652, 0, {}]
[{"0": [1, 1, 1, 4, 17, 1, 4, 3, 0, 2, 2, 2, 4, 2, 3, 1, 0]}, null, null, 133, false, [], false, 0, [], null, 0, 1749051531.9025054, 0, {}]
[{"0": [2, 3, 1, 2, 19, 13, 19, 28, 1, 3, 3, 6, 0, 2, 5, 3, 1]}, null, null, 135, false, [], false, 0, [], null, 0, 1749051532.1768901, 0, {}]
[{"0": [1, 0, 6, 4, 21, 15, 26, 23, 16, 18, 21, 32, 19, 19, 19, 25, 23]}, null, null, 136, false, [], false, 0, [], null, 0, 1749051532.4674366, 0, {}]
[{"0": [3, 4, 2, 3, 22, 25, 3, 1, 4, 2, 2, 1, 3, 2, 4, 0, 1]}, null, null, 138, false, [], false, 0, [], null, 0, 1749051532.744227, 0, {}]
[{"0": [2, 5, 3, 4, 30, 3, 5, 1, 5, 2, 3, 1, 2, 3, 1, 1, 3]}, null, null, 139, false, [], false, 0, [], null, 0, 1749051533.0455263, 0, {}]
[{"0": [2, 4, 2, 1, 12, 17, 29, 15, 23, 29, 21, 24, 20, 2, 5, 1, 0]}, null, null, 141, false, [], false, 0, [], null, 0, 1749051533.32126, 0, {}]
[{"0": [5, 3, 1, 5, 22, 21, 21, 22, 28, 0, 2, 5, 4, 0, 4, 3, 3]}, null, null, 142, false, [], false, 0, [], null, 0, 1749051533.6029215, 0, {}]
[{"0": [2, 2, 2, 2, 19, 15, 2, 1, 7, 1, 2, 1, 0, 6, 2, 3, 6]}, null, null, 144, false, [], false, 0, [], null, 0, 1749051533.8963687, 0, {}]
[{"0": [2, 2, 3, 3, 27, 21, 2, 1, 3, 2, 3, 3, 2, 1, 3, 3, 5]}, null, null, 145, false, [], false, 0, [], null, 0, 1749051534.1669927, 0, {}]
[{"0": [3, 4, 1, 8, 18, 23, 23, 19, 27, 27, 2, 2, 2, 0, 2, 3, 3]}, null, null, 147, false, [], false, 0, [], null, 0, 1749051534.4474497, 0, {}]
[{"0": [3, 6, 6, 0, 12, 14, 25, 26, 13, 19, 23, 2, 3, 0, 2, 5, 1]}, null, null, 148, false, [], false, 0, [], null, 0, 1749051534.7480798, 0, {}]
[{"0": [1, 5, 2, 1, 18, 23, 18, 22, 18, 21, 0, 2, 4, 2, 1, 2, 1]}, null, null, 150, true, [], false, 0, [], null, 0, 1749051535.020507, 0, {}]
