[{"0": [6, 0, 6, 2, 3, 22, 21, 4, 3, 2, 2, 2, 2, 2, 4, 3, 0]}, null, null, 0, false, [], false, 0, [], null, 0, 1749051579.2127278, 0, {}]
[{"0": [3, 1, 1, 2, 1, 23, 5, 2, 2, 3, 0, 1, 3, 0, 4, 3, 2]}, null, null, 2, false, [], false, 0, [], null, 0, 1749051579.5075111, 0, {}]
[{"0": [0, 1, 5, 4, 2, 19, 25, 18, 18, 20, 16, 16, 29, 22, 3, 1, 1]}, null, null, 3, false, [], false, 0, [], null, 0, 1749051579.7893717, 0, {}]
[{"0": [1, 2, 0, 1, 2, 26, 15, 24, 2, 2, 2, 3, 3, 2, 3, 2, 1]}, null, null, 5, false, [], false, 0, [], null, 0, 1749051580.0846624, 0, {}]
[{"0": [2, 4, 0, 2, 3, 28, 14, 5, 1, 3, 1, 2, 3, 0, 5, 2, 1]}, null, null, 6, false, [], false, 0, [], null, 0, 1749051580.3581665, 0, {}]
[{"0": [2, 1, 3, 1, 7, 16, 20, 27, 3, 3, 4, 1, 3, 5, 2, 3, 4]}, null, null, 8, false, [], false, 0, [], null, 0, 1749051580.6406984, 0, {}]
[{"0": [5, 2, 6, 0, 5, 13, 28, 20, 15, 24, 19, 26, 26, 19, 26, 15, 18]}, null, null, 9, false, [], false, 0, [], null, 0, 1749051580.929795, 0, {}]
[{"0": [2, 5, 8, 5, 3, 25, 24, 15, 26, 17, 1, 1, 2, 3, 1, 4, 1]}, null, null, 11, false, [], false, 0, [], null, 0, 1749051581.2160583, 0, {}]
[{"0": [5, 2, 2, 3, 1, 23, 18, 22, 24, 17, 17, 20, 25, 22, 27, 11, 23]}, null, null, 12, false, [], false, 0, [], null, 0, 1749051581.4868805, 0, {}]
[{"0": [3, 3, 0, 2, 1, 25, 18, 19, 23, 6, 2, 4, 1, 0, 2, 4, 3]}, null, null, 14, false, [], false, 0, [], null, 0, 1749051581.7834518, 0, {}]
[{"0": [2, 2, 2, 1, 3, 23, 20, 11, 13, 16, 4, 3, 2, 5, 2, 2, 2]}, null, null, 15, false, [], false, 0, [], null, 0, 1749051582.0725467, 0, {}]
[{"0": [2, 2, 5, 2, 4, 22, 24, 0, 1, 4, 0, 3, 3, 3, 3, 1, 1]}, null, null, 17, false, [], false, 0, [], null, 0, 1749051582.347928, 0, {}]
[{"0": [3, 0, 3, 5, 3, 21, 4, 5, 8, 3, 2, 0, 1, 2, 2, 0, 2]}, null, null, 18, false, [], false, 0, [], null, 0, 1749051582.6339808, 0, {}]
[{"0": [2, 4, 3, 5, 0, 17, 2, 4, 0, 0, 2, 6, 5, 1, 2, 2, 1]}, null, null, 20, false, [], false, 0, [], null, 0, 1749051582.917372, 0, {}]
[{"0": [2, 3, 1, 1, 0, 26, 21, 23, 28, 1, 5, 2, 4, 3, 3, 1, 5]}, null, null, 21, false, [], false, 0, [], null, 0, 1749051583.1942413, 0, {}]
[{"0": [0, 2, 3, 3, 3, 30, 26, 19, 23, 19, 1, 1, 2, 4, 0, 1, 2]}, null, null, 23, false, [], false, 0, [], null, 0, 1749051583.4826095, 0, {}]
[{"0": [2, 2, 0, 1, 4, 27, 2, 4, 5, 5, 4, 2, 8, 2, 0, 2, 1]}, null, null, 24, false, [], false, 0, [], null, 0, 1749051583.7584097, 0, {}]
[{"0": [1, 1, 2, 2, 1, 24, 5, 1, 4, 2, 1, 5, 1, 1, 2, 2, 2]}, null, null, 26, false, [], false, 0, [], null, 0, 1749051584.0552168, 0, {}]
[{"0": [3, 1, 3, 2, 3, 16, 21, 17, 30, 2, 1, 3, 4, 2, 3, 2, 2]}, null, null, 27, false, [], false, 0, [], null, 0, 1749051584.3382692, 0, {}]
[{"0": [3, 3, 2, 3, 2, 15, 5, 3, 5, 1, 4, 0, 1, 3, 5, 1, 2]}, null, null, 29, false, [], false, 0, [], null, 0, 1749051584.6209154, 0, {}]
[{"0": [3, 3, 8, 2, 2, 18, 4, 6, 6, 4, 6, 6, 2, 4, 2, 2, 1]}, null, null, 30, false, [], false, 0, [], null, 0, 1749051584.8998294, 0, {}]
[{"0": [5, 3, 2, 2, 2, 26, 27, 18, 21, 26, 2, 6, 5, 2, 1, 1, 3]}, null, null, 32, false, [], false, 0, [], null, 0, 1749051585.190729, 0, {}]
[{"0": [2, 3, 3, 1, 5, 18, 27, 14, 2, 3, 4, 0, 2, 0, 3, 5, 1]}, null, null, 33, false, [], false, 0, [], null, 0, 1749051585.4531057, 0, {}]
[{"0": [3, 2, 3, 5, 2, 24, 24, 26, 22, 13, 26, 18, 18, 14, 26, 29, 15]}, null, null, 35, false, [], false, 0, [], null, 0, 1749051585.7540329, 0, {}]
[{"0": [4, 2, 1, 2, 3, 29, 22, 21, 17, 23, 19, 27, 22, 27, 1, 1, 4]}, null, null, 36, false, [], false, 0, [], null, 0, 1749051586.0232246, 0, {}]
[{"0": [2, 2, 5, 3, 1, 25, 20, 5, 2, 1, 2, 2, 2, 3, 2, 2, 2]}, null, null, 38, false, [], false, 0, [], null, 0, 1749051586.3026521, 0, {}]
[{"0": [2, 4, 2, 1, 3, 25, 16, 24, 1, 1, 3, 3, 3, 3, 0, 2, 2]}, null, null, 39, false, [], false, 0, [], null, 0, 1749051586.6001868, 0, {}]
[{"0": [1, 0, 1, 0, 3, 27, 23, 25, 22, 24, 24, 17, 21, 13, 22, 23, 21]}, null, null, 41, false, [], false, 0, [], null, 0, 1749051586.8795989, 0, {}]
[{"0": [3, 2, 0, 1, 5, 24, 22, 18, 28, 3, 1, 0, 2, 3, 5, 1, 1]}, null, null, 42, false, [], false, 0, [], null, 0, 1749051587.1669922, 0, {}]
[{"0": [2, 3, 3, 4, 2, 16, 19, 18, 24, 17, 29, 4, 8, 3, 3, 5, 2]}, null, null, 44, false, [], false, 0, [], null, 0, 1749051587.4551408, 0, {}]
[{"0": [2, 5, 0, 3, 3, 17, 19, 18, 22, 26, 22, 21, 18, 30, 24, 23, 11]}, null, null, 45, false, [], false, 0, [], null, 0, 1749051587.7313752, 0, {}]
[{"0": [1, 5, 0, 5, 2, 15, 26, 17, 2, 5, 0, 2, 3, 1, 0, 3, 2]}, null, null, 47, false, [], false, 0, [], null, 0, 1749051588.0094788, 0, {}]
[{"0": [4, 2, 1, 1, 2, 13, 19, 17, 32, 4, 4, 2, 2, 0, 1, 0, 3]}, null, null, 48, false, [], false, 0, [], null, 0, 1749051588.2989597, 0, {}]
[{"0": [2, 0, 4, 3, 3, 12, 19, 17, 17, 3, 0, 4, 5, 3, 3, 2, 6]}, null, null, 50, false, [], false, 0, [], null, 0, 1749051588.5701296, 0, {}]
[{"0": [3, 4, 2, 4, 0, 26, 22, 20, 18, 24, 20, 3, 1, 1, 2, 2, 2]}, null, null, 52, false, [], false, 0, [], null, 0, 1749051588.8612008, 0, {}]
[{"0": [0, 2, 3, 1, 2, 18, 13, 14, 28, 25, 18, 19, 24, 20, 20, 24, 3]}, null, null, 53, false, [], false, 0, [], null, 0, 1749051589.1542523, 0, {}]
[{"0": [4, 3, 2, 0, 4, 18, 3, 1, 4, 6, 2, 1, 1, 2, 1, 1, 6]}, null, null, 55, false, [], false, 0, [], null, 0, 1749051589.4266007, 0, {}]
[{"0": [3, 1, 3, 2, 3, 14, 24, 21, 17, 19, 28, 24, 27, 26, 1, 0, 0]}, null, null, 56, false, [], false, 0, [], null, 0, 1749051589.7066312, 0, {}]
[{"0": [3, 3, 2, 3, 3, 16, 24, 22, 22, 26, 15, 24, 19, 19, 19, 21, 22]}, null, null, 58, false, [], false, 0, [], null, 0, 1749051589.9833546, 0, {}]
[{"0": [2, 4, 3, 2, 3, 15, 23, 15, 17, 18, 21, 25, 1, 1, 4, 0, 1]}, null, null, 59, false, [], false, 0, [], null, 0, 1749051590.2835615, 0, {}]
[{"0": [1, 4, 2, 0, 1, 16, 0, 4, 3, 2, 5, 0, 2, 2, 2, 2, 2]}, null, null, 61, false, [], false, 0, [], null, 0, 1749051590.570965, 0, {}]
[{"0": [3, 5, 1, 2, 1, 25, 17, 17, 18, 18, 19, 2, 4, 4, 2, 2, 1]}, null, null, 62, false, [], false, 0, [], null, 0, 1749051590.8376925, 0, {}]
[{"0": [0, 2, 3, 6, 3, 20, 22, 18, 18, 16, 22, 25, 22, 19, 22, 19, 21]}, null, null, 64, false, [], false, 0, [], null, 0, 1749051591.136668, 0, {}]
[{"0": [1, 2, 2, 4, 4, 19, 3, 3, 4, 4, 5, 1, 4, 1, 3, 3, 1]}, null, null, 65, false, [], false, 0, [], null, 0, 1749051591.3986838, 0, {}]
[{"0": [2, 0, 3, 2, 4, 19, 25, 21, 25, 23, 4, 3, 1, 5, 4, 2, 1]}, null, null, 67, false, [], false, 0, [], null, 0, 1749051591.6855898, 0, {}]
[{"0": [5, 1, 1, 7, 2, 5, 2, 3, 3, 2, 4, 2, 2, 4, 3, 3, 3]}, null, null, 68, false, [], false, 0, [], null, 0, 1749051591.9834473, 0, {}]
[{"0": [3, 3, 1, 2, 1, 21, 16, 25, 23, 22, 25, 21, 24, 17, 25, 22, 18]}, null, null, 70, false, [], false, 0, [], null, 0, 1749051592.2658827, 0, {}]
[{"0": [4, 2, 2, 3, 1, 20, 20, 22, 18, 20, 2, 5, 3, 5, 1, 2, 5]}, null, null, 71, false, [], false, 0, [], null, 0, 1749051592.5391693, 0, {}]
[{"0": [4, 4, 2, 6, 3, 30, 23, 4, 1, 3, 2, 3, 3, 1, 5, 1, 2]}, null, null, 73, false, [], false, 0, [], null, 0, 1749051592.8258147, 0, {}]
[{"0": [5, 2, 3, 1, 2, 31, 21, 21, 1, 1, 2, 6, 1, 4, 3, 3, 3]}, null, null, 74, false, [], false, 0, [], null, 0, 1749051593.1060731, 0, {}]
[{"0": [3, 0, 2, 6, 0, 19, 2, 0, 5, 3, 4, 2, 0, 3, 2, 3, 1]}, null, null, 76, false, [], false, 0, [], null, 0, 1749051593.394308, 0, {}]
[{"0": [0, 1, 2, 0, 3, 26, 30, 18, 23, 1, 1, 2, 3, 4, 2, 2, 2]}, null, null, 77, false, [], false, 0, [], null, 0, 1749051593.6657062, 0, {}]
[{"0": [1, 6, 4, 4, 1, 24, 31, 23, 28, 29, 26, 21, 15, 16, 25, 24, 20]}, null, null, 79, false, [], false, 0, [], null, 0, 1749051593.9735441, 0, {}]
[{"0": [4, 2, 5, 1, 3, 19, 20, 4, 0, 2, 1, 2, 1, 1, 2, 4, 1]}, null, null, 80, false, [], false, 0, [], null, 0, 1749051594.240163, 0, {}]
[{"0": [1, 1, 3, 3, 3, 21, 24, 22, 24, 2, 1, 0, 2, 2, 2, 1, 1]}, null, null, 82, false, [], false, 0, [], null, 0, 1749051594.5306656, 0, {}]
[{"0": [2, 1, 3, 3, 5, 17, 17, 24, 23, 22, 25, 17, 15, 18, 20, 17, 24]}, null, null, 83, false, [], false, 0, [], null, 0, 1749051594.8145115, 0, {}]
[{"0": [0, 3, 3, 1, 2, 24, 0, 1, 2, 2, 1, 2, 3, 2, 1, 3, 3]}, null, null, 85, false, [], false, 0, [], null, 0, 1749051595.099684, 0, {}]
[{"0": [3, 2, 0, 3, 1, 21, 25, 20, 23, 1, 3, 1, 1, 3, 1, 2, 1]}, null, null, 86, false, [], false, 0, [], null, 0, 1749051595.3838558, 0, {}]
[{"0": [5, 1, 1, 2, 3, 22, 23, 2, 1, 3, 0, 3, 4, 2, 7, 2, 0]}, null, null, 88, false, [], false, 0, [], null, 0, 1749051595.658864, 0, {}]
[{"0": [3, 5, 1, 2, 1, 27, 22, 23, 22, 1, 5, 4, 5, 2, 2, 2, 2]}, null, null, 89, false, [], false, 0, [], null, 0, 1749051595.9437132, 0, {}]
[{"0": [1, 5, 3, 5, 1, 29, 1, 2, 1, 0, 1, 3, 2, 1, 3, 0, 2]}, null, null, 91, false, [], false, 0, [], null, 0, 1749051596.2323987, 0, {}]
[{"0": [5, 3, 0, 4, 2, 23, 25, 19, 6, 1, 1, 2, 2, 5, 4, 1, 5]}, null, null, 92, false, [], false, 0, [], null, 0, 1749051596.499042, 0, {}]
[{"0": [5, 2, 3, 5, 4, 24, 25, 27, 1, 2, 2, 4, 7, 2, 4, 1, 2]}, null, null, 94, false, [], false, 0, [], null, 0, 1749051596.800501, 0, {}]
[{"0": [1, 1, 0, 3, 3, 22, 2, 4, 4, 7, 4, 3, 2, 1, 4, 4, 2]}, null, null, 95, false, [], false, 0, [], null, 0, 1749051597.081723, 0, {}]
[{"0": [2, 1, 4, 1, 5, 21, 16, 24, 2, 3, 4, 2, 5, 5, 2, 3, 1]}, null, null, 97, false, [], false, 0, [], null, 0, 1749051597.3623447, 0, {}]
[{"0": [5, 2, 2, 5, 4, 15, 29, 3, 4, 0, 1, 3, 3, 2, 3, 1, 1]}, null, null, 98, false, [], false, 0, [], null, 0, 1749051597.6502442, 0, {}]
[{"0": [5, 0, 3, 3, 4, 18, 15, 23, 16, 23, 24, 26, 27, 20, 20, 19, 20]}, null, null, 100, false, [], false, 0, [], null, 0, 1749051597.9298816, 0, {}]
[{"0": [0, 1, 4, 2, 0, 19, 25, 1, 3, 1, 2, 1, 0, 3, 3, 3, 3]}, null, null, 102, false, [], false, 0, [], null, 0, 1749051598.2140872, 0, {}]
[{"0": [2, 2, 0, 3, 1, 29, 20, 28, 25, 18, 4, 3, 4, 0, 4, 1, 4]}, null, null, 103, false, [], false, 0, [], null, 0, 1749051598.4947946, 0, {}]
[{"0": [2, 3, 2, 5, 2, 29, 26, 5, 3, 4, 1, 3, 3, 0, 7, 1, 2]}, null, null, 105, false, [], false, 0, [], null, 0, 1749051598.77639, 0, {}]
[{"0": [1, 2, 3, 3, 3, 17, 7, 1, 3, 3, 3, 4, 1, 2, 3, 2, 2]}, null, null, 106, false, [], false, 0, [], null, 0, 1749051599.0649123, 0, {}]
[{"0": [1, 1, 3, 3, 5, 21, 1, 1, 1, 1, 4, 3, 0, 1, 0, 0, 5]}, null, null, 108, false, [], false, 0, [], null, 0, 1749051599.3292284, 0, {}]
[{"0": [3, 2, 3, 2, 2, 16, 23, 24, 4, 3, 4, 3, 8, 1, 2, 5, 1]}, null, null, 109, false, [], false, 0, [], null, 0, 1749051599.6185331, 0, {}]
[{"0": [3, 0, 2, 4, 5, 28, 16, 2, 2, 2, 2, 2, 2, 2, 1, 1, 4]}, null, null, 111, false, [], false, 0, [], null, 0, 1749051599.9192088, 0, {}]
[{"0": [3, 2, 1, 1, 1, 17, 19, 23, 3, 3, 0, 2, 7, 1, 7, 2, 2]}, null, null, 112, false, [], false, 0, [], null, 0, 1749051600.1793082, 0, {}]
[{"0": [2, 2, 2, 0, 4, 13, 25, 22, 22, 21, 25, 14, 14, 18, 24, 27, 18]}, null, null, 114, false, [], false, 0, [], null, 0, 1749051600.4634259, 0, {}]
[{"0": [3, 2, 2, 1, 4, 25, 25, 18, 26, 7, 16, 23, 28, 3, 2, 2, 2]}, null, null, 115, false, [], false, 0, [], null, 0, 1749051600.7457998, 0, {}]
[{"0": [1, 4, 6, 3, 1, 21, 17, 22, 23, 16, 23, 28, 1, 2, 4, 1, 3]}, null, null, 117, false, [], false, 0, [], null, 0, 1749051601.0281827, 0, {}]
[{"0": [2, 2, 1, 2, 2, 22, 21, 17, 3, 2, 0, 4, 3, 3, 2, 4, 5]}, null, null, 118, false, [], false, 0, [], null, 0, 1749051601.3322437, 0, {}]
[{"0": [1, 4, 1, 6, 4, 15, 21, 12, 23, 21, 1, 3, 3, 7, 3, 2, 3]}, null, null, 120, false, [], false, 0, [], null, 0, 1749051601.5954034, 0, {}]
[{"0": [5, 2, 2, 4, 5, 15, 20, 20, 23, 3, 2, 2, 4, 2, 2, 6, 2]}, null, null, 121, false, [], false, 0, [], null, 0, 1749051601.88299, 0, {}]
[{"0": [2, 4, 4, 1, 2, 21, 24, 2, 2, 3, 0, 5, 1, 3, 2, 3, 4]}, null, null, 123, false, [], false, 0, [], null, 0, 1749051602.1691937, 0, {}]
[{"0": [2, 4, 4, 4, 1, 14, 19, 27, 1, 2, 2, 4, 1, 2, 3, 2, 5]}, null, null, 124, false, [], false, 0, [], null, 0, 1749051602.4444454, 0, {}]
[{"0": [0, 0, 4, 2, 1, 26, 26, 31, 22, 25, 17, 4, 5, 5, 4, 3, 3]}, null, null, 126, false, [], false, 0, [], null, 0, 1749051602.7272367, 0, {}]
[{"0": [1, 3, 2, 3, 0, 19, 25, 5, 4, 0, 1, 3, 1, 0, 2, 1, 2]}, null, null, 127, false, [], false, 0, [], null, 0, 1749051603.0157275, 0, {}]
[{"0": [1, 4, 4, 4, 4, 14, 29, 6, 1, 3, 1, 8, 0, 6, 3, 4, 4]}, null, null, 129, false, [], false, 0, [], null, 0, 1749051603.3138764, 0, {}]
[{"0": [3, 4, 1, 0, 3, 18, 23, 14, 19, 24, 28, 1, 0, 4, 2, 1, 2]}, null, null, 130, false, [], false, 0, [], null, 0, 1749051603.5860994, 0, {}]
[{"0": [2, 4, 2, 4, 5, 20, 23, 5, 2, 0, 4, 5, 3, 3, 2, 5, 2]}, null, null, 132, false, [], false, 0, [], null, 0, 1749051603.865584, 0, {}]
[{"0": [2, 1, 2, 2, 4, 18, 17, 23, 16, 29, 22, 25, 13, 28, 26, 20, 23]}, null, null, 133, false, [], false, 0, [], null, 0, 1749051604.1424341, 0, {}]
[{"0": [4, 0, 2, 1, 1, 24, 19, 20, 25, 3, 3, 3, 0, 4, 2, 4, 1]}, null, null, 135, false, [], false, 0, [], null, 0, 1749051604.4442143, 0, {}]
[{"0": [2, 5, 3, 3, 4, 18, 1, 2, 2, 0, 0, 3, 1, 0, 2, 6, 4]}, null, null, 136, false, [], false, 0, [], null, 0, 1749051604.7311356, 0, {}]
[{"0": [4, 3, 3, 4, 5, 25, 26, 23, 10, 18, 25, 22, 15, 22, 21, 25, 20]}, null, null, 138, false, [], false, 0, [], null, 0, 1749051604.9946122, 0, {}]
[{"0": [3, 2, 1, 1, 3, 17, 2, 3, 4, 3, 3, 2, 1, 2, 5, 5, 5]}, null, null, 139, false, [], false, 0, [], null, 0, 1749051605.2838717, 0, {}]
[{"0": [2, 2, 6, 3, 3, 17, 4, 0, 4, 4, 2, 1, 2, 1, 4, 1, 1]}, null, null, 141, false, [], false, 0, [], null, 0, 1749051605.5603018, 0, {}]
[{"0": [3, 1, 3, 2, 2, 21, 22, 6, 1, 1, 4, 3, 0, 0, 5, 1, 1]}, null, null, 142, false, [], false, 0, [], null, 0, 1749051605.84368, 0, {}]
[{"0": [2, 3, 1, 2, 0, 1, 4, 4, 1, 3, 0, 1, 4, 1, 4, 2, 3]}, null, null, 144, false, [], false, 0, [], null, 0, 1749051606.1310127, 0, {}]
[{"0": [2, 1, 0, 4, 3, 25, 21, 25, 22, 18, 24, 27, 20, 13, 17, 23, 19]}, null, null, 145, false, [], false, 0, [], null, 0, 1749051606.4287593, 0, {}]
[{"0": [2, 5, 4, 1, 2, 14, 28, 0, 4, 4, 1, 2, 3, 0, 5, 2, 5]}, null, null, 147, false, [], false, 0, [], null, 0, 1749051606.7138848, 0, {}]
[{"0": [2, 3, 2, 3, 4, 28, 4, 2, 1, 1, 5, 1, 1, 1, 1, 3, 1]}, null, null, 148, false, [], false, 0, [], null, 0, 1749051606.9779441, 0, {}]
[{"0": [3, 2, 5, 3, 3, 19, 23, 17, 14, 24, 17, 17, 18, 18, 3, 2, 3]}, null, null, 150, true, [], false, 0, [], null, 0, 1749051607.2688682, 0, {}]
