[{"0": [1, 6, 1, 3, 3, 1, 0, 4, 0, 0, 4, 4, 2, 28]}, null, null, 0, false, [], false, 0, [], null, 0, 1744254738.7386355, 0, {}]
[{"0": [0, 2, 0, 0, 4, 1, 4, 2, 3, 1, 1, 0, 38, 42]}, null, null, 1, false, [], false, 0, [], null, 0, 1744254738.9515495, 0, {}]
[{"0": [0, 2, 1, 3, 2, 0, 3, 8, 1, 3, 3, 2, 1, 38]}, null, null, 1, false, [], false, 0, [], null, 0, 1744254739.1262736, 0, {}]
[{"0": [1, 2, 1, 2, 3, 1, 1, 4, 2, 0, 1, 2, 2, 29]}, null, null, 2, false, [], false, 0, [], null, 0, 1744254739.302159, 0, {}]
[{"0": [2, 2, 4, 1, 1, 31, 1, 2, 3, 3, 3, 1, 2, 1]}, null, null, 2, false, [], false, 0, [], null, 0, 1744254739.4858005, 0, {}]
[{"0": [2, 3, 2, 2, 0, 1, 1, 0, 0, 3, 41, 45, 4, 1]}, null, null, 3, false, [], false, 0, [], null, 0, 1744254739.6844668, 0, {}]
[{"0": [4, 2, 6, 1, 0, 1, 1, 4, 3, 3, 42, 41, 37, 50]}, null, null, 4, false, [], false, 0, [], null, 0, 1744254739.873428, 0, {}]
[{"0": [2, 1, 2, 2, 1, 0, 2, 1, 5, 2, 0, 3, 29, 26]}, null, null, 4, false, [], false, 0, [], null, 0, 1744254740.0491223, 0, {}]
[{"0": [0, 0, 0, 2, 3, 32, 0, 1, 2, 3, 1, 0, 3, 2]}, null, null, 5, false, [], false, 0, [], null, 0, 1744254740.218879, 0, {}]
[{"0": [5, 0, 1, 4, 1, 5, 2, 0, 1, 1, 3, 4, 2, 26]}, null, null, 5, false, [], false, 0, [], null, 0, 1744254740.419797, 0, {}]
[{"0": [0, 0, 1, 1, 0, 3, 3, 2, 9, 1, 4, 5, 0, 43]}, null, null, 6, false, [], false, 0, [], null, 0, 1744254740.593476, 0, {}]
[{"0": [5, 1, 3, 4, 3, 1, 0, 3, 1, 2, 36, 42, 34, 2]}, null, null, 7, false, [], false, 0, [], null, 0, 1744254740.7657268, 0, {}]
[{"0": [0, 2, 1, 1, 0, 26, 48, 3, 0, 1, 1, 2, 1, 5]}, null, null, 7, false, [], false, 0, [], null, 0, 1744254740.9512587, 0, {}]
[{"0": [0, 2, 1, 2, 2, 2, 6, 39, 42, 48, 44, 30, 45, 37]}, null, null, 8, false, [], false, 0, [], null, 0, 1744254741.1431842, 0, {}]
[{"0": [1, 0, 2, 1, 3, 2, 3, 3, 0, 0, 0, 3, 32, 40]}, null, null, 8, false, [], false, 0, [], null, 0, 1744254741.3288772, 0, {}]
[{"0": [2, 3, 1, 0, 1, 1, 4, 2, 1, 1, 41, 37, 3, 1]}, null, null, 9, false, [], false, 0, [], null, 0, 1744254741.5209854, 0, {}]
[{"0": [0, 3, 3, 1, 2, 0, 0, 0, 33, 32, 37, 1, 0, 2]}, null, null, 10, false, [], false, 0, [], null, 0, 1744254741.6958547, 0, {}]
[{"0": [1, 0, 44, 35, 38, 41, 31, 40, 27, 2, 7, 1, 1, 1]}, null, null, 10, false, [], false, 0, [], null, 0, 1744254741.888166, 0, {}]
[{"0": [0, 1, 6, 1, 2, 32, 44, 38, 39, 43, 2, 3, 1, 5]}, null, null, 11, false, [], false, 0, [], null, 0, 1744254742.0657024, 0, {}]
[{"0": [3, 0, 2, 0, 0, 2, 3, 0, 34, 40, 35, 0, 2, 0]}, null, null, 11, false, [], false, 0, [], null, 0, 1744254742.2469783, 0, {}]
[{"0": [0, 0, 3, 3, 1, 3, 1, 1, 40, 40, 1, 2, 5, 0]}, null, null, 12, false, [], false, 0, [], null, 0, 1744254742.4283926, 0, {}]
[{"0": [0, 1, 1, 2, 1, 3, 3, 3, 1, 2, 3, 3, 1, 34]}, null, null, 13, false, [], false, 0, [], null, 0, 1744254742.6190007, 0, {}]
[{"0": [2, 1, 4, 3, 2, 31, 35, 6, 2, 0, 5, 3, 0, 2]}, null, null, 13, false, [], false, 0, [], null, 0, 1744254742.79361, 0, {}]
[{"0": [4, 6, 4, 1, 4, 2, 3, 0, 2, 1, 2, 34, 42, 37]}, null, null, 14, false, [], false, 0, [], null, 0, 1744254742.98375, 0, {}]
[{"0": [4, 3, 1, 4, 2, 1, 0, 30, 32, 3, 0, 5, 1, 4]}, null, null, 14, false, [], false, 0, [], null, 0, 1744254743.163962, 0, {}]
[{"0": [2, 1, 0, 2, 1, 1, 1, 0, 2, 2, 2, 1, 1, 37]}, null, null, 15, false, [], false, 0, [], null, 0, 1744254743.3354158, 0, {}]
[{"0": [2, 1, 2, 0, 3, 2, 3, 2, 1, 2, 1, 3, 4, 34]}, null, null, 16, false, [], false, 0, [], null, 0, 1744254743.5386617, 0, {}]
[{"0": [0, 4, 2, 2, 4, 2, 3, 1, 1, 1, 1, 3, 39, 25]}, null, null, 16, false, [], false, 0, [], null, 0, 1744254743.7218494, 0, {}]
[{"0": [4, 0, 2, 5, 1, 1, 0, 1, 1, 2, 26, 34, 32, 5]}, null, null, 17, false, [], false, 0, [], null, 0, 1744254743.8971515, 0, {}]
[{"0": [2, 1, 43, 44, 34, 1, 2, 4, 2, 3, 4, 2, 2, 2]}, null, null, 17, false, [], false, 0, [], null, 0, 1744254744.0860372, 0, {}]
[{"0": [3, 2, 2, 2, 1, 1, 2, 2, 33, 43, 37, 1, 1, 2]}, null, null, 18, false, [], false, 0, [], null, 0, 1744254744.2602935, 0, {}]
[{"0": [3, 2, 2, 1, 3, 4, 3, 2, 0, 2, 42, 44, 1, 0]}, null, null, 19, false, [], false, 0, [], null, 0, 1744254744.4539075, 0, {}]
[{"0": [2, 2, 26, 41, 42, 36, 42, 39, 33, 27, 32, 41, 34, 41]}, null, null, 19, false, [], false, 0, [], null, 0, 1744254744.621264, 0, {}]
[{"0": [3, 2, 3, 33, 27, 0, 6, 1, 3, 1, 3, 2, 1, 4]}, null, null, 20, false, [], false, 0, [], null, 0, 1744254744.8057575, 0, {}]
[{"0": [2, 0, 0, 2, 2, 2, 3, 39, 32, 33, 35, 44, 32, 1]}, null, null, 20, false, [], false, 0, [], null, 0, 1744254745.0077937, 0, {}]
[{"0": [3, 2, 1, 30, 42, 42, 40, 28, 37, 36, 41, 32, 46, 35]}, null, null, 21, false, [], false, 0, [], null, 0, 1744254745.1820667, 0, {}]
[{"0": [1, 3, 5, 0, 2, 46, 43, 51, 40, 38, 32, 38, 4, 2]}, null, null, 22, false, [], false, 0, [], null, 0, 1744254745.353045, 0, {}]
[{"0": [42, 28, 29, 40, 0, 1, 0, 1, 2, 3, 3, 1, 3, 0]}, null, null, 22, false, [], false, 0, [], null, 0, 1744254745.5493855, 0, {}]
[{"0": [0, 1, 0, 43, 43, 45, 0, 1, 1, 3, 2, 2, 4, 0]}, null, null, 23, false, [], false, 0, [], null, 0, 1744254745.7210276, 0, {}]
[{"0": [2, 0, 3, 2, 3, 3, 0, 5, 4, 3, 32, 38, 56, 42]}, null, null, 23, false, [], false, 0, [], null, 0, 1744254745.922054, 0, {}]
[{"0": [2, 2, 3, 1, 4, 0, 1, 2, 1, 35, 32, 22, 34, 38]}, null, null, 24, false, [], false, 0, [], null, 0, 1744254746.102531, 0, {}]
[{"0": [4, 3, 2, 5, 4, 3, 2, 1, 4, 2, 2, 1, 31, 1]}, null, null, 25, false, [], false, 0, [], null, 0, 1744254746.2927701, 0, {}]
[{"0": [3, 4, 0, 2, 2, 1, 2, 0, 4, 3, 2, 3, 48, 33]}, null, null, 25, false, [], false, 0, [], null, 0, 1744254746.4779162, 0, {}]
[{"0": [4, 0, 1, 3, 1, 3, 2, 1, 6, 1, 2, 1, 1, 34]}, null, null, 26, false, [], false, 0, [], null, 0, 1744254746.642278, 0, {}]
[{"0": [1, 2, 1, 2, 5, 4, 0, 2, 2, 3, 1, 0, 35, 30]}, null, null, 27, false, [], false, 0, [], null, 0, 1744254746.8383312, 0, {}]
[{"0": [0, 3, 0, 47, 33, 2, 2, 2, 4, 1, 2, 3, 2, 3]}, null, null, 27, false, [], false, 0, [], null, 0, 1744254747.0212142, 0, {}]
[{"0": [2, 0, 39, 33, 32, 46, 39, 3, 2, 1, 2, 2, 2, 3]}, null, null, 28, false, [], false, 0, [], null, 0, 1744254747.1983979, 0, {}]
[{"0": [2, 1, 3, 0, 2, 33, 4, 5, 0, 4, 5, 3, 1, 1]}, null, null, 28, false, [], false, 0, [], null, 0, 1744254747.3924148, 0, {}]
[{"0": [1, 0, 0, 2, 2, 4, 2, 4, 2, 0, 1, 1, 4, 3]}, null, null, 29, false, [], false, 0, [], null, 0, 1744254747.5719607, 0, {}]
[{"0": [0, 1, 0, 2, 2, 41, 45, 33, 29, 26, 5, 0, 4, 3]}, null, null, 30, false, [], false, 0, [], null, 0, 1744254747.7508962, 0, {}]
[{"0": [3, 0, 1, 4, 1, 3, 39, 3, 0, 2, 2, 2, 1, 4]}, null, null, 30, false, [], false, 0, [], null, 0, 1744254747.9262693, 0, {}]
[{"0": [1, 1, 1, 1, 2, 2, 1, 4, 4, 4, 37, 41, 36, 28]}, null, null, 31, false, [], false, 0, [], null, 0, 1744254748.123436, 0, {}]
[{"0": [2, 5, 4, 4, 0, 0, 1, 2, 3, 2, 2, 1, 4, 40]}, null, null, 31, false, [], false, 0, [], null, 0, 1744254748.303676, 0, {}]
[{"0": [0, 2, 2, 2, 0, 3, 3, 1, 3, 35, 2, 1, 1, 8]}, null, null, 32, false, [], false, 0, [], null, 0, 1744254748.48475, 0, {}]
[{"0": [0, 2, 2, 2, 2, 6, 0, 30, 37, 43, 29, 43, 6, 1]}, null, null, 33, false, [], false, 0, [], null, 0, 1744254748.6783762, 0, {}]
[{"0": [2, 1, 37, 46, 5, 1, 1, 0, 6, 1, 3, 3, 2, 1]}, null, null, 33, false, [], false, 0, [], null, 0, 1744254748.8615918, 0, {}]
[{"0": [0, 3, 3, 1, 1, 1, 3, 3, 0, 47, 38, 30, 36, 29]}, null, null, 34, false, [], false, 0, [], null, 0, 1744254749.0438452, 0, {}]
[{"0": [2, 6, 1, 1, 38, 41, 1, 1, 6, 2, 0, 6, 1, 2]}, null, null, 34, false, [], false, 0, [], null, 0, 1744254749.2208, 0, {}]
[{"0": [3, 3, 25, 39, 38, 2, 2, 2, 5, 1, 1, 1, 4, 2]}, null, null, 35, false, [], false, 0, [], null, 0, 1744254749.4006863, 0, {}]
[{"0": [37, 45, 41, 35, 47, 44, 37, 4, 2, 3, 1, 1, 1, 1]}, null, null, 36, false, [], false, 0, [], null, 0, 1744254749.5916092, 0, {}]
[{"0": [4, 2, 2, 1, 0, 3, 1, 4, 2, 3, 2, 33, 37, 0]}, null, null, 36, false, [], false, 0, [], null, 0, 1744254749.772737, 0, {}]
[{"0": [3, 1, 33, 3, 3, 0, 0, 0, 4, 4, 3, 4, 1, 4]}, null, null, 37, false, [], false, 0, [], null, 0, 1744254749.9510477, 0, {}]
[{"0": [0, 6, 2, 3, 0, 2, 5, 3, 2, 31, 2, 0, 2, 3]}, null, null, 37, false, [], false, 0, [], null, 0, 1744254750.1284552, 0, {}]
[{"0": [2, 2, 7, 2, 2, 28, 29, 36, 33, 0, 4, 6, 1, 2]}, null, null, 38, false, [], false, 0, [], null, 0, 1744254750.324095, 0, {}]
[{"0": [5, 2, 3, 2, 32, 26, 42, 33, 29, 30, 2, 8, 4, 3]}, null, null, 39, false, [], false, 0, [], null, 0, 1744254750.509957, 0, {}]
[{"0": [1, 1, 40, 31, 1, 2, 1, 2, 3, 4, 3, 3, 1, 1]}, null, null, 39, false, [], false, 0, [], null, 0, 1744254750.674364, 0, {}]
[{"0": [1, 3, 0, 2, 3, 1, 1, 0, 2, 4, 4, 3, 2, 50]}, null, null, 40, false, [], false, 0, [], null, 0, 1744254750.875387, 0, {}]
[{"0": [3, 1, 2, 2, 3, 2, 2, 0, 2, 2, 3, 44, 39, 1]}, null, null, 40, false, [], false, 0, [], null, 0, 1744254751.0423806, 0, {}]
[{"0": [5, 2, 0, 2, 0, 0, 2, 3, 32, 45, 32, 31, 39, 34]}, null, null, 41, false, [], false, 0, [], null, 0, 1744254751.2359707, 0, {}]
[{"0": [2, 0, 2, 3, 1, 1, 3, 44, 39, 40, 43, 27, 50, 2]}, null, null, 42, false, [], false, 0, [], null, 0, 1744254751.425109, 0, {}]
[{"0": [1, 1, 2, 3, 2, 2, 38, 45, 22, 0, 5, 0, 1, 1]}, null, null, 42, false, [], false, 0, [], null, 0, 1744254751.604286, 0, {}]
[{"0": [3, 0, 3, 0, 4, 0, 3, 1, 2, 1, 48, 36, 2, 1]}, null, null, 43, false, [], false, 0, [], null, 0, 1744254751.7751393, 0, {}]
[{"0": [2, 0, 3, 1, 34, 35, 3, 2, 5, 0, 2, 3, 4, 0]}, null, null, 43, false, [], false, 0, [], null, 0, 1744254751.9685307, 0, {}]
[{"0": [6, 0, 6, 1, 1, 2, 24, 40, 35, 43, 35, 0, 4, 2]}, null, null, 44, false, [], false, 0, [], null, 0, 1744254752.1616657, 0, {}]
[{"0": [3, 0, 34, 33, 44, 37, 41, 33, 34, 38, 35, 31, 36, 30]}, null, null, 45, false, [], false, 0, [], null, 0, 1744254752.3294208, 0, {}]
[{"0": [3, 4, 2, 0, 0, 0, 1, 3, 1, 2, 2, 4, 4, 33]}, null, null, 45, false, [], false, 0, [], null, 0, 1744254752.509741, 0, {}]
[{"0": [3, 1, 1, 2, 0, 2, 35, 40, 36, 43, 1, 2, 2, 1]}, null, null, 46, false, [], false, 0, [], null, 0, 1744254752.710277, 0, {}]
[{"0": [3, 0, 6, 29, 35, 33, 41, 34, 37, 37, 32, 34, 0, 1]}, null, null, 46, false, [], false, 0, [], null, 0, 1744254752.8941061, 0, {}]
[{"0": [1, 1, 32, 38, 42, 36, 35, 40, 33, 26, 38, 28, 48, 2]}, null, null, 47, false, [], false, 0, [], null, 0, 1744254753.0636518, 0, {}]
[{"0": [1, 5, 0, 3, 35, 0, 2, 1, 3, 1, 2, 1, 1, 1]}, null, null, 48, false, [], false, 0, [], null, 0, 1744254753.2420418, 0, {}]
[{"0": [5, 1, 3, 2, 37, 35, 4, 1, 5, 2, 2, 3, 3, 3]}, null, null, 48, false, [], false, 0, [], null, 0, 1744254753.4318433, 0, {}]
[{"0": [1, 2, 33, 35, 49, 35, 38, 1, 2, 3, 2, 4, 2, 1]}, null, null, 49, false, [], false, 0, [], null, 0, 1744254753.6229198, 0, {}]
[{"0": [0, 3, 4, 25, 35, 31, 30, 33, 51, 36, 28, 36, 1, 5]}, null, null, 49, false, [], false, 0, [], null, 0, 1744254753.8022373, 0, {}]
[{"0": [1, 1, 4, 2, 1, 3, 1, 3, 2, 30, 2, 3, 0, 2]}, null, null, 50, false, [], false, 0, [], null, 0, 1744254753.9737058, 0, {}]
[{"0": [30, 42, 36, 29, 31, 40, 37, 38, 33, 43, 25, 37, 26, 0]}, null, null, 51, false, [], false, 0, [], null, 0, 1744254754.1738112, 0, {}]
[{"0": [2, 0, 1, 2, 3, 2, 1, 2, 3, 36, 39, 32, 40, 33]}, null, null, 51, false, [], false, 0, [], null, 0, 1744254754.3502676, 0, {}]
[{"0": [1, 1, 0, 0, 37, 34, 35, 4, 2, 4, 2, 3, 3, 1]}, null, null, 52, false, [], false, 0, [], null, 0, 1744254754.5406177, 0, {}]
[{"0": [2, 3, 3, 1, 2, 3, 2, 0, 3, 0, 1, 4, 3, 42]}, null, null, 52, false, [], false, 0, [], null, 0, 1744254754.7263196, 0, {}]
[{"0": [4, 1, 2, 2, 3, 3, 2, 1, 1, 1, 1, 1, 2, 40]}, null, null, 53, false, [], false, 0, [], null, 0, 1744254754.8980112, 0, {}]
[{"0": [1, 3, 1, 32, 36, 2, 1, 1, 3, 3, 2, 0, 3, 2]}, null, null, 54, false, [], false, 0, [], null, 0, 1744254755.093541, 0, {}]
[{"0": [3, 1, 3, 0, 1, 0, 2, 2, 2, 34, 43, 34, 3, 2]}, null, null, 54, false, [], false, 0, [], null, 0, 1744254755.2698205, 0, {}]
[{"0": [2, 0, 1, 2, 3, 0, 0, 30, 37, 39, 29, 34, 34, 40]}, null, null, 55, false, [], false, 0, [], null, 0, 1744254755.4605842, 0, {}]
[{"0": [0, 0, 0, 0, 1, 0, 3, 3, 1, 2, 1, 29, 38, 6]}, null, null, 55, false, [], false, 0, [], null, 0, 1744254755.6449485, 0, {}]
[{"0": [2, 5, 5, 0, 4, 1, 3, 0, 40, 43, 32, 26, 32, 38]}, null, null, 56, false, [], false, 0, [], null, 0, 1744254755.828031, 0, {}]
[{"0": [1, 5, 4, 1, 40, 45, 39, 1, 2, 2, 2, 4, 3, 2]}, null, null, 57, false, [], false, 0, [], null, 0, 1744254756.0049796, 0, {}]
[{"0": [3, 1, 1, 3, 0, 3, 0, 2, 2, 4, 3, 0, 1, 25]}, null, null, 57, false, [], false, 0, [], null, 0, 1744254756.1940415, 0, {}]
[{"0": [1, 0, 4, 1, 1, 1, 1, 0, 2, 2, 2, 18, 32, 36]}, null, null, 58, false, [], false, 0, [], null, 0, 1744254756.367167, 0, {}]
[{"0": [1, 0, 4, 1, 1, 3, 36, 35, 0, 2, 1, 3, 1, 2]}, null, null, 58, false, [], false, 0, [], null, 0, 1744254756.545165, 0, {}]
[{"0": [0, 3, 1, 2, 3, 45, 43, 3, 3, 2, 0, 3, 2, 0]}, null, null, 59, false, [], false, 0, [], null, 0, 1744254756.748128, 0, {}]
[{"0": [3, 2, 3, 3, 0, 1, 4, 1, 46, 2, 1, 2, 0, 1]}, null, null, 60, false, [], false, 0, [], null, 0, 1744254756.9215956, 0, {}]
[{"0": [1, 1, 1, 3, 2, 2, 2, 2, 4, 46, 32, 38, 44, 37]}, null, null, 60, false, [], false, 0, [], null, 0, 1744254757.114813, 0, {}]
[{"0": [1, 2, 1, 2, 3, 2, 31, 41, 36, 42, 41, 36, 0, 3]}, null, null, 61, false, [], false, 0, [], null, 0, 1744254757.292892, 0, {}]
[{"0": [1, 2, 1, 43, 36, 37, 38, 4, 2, 1, 1, 5, 3, 1]}, null, null, 61, false, [], false, 0, [], null, 0, 1744254757.4620128, 0, {}]
[{"0": [1, 2, 2, 2, 42, 23, 26, 18, 38, 38, 32, 1, 2, 4]}, null, null, 62, false, [], false, 0, [], null, 0, 1744254757.662104, 0, {}]
[{"0": [3, 3, 3, 1, 2, 2, 2, 1, 3, 1, 1, 2, 3, 27]}, null, null, 63, false, [], false, 0, [], null, 0, 1744254757.8353379, 0, {}]
[{"0": [2, 1, 3, 1, 1, 2, 35, 25, 37, 42, 34, 39, 43, 29]}, null, null, 63, false, [], false, 0, [], null, 0, 1744254758.0323205, 0, {}]
[{"0": [1, 3, 1, 2, 2, 0, 0, 2, 1, 2, 3, 3, 1, 35]}, null, null, 64, false, [], false, 0, [], null, 0, 1744254758.1948001, 0, {}]
[{"0": [0, 4, 2, 0, 35, 2, 1, 1, 4, 1, 1, 2, 1, 3]}, null, null, 64, false, [], false, 0, [], null, 0, 1744254758.3895726, 0, {}]
[{"0": [1, 1, 0, 29, 33, 45, 1, 3, 1, 1, 1, 1, 3, 0]}, null, null, 65, false, [], false, 0, [], null, 0, 1744254758.5808444, 0, {}]
[{"0": [2, 1, 45, 2, 2, 2, 0, 4, 2, 3, 2, 1, 4, 3]}, null, null, 66, false, [], false, 0, [], null, 0, 1744254758.762393, 0, {}]
[{"0": [2, 3, 36, 1, 2, 2, 1, 0, 1, 5, 2, 4, 2, 1]}, null, null, 66, false, [], false, 0, [], null, 0, 1744254758.9396923, 0, {}]
[{"0": [4, 3, 5, 0, 3, 2, 4, 1, 4, 31, 36, 2, 2, 0]}, null, null, 67, false, [], false, 0, [], null, 0, 1744254759.12217, 0, {}]
[{"0": [1, 2, 2, 0, 2, 3, 3, 2, 2, 34, 43, 34, 31, 35]}, null, null, 67, false, [], false, 0, [], null, 0, 1744254759.3113225, 0, {}]
[{"0": [2, 3, 3, 42, 1, 1, 3, 2, 3, 0, 2, 3, 1, 2]}, null, null, 68, false, [], false, 0, [], null, 0, 1744254759.4849498, 0, {}]
[{"0": [1, 1, 1, 2, 32, 29, 35, 39, 41, 37, 42, 38, 4, 4]}, null, null, 69, false, [], false, 0, [], null, 0, 1744254759.6777298, 0, {}]
[{"0": [1, 4, 2, 1, 3, 1, 0, 1, 45, 37, 42, 3, 2, 2]}, null, null, 69, false, [], false, 0, [], null, 0, 1744254759.8546503, 0, {}]
[{"0": [0, 2, 1, 0, 1, 1, 0, 1, 0, 4, 3, 1, 2, 25]}, null, null, 70, false, [], false, 0, [], null, 0, 1744254760.0410895, 0, {}]
[{"0": [9, 4, 2, 2, 4, 2, 1, 3, 3, 1, 0, 2, 1, 39]}, null, null, 70, false, [], false, 0, [], null, 0, 1744254760.2275386, 0, {}]
[{"0": [0, 1, 1, 2, 0, 5, 1, 2, 1, 2, 2, 0, 1, 35]}, null, null, 71, false, [], false, 0, [], null, 0, 1744254760.4078882, 0, {}]
[{"0": [1, 1, 2, 2, 2, 2, 0, 3, 32, 36, 32, 2, 3, 3]}, null, null, 72, false, [], false, 0, [], null, 0, 1744254760.5949242, 0, {}]
[{"0": [2, 6, 2, 5, 2, 6, 5, 46, 34, 29, 39, 46, 0, 2]}, null, null, 72, false, [], false, 0, [], null, 0, 1744254760.769706, 0, {}]
[{"0": [1, 2, 1, 3, 37, 37, 45, 53, 40, 0, 1, 2, 3, 1]}, null, null, 73, false, [], false, 0, [], null, 0, 1744254760.9606643, 0, {}]
[{"0": [8, 2, 2, 0, 1, 2, 3, 5, 2, 32, 48, 39, 37, 42]}, null, null, 73, false, [], false, 0, [], null, 0, 1744254761.1450243, 0, {}]
[{"0": [4, 1, 2, 1, 3, 2, 3, 42, 35, 37, 44, 32, 31, 38]}, null, null, 74, false, [], false, 0, [], null, 0, 1744254761.3255823, 0, {}]
[{"0": [4, 2, 2, 1, 1, 2, 4, 2, 5, 34, 0, 1, 1, 2]}, null, null, 75, false, [], false, 0, [], null, 0, 1744254761.5189464, 0, {}]
[{"0": [1, 2, 2, 1, 1, 42, 39, 30, 35, 2, 3, 3, 1, 6]}, null, null, 75, false, [], false, 0, [], null, 0, 1744254761.688494, 0, {}]
[{"0": [2, 2, 0, 2, 2, 4, 0, 3, 37, 35, 31, 37, 29, 37]}, null, null, 76, false, [], false, 0, [], null, 0, 1744254761.8828082, 0, {}]
[{"0": [2, 1, 3, 3, 3, 4, 2, 0, 0, 0, 0, 40, 34, 3]}, null, null, 77, false, [], false, 0, [], null, 0, 1744254762.055253, 0, {}]
[{"0": [1, 0, 4, 0, 2, 1, 2, 4, 3, 4, 1, 1, 32, 39]}, null, null, 77, false, [], false, 0, [], null, 0, 1744254762.247278, 0, {}]
[{"0": [0, 3, 4, 1, 37, 33, 29, 31, 40, 36, 0, 3, 1, 3]}, null, null, 78, false, [], false, 0, [], null, 0, 1744254762.4155765, 0, {}]
[{"0": [0, 0, 6, 2, 1, 4, 2, 0, 0, 5, 4, 30, 30, 1]}, null, null, 78, false, [], false, 0, [], null, 0, 1744254762.6083724, 0, {}]
[{"0": [3, 1, 0, 0, 1, 4, 2, 1, 4, 31, 44, 35, 32, 35]}, null, null, 79, false, [], false, 0, [], null, 0, 1744254762.7813072, 0, {}]
[{"0": [3, 1, 1, 36, 2, 2, 6, 1, 0, 3, 1, 1, 1, 1]}, null, null, 80, false, [], false, 0, [], null, 0, 1744254762.9691205, 0, {}]
[{"0": [4, 2, 1, 0, 4, 3, 2, 2, 2, 1, 1, 3, 4, 28]}, null, null, 80, false, [], false, 0, [], null, 0, 1744254763.1573763, 0, {}]
[{"0": [0, 3, 2, 2, 5, 3, 3, 0, 2, 27, 28, 35, 3, 2]}, null, null, 81, false, [], false, 0, [], null, 0, 1744254763.3317847, 0, {}]
[{"0": [4, 2, 0, 4, 2, 1, 1, 2, 1, 36, 32, 1, 3, 1]}, null, null, 81, false, [], false, 0, [], null, 0, 1744254763.5265243, 0, {}]
[{"0": [4, 3, 0, 2, 2, 2, 1, 1, 1, 0, 2, 1, 24, 36]}, null, null, 82, false, [], false, 0, [], null, 0, 1744254763.701463, 0, {}]
[{"0": [4, 1, 3, 2, 1, 1, 3, 2, 2, 1, 1, 37, 2, 1]}, null, null, 83, false, [], false, 0, [], null, 0, 1744254763.8867922, 0, {}]
[{"0": [4, 1, 3, 2, 5, 3, 37, 31, 28, 30, 38, 32, 28, 30]}, null, null, 83, false, [], false, 0, [], null, 0, 1744254764.0771382, 0, {}]
[{"0": [0, 3, 0, 0, 0, 3, 2, 38, 42, 29, 37, 41, 34, 38]}, null, null, 84, false, [], false, 0, [], null, 0, 1744254764.2662992, 0, {}]
[{"0": [1, 1, 1, 1, 3, 2, 2, 0, 0, 2, 3, 4, 3, 24]}, null, null, 84, false, [], false, 0, [], null, 0, 1744254764.4287567, 0, {}]
[{"0": [1, 4, 1, 3, 2, 1, 1, 32, 30, 31, 0, 3, 3, 3]}, null, null, 85, false, [], false, 0, [], null, 0, 1744254764.625643, 0, {}]
[{"0": [3, 3, 1, 0, 2, 6, 3, 1, 1, 1, 3, 3, 1, 46]}, null, null, 86, false, [], false, 0, [], null, 0, 1744254764.8054338, 0, {}]
[{"0": [5, 3, 2, 2, 2, 3, 36, 4, 3, 1, 2, 1, 4, 3]}, null, null, 86, false, [], false, 0, [], null, 0, 1744254764.9984803, 0, {}]
[{"0": [2, 0, 4, 1, 2, 2, 0, 4, 1, 6, 1, 2, 3, 38]}, null, null, 87, false, [], false, 0, [], null, 0, 1744254765.1775312, 0, {}]
[{"0": [3, 1, 3, 1, 2, 1, 35, 26, 28, 38, 34, 1, 4, 0]}, null, null, 87, false, [], false, 0, [], null, 0, 1744254765.3652203, 0, {}]
[{"0": [3, 1, 30, 34, 34, 2, 1, 0, 2, 6, 1, 0, 2, 2]}, null, null, 88, false, [], false, 0, [], null, 0, 1744254765.5393355, 0, {}]
[{"0": [1, 2, 3, 1, 3, 1, 4, 2, 3, 33, 28, 1, 3, 0]}, null, null, 89, false, [], false, 0, [], null, 0, 1744254765.7188945, 0, {}]
[{"0": [37, 37, 43, 26, 1, 3, 4, 1, 2, 0, 1, 4, 5, 4]}, null, null, 89, false, [], false, 0, [], null, 0, 1744254765.9059386, 0, {}]
[{"0": [2, 1, 1, 2, 2, 2, 0, 3, 1, 24, 19, 29, 29, 30]}, null, null, 90, false, [], false, 0, [], null, 0, 1744254766.0971055, 0, {}]
[{"0": [4, 1, 6, 0, 2, 4, 31, 2, 0, 3, 1, 2, 1, 2]}, null, null, 90, false, [], false, 0, [], null, 0, 1744254766.276957, 0, {}]
[{"0": [0, 6, 3, 2, 3, 2, 3, 1, 0, 1, 4, 2, 2, 27]}, null, null, 91, false, [], false, 0, [], null, 0, 1744254766.4670906, 0, {}]
[{"0": [1, 4, 1, 2, 0, 2, 5, 3, 1, 0, 3, 30, 45, 1]}, null, null, 92, false, [], false, 0, [], null, 0, 1744254766.652634, 0, {}]
[{"0": [2, 1, 3, 0, 2, 4, 4, 1, 1, 3, 1, 1, 2, 3]}, null, null, 92, false, [], false, 0, [], null, 0, 1744254766.820896, 0, {}]
[{"0": [3, 3, 1, 1, 2, 2, 1, 2, 3, 2, 1, 2, 3, 28]}, null, null, 93, false, [], false, 0, [], null, 0, 1744254767.013837, 0, {}]
[{"0": [4, 5, 23, 27, 28, 37, 29, 36, 41, 38, 35, 32, 2, 1]}, null, null, 93, false, [], false, 0, [], null, 0, 1744254767.2008584, 0, {}]
[{"0": [2, 1, 3, 5, 1, 1, 5, 1, 1, 1, 40, 24, 35, 2]}, null, null, 94, false, [], false, 0, [], null, 0, 1744254767.3775353, 0, {}]
[{"0": [2, 1, 6, 1, 1, 3, 2, 1, 3, 1, 1, 3, 3, 33]}, null, null, 95, false, [], false, 0, [], null, 0, 1744254767.5673878, 0, {}]
[{"0": [3, 1, 3, 1, 1, 4, 2, 0, 3, 27, 34, 31, 25, 40]}, null, null, 95, false, [], false, 0, [], null, 0, 1744254767.7457726, 0, {}]
[{"0": [6, 1, 1, 1, 3, 2, 1, 0, 0, 6, 36, 40, 43, 5]}, null, null, 96, false, [], false, 0, [], null, 0, 1744254767.926178, 0, {}]
[{"0": [3, 0, 1, 2, 0, 2, 2, 1, 0, 1, 1, 24, 37, 4]}, null, null, 96, false, [], false, 0, [], null, 0, 1744254768.1186204, 0, {}]
[{"0": [0, 1, 1, 41, 38, 35, 39, 42, 32, 37, 38, 37, 1, 2]}, null, null, 97, false, [], false, 0, [], null, 0, 1744254768.2968595, 0, {}]
[{"0": [0, 1, 2, 2, 0, 38, 36, 46, 29, 31, 38, 42, 44, 37]}, null, null, 98, false, [], false, 0, [], null, 0, 1744254768.4853792, 0, {}]
[{"0": [3, 2, 2, 0, 33, 42, 33, 39, 50, 28, 36, 29, 34, 29]}, null, null, 98, false, [], false, 0, [], null, 0, 1744254768.6703506, 0, {}]
[{"0": [1, 4, 3, 2, 3, 2, 34, 23, 30, 32, 31, 25, 32, 20]}, null, null, 99, false, [], false, 0, [], null, 0, 1744254768.845827, 0, {}]
[{"0": [2, 2, 1, 3, 1, 1, 0, 0, 1, 31, 40, 3, 4, 3]}, null, null, 99, false, [], false, 0, [], null, 0, 1744254769.0293162, 0, {}]
[{"0": [4, 0, 2, 1, 2, 2, 5, 2, 3, 4, 41, 4, 1, 2]}, null, null, 100, false, [], false, 0, [], null, 0, 1744254769.211961, 0, {}]
[{"0": [41, 30, 39, 29, 24, 43, 3, 0, 1, 1, 4, 1, 2, 2]}, null, null, 101, false, [], false, 0, [], null, 0, 1744254769.3885448, 0, {}]
[{"0": [3, 3, 3, 0, 0, 1, 1, 1, 0, 37, 3, 1, 0, 3]}, null, null, 101, false, [], false, 0, [], null, 0, 1744254769.5834992, 0, {}]
[{"0": [3, 5, 0, 2, 3, 2, 0, 1, 3, 2, 2, 28, 42, 3]}, null, null, 102, false, [], false, 0, [], null, 0, 1744254769.7611876, 0, {}]
[{"0": [0, 2, 1, 1, 0, 1, 4, 3, 0, 38, 39, 30, 0, 3]}, null, null, 102, false, [], false, 0, [], null, 0, 1744254769.9457705, 0, {}]
[{"0": [31, 33, 32, 0, 1, 5, 4, 3, 2, 4, 3, 0, 1, 0]}, null, null, 103, false, [], false, 0, [], null, 0, 1744254770.1258547, 0, {}]
[{"0": [0, 2, 3, 1, 32, 50, 38, 2, 2, 2, 4, 1, 4, 0]}, null, null, 104, false, [], false, 0, [], null, 0, 1744254770.3210714, 0, {}]
[{"0": [3, 1, 3, 1, 0, 40, 44, 0, 1, 4, 4, 5, 1, 0]}, null, null, 104, false, [], false, 0, [], null, 0, 1744254770.500484, 0, {}]
[{"0": [1, 2, 5, 0, 1, 1, 2, 1, 2, 2, 4, 39, 34, 36]}, null, null, 105, false, [], false, 0, [], null, 0, 1744254770.67387, 0, {}]
[{"0": [2, 1, 0, 20, 2, 0, 2, 2, 1, 4, 1, 0, 4, 3]}, null, null, 105, false, [], false, 0, [], null, 0, 1744254770.8645034, 0, {}]
[{"0": [3, 1, 3, 5, 37, 2, 1, 2, 1, 1, 1, 2, 1, 3]}, null, null, 106, false, [], false, 0, [], null, 0, 1744254771.0438678, 0, {}]
[{"0": [1, 2, 1, 4, 1, 0, 3, 34, 41, 39, 2, 0, 5, 0]}, null, null, 107, false, [], false, 0, [], null, 0, 1744254771.2260609, 0, {}]
[{"0": [2, 2, 1, 2, 2, 27, 31, 44, 31, 3, 2, 2, 0, 2]}, null, null, 107, false, [], false, 0, [], null, 0, 1744254771.4148395, 0, {}]
[{"0": [1, 2, 1, 2, 1, 2, 33, 41, 3, 3, 2, 2, 2, 4]}, null, null, 108, false, [], false, 0, [], null, 0, 1744254771.6046062, 0, {}]
[{"0": [2, 1, 4, 1, 3, 1, 4, 1, 38, 40, 0, 3, 2, 1]}, null, null, 108, false, [], false, 0, [], null, 0, 1744254771.7861795, 0, {}]
[{"0": [3, 2, 3, 1, 1, 1, 1, 0, 1, 1, 2, 44, 40, 3]}, null, null, 109, false, [], false, 0, [], null, 0, 1744254771.9707735, 0, {}]
[{"0": [2, 2, 3, 1, 3, 4, 2, 1, 36, 1, 2, 1, 2, 2]}, null, null, 110, false, [], false, 0, [], null, 0, 1744254772.1421926, 0, {}]
[{"0": [7, 3, 1, 1, 1, 6, 28, 3, 3, 1, 0, 0, 1, 4]}, null, null, 110, false, [], false, 0, [], null, 0, 1744254772.3202336, 0, {}]
[{"0": [0, 2, 3, 3, 3, 1, 1, 0, 31, 40, 29, 28, 43, 35]}, null, null, 111, false, [], false, 0, [], null, 0, 1744254772.5201366, 0, {}]
[{"0": [1, 1, 37, 1, 3, 2, 3, 3, 3, 1, 0, 1, 2, 1]}, null, null, 111, false, [], false, 0, [], null, 0, 1744254772.6998043, 0, {}]
[{"0": [3, 0, 6, 4, 1, 26, 35, 34, 41, 29, 0, 2, 0, 3]}, null, null, 112, false, [], false, 0, [], null, 0, 1744254772.876706, 0, {}]
[{"0": [1, 1, 0, 2, 3, 0, 1, 0, 0, 25, 0, 1, 0, 1]}, null, null, 113, false, [], false, 0, [], null, 0, 1744254773.0688455, 0, {}]
[{"0": [1, 1, 1, 4, 2, 41, 38, 31, 33, 39, 35, 28, 36, 42]}, null, null, 113, false, [], false, 0, [], null, 0, 1744254773.2494526, 0, {}]
[{"0": [0, 2, 5, 3, 2, 28, 29, 40, 30, 38, 35, 35, 0, 5]}, null, null, 114, false, [], false, 0, [], null, 0, 1744254773.430959, 0, {}]
[{"0": [4, 2, 32, 30, 44, 50, 41, 36, 0, 2, 1, 8, 1, 7]}, null, null, 114, false, [], false, 0, [], null, 0, 1744254773.6049175, 0, {}]
[{"0": [1, 5, 1, 37, 3, 1, 2, 2, 1, 1, 4, 1, 2, 1]}, null, null, 115, false, [], false, 0, [], null, 0, 1744254773.793191, 0, {}]
[{"0": [0, 1, 2, 2, 6, 38, 41, 5, 1, 1, 5, 0, 7, 2]}, null, null, 116, false, [], false, 0, [], null, 0, 1744254773.9886866, 0, {}]
[{"0": [0, 2, 4, 2, 0, 3, 3, 2, 3, 4, 2, 37, 2, 2]}, null, null, 116, false, [], false, 0, [], null, 0, 1744254774.1745021, 0, {}]
[{"0": [4, 0, 2, 0, 2, 2, 2, 3, 2, 2, 1, 1, 37, 3]}, null, null, 117, false, [], false, 0, [], null, 0, 1744254774.3503273, 0, {}]
[{"0": [35, 33, 41, 0, 1, 1, 1, 1, 1, 1, 2, 2, 3, 2]}, null, null, 117, false, [], false, 0, [], null, 0, 1744254774.5278006, 0, {}]
[{"0": [1, 3, 4, 5, 2, 1, 5, 3, 0, 3, 0, 1, 4, 34]}, null, null, 118, false, [], false, 0, [], null, 0, 1744254774.7063332, 0, {}]
[{"0": [0, 2, 2, 5, 2, 1, 3, 2, 2, 3, 0, 3, 1, 35]}, null, null, 119, false, [], false, 0, [], null, 0, 1744254774.899455, 0, {}]
[{"0": [2, 5, 1, 3, 1, 5, 0, 1, 1, 2, 0, 6, 32, 33]}, null, null, 119, false, [], false, 0, [], null, 0, 1744254775.087519, 0, {}]
[{"0": [2, 0, 3, 0, 2, 0, 4, 4, 2, 5, 5, 2, 27, 37]}, null, null, 120, false, [], false, 0, [], null, 0, 1744254775.2698598, 0, {}]
[{"0": [0, 1, 3, 0, 2, 1, 2, 2, 4, 1, 0, 45, 2, 2]}, null, null, 120, false, [], false, 0, [], null, 0, 1744254775.4385338, 0, {}]
[{"0": [3, 2, 1, 3, 1, 39, 36, 1, 2, 2, 3, 3, 1, 2]}, null, null, 121, false, [], false, 0, [], null, 0, 1744254775.6421838, 0, {}]
[{"0": [1, 1, 35, 1, 1, 3, 2, 3, 1, 0, 2, 2, 2, 3]}, null, null, 122, false, [], false, 0, [], null, 0, 1744254775.8255095, 0, {}]
[{"0": [4, 0, 1, 3, 3, 1, 2, 42, 40, 28, 33, 39, 45, 39]}, null, null, 122, false, [], false, 0, [], null, 0, 1744254775.9966033, 0, {}]
[{"0": [0, 1, 0, 0, 5, 1, 2, 3, 1, 2, 1, 5, 1, 40]}, null, null, 123, false, [], false, 0, [], null, 0, 1744254776.183664, 0, {}]
[{"0": [0, 1, 0, 3, 4, 3, 3, 0, 1, 35, 37, 1, 2, 3]}, null, null, 123, false, [], false, 0, [], null, 0, 1744254776.3758645, 0, {}]
[{"0": [2, 2, 1, 2, 1, 1, 45, 33, 37, 2, 0, 4, 3, 2]}, null, null, 124, false, [], false, 0, [], null, 0, 1744254776.5505831, 0, {}]
[{"0": [3, 2, 3, 6, 2, 2, 3, 1, 2, 2, 3, 25, 2, 3]}, null, null, 125, false, [], false, 0, [], null, 0, 1744254776.7429876, 0, {}]
[{"0": [2, 5, 29, 39, 1, 3, 3, 0, 2, 1, 1, 0, 1, 0]}, null, null, 125, false, [], false, 0, [], null, 0, 1744254776.9060156, 0, {}]
[{"0": [0, 3, 3, 3, 0, 2, 37, 32, 35, 43, 36, 30, 3, 5]}, null, null, 126, false, [], false, 0, [], null, 0, 1744254777.1004338, 0, {}]
[{"0": [3, 2, 0, 3, 1, 1, 1, 3, 2, 34, 31, 33, 1, 6]}, null, null, 127, false, [], false, 0, [], null, 0, 1744254777.2826173, 0, {}]
[{"0": [1, 2, 0, 34, 29, 37, 38, 36, 35, 39, 39, 39, 30, 35]}, null, null, 127, false, [], false, 0, [], null, 0, 1744254777.4747126, 0, {}]
[{"0": [3, 0, 4, 1, 1, 1, 1, 2, 1, 31, 1, 1, 1, 2]}, null, null, 128, false, [], false, 0, [], null, 0, 1744254777.646288, 0, {}]
[{"0": [1, 1, 1, 1, 4, 1, 5, 0, 0, 1, 1, 2, 2, 33]}, null, null, 128, false, [], false, 0, [], null, 0, 1744254777.837014, 0, {}]
[{"0": [2, 2, 4, 2, 2, 2, 3, 3, 3, 2, 0, 1, 2, 46]}, null, null, 129, false, [], false, 0, [], null, 0, 1744254778.0283766, 0, {}]
[{"0": [2, 1, 3, 3, 1, 1, 1, 0, 23, 36, 43, 34, 46, 34]}, null, null, 130, false, [], false, 0, [], null, 0, 1744254778.1973574, 0, {}]
[{"0": [1, 1, 1, 0, 0, 3, 4, 1, 1, 29, 25, 33, 1, 2]}, null, null, 130, false, [], false, 0, [], null, 0, 1744254778.3903923, 0, {}]
[{"0": [3, 0, 0, 1, 44, 4, 3, 2, 1, 2, 2, 2, 4, 3]}, null, null, 131, false, [], false, 0, [], null, 0, 1744254778.5667334, 0, {}]
[{"0": [1, 1, 3, 3, 1, 0, 0, 41, 47, 31, 31, 38, 0, 2]}, null, null, 131, false, [], false, 0, [], null, 0, 1744254778.7566013, 0, {}]
[{"0": [2, 3, 2, 4, 4, 0, 2, 2, 1, 2, 2, 4, 1, 30]}, null, null, 132, false, [], false, 0, [], null, 0, 1744254778.927697, 0, {}]
[{"0": [4, 2, 3, 1, 1, 2, 2, 0, 45, 23, 44, 1, 0, 2]}, null, null, 133, false, [], false, 0, [], null, 0, 1744254779.127401, 0, {}]
[{"0": [2, 6, 4, 44, 39, 0, 4, 3, 1, 1, 1, 4, 4, 1]}, null, null, 133, false, [], false, 0, [], null, 0, 1744254779.3131604, 0, {}]
[{"0": [1, 2, 4, 1, 1, 2, 3, 0, 4, 40, 1, 2, 1, 1]}, null, null, 134, false, [], false, 0, [], null, 0, 1744254779.486891, 0, {}]
[{"0": [0, 2, 1, 2, 4, 2, 2, 2, 1, 0, 2, 42, 31, 2]}, null, null, 134, false, [], false, 0, [], null, 0, 1744254779.6780806, 0, {}]
[{"0": [0, 0, 1, 2, 1, 1, 3, 2, 1, 0, 0, 2, 4, 32]}, null, null, 135, false, [], false, 0, [], null, 0, 1744254779.8526573, 0, {}]
[{"0": [3, 4, 4, 0, 4, 2, 0, 3, 3, 4, 1, 4, 2, 36]}, null, null, 136, false, [], false, 0, [], null, 0, 1744254780.0386708, 0, {}]
[{"0": [2, 3, 3, 4, 1, 4, 0, 1, 0, 0, 1, 2, 4, 40]}, null, null, 136, false, [], false, 0, [], null, 0, 1744254780.2197258, 0, {}]
[{"0": [4, 3, 5, 1, 1, 4, 1, 3, 1, 1, 43, 49, 19, 39]}, null, null, 137, false, [], false, 0, [], null, 0, 1744254780.4115136, 0, {}]
[{"0": [3, 3, 4, 4, 3, 1, 1, 4, 1, 1, 4, 1, 3, 29]}, null, null, 137, false, [], false, 0, [], null, 0, 1744254780.5861444, 0, {}]
[{"0": [1, 1, 0, 2, 1, 0, 3, 0, 33, 30, 34, 39, 36, 6]}, null, null, 138, false, [], false, 0, [], null, 0, 1744254780.7755284, 0, {}]
[{"0": [1, 1, 2, 2, 1, 1, 2, 4, 3, 3, 3, 1, 2, 44]}, null, null, 139, false, [], false, 0, [], null, 0, 1744254780.9487882, 0, {}]
[{"0": [3, 1, 2, 5, 0, 6, 0, 1, 2, 4, 4, 2, 2, 40]}, null, null, 139, false, [], false, 0, [], null, 0, 1744254781.1364844, 0, {}]
[{"0": [3, 3, 6, 1, 43, 42, 33, 33, 1, 2, 0, 1, 3, 0]}, null, null, 140, false, [], false, 0, [], null, 0, 1744254781.3236063, 0, {}]
[{"0": [1, 2, 3, 3, 40, 32, 35, 35, 39, 35, 40, 37, 27, 45]}, null, null, 140, false, [], false, 0, [], null, 0, 1744254781.5143476, 0, {}]
[{"0": [1, 1, 0, 1, 2, 1, 0, 2, 3, 1, 2, 0, 39, 25]}, null, null, 141, false, [], false, 0, [], null, 0, 1744254781.688566, 0, {}]
[{"0": [0, 1, 2, 4, 2, 1, 2, 30, 29, 4, 0, 4, 2, 4]}, null, null, 142, false, [], false, 0, [], null, 0, 1744254781.867211, 0, {}]
[{"0": [0, 0, 5, 3, 0, 1, 2, 3, 49, 30, 39, 25, 31, 31]}, null, null, 142, false, [], false, 0, [], null, 0, 1744254782.0606174, 0, {}]
[{"0": [1, 1, 0, 0, 2, 4, 1, 0, 6, 2, 5, 3, 2, 35]}, null, null, 143, false, [], false, 0, [], null, 0, 1744254782.2286766, 0, {}]
[{"0": [0, 2, 1, 5, 0, 38, 37, 3, 1, 2, 1, 1, 2, 1]}, null, null, 143, false, [], false, 0, [], null, 0, 1744254782.4230278, 0, {}]
[{"0": [3, 0, 1, 2, 1, 5, 3, 0, 1, 0, 33, 49, 3, 2]}, null, null, 144, false, [], false, 0, [], null, 0, 1744254782.612837, 0, {}]
[{"0": [2, 2, 43, 28, 34, 28, 33, 33, 35, 42, 3, 1, 1, 3]}, null, null, 145, false, [], false, 0, [], null, 0, 1744254782.792217, 0, {}]
[{"0": [2, 2, 0, 2, 1, 0, 4, 4, 37, 33, 40, 1, 1, 3]}, null, null, 145, false, [], false, 0, [], null, 0, 1744254782.970239, 0, {}]
[{"0": [2, 4, 3, 0, 2, 3, 2, 0, 1, 0, 0, 2, 30, 1]}, null, null, 146, false, [], false, 0, [], null, 0, 1744254783.1591964, 0, {}]
[{"0": [2, 4, 1, 2, 1, 34, 3, 1, 1, 0, 0, 3, 2, 0]}, null, null, 146, false, [], false, 0, [], null, 0, 1744254783.347128, 0, {}]
[{"0": [2, 2, 2, 34, 22, 36, 44, 42, 3, 2, 3, 0, 2, 2]}, null, null, 147, false, [], false, 0, [], null, 0, 1744254783.5151126, 0, {}]
[{"0": [2, 2, 2, 2, 1, 0, 1, 1, 2, 0, 1, 4, 36, 34]}, null, null, 148, false, [], false, 0, [], null, 0, 1744254783.7049649, 0, {}]
[{"0": [3, 0, 3, 3, 0, 29, 38, 31, 34, 30, 35, 43, 37, 43]}, null, null, 148, false, [], false, 0, [], null, 0, 1744254783.876513, 0, {}]
[{"0": [3, 0, 2, 2, 1, 2, 2, 3, 2, 3, 44, 31, 39, 27]}, null, null, 149, false, [], false, 0, [], null, 0, 1744254784.0670617, 0, {}]
[{"0": [0, 0, 1, 0, 7, 1, 1, 48, 40, 41, 28, 2, 1, 0]}, null, null, 149, false, [], false, 0, [], null, 0, 1744254784.2552035, 0, {}]
[{"0": [3, 2, 1, 1, 2, 3, 2, 42, 28, 35, 2, 5, 2, 4]}, null, null, 150, true, [], false, 0, [], null, 0, 1744254784.4486005, 0, {}]
