[{"0": [1, 37, 52, 39, 1, 2, 1, 2, 2, 2, 2, 2, 3, 3]}, null, null, 0, false, [], false, 0, [], null, 0, 1744255319.6499693, 0, {}]
[{"0": [1, 37, 42, 46, 41, 50, 32, 39, 45, 43, 38, 0, 1, 1]}, null, null, 1, false, [], false, 0, [], null, 0, 1744255319.853497, 0, {}]
[{"0": [3, 37, 43, 38, 45, 39, 49, 29, 4, 2, 0, 3, 3, 1]}, null, null, 1, false, [], false, 0, [], null, 0, 1744255320.0457559, 0, {}]
[{"0": [1, 40, 36, 4, 1, 0, 5, 3, 3, 4, 4, 0, 1, 2]}, null, null, 2, false, [], false, 0, [], null, 0, 1744255320.2377207, 0, {}]
[{"0": [2, 48, 40, 33, 39, 37, 0, 3, 1, 0, 4, 2, 2, 2]}, null, null, 2, false, [], false, 0, [], null, 0, 1744255320.417246, 0, {}]
[{"0": [37, 51, 34, 34, 1, 0, 0, 1, 1, 2, 1, 4, 1, 1]}, null, null, 3, false, [], false, 0, [], null, 0, 1744255320.5867546, 0, {}]
[{"0": [3, 34, 35, 36, 39, 32, 43, 36, 30, 1, 1, 3, 4, 2]}, null, null, 4, false, [], false, 0, [], null, 0, 1744255320.770428, 0, {}]
[{"0": [2, 37, 26, 3, 1, 1, 5, 7, 1, 3, 0, 0, 0, 2]}, null, null, 4, false, [], false, 0, [], null, 0, 1744255320.9556556, 0, {}]
[{"0": [1, 26, 41, 0, 2, 1, 3, 1, 1, 0, 1, 0, 1, 2]}, null, null, 5, false, [], false, 0, [], null, 0, 1744255321.1362426, 0, {}]
[{"0": [39, 39, 3, 4, 0, 5, 1, 1, 3, 2, 4, 2, 3, 2]}, null, null, 5, false, [], false, 0, [], null, 0, 1744255321.3399916, 0, {}]
[{"0": [0, 27, 35, 38, 36, 38, 35, 4, 3, 3, 3, 1, 1, 0]}, null, null, 6, false, [], false, 0, [], null, 0, 1744255321.50973, 0, {}]
[{"0": [5, 39, 0, 0, 2, 2, 2, 5, 2, 1, 2, 4, 1, 0]}, null, null, 7, false, [], false, 0, [], null, 0, 1744255321.6967256, 0, {}]
[{"0": [2, 46, 43, 43, 33, 33, 37, 36, 5, 1, 2, 0, 1, 1]}, null, null, 7, false, [], false, 0, [], null, 0, 1744255321.8860269, 0, {}]
[{"0": [2, 33, 47, 28, 42, 41, 36, 1, 0, 2, 2, 1, 5, 3]}, null, null, 8, false, [], false, 0, [], null, 0, 1744255322.0619135, 0, {}]
[{"0": [1, 34, 36, 28, 40, 35, 35, 38, 1, 3, 1, 4, 4, 2]}, null, null, 8, false, [], false, 0, [], null, 0, 1744255322.2527378, 0, {}]
[{"0": [3, 42, 32, 40, 41, 43, 41, 52, 31, 34, 31, 37, 47, 37]}, null, null, 9, false, [], false, 0, [], null, 0, 1744255322.4371598, 0, {}]
[{"0": [1, 40, 58, 42, 43, 43, 3, 0, 2, 3, 0, 3, 1, 1]}, null, null, 10, false, [], false, 0, [], null, 0, 1744255322.6202807, 0, {}]
[{"0": [1, 35, 39, 35, 34, 41, 2, 1, 2, 2, 0, 0, 1, 3]}, null, null, 10, false, [], false, 0, [], null, 0, 1744255322.804736, 0, {}]
[{"0": [3, 39, 45, 1, 1, 2, 4, 4, 1, 3, 3, 1, 6, 2]}, null, null, 11, false, [], false, 0, [], null, 0, 1744255322.981243, 0, {}]
[{"0": [1, 43, 37, 39, 49, 36, 42, 46, 36, 0, 2, 3, 1, 1]}, null, null, 11, false, [], false, 0, [], null, 0, 1744255323.1760726, 0, {}]
[{"0": [0, 5, 36, 49, 40, 4, 2, 1, 1, 0, 1, 3, 1, 3]}, null, null, 12, false, [], false, 0, [], null, 0, 1744255323.3585641, 0, {}]
[{"0": [2, 33, 34, 37, 2, 2, 3, 1, 3, 2, 3, 2, 0, 0]}, null, null, 13, false, [], false, 0, [], null, 0, 1744255323.5366812, 0, {}]
[{"0": [1, 42, 34, 1, 3, 3, 2, 5, 2, 2, 0, 1, 1, 1]}, null, null, 13, false, [], false, 0, [], null, 0, 1744255323.721072, 0, {}]
[{"0": [3, 35, 35, 39, 41, 35, 45, 28, 44, 4, 1, 6, 3, 1]}, null, null, 14, false, [], false, 0, [], null, 0, 1744255323.900045, 0, {}]
[{"0": [1, 49, 48, 39, 1, 0, 2, 3, 2, 1, 1, 0, 2, 1]}, null, null, 14, false, [], false, 0, [], null, 0, 1744255324.074395, 0, {}]
[{"0": [1, 41, 40, 2, 1, 0, 1, 3, 0, 1, 0, 5, 3, 6]}, null, null, 15, false, [], false, 0, [], null, 0, 1744255324.267215, 0, {}]
[{"0": [1, 29, 41, 29, 45, 29, 35, 41, 39, 33, 41, 4, 1, 0]}, null, null, 16, false, [], false, 0, [], null, 0, 1744255324.4596963, 0, {}]
[{"0": [1, 43, 46, 36, 39, 40, 46, 33, 32, 38, 29, 45, 47, 47]}, null, null, 16, false, [], false, 0, [], null, 0, 1744255324.638019, 0, {}]
[{"0": [4, 44, 0, 2, 1, 1, 4, 0, 3, 4, 2, 2, 3, 2]}, null, null, 17, false, [], false, 0, [], null, 0, 1744255324.822496, 0, {}]
[{"0": [4, 47, 40, 33, 41, 3, 3, 3, 0, 3, 0, 3, 5, 2]}, null, null, 17, false, [], false, 0, [], null, 0, 1744255325.0130455, 0, {}]
[{"0": [3, 28, 53, 48, 45, 42, 1, 5, 3, 1, 3, 0, 2, 0]}, null, null, 18, false, [], false, 0, [], null, 0, 1744255325.1923149, 0, {}]
[{"0": [1, 39, 0, 3, 0, 1, 1, 2, 1, 1, 2, 1, 6, 1]}, null, null, 19, false, [], false, 0, [], null, 0, 1744255325.3697245, 0, {}]
[{"0": [29, 43, 33, 1, 3, 5, 2, 1, 4, 0, 1, 1, 6, 1]}, null, null, 19, false, [], false, 0, [], null, 0, 1744255325.5397532, 0, {}]
[{"0": [1, 40, 37, 2, 2, 3, 2, 2, 3, 0, 2, 0, 3, 2]}, null, null, 20, false, [], false, 0, [], null, 0, 1744255325.7319949, 0, {}]
[{"0": [2, 41, 41, 43, 39, 41, 43, 41, 44, 4, 4, 2, 2, 2]}, null, null, 20, false, [], false, 0, [], null, 0, 1744255325.9195025, 0, {}]
[{"0": [2, 31, 41, 1, 3, 1, 3, 2, 0, 2, 2, 4, 3, 2]}, null, null, 21, false, [], false, 0, [], null, 0, 1744255326.1024537, 0, {}]
[{"0": [3, 0, 31, 0, 2, 4, 2, 3, 2, 1, 5, 3, 4, 2]}, null, null, 22, false, [], false, 0, [], null, 0, 1744255326.2923582, 0, {}]
[{"0": [0, 37, 0, 4, 1, 1, 2, 1, 3, 1, 3, 2, 1, 1]}, null, null, 22, false, [], false, 0, [], null, 0, 1744255326.4650927, 0, {}]
[{"0": [2, 32, 33, 38, 0, 2, 0, 2, 3, 2, 1, 2, 0, 3]}, null, null, 23, false, [], false, 0, [], null, 0, 1744255326.654821, 0, {}]
[{"0": [0, 38, 33, 38, 43, 36, 45, 40, 30, 31, 1, 1, 0, 3]}, null, null, 23, false, [], false, 0, [], null, 0, 1744255326.8378124, 0, {}]
[{"0": [1, 47, 3, 1, 0, 0, 1, 2, 0, 1, 2, 1, 2, 5]}, null, null, 24, false, [], false, 0, [], null, 0, 1744255327.0179315, 0, {}]
[{"0": [3, 45, 42, 45, 45, 32, 2, 2, 1, 3, 2, 1, 2, 2]}, null, null, 25, false, [], false, 0, [], null, 0, 1744255327.2102032, 0, {}]
[{"0": [0, 29, 34, 47, 42, 39, 46, 1, 3, 0, 1, 1, 1, 0]}, null, null, 25, false, [], false, 0, [], null, 0, 1744255327.3889523, 0, {}]
[{"0": [3, 30, 36, 38, 28, 2, 1, 1, 2, 2, 2, 3, 2, 0]}, null, null, 26, false, [], false, 0, [], null, 0, 1744255327.5592146, 0, {}]
[{"0": [3, 54, 33, 2, 1, 1, 1, 4, 2, 1, 0, 1, 1, 2]}, null, null, 27, false, [], false, 0, [], null, 0, 1744255327.7616456, 0, {}]
[{"0": [3, 29, 36, 5, 3, 2, 3, 2, 0, 1, 4, 1, 1, 6]}, null, null, 27, false, [], false, 0, [], null, 0, 1744255327.9382172, 0, {}]
[{"0": [4, 34, 1, 2, 5, 3, 1, 1, 0, 3, 1, 3, 0, 4]}, null, null, 28, false, [], false, 0, [], null, 0, 1744255328.120944, 0, {}]
[{"0": [32, 7, 5, 3, 0, 2, 0, 2, 1, 2, 2, 4, 3, 2]}, null, null, 28, false, [], false, 0, [], null, 0, 1744255328.3043528, 0, {}]
[{"0": [8, 54, 2, 1, 1, 2, 2, 1, 1, 1, 2, 1, 0, 0]}, null, null, 29, false, [], false, 0, [], null, 0, 1744255328.494866, 0, {}]
[{"0": [2, 39, 37, 34, 3, 6, 4, 3, 2, 3, 3, 2, 1, 1]}, null, null, 30, false, [], false, 0, [], null, 0, 1744255328.6720238, 0, {}]
[{"0": [1, 30, 52, 30, 47, 28, 42, 47, 47, 43, 42, 33, 36, 30]}, null, null, 30, false, [], false, 0, [], null, 0, 1744255328.8536615, 0, {}]
[{"0": [1, 40, 37, 33, 46, 2, 3, 2, 7, 5, 4, 3, 4, 5]}, null, null, 31, false, [], false, 0, [], null, 0, 1744255329.0446162, 0, {}]
[{"0": [0, 38, 33, 37, 38, 37, 6, 1, 4, 1, 2, 7, 2, 2]}, null, null, 31, false, [], false, 0, [], null, 0, 1744255329.2117145, 0, {}]
[{"0": [0, 35, 1, 1, 2, 0, 0, 4, 0, 3, 1, 5, 0, 4]}, null, null, 32, false, [], false, 0, [], null, 0, 1744255329.4054034, 0, {}]
[{"0": [1, 34, 1, 3, 1, 2, 5, 2, 0, 2, 2, 2, 2, 2]}, null, null, 33, false, [], false, 0, [], null, 0, 1744255329.5875995, 0, {}]
[{"0": [5, 34, 46, 2, 2, 1, 0, 2, 4, 3, 2, 1, 2, 3]}, null, null, 33, false, [], false, 0, [], null, 0, 1744255329.7778873, 0, {}]
[{"0": [2, 38, 1, 1, 2, 0, 4, 1, 0, 1, 1, 3, 0, 0]}, null, null, 34, false, [], false, 0, [], null, 0, 1744255329.956318, 0, {}]
[{"0": [1, 38, 40, 40, 50, 33, 42, 35, 36, 38, 40, 42, 40, 33]}, null, null, 34, false, [], false, 0, [], null, 0, 1744255330.1260827, 0, {}]
[{"0": [2, 45, 38, 46, 44, 33, 36, 27, 35, 30, 36, 45, 36, 34]}, null, null, 35, false, [], false, 0, [], null, 0, 1744255330.312633, 0, {}]
[{"0": [1, 42, 51, 41, 45, 33, 37, 49, 42, 25, 49, 4, 0, 5]}, null, null, 36, false, [], false, 0, [], null, 0, 1744255330.5077765, 0, {}]
[{"0": [1, 33, 2, 0, 2, 3, 0, 4, 0, 1, 0, 2, 0, 1]}, null, null, 36, false, [], false, 0, [], null, 0, 1744255330.6948874, 0, {}]
[{"0": [2, 28, 33, 41, 43, 0, 2, 3, 0, 3, 2, 4, 6, 2]}, null, null, 37, false, [], false, 0, [], null, 0, 1744255330.8670359, 0, {}]
[{"0": [4, 38, 39, 31, 2, 4, 6, 2, 4, 2, 1, 1, 3, 1]}, null, null, 37, false, [], false, 0, [], null, 0, 1744255331.0600374, 0, {}]
[{"0": [1, 33, 30, 4, 3, 0, 1, 1, 2, 4, 1, 2, 4, 0]}, null, null, 38, false, [], false, 0, [], null, 0, 1744255331.235827, 0, {}]
[{"0": [3, 45, 44, 3, 2, 4, 3, 2, 1, 2, 1, 3, 3, 3]}, null, null, 39, false, [], false, 0, [], null, 0, 1744255331.4201038, 0, {}]
[{"0": [2, 28, 57, 0, 2, 1, 0, 2, 1, 1, 2, 1, 2, 1]}, null, null, 39, false, [], false, 0, [], null, 0, 1744255331.6097865, 0, {}]
[{"0": [0, 37, 37, 2, 2, 0, 3, 3, 5, 1, 1, 2, 1, 0]}, null, null, 40, false, [], false, 0, [], null, 0, 1744255331.7930398, 0, {}]
[{"0": [0, 38, 42, 43, 2, 2, 3, 4, 4, 7, 1, 2, 0, 2]}, null, null, 40, false, [], false, 0, [], null, 0, 1744255331.9709806, 0, {}]
[{"0": [4, 41, 34, 46, 4, 4, 3, 3, 3, 4, 2, 1, 4, 0]}, null, null, 41, false, [], false, 0, [], null, 0, 1744255332.1574838, 0, {}]
[{"0": [2, 40, 40, 3, 1, 1, 2, 2, 1, 1, 3, 2, 4, 0]}, null, null, 42, false, [], false, 0, [], null, 0, 1744255332.336083, 0, {}]
[{"0": [1, 35, 35, 35, 33, 42, 31, 39, 2, 0, 1, 0, 1, 5]}, null, null, 42, false, [], false, 0, [], null, 0, 1744255332.5163615, 0, {}]
[{"0": [2, 37, 39, 40, 40, 38, 33, 44, 45, 36, 47, 55, 39, 6]}, null, null, 43, false, [], false, 0, [], null, 0, 1744255332.7094429, 0, {}]
[{"0": [0, 46, 38, 43, 35, 36, 2, 4, 1, 2, 2, 1, 3, 0]}, null, null, 43, false, [], false, 0, [], null, 0, 1744255332.8860173, 0, {}]
[{"0": [4, 38, 32, 31, 44, 31, 34, 33, 35, 34, 38, 3, 3, 3]}, null, null, 44, false, [], false, 0, [], null, 0, 1744255333.07763, 0, {}]
[{"0": [1, 39, 40, 35, 2, 2, 2, 2, 2, 2, 2, 3, 1, 0]}, null, null, 45, false, [], false, 0, [], null, 0, 1744255333.2550597, 0, {}]
[{"0": [4, 30, 39, 35, 31, 44, 3, 1, 0, 0, 2, 3, 3, 2]}, null, null, 45, false, [], false, 0, [], null, 0, 1744255333.4438884, 0, {}]
[{"0": [2, 42, 41, 40, 37, 1, 2, 2, 4, 4, 3, 2, 2, 2]}, null, null, 46, false, [], false, 0, [], null, 0, 1744255333.6312675, 0, {}]
[{"0": [1, 28, 0, 4, 0, 3, 5, 1, 0, 0, 3, 2, 3, 5]}, null, null, 46, false, [], false, 0, [], null, 0, 1744255333.8129802, 0, {}]
[{"0": [2, 47, 35, 35, 38, 42, 38, 30, 4, 1, 0, 0, 0, 3]}, null, null, 47, false, [], false, 0, [], null, 0, 1744255333.9929774, 0, {}]
[{"0": [6, 27, 40, 39, 37, 41, 42, 5, 2, 5, 3, 2, 2, 0]}, null, null, 48, false, [], false, 0, [], null, 0, 1744255334.1615028, 0, {}]
[{"0": [2, 31, 5, 4, 3, 2, 2, 4, 2, 2, 2, 2, 1, 0]}, null, null, 48, false, [], false, 0, [], null, 0, 1744255334.361504, 0, {}]
[{"0": [3, 30, 0, 3, 5, 4, 2, 3, 4, 4, 3, 0, 2, 5]}, null, null, 49, false, [], false, 0, [], null, 0, 1744255334.5370271, 0, {}]
[{"0": [1, 3, 3, 3, 2, 2, 0, 0, 0, 0, 1, 3, 2, 2]}, null, null, 49, false, [], false, 0, [], null, 0, 1744255334.7178853, 0, {}]
[{"0": [0, 41, 38, 34, 39, 49, 40, 45, 1, 5, 1, 3, 5, 5]}, null, null, 50, false, [], false, 0, [], null, 0, 1744255334.9076202, 0, {}]
[{"0": [0, 34, 44, 31, 1, 4, 0, 0, 2, 1, 1, 2, 2, 0]}, null, null, 51, false, [], false, 0, [], null, 0, 1744255335.0998015, 0, {}]
[{"0": [4, 33, 41, 5, 1, 2, 2, 2, 1, 4, 4, 0, 1, 3]}, null, null, 51, false, [], false, 0, [], null, 0, 1744255335.2725697, 0, {}]
[{"0": [2, 29, 37, 41, 38, 37, 31, 41, 49, 36, 1, 2, 4, 3]}, null, null, 52, false, [], false, 0, [], null, 0, 1744255335.4449337, 0, {}]
[{"0": [3, 31, 36, 45, 39, 25, 29, 34, 34, 35, 35, 50, 34, 38]}, null, null, 52, false, [], false, 0, [], null, 0, 1744255335.6475184, 0, {}]
[{"0": [3, 44, 37, 45, 7, 2, 1, 2, 0, 4, 0, 1, 2, 1]}, null, null, 53, false, [], false, 0, [], null, 0, 1744255335.8312483, 0, {}]
[{"0": [5, 40, 33, 46, 32, 29, 33, 2, 1, 1, 2, 1, 1, 3]}, null, null, 54, false, [], false, 0, [], null, 0, 1744255336.0144603, 0, {}]
[{"0": [5, 33, 41, 1, 0, 3, 3, 1, 1, 2, 1, 1, 4, 2]}, null, null, 54, false, [], false, 0, [], null, 0, 1744255336.1966012, 0, {}]
[{"0": [2, 40, 23, 45, 40, 37, 39, 1, 0, 2, 1, 4, 1, 4]}, null, null, 55, false, [], false, 0, [], null, 0, 1744255336.3843844, 0, {}]
[{"0": [0, 33, 34, 36, 38, 40, 0, 3, 0, 2, 2, 1, 1, 3]}, null, null, 55, false, [], false, 0, [], null, 0, 1744255336.556817, 0, {}]
[{"0": [1, 38, 34, 37, 3, 2, 2, 2, 4, 3, 2, 1, 3, 3]}, null, null, 56, false, [], false, 0, [], null, 0, 1744255336.748973, 0, {}]
[{"0": [1, 30, 37, 43, 28, 46, 36, 28, 40, 38, 42, 19, 42, 37]}, null, null, 57, false, [], false, 0, [], null, 0, 1744255336.9186718, 0, {}]
[{"0": [0, 43, 4, 1, 1, 3, 3, 0, 2, 0, 0, 1, 2, 2]}, null, null, 57, false, [], false, 0, [], null, 0, 1744255337.1141546, 0, {}]
[{"0": [0, 35, 36, 49, 3, 4, 0, 3, 3, 1, 1, 2, 3, 0]}, null, null, 58, false, [], false, 0, [], null, 0, 1744255337.294222, 0, {}]
[{"0": [5, 4, 4, 2, 3, 3, 2, 5, 2, 1, 0, 3, 35, 31]}, null, null, 58, false, [], false, 0, [], null, 0, 1744255337.4766135, 0, {}]
[{"0": [0, 35, 34, 1, 2, 0, 2, 0, 3, 0, 2, 5, 0, 1]}, null, null, 59, false, [], false, 0, [], null, 0, 1744255337.6638465, 0, {}]
[{"0": [0, 48, 38, 46, 48, 44, 1, 4, 0, 1, 4, 4, 0, 4]}, null, null, 60, false, [], false, 0, [], null, 0, 1744255337.8353362, 0, {}]
[{"0": [1, 39, 4, 3, 3, 4, 4, 3, 1, 2, 3, 3, 2, 1]}, null, null, 60, false, [], false, 0, [], null, 0, 1744255338.0202742, 0, {}]
[{"0": [2, 27, 25, 44, 2, 4, 3, 5, 1, 4, 5, 4, 1, 1]}, null, null, 61, false, [], false, 0, [], null, 0, 1744255338.217812, 0, {}]
[{"0": [3, 35, 33, 39, 43, 4, 1, 1, 1, 1, 2, 2, 2, 2]}, null, null, 61, false, [], false, 0, [], null, 0, 1744255338.3952255, 0, {}]
[{"0": [0, 42, 40, 44, 39, 44, 43, 31, 46, 30, 0, 5, 1, 3]}, null, null, 62, false, [], false, 0, [], null, 0, 1744255338.57365, 0, {}]
[{"0": [2, 36, 35, 2, 1, 1, 0, 3, 1, 1, 2, 3, 1, 1]}, null, null, 63, false, [], false, 0, [], null, 0, 1744255338.7642262, 0, {}]
[{"0": [2, 33, 35, 29, 6, 1, 0, 2, 1, 2, 2, 1, 2, 5]}, null, null, 63, false, [], false, 0, [], null, 0, 1744255338.930912, 0, {}]
[{"0": [2, 48, 41, 3, 3, 0, 4, 3, 3, 3, 4, 1, 2, 0]}, null, null, 64, false, [], false, 0, [], null, 0, 1744255339.1154978, 0, {}]
[{"0": [2, 36, 2, 1, 2, 1, 3, 0, 6, 3, 0, 3, 0, 2]}, null, null, 64, false, [], false, 0, [], null, 0, 1744255339.3138375, 0, {}]
[{"0": [2, 36, 41, 40, 29, 28, 1, 5, 0, 4, 1, 0, 1, 2]}, null, null, 65, false, [], false, 0, [], null, 0, 1744255339.4972937, 0, {}]
[{"0": [1, 35, 39, 35, 49, 37, 32, 2, 1, 1, 4, 0, 1, 1]}, null, null, 66, false, [], false, 0, [], null, 0, 1744255339.6656013, 0, {}]
[{"0": [1, 42, 32, 35, 1, 2, 4, 5, 1, 5, 3, 4, 1, 1]}, null, null, 66, false, [], false, 0, [], null, 0, 1744255339.8489459, 0, {}]
[{"0": [2, 28, 37, 2, 5, 6, 3, 5, 6, 2, 1, 2, 6, 3]}, null, null, 67, false, [], false, 0, [], null, 0, 1744255340.048851, 0, {}]
[{"0": [2, 34, 34, 37, 30, 3, 3, 1, 1, 2, 4, 0, 2, 2]}, null, null, 67, false, [], false, 0, [], null, 0, 1744255340.2152035, 0, {}]
[{"0": [3, 40, 2, 2, 2, 0, 1, 3, 4, 1, 3, 0, 0, 2]}, null, null, 68, false, [], false, 0, [], null, 0, 1744255340.4201458, 0, {}]
[{"0": [3, 45, 43, 41, 3, 3, 3, 3, 0, 2, 2, 0, 2, 0]}, null, null, 69, false, [], false, 0, [], null, 0, 1744255340.5857146, 0, {}]
[{"0": [3, 26, 27, 33, 38, 39, 36, 41, 29, 1, 1, 2, 3, 2]}, null, null, 69, false, [], false, 0, [], null, 0, 1744255340.778107, 0, {}]
[{"0": [2, 35, 35, 36, 38, 37, 33, 40, 25, 39, 41, 33, 41, 36]}, null, null, 70, false, [], false, 0, [], null, 0, 1744255340.9577498, 0, {}]
[{"0": [3, 32, 41, 2, 2, 3, 2, 1, 2, 1, 1, 3, 3, 2]}, null, null, 70, false, [], false, 0, [], null, 0, 1744255341.1499898, 0, {}]
[{"0": [1, 47, 34, 34, 4, 1, 4, 3, 3, 4, 0, 1, 2, 3]}, null, null, 71, false, [], false, 0, [], null, 0, 1744255341.317448, 0, {}]
[{"0": [0, 3, 3, 33, 4, 1, 1, 2, 1, 0, 0, 3, 1, 0]}, null, null, 72, false, [], false, 0, [], null, 0, 1744255341.5007882, 0, {}]
[{"0": [0, 42, 41, 0, 2, 2, 2, 2, 3, 1, 1, 0, 2, 2]}, null, null, 72, false, [], false, 0, [], null, 0, 1744255341.69387, 0, {}]
[{"0": [2, 43, 3, 3, 1, 3, 3, 2, 3, 2, 2, 3, 2, 2]}, null, null, 73, false, [], false, 0, [], null, 0, 1744255341.8845925, 0, {}]
[{"0": [2, 44, 31, 38, 31, 35, 42, 43, 37, 32, 4, 1, 2, 3]}, null, null, 73, false, [], false, 0, [], null, 0, 1744255342.0585818, 0, {}]
[{"0": [2, 37, 36, 46, 46, 42, 1, 2, 2, 1, 2, 0, 3, 2]}, null, null, 74, false, [], false, 0, [], null, 0, 1744255342.2481906, 0, {}]
[{"0": [5, 30, 34, 40, 40, 36, 37, 5, 0, 1, 3, 2, 1, 4]}, null, null, 75, false, [], false, 0, [], null, 0, 1744255342.4174035, 0, {}]
[{"0": [1, 36, 1, 4, 4, 2, 1, 8, 1, 1, 3, 1, 2, 2]}, null, null, 75, false, [], false, 0, [], null, 0, 1744255342.6092057, 0, {}]
[{"0": [2, 30, 46, 44, 43, 30, 43, 30, 49, 32, 24, 36, 2, 3]}, null, null, 76, false, [], false, 0, [], null, 0, 1744255342.8007135, 0, {}]
[{"0": [0, 38, 45, 42, 4, 0, 3, 3, 1, 0, 1, 0, 1, 0]}, null, null, 77, false, [], false, 0, [], null, 0, 1744255342.9816282, 0, {}]
[{"0": [2, 22, 38, 1, 3, 1, 4, 2, 0, 2, 4, 0, 1, 1]}, null, null, 77, false, [], false, 0, [], null, 0, 1744255343.168419, 0, {}]
[{"0": [3, 37, 43, 2, 1, 4, 0, 3, 2, 4, 3, 1, 2, 3]}, null, null, 78, false, [], false, 0, [], null, 0, 1744255343.3469925, 0, {}]
[{"0": [1, 29, 38, 31, 33, 40, 40, 41, 1, 3, 7, 2, 0, 0]}, null, null, 78, false, [], false, 0, [], null, 0, 1744255343.5183434, 0, {}]
[{"0": [3, 48, 46, 29, 31, 46, 43, 31, 44, 27, 31, 34, 30, 35]}, null, null, 79, false, [], false, 0, [], null, 0, 1744255343.708357, 0, {}]
[{"0": [3, 44, 36, 1, 5, 1, 1, 3, 4, 1, 2, 6, 4, 2]}, null, null, 80, false, [], false, 0, [], null, 0, 1744255343.9001012, 0, {}]
[{"0": [1, 35, 35, 24, 49, 37, 25, 39, 33, 23, 2, 2, 1, 2]}, null, null, 80, false, [], false, 0, [], null, 0, 1744255344.0741143, 0, {}]
[{"0": [4, 38, 33, 2, 4, 2, 3, 2, 1, 3, 1, 1, 0, 3]}, null, null, 81, false, [], false, 0, [], null, 0, 1744255344.260697, 0, {}]
[{"0": [1, 39, 39, 1, 3, 2, 1, 1, 4, 2, 2, 3, 4, 2]}, null, null, 81, false, [], false, 0, [], null, 0, 1744255344.451126, 0, {}]
[{"0": [2, 0, 3, 0, 4, 0, 0, 1, 0, 0, 44, 39, 31, 3]}, null, null, 82, false, [], false, 0, [], null, 0, 1744255344.6154273, 0, {}]
[{"0": [1, 42, 2, 1, 2, 1, 0, 1, 2, 0, 3, 0, 1, 0]}, null, null, 83, false, [], false, 0, [], null, 0, 1744255344.806221, 0, {}]
[{"0": [1, 36, 38, 41, 37, 57, 34, 31, 2, 2, 1, 1, 5, 3]}, null, null, 83, false, [], false, 0, [], null, 0, 1744255344.9992208, 0, {}]
[{"0": [1, 27, 3, 2, 1, 1, 5, 2, 5, 2, 3, 4, 1, 2]}, null, null, 84, false, [], false, 0, [], null, 0, 1744255345.1910307, 0, {}]
[{"0": [1, 39, 44, 4, 1, 4, 4, 3, 1, 2, 0, 2, 2, 7]}, null, null, 84, false, [], false, 0, [], null, 0, 1744255345.3542907, 0, {}]
[{"0": [1, 32, 46, 2, 2, 4, 0, 0, 5, 0, 2, 2, 1, 7]}, null, null, 85, false, [], false, 0, [], null, 0, 1744255345.5361822, 0, {}]
[{"0": [2, 35, 46, 44, 26, 42, 33, 43, 42, 2, 0, 2, 1, 4]}, null, null, 86, false, [], false, 0, [], null, 0, 1744255345.739651, 0, {}]
[{"0": [3, 41, 41, 31, 37, 34, 41, 32, 37, 41, 30, 44, 36, 40]}, null, null, 86, false, [], false, 0, [], null, 0, 1744255345.9088895, 0, {}]
[{"0": [1, 39, 25, 40, 39, 37, 1, 3, 2, 3, 3, 2, 3, 3]}, null, null, 87, false, [], false, 0, [], null, 0, 1744255346.101467, 0, {}]
[{"0": [1, 34, 37, 0, 1, 4, 3, 2, 4, 5, 2, 1, 2, 1]}, null, null, 87, false, [], false, 0, [], null, 0, 1744255346.2866228, 0, {}]
[{"0": [4, 36, 4, 2, 3, 1, 5, 2, 2, 3, 2, 2, 2, 2]}, null, null, 88, false, [], false, 0, [], null, 0, 1744255346.4669578, 0, {}]
[{"0": [1, 47, 38, 1, 2, 1, 1, 0, 1, 3, 2, 3, 2, 4]}, null, null, 89, false, [], false, 0, [], null, 0, 1744255346.63785, 0, {}]
[{"0": [1, 45, 2, 2, 1, 1, 0, 3, 5, 1, 1, 4, 3, 3]}, null, null, 89, false, [], false, 0, [], null, 0, 1744255346.8227239, 0, {}]
[{"0": [1, 27, 37, 38, 38, 39, 32, 38, 47, 40, 4, 4, 2, 3]}, null, null, 90, false, [], false, 0, [], null, 0, 1744255347.0166075, 0, {}]
[{"0": [3, 39, 40, 40, 1, 3, 1, 0, 6, 3, 4, 3, 3, 2]}, null, null, 90, false, [], false, 0, [], null, 0, 1744255347.1958344, 0, {}]
[{"0": [1, 31, 42, 37, 43, 2, 1, 1, 1, 2, 2, 1, 2, 2]}, null, null, 91, false, [], false, 0, [], null, 0, 1744255347.3917959, 0, {}]
[{"0": [4, 31, 1, 3, 2, 0, 4, 3, 2, 3, 3, 2, 3, 3]}, null, null, 92, false, [], false, 0, [], null, 0, 1744255347.5753906, 0, {}]
[{"0": [1, 31, 0, 1, 4, 4, 3, 2, 2, 4, 4, 1, 3, 1]}, null, null, 92, false, [], false, 0, [], null, 0, 1744255347.75537, 0, {}]
[{"0": [0, 48, 39, 37, 40, 2, 2, 3, 5, 2, 5, 1, 5, 1]}, null, null, 93, false, [], false, 0, [], null, 0, 1744255347.9279697, 0, {}]
[{"0": [3, 40, 38, 25, 44, 31, 49, 42, 56, 43, 50, 40, 35, 39]}, null, null, 93, false, [], false, 0, [], null, 0, 1744255348.1107635, 0, {}]
[{"0": [1, 58, 43, 33, 31, 37, 1, 2, 1, 4, 3, 1, 3, 4]}, null, null, 94, false, [], false, 0, [], null, 0, 1744255348.3059788, 0, {}]
[{"0": [4, 46, 48, 28, 41, 3, 0, 2, 1, 3, 1, 1, 2, 2]}, null, null, 95, false, [], false, 0, [], null, 0, 1744255348.4798362, 0, {}]
[{"0": [4, 32, 40, 2, 2, 1, 1, 3, 1, 4, 2, 0, 1, 4]}, null, null, 95, false, [], false, 0, [], null, 0, 1744255348.678887, 0, {}]
[{"0": [1, 28, 36, 28, 32, 39, 1, 4, 1, 4, 2, 2, 3, 3]}, null, null, 96, false, [], false, 0, [], null, 0, 1744255348.8476071, 0, {}]
[{"0": [2, 38, 36, 47, 48, 2, 2, 2, 1, 1, 0, 0, 1, 4]}, null, null, 96, false, [], false, 0, [], null, 0, 1744255349.0345829, 0, {}]
[{"0": [3, 33, 41, 35, 31, 37, 43, 34, 44, 45, 1, 1, 3, 0]}, null, null, 97, false, [], false, 0, [], null, 0, 1744255349.217251, 0, {}]
[{"0": [1, 49, 45, 32, 25, 41, 49, 3, 3, 0, 4, 2, 2, 1]}, null, null, 98, false, [], false, 0, [], null, 0, 1744255349.3967807, 0, {}]
[{"0": [3, 43, 33, 27, 40, 41, 43, 29, 44, 4, 3, 2, 1, 1]}, null, null, 98, false, [], false, 0, [], null, 0, 1744255349.5817852, 0, {}]
[{"0": [1, 4, 4, 1, 1, 4, 3, 0, 2, 2, 0, 1, 0, 0]}, null, null, 99, false, [], false, 0, [], null, 0, 1744255349.754302, 0, {}]
[{"0": [3, 36, 41, 42, 51, 2, 1, 1, 4, 6, 2, 0, 1, 1]}, null, null, 99, false, [], false, 0, [], null, 0, 1744255349.958784, 0, {}]
[{"0": [32, 52, 2, 4, 3, 1, 1, 1, 1, 3, 1, 2, 1, 1]}, null, null, 100, false, [], false, 0, [], null, 0, 1744255350.1315851, 0, {}]
[{"0": [2, 38, 42, 5, 5, 5, 3, 2, 4, 0, 1, 1, 1, 2]}, null, null, 101, false, [], false, 0, [], null, 0, 1744255350.313355, 0, {}]
[{"0": [1, 35, 32, 35, 29, 41, 36, 40, 46, 40, 32, 36, 39, 36]}, null, null, 101, false, [], false, 0, [], null, 0, 1744255350.5007074, 0, {}]
[{"0": [0, 38, 43, 36, 40, 49, 35, 49, 40, 36, 38, 34, 3, 0]}, null, null, 102, false, [], false, 0, [], null, 0, 1744255350.6802235, 0, {}]
[{"0": [1, 39, 34, 39, 37, 38, 30, 48, 45, 36, 44, 35, 36, 25]}, null, null, 102, false, [], false, 0, [], null, 0, 1744255350.8670812, 0, {}]
[{"0": [3, 36, 41, 43, 33, 43, 0, 2, 4, 6, 2, 1, 1, 1]}, null, null, 103, false, [], false, 0, [], null, 0, 1744255351.0579157, 0, {}]
[{"0": [1, 39, 50, 2, 3, 4, 0, 1, 3, 2, 4, 3, 1, 0]}, null, null, 104, false, [], false, 0, [], null, 0, 1744255351.2373264, 0, {}]
[{"0": [2, 53, 41, 33, 44, 34, 43, 27, 1, 1, 3, 2, 2, 0]}, null, null, 104, false, [], false, 0, [], null, 0, 1744255351.4157014, 0, {}]
[{"0": [2, 36, 38, 37, 4, 2, 1, 2, 4, 6, 3, 2, 1, 2]}, null, null, 105, false, [], false, 0, [], null, 0, 1744255351.6038764, 0, {}]
[{"0": [1, 43, 0, 2, 0, 0, 1, 1, 1, 1, 1, 4, 2, 0]}, null, null, 105, false, [], false, 0, [], null, 0, 1744255351.7721717, 0, {}]
[{"0": [1, 46, 28, 44, 40, 2, 1, 1, 1, 3, 3, 1, 2, 3]}, null, null, 106, false, [], false, 0, [], null, 0, 1744255351.9606543, 0, {}]
[{"0": [2, 35, 1, 1, 2, 0, 5, 1, 1, 0, 4, 1, 2, 2]}, null, null, 107, false, [], false, 0, [], null, 0, 1744255352.1505527, 0, {}]
[{"0": [1, 33, 31, 37, 32, 33, 39, 33, 21, 27, 2, 1, 2, 1]}, null, null, 107, false, [], false, 0, [], null, 0, 1744255352.336433, 0, {}]
[{"0": [2, 46, 26, 29, 46, 33, 31, 37, 4, 5, 0, 2, 3, 3]}, null, null, 108, false, [], false, 0, [], null, 0, 1744255352.519075, 0, {}]
[{"0": [0, 45, 48, 30, 0, 4, 3, 5, 2, 2, 4, 3, 3, 2]}, null, null, 108, false, [], false, 0, [], null, 0, 1744255352.7006552, 0, {}]
[{"0": [0, 37, 43, 2, 5, 1, 3, 3, 3, 1, 0, 5, 5, 3]}, null, null, 109, false, [], false, 0, [], null, 0, 1744255352.8909583, 0, {}]
[{"0": [59, 37, 32, 31, 45, 32, 48, 41, 33, 24, 29, 1, 4, 3]}, null, null, 110, false, [], false, 0, [], null, 0, 1744255353.0671573, 0, {}]
[{"0": [2, 39, 32, 41, 27, 2, 3, 1, 3, 2, 3, 0, 2, 2]}, null, null, 110, false, [], false, 0, [], null, 0, 1744255353.2597606, 0, {}]
[{"0": [4, 52, 1, 2, 2, 1, 0, 3, 3, 1, 2, 3, 4, 0]}, null, null, 111, false, [], false, 0, [], null, 0, 1744255353.433256, 0, {}]
[{"0": [1, 50, 50, 35, 1, 4, 3, 1, 0, 4, 3, 1, 1, 1]}, null, null, 111, false, [], false, 0, [], null, 0, 1744255353.619859, 0, {}]
[{"0": [4, 2, 2, 0, 51, 30, 34, 50, 3, 2, 4, 2, 3, 2]}, null, null, 112, false, [], false, 0, [], null, 0, 1744255353.811236, 0, {}]
[{"0": [3, 42, 41, 7, 6, 2, 3, 2, 1, 2, 4, 0, 1, 1]}, null, null, 113, false, [], false, 0, [], null, 0, 1744255353.9854267, 0, {}]
[{"0": [3, 30, 30, 2, 1, 4, 1, 1, 2, 1, 2, 1, 2, 1]}, null, null, 113, false, [], false, 0, [], null, 0, 1744255354.1580875, 0, {}]
[{"0": [3, 33, 39, 43, 2, 1, 0, 4, 2, 4, 1, 1, 2, 1]}, null, null, 114, false, [], false, 0, [], null, 0, 1744255354.3512492, 0, {}]
[{"0": [4, 38, 0, 4, 1, 0, 2, 2, 3, 1, 1, 3, 0, 2]}, null, null, 114, false, [], false, 0, [], null, 0, 1744255354.5246077, 0, {}]
[{"0": [3, 41, 35, 44, 26, 39, 45, 31, 47, 3, 2, 0, 1, 2]}, null, null, 115, false, [], false, 0, [], null, 0, 1744255354.7162108, 0, {}]
[{"0": [2, 35, 42, 45, 42, 37, 1, 3, 3, 0, 1, 0, 5, 1]}, null, null, 116, false, [], false, 0, [], null, 0, 1744255354.9035726, 0, {}]
[{"0": [1, 0, 0, 5, 0, 37, 40, 31, 31, 54, 34, 1, 5, 3]}, null, null, 116, false, [], false, 0, [], null, 0, 1744255355.0950336, 0, {}]
[{"0": [3, 41, 38, 35, 37, 1, 4, 3, 4, 0, 1, 0, 1, 4]}, null, null, 117, false, [], false, 0, [], null, 0, 1744255355.2762048, 0, {}]
[{"0": [4, 37, 27, 36, 36, 48, 39, 39, 50, 39, 37, 1, 2, 2]}, null, null, 117, false, [], false, 0, [], null, 0, 1744255355.4499817, 0, {}]
[{"0": [1, 31, 39, 39, 31, 3, 1, 1, 2, 2, 4, 3, 2, 2]}, null, null, 118, false, [], false, 0, [], null, 0, 1744255355.6445632, 0, {}]
[{"0": [3, 53, 43, 2, 4, 0, 3, 1, 1, 2, 2, 5, 5, 0]}, null, null, 119, false, [], false, 0, [], null, 0, 1744255355.814171, 0, {}]
[{"0": [2, 38, 45, 3, 2, 0, 2, 1, 0, 2, 2, 1, 3, 2]}, null, null, 119, false, [], false, 0, [], null, 0, 1744255356.004608, 0, {}]
[{"0": [3, 3, 1, 2, 4, 35, 49, 43, 29, 37, 37, 41, 44, 43]}, null, null, 120, false, [], false, 0, [], null, 0, 1744255356.1758525, 0, {}]
[{"0": [1, 50, 41, 48, 39, 41, 34, 41, 36, 3, 5, 4, 0, 1]}, null, null, 120, false, [], false, 0, [], null, 0, 1744255356.3639226, 0, {}]
[{"0": [2, 41, 23, 39, 1, 1, 0, 3, 0, 0, 0, 0, 2, 0]}, null, null, 121, false, [], false, 0, [], null, 0, 1744255356.5574162, 0, {}]
[{"0": [5, 39, 0, 1, 1, 1, 2, 0, 1, 2, 5, 2, 4, 3]}, null, null, 122, false, [], false, 0, [], null, 0, 1744255356.7419205, 0, {}]
[{"0": [1, 41, 2, 0, 1, 1, 2, 1, 0, 1, 1, 0, 1, 2]}, null, null, 122, false, [], false, 0, [], null, 0, 1744255356.9076915, 0, {}]
[{"0": [4, 0, 0, 2, 4, 2, 1, 39, 3, 4, 1, 2, 0, 2]}, null, null, 123, false, [], false, 0, [], null, 0, 1744255357.1066766, 0, {}]
[{"0": [3, 40, 45, 40, 33, 2, 2, 3, 4, 3, 1, 3, 1, 2]}, null, null, 123, false, [], false, 0, [], null, 0, 1744255357.2805784, 0, {}]
[{"0": [2, 37, 0, 0, 0, 1, 3, 0, 0, 4, 4, 2, 1, 3]}, null, null, 124, false, [], false, 0, [], null, 0, 1744255357.471508, 0, {}]
[{"0": [3, 38, 1, 0, 3, 1, 1, 3, 2, 3, 1, 1, 1, 2]}, null, null, 125, false, [], false, 0, [], null, 0, 1744255357.6609519, 0, {}]
[{"0": [6, 51, 31, 47, 47, 31, 1, 0, 1, 2, 2, 3, 1, 3]}, null, null, 125, false, [], false, 0, [], null, 0, 1744255357.8367786, 0, {}]
[{"0": [2, 40, 1, 5, 2, 1, 2, 0, 2, 2, 4, 0, 2, 2]}, null, null, 126, false, [], false, 0, [], null, 0, 1744255358.0126543, 0, {}]
[{"0": [4, 33, 33, 36, 40, 31, 39, 40, 37, 31, 36, 34, 41, 33]}, null, null, 127, false, [], false, 0, [], null, 0, 1744255358.1972952, 0, {}]
[{"0": [0, 31, 44, 40, 46, 36, 33, 41, 3, 1, 2, 0, 2, 2]}, null, null, 127, false, [], false, 0, [], null, 0, 1744255358.3849664, 0, {}]
[{"0": [1, 36, 45, 42, 26, 48, 4, 3, 1, 0, 1, 2, 3, 2]}, null, null, 128, false, [], false, 0, [], null, 0, 1744255358.569358, 0, {}]
[{"0": [4, 48, 38, 43, 37, 1, 1, 0, 3, 0, 0, 2, 2, 1]}, null, null, 128, false, [], false, 0, [], null, 0, 1744255358.7596037, 0, {}]
[{"0": [1, 33, 41, 1, 0, 1, 3, 1, 1, 0, 2, 1, 2, 1]}, null, null, 129, false, [], false, 0, [], null, 0, 1744255358.927344, 0, {}]
[{"0": [3, 45, 29, 0, 3, 5, 3, 3, 2, 0, 3, 0, 3, 3]}, null, null, 130, false, [], false, 0, [], null, 0, 1744255359.109882, 0, {}]
[{"0": [1, 28, 44, 33, 1, 4, 3, 2, 3, 4, 3, 2, 1, 3]}, null, null, 130, false, [], false, 0, [], null, 0, 1744255359.300641, 0, {}]
[{"0": [1, 41, 35, 2, 0, 3, 2, 5, 2, 3, 1, 3, 2, 1]}, null, null, 131, false, [], false, 0, [], null, 0, 1744255359.4920893, 0, {}]
[{"0": [3, 39, 49, 3, 1, 1, 2, 2, 6, 2, 2, 0, 5, 2]}, null, null, 131, false, [], false, 0, [], null, 0, 1744255359.6737237, 0, {}]
[{"0": [0, 37, 30, 40, 2, 2, 2, 1, 3, 1, 1, 3, 4, 0]}, null, null, 132, false, [], false, 0, [], null, 0, 1744255359.8519845, 0, {}]
[{"0": [1, 38, 36, 41, 4, 1, 0, 1, 1, 4, 1, 2, 2, 2]}, null, null, 133, false, [], false, 0, [], null, 0, 1744255360.0353143, 0, {}]
[{"0": [1, 38, 41, 3, 3, 3, 0, 2, 4, 1, 2, 2, 2, 3]}, null, null, 133, false, [], false, 0, [], null, 0, 1744255360.2194066, 0, {}]
[{"0": [5, 42, 36, 37, 31, 2, 1, 1, 3, 5, 3, 0, 0, 2]}, null, null, 134, false, [], false, 0, [], null, 0, 1744255360.4020972, 0, {}]
[{"0": [4, 3, 42, 46, 36, 31, 40, 40, 47, 37, 1, 2, 1, 3]}, null, null, 134, false, [], false, 0, [], null, 0, 1744255360.5936527, 0, {}]
[{"0": [2, 37, 32, 37, 31, 31, 44, 32, 39, 35, 33, 32, 35, 2]}, null, null, 135, false, [], false, 0, [], null, 0, 1744255360.7697976, 0, {}]
[{"0": [3, 41, 39, 33, 41, 2, 2, 2, 1, 5, 4, 2, 0, 3]}, null, null, 136, false, [], false, 0, [], null, 0, 1744255360.962827, 0, {}]
[{"0": [4, 39, 37, 48, 34, 37, 32, 32, 34, 36, 3, 2, 0, 3]}, null, null, 136, false, [], false, 0, [], null, 0, 1744255361.1394506, 0, {}]
[{"0": [0, 45, 37, 41, 32, 47, 2, 3, 3, 1, 4, 3, 1, 3]}, null, null, 137, false, [], false, 0, [], null, 0, 1744255361.3176675, 0, {}]
[{"0": [0, 42, 33, 48, 28, 41, 3, 1, 1, 2, 1, 1, 4, 3]}, null, null, 137, false, [], false, 0, [], null, 0, 1744255361.4919832, 0, {}]
[{"0": [0, 41, 3, 2, 7, 2, 1, 4, 3, 1, 1, 0, 1, 0]}, null, null, 138, false, [], false, 0, [], null, 0, 1744255361.6767566, 0, {}]
[{"0": [2, 37, 32, 44, 45, 38, 1, 3, 1, 1, 1, 1, 3, 2]}, null, null, 139, false, [], false, 0, [], null, 0, 1744255361.867609, 0, {}]
[{"0": [2, 43, 1, 1, 1, 4, 1, 1, 2, 1, 1, 3, 2, 0]}, null, null, 139, false, [], false, 0, [], null, 0, 1744255362.0593562, 0, {}]
[{"0": [4, 42, 29, 41, 36, 37, 23, 44, 29, 39, 2, 0, 5, 2]}, null, null, 140, false, [], false, 0, [], null, 0, 1744255362.2456644, 0, {}]
[{"0": [4, 36, 37, 38, 3, 2, 1, 1, 4, 1, 0, 1, 2, 2]}, null, null, 140, false, [], false, 0, [], null, 0, 1744255362.4121783, 0, {}]
[{"0": [4, 50, 42, 34, 32, 30, 2, 0, 2, 1, 3, 1, 4, 3]}, null, null, 141, false, [], false, 0, [], null, 0, 1744255362.6058283, 0, {}]
[{"0": [3, 33, 36, 34, 42, 49, 40, 25, 42, 30, 42, 47, 2, 4]}, null, null, 142, false, [], false, 0, [], null, 0, 1744255362.777953, 0, {}]
[{"0": [0, 36, 35, 1, 4, 2, 1, 0, 1, 0, 2, 0, 0, 2]}, null, null, 142, false, [], false, 0, [], null, 0, 1744255362.96307, 0, {}]
[{"0": [1, 43, 43, 42, 3, 3, 3, 3, 2, 4, 0, 4, 1, 1]}, null, null, 143, false, [], false, 0, [], null, 0, 1744255363.158041, 0, {}]
[{"0": [2, 4, 4, 1, 1, 4, 5, 33, 1, 3, 0, 2, 2, 2]}, null, null, 143, false, [], false, 0, [], null, 0, 1744255363.330211, 0, {}]
[{"0": [2, 31, 1, 1, 3, 1, 2, 1, 1, 1, 2, 0, 4, 3]}, null, null, 144, false, [], false, 0, [], null, 0, 1744255363.5117135, 0, {}]
[{"0": [37, 48, 35, 37, 4, 3, 1, 4, 1, 1, 3, 3, 1, 1]}, null, null, 145, false, [], false, 0, [], null, 0, 1744255363.7008188, 0, {}]
[{"0": [1, 41, 32, 49, 0, 4, 3, 0, 3, 0, 1, 1, 2, 2]}, null, null, 145, false, [], false, 0, [], null, 0, 1744255363.8915565, 0, {}]
[{"0": [2, 4, 34, 40, 39, 32, 1, 1, 3, 1, 4, 1, 0, 1]}, null, null, 146, false, [], false, 0, [], null, 0, 1744255364.069034, 0, {}]
[{"0": [1, 55, 48, 2, 0, 3, 1, 4, 4, 2, 2, 1, 2, 5]}, null, null, 146, false, [], false, 0, [], null, 0, 1744255364.2597663, 0, {}]
[{"0": [6, 39, 1, 2, 1, 1, 6, 1, 1, 2, 2, 2, 0, 4]}, null, null, 147, false, [], false, 0, [], null, 0, 1744255364.4375243, 0, {}]
[{"0": [2, 44, 44, 43, 30, 32, 30, 44, 44, 2, 2, 0, 2, 0]}, null, null, 148, false, [], false, 0, [], null, 0, 1744255364.6297705, 0, {}]
[{"0": [1, 42, 48, 34, 7, 1, 0, 0, 4, 1, 1, 1, 2, 0]}, null, null, 148, false, [], false, 0, [], null, 0, 1744255364.8168626, 0, {}]
[{"0": [0, 0, 0, 2, 43, 38, 31, 43, 39, 41, 42, 2, 4, 0]}, null, null, 149, false, [], false, 0, [], null, 0, 1744255364.9964318, 0, {}]
[{"0": [2, 41, 34, 36, 29, 34, 40, 37, 35, 42, 35, 34, 1, 0]}, null, null, 149, false, [], false, 0, [], null, 0, 1744255365.1761017, 0, {}]
[{"0": [4, 32, 2, 0, 3, 5, 4, 0, 0, 4, 2, 2, 4, 3]}, null, null, 150, true, [], false, 0, [], null, 0, 1744255365.354401, 0, {}]
