[{"0": [0, 1, 1, 2, 31, 3, 1, 3, 3, 1, 5, 0, 2, 0]}, null, null, 0, false, [], false, 0, [], null, 0, 1744255394.953526, 0, {}]
[{"0": [2, 1, 2, 0, 1, 2, 1, 0, 0, 1, 3, 1, 0, 42]}, null, null, 1, false, [], false, 0, [], null, 0, 1744255395.1641824, 0, {}]
[{"0": [2, 4, 5, 0, 1, 3, 2, 2, 2, 27, 29, 33, 36, 44]}, null, null, 1, false, [], false, 0, [], null, 0, 1744255395.342653, 0, {}]
[{"0": [6, 1, 2, 3, 2, 3, 40, 45, 42, 41, 50, 36, 41, 37]}, null, null, 2, false, [], false, 0, [], null, 0, 1744255395.533643, 0, {}]
[{"0": [1, 0, 3, 2, 0, 2, 0, 4, 0, 0, 1, 2, 0, 2]}, null, null, 2, false, [], false, 0, [], null, 0, 1744255395.701331, 0, {}]
[{"0": [0, 2, 1, 37, 35, 28, 34, 35, 31, 35, 0, 0, 0, 1]}, null, null, 3, false, [], false, 0, [], null, 0, 1744255395.902308, 0, {}]
[{"0": [1, 0, 4, 42, 23, 35, 33, 37, 3, 2, 3, 0, 1, 0]}, null, null, 4, false, [], false, 0, [], null, 0, 1744255396.0815244, 0, {}]
[{"0": [1, 2, 2, 1, 2, 1, 0, 4, 29, 1, 0, 1, 1, 2]}, null, null, 4, false, [], false, 0, [], null, 0, 1744255396.2585394, 0, {}]
[{"0": [0, 3, 2, 3, 0, 4, 1, 0, 4, 3, 2, 2, 2, 39]}, null, null, 5, false, [], false, 0, [], null, 0, 1744255396.4499893, 0, {}]
[{"0": [4, 1, 3, 1, 3, 1, 0, 3, 0, 1, 2, 2, 41, 41]}, null, null, 5, false, [], false, 0, [], null, 0, 1744255396.6299627, 0, {}]
[{"0": [5, 2, 1, 3, 44, 39, 40, 55, 45, 32, 4, 1, 1, 2]}, null, null, 6, false, [], false, 0, [], null, 0, 1744255396.8169167, 0, {}]
[{"0": [0, 2, 3, 3, 2, 3, 33, 35, 48, 36, 38, 36, 38, 17]}, null, null, 7, false, [], false, 0, [], null, 0, 1744255397.0003996, 0, {}]
[{"0": [0, 2, 0, 0, 1, 0, 3, 4, 4, 29, 46, 38, 38, 37]}, null, null, 7, false, [], false, 0, [], null, 0, 1744255397.1799943, 0, {}]
[{"0": [2, 3, 4, 1, 2, 1, 1, 2, 1, 46, 31, 41, 34, 29]}, null, null, 8, false, [], false, 0, [], null, 0, 1744255397.3688195, 0, {}]
[{"0": [3, 3, 1, 2, 3, 0, 3, 3, 1, 2, 35, 29, 26, 0]}, null, null, 8, false, [], false, 0, [], null, 0, 1744255397.5530066, 0, {}]
[{"0": [0, 3, 43, 30, 33, 29, 28, 38, 33, 33, 43, 49, 42, 30]}, null, null, 9, false, [], false, 0, [], null, 0, 1744255397.7323122, 0, {}]
[{"0": [2, 1, 0, 5, 1, 5, 31, 37, 25, 3, 1, 1, 2, 0]}, null, null, 10, false, [], false, 0, [], null, 0, 1744255397.9223797, 0, {}]
[{"0": [3, 5, 39, 43, 27, 2, 0, 2, 3, 4, 1, 1, 4, 2]}, null, null, 10, false, [], false, 0, [], null, 0, 1744255398.0866477, 0, {}]
[{"0": [3, 3, 2, 3, 0, 0, 4, 1, 1, 33, 38, 41, 0, 2]}, null, null, 11, false, [], false, 0, [], null, 0, 1744255398.2800937, 0, {}]
[{"0": [1, 2, 4, 0, 0, 3, 0, 4, 0, 2, 1, 1, 44, 40]}, null, null, 11, false, [], false, 0, [], null, 0, 1744255398.464956, 0, {}]
[{"0": [1, 3, 3, 1, 39, 27, 1, 4, 1, 3, 4, 3, 3, 3]}, null, null, 12, false, [], false, 0, [], null, 0, 1744255398.6422453, 0, {}]
[{"0": [1, 0, 3, 39, 41, 48, 53, 41, 27, 24, 0, 1, 3, 0]}, null, null, 13, false, [], false, 0, [], null, 0, 1744255398.8334923, 0, {}]
[{"0": [1, 1, 36, 31, 32, 43, 47, 31, 28, 47, 47, 2, 3, 0]}, null, null, 13, false, [], false, 0, [], null, 0, 1744255399.0182056, 0, {}]
[{"0": [3, 2, 38, 33, 47, 40, 3, 3, 1, 3, 3, 1, 2, 2]}, null, null, 14, false, [], false, 0, [], null, 0, 1744255399.1930084, 0, {}]
[{"0": [3, 2, 1, 0, 1, 34, 4, 1, 3, 1, 3, 0, 0, 0]}, null, null, 14, false, [], false, 0, [], null, 0, 1744255399.385586, 0, {}]
[{"0": [1, 2, 3, 35, 38, 0, 2, 2, 4, 4, 1, 2, 1, 3]}, null, null, 15, false, [], false, 0, [], null, 0, 1744255399.570969, 0, {}]
[{"0": [2, 1, 1, 2, 3, 2, 1, 4, 3, 4, 28, 49, 34, 38]}, null, null, 16, false, [], false, 0, [], null, 0, 1744255399.750756, 0, {}]
[{"0": [2, 2, 3, 0, 0, 4, 3, 3, 1, 0, 2, 37, 45, 31]}, null, null, 16, false, [], false, 0, [], null, 0, 1744255399.918125, 0, {}]
[{"0": [3, 2, 2, 0, 2, 3, 1, 3, 5, 3, 2, 37, 2, 4]}, null, null, 17, false, [], false, 0, [], null, 0, 1744255400.1186059, 0, {}]
[{"0": [7, 1, 1, 1, 1, 1, 1, 2, 2, 4, 1, 29, 44, 49]}, null, null, 17, false, [], false, 0, [], null, 0, 1744255400.2934246, 0, {}]
[{"0": [2, 1, 2, 1, 0, 3, 3, 1, 4, 0, 37, 34, 38, 35]}, null, null, 18, false, [], false, 0, [], null, 0, 1744255400.4856708, 0, {}]
[{"0": [0, 2, 30, 29, 33, 41, 31, 35, 35, 40, 1, 2, 7, 2]}, null, null, 19, false, [], false, 0, [], null, 0, 1744255400.6635525, 0, {}]
[{"0": [2, 3, 1, 2, 1, 2, 1, 31, 24, 1, 1, 3, 2, 3]}, null, null, 19, false, [], false, 0, [], null, 0, 1744255400.854287, 0, {}]
[{"0": [1, 0, 1, 3, 2, 3, 4, 3, 2, 0, 1, 1, 2, 30]}, null, null, 20, false, [], false, 0, [], null, 0, 1744255401.0350804, 0, {}]
[{"0": [1, 4, 2, 2, 3, 1, 0, 2, 2, 1, 2, 41, 2, 1]}, null, null, 20, false, [], false, 0, [], null, 0, 1744255401.217004, 0, {}]
[{"0": [2, 3, 2, 3, 7, 2, 5, 1, 0, 1, 2, 1, 0, 39]}, null, null, 21, false, [], false, 0, [], null, 0, 1744255401.3956351, 0, {}]
[{"0": [2, 1, 6, 1, 3, 1, 2, 1, 2, 35, 38, 36, 37, 33]}, null, null, 22, false, [], false, 0, [], null, 0, 1744255401.5716245, 0, {}]
[{"0": [3, 1, 2, 3, 2, 1, 1, 0, 2, 1, 1, 2, 4, 35]}, null, null, 22, false, [], false, 0, [], null, 0, 1744255401.7631168, 0, {}]
[{"0": [1, 2, 33, 4, 3, 1, 3, 2, 0, 2, 1, 3, 4, 0]}, null, null, 23, false, [], false, 0, [], null, 0, 1744255401.9361076, 0, {}]
[{"0": [2, 2, 2, 1, 2, 3, 0, 1, 0, 35, 36, 37, 1, 2]}, null, null, 23, false, [], false, 0, [], null, 0, 1744255402.1241663, 0, {}]
[{"0": [1, 1, 3, 1, 0, 2, 2, 0, 3, 3, 2, 2, 0, 37]}, null, null, 24, false, [], false, 0, [], null, 0, 1744255402.3154209, 0, {}]
[{"0": [3, 2, 3, 2, 2, 4, 3, 35, 1, 0, 0, 2, 2, 2]}, null, null, 25, false, [], false, 0, [], null, 0, 1744255402.5032022, 0, {}]
[{"0": [2, 2, 2, 1, 5, 1, 1, 1, 34, 32, 1, 1, 1, 0]}, null, null, 25, false, [], false, 0, [], null, 0, 1744255402.6680505, 0, {}]
[{"0": [2, 0, 2, 3, 2, 0, 0, 33, 42, 38, 44, 0, 0, 1]}, null, null, 26, false, [], false, 0, [], null, 0, 1744255402.867942, 0, {}]
[{"0": [1, 0, 1, 2, 35, 51, 38, 30, 4, 3, 4, 1, 0, 4]}, null, null, 27, false, [], false, 0, [], null, 0, 1744255403.0522509, 0, {}]
[{"0": [2, 1, 1, 0, 2, 2, 3, 2, 3, 33, 35, 20, 28, 34]}, null, null, 27, false, [], false, 0, [], null, 0, 1744255403.2227328, 0, {}]
[{"0": [2, 3, 1, 4, 2, 1, 35, 20, 25, 41, 32, 46, 0, 0]}, null, null, 28, false, [], false, 0, [], null, 0, 1744255403.4170942, 0, {}]
[{"0": [0, 4, 1, 3, 1, 1, 3, 37, 38, 40, 32, 1, 0, 3]}, null, null, 28, false, [], false, 0, [], null, 0, 1744255403.6028516, 0, {}]
[{"0": [1, 2, 3, 2, 2, 2, 3, 2, 3, 2, 39, 43, 33, 37]}, null, null, 29, false, [], false, 0, [], null, 0, 1744255403.7893918, 0, {}]
[{"0": [2, 1, 1, 2, 43, 41, 32, 1, 1, 1, 0, 2, 0, 1]}, null, null, 30, false, [], false, 0, [], null, 0, 1744255403.9527068, 0, {}]
[{"0": [2, 1, 3, 0, 1, 5, 1, 1, 2, 35, 31, 33, 27, 37]}, null, null, 30, false, [], false, 0, [], null, 0, 1744255404.1512406, 0, {}]
[{"0": [2, 1, 1, 1, 1, 0, 0, 1, 3, 1, 2, 32, 44, 24]}, null, null, 31, false, [], false, 0, [], null, 0, 1744255404.3357203, 0, {}]
[{"0": [0, 3, 2, 8, 40, 26, 34, 33, 44, 26, 39, 40, 34, 40]}, null, null, 31, false, [], false, 0, [], null, 0, 1744255404.5248606, 0, {}]
[{"0": [1, 0, 1, 3, 0, 1, 3, 1, 2, 43, 38, 40, 34, 35]}, null, null, 32, false, [], false, 0, [], null, 0, 1744255404.6945696, 0, {}]
[{"0": [3, 2, 0, 1, 1, 1, 2, 2, 4, 3, 5, 1, 2, 42]}, null, null, 33, false, [], false, 0, [], null, 0, 1744255404.8873043, 0, {}]
[{"0": [1, 4, 4, 2, 3, 3, 4, 2, 3, 1, 39, 41, 32, 22]}, null, null, 33, false, [], false, 0, [], null, 0, 1744255405.0686955, 0, {}]
[{"0": [1, 2, 4, 0, 28, 3, 1, 3, 1, 1, 1, 1, 0, 1]}, null, null, 34, false, [], false, 0, [], null, 0, 1744255405.2451634, 0, {}]
[{"0": [2, 1, 0, 0, 0, 3, 4, 31, 34, 22, 37, 28, 0, 4]}, null, null, 34, false, [], false, 0, [], null, 0, 1744255405.4380653, 0, {}]
[{"0": [1, 5, 30, 41, 1, 2, 4, 1, 0, 1, 3, 0, 3, 0]}, null, null, 35, false, [], false, 0, [], null, 0, 1744255405.6202464, 0, {}]
[{"0": [2, 1, 0, 3, 36, 32, 36, 35, 34, 38, 49, 36, 47, 36]}, null, null, 36, false, [], false, 0, [], null, 0, 1744255405.8042684, 0, {}]
[{"0": [3, 3, 3, 4, 0, 4, 3, 4, 2, 2, 1, 1, 2, 1]}, null, null, 36, false, [], false, 0, [], null, 0, 1744255405.9881988, 0, {}]
[{"0": [3, 1, 4, 1, 1, 1, 3, 3, 0, 2, 2, 42, 30, 37]}, null, null, 37, false, [], false, 0, [], null, 0, 1744255406.1763382, 0, {}]
[{"0": [3, 0, 4, 3, 1, 6, 1, 35, 34, 22, 37, 29, 32, 31]}, null, null, 37, false, [], false, 0, [], null, 0, 1744255406.3364644, 0, {}]
[{"0": [0, 1, 2, 1, 0, 4, 0, 0, 2, 37, 41, 44, 1, 7]}, null, null, 38, false, [], false, 0, [], null, 0, 1744255406.531434, 0, {}]
[{"0": [0, 3, 2, 2, 0, 1, 2, 5, 1, 1, 1, 1, 3, 26]}, null, null, 39, false, [], false, 0, [], null, 0, 1744255406.716837, 0, {}]
[{"0": [1, 1, 0, 2, 2, 35, 42, 34, 3, 0, 4, 3, 3, 1]}, null, null, 39, false, [], false, 0, [], null, 0, 1744255406.8867896, 0, {}]
[{"0": [1, 0, 0, 3, 1, 2, 3, 2, 1, 1, 27, 35, 41, 49]}, null, null, 40, false, [], false, 0, [], null, 0, 1744255407.0799797, 0, {}]
[{"0": [3, 0, 1, 3, 38, 32, 40, 45, 2, 1, 1, 2, 0, 4]}, null, null, 40, false, [], false, 0, [], null, 0, 1744255407.2540798, 0, {}]
[{"0": [5, 1, 39, 2, 3, 2, 2, 1, 1, 3, 1, 1, 3, 1]}, null, null, 41, false, [], false, 0, [], null, 0, 1744255407.4522207, 0, {}]
[{"0": [2, 1, 1, 1, 1, 1, 33, 38, 42, 37, 29, 41, 36, 40]}, null, null, 42, false, [], false, 0, [], null, 0, 1744255407.6356392, 0, {}]
[{"0": [0, 1, 3, 4, 4, 4, 2, 1, 2, 33, 42, 35, 23, 27]}, null, null, 42, false, [], false, 0, [], null, 0, 1744255407.819989, 0, {}]
[{"0": [2, 4, 3, 0, 1, 4, 2, 30, 29, 1, 1, 1, 2, 2]}, null, null, 43, false, [], false, 0, [], null, 0, 1744255407.988738, 0, {}]
[{"0": [2, 1, 2, 1, 3, 39, 25, 30, 28, 46, 31, 39, 0, 2]}, null, null, 43, false, [], false, 0, [], null, 0, 1744255408.1877801, 0, {}]
[{"0": [1, 1, 1, 1, 2, 3, 3, 41, 31, 32, 39, 44, 36, 3]}, null, null, 44, false, [], false, 0, [], null, 0, 1744255408.370171, 0, {}]
[{"0": [0, 1, 2, 3, 3, 4, 0, 3, 4, 2, 2, 1, 1, 35]}, null, null, 45, false, [], false, 0, [], null, 0, 1744255408.559524, 0, {}]
[{"0": [2, 0, 36, 2, 4, 1, 2, 2, 2, 1, 2, 1, 2, 2]}, null, null, 45, false, [], false, 0, [], null, 0, 1744255408.735038, 0, {}]
[{"0": [0, 1, 2, 2, 2, 2, 1, 3, 2, 1, 2, 3, 2, 30]}, null, null, 46, false, [], false, 0, [], null, 0, 1744255408.9199579, 0, {}]
[{"0": [3, 3, 2, 3, 4, 3, 3, 1, 3, 2, 2, 29, 32, 35]}, null, null, 46, false, [], false, 0, [], null, 0, 1744255409.0841618, 0, {}]
[{"0": [4, 1, 0, 1, 2, 2, 2, 38, 2, 2, 5, 2, 2, 0]}, null, null, 47, false, [], false, 0, [], null, 0, 1744255409.2707763, 0, {}]
[{"0": [1, 1, 5, 2, 3, 2, 1, 1, 2, 37, 30, 45, 3, 0]}, null, null, 48, false, [], false, 0, [], null, 0, 1744255409.4697034, 0, {}]
[{"0": [2, 1, 1, 2, 2, 0, 37, 41, 37, 31, 0, 3, 4, 4]}, null, null, 48, false, [], false, 0, [], null, 0, 1744255409.6583235, 0, {}]
[{"0": [2, 0, 1, 2, 2, 2, 2, 3, 2, 2, 3, 3, 41, 1]}, null, null, 49, false, [], false, 0, [], null, 0, 1744255409.839253, 0, {}]
[{"0": [2, 1, 1, 0, 0, 4, 3, 3, 43, 26, 1, 2, 1, 3]}, null, null, 49, false, [], false, 0, [], null, 0, 1744255410.0019963, 0, {}]
[{"0": [4, 2, 5, 1, 3, 0, 32, 43, 35, 0, 2, 2, 2, 0]}, null, null, 50, false, [], false, 0, [], null, 0, 1744255410.1963117, 0, {}]
[{"0": [0, 1, 1, 0, 4, 4, 3, 37, 37, 2, 1, 0, 2, 0]}, null, null, 51, false, [], false, 0, [], null, 0, 1744255410.3729897, 0, {}]
[{"0": [2, 2, 3, 0, 1, 4, 2, 1, 3, 2, 1, 0, 1, 34]}, null, null, 51, false, [], false, 0, [], null, 0, 1744255410.569989, 0, {}]
[{"0": [0, 2, 0, 0, 0, 2, 1, 3, 3, 3, 0, 5, 3, 32]}, null, null, 52, false, [], false, 0, [], null, 0, 1744255410.7481863, 0, {}]
[{"0": [1, 1, 1, 39, 41, 31, 32, 44, 27, 2, 1, 0, 0, 3]}, null, null, 52, false, [], false, 0, [], null, 0, 1744255410.9219482, 0, {}]
[{"0": [3, 1, 2, 1, 0, 2, 1, 3, 2, 1, 3, 27, 1, 4]}, null, null, 53, false, [], false, 0, [], null, 0, 1744255411.1217852, 0, {}]
[{"0": [0, 2, 1, 1, 4, 3, 2, 2, 3, 1, 0, 1, 38, 42]}, null, null, 54, false, [], false, 0, [], null, 0, 1744255411.3077722, 0, {}]
[{"0": [1, 2, 0, 0, 0, 5, 2, 3, 4, 28, 35, 27, 2, 5]}, null, null, 54, false, [], false, 0, [], null, 0, 1744255411.4899073, 0, {}]
[{"0": [0, 3, 41, 37, 1, 2, 1, 3, 2, 0, 0, 2, 1, 3]}, null, null, 55, false, [], false, 0, [], null, 0, 1744255411.6687658, 0, {}]
[{"0": [3, 2, 3, 1, 2, 2, 4, 3, 32, 29, 22, 37, 1, 1]}, null, null, 55, false, [], false, 0, [], null, 0, 1744255411.8479016, 0, {}]
[{"0": [0, 2, 1, 3, 2, 0, 1, 0, 0, 2, 2, 1, 32, 31]}, null, null, 56, false, [], false, 0, [], null, 0, 1744255412.0406964, 0, {}]
[{"0": [1, 0, 2, 2, 2, 1, 2, 1, 1, 2, 4, 2, 0, 32]}, null, null, 57, false, [], false, 0, [], null, 0, 1744255412.207407, 0, {}]
[{"0": [43, 3, 3, 2, 4, 1, 1, 6, 2, 0, 3, 0, 2, 3]}, null, null, 57, false, [], false, 0, [], null, 0, 1744255412.3979776, 0, {}]
[{"0": [4, 1, 2, 4, 1, 0, 32, 1, 1, 1, 2, 4, 1, 0]}, null, null, 58, false, [], false, 0, [], null, 0, 1744255412.583174, 0, {}]
[{"0": [3, 4, 1, 33, 39, 35, 34, 29, 38, 39, 35, 45, 0, 0]}, null, null, 58, false, [], false, 0, [], null, 0, 1744255412.7560937, 0, {}]
[{"0": [42, 30, 39, 3, 3, 1, 4, 2, 0, 1, 1, 0, 2, 2]}, null, null, 59, false, [], false, 0, [], null, 0, 1744255412.9436574, 0, {}]
[{"0": [2, 0, 2, 41, 39, 22, 41, 36, 39, 6, 2, 3, 1, 2]}, null, null, 60, false, [], false, 0, [], null, 0, 1744255413.1418386, 0, {}]
[{"0": [1, 1, 0, 38, 26, 48, 24, 1, 3, 1, 0, 0, 4, 1]}, null, null, 60, false, [], false, 0, [], null, 0, 1744255413.3149269, 0, {}]
[{"0": [1, 0, 3, 1, 1, 0, 1, 3, 1, 27, 25, 51, 30, 35]}, null, null, 61, false, [], false, 0, [], null, 0, 1744255413.4886038, 0, {}]
[{"0": [2, 2, 2, 2, 1, 1, 38, 4, 3, 1, 0, 5, 1, 0]}, null, null, 61, false, [], false, 0, [], null, 0, 1744255413.6908345, 0, {}]
[{"0": [1, 2, 3, 1, 0, 1, 4, 0, 3, 2, 2, 1, 39, 32]}, null, null, 62, false, [], false, 0, [], null, 0, 1744255413.8557084, 0, {}]
[{"0": [0, 1, 1, 2, 1, 1, 2, 42, 25, 45, 27, 36, 0, 1]}, null, null, 63, false, [], false, 0, [], null, 0, 1744255414.051773, 0, {}]
[{"0": [1, 2, 0, 1, 2, 3, 1, 0, 0, 0, 29, 45, 40, 20]}, null, null, 63, false, [], false, 0, [], null, 0, 1744255414.236171, 0, {}]
[{"0": [2, 2, 0, 6, 0, 1, 28, 38, 34, 32, 36, 37, 1, 4]}, null, null, 64, false, [], false, 0, [], null, 0, 1744255414.4170005, 0, {}]
[{"0": [2, 1, 0, 2, 2, 0, 29, 37, 26, 0, 1, 4, 4, 0]}, null, null, 64, false, [], false, 0, [], null, 0, 1744255414.6001835, 0, {}]
[{"0": [2, 2, 2, 2, 0, 1, 3, 1, 2, 2, 2, 2, 39, 1]}, null, null, 65, false, [], false, 0, [], null, 0, 1744255414.7700734, 0, {}]
[{"0": [0, 2, 2, 1, 2, 2, 2, 3, 0, 4, 1, 1, 3, 35]}, null, null, 66, false, [], false, 0, [], null, 0, 1744255414.9581327, 0, {}]
[{"0": [2, 2, 0, 1, 0, 1, 3, 2, 1, 2, 1, 1, 1, 28]}, null, null, 66, false, [], false, 0, [], null, 0, 1744255415.1599903, 0, {}]
[{"0": [1, 4, 0, 1, 3, 0, 3, 1, 37, 37, 7, 1, 3, 3]}, null, null, 67, false, [], false, 0, [], null, 0, 1744255415.3381174, 0, {}]
[{"0": [7, 3, 1, 6, 2, 3, 1, 2, 34, 2, 5, 3, 3, 3]}, null, null, 67, false, [], false, 0, [], null, 0, 1744255415.522191, 0, {}]
[{"0": [0, 4, 2, 1, 0, 3, 2, 48, 34, 4, 2, 0, 2, 1]}, null, null, 68, false, [], false, 0, [], null, 0, 1744255415.688046, 0, {}]
[{"0": [0, 4, 2, 0, 0, 4, 0, 2, 2, 37, 40, 33, 39, 42]}, null, null, 69, false, [], false, 0, [], null, 0, 1744255415.8725317, 0, {}]
[{"0": [3, 1, 4, 0, 2, 4, 2, 3, 0, 6, 4, 0, 2, 39]}, null, null, 69, false, [], false, 0, [], null, 0, 1744255416.0666237, 0, {}]
[{"0": [1, 1, 2, 2, 3, 2, 1, 26, 38, 34, 32, 39, 46, 43]}, null, null, 70, false, [], false, 0, [], null, 0, 1744255416.2470438, 0, {}]
[{"0": [3, 1, 1, 0, 0, 44, 4, 2, 1, 4, 2, 1, 2, 1]}, null, null, 70, false, [], false, 0, [], null, 0, 1744255416.4409845, 0, {}]
[{"0": [1, 1, 2, 2, 1, 1, 3, 1, 3, 4, 1, 33, 41, 28]}, null, null, 71, false, [], false, 0, [], null, 0, 1744255416.6158335, 0, {}]
[{"0": [2, 2, 0, 4, 2, 4, 2, 4, 3, 2, 1, 1, 4, 37]}, null, null, 72, false, [], false, 0, [], null, 0, 1744255416.8064356, 0, {}]
[{"0": [4, 2, 3, 1, 5, 2, 0, 3, 3, 1, 1, 3, 27, 34]}, null, null, 72, false, [], false, 0, [], null, 0, 1744255416.986484, 0, {}]
[{"0": [2, 4, 1, 1, 1, 4, 5, 35, 38, 31, 32, 39, 33, 39]}, null, null, 73, false, [], false, 0, [], null, 0, 1744255417.1691358, 0, {}]
[{"0": [2, 3, 2, 1, 2, 4, 1, 4, 3, 0, 3, 4, 39, 33]}, null, null, 73, false, [], false, 0, [], null, 0, 1744255417.3500886, 0, {}]
[{"0": [1, 3, 3, 33, 37, 25, 44, 24, 1, 0, 5, 3, 2, 1]}, null, null, 74, false, [], false, 0, [], null, 0, 1744255417.526132, 0, {}]
[{"0": [3, 3, 40, 26, 24, 36, 33, 35, 36, 33, 32, 29, 37, 1]}, null, null, 75, false, [], false, 0, [], null, 0, 1744255417.7142415, 0, {}]
[{"0": [0, 0, 3, 1, 0, 2, 2, 46, 32, 42, 27, 2, 2, 0]}, null, null, 75, false, [], false, 0, [], null, 0, 1744255417.8970442, 0, {}]
[{"0": [1, 2, 5, 38, 33, 41, 27, 4, 2, 2, 0, 0, 1, 2]}, null, null, 76, false, [], false, 0, [], null, 0, 1744255418.0713787, 0, {}]
[{"0": [0, 1, 4, 4, 36, 29, 2, 0, 2, 3, 4, 2, 2, 2]}, null, null, 77, false, [], false, 0, [], null, 0, 1744255418.2696092, 0, {}]
[{"0": [2, 0, 5, 3, 1, 1, 3, 4, 1, 1, 37, 1, 2, 2]}, null, null, 77, false, [], false, 0, [], null, 0, 1744255418.4515164, 0, {}]
[{"0": [2, 2, 38, 39, 26, 33, 28, 44, 40, 31, 3, 3, 1, 0]}, null, null, 78, false, [], false, 0, [], null, 0, 1744255418.630453, 0, {}]
[{"0": [5, 3, 2, 3, 43, 49, 4, 0, 7, 4, 1, 1, 1, 1]}, null, null, 78, false, [], false, 0, [], null, 0, 1744255418.8282866, 0, {}]
[{"0": [2, 2, 3, 2, 2, 1, 3, 3, 1, 3, 44, 41, 28, 36]}, null, null, 79, false, [], false, 0, [], null, 0, 1744255419.0067503, 0, {}]
[{"0": [1, 1, 1, 24, 37, 0, 0, 4, 1, 0, 2, 0, 1, 4]}, null, null, 80, false, [], false, 0, [], null, 0, 1744255419.186251, 0, {}]
[{"0": [5, 2, 2, 2, 1, 1, 1, 1, 3, 4, 1, 5, 2, 2]}, null, null, 80, false, [], false, 0, [], null, 0, 1744255419.3684618, 0, {}]
[{"0": [0, 1, 2, 1, 1, 0, 26, 36, 1, 0, 4, 3, 2, 3]}, null, null, 81, false, [], false, 0, [], null, 0, 1744255419.5597167, 0, {}]
[{"0": [2, 3, 4, 0, 2, 2, 39, 40, 33, 38, 31, 38, 31, 39]}, null, null, 81, false, [], false, 0, [], null, 0, 1744255419.7412856, 0, {}]
[{"0": [3, 1, 5, 52, 4, 1, 5, 0, 3, 3, 2, 4, 0, 2]}, null, null, 82, false, [], false, 0, [], null, 0, 1744255419.9093535, 0, {}]
[{"0": [3, 1, 2, 1, 1, 0, 1, 2, 1, 0, 3, 1, 29, 46]}, null, null, 83, false, [], false, 0, [], null, 0, 1744255420.0914972, 0, {}]
[{"0": [1, 5, 33, 43, 39, 2, 5, 4, 2, 2, 1, 2, 3, 0]}, null, null, 83, false, [], false, 0, [], null, 0, 1744255420.2888494, 0, {}]
[{"0": [1, 1, 3, 3, 2, 2, 37, 27, 39, 31, 3, 2, 3, 3]}, null, null, 84, false, [], false, 0, [], null, 0, 1744255420.4706016, 0, {}]
[{"0": [3, 0, 1, 0, 2, 2, 0, 2, 41, 34, 35, 43, 28, 36]}, null, null, 84, false, [], false, 0, [], null, 0, 1744255420.6539187, 0, {}]
[{"0": [4, 0, 2, 44, 28, 30, 39, 20, 35, 32, 32, 1, 1, 3]}, null, null, 85, false, [], false, 0, [], null, 0, 1744255420.8270473, 0, {}]
[{"0": [0, 2, 3, 2, 4, 1, 4, 1, 23, 46, 3, 5, 2, 1]}, null, null, 86, false, [], false, 0, [], null, 0, 1744255421.0145822, 0, {}]
[{"0": [1, 0, 2, 2, 4, 0, 1, 2, 4, 0, 2, 1, 34, 2]}, null, null, 86, false, [], false, 0, [], null, 0, 1744255421.2093809, 0, {}]
[{"0": [2, 1, 0, 34, 22, 25, 32, 1, 3, 1, 1, 2, 0, 0]}, null, null, 87, false, [], false, 0, [], null, 0, 1744255421.3879402, 0, {}]
[{"0": [2, 2, 0, 3, 38, 2, 1, 2, 1, 2, 5, 2, 1, 0]}, null, null, 87, false, [], false, 0, [], null, 0, 1744255421.5701072, 0, {}]
[{"0": [0, 0, 1, 2, 3, 0, 0, 38, 30, 33, 3, 2, 1, 2]}, null, null, 88, false, [], false, 0, [], null, 0, 1744255421.756833, 0, {}]
[{"0": [0, 2, 30, 1, 4, 0, 2, 2, 1, 3, 3, 1, 1, 0]}, null, null, 89, false, [], false, 0, [], null, 0, 1744255421.9363492, 0, {}]
[{"0": [0, 1, 0, 1, 0, 0, 0, 1, 2, 0, 3, 28, 34, 31]}, null, null, 89, false, [], false, 0, [], null, 0, 1744255422.11419, 0, {}]
[{"0": [3, 0, 3, 4, 2, 1, 2, 1, 5, 5, 0, 34, 37, 6]}, null, null, 90, false, [], false, 0, [], null, 0, 1744255422.2924495, 0, {}]
[{"0": [3, 0, 3, 41, 32, 2, 3, 1, 0, 2, 0, 3, 3, 3]}, null, null, 90, false, [], false, 0, [], null, 0, 1744255422.4798234, 0, {}]
[{"0": [1, 1, 0, 1, 0, 0, 1, 3, 0, 35, 40, 31, 31, 35]}, null, null, 91, false, [], false, 0, [], null, 0, 1744255422.6698194, 0, {}]
[{"0": [0, 3, 5, 4, 0, 1, 2, 1, 1, 3, 1, 2, 2, 1]}, null, null, 92, false, [], false, 0, [], null, 0, 1744255422.8492005, 0, {}]
[{"0": [1, 0, 5, 3, 30, 43, 20, 47, 30, 41, 2, 3, 1, 2]}, null, null, 92, false, [], false, 0, [], null, 0, 1744255423.0295324, 0, {}]
[{"0": [3, 1, 3, 0, 4, 1, 36, 29, 47, 1, 2, 0, 1, 1]}, null, null, 93, false, [], false, 0, [], null, 0, 1744255423.22004, 0, {}]
[{"0": [1, 3, 3, 26, 39, 41, 41, 0, 1, 2, 1, 2, 1, 0]}, null, null, 93, false, [], false, 0, [], null, 0, 1744255423.392163, 0, {}]
[{"0": [2, 3, 40, 1, 3, 2, 1, 2, 3, 0, 2, 1, 5, 0]}, null, null, 94, false, [], false, 0, [], null, 0, 1744255423.5791547, 0, {}]
[{"0": [3, 0, 0, 4, 1, 1, 2, 1, 32, 34, 39, 1, 1, 3]}, null, null, 95, false, [], false, 0, [], null, 0, 1744255423.7743015, 0, {}]
[{"0": [3, 2, 2, 0, 6, 2, 1, 35, 40, 3, 0, 2, 2, 1]}, null, null, 95, false, [], false, 0, [], null, 0, 1744255423.9673302, 0, {}]
[{"0": [2, 2, 1, 4, 3, 27, 34, 45, 29, 38, 45, 26, 37, 25]}, null, null, 96, false, [], false, 0, [], null, 0, 1744255424.1349351, 0, {}]
[{"0": [3, 1, 39, 46, 34, 1, 1, 2, 3, 3, 2, 2, 0, 0]}, null, null, 96, false, [], false, 0, [], null, 0, 1744255424.3154647, 0, {}]
[{"0": [2, 2, 2, 1, 1, 1, 0, 1, 2, 33, 32, 3, 3, 2]}, null, null, 97, false, [], false, 0, [], null, 0, 1744255424.496666, 0, {}]
[{"0": [3, 1, 1, 3, 2, 2, 2, 6, 2, 1, 26, 4, 1, 1]}, null, null, 98, false, [], false, 0, [], null, 0, 1744255424.6901932, 0, {}]
[{"0": [2, 3, 2, 1, 0, 5, 1, 2, 0, 3, 1, 57, 0, 0]}, null, null, 98, false, [], false, 0, [], null, 0, 1744255424.860664, 0, {}]
[{"0": [0, 2, 1, 4, 4, 1, 0, 0, 0, 1, 0, 3, 2, 39]}, null, null, 99, false, [], false, 0, [], null, 0, 1744255425.0479114, 0, {}]
[{"0": [2, 1, 2, 3, 1, 0, 0, 30, 42, 39, 1, 1, 1, 1]}, null, null, 99, false, [], false, 0, [], null, 0, 1744255425.2223446, 0, {}]
[{"0": [53, 42, 33, 26, 36, 38, 46, 46, 42, 29, 35, 1, 2, 3]}, null, null, 100, false, [], false, 0, [], null, 0, 1744255425.4128523, 0, {}]
[{"0": [2, 2, 5, 3, 0, 0, 6, 2, 4, 1, 46, 29, 29, 26]}, null, null, 101, false, [], false, 0, [], null, 0, 1744255425.608946, 0, {}]
[{"0": [1, 4, 1, 6, 0, 2, 0, 2, 0, 1, 26, 39, 37, 32]}, null, null, 101, false, [], false, 0, [], null, 0, 1744255425.7858467, 0, {}]
[{"0": [3, 2, 4, 2, 1, 1, 36, 35, 35, 31, 39, 24, 23, 3]}, null, null, 102, false, [], false, 0, [], null, 0, 1744255425.9608665, 0, {}]
[{"0": [3, 1, 34, 34, 36, 31, 32, 40, 36, 2, 3, 1, 3, 2]}, null, null, 102, false, [], false, 0, [], null, 0, 1744255426.1602733, 0, {}]
[{"0": [1, 2, 3, 1, 2, 2, 2, 5, 35, 26, 1, 2, 2, 2]}, null, null, 103, false, [], false, 0, [], null, 0, 1744255426.340194, 0, {}]
[{"0": [1, 6, 2, 2, 2, 2, 4, 4, 1, 34, 29, 24, 38, 24]}, null, null, 104, false, [], false, 0, [], null, 0, 1744255426.5145795, 0, {}]
[{"0": [2, 0, 0, 0, 3, 2, 3, 3, 0, 30, 35, 30, 34, 33]}, null, null, 104, false, [], false, 0, [], null, 0, 1744255426.7066545, 0, {}]
[{"0": [2, 1, 1, 1, 28, 34, 29, 2, 0, 2, 3, 1, 4, 1]}, null, null, 105, false, [], false, 0, [], null, 0, 1744255426.8904543, 0, {}]
[{"0": [1, 4, 1, 2, 3, 1, 43, 32, 50, 39, 43, 31, 41, 42]}, null, null, 105, false, [], false, 0, [], null, 0, 1744255427.073419, 0, {}]
[{"0": [2, 1, 29, 34, 33, 3, 0, 1, 2, 3, 2, 1, 3, 1]}, null, null, 106, false, [], false, 0, [], null, 0, 1744255427.2572136, 0, {}]
[{"0": [1, 1, 2, 3, 6, 0, 1, 3, 2, 3, 3, 37, 28, 32]}, null, null, 107, false, [], false, 0, [], null, 0, 1744255427.4464118, 0, {}]
[{"0": [3, 0, 4, 1, 1, 3, 2, 4, 3, 2, 0, 1, 0, 39]}, null, null, 107, false, [], false, 0, [], null, 0, 1744255427.6215236, 0, {}]
[{"0": [0, 0, 0, 0, 1, 1, 3, 3, 1, 2, 3, 38, 2, 1]}, null, null, 108, false, [], false, 0, [], null, 0, 1744255427.8129256, 0, {}]
[{"0": [2, 1, 38, 2, 2, 6, 1, 0, 1, 4, 0, 3, 0, 2]}, null, null, 108, false, [], false, 0, [], null, 0, 1744255427.9822958, 0, {}]
[{"0": [1, 1, 3, 1, 0, 1, 1, 0, 4, 4, 28, 38, 1, 1]}, null, null, 109, false, [], false, 0, [], null, 0, 1744255428.1729314, 0, {}]
[{"0": [1, 1, 3, 1, 0, 3, 4, 6, 34, 36, 2, 2, 2, 1]}, null, null, 110, false, [], false, 0, [], null, 0, 1744255428.3568397, 0, {}]
[{"0": [0, 4, 1, 3, 1, 1, 1, 0, 1, 41, 1, 1, 1, 1]}, null, null, 110, false, [], false, 0, [], null, 0, 1744255428.5425117, 0, {}]
[{"0": [0, 1, 1, 6, 0, 6, 33, 1, 3, 0, 5, 0, 1, 1]}, null, null, 111, false, [], false, 0, [], null, 0, 1744255428.7173686, 0, {}]
[{"0": [2, 2, 42, 33, 26, 1, 2, 0, 2, 2, 3, 0, 0, 0]}, null, null, 111, false, [], false, 0, [], null, 0, 1744255428.8990405, 0, {}]
[{"0": [1, 1, 0, 5, 1, 4, 2, 3, 1, 1, 3, 3, 3, 30]}, null, null, 112, false, [], false, 0, [], null, 0, 1744255429.0787914, 0, {}]
[{"0": [3, 1, 2, 2, 30, 40, 29, 3, 0, 1, 1, 2, 0, 1]}, null, null, 113, false, [], false, 0, [], null, 0, 1744255429.2620842, 0, {}]
[{"0": [1, 2, 4, 6, 1, 3, 43, 3, 0, 4, 2, 1, 1, 0]}, null, null, 113, false, [], false, 0, [], null, 0, 1744255429.4456916, 0, {}]
[{"0": [3, 5, 2, 2, 1, 1, 4, 3, 3, 0, 36, 41, 36, 35]}, null, null, 114, false, [], false, 0, [], null, 0, 1744255429.6280162, 0, {}]
[{"0": [3, 2, 1, 0, 2, 3, 2, 1, 2, 1, 2, 0, 31, 37]}, null, null, 114, false, [], false, 0, [], null, 0, 1744255429.8239725, 0, {}]
[{"0": [4, 1, 2, 3, 30, 30, 2, 1, 1, 1, 1, 1, 5, 3]}, null, null, 115, false, [], false, 0, [], null, 0, 1744255429.9979997, 0, {}]
[{"0": [1, 2, 2, 50, 30, 41, 47, 0, 3, 1, 4, 2, 1, 1]}, null, null, 116, false, [], false, 0, [], null, 0, 1744255430.193179, 0, {}]
[{"0": [4, 1, 4, 2, 3, 0, 3, 36, 36, 31, 2, 2, 1, 2]}, null, null, 116, false, [], false, 0, [], null, 0, 1744255430.3592074, 0, {}]
[{"0": [1, 1, 2, 4, 1, 3, 39, 37, 36, 47, 39, 34, 1, 2]}, null, null, 117, false, [], false, 0, [], null, 0, 1744255430.557014, 0, {}]
[{"0": [3, 5, 2, 0, 3, 3, 1, 7, 3, 28, 48, 49, 35, 1]}, null, null, 117, false, [], false, 0, [], null, 0, 1744255430.7465873, 0, {}]
[{"0": [2, 1, 1, 2, 4, 1, 36, 36, 2, 3, 0, 1, 2, 1]}, null, null, 118, false, [], false, 0, [], null, 0, 1744255430.9122288, 0, {}]
[{"0": [2, 2, 6, 1, 1, 2, 4, 2, 3, 3, 4, 4, 37, 1]}, null, null, 119, false, [], false, 0, [], null, 0, 1744255431.114298, 0, {}]
[{"0": [0, 3, 3, 1, 2, 0, 1, 6, 1, 35, 36, 34, 44, 30]}, null, null, 119, false, [], false, 0, [], null, 0, 1744255431.2754538, 0, {}]
[{"0": [2, 1, 0, 0, 2, 0, 2, 3, 1, 1, 35, 36, 31, 35]}, null, null, 120, false, [], false, 0, [], null, 0, 1744255431.4700224, 0, {}]
[{"0": [0, 3, 2, 1, 2, 3, 0, 1, 43, 2, 2, 4, 1, 2]}, null, null, 120, false, [], false, 0, [], null, 0, 1744255431.644791, 0, {}]
[{"0": [2, 1, 1, 0, 44, 39, 1, 1, 2, 1, 2, 0, 1, 1]}, null, null, 121, false, [], false, 0, [], null, 0, 1744255431.8246377, 0, {}]
[{"0": [1, 2, 1, 2, 4, 0, 2, 3, 2, 2, 1, 1, 33, 5]}, null, null, 122, false, [], false, 0, [], null, 0, 1744255432.0162687, 0, {}]
[{"0": [2, 2, 0, 0, 0, 2, 4, 35, 33, 2, 1, 2, 2, 0]}, null, null, 122, false, [], false, 0, [], null, 0, 1744255432.2091022, 0, {}]
[{"0": [0, 1, 1, 1, 3, 2, 3, 40, 40, 24, 31, 35, 40, 52]}, null, null, 123, false, [], false, 0, [], null, 0, 1744255432.3748925, 0, {}]
[{"0": [2, 2, 1, 3, 2, 37, 34, 1, 4, 0, 3, 1, 5, 2]}, null, null, 123, false, [], false, 0, [], null, 0, 1744255432.5776289, 0, {}]
[{"0": [1, 1, 0, 1, 5, 3, 4, 0, 1, 42, 48, 26, 30, 3]}, null, null, 124, false, [], false, 0, [], null, 0, 1744255432.7621858, 0, {}]
[{"0": [1, 1, 1, 2, 2, 3, 3, 2, 0, 3, 3, 3, 2, 35]}, null, null, 125, false, [], false, 0, [], null, 0, 1744255432.9286363, 0, {}]
[{"0": [0, 0, 2, 1, 1, 3, 39, 38, 30, 35, 37, 31, 2, 1]}, null, null, 125, false, [], false, 0, [], null, 0, 1744255433.1211696, 0, {}]
[{"0": [1, 2, 1, 3, 1, 2, 1, 2, 0, 4, 2, 2, 34, 3]}, null, null, 126, false, [], false, 0, [], null, 0, 1744255433.2969942, 0, {}]
[{"0": [0, 3, 2, 0, 4, 5, 3, 3, 38, 36, 31, 31, 0, 2]}, null, null, 127, false, [], false, 0, [], null, 0, 1744255433.506679, 0, {}]
[{"0": [47, 28, 31, 32, 42, 37, 45, 34, 24, 28, 35, 40, 34, 2]}, null, null, 127, false, [], false, 0, [], null, 0, 1744255433.660319, 0, {}]
[{"0": [2, 0, 3, 29, 29, 3, 2, 3, 0, 1, 2, 0, 1, 1]}, null, null, 128, false, [], false, 0, [], null, 0, 1744255433.862499, 0, {}]
[{"0": [3, 2, 4, 0, 33, 36, 34, 45, 39, 31, 28, 38, 38, 33]}, null, null, 128, false, [], false, 0, [], null, 0, 1744255434.0492716, 0, {}]
[{"0": [1, 3, 0, 2, 1, 1, 37, 32, 31, 34, 30, 31, 30, 29]}, null, null, 129, false, [], false, 0, [], null, 0, 1744255434.226184, 0, {}]
[{"0": [2, 3, 3, 3, 0, 2, 2, 25, 42, 41, 33, 30, 38, 37]}, null, null, 130, false, [], false, 0, [], null, 0, 1744255434.3972378, 0, {}]
[{"0": [1, 1, 33, 29, 48, 43, 29, 31, 37, 30, 43, 46, 30, 39]}, null, null, 130, false, [], false, 0, [], null, 0, 1744255434.577609, 0, {}]
[{"0": [0, 2, 1, 3, 3, 1, 3, 3, 31, 4, 3, 2, 2, 0]}, null, null, 131, false, [], false, 0, [], null, 0, 1744255434.7815964, 0, {}]
[{"0": [45, 2, 5, 6, 1, 5, 1, 0, 0, 4, 3, 3, 2, 2]}, null, null, 131, false, [], false, 0, [], null, 0, 1744255434.9448795, 0, {}]
[{"0": [2, 0, 0, 0, 1, 2, 1, 1, 44, 27, 40, 33, 36, 37]}, null, null, 132, false, [], false, 0, [], null, 0, 1744255435.1492677, 0, {}]
[{"0": [2, 1, 4, 1, 0, 2, 1, 2, 1, 2, 3, 1, 33, 37]}, null, null, 133, false, [], false, 0, [], null, 0, 1744255435.3225782, 0, {}]
[{"0": [1, 1, 5, 1, 2, 1, 28, 33, 37, 28, 28, 40, 38, 35]}, null, null, 133, false, [], false, 0, [], null, 0, 1744255435.5113735, 0, {}]
[{"0": [2, 1, 3, 2, 1, 2, 1, 3, 1, 1, 39, 36, 3, 3]}, null, null, 134, false, [], false, 0, [], null, 0, 1744255435.6923115, 0, {}]
[{"0": [1, 2, 2, 1, 1, 1, 30, 40, 31, 43, 31, 35, 32, 3]}, null, null, 134, false, [], false, 0, [], null, 0, 1744255435.873605, 0, {}]
[{"0": [3, 4, 37, 0, 1, 3, 1, 2, 2, 2, 2, 1, 2, 0]}, null, null, 135, false, [], false, 0, [], null, 0, 1744255436.0609844, 0, {}]
[{"0": [0, 2, 2, 1, 4, 4, 4, 2, 39, 30, 38, 38, 3, 1]}, null, null, 136, false, [], false, 0, [], null, 0, 1744255436.2420087, 0, {}]
[{"0": [1, 1, 0, 3, 48, 32, 1, 3, 1, 1, 0, 2, 3, 0]}, null, null, 136, false, [], false, 0, [], null, 0, 1744255436.4205124, 0, {}]
[{"0": [0, 3, 2, 2, 4, 1, 26, 31, 40, 52, 33, 34, 4, 0]}, null, null, 137, false, [], false, 0, [], null, 0, 1744255436.6132298, 0, {}]
[{"0": [5, 2, 2, 2, 4, 3, 0, 2, 2, 6, 1, 2, 1, 33]}, null, null, 137, false, [], false, 0, [], null, 0, 1744255436.7995167, 0, {}]
[{"0": [0, 1, 3, 1, 1, 1, 0, 2, 1, 2, 3, 1, 5, 1]}, null, null, 138, false, [], false, 0, [], null, 0, 1744255436.9770343, 0, {}]
[{"0": [1, 2, 0, 1, 1, 1, 3, 1, 3, 2, 3, 1, 3, 37]}, null, null, 139, false, [], false, 0, [], null, 0, 1744255437.1605463, 0, {}]
[{"0": [4, 2, 1, 2, 2, 1, 0, 1, 2, 0, 4, 30, 37, 48]}, null, null, 139, false, [], false, 0, [], null, 0, 1744255437.3349247, 0, {}]
[{"0": [6, 2, 4, 1, 2, 0, 2, 3, 3, 1, 1, 33, 37, 5]}, null, null, 140, false, [], false, 0, [], null, 0, 1744255437.5102336, 0, {}]
[{"0": [0, 0, 42, 35, 3, 1, 1, 3, 0, 0, 2, 4, 1, 0]}, null, null, 140, false, [], false, 0, [], null, 0, 1744255437.6928887, 0, {}]
[{"0": [1, 2, 1, 2, 42, 1, 2, 1, 1, 0, 2, 2, 5, 2]}, null, null, 141, false, [], false, 0, [], null, 0, 1744255437.885104, 0, {}]
[{"0": [1, 2, 1, 0, 0, 1, 1, 3, 1, 2, 1, 33, 23, 28]}, null, null, 142, false, [], false, 0, [], null, 0, 1744255438.0603032, 0, {}]
[{"0": [4, 6, 36, 33, 3, 1, 2, 2, 1, 3, 0, 3, 2, 2]}, null, null, 142, false, [], false, 0, [], null, 0, 1744255438.260192, 0, {}]
[{"0": [2, 2, 1, 40, 32, 42, 37, 5, 2, 2, 1, 1, 0, 3]}, null, null, 143, false, [], false, 0, [], null, 0, 1744255438.4423878, 0, {}]
[{"0": [4, 4, 1, 1, 2, 1, 2, 3, 1, 1, 29, 40, 33, 44]}, null, null, 143, false, [], false, 0, [], null, 0, 1744255438.6191225, 0, {}]
[{"0": [6, 3, 42, 1, 2, 0, 1, 3, 3, 2, 2, 2, 3, 1]}, null, null, 144, false, [], false, 0, [], null, 0, 1744255438.7928846, 0, {}]
[{"0": [3, 0, 0, 3, 1, 2, 33, 36, 40, 31, 46, 1, 1, 0]}, null, null, 145, false, [], false, 0, [], null, 0, 1744255438.9977622, 0, {}]
[{"0": [3, 4, 38, 45, 44, 45, 26, 36, 32, 42, 1, 3, 1, 4]}, null, null, 145, false, [], false, 0, [], null, 0, 1744255439.1793857, 0, {}]
[{"0": [0, 1, 2, 1, 2, 0, 1, 1, 36, 43, 2, 1, 1, 1]}, null, null, 146, false, [], false, 0, [], null, 0, 1744255439.3626459, 0, {}]
[{"0": [2, 3, 3, 1, 1, 1, 37, 43, 39, 40, 51, 1, 1, 0]}, null, null, 146, false, [], false, 0, [], null, 0, 1744255439.5326648, 0, {}]
[{"0": [1, 3, 3, 3, 2, 2, 45, 46, 2, 6, 0, 4, 1, 2]}, null, null, 147, false, [], false, 0, [], null, 0, 1744255439.730736, 0, {}]
[{"0": [5, 0, 2, 2, 32, 33, 33, 27, 28, 34, 3, 2, 0, 3]}, null, null, 148, false, [], false, 0, [], null, 0, 1744255439.9041471, 0, {}]
[{"0": [3, 3, 1, 2, 1, 40, 40, 3, 4, 3, 1, 1, 0, 1]}, null, null, 148, false, [], false, 0, [], null, 0, 1744255440.0895865, 0, {}]
[{"0": [1, 2, 0, 0, 1, 1, 1, 1, 1, 2, 1, 32, 34, 1]}, null, null, 149, false, [], false, 0, [], null, 0, 1744255440.2771392, 0, {}]
[{"0": [1, 3, 1, 5, 3, 1, 5, 1, 37, 1, 0, 1, 4, 0]}, null, null, 149, false, [], false, 0, [], null, 0, 1744255440.463679, 0, {}]
[{"0": [32, 44, 39, 26, 27, 2, 1, 5, 1, 2, 4, 2, 2, 0]}, null, null, 150, true, [], false, 0, [], null, 0, 1744255440.6275585, 0, {}]
