[{"0": [1, 34, 3, 2, 2, 2, 2, 2, 3, 2, 3, 0, 2, 2]}, null, null, 0, false, [], false, 0, [], null, 0, 1744253139.9955654, 0, {}]
[{"0": [1, 44, 45, 40, 3, 1, 2, 3, 1, 3, 2, 3, 4, 2]}, null, null, 1, false, [], false, 0, [], null, 0, 1744253140.2005966, 0, {}]
[{"0": [1, 34, 40, 33, 41, 33, 3, 2, 1, 0, 3, 1, 4, 0]}, null, null, 1, false, [], false, 0, [], null, 0, 1744253140.3941982, 0, {}]
[{"0": [1, 39, 33, 3, 4, 4, 0, 1, 0, 2, 2, 0, 2, 1]}, null, null, 2, false, [], false, 0, [], null, 0, 1744253140.5788035, 0, {}]
[{"0": [1, 31, 34, 30, 35, 37, 31, 51, 33, 34, 2, 1, 3, 1]}, null, null, 2, false, [], false, 0, [], null, 0, 1744253140.749968, 0, {}]
[{"0": [0, 5, 2, 2, 2, 2, 1, 3, 4, 51, 45, 4, 2, 1]}, null, null, 3, false, [], false, 0, [], null, 0, 1744253140.925632, 0, {}]
[{"0": [3, 49, 0, 1, 2, 3, 5, 2, 2, 2, 1, 3, 6, 4]}, null, null, 4, false, [], false, 0, [], null, 0, 1744253141.113737, 0, {}]
[{"0": [3, 35, 26, 39, 32, 39, 2, 5, 1, 2, 1, 2, 1, 2]}, null, null, 4, false, [], false, 0, [], null, 0, 1744253141.303796, 0, {}]
[{"0": [1, 39, 3, 0, 1, 2, 2, 3, 1, 1, 1, 2, 2, 3]}, null, null, 5, false, [], false, 0, [], null, 0, 1744253141.4931195, 0, {}]
[{"0": [1, 42, 38, 30, 32, 36, 36, 31, 3, 4, 3, 2, 1, 2]}, null, null, 5, false, [], false, 0, [], null, 0, 1744253141.6679826, 0, {}]
[{"0": [1, 29, 34, 43, 52, 34, 38, 3, 1, 4, 1, 4, 4, 1]}, null, null, 6, false, [], false, 0, [], null, 0, 1744253141.8599894, 0, {}]
[{"0": [3, 38, 3, 4, 2, 4, 0, 3, 2, 1, 2, 1, 1, 3]}, null, null, 7, false, [], false, 0, [], null, 0, 1744253142.0448158, 0, {}]
[{"0": [4, 28, 4, 4, 1, 5, 2, 2, 0, 0, 2, 3, 3, 3]}, null, null, 7, false, [], false, 0, [], null, 0, 1744253142.2295115, 0, {}]
[{"0": [3, 29, 2, 2, 2, 1, 1, 1, 2, 3, 1, 1, 2, 4]}, null, null, 8, false, [], false, 0, [], null, 0, 1744253142.4087732, 0, {}]
[{"0": [0, 38, 35, 2, 1, 1, 3, 2, 0, 2, 1, 2, 2, 3]}, null, null, 8, false, [], false, 0, [], null, 0, 1744253142.5947366, 0, {}]
[{"0": [3, 38, 50, 40, 43, 49, 39, 3, 2, 2, 2, 1, 0, 3]}, null, null, 9, false, [], false, 0, [], null, 0, 1744253142.7784586, 0, {}]
[{"0": [0, 43, 32, 39, 39, 2, 1, 0, 2, 3, 2, 2, 4, 1]}, null, null, 10, false, [], false, 0, [], null, 0, 1744253142.9487605, 0, {}]
[{"0": [4, 43, 41, 36, 35, 1, 3, 1, 5, 4, 2, 2, 1, 1]}, null, null, 10, false, [], false, 0, [], null, 0, 1744253143.126121, 0, {}]
[{"0": [3, 34, 37, 1, 1, 2, 4, 2, 3, 2, 1, 2, 1, 0]}, null, null, 11, false, [], false, 0, [], null, 0, 1744253143.3107486, 0, {}]
[{"0": [2, 44, 1, 2, 2, 2, 2, 1, 1, 3, 3, 1, 3, 1]}, null, null, 11, false, [], false, 0, [], null, 0, 1744253143.504433, 0, {}]
[{"0": [3, 39, 48, 31, 1, 4, 2, 1, 2, 1, 1, 3, 1, 2]}, null, null, 12, false, [], false, 0, [], null, 0, 1744253143.700754, 0, {}]
[{"0": [2, 33, 33, 1, 2, 5, 3, 1, 1, 2, 0, 2, 1, 2]}, null, null, 13, false, [], false, 0, [], null, 0, 1744253143.8811631, 0, {}]
[{"0": [1, 37, 43, 38, 34, 24, 26, 39, 33, 46, 34, 46, 43, 30]}, null, null, 13, false, [], false, 0, [], null, 0, 1744253144.0639918, 0, {}]
[{"0": [3, 29, 39, 46, 40, 31, 50, 40, 43, 36, 37, 1, 1, 2]}, null, null, 14, false, [], false, 0, [], null, 0, 1744253144.227726, 0, {}]
[{"0": [1, 28, 34, 43, 34, 33, 43, 37, 41, 37, 2, 0, 0, 4]}, null, null, 14, false, [], false, 0, [], null, 0, 1744253144.4263673, 0, {}]
[{"0": [5, 43, 45, 31, 36, 2, 0, 2, 2, 0, 0, 1, 3, 2]}, null, null, 15, false, [], false, 0, [], null, 0, 1744253144.6046112, 0, {}]
[{"0": [0, 29, 30, 41, 40, 1, 3, 0, 0, 2, 2, 1, 1, 3]}, null, null, 16, false, [], false, 0, [], null, 0, 1744253144.775588, 0, {}]
[{"0": [4, 36, 39, 36, 3, 1, 1, 2, 0, 2, 2, 2, 1, 2]}, null, null, 16, false, [], false, 0, [], null, 0, 1744253144.972553, 0, {}]
[{"0": [0, 37, 32, 32, 46, 41, 28, 39, 41, 35, 2, 1, 4, 2]}, null, null, 17, false, [], false, 0, [], null, 0, 1744253145.1480842, 0, {}]
[{"0": [1, 40, 31, 33, 3, 2, 4, 1, 0, 2, 1, 1, 1, 1]}, null, null, 17, false, [], false, 0, [], null, 0, 1744253145.3278706, 0, {}]
[{"0": [1, 52, 41, 43, 47, 40, 40, 33, 36, 34, 2, 2, 1, 2]}, null, null, 18, false, [], false, 0, [], null, 0, 1744253145.5260646, 0, {}]
[{"0": [1, 27, 34, 32, 32, 26, 42, 40, 38, 24, 35, 0, 4, 0]}, null, null, 19, false, [], false, 0, [], null, 0, 1744253145.7053947, 0, {}]
[{"0": [3, 39, 3, 2, 2, 2, 3, 0, 2, 1, 0, 4, 2, 1]}, null, null, 19, false, [], false, 0, [], null, 0, 1744253145.8972208, 0, {}]
[{"0": [1, 37, 28, 31, 42, 41, 27, 37, 41, 44, 2, 0, 3, 3]}, null, null, 20, false, [], false, 0, [], null, 0, 1744253146.077663, 0, {}]
[{"0": [3, 39, 36, 35, 30, 31, 28, 1, 1, 1, 0, 1, 2, 5]}, null, null, 20, false, [], false, 0, [], null, 0, 1744253146.2432158, 0, {}]
[{"0": [2, 37, 2, 1, 2, 2, 3, 4, 1, 2, 1, 0, 4, 0]}, null, null, 21, false, [], false, 0, [], null, 0, 1744253146.4384618, 0, {}]
[{"0": [2, 35, 30, 32, 2, 0, 5, 3, 3, 2, 2, 4, 3, 2]}, null, null, 22, false, [], false, 0, [], null, 0, 1744253146.632458, 0, {}]
[{"0": [0, 36, 29, 39, 4, 3, 3, 0, 1, 0, 3, 1, 0, 3]}, null, null, 22, false, [], false, 0, [], null, 0, 1744253146.8102932, 0, {}]
[{"0": [0, 34, 38, 38, 39, 2, 1, 2, 4, 3, 1, 4, 0, 1]}, null, null, 23, false, [], false, 0, [], null, 0, 1744253146.9874725, 0, {}]
[{"0": [2, 44, 30, 33, 40, 1, 1, 3, 1, 0, 2, 2, 1, 2]}, null, null, 23, false, [], false, 0, [], null, 0, 1744253147.1803868, 0, {}]
[{"0": [4, 37, 2, 1, 1, 0, 2, 2, 3, 3, 1, 5, 1, 1]}, null, null, 24, false, [], false, 0, [], null, 0, 1744253147.3604164, 0, {}]
[{"0": [8, 31, 33, 39, 34, 2, 1, 6, 3, 2, 1, 4, 3, 1]}, null, null, 25, false, [], false, 0, [], null, 0, 1744253147.5413322, 0, {}]
[{"0": [0, 40, 33, 43, 2, 0, 3, 3, 3, 1, 4, 5, 3, 2]}, null, null, 25, false, [], false, 0, [], null, 0, 1744253147.7290308, 0, {}]
[{"0": [1, 33, 44, 31, 34, 1, 1, 1, 2, 1, 3, 1, 4, 3]}, null, null, 26, false, [], false, 0, [], null, 0, 1744253147.9051285, 0, {}]
[{"0": [4, 2, 2, 1, 50, 38, 2, 2, 0, 0, 0, 2, 2, 5]}, null, null, 27, false, [], false, 0, [], null, 0, 1744253148.098353, 0, {}]
[{"0": [2, 46, 2, 3, 2, 0, 1, 1, 1, 2, 1, 3, 3, 2]}, null, null, 27, false, [], false, 0, [], null, 0, 1744253148.2749193, 0, {}]
[{"0": [0, 49, 35, 2, 1, 0, 2, 1, 2, 2, 1, 1, 2, 3]}, null, null, 28, false, [], false, 0, [], null, 0, 1744253148.4569135, 0, {}]
[{"0": [1, 45, 45, 36, 27, 1, 2, 2, 1, 3, 2, 4, 0, 2]}, null, null, 28, false, [], false, 0, [], null, 0, 1744253148.639284, 0, {}]
[{"0": [3, 41, 36, 34, 46, 29, 2, 0, 3, 1, 3, 1, 2, 1]}, null, null, 29, false, [], false, 0, [], null, 0, 1744253148.829582, 0, {}]
[{"0": [2, 47, 39, 38, 44, 31, 36, 26, 40, 39, 41, 42, 34, 40]}, null, null, 30, false, [], false, 0, [], null, 0, 1744253149.0036132, 0, {}]
[{"0": [2, 34, 35, 47, 34, 32, 25, 35, 0, 1, 0, 2, 4, 6]}, null, null, 30, false, [], false, 0, [], null, 0, 1744253149.1974452, 0, {}]
[{"0": [2, 36, 34, 42, 1, 1, 2, 0, 2, 0, 2, 2, 1, 2]}, null, null, 31, false, [], false, 0, [], null, 0, 1744253149.373189, 0, {}]
[{"0": [1, 32, 42, 39, 36, 34, 55, 37, 46, 1, 4, 0, 1, 1]}, null, null, 31, false, [], false, 0, [], null, 0, 1744253149.5648942, 0, {}]
[{"0": [2, 33, 37, 30, 38, 40, 32, 40, 0, 2, 2, 3, 7, 3]}, null, null, 32, false, [], false, 0, [], null, 0, 1744253149.7487743, 0, {}]
[{"0": [2, 39, 37, 33, 1, 0, 2, 3, 0, 1, 1, 0, 3, 3]}, null, null, 33, false, [], false, 0, [], null, 0, 1744253149.9299483, 0, {}]
[{"0": [2, 41, 43, 35, 1, 1, 3, 1, 3, 2, 2, 0, 0, 0]}, null, null, 33, false, [], false, 0, [], null, 0, 1744253150.1114273, 0, {}]
[{"0": [2, 40, 46, 36, 40, 32, 34, 40, 36, 38, 42, 46, 3, 2]}, null, null, 34, false, [], false, 0, [], null, 0, 1744253150.2890232, 0, {}]
[{"0": [4, 3, 3, 2, 2, 1, 1, 3, 0, 5, 3, 1, 2, 2]}, null, null, 34, false, [], false, 0, [], null, 0, 1744253150.4769878, 0, {}]
[{"0": [3, 37, 34, 38, 30, 37, 39, 2, 1, 1, 2, 3, 0, 1]}, null, null, 35, false, [], false, 0, [], null, 0, 1744253150.648829, 0, {}]
[{"0": [0, 2, 0, 3, 2, 2, 1, 1, 26, 49, 44, 40, 29, 35]}, null, null, 36, false, [], false, 0, [], null, 0, 1744253150.8487303, 0, {}]
[{"0": [1, 31, 41, 31, 41, 1, 2, 0, 3, 5, 2, 3, 4, 4]}, null, null, 36, false, [], false, 0, [], null, 0, 1744253151.0305035, 0, {}]
[{"0": [1, 37, 25, 38, 40, 42, 26, 33, 41, 37, 4, 2, 4, 2]}, null, null, 37, false, [], false, 0, [], null, 0, 1744253151.2054348, 0, {}]
[{"0": [0, 25, 1, 0, 2, 1, 1, 3, 2, 3, 2, 5, 1, 1]}, null, null, 37, false, [], false, 0, [], null, 0, 1744253151.3949823, 0, {}]
[{"0": [2, 39, 35, 1, 3, 2, 3, 2, 2, 1, 1, 1, 5, 0]}, null, null, 38, false, [], false, 0, [], null, 0, 1744253151.567712, 0, {}]
[{"0": [2, 38, 44, 32, 42, 38, 39, 37, 44, 33, 33, 34, 34, 34]}, null, null, 39, false, [], false, 0, [], null, 0, 1744253151.7630672, 0, {}]
[{"0": [2, 40, 1, 2, 3, 2, 3, 2, 1, 3, 3, 1, 1, 1]}, null, null, 39, false, [], false, 0, [], null, 0, 1744253151.9367995, 0, {}]
[{"0": [0, 36, 33, 38, 36, 35, 0, 2, 0, 2, 1, 1, 0, 2]}, null, null, 40, false, [], false, 0, [], null, 0, 1744253152.1274204, 0, {}]
[{"0": [4, 37, 43, 47, 1, 3, 3, 1, 1, 1, 1, 0, 1, 5]}, null, null, 40, false, [], false, 0, [], null, 0, 1744253152.3074794, 0, {}]
[{"0": [2, 33, 33, 32, 32, 28, 44, 30, 39, 2, 3, 3, 2, 3]}, null, null, 41, false, [], false, 0, [], null, 0, 1744253152.497984, 0, {}]
[{"0": [3, 33, 42, 2, 1, 2, 2, 2, 0, 1, 2, 0, 2, 1]}, null, null, 42, false, [], false, 0, [], null, 0, 1744253152.6767735, 0, {}]
[{"0": [38, 38, 44, 4, 0, 0, 1, 1, 2, 0, 0, 0, 3, 5]}, null, null, 42, false, [], false, 0, [], null, 0, 1744253152.8448517, 0, {}]
[{"0": [3, 35, 30, 38, 42, 42, 37, 25, 34, 32, 3, 3, 5, 1]}, null, null, 43, false, [], false, 0, [], null, 0, 1744253153.0501661, 0, {}]
[{"0": [1, 36, 30, 31, 2, 2, 1, 2, 0, 3, 0, 1, 2, 2]}, null, null, 43, false, [], false, 0, [], null, 0, 1744253153.2298806, 0, {}]
[{"0": [3, 38, 2, 1, 0, 6, 0, 0, 0, 2, 2, 2, 1, 2]}, null, null, 44, false, [], false, 0, [], null, 0, 1744253153.40581, 0, {}]
[{"0": [1, 41, 2, 1, 2, 1, 1, 0, 1, 1, 2, 0, 4, 2]}, null, null, 45, false, [], false, 0, [], null, 0, 1744253153.5867534, 0, {}]
[{"0": [32, 29, 44, 36, 36, 33, 29, 1, 1, 2, 2, 2, 3, 3]}, null, null, 45, false, [], false, 0, [], null, 0, 1744253153.774071, 0, {}]
[{"0": [2, 42, 44, 36, 22, 27, 2, 0, 5, 1, 1, 3, 4, 2]}, null, null, 46, false, [], false, 0, [], null, 0, 1744253153.9450681, 0, {}]
[{"0": [3, 2, 25, 38, 2, 3, 3, 2, 1, 2, 1, 1, 2, 1]}, null, null, 46, false, [], false, 0, [], null, 0, 1744253154.1402743, 0, {}]
[{"0": [2, 36, 33, 37, 0, 4, 2, 1, 4, 6, 2, 0, 3, 0]}, null, null, 47, false, [], false, 0, [], null, 0, 1744253154.3285933, 0, {}]
[{"0": [3, 1, 1, 3, 2, 2, 46, 0, 0, 3, 1, 0, 4, 2]}, null, null, 48, false, [], false, 0, [], null, 0, 1744253154.510121, 0, {}]
[{"0": [1, 23, 30, 33, 33, 29, 31, 35, 0, 1, 2, 2, 0, 1]}, null, null, 48, false, [], false, 0, [], null, 0, 1744253154.6804497, 0, {}]
[{"0": [3, 43, 37, 32, 32, 1, 0, 0, 1, 1, 1, 3, 2, 3]}, null, null, 49, false, [], false, 0, [], null, 0, 1744253154.8724566, 0, {}]
[{"0": [1, 38, 3, 3, 5, 2, 2, 3, 1, 0, 2, 1, 2, 2]}, null, null, 49, false, [], false, 0, [], null, 0, 1744253155.061485, 0, {}]
[{"0": [3, 31, 1, 1, 0, 2, 3, 5, 3, 2, 1, 0, 0, 4]}, null, null, 50, false, [], false, 0, [], null, 0, 1744253155.2396898, 0, {}]
[{"0": [4, 32, 33, 42, 23, 4, 3, 1, 0, 0, 4, 2, 2, 4]}, null, null, 51, false, [], false, 0, [], null, 0, 1744253155.4269304, 0, {}]
[{"0": [3, 48, 35, 41, 6, 1, 3, 1, 0, 3, 1, 2, 2, 2]}, null, null, 51, false, [], false, 0, [], null, 0, 1744253155.6136255, 0, {}]
[{"0": [1, 31, 39, 47, 37, 32, 45, 34, 36, 35, 32, 39, 31, 28]}, null, null, 52, false, [], false, 0, [], null, 0, 1744253155.7968233, 0, {}]
[{"0": [2, 39, 35, 36, 28, 29, 37, 38, 35, 2, 2, 0, 2, 3]}, null, null, 52, false, [], false, 0, [], null, 0, 1744253155.9738007, 0, {}]
[{"0": [3, 38, 33, 4, 0, 3, 0, 1, 3, 0, 5, 2, 2, 1]}, null, null, 53, false, [], false, 0, [], null, 0, 1744253156.163212, 0, {}]
[{"0": [1, 2, 34, 29, 32, 33, 27, 35, 31, 42, 40, 45, 32, 37]}, null, null, 54, false, [], false, 0, [], null, 0, 1744253156.3287778, 0, {}]
[{"0": [2, 30, 40, 39, 43, 34, 47, 34, 32, 45, 38, 34, 3, 2]}, null, null, 54, false, [], false, 0, [], null, 0, 1744253156.5254319, 0, {}]
[{"0": [1, 43, 23, 31, 43, 38, 1, 0, 1, 6, 2, 0, 1, 2]}, null, null, 55, false, [], false, 0, [], null, 0, 1744253156.7079928, 0, {}]
[{"0": [1, 35, 3, 3, 1, 4, 3, 1, 4, 3, 6, 2, 0, 3]}, null, null, 55, false, [], false, 0, [], null, 0, 1744253156.885908, 0, {}]
[{"0": [43, 44, 43, 30, 31, 35, 25, 35, 32, 28, 33, 43, 28, 39]}, null, null, 56, false, [], false, 0, [], null, 0, 1744253157.0773864, 0, {}]
[{"0": [3, 36, 3, 3, 4, 2, 1, 1, 3, 1, 3, 3, 1, 2]}, null, null, 57, false, [], false, 0, [], null, 0, 1744253157.265944, 0, {}]
[{"0": [0, 34, 37, 36, 35, 38, 31, 38, 42, 25, 3, 2, 0, 3]}, null, null, 57, false, [], false, 0, [], null, 0, 1744253157.439507, 0, {}]
[{"0": [1, 31, 34, 2, 0, 4, 1, 1, 2, 1, 2, 1, 1, 5]}, null, null, 58, false, [], false, 0, [], null, 0, 1744253157.6307216, 0, {}]
[{"0": [0, 3, 37, 29, 31, 39, 40, 47, 44, 32, 34, 1, 1, 4]}, null, null, 58, false, [], false, 0, [], null, 0, 1744253157.8110936, 0, {}]
[{"0": [2, 35, 3, 0, 4, 3, 3, 0, 1, 0, 1, 3, 2, 2]}, null, null, 59, false, [], false, 0, [], null, 0, 1744253157.9889681, 0, {}]
[{"0": [2, 28, 41, 1, 0, 0, 0, 1, 4, 0, 2, 3, 3, 0]}, null, null, 60, false, [], false, 0, [], null, 0, 1744253158.1786115, 0, {}]
[{"0": [1, 38, 24, 2, 3, 3, 2, 1, 0, 1, 2, 2, 1, 1]}, null, null, 60, false, [], false, 0, [], null, 0, 1744253158.349656, 0, {}]
[{"0": [3, 36, 41, 40, 35, 36, 36, 39, 24, 34, 0, 3, 1, 1]}, null, null, 61, false, [], false, 0, [], null, 0, 1744253158.5467021, 0, {}]
[{"0": [2, 32, 2, 3, 2, 2, 0, 4, 4, 1, 3, 2, 3, 2]}, null, null, 61, false, [], false, 0, [], null, 0, 1744253158.727328, 0, {}]
[{"0": [2, 30, 2, 1, 0, 0, 1, 2, 0, 1, 5, 3, 4, 1]}, null, null, 62, false, [], false, 0, [], null, 0, 1744253158.9063256, 0, {}]
[{"0": [2, 34, 35, 33, 43, 29, 27, 28, 36, 1, 1, 2, 4, 2]}, null, null, 63, false, [], false, 0, [], null, 0, 1744253159.096383, 0, {}]
[{"0": [1, 34, 46, 4, 1, 1, 1, 2, 0, 3, 1, 2, 1, 3]}, null, null, 63, false, [], false, 0, [], null, 0, 1744253159.2803853, 0, {}]
[{"0": [1, 32, 0, 1, 2, 2, 1, 4, 0, 0, 4, 1, 2, 1]}, null, null, 64, false, [], false, 0, [], null, 0, 1744253159.4645646, 0, {}]
[{"0": [2, 1, 2, 3, 4, 3, 2, 2, 4, 6, 1, 2, 5, 46]}, null, null, 64, false, [], false, 0, [], null, 0, 1744253159.6443474, 0, {}]
[{"0": [2, 35, 29, 36, 40, 1, 0, 6, 4, 3, 1, 1, 1, 1]}, null, null, 65, false, [], false, 0, [], null, 0, 1744253159.822466, 0, {}]
[{"0": [1, 30, 39, 33, 47, 0, 0, 1, 0, 1, 1, 3, 5, 2]}, null, null, 66, false, [], false, 0, [], null, 0, 1744253160.0163927, 0, {}]
[{"0": [0, 7, 44, 29, 30, 1, 4, 3, 3, 0, 2, 3, 2, 3]}, null, null, 66, false, [], false, 0, [], null, 0, 1744253160.1925676, 0, {}]
[{"0": [3, 42, 33, 34, 0, 1, 1, 4, 0, 2, 1, 3, 1, 2]}, null, null, 67, false, [], false, 0, [], null, 0, 1744253160.3820755, 0, {}]
[{"0": [2, 33, 0, 4, 1, 4, 0, 5, 1, 3, 4, 3, 4, 0]}, null, null, 67, false, [], false, 0, [], null, 0, 1744253160.562462, 0, {}]
[{"0": [2, 34, 26, 1, 2, 1, 1, 2, 3, 1, 2, 4, 2, 1]}, null, null, 68, false, [], false, 0, [], null, 0, 1744253160.7273674, 0, {}]
[{"0": [2, 27, 22, 45, 2, 0, 2, 1, 2, 2, 1, 2, 2, 1]}, null, null, 69, false, [], false, 0, [], null, 0, 1744253160.9226956, 0, {}]
[{"0": [1, 33, 34, 33, 40, 2, 3, 1, 1, 2, 0, 3, 3, 3]}, null, null, 69, false, [], false, 0, [], null, 0, 1744253161.114396, 0, {}]
[{"0": [0, 35, 46, 28, 38, 37, 32, 37, 2, 0, 3, 3, 3, 0]}, null, null, 70, false, [], false, 0, [], null, 0, 1744253161.2890897, 0, {}]
[{"0": [0, 27, 29, 38, 2, 4, 0, 3, 1, 2, 2, 3, 3, 1]}, null, null, 70, false, [], false, 0, [], null, 0, 1744253161.4613264, 0, {}]
[{"0": [0, 31, 37, 40, 38, 35, 25, 1, 2, 0, 1, 4, 0, 1]}, null, null, 71, false, [], false, 0, [], null, 0, 1744253161.6475952, 0, {}]
[{"0": [1, 48, 33, 0, 1, 0, 3, 2, 3, 2, 2, 0, 2, 2]}, null, null, 72, false, [], false, 0, [], null, 0, 1744253161.8457613, 0, {}]
[{"0": [0, 28, 39, 33, 39, 43, 28, 34, 2, 1, 1, 0, 0, 1]}, null, null, 72, false, [], false, 0, [], null, 0, 1744253162.0263293, 0, {}]
[{"0": [0, 42, 47, 34, 28, 3, 2, 1, 3, 2, 1, 2, 0, 2]}, null, null, 73, false, [], false, 0, [], null, 0, 1744253162.205083, 0, {}]
[{"0": [0, 41, 40, 37, 34, 39, 40, 34, 45, 35, 19, 0, 1, 0]}, null, null, 73, false, [], false, 0, [], null, 0, 1744253162.3769917, 0, {}]
[{"0": [1, 35, 37, 47, 45, 37, 0, 1, 2, 0, 3, 1, 4, 5]}, null, null, 74, false, [], false, 0, [], null, 0, 1744253162.5799897, 0, {}]
[{"0": [0, 37, 27, 41, 43, 37, 34, 2, 1, 2, 2, 1, 2, 1]}, null, null, 75, false, [], false, 0, [], null, 0, 1744253162.7474763, 0, {}]
[{"0": [2, 39, 43, 32, 39, 1, 3, 0, 2, 2, 1, 1, 2, 4]}, null, null, 75, false, [], false, 0, [], null, 0, 1744253162.9451916, 0, {}]
[{"0": [3, 30, 40, 43, 37, 31, 37, 32, 47, 45, 38, 34, 2, 0]}, null, null, 76, false, [], false, 0, [], null, 0, 1744253163.130545, 0, {}]
[{"0": [4, 43, 1, 2, 4, 4, 2, 2, 0, 4, 0, 0, 2, 2]}, null, null, 77, false, [], false, 0, [], null, 0, 1744253163.3037727, 0, {}]
[{"0": [3, 38, 32, 26, 42, 2, 1, 1, 4, 1, 2, 1, 0, 2]}, null, null, 77, false, [], false, 0, [], null, 0, 1744253163.4935267, 0, {}]
[{"0": [1, 42, 23, 37, 31, 32, 31, 25, 32, 40, 37, 26, 35, 0]}, null, null, 78, false, [], false, 0, [], null, 0, 1744253163.670635, 0, {}]
[{"0": [2, 40, 30, 35, 39, 35, 35, 30, 35, 32, 29, 0, 4, 1]}, null, null, 78, false, [], false, 0, [], null, 0, 1744253163.8622723, 0, {}]
[{"0": [1, 44, 2, 1, 5, 2, 2, 2, 5, 3, 1, 3, 1, 3]}, null, null, 79, false, [], false, 0, [], null, 0, 1744253164.0414708, 0, {}]
[{"0": [3, 30, 1, 2, 2, 0, 0, 1, 5, 3, 2, 2, 1, 0]}, null, null, 80, false, [], false, 0, [], null, 0, 1744253164.212554, 0, {}]
[{"0": [4, 37, 32, 0, 2, 2, 0, 4, 3, 0, 2, 0, 1, 2]}, null, null, 80, false, [], false, 0, [], null, 0, 1744253164.4131572, 0, {}]
[{"0": [0, 31, 31, 30, 1, 1, 0, 1, 2, 1, 0, 1, 2, 2]}, null, null, 81, false, [], false, 0, [], null, 0, 1744253164.6001215, 0, {}]
[{"0": [2, 0, 2, 0, 1, 2, 0, 4, 2, 44, 34, 28, 23, 31]}, null, null, 81, false, [], false, 0, [], null, 0, 1744253164.78059, 0, {}]
[{"0": [0, 31, 35, 41, 37, 3, 2, 2, 1, 2, 3, 0, 3, 1]}, null, null, 82, false, [], false, 0, [], null, 0, 1744253164.9654732, 0, {}]
[{"0": [2, 32, 30, 25, 30, 36, 40, 30, 30, 5, 3, 0, 0, 1]}, null, null, 83, false, [], false, 0, [], null, 0, 1744253165.1466, 0, {}]
[{"0": [2, 26, 4, 2, 3, 1, 0, 2, 0, 2, 1, 1, 2, 1]}, null, null, 83, false, [], false, 0, [], null, 0, 1744253165.3119602, 0, {}]
[{"0": [3, 39, 45, 43, 4, 2, 2, 2, 3, 0, 1, 1, 1, 0]}, null, null, 84, false, [], false, 0, [], null, 0, 1744253165.5046046, 0, {}]
[{"0": [0, 29, 24, 49, 1, 0, 2, 0, 6, 3, 3, 4, 2, 2]}, null, null, 84, false, [], false, 0, [], null, 0, 1744253165.696461, 0, {}]
[{"0": [1, 46, 33, 34, 41, 29, 33, 39, 38, 40, 3, 3, 2, 1]}, null, null, 85, false, [], false, 0, [], null, 0, 1744253165.8674917, 0, {}]
[{"0": [1, 36, 1, 1, 3, 0, 2, 2, 3, 3, 0, 1, 0, 3]}, null, null, 86, false, [], false, 0, [], null, 0, 1744253166.0517232, 0, {}]
[{"0": [2, 27, 37, 35, 50, 36, 33, 35, 29, 35, 31, 1, 0, 3]}, null, null, 86, false, [], false, 0, [], null, 0, 1744253166.248343, 0, {}]
[{"0": [2, 26, 35, 37, 37, 39, 25, 42, 34, 1, 1, 2, 1, 2]}, null, null, 87, false, [], false, 0, [], null, 0, 1744253166.429089, 0, {}]
[{"0": [35, 2, 1, 1, 0, 2, 0, 1, 1, 3, 2, 0, 2, 0]}, null, null, 87, false, [], false, 0, [], null, 0, 1744253166.6091075, 0, {}]
[{"0": [2, 3, 2, 32, 33, 30, 37, 47, 40, 2, 3, 1, 2, 4]}, null, null, 88, false, [], false, 0, [], null, 0, 1744253166.7763748, 0, {}]
[{"0": [2, 31, 40, 31, 3, 1, 0, 1, 1, 1, 3, 5, 5, 1]}, null, null, 89, false, [], false, 0, [], null, 0, 1744253166.960501, 0, {}]
[{"0": [0, 35, 26, 33, 32, 34, 2, 2, 1, 1, 3, 1, 0, 1]}, null, null, 89, false, [], false, 0, [], null, 0, 1744253167.1638663, 0, {}]
[{"0": [1, 40, 30, 41, 0, 4, 4, 1, 0, 2, 1, 2, 2, 2]}, null, null, 90, false, [], false, 0, [], null, 0, 1744253167.345681, 0, {}]
[{"0": [4, 33, 31, 23, 0, 3, 2, 2, 2, 0, 3, 1, 2, 4]}, null, null, 90, false, [], false, 0, [], null, 0, 1744253167.522109, 0, {}]
[{"0": [1, 29, 33, 33, 40, 4, 3, 3, 1, 2, 1, 2, 0, 3]}, null, null, 91, false, [], false, 0, [], null, 0, 1744253167.7125359, 0, {}]
[{"0": [0, 31, 32, 30, 32, 28, 45, 26, 32, 2, 2, 1, 1, 2]}, null, null, 92, false, [], false, 0, [], null, 0, 1744253167.893409, 0, {}]
[{"0": [1, 33, 29, 34, 39, 35, 3, 3, 2, 0, 2, 4, 1, 2]}, null, null, 92, false, [], false, 0, [], null, 0, 1744253168.0713081, 0, {}]
[{"0": [2, 39, 40, 4, 2, 1, 2, 3, 3, 6, 2, 1, 3, 0]}, null, null, 93, false, [], false, 0, [], null, 0, 1744253168.2654965, 0, {}]
[{"0": [3, 31, 28, 33, 24, 39, 2, 6, 1, 1, 2, 2, 4, 1]}, null, null, 93, false, [], false, 0, [], null, 0, 1744253168.4455054, 0, {}]
[{"0": [2, 40, 30, 27, 38, 32, 30, 1, 2, 2, 2, 2, 2, 0]}, null, null, 94, false, [], false, 0, [], null, 0, 1744253168.6251338, 0, {}]
[{"0": [1, 2, 5, 0, 3, 38, 21, 0, 5, 2, 1, 5, 3, 3]}, null, null, 95, false, [], false, 0, [], null, 0, 1744253168.8063781, 0, {}]
[{"0": [2, 29, 38, 2, 5, 1, 0, 1, 2, 2, 3, 1, 2, 1]}, null, null, 95, false, [], false, 0, [], null, 0, 1744253168.9784043, 0, {}]
[{"0": [2, 3, 33, 3, 2, 0, 2, 2, 3, 3, 3, 0, 1, 1]}, null, null, 96, false, [], false, 0, [], null, 0, 1744253169.181884, 0, {}]
[{"0": [0, 4, 37, 29, 30, 36, 43, 43, 45, 33, 41, 38, 40, 42]}, null, null, 96, false, [], false, 0, [], null, 0, 1744253169.348483, 0, {}]
[{"0": [1, 33, 1, 3, 0, 1, 4, 2, 3, 1, 3, 1, 3, 1]}, null, null, 97, false, [], false, 0, [], null, 0, 1744253169.5365105, 0, {}]
[{"0": [5, 36, 31, 40, 39, 34, 42, 31, 3, 1, 3, 0, 0, 3]}, null, null, 98, false, [], false, 0, [], null, 0, 1744253169.713705, 0, {}]
[{"0": [1, 33, 34, 30, 47, 32, 1, 2, 0, 2, 3, 2, 0, 1]}, null, null, 98, false, [], false, 0, [], null, 0, 1744253169.9044178, 0, {}]
[{"0": [2, 29, 41, 1, 2, 2, 2, 4, 3, 2, 1, 1, 2, 1]}, null, null, 99, false, [], false, 0, [], null, 0, 1744253170.0788577, 0, {}]
[{"0": [2, 31, 2, 2, 1, 1, 1, 0, 0, 6, 0, 3, 2, 2]}, null, null, 99, false, [], false, 0, [], null, 0, 1744253170.2658062, 0, {}]
[{"0": [2, 52, 2, 1, 1, 3, 3, 4, 3, 2, 3, 0, 0, 0]}, null, null, 100, false, [], false, 0, [], null, 0, 1744253170.4444818, 0, {}]
[{"0": [1, 37, 35, 47, 3, 4, 0, 2, 1, 3, 2, 2, 2, 2]}, null, null, 101, false, [], false, 0, [], null, 0, 1744253170.6390755, 0, {}]
[{"0": [3, 1, 3, 6, 4, 2, 2, 29, 40, 2, 1, 1, 4, 1]}, null, null, 101, false, [], false, 0, [], null, 0, 1744253170.8181653, 0, {}]
[{"0": [2, 29, 38, 33, 34, 30, 38, 43, 36, 33, 26, 30, 0, 2]}, null, null, 102, false, [], false, 0, [], null, 0, 1744253171.001643, 0, {}]
[{"0": [4, 27, 3, 1, 2, 0, 3, 1, 1, 3, 4, 2, 2, 1]}, null, null, 102, false, [], false, 0, [], null, 0, 1744253171.191305, 0, {}]
[{"0": [1, 36, 32, 35, 38, 2, 1, 2, 0, 1, 2, 2, 2, 3]}, null, null, 103, false, [], false, 0, [], null, 0, 1744253171.3652241, 0, {}]
[{"0": [3, 34, 35, 42, 39, 1, 1, 2, 0, 3, 4, 2, 0, 2]}, null, null, 104, false, [], false, 0, [], null, 0, 1744253171.556779, 0, {}]
[{"0": [3, 33, 41, 37, 22, 42, 37, 25, 35, 36, 29, 25, 33, 2]}, null, null, 104, false, [], false, 0, [], null, 0, 1744253171.7347434, 0, {}]
[{"0": [2, 20, 32, 34, 34, 41, 32, 41, 31, 36, 30, 31, 41, 39]}, null, null, 105, false, [], false, 0, [], null, 0, 1744253171.9253995, 0, {}]
[{"0": [2, 28, 34, 40, 36, 40, 32, 33, 34, 1, 1, 0, 2, 2]}, null, null, 105, false, [], false, 0, [], null, 0, 1744253172.1086488, 0, {}]
[{"0": [4, 32, 44, 38, 29, 47, 47, 39, 32, 33, 2, 0, 1, 1]}, null, null, 106, false, [], false, 0, [], null, 0, 1744253172.2807605, 0, {}]
[{"0": [4, 34, 32, 4, 5, 3, 0, 1, 4, 5, 2, 1, 1, 2]}, null, null, 107, false, [], false, 0, [], null, 0, 1744253172.4737215, 0, {}]
[{"0": [6, 37, 3, 3, 2, 1, 1, 1, 0, 2, 1, 1, 1, 2]}, null, null, 107, false, [], false, 0, [], null, 0, 1744253172.6619062, 0, {}]
[{"0": [3, 38, 40, 3, 1, 1, 2, 2, 4, 0, 3, 1, 2, 1]}, null, null, 108, false, [], false, 0, [], null, 0, 1744253172.8491197, 0, {}]
[{"0": [1, 35, 31, 51, 29, 34, 37, 39, 32, 38, 36, 0, 3, 0]}, null, null, 108, false, [], false, 0, [], null, 0, 1744253173.0314457, 0, {}]
[{"0": [2, 37, 37, 37, 0, 2, 0, 5, 3, 2, 0, 3, 0, 5]}, null, null, 109, false, [], false, 0, [], null, 0, 1744253173.2076514, 0, {}]
[{"0": [41, 1, 2, 3, 3, 2, 1, 3, 0, 2, 5, 1, 1, 1]}, null, null, 110, false, [], false, 0, [], null, 0, 1744253173.381396, 0, {}]
[{"0": [2, 34, 2, 0, 3, 2, 2, 1, 0, 2, 2, 3, 1, 2]}, null, null, 110, false, [], false, 0, [], null, 0, 1744253173.5695913, 0, {}]
[{"0": [2, 47, 32, 41, 32, 43, 1, 2, 1, 2, 2, 4, 3, 3]}, null, null, 111, false, [], false, 0, [], null, 0, 1744253173.7612154, 0, {}]
[{"0": [2, 40, 40, 33, 1, 2, 1, 3, 4, 3, 0, 1, 1, 5]}, null, null, 111, false, [], false, 0, [], null, 0, 1744253173.9347339, 0, {}]
[{"0": [0, 36, 36, 37, 32, 41, 33, 23, 26, 3, 2, 4, 2, 5]}, null, null, 112, false, [], false, 0, [], null, 0, 1744253174.1204956, 0, {}]
[{"0": [1, 47, 43, 44, 43, 28, 39, 44, 3, 1, 1, 2, 3, 2]}, null, null, 113, false, [], false, 0, [], null, 0, 1744253174.290872, 0, {}]
[{"0": [4, 35, 47, 37, 36, 32, 43, 36, 38, 3, 2, 3, 0, 2]}, null, null, 113, false, [], false, 0, [], null, 0, 1744253174.479626, 0, {}]
[{"0": [3, 41, 36, 36, 43, 1, 1, 3, 8, 7, 2, 2, 0, 2]}, null, null, 114, false, [], false, 0, [], null, 0, 1744253174.6733162, 0, {}]
[{"0": [2, 39, 44, 34, 39, 45, 28, 32, 34, 37, 36, 28, 44, 30]}, null, null, 114, false, [], false, 0, [], null, 0, 1744253174.8569832, 0, {}]
[{"0": [2, 3, 5, 0, 2, 46, 1, 2, 3, 1, 3, 0, 3, 2]}, null, null, 115, false, [], false, 0, [], null, 0, 1744253175.0369473, 0, {}]
[{"0": [0, 32, 22, 31, 31, 37, 41, 0, 7, 1, 1, 2, 3, 2]}, null, null, 116, false, [], false, 0, [], null, 0, 1744253175.2245781, 0, {}]
[{"0": [4, 4, 2, 4, 1, 2, 0, 4, 3, 2, 29, 31, 31, 37]}, null, null, 116, false, [], false, 0, [], null, 0, 1744253175.4117765, 0, {}]
[{"0": [2, 52, 3, 2, 1, 2, 0, 2, 0, 2, 1, 1, 3, 2]}, null, null, 117, false, [], false, 0, [], null, 0, 1744253175.5972722, 0, {}]
[{"0": [1, 39, 35, 38, 39, 38, 36, 41, 39, 29, 3, 2, 2, 1]}, null, null, 117, false, [], false, 0, [], null, 0, 1744253175.7858357, 0, {}]
[{"0": [4, 42, 3, 1, 1, 2, 4, 2, 1, 3, 1, 1, 3, 1]}, null, null, 118, false, [], false, 0, [], null, 0, 1744253175.9450548, 0, {}]
[{"0": [2, 28, 29, 49, 52, 37, 40, 38, 32, 33, 6, 2, 3, 0]}, null, null, 119, false, [], false, 0, [], null, 0, 1744253176.1212587, 0, {}]
[{"0": [3, 33, 33, 35, 33, 2, 2, 1, 2, 4, 2, 2, 3, 2]}, null, null, 119, false, [], false, 0, [], null, 0, 1744253176.3205433, 0, {}]
[{"0": [1, 39, 31, 36, 29, 30, 38, 1, 1, 2, 1, 0, 2, 0]}, null, null, 120, false, [], false, 0, [], null, 0, 1744253176.5105953, 0, {}]
[{"0": [6, 34, 3, 1, 1, 3, 1, 5, 4, 1, 2, 0, 1, 4]}, null, null, 120, false, [], false, 0, [], null, 0, 1744253176.6881394, 0, {}]
[{"0": [2, 42, 28, 28, 31, 38, 34, 36, 1, 2, 0, 3, 2, 3]}, null, null, 121, false, [], false, 0, [], null, 0, 1744253176.875072, 0, {}]
[{"0": [1, 28, 1, 4, 5, 0, 2, 1, 1, 3, 1, 1, 1, 1]}, null, null, 122, false, [], false, 0, [], null, 0, 1744253177.0652251, 0, {}]
[{"0": [2, 36, 29, 41, 1, 3, 1, 3, 1, 1, 2, 2, 3, 2]}, null, null, 122, false, [], false, 0, [], null, 0, 1744253177.2352097, 0, {}]
[{"0": [2, 38, 4, 1, 2, 2, 3, 0, 0, 0, 3, 2, 3, 1]}, null, null, 123, false, [], false, 0, [], null, 0, 1744253177.424643, 0, {}]
[{"0": [1, 30, 41, 41, 2, 3, 2, 1, 0, 1, 2, 0, 0, 1]}, null, null, 123, false, [], false, 0, [], null, 0, 1744253177.6013086, 0, {}]
[{"0": [2, 41, 2, 3, 1, 1, 2, 2, 2, 1, 2, 2, 0, 3]}, null, null, 124, false, [], false, 0, [], null, 0, 1744253177.788859, 0, {}]
[{"0": [0, 26, 46, 23, 42, 2, 0, 0, 4, 1, 2, 3, 3, 3]}, null, null, 125, false, [], false, 0, [], null, 0, 1744253177.9642127, 0, {}]
[{"0": [4, 38, 34, 2, 3, 5, 3, 5, 1, 3, 1, 2, 1, 1]}, null, null, 125, false, [], false, 0, [], null, 0, 1744253178.152893, 0, {}]
[{"0": [2, 1, 1, 1, 3, 1, 0, 2, 3, 5, 0, 39, 2, 0]}, null, null, 126, false, [], false, 0, [], null, 0, 1744253178.3372447, 0, {}]
[{"0": [3, 35, 1, 5, 4, 1, 2, 1, 0, 3, 1, 3, 2, 2]}, null, null, 127, false, [], false, 0, [], null, 0, 1744253178.527286, 0, {}]
[{"0": [3, 37, 48, 31, 25, 1, 1, 3, 2, 1, 2, 2, 2, 3]}, null, null, 127, false, [], false, 0, [], null, 0, 1744253178.7044518, 0, {}]
[{"0": [2, 39, 36, 25, 43, 1, 2, 3, 5, 2, 0, 2, 2, 2]}, null, null, 128, false, [], false, 0, [], null, 0, 1744253178.8879523, 0, {}]
[{"0": [4, 44, 36, 37, 42, 5, 3, 2, 3, 0, 2, 1, 2, 3]}, null, null, 128, false, [], false, 0, [], null, 0, 1744253179.059279, 0, {}]
[{"0": [3, 34, 36, 0, 2, 0, 4, 0, 3, 1, 1, 4, 3, 3]}, null, null, 129, false, [], false, 0, [], null, 0, 1744253179.2423038, 0, {}]
[{"0": [1, 38, 1, 3, 4, 4, 1, 5, 1, 3, 1, 3, 1, 2]}, null, null, 130, false, [], false, 0, [], null, 0, 1744253179.4339845, 0, {}]
[{"0": [2, 40, 43, 2, 1, 0, 1, 3, 1, 1, 2, 2, 3, 0]}, null, null, 130, false, [], false, 0, [], null, 0, 1744253179.6270359, 0, {}]
[{"0": [1, 36, 0, 3, 3, 2, 1, 0, 1, 0, 0, 1, 1, 2]}, null, null, 131, false, [], false, 0, [], null, 0, 1744253179.8119874, 0, {}]
[{"0": [1, 41, 30, 36, 31, 38, 40, 33, 29, 38, 1, 1, 1, 1]}, null, null, 131, false, [], false, 0, [], null, 0, 1744253179.9888875, 0, {}]
[{"0": [1, 28, 35, 31, 4, 5, 4, 2, 1, 5, 3, 0, 2, 6]}, null, null, 132, false, [], false, 0, [], null, 0, 1744253180.1629393, 0, {}]
[{"0": [1, 47, 38, 45, 42, 44, 43, 33, 36, 32, 36, 36, 28, 37]}, null, null, 133, false, [], false, 0, [], null, 0, 1744253180.3458686, 0, {}]
[{"0": [0, 28, 0, 1, 2, 0, 2, 1, 1, 3, 3, 1, 5, 1]}, null, null, 133, false, [], false, 0, [], null, 0, 1744253180.540223, 0, {}]
[{"0": [2, 31, 43, 36, 33, 27, 29, 37, 35, 48, 42, 2, 3, 0]}, null, null, 134, false, [], false, 0, [], null, 0, 1744253180.7086687, 0, {}]
[{"0": [0, 26, 33, 1, 1, 3, 0, 2, 2, 4, 2, 2, 2, 3]}, null, null, 134, false, [], false, 0, [], null, 0, 1744253180.9012485, 0, {}]
[{"0": [3, 31, 2, 2, 1, 2, 4, 1, 0, 2, 3, 3, 3, 2]}, null, null, 135, false, [], false, 0, [], null, 0, 1744253181.0857325, 0, {}]
[{"0": [2, 32, 36, 4, 1, 3, 3, 0, 2, 2, 3, 0, 2, 4]}, null, null, 136, false, [], false, 0, [], null, 0, 1744253181.2742689, 0, {}]
[{"0": [3, 34, 32, 37, 37, 31, 35, 5, 2, 2, 4, 5, 1, 1]}, null, null, 136, false, [], false, 0, [], null, 0, 1744253181.4469044, 0, {}]
[{"0": [2, 44, 2, 1, 0, 3, 2, 2, 4, 1, 1, 1, 2, 2]}, null, null, 137, false, [], false, 0, [], null, 0, 1744253181.6398451, 0, {}]
[{"0": [1, 1, 2, 2, 1, 2, 4, 1, 2, 2, 3, 4, 1, 28]}, null, null, 137, false, [], false, 0, [], null, 0, 1744253181.8088908, 0, {}]
[{"0": [0, 40, 38, 35, 42, 37, 40, 32, 40, 38, 35, 1, 2, 0]}, null, null, 138, false, [], false, 0, [], null, 0, 1744253181.9994462, 0, {}]
[{"0": [4, 33, 25, 37, 38, 4, 1, 3, 2, 1, 0, 0, 1, 1]}, null, null, 139, false, [], false, 0, [], null, 0, 1744253182.1907094, 0, {}]
[{"0": [2, 36, 30, 1, 1, 0, 3, 1, 0, 4, 1, 1, 1, 1]}, null, null, 139, false, [], false, 0, [], null, 0, 1744253182.3767965, 0, {}]
[{"0": [5, 35, 40, 34, 41, 38, 2, 3, 4, 1, 3, 1, 2, 3]}, null, null, 140, false, [], false, 0, [], null, 0, 1744253182.5474367, 0, {}]
[{"0": [1, 42, 33, 41, 33, 43, 42, 37, 36, 1, 0, 0, 1, 1]}, null, null, 140, false, [], false, 0, [], null, 0, 1744253182.7309613, 0, {}]
[{"0": [2, 40, 42, 25, 26, 2, 2, 1, 2, 3, 1, 5, 0, 3]}, null, null, 141, false, [], false, 0, [], null, 0, 1744253182.9161553, 0, {}]
[{"0": [0, 34, 34, 29, 52, 35, 32, 2, 4, 2, 3, 2, 2, 1]}, null, null, 142, false, [], false, 0, [], null, 0, 1744253183.1044502, 0, {}]
[{"0": [0, 33, 39, 48, 44, 27, 31, 47, 34, 33, 36, 23, 2, 2]}, null, null, 142, false, [], false, 0, [], null, 0, 1744253183.2899957, 0, {}]
[{"0": [0, 41, 34, 4, 2, 1, 0, 0, 1, 1, 2, 0, 2, 3]}, null, null, 143, false, [], false, 0, [], null, 0, 1744253183.46909, 0, {}]
[{"0": [2, 34, 37, 32, 38, 45, 40, 3, 0, 1, 1, 1, 3, 4]}, null, null, 143, false, [], false, 0, [], null, 0, 1744253183.638069, 0, {}]
[{"0": [3, 46, 41, 38, 39, 19, 29, 37, 41, 45, 41, 2, 0, 3]}, null, null, 144, false, [], false, 0, [], null, 0, 1744253183.8394716, 0, {}]
[{"0": [1, 34, 32, 34, 48, 37, 32, 35, 30, 48, 29, 1, 6, 3]}, null, null, 145, false, [], false, 0, [], null, 0, 1744253184.0116074, 0, {}]
[{"0": [6, 3, 2, 3, 46, 45, 0, 5, 2, 0, 3, 1, 4, 1]}, null, null, 145, false, [], false, 0, [], null, 0, 1744253184.2007153, 0, {}]
[{"0": [1, 37, 36, 23, 0, 1, 1, 2, 1, 1, 1, 1, 1, 0]}, null, null, 146, false, [], false, 0, [], null, 0, 1744253184.3744159, 0, {}]
[{"0": [3, 30, 2, 1, 2, 3, 2, 1, 1, 2, 4, 2, 2, 0]}, null, null, 146, false, [], false, 0, [], null, 0, 1744253184.5749066, 0, {}]
[{"0": [1, 41, 29, 43, 33, 47, 1, 0, 1, 2, 2, 0, 4, 2]}, null, null, 147, false, [], false, 0, [], null, 0, 1744253184.746864, 0, {}]
[{"0": [5, 41, 2, 1, 0, 1, 5, 3, 1, 2, 1, 2, 1, 3]}, null, null, 148, false, [], false, 0, [], null, 0, 1744253184.9430435, 0, {}]
[{"0": [1, 37, 36, 33, 31, 25, 0, 5, 0, 0, 1, 1, 2, 4]}, null, null, 148, false, [], false, 0, [], null, 0, 1744253185.118126, 0, {}]
[{"0": [3, 31, 2, 4, 1, 2, 0, 2, 2, 0, 1, 1, 2, 0]}, null, null, 149, false, [], false, 0, [], null, 0, 1744253185.2959354, 0, {}]
[{"0": [1, 49, 44, 35, 28, 36, 27, 27, 32, 36, 37, 35, 34, 28]}, null, null, 149, false, [], false, 0, [], null, 0, 1744253185.487344, 0, {}]
[{"0": [4, 29, 31, 39, 36, 43, 35, 3, 2, 2, 2, 4, 0, 1]}, null, null, 150, true, [], false, 0, [], null, 0, 1744253185.6674047, 0, {}]
