[{"0": [3, 5, 2, 1, 7, 3, 3, 3, 0, 2, 0, 3, 0, 40]}, null, null, 0, false, [], false, 0, [], null, 0, 1744255067.311054, 0, {}]
[{"0": [1, 4, 1, 4, 1, 1, 1, 25, 29, 33, 28, 29, 31, 46]}, null, null, 1, false, [], false, 0, [], null, 0, 1744255067.5233161, 0, {}]
[{"0": [3, 1, 1, 2, 2, 0, 1, 1, 0, 25, 3, 3, 0, 0]}, null, null, 1, false, [], false, 0, [], null, 0, 1744255067.7289112, 0, {}]
[{"0": [2, 2, 2, 3, 2, 24, 3, 2, 3, 1, 2, 4, 1, 2]}, null, null, 2, false, [], false, 0, [], null, 0, 1744255067.905598, 0, {}]
[{"0": [3, 0, 29, 44, 44, 37, 46, 45, 32, 44, 34, 41, 2, 1]}, null, null, 2, false, [], false, 0, [], null, 0, 1744255068.0882864, 0, {}]
[{"0": [2, 1, 4, 3, 1, 3, 1, 33, 39, 39, 33, 32, 34, 41]}, null, null, 3, false, [], false, 0, [], null, 0, 1744255068.2707586, 0, {}]
[{"0": [0, 2, 1, 4, 39, 40, 38, 40, 2, 1, 2, 1, 0, 1]}, null, null, 4, false, [], false, 0, [], null, 0, 1744255068.453408, 0, {}]
[{"0": [2, 2, 2, 0, 0, 2, 1, 5, 1, 2, 4, 37, 0, 1]}, null, null, 4, false, [], false, 0, [], null, 0, 1744255068.6337576, 0, {}]
[{"0": [1, 2, 2, 4, 3, 2, 2, 2, 49, 31, 37, 33, 41, 40]}, null, null, 5, false, [], false, 0, [], null, 0, 1744255068.8065803, 0, {}]
[{"0": [1, 3, 3, 5, 2, 2, 4, 2, 30, 2, 2, 3, 0, 4]}, null, null, 5, false, [], false, 0, [], null, 0, 1744255068.9976819, 0, {}]
[{"0": [2, 2, 0, 5, 4, 1, 2, 2, 0, 1, 2, 45, 37, 35]}, null, null, 6, false, [], false, 0, [], null, 0, 1744255069.171949, 0, {}]
[{"0": [3, 2, 2, 0, 1, 0, 1, 31, 34, 36, 41, 3, 3, 1]}, null, null, 7, false, [], false, 0, [], null, 0, 1744255069.3701482, 0, {}]
[{"0": [0, 4, 0, 36, 27, 47, 35, 4, 0, 1, 2, 1, 2, 4]}, null, null, 7, false, [], false, 0, [], null, 0, 1744255069.5454953, 0, {}]
[{"0": [1, 0, 3, 2, 2, 1, 0, 3, 0, 2, 3, 35, 39, 37]}, null, null, 8, false, [], false, 0, [], null, 0, 1744255069.7219386, 0, {}]
[{"0": [0, 3, 2, 2, 1, 38, 0, 1, 3, 1, 2, 0, 5, 3]}, null, null, 8, false, [], false, 0, [], null, 0, 1744255069.9177732, 0, {}]
[{"0": [1, 1, 5, 2, 2, 8, 0, 2, 4, 1, 1, 5, 1, 30]}, null, null, 9, false, [], false, 0, [], null, 0, 1744255070.1015651, 0, {}]
[{"0": [2, 0, 2, 1, 1, 1, 31, 33, 39, 38, 49, 39, 3, 2]}, null, null, 10, false, [], false, 0, [], null, 0, 1744255070.2860038, 0, {}]
[{"0": [0, 0, 4, 42, 34, 0, 2, 4, 0, 1, 1, 2, 1, 0]}, null, null, 10, false, [], false, 0, [], null, 0, 1744255070.468842, 0, {}]
[{"0": [0, 2, 5, 4, 0, 2, 1, 3, 1, 2, 0, 1, 38, 39]}, null, null, 11, false, [], false, 0, [], null, 0, 1744255070.6559322, 0, {}]
[{"0": [2, 6, 34, 46, 29, 36, 38, 37, 39, 37, 36, 30, 44, 38]}, null, null, 11, false, [], false, 0, [], null, 0, 1744255070.8284292, 0, {}]
[{"0": [3, 2, 1, 36, 39, 30, 39, 30, 21, 29, 2, 2, 0, 2]}, null, null, 12, false, [], false, 0, [], null, 0, 1744255071.0185125, 0, {}]
[{"0": [2, 0, 1, 1, 1, 2, 2, 1, 0, 0, 0, 1, 1, 40]}, null, null, 13, false, [], false, 0, [], null, 0, 1744255071.1975067, 0, {}]
[{"0": [2, 1, 2, 37, 31, 4, 2, 2, 1, 0, 2, 1, 3, 1]}, null, null, 13, false, [], false, 0, [], null, 0, 1744255071.3909512, 0, {}]
[{"0": [2, 2, 1, 1, 1, 2, 1, 1, 2, 3, 4, 35, 51, 0]}, null, null, 14, false, [], false, 0, [], null, 0, 1744255071.5689826, 0, {}]
[{"0": [0, 2, 3, 0, 1, 3, 2, 1, 2, 1, 2, 19, 35, 45]}, null, null, 14, false, [], false, 0, [], null, 0, 1744255071.7556214, 0, {}]
[{"0": [2, 2, 3, 4, 4, 3, 3, 0, 2, 1, 4, 0, 1, 40]}, null, null, 15, false, [], false, 0, [], null, 0, 1744255071.9306612, 0, {}]
[{"0": [2, 1, 3, 0, 1, 3, 0, 4, 1, 1, 38, 39, 45, 2]}, null, null, 16, false, [], false, 0, [], null, 0, 1744255072.117546, 0, {}]
[{"0": [2, 2, 0, 41, 6, 3, 1, 3, 4, 2, 0, 2, 1, 3]}, null, null, 16, false, [], false, 0, [], null, 0, 1744255072.2983437, 0, {}]
[{"0": [3, 0, 1, 0, 2, 1, 3, 1, 1, 1, 1, 38, 33, 41]}, null, null, 17, false, [], false, 0, [], null, 0, 1744255072.4796882, 0, {}]
[{"0": [0, 3, 3, 1, 6, 1, 1, 1, 1, 3, 2, 1, 35, 37]}, null, null, 17, false, [], false, 0, [], null, 0, 1744255072.666181, 0, {}]
[{"0": [1, 1, 1, 2, 1, 1, 4, 2, 45, 0, 5, 3, 2, 3]}, null, null, 18, false, [], false, 0, [], null, 0, 1744255072.8426948, 0, {}]
[{"0": [1, 2, 1, 2, 2, 1, 2, 2, 1, 31, 34, 34, 41, 34]}, null, null, 19, false, [], false, 0, [], null, 0, 1744255073.033128, 0, {}]
[{"0": [3, 2, 2, 3, 4, 0, 32, 40, 30, 28, 38, 30, 0, 2]}, null, null, 19, false, [], false, 0, [], null, 0, 1744255073.224867, 0, {}]
[{"0": [0, 3, 1, 3, 0, 1, 0, 3, 3, 1, 1, 49, 34, 3]}, null, null, 20, false, [], false, 0, [], null, 0, 1744255073.395087, 0, {}]
[{"0": [4, 1, 2, 1, 0, 4, 1, 1, 3, 2, 2, 38, 36, 35]}, null, null, 20, false, [], false, 0, [], null, 0, 1744255073.5657368, 0, {}]
[{"0": [2, 1, 28, 41, 37, 36, 35, 37, 30, 0, 1, 0, 1, 1]}, null, null, 21, false, [], false, 0, [], null, 0, 1744255073.7533562, 0, {}]
[{"0": [3, 3, 0, 1, 2, 1, 33, 34, 2, 0, 1, 6, 2, 5]}, null, null, 22, false, [], false, 0, [], null, 0, 1744255073.9551272, 0, {}]
[{"0": [2, 0, 4, 3, 38, 39, 25, 41, 0, 2, 1, 3, 2, 1]}, null, null, 22, false, [], false, 0, [], null, 0, 1744255074.1234045, 0, {}]
[{"0": [0, 4, 1, 4, 2, 4, 2, 0, 1, 3, 2, 3, 40, 2]}, null, null, 23, false, [], false, 0, [], null, 0, 1744255074.3236141, 0, {}]
[{"0": [4, 2, 2, 2, 2, 1, 1, 0, 1, 2, 0, 37, 52, 38]}, null, null, 23, false, [], false, 0, [], null, 0, 1744255074.4960365, 0, {}]
[{"0": [3, 2, 1, 4, 2, 3, 2, 1, 39, 33, 46, 40, 4, 2]}, null, null, 24, false, [], false, 0, [], null, 0, 1744255074.6822922, 0, {}]
[{"0": [4, 3, 2, 3, 30, 31, 3, 1, 4, 4, 3, 8, 1, 3]}, null, null, 25, false, [], false, 0, [], null, 0, 1744255074.8589058, 0, {}]
[{"0": [32, 1, 0, 2, 2, 1, 5, 1, 3, 1, 2, 0, 3, 1]}, null, null, 25, false, [], false, 0, [], null, 0, 1744255075.045259, 0, {}]
[{"0": [0, 3, 1, 2, 2, 1, 2, 5, 1, 1, 0, 3, 2, 42]}, null, null, 26, false, [], false, 0, [], null, 0, 1744255075.2323318, 0, {}]
[{"0": [2, 3, 1, 1, 1, 1, 6, 3, 32, 33, 29, 38, 27, 1]}, null, null, 27, false, [], false, 0, [], null, 0, 1744255075.4168634, 0, {}]
[{"0": [4, 4, 2, 2, 39, 26, 40, 3, 4, 0, 4, 2, 2, 0]}, null, null, 27, false, [], false, 0, [], null, 0, 1744255075.59881, 0, {}]
[{"0": [7, 3, 1, 1, 3, 3, 3, 41, 0, 2, 4, 3, 1, 1]}, null, null, 28, false, [], false, 0, [], null, 0, 1744255075.7906637, 0, {}]
[{"0": [1, 3, 1, 4, 1, 1, 36, 45, 34, 34, 3, 2, 3, 1]}, null, null, 28, false, [], false, 0, [], null, 0, 1744255075.966034, 0, {}]
[{"0": [2, 1, 3, 33, 35, 37, 33, 38, 23, 39, 36, 39, 23, 34]}, null, null, 29, false, [], false, 0, [], null, 0, 1744255076.1453094, 0, {}]
[{"0": [0, 0, 3, 2, 0, 1, 4, 6, 1, 37, 1, 3, 1, 0]}, null, null, 30, false, [], false, 0, [], null, 0, 1744255076.3373036, 0, {}]
[{"0": [3, 1, 0, 2, 26, 2, 1, 3, 1, 1, 0, 0, 1, 4]}, null, null, 30, false, [], false, 0, [], null, 0, 1744255076.5239632, 0, {}]
[{"0": [4, 2, 2, 4, 3, 2, 3, 1, 1, 2, 3, 4, 1, 40]}, null, null, 31, false, [], false, 0, [], null, 0, 1744255076.6854997, 0, {}]
[{"0": [1, 2, 2, 1, 1, 0, 37, 30, 29, 37, 1, 1, 2, 2]}, null, null, 31, false, [], false, 0, [], null, 0, 1744255076.8873873, 0, {}]
[{"0": [0, 1, 4, 2, 3, 5, 0, 3, 0, 36, 43, 29, 40, 1]}, null, null, 32, false, [], false, 0, [], null, 0, 1744255077.064785, 0, {}]
[{"0": [0, 4, 6, 0, 2, 3, 2, 0, 2, 40, 31, 35, 35, 43]}, null, null, 33, false, [], false, 0, [], null, 0, 1744255077.2353175, 0, {}]
[{"0": [2, 4, 30, 37, 41, 35, 29, 2, 4, 1, 2, 2, 2, 2]}, null, null, 33, false, [], false, 0, [], null, 0, 1744255077.4185152, 0, {}]
[{"0": [4, 3, 2, 2, 2, 2, 2, 0, 6, 1, 38, 39, 1, 4]}, null, null, 34, false, [], false, 0, [], null, 0, 1744255077.6186914, 0, {}]
[{"0": [4, 2, 1, 1, 2, 2, 1, 1, 2, 2, 4, 1, 3, 33]}, null, null, 34, false, [], false, 0, [], null, 0, 1744255077.794436, 0, {}]
[{"0": [4, 2, 1, 2, 3, 4, 3, 0, 1, 1, 1, 20, 53, 45]}, null, null, 35, false, [], false, 0, [], null, 0, 1744255077.982166, 0, {}]
[{"0": [2, 0, 1, 1, 2, 1, 0, 2, 0, 40, 43, 30, 0, 2]}, null, null, 36, false, [], false, 0, [], null, 0, 1744255078.1640105, 0, {}]
[{"0": [1, 3, 0, 1, 2, 4, 2, 27, 27, 33, 44, 32, 34, 33]}, null, null, 36, false, [], false, 0, [], null, 0, 1744255078.351344, 0, {}]
[{"0": [0, 5, 1, 4, 0, 2, 2, 1, 3, 0, 30, 35, 37, 43]}, null, null, 37, false, [], false, 0, [], null, 0, 1744255078.5259304, 0, {}]
[{"0": [3, 0, 1, 2, 0, 2, 3, 3, 1, 1, 3, 2, 39, 35]}, null, null, 37, false, [], false, 0, [], null, 0, 1744255078.7213364, 0, {}]
[{"0": [1, 0, 2, 3, 1, 1, 2, 0, 1, 3, 3, 3, 52, 30]}, null, null, 38, false, [], false, 0, [], null, 0, 1744255078.8984249, 0, {}]
[{"0": [3, 3, 8, 2, 1, 2, 1, 1, 5, 3, 30, 0, 2, 2]}, null, null, 39, false, [], false, 0, [], null, 0, 1744255079.085646, 0, {}]
[{"0": [4, 1, 1, 2, 1, 2, 2, 1, 2, 1, 1, 2, 1, 27]}, null, null, 39, false, [], false, 0, [], null, 0, 1744255079.266151, 0, {}]
[{"0": [1, 2, 0, 3, 0, 32, 1, 2, 1, 2, 0, 0, 1, 3]}, null, null, 40, false, [], false, 0, [], null, 0, 1744255079.4455159, 0, {}]
[{"0": [1, 0, 2, 1, 6, 49, 2, 0, 2, 1, 3, 2, 0, 1]}, null, null, 40, false, [], false, 0, [], null, 0, 1744255079.6306298, 0, {}]
[{"0": [6, 2, 1, 4, 0, 2, 4, 2, 3, 1, 35, 33, 34, 5]}, null, null, 41, false, [], false, 0, [], null, 0, 1744255079.8199608, 0, {}]
[{"0": [1, 2, 0, 1, 2, 1, 3, 3, 1, 38, 37, 32, 36, 34]}, null, null, 42, false, [], false, 0, [], null, 0, 1744255079.9981775, 0, {}]
[{"0": [1, 1, 1, 6, 1, 3, 2, 28, 25, 30, 39, 2, 2, 1]}, null, null, 42, false, [], false, 0, [], null, 0, 1744255080.1698682, 0, {}]
[{"0": [0, 2, 1, 1, 1, 2, 2, 2, 1, 2, 3, 3, 1, 38]}, null, null, 43, false, [], false, 0, [], null, 0, 1744255080.3658164, 0, {}]
[{"0": [4, 1, 3, 0, 4, 1, 1, 0, 3, 3, 0, 3, 40, 37]}, null, null, 43, false, [], false, 0, [], null, 0, 1744255080.552997, 0, {}]
[{"0": [2, 1, 2, 3, 3, 2, 2, 1, 1, 1, 22, 0, 2, 3]}, null, null, 44, false, [], false, 0, [], null, 0, 1744255080.7178314, 0, {}]
[{"0": [1, 2, 3, 4, 0, 3, 2, 2, 35, 33, 30, 50, 1, 2]}, null, null, 45, false, [], false, 0, [], null, 0, 1744255080.9213073, 0, {}]
[{"0": [2, 0, 1, 4, 0, 1, 1, 3, 2, 1, 2, 26, 35, 29]}, null, null, 45, false, [], false, 0, [], null, 0, 1744255081.1057885, 0, {}]
[{"0": [0, 0, 29, 29, 5, 8, 2, 3, 0, 2, 0, 4, 2, 1]}, null, null, 46, false, [], false, 0, [], null, 0, 1744255081.2895474, 0, {}]
[{"0": [5, 1, 1, 1, 0, 1, 2, 1, 3, 4, 6, 1, 40, 36]}, null, null, 46, false, [], false, 0, [], null, 0, 1744255081.4674156, 0, {}]
[{"0": [0, 4, 2, 4, 1, 1, 1, 5, 1, 2, 1, 37, 34, 1]}, null, null, 47, false, [], false, 0, [], null, 0, 1744255081.6539757, 0, {}]
[{"0": [4, 1, 4, 3, 1, 0, 2, 2, 2, 1, 32, 2, 1, 2]}, null, null, 48, false, [], false, 0, [], null, 0, 1744255081.8217251, 0, {}]
[{"0": [2, 1, 4, 4, 0, 2, 3, 3, 1, 33, 1, 2, 0, 3]}, null, null, 48, false, [], false, 0, [], null, 0, 1744255082.0211294, 0, {}]
[{"0": [2, 3, 2, 3, 2, 2, 32, 34, 27, 1, 0, 3, 1, 2]}, null, null, 49, false, [], false, 0, [], null, 0, 1744255082.1936135, 0, {}]
[{"0": [1, 0, 4, 2, 2, 2, 0, 38, 36, 48, 41, 29, 33, 40]}, null, null, 49, false, [], false, 0, [], null, 0, 1744255082.3874073, 0, {}]
[{"0": [1, 1, 1, 34, 5, 1, 1, 2, 2, 1, 1, 1, 2, 2]}, null, null, 50, false, [], false, 0, [], null, 0, 1744255082.5655088, 0, {}]
[{"0": [2, 0, 2, 1, 2, 6, 0, 2, 0, 4, 3, 34, 28, 37]}, null, null, 51, false, [], false, 0, [], null, 0, 1744255082.7421412, 0, {}]
[{"0": [1, 6, 2, 5, 2, 4, 1, 3, 1, 35, 36, 34, 46, 39]}, null, null, 51, false, [], false, 0, [], null, 0, 1744255082.9332407, 0, {}]
[{"0": [2, 3, 2, 2, 2, 2, 1, 27, 26, 5, 3, 4, 3, 2]}, null, null, 52, false, [], false, 0, [], null, 0, 1744255083.1169775, 0, {}]
[{"0": [4, 1, 3, 3, 2, 2, 36, 0, 2, 1, 0, 1, 4, 3]}, null, null, 52, false, [], false, 0, [], null, 0, 1744255083.2952821, 0, {}]
[{"0": [2, 3, 2, 31, 35, 37, 39, 33, 32, 32, 37, 30, 6, 3]}, null, null, 53, false, [], false, 0, [], null, 0, 1744255083.4810548, 0, {}]
[{"0": [1, 6, 2, 1, 2, 3, 3, 0, 0, 4, 36, 42, 38, 31]}, null, null, 54, false, [], false, 0, [], null, 0, 1744255083.6729238, 0, {}]
[{"0": [2, 2, 4, 1, 0, 0, 1, 4, 1, 3, 4, 1, 3, 32]}, null, null, 54, false, [], false, 0, [], null, 0, 1744255083.8512971, 0, {}]
[{"0": [3, 1, 0, 1, 3, 0, 1, 1, 1, 42, 37, 27, 30, 35]}, null, null, 55, false, [], false, 0, [], null, 0, 1744255084.036765, 0, {}]
[{"0": [4, 1, 2, 3, 1, 5, 4, 3, 1, 28, 36, 33, 37, 35]}, null, null, 55, false, [], false, 0, [], null, 0, 1744255084.217348, 0, {}]
[{"0": [5, 0, 1, 1, 2, 2, 0, 1, 3, 1, 3, 0, 3, 2]}, null, null, 56, false, [], false, 0, [], null, 0, 1744255084.4059012, 0, {}]
[{"0": [4, 1, 0, 2, 2, 4, 1, 33, 36, 2, 3, 2, 1, 1]}, null, null, 57, false, [], false, 0, [], null, 0, 1744255084.586899, 0, {}]
[{"0": [1, 6, 4, 3, 4, 6, 1, 42, 43, 33, 27, 48, 34, 35]}, null, null, 57, false, [], false, 0, [], null, 0, 1744255084.7565234, 0, {}]
[{"0": [2, 3, 3, 29, 37, 38, 43, 37, 38, 37, 35, 34, 36, 38]}, null, null, 58, false, [], false, 0, [], null, 0, 1744255084.9516306, 0, {}]
[{"0": [2, 5, 1, 1, 1, 4, 1, 1, 1, 24, 1, 1, 0, 3]}, null, null, 58, false, [], false, 0, [], null, 0, 1744255085.1214247, 0, {}]
[{"0": [2, 2, 2, 1, 4, 40, 30, 35, 37, 38, 1, 3, 2, 1]}, null, null, 59, false, [], false, 0, [], null, 0, 1744255085.3186817, 0, {}]
[{"0": [3, 1, 3, 2, 3, 0, 0, 0, 2, 0, 1, 39, 36, 31]}, null, null, 60, false, [], false, 0, [], null, 0, 1744255085.4991994, 0, {}]
[{"0": [2, 43, 0, 2, 2, 1, 1, 1, 2, 1, 1, 1, 1, 0]}, null, null, 60, false, [], false, 0, [], null, 0, 1744255085.6704426, 0, {}]
[{"0": [1, 0, 32, 35, 33, 0, 1, 1, 0, 1, 0, 2, 4, 0]}, null, null, 61, false, [], false, 0, [], null, 0, 1744255085.860375, 0, {}]
[{"0": [1, 1, 1, 4, 1, 1, 6, 40, 36, 40, 0, 2, 4, 0]}, null, null, 61, false, [], false, 0, [], null, 0, 1744255086.0496137, 0, {}]
[{"0": [3, 4, 0, 2, 1, 1, 1, 0, 2, 2, 3, 1, 46, 38]}, null, null, 62, false, [], false, 0, [], null, 0, 1744255086.2394998, 0, {}]
[{"0": [2, 1, 2, 3, 0, 3, 4, 42, 42, 29, 30, 35, 36, 37]}, null, null, 63, false, [], false, 0, [], null, 0, 1744255086.4156306, 0, {}]
[{"0": [1, 1, 2, 0, 2, 1, 14, 37, 35, 34, 41, 33, 34, 33]}, null, null, 63, false, [], false, 0, [], null, 0, 1744255086.5895634, 0, {}]
[{"0": [4, 2, 3, 4, 0, 0, 1, 3, 1, 3, 0, 1, 2, 34]}, null, null, 64, false, [], false, 0, [], null, 0, 1744255086.7716858, 0, {}]
[{"0": [2, 3, 1, 3, 4, 2, 2, 1, 2, 1, 2, 1, 1, 46]}, null, null, 64, false, [], false, 0, [], null, 0, 1744255086.9742153, 0, {}]
[{"0": [1, 0, 2, 0, 2, 38, 36, 37, 33, 40, 38, 34, 0, 3]}, null, null, 65, false, [], false, 0, [], null, 0, 1744255087.1536186, 0, {}]
[{"0": [1, 0, 1, 2, 33, 35, 32, 33, 29, 38, 36, 38, 45, 33]}, null, null, 66, false, [], false, 0, [], null, 0, 1744255087.3235078, 0, {}]
[{"0": [2, 3, 2, 2, 3, 2, 3, 35, 36, 37, 37, 23, 21, 34]}, null, null, 66, false, [], false, 0, [], null, 0, 1744255087.523057, 0, {}]
[{"0": [1, 3, 2, 4, 4, 0, 5, 1, 0, 0, 0, 31, 32, 31]}, null, null, 67, false, [], false, 0, [], null, 0, 1744255087.7062502, 0, {}]
[{"0": [1, 1, 4, 29, 1, 2, 7, 2, 1, 2, 1, 1, 1, 2]}, null, null, 67, false, [], false, 0, [], null, 0, 1744255087.886433, 0, {}]
[{"0": [1, 2, 4, 4, 2, 1, 1, 2, 2, 3, 34, 31, 38, 35]}, null, null, 68, false, [], false, 0, [], null, 0, 1744255088.061936, 0, {}]
[{"0": [0, 3, 2, 2, 2, 4, 0, 1, 28, 35, 42, 31, 39, 31]}, null, null, 69, false, [], false, 0, [], null, 0, 1744255088.2522619, 0, {}]
[{"0": [3, 1, 3, 1, 2, 3, 37, 26, 34, 33, 0, 4, 0, 3]}, null, null, 69, false, [], false, 0, [], null, 0, 1744255088.4433506, 0, {}]
[{"0": [1, 0, 1, 4, 42, 54, 32, 35, 26, 38, 2, 1, 3, 1]}, null, null, 70, false, [], false, 0, [], null, 0, 1744255088.6188388, 0, {}]
[{"0": [3, 4, 2, 4, 2, 4, 40, 39, 38, 37, 2, 2, 4, 4]}, null, null, 70, false, [], false, 0, [], null, 0, 1744255088.8096862, 0, {}]
[{"0": [2, 1, 0, 2, 1, 1, 0, 4, 3, 2, 37, 28, 41, 1]}, null, null, 71, false, [], false, 0, [], null, 0, 1744255088.9887578, 0, {}]
[{"0": [17, 29, 41, 36, 37, 30, 37, 30, 31, 30, 33, 30, 2, 5]}, null, null, 72, false, [], false, 0, [], null, 0, 1744255089.1548595, 0, {}]
[{"0": [1, 1, 1, 0, 4, 1, 3, 4, 3, 35, 38, 2, 2, 2]}, null, null, 72, false, [], false, 0, [], null, 0, 1744255089.3483043, 0, {}]
[{"0": [1, 0, 3, 2, 1, 1, 1, 2, 2, 2, 0, 31, 29, 1]}, null, null, 73, false, [], false, 0, [], null, 0, 1744255089.5376074, 0, {}]
[{"0": [0, 0, 30, 32, 35, 33, 36, 3, 1, 2, 1, 5, 2, 2]}, null, null, 73, false, [], false, 0, [], null, 0, 1744255089.7124777, 0, {}]
[{"0": [2, 2, 37, 43, 1, 0, 3, 5, 2, 4, 0, 3, 0, 0]}, null, null, 74, false, [], false, 0, [], null, 0, 1744255089.8974266, 0, {}]
[{"0": [2, 3, 43, 34, 22, 27, 2, 3, 2, 0, 0, 1, 2, 1]}, null, null, 75, false, [], false, 0, [], null, 0, 1744255090.0815253, 0, {}]
[{"0": [1, 2, 2, 2, 3, 1, 37, 45, 35, 38, 0, 1, 2, 1]}, null, null, 75, false, [], false, 0, [], null, 0, 1744255090.268253, 0, {}]
[{"0": [4, 3, 5, 2, 1, 1, 1, 0, 5, 27, 1, 2, 1, 1]}, null, null, 76, false, [], false, 0, [], null, 0, 1744255090.456419, 0, {}]
[{"0": [0, 2, 4, 2, 6, 2, 23, 28, 25, 28, 37, 29, 35, 3]}, null, null, 77, false, [], false, 0, [], null, 0, 1744255090.6271105, 0, {}]
[{"0": [2, 0, 0, 3, 4, 6, 1, 35, 32, 1, 1, 2, 0, 3]}, null, null, 77, false, [], false, 0, [], null, 0, 1744255090.8177555, 0, {}]
[{"0": [2, 1, 0, 2, 1, 1, 1, 3, 2, 47, 28, 30, 32, 35]}, null, null, 78, false, [], false, 0, [], null, 0, 1744255091.0062358, 0, {}]
[{"0": [3, 0, 1, 23, 35, 3, 1, 3, 1, 2, 0, 0, 3, 3]}, null, null, 78, false, [], false, 0, [], null, 0, 1744255091.181031, 0, {}]
[{"0": [3, 0, 2, 2, 3, 0, 4, 2, 1, 6, 3, 1, 2, 24]}, null, null, 79, false, [], false, 0, [], null, 0, 1744255091.359043, 0, {}]
[{"0": [2, 0, 1, 2, 1, 1, 1, 2, 1, 0, 3, 1, 0, 22]}, null, null, 80, false, [], false, 0, [], null, 0, 1744255091.5470648, 0, {}]
[{"0": [4, 4, 32, 34, 39, 1, 2, 2, 3, 4, 4, 2, 1, 0]}, null, null, 80, false, [], false, 0, [], null, 0, 1744255091.742955, 0, {}]
[{"0": [0, 1, 1, 38, 38, 1, 2, 3, 1, 1, 2, 2, 4, 3]}, null, null, 81, false, [], false, 0, [], null, 0, 1744255091.9128203, 0, {}]
[{"0": [1, 5, 1, 1, 2, 0, 5, 1, 0, 32, 1, 0, 1, 1]}, null, null, 81, false, [], false, 0, [], null, 0, 1744255092.1049654, 0, {}]
[{"0": [3, 3, 1, 28, 34, 25, 1, 3, 1, 3, 2, 1, 1, 1]}, null, null, 82, false, [], false, 0, [], null, 0, 1744255092.281381, 0, {}]
[{"0": [4, 2, 1, 0, 0, 1, 1, 2, 0, 2, 1, 28, 37, 2]}, null, null, 83, false, [], false, 0, [], null, 0, 1744255092.4737437, 0, {}]
[{"0": [4, 1, 0, 1, 4, 4, 0, 4, 30, 4, 1, 3, 0, 4]}, null, null, 83, false, [], false, 0, [], null, 0, 1744255092.6531475, 0, {}]
[{"0": [4, 2, 1, 2, 2, 1, 1, 1, 1, 5, 21, 29, 43, 1]}, null, null, 84, false, [], false, 0, [], null, 0, 1744255092.842406, 0, {}]
[{"0": [1, 2, 2, 1, 0, 5, 3, 37, 40, 41, 35, 3, 2, 2]}, null, null, 84, false, [], false, 0, [], null, 0, 1744255093.0140224, 0, {}]
[{"0": [1, 2, 3, 2, 2, 0, 2, 1, 1, 31, 30, 45, 23, 33]}, null, null, 85, false, [], false, 0, [], null, 0, 1744255093.2023222, 0, {}]
[{"0": [0, 3, 1, 36, 21, 27, 33, 40, 36, 33, 40, 38, 33, 48]}, null, null, 86, false, [], false, 0, [], null, 0, 1744255093.3934238, 0, {}]
[{"0": [1, 0, 5, 25, 31, 26, 31, 35, 41, 45, 1, 0, 2, 0]}, null, null, 86, false, [], false, 0, [], null, 0, 1744255093.5692928, 0, {}]
[{"0": [1, 0, 4, 1, 4, 34, 4, 5, 3, 1, 2, 0, 2, 0]}, null, null, 87, false, [], false, 0, [], null, 0, 1744255093.7595239, 0, {}]
[{"0": [4, 2, 2, 4, 1, 3, 2, 5, 0, 25, 25, 24, 3, 3]}, null, null, 87, false, [], false, 0, [], null, 0, 1744255093.9343808, 0, {}]
[{"0": [1, 3, 1, 0, 1, 2, 2, 1, 1, 1, 0, 4, 2, 31]}, null, null, 88, false, [], false, 0, [], null, 0, 1744255094.1163647, 0, {}]
[{"0": [3, 2, 2, 2, 3, 4, 3, 1, 39, 3, 3, 2, 5, 1]}, null, null, 89, false, [], false, 0, [], null, 0, 1744255094.3016756, 0, {}]
[{"0": [1, 1, 2, 1, 3, 3, 1, 0, 0, 0, 1, 32, 39, 39]}, null, null, 89, false, [], false, 0, [], null, 0, 1744255094.473154, 0, {}]
[{"0": [1, 1, 2, 0, 2, 2, 1, 0, 0, 2, 2, 2, 3, 27]}, null, null, 90, false, [], false, 0, [], null, 0, 1744255094.6673725, 0, {}]
[{"0": [2, 4, 0, 1, 13, 28, 34, 30, 36, 35, 2, 3, 2, 0]}, null, null, 90, false, [], false, 0, [], null, 0, 1744255094.8570316, 0, {}]
[{"0": [4, 2, 1, 4, 32, 1, 1, 0, 2, 2, 1, 2, 0, 1]}, null, null, 91, false, [], false, 0, [], null, 0, 1744255095.042653, 0, {}]
[{"0": [1, 2, 5, 1, 5, 1, 44, 39, 41, 34, 55, 32, 37, 38]}, null, null, 92, false, [], false, 0, [], null, 0, 1744255095.2101207, 0, {}]
[{"0": [2, 0, 43, 38, 27, 23, 43, 38, 43, 43, 39, 42, 0, 1]}, null, null, 92, false, [], false, 0, [], null, 0, 1744255095.3917167, 0, {}]
[{"0": [0, 2, 2, 1, 3, 2, 3, 2, 4, 1, 2, 36, 30, 36]}, null, null, 93, false, [], false, 0, [], null, 0, 1744255095.5969985, 0, {}]
[{"0": [1, 1, 2, 0, 1, 2, 0, 3, 1, 0, 31, 28, 36, 35]}, null, null, 93, false, [], false, 0, [], null, 0, 1744255095.7734406, 0, {}]
[{"0": [2, 3, 3, 2, 2, 2, 2, 1, 0, 4, 2, 35, 27, 1]}, null, null, 94, false, [], false, 0, [], null, 0, 1744255095.949319, 0, {}]
[{"0": [0, 2, 1, 1, 39, 35, 27, 41, 41, 34, 2, 3, 1, 2]}, null, null, 95, false, [], false, 0, [], null, 0, 1744255096.1415153, 0, {}]
[{"0": [3, 3, 34, 43, 39, 1, 0, 2, 3, 3, 2, 2, 1, 3]}, null, null, 95, false, [], false, 0, [], null, 0, 1744255096.3106856, 0, {}]
[{"0": [1, 1, 1, 32, 41, 38, 39, 1, 1, 2, 4, 1, 0, 4]}, null, null, 96, false, [], false, 0, [], null, 0, 1744255096.5003963, 0, {}]
[{"0": [1, 6, 5, 0, 0, 0, 2, 2, 1, 1, 43, 2, 1, 0]}, null, null, 96, false, [], false, 0, [], null, 0, 1744255096.6945577, 0, {}]
[{"0": [1, 3, 1, 5, 2, 2, 1, 1, 2, 2, 2, 1, 0, 35]}, null, null, 97, false, [], false, 0, [], null, 0, 1744255096.8692143, 0, {}]
[{"0": [2, 1, 33, 1, 2, 2, 0, 0, 3, 2, 2, 1, 1, 2]}, null, null, 98, false, [], false, 0, [], null, 0, 1744255097.05507, 0, {}]
[{"0": [0, 4, 3, 25, 35, 30, 38, 37, 33, 39, 38, 49, 2, 2]}, null, null, 98, false, [], false, 0, [], null, 0, 1744255097.2341814, 0, {}]
[{"0": [2, 1, 0, 4, 1, 8, 0, 2, 1, 4, 3, 28, 37, 36]}, null, null, 99, false, [], false, 0, [], null, 0, 1744255097.4171314, 0, {}]
[{"0": [3, 2, 0, 3, 3, 2, 38, 3, 1, 1, 4, 2, 2, 0]}, null, null, 99, false, [], false, 0, [], null, 0, 1744255097.6050081, 0, {}]
[{"0": [2, 3, 3, 4, 2, 0, 1, 4, 1, 1, 35, 29, 41, 36]}, null, null, 100, false, [], false, 0, [], null, 0, 1744255097.7845843, 0, {}]
[{"0": [1, 1, 0, 1, 28, 36, 41, 26, 2, 2, 2, 2, 3, 1]}, null, null, 101, false, [], false, 0, [], null, 0, 1744255097.977195, 0, {}]
[{"0": [3, 1, 1, 0, 1, 36, 47, 35, 33, 36, 38, 41, 32, 30]}, null, null, 101, false, [], false, 0, [], null, 0, 1744255098.1592493, 0, {}]
[{"0": [2, 2, 1, 0, 0, 1, 0, 2, 3, 2, 2, 1, 2, 33]}, null, null, 102, false, [], false, 0, [], null, 0, 1744255098.3393862, 0, {}]
[{"0": [1, 3, 2, 2, 2, 2, 1, 1, 1, 3, 1, 5, 5, 26]}, null, null, 102, false, [], false, 0, [], null, 0, 1744255098.5245254, 0, {}]
[{"0": [1, 0, 3, 1, 3, 1, 41, 46, 40, 39, 39, 4, 2, 2]}, null, null, 103, false, [], false, 0, [], null, 0, 1744255098.708254, 0, {}]
[{"0": [2, 0, 3, 0, 2, 33, 41, 40, 2, 1, 2, 0, 0, 2]}, null, null, 104, false, [], false, 0, [], null, 0, 1744255098.8732781, 0, {}]
[{"0": [1, 1, 32, 34, 39, 29, 2, 4, 1, 1, 2, 1, 1, 2]}, null, null, 104, false, [], false, 0, [], null, 0, 1744255099.0671828, 0, {}]
[{"0": [30, 49, 3, 6, 0, 6, 3, 3, 3, 3, 2, 0, 3, 1]}, null, null, 105, false, [], false, 0, [], null, 0, 1744255099.2621896, 0, {}]
[{"0": [3, 2, 32, 34, 37, 3, 3, 3, 2, 1, 0, 1, 1, 4]}, null, null, 105, false, [], false, 0, [], null, 0, 1744255099.4374623, 0, {}]
[{"0": [1, 1, 0, 1, 2, 1, 1, 43, 41, 42, 36, 2, 1, 3]}, null, null, 106, false, [], false, 0, [], null, 0, 1744255099.624551, 0, {}]
[{"0": [3, 3, 3, 1, 5, 5, 1, 0, 1, 2, 1, 4, 30, 36]}, null, null, 107, false, [], false, 0, [], null, 0, 1744255099.8073897, 0, {}]
[{"0": [3, 0, 28, 31, 0, 1, 3, 3, 1, 2, 0, 2, 5, 2]}, null, null, 107, false, [], false, 0, [], null, 0, 1744255099.9811358, 0, {}]
[{"0": [3, 0, 1, 2, 1, 2, 2, 1, 3, 1, 4, 1, 3, 29]}, null, null, 108, false, [], false, 0, [], null, 0, 1744255100.1689537, 0, {}]
[{"0": [4, 0, 1, 0, 0, 1, 2, 3, 3, 1, 2, 1, 0, 37]}, null, null, 108, false, [], false, 0, [], null, 0, 1744255100.3615239, 0, {}]
[{"0": [2, 6, 2, 2, 3, 1, 1, 4, 1, 3, 3, 44, 42, 2]}, null, null, 109, false, [], false, 0, [], null, 0, 1744255100.5400274, 0, {}]
[{"0": [1, 1, 1, 0, 44, 38, 37, 1, 1, 5, 2, 1, 3, 3]}, null, null, 110, false, [], false, 0, [], null, 0, 1744255100.7252104, 0, {}]
[{"0": [4, 1, 2, 2, 1, 1, 3, 3, 0, 5, 4, 4, 2, 36]}, null, null, 110, false, [], false, 0, [], null, 0, 1744255100.9008014, 0, {}]
[{"0": [0, 3, 1, 1, 3, 1, 33, 3, 2, 5, 0, 2, 0, 2]}, null, null, 111, false, [], false, 0, [], null, 0, 1744255101.086453, 0, {}]
[{"0": [2, 2, 1, 4, 3, 37, 3, 1, 2, 2, 1, 1, 2, 2]}, null, null, 111, false, [], false, 0, [], null, 0, 1744255101.2719078, 0, {}]
[{"0": [3, 0, 2, 1, 3, 2, 3, 1, 4, 31, 38, 25, 39, 43]}, null, null, 112, false, [], false, 0, [], null, 0, 1744255101.4541419, 0, {}]
[{"0": [0, 1, 2, 0, 2, 0, 1, 0, 2, 0, 2, 27, 32, 35]}, null, null, 113, false, [], false, 0, [], null, 0, 1744255101.625962, 0, {}]
[{"0": [2, 4, 3, 3, 1, 0, 2, 4, 4, 35, 39, 28, 34, 0]}, null, null, 113, false, [], false, 0, [], null, 0, 1744255101.825089, 0, {}]
[{"0": [0, 2, 4, 1, 4, 2, 3, 0, 34, 27, 32, 4, 2, 0]}, null, null, 114, false, [], false, 0, [], null, 0, 1744255102.007569, 0, {}]
[{"0": [2, 3, 6, 1, 3, 3, 2, 1, 4, 1, 35, 29, 24, 35]}, null, null, 114, false, [], false, 0, [], null, 0, 1744255102.1900408, 0, {}]
[{"0": [0, 0, 0, 3, 3, 1, 2, 1, 0, 2, 1, 34, 33, 27]}, null, null, 115, false, [], false, 0, [], null, 0, 1744255102.3686922, 0, {}]
[{"0": [1, 3, 3, 1, 33, 36, 39, 23, 57, 40, 2, 1, 5, 0]}, null, null, 116, false, [], false, 0, [], null, 0, 1744255102.5583243, 0, {}]
[{"0": [4, 4, 1, 1, 2, 1, 33, 43, 5, 2, 2, 2, 1, 5]}, null, null, 116, false, [], false, 0, [], null, 0, 1744255102.7465997, 0, {}]
[{"0": [1, 2, 0, 0, 2, 35, 35, 40, 33, 43, 34, 1, 2, 1]}, null, null, 117, false, [], false, 0, [], null, 0, 1744255102.9244375, 0, {}]
[{"0": [4, 1, 1, 3, 2, 2, 3, 33, 27, 40, 3, 1, 1, 3]}, null, null, 117, false, [], false, 0, [], null, 0, 1744255103.1134071, 0, {}]
[{"0": [3, 4, 1, 1, 4, 35, 25, 3, 2, 3, 3, 1, 2, 0]}, null, null, 118, false, [], false, 0, [], null, 0, 1744255103.2801611, 0, {}]
[{"0": [2, 2, 3, 3, 1, 2, 0, 30, 33, 38, 35, 29, 0, 0]}, null, null, 119, false, [], false, 0, [], null, 0, 1744255103.4615903, 0, {}]
[{"0": [3, 1, 41, 31, 1, 3, 1, 0, 0, 1, 2, 2, 1, 2]}, null, null, 119, false, [], false, 0, [], null, 0, 1744255103.6420033, 0, {}]
[{"0": [6, 5, 2, 2, 5, 36, 28, 3, 2, 2, 2, 2, 2, 1]}, null, null, 120, false, [], false, 0, [], null, 0, 1744255103.8350377, 0, {}]
[{"0": [3, 2, 0, 3, 3, 0, 2, 2, 32, 32, 45, 29, 2, 0]}, null, null, 120, false, [], false, 0, [], null, 0, 1744255104.0169845, 0, {}]
[{"0": [1, 1, 3, 53, 26, 42, 40, 2, 1, 1, 1, 0, 2, 1]}, null, null, 121, false, [], false, 0, [], null, 0, 1744255104.200765, 0, {}]
[{"0": [1, 0, 4, 4, 1, 0, 2, 0, 1, 36, 32, 29, 35, 14]}, null, null, 122, false, [], false, 0, [], null, 0, 1744255104.390986, 0, {}]
[{"0": [19, 40, 28, 32, 0, 0, 1, 1, 2, 1, 5, 2, 1, 1]}, null, null, 122, false, [], false, 0, [], null, 0, 1744255104.5811276, 0, {}]
[{"0": [0, 1, 1, 0, 2, 3, 6, 4, 4, 2, 2, 1, 3, 37]}, null, null, 123, false, [], false, 0, [], null, 0, 1744255104.7580245, 0, {}]
[{"0": [3, 2, 0, 55, 37, 34, 30, 29, 27, 24, 39, 41, 34, 34]}, null, null, 123, false, [], false, 0, [], null, 0, 1744255104.9385276, 0, {}]
[{"0": [2, 2, 2, 1, 4, 6, 0, 1, 2, 1, 0, 39, 31, 26]}, null, null, 124, false, [], false, 0, [], null, 0, 1744255105.1178713, 0, {}]
[{"0": [3, 0, 3, 0, 3, 1, 3, 0, 0, 3, 3, 36, 39, 38]}, null, null, 125, false, [], false, 0, [], null, 0, 1744255105.309205, 0, {}]
[{"0": [3, 3, 3, 1, 5, 4, 2, 1, 37, 31, 39, 2, 1, 2]}, null, null, 125, false, [], false, 0, [], null, 0, 1744255105.4903204, 0, {}]
[{"0": [1, 2, 2, 1, 34, 56, 37, 42, 40, 27, 37, 35, 50, 31]}, null, null, 126, false, [], false, 0, [], null, 0, 1744255105.680421, 0, {}]
[{"0": [0, 6, 1, 0, 40, 35, 43, 41, 40, 41, 43, 1, 3, 0]}, null, null, 127, false, [], false, 0, [], null, 0, 1744255105.8601282, 0, {}]
[{"0": [2, 1, 1, 0, 0, 3, 3, 26, 34, 29, 30, 6, 0, 2]}, null, null, 127, false, [], false, 0, [], null, 0, 1744255106.0418043, 0, {}]
[{"0": [2, 0, 2, 3, 3, 0, 1, 33, 25, 1, 0, 2, 1, 0]}, null, null, 128, false, [], false, 0, [], null, 0, 1744255106.216238, 0, {}]
[{"0": [2, 0, 1, 1, 0, 2, 1, 1, 0, 0, 33, 54, 37, 2]}, null, null, 128, false, [], false, 0, [], null, 0, 1744255106.4121137, 0, {}]
[{"0": [3, 26, 42, 32, 21, 40, 33, 28, 31, 36, 24, 41, 30, 34]}, null, null, 129, false, [], false, 0, [], null, 0, 1744255106.5796578, 0, {}]
[{"0": [5, 1, 2, 1, 1, 1, 3, 1, 2, 1, 3, 33, 3, 3]}, null, null, 130, false, [], false, 0, [], null, 0, 1744255106.7749298, 0, {}]
[{"0": [2, 2, 1, 1, 1, 37, 40, 26, 30, 36, 1, 1, 2, 0]}, null, null, 130, false, [], false, 0, [], null, 0, 1744255106.943662, 0, {}]
[{"0": [2, 4, 3, 2, 1, 3, 5, 2, 0, 33, 25, 32, 0, 0]}, null, null, 131, false, [], false, 0, [], null, 0, 1744255107.1369443, 0, {}]
[{"0": [4, 0, 4, 5, 2, 3, 3, 1, 1, 1, 1, 41, 29, 46]}, null, null, 131, false, [], false, 0, [], null, 0, 1744255107.3288238, 0, {}]
[{"0": [2, 6, 34, 0, 0, 0, 4, 2, 0, 2, 3, 0, 1, 2]}, null, null, 132, false, [], false, 0, [], null, 0, 1744255107.4933379, 0, {}]
[{"0": [3, 2, 2, 4, 1, 5, 2, 1, 1, 2, 4, 2, 0, 41]}, null, null, 133, false, [], false, 0, [], null, 0, 1744255107.6871355, 0, {}]
[{"0": [1, 0, 1, 2, 3, 0, 0, 1, 36, 37, 32, 41, 33, 42]}, null, null, 133, false, [], false, 0, [], null, 0, 1744255107.8774755, 0, {}]
[{"0": [2, 1, 1, 0, 1, 34, 33, 18, 37, 34, 21, 1, 1, 1]}, null, null, 134, false, [], false, 0, [], null, 0, 1744255108.056479, 0, {}]
[{"0": [6, 2, 3, 0, 0, 4, 1, 28, 5, 2, 1, 1, 2, 0]}, null, null, 134, false, [], false, 0, [], null, 0, 1744255108.2485702, 0, {}]
[{"0": [2, 2, 2, 3, 2, 27, 1, 1, 0, 0, 2, 2, 3, 2]}, null, null, 135, false, [], false, 0, [], null, 0, 1744255108.4179983, 0, {}]
[{"0": [1, 2, 2, 1, 1, 1, 32, 38, 49, 31, 38, 33, 39, 34]}, null, null, 136, false, [], false, 0, [], null, 0, 1744255108.604733, 0, {}]
[{"0": [1, 2, 2, 2, 2, 4, 3, 2, 1, 0, 4, 2, 4, 39]}, null, null, 136, false, [], false, 0, [], null, 0, 1744255108.785404, 0, {}]
[{"0": [3, 0, 1, 2, 3, 40, 31, 29, 2, 1, 3, 3, 2, 0]}, null, null, 137, false, [], false, 0, [], null, 0, 1744255108.97771, 0, {}]
[{"0": [1, 0, 1, 2, 1, 29, 30, 35, 32, 46, 28, 37, 39, 2]}, null, null, 137, false, [], false, 0, [], null, 0, 1744255109.1596253, 0, {}]
[{"0": [2, 1, 1, 23, 27, 2, 2, 4, 1, 3, 3, 0, 1, 1]}, null, null, 138, false, [], false, 0, [], null, 0, 1744255109.3419085, 0, {}]
[{"0": [0, 1, 1, 3, 1, 4, 2, 2, 1, 5, 36, 4, 1, 0]}, null, null, 139, false, [], false, 0, [], null, 0, 1744255109.5242884, 0, {}]
[{"0": [1, 1, 1, 3, 2, 2, 3, 0, 1, 3, 36, 38, 28, 35]}, null, null, 139, false, [], false, 0, [], null, 0, 1744255109.706854, 0, {}]
[{"0": [1, 1, 1, 1, 1, 1, 32, 0, 0, 2, 2, 1, 4, 4]}, null, null, 140, false, [], false, 0, [], null, 0, 1744255109.8872495, 0, {}]
[{"0": [0, 4, 2, 2, 4, 1, 2, 1, 1, 1, 2, 2, 1, 2]}, null, null, 140, false, [], false, 0, [], null, 0, 1744255110.075555, 0, {}]
[{"0": [0, 1, 4, 30, 31, 32, 26, 39, 36, 29, 2, 2, 4, 1]}, null, null, 141, false, [], false, 0, [], null, 0, 1744255110.2649674, 0, {}]
[{"0": [2, 0, 2, 3, 1, 4, 2, 2, 0, 33, 36, 41, 47, 27]}, null, null, 142, false, [], false, 0, [], null, 0, 1744255110.4464679, 0, {}]
[{"0": [3, 1, 3, 2, 2, 3, 1, 2, 1, 5, 6, 1, 3, 36]}, null, null, 142, false, [], false, 0, [], null, 0, 1744255110.6145453, 0, {}]
[{"0": [0, 3, 4, 4, 3, 2, 1, 0, 1, 4, 3, 2, 37, 34]}, null, null, 143, false, [], false, 0, [], null, 0, 1744255110.805029, 0, {}]
[{"0": [3, 3, 1, 1, 1, 3, 3, 1, 1, 2, 2, 3, 1, 37]}, null, null, 143, false, [], false, 0, [], null, 0, 1744255110.991649, 0, {}]
[{"0": [3, 1, 3, 0, 35, 18, 3, 2, 3, 1, 0, 2, 5, 1]}, null, null, 144, false, [], false, 0, [], null, 0, 1744255111.1841414, 0, {}]
[{"0": [1, 3, 4, 2, 3, 31, 27, 27, 35, 37, 45, 41, 28, 1]}, null, null, 145, false, [], false, 0, [], null, 0, 1744255111.363979, 0, {}]
[{"0": [1, 4, 4, 2, 9, 2, 4, 3, 42, 0, 2, 3, 2, 2]}, null, null, 145, false, [], false, 0, [], null, 0, 1744255111.530674, 0, {}]
[{"0": [0, 0, 0, 0, 1, 34, 4, 4, 0, 1, 1, 1, 0, 0]}, null, null, 146, false, [], false, 0, [], null, 0, 1744255111.7185705, 0, {}]
[{"0": [1, 2, 0, 1, 2, 4, 1, 3, 36, 32, 3, 1, 2, 2]}, null, null, 146, false, [], false, 0, [], null, 0, 1744255111.9149802, 0, {}]
[{"0": [2, 1, 0, 2, 1, 47, 31, 28, 37, 24, 36, 31, 37, 38]}, null, null, 147, false, [], false, 0, [], null, 0, 1744255112.0910473, 0, {}]
[{"0": [3, 2, 0, 1, 3, 0, 2, 3, 0, 1, 4, 40, 3, 2]}, null, null, 148, false, [], false, 0, [], null, 0, 1744255112.2750971, 0, {}]
[{"0": [2, 1, 3, 2, 29, 41, 37, 2, 1, 2, 1, 0, 3, 1]}, null, null, 148, false, [], false, 0, [], null, 0, 1744255112.460127, 0, {}]
[{"0": [1, 3, 3, 0, 36, 37, 41, 27, 35, 31, 33, 28, 30, 0]}, null, null, 149, false, [], false, 0, [], null, 0, 1744255112.6376667, 0, {}]
[{"0": [1, 1, 0, 34, 27, 26, 36, 33, 32, 23, 31, 2, 2, 1]}, null, null, 149, false, [], false, 0, [], null, 0, 1744255112.8279529, 0, {}]
[{"0": [0, 2, 1, 3, 2, 31, 2, 2, 2, 0, 3, 0, 1, 3]}, null, null, 150, true, [], false, 0, [], null, 0, 1744255113.0165796, 0, {}]
